913
5945
631
4465
2494
13838
1741
3761
1198
821
3924
4815
2285
3979
2923
1148
4048
767
2771
3233
1262
1668
15829
721
845
3224
1520
1467
1985
1844
4862
2741
11912
4504
978
623
1560
1391
1082
4292
12460
2017
4402
2669
5212
465
3718
1966
1246
2173
1174
6372
627
549
2767
1746
560
909
1031
13136
3551
2085
2159
1990
4975
699
5225
1804
6110
1978
2186
3163
741
41221
2663
2725
897
386
2229
1843
403
5038
2993
4979
547
1324
10647
1183
935
173
1033
1753
3262
2459
3525
3891
802
913
3786
2111
3191
3673
3788
2286
3823
6224
2988
1236
1231
1082
2263
2034
1926
9261
653
3748
7461
5780
4407
12110
11116
10779
7607
1826
2471
1032
3753
1118
6838
12446
395
919
1277
3061
4893
3771
1634
968
2249
4103
1919
6159
1192
905
1309
1770
1353
2041
543
413
437
1700
5662
1685
5218
4319
10709
1937
5329
12589
457
4095
650
1753
2531
1338
1982
661
987
2277
891
7154
1239
3082
2675
2673
2516
2029
6057
8590
1733
2435
2635
1530
1672
2414
5925
1728
3558
271
3376
3429
6660
1412
695
6801
985
595
939
2444
1396
4934
2896
1746
295
1599
2175
4166
2213
6005
589
1010
2226
1821
1553
3638
2301
2868
1280
3776
3514
2556
3077
1240
13470
4746
1983
8049
1125
1548
4829
15989
4553
1404
728
996
1531
1452
8276
6939
1956
473
2020
587
4388
2570
4999
2203
11055
946
1292
2034
6278
9313
1660
874
1101
5683
1422
2244
3828
2532
906
887
590
2732
1752
3024
1300
764
5193
10001
785
6845
5994
560
378
875
4340
1625
1204
14853
1656
1318
4202
644
2430
1432
360
3848
703
2529
1322
1195
6966
6123
1270
811
1360
2868
1992
1562
6433
3805
3738
2814
672
2945
2138
1530
563
856
2354
1992
9126
2318
82780
1112
2453
10855
3605
1464
1040
2004
501
5669
1077
3428
1967
2875
2157
989
1838
429
1023
33622
1237
1875
600
781
533
418
708
8631
613
993
2704
499
1407
4192
2584
691
929
4430
773
10776
1270
2936
3472
855
2479
1262
1792
1657
1223
264
9122
2243
649
2008
1746
507
1930
329
3761
983
583
389
306
2369
1830
761
270
409
1714
1735
1059
9058
2191
1906
2201
1373
1880
2216
1956
350
2733
8143
11121
796
692
1035
599
770
1350
924
572
1642
307
9544
756
1686
1009
2307
921
2489
8299
3894
1491
718
506
2067
1635
1216
1270
1800
483
3062
2420
4437
1146
3365
7389
2252
3796
2255
2247
1947
956
2050
1163
1354
2117
189
1146
1181
1203
1094
8333
2668
867
1077
12488
1351
1767
1782
8625
3001
351
3065
1479
1826
1236
969
1564
8827
2078
536
5362
8872
898
5067
1006
1402
305
2451
986
779
2093
1604
1173
1946
1272
2541
3017
1778
7529
1470
2493
1334
3311
565
1222
4664
1530
2362
1693
1321
258
3199
2280
2413
2617
2442
1351
564
2054
1633
1728
678
5527
1130
2176
908
3032
1231
228
611
4713
7541
2505
829
675
1772
1806
3102
4421
863
2474
1681
1660
2576
4860
650
753
509
3005
2607
3444
2460
4150
3757
1028
4082
2077
1851
2630
11438
853
1592
11789
595
6641
680
592
867
318
2473
4421
3232
3896
2635
825
461
1103
2782
1097
5353
1134
1412
1444
351
1890
1650
4229
2002
4746
6032
2484
5641
2058
1385
2129
1020
6219
2378
2698
1120
2105
1480
758
1767
1996
1039
2361
1606
5994
958
5204
1610
2365
692
672
2224
3655
417
563
1795
658
6782
1558
2054
721
3042
1683
165
11190
3059
1323
1852
680
1040
732
1199
1052
2869
20219
847
2367
1630
941
1409
2895
5343
1518
445
765
1606
259
1426
2303
1000
1800
858
874
531
3094
1043
3593
1960
1610
2078
4878
1663
5240
1832
1857
1606
1853
258
1085
1154
963
14737
2068
11681
661
3495
1373
420
714
2485
4381
1381
755
3544
1309
1534
1061
2698
2750
4131
1210
1082
438
9878
3334
1829
2598
546
3275
2056
1827
2694
988
949
2381
1559
3283
3545
719
3070
1859
3268
1815
2580
1763
2275
911
2219
1819
2341
5414
1382
713
3998
2971
1551
15171
536
755
3437
1262
2082
334
8369
1532
955
3442
22615
526
2185
11338
26937
4156
2445
1558
1091
2575
3597
1049
870
1634
1618
8115
456
1984
5198
1551
1424
1652
3809
3737
521
1265
3087
14643
3952
2248
16735
956
21886
622
2573
10350
4107
593
1416
1382
708
170455
636
3468
2657
2441
1914
21226
2378
2254
1148
3489
8449
309
1400
3001
3866
1404
1450
1808
1016
1530
978
514
1270
2415
934
990
1604
2983
967
511
4147
1365
2020
1041
10736
704
2744
1765
2668
2082
651
1374
474
5524
4184
645
3516
1233
4895
1066
422
3839
1116
2789
10634
5652
5381
2323
3336
1285
12359
1297
2476
2014
4408
1581
1079
694
19710
5132
1611
1459
6116
744
1917
1236
323
2163
1645
2353
1725
8848
1411
1368
10669
6047
1928
5022
2585
4686
1637
1548
1241
2972
2139
1851
1520
323
2401
4772
3914
1927
631
1690
887
2406
2942
6749
7740
1474
5395
9514
3237
9490
1770
2571
664
3785
1202
469
1309
6401
4462
940
1047
1969
5904
2394
1845
1815
1301
416
5162
4744
2820
3003
3559
2260
1813
1004
1592
1299
2065
1662
475
1373
476
2327
618
1676
2783
453
518
973
1541
375
5758
4705
2588
4052
7280
4837
646
8584
2119
1167
2786
1501
1498
9067
2622
3754
1670
2202
1198
384
763
1344
950
5431
426
1141
4822
1493
429
1614
8285
17277
1148
715
2120
7975
11560
1331
11271
930
413
1820
2748
1630
5102
1228
1827
1568
1064
1070
1078
10812
2697
3755
565
610
2356
1827
6687
468
630
1574
2204
2548
1925
10076
913
940
2301
1125
1138
886
2399
3303
1139
1932
821
3250
1435
1521
2482
2383
2154
2112
7172
1223
1765
391
1228
933
407
3165
1057
1623
3267
1811
1284
1379
703
1476
1173
1610
810
3977
2588
401
14000
1562
2067
3551
2292
3034
1983
1962
1653
1976
580
4300
1686
12832
881
752
5522
3065
376
3892
3342
959
1218
6551
649
717
2258
997
9161
5807
821
4181
4377
5535
2373
402
1916
1877
3891
3004
939
735
1342
1208
2590
428
2613
1601
747
1101
4430
581
3333
9505
9715
1483
444
276
5511
7729
4024
3070
1673
530
430
1556
1331
2022
1310
3590
2869
572
16685
1749
2235
3922
2667
9236
1834
4020
7372
1109
433
3393
795
724
5857
3596
3247
1097
857
571
8468
1028
1664
3482
593
1465
5182
850
4532
32856
279
1222
831
1819
1589
1949
1093
8267
972
1560
1837
2104
3201
1369
1009
2881
858
4466
720
1535
5573
660
3229
423
3293
606
17592
1501
1093
69858
1428
1701
5099
519
2494
846
1184
2267
3489
2801
1885
631
949
2664
3827
749
1395
1061
405
1364
1102
1162
2769
4529
685
1958
1092
5248
347
221
828
1862
5647
298
1282
208
2416
1243
2015
17551
5949
2169
2032
1938
1944
7291
1187
3347
7634
1092
756
3908
215
5320
7383
4729
2483
427
1515
2474
7832
801
11625
442
1911
618
2861
2714
1389
1608
648
2124
3544
2095
611
2161
5527
763
435
2724
701
621
1744
3007
2967
217
1121
5717
543
3873
1989
1915
1584
669
12240
6064
2044
1054
1203
2318
4855
5907
833
711
1544
11268
949
628
5142
1531
6208
9716
1930
1309
1734
522
1550
6127
1167
1505
537
2808
1663
2671
1983
2853
24028
3654
11414
725
1503
418
3192
5077
2768
4815
3335
837
8353
6193
5007
2587
1530
2030
676
8150
4080
1427
2838
2255
10774
584
2623
8721
1440
785
1116
1596
1608
4348
3344
391
1916
1038
3303
1802
3475
2572
620
2358
597
577
889
13959
14859
1274
417
891
672
4603
557
1444
2161
4168
2019
3242
920
671
963
942
4787
3939
1512
760
614
1214
4870
436
1524
1747
10755
931
700
1339
2168
4977
4494
11418
6949
1137
1170
670
579
1707
28442
391
8280
1418
1982
5458
1352
1480
523
775
843
8700
14666
510
6525
3531
2434
923
2647
1198
1303
3370
15092
827
1010
2222
2815
1547
2197
5235
817
980
4072
1445
566
1565
7058
1416
3523
2531
6096
3834
1039
2572
552
3226
1571
582
2320
769
2029
699
439
4182
811
1560
3554
2018
981
1006
886
2447
6182
282
4666
1150
2174
7709
3650
2771
742
2069
1002
1318
628
1532
1122
1617
763
8370
756
5183
910
3537
3213
2181
2415
124493
654
2078
6440
745
1483
9165
799
5071
2542
3257
1505
3837
12344
2281
2191
7319
6817
2935
1185
13285
3332
901
3976
5333
1235
285
5445
9766
12282
3657
9263
481
3278
2856
297
2558
627
459
12145
5732
1425
8826
1680
2221
6350
1265
819
1131
1028
1574
967
1099
1622
10675
1662
2065
1049
5892
372
1007
3191
786
4781
799
771
2239
1103
4078
10409
3903
2800
2054
397
2465
5616
2376
737
1577
837
2782
2425
2737
689
798
1321
1958
1950
2926
1092
571
1167
766
2802
2005
3146
2118
870
4988
1904
726
2344
2711
2980
8202
4248
726
3243
3403
1806
577
2696
1123
2818
1885
9266
4173
1338
5691
12530
940
1270
1884
1874
1926
722
421
1770
2438
1629
884
3296
498
1642
4385
2688
5917
1364
1279
1301
2021
3333
3112
2015
2502
4551
1147
2423
6121
3036
423
815
1045
1334
1164
4706
533
2477
1681
988
1500
2865
2412
1687
3572
329
840
1450
5213
1117
1494
1455
298
1486
11304
594
4601
1306
4093
1432
1368
865
2472
940
2432
2022
3606
3067
6013
2048
3830
1079
1101
659
3007
3973
2367
5997
1965
2000
2095
1988
358
3681
577
1311
1218
1929
1646
913
2012
17131
954
2873
659
2143
521
2426
309
558
14541
5394
976
280
1958
1845
895
704
1924
741
7891
3170
450
5447
796
3426
24804
762
801
710
5344
1533
3206
6528
1022
1155
196
2766
1622
1230
706
522
2629
1068
1822
3696
5333
4051
2118
5588
2633
655
5683
1330
997
321
3074
594
3192
2209
1468
526
2121
8548
1276
3283
3476
666
4558
874
992
508
1858
6984
1027
1094
467
1739
2183
1159
11356
5137
810
3085
3456
1906
1874
2668
870
763
7613
550
39314
6725
2422
4542
2599
2410
315
2522
1539
1750
2496
901
1985
2067
248
2419
1207
775
2719
650
4177
4970
1055
8483
5242
3435
506
1947
468
2584
1464
2287
1142
1322
3290
1510
1135
7304
994
1759
481
7585
426
1294
599
1494
3983
7831
1006
1352
2626
286
1460
21243
3159
1264
4430
2498
1225
496
585
1598
2213
9133
636
2432
857
1865
4260
2903
5364
2161
1159
2369
5316
283
2104
2093
3024
2543
4688
1664
8935
1686
2874
2503
675
9196
1204
1530
807
1435
1213
1893
820
1385
5876
2395
12867
1718
413
2706
1065
1589
400
1162
425
257
7159
1162
4267
2229
2598
1264
8966
989
719
238
437
4625
12721
984
360
2941
1044
457
3884
1021
1826
2466
515
866
1562
4590
4529
1391
4824
993
1654
4391
1269
1922
2225
2139
3187
4369
1455
1435
14067
842
1516
2830
1849
1987
606
550
1559
1917
2246
3040
1971
282
2112
4118
646
4358
478
1650
1262
6489
16776
411
490
1113
4323
3038
1932
2767
3788
2477
5678
1197
1051
1305
4130
1460
771
3453
3668
4459
930
746
799
735
1297
2081
1224
5879
916
787
885
3058
1710
1102
953
7457
2427
1849
3567
3504
1929
1313
3056
11827
392
1132
2791
1675
9909
3147
1703
706
1595
988
5031
4029
2376
1341
2615
11073
2209
3405
1268
2439
414
389
926
765
1676
2757
682
3465
1542
1837
2130
1465
1004
5088
1026
1344
1654
2426
6862
1873
874
3153
905
697
1876
8524
1350
5974
1258
2066
2907
738
3732
853
647
511
2926
1913
2684
733
13600
4818
3055
1604
3244
2111
7006
2098
999
5217
1455
1173
699
1303
2001
3849
658
928
2146
825
2736
897
2446
2423
439
621
1849
1967
1792
551
5495
3003
1158
700
3318
1127
1341
5245
7404
1101
4886
7093
1461
1288
735
57083
3351
3261
4661
1119
4815
2515
1777
1687
2671
2619
3375
814
579
5766
858
750
5067
1330
1191
4371
2135
684
5903
3014
3890
850
349
818
967
4472
2045
928
1735
768
2387
4178
20706
542
736
274
8734
1178
1374
531
1630
1970
2989
9818
2436
4398
1188
2701
2443
3529
5927
6310
888
2373
12753
1683
2566
2486
355
8290
1209
1351
979
1217
5783
3010
3768
3514
753
2286
342
1511
1731
5013
511
1445
4244
2911
20798
547
8322
3076
2984
3331
590
3269
4910
2844
4120
639
2242
2037
812
1341
3158
807
1169
2206
5388
1369
10482
2583
881
5863
4104
1242
1523
2100
2903
752
2449
3100
472
1890
590
2090
488
4099
1082
910
3852
2645
2463
5839
375
1592
2476
2338
1924
792
1209
616
18556
842
1553
4419
1326
2166
2549
4310
2053
5471
2179
987
3055
1600
1307
505
5874
7674
925
4017
1273
1156
13668
435
1776
2754
5118
1527
1461
1113
1744
2237
3755
1430
326
2102
3005
10304
3007
8975
3424
11744
654
814
1140
2359
1582
2342
310
2937
4092
5538
1325
1540
1378
2360
6758
378
820
3864
1667
4881
4313
3030
638
772
1382
880
1009
1659
610
510
1462
2992
3641
8400
554
3934
1680
286
894
1567
305
1472
1420
1835
1537
1643
764
2857
999
543
5727
4795
3010
1716
894
7689
16361
494
6343
3733
1981
4086
377
1379
1718
2081
2916
1133
426
1558
1834
614
2573
3368
8626
3181
2718
3775
1987
475
1238
915
1424
2079
3612
2288
12058
1102
4764
5032
4407
2307
996
3970
4664
2918
623
3346
2489
575
1713
1759
1105
3111
2785
2269
2424
1765
6595
943
404
1623
747
2176
2686
5059
1410
2241
701
544
2300
433
2248
1560
602
4281
1894
687
1398
2114
618
1522
630
1704
6337
2999
679
1009
678
3387
1204
4451
4181
3183
9127
6838
1176
1177
9508
2035
556
2286
979
820
2489
8420
282
625
1090
2619
1746
8295
2990
5854
781
2468
3150
7813
92899
528
4035
7819
1502
5666
3891
508
2343
1610
3118
4082
1420
824
10594
4425
9098
1306
2059
4491
632
976
6820
619
438
1216
1809
1394
1980
1118
1908
3442
3535
5849
2090
1947
3714
892
2280
2615
1200
1405
1320
310
4033
1288
401
2877
328
1374
1969
6364
1077
1837
967
806
1492
815
1060
3071
1439
915
232
3823
4646
646
750
9095
970
11780
1473
506
8362
3423
1696
819
1810
1533
2521
2593
1206
3628
5320
3115
1737
6276
4448
3073
353
1840
1125
1076
5461
9357
786
5084
1625
2603
2992
2323
3873
933
2919
850
1144
4344
5684
1090
1539
817
202
1227
530
3258
1474
962
2082
4227
5431
1054
1806
10518
5508
3104
2703
3153
710
1508
3642
2638
1534
1533
1340
3273
2067
734
468
2554
4756
442
1447
1790
1201
842
1172
551
590
2926
1348
2469
2276
1270
1636
2076
951
892
2506
1262
2726
2297
1598
1344
990
6918
1027
1636
273
2139
931
1876
5669
4403
739
1835
22201
1535
4731
4504
3458
5004
957
3346
2048
390
942
2190
1348
601
6468
1876
480
2272
3262
11499
19072
1207
1216
3923
1630
5536
1502
1127
1341
940
829
6346
2451
565
1339
774
739
861
1226
3848
1642
5876
1112
2108
3213
49465
3191
1974
840
1515
543
1589
2929
4843
744
1591
3791
1106
8170
446
1362
1865
2141
1678
541
1922
1359
1260
2946
517
1307
3284
1522
358
664
1062
438
480
1556
3547
4051
3918
3616
618
2273
3061
1997
10518
1167
2611
2199
604
1975
2888
1231
672
4855
21876
4827
1365
2891
3424
1012
10171
3910
553
1958
8413
1455
2066
283
2112
6007
3977
2159
954
7476
999
2590
1130
1022
567
865
1595
1359
4003
8233
5327
3670
2974
333
7895
2615
1054
1250
1772
1395
1030
11478
1701
2337
1203
754
2772
2424
3989
3067
332
1044
3238
2312
3000
1245
3234
854
869
5698
2577
2056
339
625
1388
1653
2507
5834
3273
2932
956
3978
4372
714
567
259
848
1635
2167
995
1353
3974
2370
5961
3383
551
882
2119
1419
2522
1387
2433
844
4970
4782
891
1906
1754
3210
856
3170
588
942
4110
796
2742
5453
294
321
3120
4571
1566
9745
5148
1240
4167
3504
1648
650
503
824
2070
2046
3193
1231
4360
5033
1990
1383
2453
7412
1683
2174
2360
3445
1760
2619
1530
1751
1571
657
2319
4737
1339
440
594
1536
551
776
5064
9201
26206
1451
1531
4521
1407
1296
1569
521
7182
434
16847
2560
431
1035
758
2900
2007
7501
2266
1188
1702
4108
370
2119
3574
1364
350
1627
1460
14777
5832
1027
30872
4961
1347
1328
1005
527
1518
4252
328
1687
2592
3321
453
368
4322
786
998
3544
4936
1050
2210
342
658
585
3947
4365
1513
3697
601
2620
4973
981
1434
5602
1896
1780
2028
4944
2180
928
1939
613
1490
14709
3014
2096
2841
6946
658
877
17786
2490
1679
743
708
6397
2272
2131
2026
978
13661
2966
5625
1462
1078
1240
2297
1075
6163
625
484
982
785
999
1995
1536
1704
2143
4556
2049
620
2033
1898
2487
864
2427
900
2038
2791
1108
4331
1840
1916
420
1642
2858
1933
2361
972
4036
267
2998
8594
2005
571
1240
1489
18547
1667
1949
1768
2201
947
1110
3759
1534
12555
1787
4034
7502
2878
1678
1544
1211
1358
31056
1549
749
1172
679
9573
928
1091
2794
2206
3291
792
1422
502
3322
1052
789
911
592
1442
697
706
846
1071
2698
330321
2709
5885
2003
3307
3110
2137
2110
901
5419
824
4680
741
478
3750
495
733
850
1239
1607
30303
886
587
680
677
561
9145
2807
2293
3836
1211
2353
719
1924
3516
2159
4903
9663
1817
6065
8471
16402
1825
562
2066
2593
2032
5718
2929
742
661
10677
3101
12611
3617
1296
12893
4928
849
9172
3204
1841
1688
9241
2605
955
4930
5829
1992
381
551
7680
1460
2118
2144
2798
7976
2318
5447
3439
802
4148
2248
1582
4760
1690
377
1760
1955
634
606
2514
17670
2656
5642
3540
2176
742
1074
274
3204
1468
3588
6169
2789
3053
672
1434
694
3644
1675
437
745
4376
1197
2862
2108
1164
2207
10780
3247
562
802
569
13746
4890
3221
1131
3463
2776
1552
679
571
590
338
742
1019
639
2371
637
5273
4274
1168
1996
5381
749
1062
1234
1573
1922
888
4507
6468
1350
1714
1180
78071
2485
2192
2022
3624
2789
8499
1275
814
748
2091
3555
2110
1386
1480
1532
1068
3778
16865
3679
1364
1926
3917
33044
792
1956
22897
2779
1086
1497
1854
874
2612
4071
2897
2110
4061
2012
2454
1347
7176
3680
1303
1657
545
655
564
3267
1529
3400
1998
13665
470
5005
1789
2415
636
811
733
698
1079
10624
984
2072
1219
4280
11190
2165
317
3196
470
692
2116
6207
514
5944
3259
820
1562
401
5224
2897
2062
2976
89150
767
4274
3017
10776
523
1752
1196
1971
393
2756
3931
1304
1763
821
970
3894
654
623
7030
1385
4957
1298
4286
606
1848
1844
1513
3664
1878
976
3507
1162
2237
2691
4959
2630
2471
2660
381
744
2023
1909
500
1181
314
1603
4288
1695
543
1569
1316
7023
971
887
2155
1337
1330
1541
3626
2491
3411
2966
936
2955
2531
2654
6605
1174
604
409
3217
1926
8364
2705
6048
4443
106
1924
938
2369
4229
2594
4083
11302
2926
1601
1248
12772
5047
1480
473
22265
861
679
4509
1084
1091
552
653
382
535
1356
10390
2009
588
3283
444
395
9327
3420
547
1248
997
3647
1257
1685
1734
1085
6229
2457
474
5361
821
3540
2617
6462
1967
2272
731
869
783
4039
8464
1278
431
6572
2487
972
1077
3827
3103
807
2371
1858
2802
619
3220
3945
6168
1077
2871
2388
575
3111
33349
4008
4730
822
10053
5754
3757
1471
2211
1023
1719
1140
3096
467
1634
2646
3930
1625
736
1324
4186
1273
824
2378
1450
847
2020
509
562
2613
8917
1380
2768
654
2402
1083
573
2662
2150
10627
1105
257
6234
2158
1966
4399
1664
809
1728
1735
720
1400
1881
1655
13518
3112
1396
1767
265
3875
511
1666
1332
7999
1565
389
2272
3750
420
4145
759
550
1707
651
6277
2728
2220
5446
811
276
792
2217
2144
924
431
3373
963
2361
5591
1777
1255
1324
2807
4828
2617
799
2562
3003
7152
733
1263
1433
632
1583
4630
2240
11234
1595
3582
8265
954
1233
3059
1438
18474
2170
1838
3068
3540
1112
4366
5305
1111
4262
2549
1854
220
1718
406
438
3237
3216
2130
2078
1734
590
2674
1142
2043
862
937
10174
1085
2147
481
13338
5571
1370
906
1915
621
1134
8448
502
2834
9832
2495
41496
7054
1370
989
3789
1899
1553
645
2161
1823
1931
5295
706
771
1364
7378
5341
1485
2073
1893
431
787
1190
11748
361
917
1008
6698
432
5219
520
4093
1171
7071
4833
2577
4562
466
6299
2342
760
341
1722
2406
1767
933
2925
1931
1626
1683
2539
3337
14036
2802
4080
9788
710
1722
1494
1650
3799
2984
1099
1597
2714
2632
2751
2675
4748
975
1506
1453
2095
7212
3140
2443
2670
466
504
1239
1191
603
813
626
1526
4246
352
791
3599
2598
671
762
3310
1855
2680
14119
1717
2048
518
302
4232
3154
1063
1345
4697
9610
1375
7514
1021
7419
494
1014
3085
1657
2997
2085
9284
1811
414
1821
3056
749
13547
2372
1809
537
1508
1619
4705
2650
2985
1221
5335
1275
1369
717
567
3338
595
708
2017
7818
1289
2654
7773
3943
3585
4888
873
1563
900
2803
2696
1268
2106
8806
1325
1825
432
2774
467
1013
382
6088
7649
2618
1462
3024
4149
5703
1490
2009
1562
657
3750
3866
3096
3061
6226
2601
2315
9347
3235
6193
3159
2183
8436
3212
1824
1137
3862
7837
1149
2510
1014
6418
3405
513
3170
900
2810
438
1706
1922
18467
792
454
888
3390
985
1507
4907
8492
1535
588
3662
1277
2697
1254
3500
1486
2907
4149
1307
1164
3215
807
1926
3302
854
2814
1207
1919
2964
2204
1046
5716
1419
1036
9755
2399
2268
870
899
2443
1146
9326
5414
2402
2055
31662
521
3609
514
2169
5181
7289
4437
449
822
808
2954
4407
338
2274
8798
2253
3311
1011
547
467
4153
4454
2161
2140
13308
1635
513
7873
572
3129
13282
1146
315
2386
582
1809
4146
4140
611
3028
813
2008
2572
506
2653
972
1357
5215
1026
7725
428
2018
5483
2433
3440
2133
2153
620
2014
1284
9866
508
684
3283
5140
1543
1384
4289
404
1118
5608
3909
1845
3141
1072
9914
2012
1235
5042
3436
2811
6736
6285
545
2670
1527
1072
540
455
1111
1114
2347
5941
715
504
3189
4466
2909
3981
3258
635
1091
10190
3410
1716
2653
1527
693
838
713
625
3033
618
10976
354
4084
784
6235
481
478
1180
1298
878
1089
684
515
2640
640
2251
418
1135
598
337
891
230
4046
1765
4666
3573
1787
1299
585
646
3548
1276
589
1227
2394
1230
3155
762
3202
4803
10501
1373
530
411
1410
438
1505
1721
7606
882
2382
3639
547
5451
4324
2758
14386
2086
1656
5260
4725
1241
2046
2207
2647
4177
1934
709
662
2385
4177
1016
3016
7889
2355
8758
1717
3855
803
1429
626
1342
1251
1477453
310
3511
73779
2073
2228
1227
770
2228
1993
288
3295
1977
3830
917
2164
1196
2092
3454
1401
2726
5531
2064
2107
934
1246
2033
6814
1406
5605
1736
1369
2440
4856
698
1365
647
869
1626
2026
2505
3942
745
2266
1016
6069
477
1610
578
1405
2860
1178
3615
2554
2353
713
1302
700
7038
