96655
144468
96960
81504
122218
602291
1973883
61905
1597072
121552
671238
81018
78860
107533
54322
5432115
463529
217060
61104
153374
136117
84240
114152
182638
237477
160266
104947
870881
2296837
947045
67070
87027
230853
152312
104059
221840
95375
178634
74064
77076
902157
73631
357691
101062
76588
151948
73858
248572
251988
6915884
364270
131506
86949
721615
342750
134073
226218
347488
2659444
220406
50249
146526
3937373
744579
76390
408517
157231
191284
362013
75537
8866239
2339259
696913
1565366
62852
1073905
139066
133407
86992
116008
95191
82237
89045
240869
210461
84071
134027
201464
68240
70939
857914
107437
3786325
335778
320328
45663
73533
3285100
172354
222819
136395
335424
61867
116731
82581
113684
2571485
413853
51596
109531
2523808
4590933
890742
147547
105858
1029736
97329
8688509
53513
269122
128631
189243
2556507
53831
48127
276827
166218
87541
478947
522547
60997
798675
1817872
181622
366455
522760
67535
927557
294309
2084168
126089
96458
162825
87719
1055413
230976
74483
165996
174153
143519
46794
180186
896924
99570
237192
455936
1321212
6544491
269415
1260044
379673
2212173
157377
942819
120379
143363
59259
442205
58207
2675601
373838
574472
85356
44984
102211
253796
250427
1895796
5062980
101667
108900
480796
358869
146970
68354
101500
183788
257328
515606
74071
216694
391712
40448
8988115
31485
100788
151863
1447683
1371707
476894
218806
108206
299848
2103131
139241
109457
84441
856459
88906
4190165
242087
8145443
78588
270731
52134
193517
167987
674784
3833932
229183
117139
351029
74670
856470
382282
604501
120603
135110
85101
100932
1013749
60740
1595145
157812
58203
393720
128846
190066
462353
54762
387240
193592
1703552
170166
303830
185331
243004
4638071
76572
3022313
124546
381645
54666
100440
98949
1050062
582531
89594
446964
87623
74681
644242
285123
551660
85603
139122
255594
985335
3607444
1180674
101063
2018820
485205
57326
1867830
84304
77817
137433
50864
453084
43671
591527
72816
203017
422876
142303
109109
531795
473170
137482
1531923
303859
173720
76418
222455
3085623
79226
89758
162444
128472
192282
99111
6792778
57620
148180
186094
223722
132969
93480
147135
319868
189127
59177
210849
113154
2787857
105508
102316
818155
412372
531382
6964745
1134378
416486
58102
84801
149778
281116
124946
1950464
143992
71509
28391576
258501
337535
104993
141426
272363
2097375
471550
110748
179933
1202966
757694
1817051
57934
136465
179492
1778899
2432777
47371
3498353
111341
110810
181819
169909
81603
122368
83400
107444
163832
802307
214342
55236
22040319
15036800
156001
124254
81607
420211
485300
204192
690117
1016967
337993
247350
56252
83176
114763
101880
179159
52969
6609387
189570
52540
114049
154924
109873
91741
40672
95060
164055
90140
83706
152880
165728
107548
90951
137088
264947
97563
141955
226689
81601
76831
174427
78973
152217
1747237
2416902
1972121
88076
82349
76349
119729
11409436
50565
139725
219199
116488
66883
1008175
144462
98903
4590445
211486
86326
85471
77405
205649
26168322
121911
230293
443693
84157
81068
155533
88404
165442
463051
340905
2379417
125898
344489
351071
85190
552825
237354
131473
94494
62868
616441
306991
252155
79520
182887
184626
344852
93680
76971
2279155
248727
96707
77809
112644
86240
164335
189663
1470355
172312
209053
392293
49247
199611
278169
128674
174688
475066
66790
424018
205107
69923
167016
285848
90236
354605
1498782
280896
61410
118443
886132
266756
478179
76477
282345
362014
68314
450429
103810
628780
168344
1521558
77808
772983
257796
69294
74793
2936138
1076024
197352
57319
120778
1205762
2311627
86576
273671
106460
308171
2275675
761883
395219
193608
111804
971993
68752
218775
257319
229710
394142
405027
39846
132901
154436
517477
1265039
74340
91687
82563
122354
52709
50064
96716
2652962
526800
366512
2637442
151201
154305
191359
1117326
2246943
158996
110035
210778
786862
96389
309521
137671
135867
65530
110289
90595
226152
1151990
154258
443007
171827
220971
102122
56356
112290
155589
124301
295188
78770
828585
365090
612305
710347
114738
517359
6498121
163327
148860
3500402
4560634
112091
293756
184531
1283074
250505
88654
86705
51228
106885
2297932
157618
111066
186059
109191
2500205
1036273
294626
84537
74485
133230
3514525
80562
97059
84701
2762160
80480
298778
124299
97623
108227
146050
87880
60525
140507
775689
165887
67975
1113203
106586
726096
157776
418440
114066
467785
171558
111092
1035330
148135
99275
152584
83048
740282
2074460
616508
159941
216684
102508
224416
80958
75281
59010
99350
65289
90743
146545
22165254
204471
129547
97365
1152487
230928
1004476
163290
186275
72476
281219
116722
272503
4626726
82957
409006
240280
200272
168312
185948
15937688
87469
136070
136675
145702
110334
578309
676382
63700
110618
95951
61372
43817
331032
2916136
64188
124329
307871
861221
348055
540300
299984
532890
558735
63150
54283
122386
63360
52583
711664
56529
201792
82187
101828
145496
2215347
403511
235458
77730
192516
168814
1077492
1015988
143098
126207
826264
133395
256135
1492515
157026
227908
214729
154800
124644
622842
187761
91050
114768
119140
99262
117896
219214
378591
1767761
188999
266517
256110
7423217
390348
1707661
126668
59354
329783
202771
499686
62621
78727
781861
628733
189158
1391240
84779
819184
1091458
5239207
68440
386557
91851
208006
780095
272000
638912
121950
116587
110703
1420311
66614
300374
224559
232714
79100
463186
930359
91127
159021
206658
218791
1582253
171866
70103
3992317
109514
73725
1596788
211318
180769
55173
67519
126079
136715
1218080
111846
107744
403453
96899
722097
125345
198370
133256
270120
709343
5932662
210548
510543
191130
2663458
606979
3512232
1477982
100602
65875
91914
163465
89381
256431
2117841
394696
128873
1390239
284516
89641
435367
121538
468075
3361322
973190
1851054
216628
1755218
206925
471291
2513141
121537
152447
253133
51816
2154886
134571
1703911
53302
139226
317427
106740
294758
8555337
52586
105903
177550
334867
114029
6437358
117051
136995
53237
285350
281684
250727
160987
388942
259809
150446
923541
53319
760161
90983
78087
41776
1905246
273294
2765845
318531
356905
43960
497589
26768702
268132
620281
1102634
124481
785695
161963
210329
54563
194089
1258961
107112
94159
2374604
147860
60723
83393
125822
197680
162467
1356937
314772
289882
298166
109638
99569
545794
2621149
313585
179129
117899
76900
1060527
8360239
176834
447272
142124
473941
151978
652462
99534
1187511
89864
76169
534356
5748195
56526
1349956
207507
299536
581100
286750
590150
996670
1239038
165861
751480
96133
92191
167153
70596
109379
5247597
3120363
96213
81827
230042
130823
128710
246315
924122
1836181
291369
2745544
276975
143481
291048
344431
2891529
8014665
190644
57920
91971
91592
120164
204398
140625
60988
1333867
275821
139360
179077
1642677
134509
2785984
3643729
1086218
172184
130910
366789
4172811
111245
2802628
16863123
166078
1202379
90772
3100127
133495
108245
136874
310994
154107
59302
37001
127525
138866
4573925
93790
963409
2520838
1269586
156264
833672
114888
252784
87254
216301
132489
5132993
144636
2292018
64162
341922
2475817
432571
84018
69428
81738
100729
1418563
61514
4205996
339682
406414
144694
627912
100267
237936
947980
690261
50696
113497
429867
145080
4791181
491029
102646
112037
108711
119479
2761078
50874
149349
149912
236210
83268
71562
2242628
104190
131703
161135
658268
820194
96776
93801
574671
470928
102912
156287
4087819
246652
112783
2478427
127124
292636
2456106
97531
131826
50382
438628
902322
2110538
98389
92298
211700
146271
108783
130451
2430101
140316
10604807
142664
1172280
60776
143798
201567
367247
515688
1851479
1532455
113059
450610
82437
554665
493737
113966
451055
413934
2915591
801256
272805
407466
292153
85892
352435
216268
670996
125958
66782
113880
181783
63191
59640
78597
471256
191941
176825
469143
166604
2190070
3849696
376281
105922
1825767
61469
59123
48524
388684
167449
365847
470240
3761072
1049146
50803
531678
317819
88955
418805
58908
103451
137932
109601
635179
87546
140266
128363
72570
867597
336118
2020976
127493
4145650
109093
120379
1062452
91289
976267
1138978
86424
68583
41798
2687790
2078892
306372
67179
2663845
433906
220715
119058
1481770
180415
394210
134474
2483337
137616
164512
84293
119042
101715
178791
41936
146286
1028870
131521
88244
461814
246277
313621
86478
123421
507029
155195
125899
157277
825273
214714
336491
69805
102509
10848366
108095
295727
4832527
108069
52440
171744
133877
78692
259414
618654
99352
87245
41871
95600
100625
152968
158953
72894
195923
1073696
84334
281810
710029
137145
129124
126745
102406
83394
189097
150585
160268
90700
554483
826732
59173
81698
1104731
300527
1228736
97305
120673
112499
82082
169501
102032
184096
194910
96093
71420
72088
91316
215991
79261
59032
30490
471304
61180
144109
96107
272183
120820
472470
567314
112617
108508
94460
160669
146581
930450
255000
235850
418618
269818
1736989
514328
3499352
211869
276371
271161
66533
122970
134988
849607
265252
804988
183672
3494083
107288
6603509
487629
183496
227649
63306
143929
107098
167599
2329134
658674
2193230
131718
155158
59106
80635
90140
124300
75398
2473653
802332
72919
178375
179569
105609
137680
202187
103315
164469
119765
1586613
680842
110840
111129
67516
249425
291971
98986
526800
68365
433389
234885
117614
109655
132822
231517
199117
3484173
80481
3728960
339079
275411
197482
86382
254241
259322
123552
154622
72629
160447
395860
259775
95543
105455
97175
50763
91044
881642
15089861
177025
1518769
600663
99429
74723
652957
131266
396648
715848
3014168
443815
4877679
260849
68787
1481720
113588
228208
473706
2241823
126498
122434
190444
49347
386136
77171
702697
183323
53730
843854
93845
2342807
73796
102121
139314
116248
4762024
61711
1038051
12239800
418936
114038
289428
58527
113077
83454
483469
99750
338554
146436
143266
133974
124013
1388860
1128478
99185
43282
4304705
628873
130984
100108
88099
170476
86258
133111
138998
114118
129787
92429
135833
111563
1389626
92400
122787
2689779
2088404
746117
389417
692903
202807
142525
85096
156004
52190
2812744
340663
132165
313754
2128048
125810
195290
3898067
95961
1777268
81073
137044
145919
230264
534134
1134219
777443
101794
99884
429629
875414
295141
81082
108892
83057
123351
467832
897759
2092394
222095
495243
193765
700189
98512
40214
1442347
177755
5626268
85227
123926
4700120
167712
133412
479259
90536
58775
83911
134019
113558
774555
913300
75226
351575
171824
228484
137025
2263793
106092
1091480
115835
44989
143959
114481
64925
63762
137104
171901
997389
842015
6570627
159843
49043
119650
71428
182024
568255
4031071
85224
145188
66198
91504
95789
336345
63840
186982
492661
132110
136516
106432
461216
311175
82845
3701095
969703
129020
1174714
5006371
648055
162317
585097
104015
1212805
172717
852349
53931
214781
2343802
150052
110232
200142
992685
162752
135592
77685
107880
368209
333994
68850
116529
323809
119489
902053
1776970
95724
4418309
602867
168174
2594933
347343
140622
170344
168231
101011
166129
53926
231878
630138
799916
149961
341099
200673
143003
616729
287014
48941
98790
4052804
101293
82337
102394
49183
1537820
192293
1561275
998085
90983
2525273
73077
234916
73315
79142
94780
181458
62762
98992
75157
5472194
164557
87798
55227
1766067
1034978
121127
170073
111525
231819
70225
519037
122717
259722
113520
630836
95531
317938
102745
174062
167715
66233
150919
1774592
1752323
1229895
465112
245890
294652
175579
422371
68376
162936
211780
71653
381189
642806
908941
177010
911535
354486
37195
669065
88649
278034
195487
352333
144905
121588
80482
119224
105418
234857
152600
64586
1959555
108792
202894
94618
189458
162113
89700
439223
92450
64196
82299
112930
4529479
1324998
708889
297089
96181
47638
81818
204550
84936
272818
242508
900596
122118
76071
125673
323946
546834
595296
354757
58625
301302
4210067
76421
163228
89946
123227
701021
273040
287453
75477
156304
1104863
116384
272208
74753
606180
127572
266218
177455
77181
230984
203636
264495
110227
253482
770611
131202
172476
112503
143420
192375
133124
217827
29994
736833
143842
1131704
150425
121937
176389
607075
406391
69321
82856
3416447
224103
299915
297884
101099
176740
155923
77860
74294
214158
313518
3104419
686792
720416
633398
78087
139833
118429
355563
957400
246415
307541
139882
137375
234371
771607
1288192
84162
133250
195611
88140
151740
87323
79909
140841
148666
783948
848170
311698
276172
1061812
182364
19321845
678580
222191
169405
127233
160598
93564
57634
171635
309406
21006928
144463
162286
230289
512515
82947
117248
67152
117023
405096
57083
107737
763824
39832
80383
69773
291497
116530
239998
65347
79957
83738
223989
201603
128134
7905898
212796
1020614
191948
135834
759222
74312
110982
271883
145812
118602
75034
108619
109101
424377
61578
72023
279061
3631322
479185
94990
118153
12059826
151858
78941
1837126
221759
135684
78349
60018
159017
75740
138281
330504
108289
52587
137744
113982
1149492
4422446
248796
89894
85513
4657442
202791
87474
310455
210999
108517
445936
70015
76187
98808
107233
3417769
69387
84634
100427
150015
115557
40274
68879
92786
112590
716287
328545
201757
82224
146891
2310958
379165
229211
139188
390154
251938
3693280
285681
101784
191396
87428
31459
197520
88773
76881
1870407
78073
210800
799498
980997
116858
161181
97606
1271313
2916063
152176
297944
858841
78483
166223
164726
79490
1208264
340500
142907
175967
210924
226004
148826
83896
517637
173616
100395
108625
167928
150753
67645
4781304
104225
77862
375353
242278
120733
107974
558786
1359765
265639
77465
229073
1830268
82428
51072
359012
202088
24419862
849598
65608
1120080
860678
119748
292388
60988
179760
138166
361816
315410
32486
145755
125870
95371
307550
435118
266780
103510
84119
31515
81011
110730
216991
51134
173034
1269345
151122
75937
133963
4129239
137979
86469
89583
330054
62464
388511
65951
241462
2360238
477754
68558
53922
141597
428349
85816
490070
148431
1959895
141541
109848
170849
86736
178432
121441
175393
257562
133322
237036
79147
99923
197757
98868
133783
150461
86449
344090
207389
462257
25347629
384528
2952190
239230
19812367
383626
132274
87350
205336
613587
134919
657705
137039
82336
65171
74726
2349936
193032
132126
151671
519330
165558
33644
71275
15733034
73358
315625
123354
607782
273646
2029140
196897
53527
259471
222515
6014009
254324
72020
82467
1086056
122872
80824
355614
251625
117876
178430
204321
3935967
1797527
749730
1282957
17702148
68298
101044
1252607
2621963
353235
215156
54383
233215
61557
213583
206506
181652
296611
98638
282825
57118959
132326
183143
102138
95079
69478
1079821
106717
155575
172466
103966
80099
90044
293854
6525225
99694
121386
21299261
72291
236973
78403
64926
95057
120851
322800
113240
23695
3902253
86248
155109
827973
107482
532094
93282
14009326
40469
801373
778456
142584
468676
146794
91525
634687
1030293
221986
8837459
86475
97642
53238
118564
744868
244394
142336
974013
1876568
144556
449017
539931
132019
206080
45507
281665
86542
498519
315633
15510097
161431
199942
128351
1399983
340476
119636
207656
143986
91750
94795
111214
101606
61625
257399
106612
91875
209890
209155
2979352
2246254
105232
144366
85760
94671
195283
322940
186347
205959
575010
201912
823009
83347
445695
494267
725436
206366
499480
145666
91787
164510
2987688
87144
115224
128717
646852
541734
68955
2614196
149735
367628
134034
290566
4137038
979656
227966
48596
778783
163428
11849967
376275
432674
682146
656146
302481
273194
81464
264942
1778118
162429
189040
97333
90034
1521729
815494
96958
509016
126345
152075
762394
1352506
129758
145211
88925
104236
84508
277755
207202
379433
143597
4096698
1325655
665635
825574
85828
47248
76198
200728
444145
147039
491465
55762
46730
1513369
1024045
198930
292412
52958
148980
377966
165031
703722
109822
12194022
205315
376016
102185
68124
150296
708727
13287129
1051432
41973
85457
84526
172600
89795
85365
256181
5883729
124760
122725
137102
947981
7360085
1547836
95146
190380
215187
97330
363640
1481341
83867
85279
75083
73255
212088
186663
1777718
146216
261976
87817
77309
94662
1708031
201238
73707
161877
1165030
225818
124278
70455
126597
143350
41054
106293
485806
182697
78024
413558
57117
110225
3215688
4371215
229951
89606
295750
59980
133119
2941456
146769
1849424
429973
425215
72708
551811
122366
530174
86866
111281
3900870
1337505
308284
221249
158921
352526
27677700
98224
2484153
175971
219527
155277
87799
46890
78096
102665
70291
5506422
2528437
726306
1685117
215394
86097
98707
397286
231458
276680
210764
133457
547021
182659
156142
99367
3977688
1141383
105549
149655
973477
368523
365092
88958
225393
470304
94252
197506
70891
973829
72437
128881
106694
96632
343614
322434
272515
631495
562932
856533
103441
121354
2609389
83628
110656
223679
77068
98752
90909
341401
489361
952368
67143
46793
73747
585667
311134
880885
142210
124585
14725273
1786699
306666
2257897
141798
399647
70310
550150
97402
115737
51073
859241
799928
78959
117382
717075
1207453
121480
111295
191826
311972
270737
88183
206514
63593
248798
868242
230230
79036
90541
1958889
104364
312814
126464
76645
122569
294975
65412
788295
192987
515063
8347840
40058
60906
175673
413863
84788
84477
89301
140808
126482
92154
101466
214944
104769
168155
59391
128876
343357
874787
121872
127153
239638
2928028
114537
91059
200078
148381
65793
162492
1767839
77435
202853
90719
44907
148279
138897
227836
72074
39024
198852
117163
69259
64888
147660
146166
167422
130718
123709
148892
164797
606512
983060
115978
139779
1905153
101556
65900
887318
84315
1197642
246965
737805
159845
5942646
470963
66947
450657
271418
249641
79520
238471
130622
234512
316341
350333
664415
119293
12331747
281108
141890
89569
220098
296166
281200
1251743
128643
328366
501591
1224865
40559
550973
286616
194879
211879
160500
1055965
95976
235854
865457
231398
3903561
95754
117865
85079
55169
753676
93173
723176
71637
1608896
467840
77198
289307
3737967
84133
131596
452028
193286
2299961
157983
632216
813080
95981
590458
276556
291237
290806
164539
129636
360735
108034
162561
1856472
222309
453918
37325
197592
82912
207316
141142
153475
340028
110667
64002
233316
178952
90300
519667
554384
104599
433458
1966717
93282
119447
4982417
1508403
409454
4302944
53868
66883
185298
99125
250016
6701668
124989
49215
422328
1253243
367093
88098
65013
260547
686436
779811
739491
55458
44834
823008
129733
165849
162833
1400692
102112
103263
131872
361358
2690587
7820253
73069
4347431
2029160
123406
148954
80785
209540
7638279
104023
5525931
52989
60739
104405
42769
360890
489843
1266143
521584
118151
65361
106030
278343
81037
130082
215271
76945
726216
427719
764296
1008657
207127
45559
97803
226780
129420
143916
1875145
111468
1677501
144840
855283
87458
884328
3293360
315547
106266
44135
1055041
172751
80796
1702218
6307942
131227
114903
127991
509282
97362
173101
19608666
602237
206688
132012
166313
2561484
196117
157611
71509
754536
120776
3564467
245226
237558
265087
153454
153578
105736
131160
266234
318031
103385
209586
96177
115257
657520
265171
62079
198399
184660
438461
425795
377435
521728
277749
202036
2717645
56650
85508
9741904
105770
75325
243196
107410
96475
119811
104427
64869
62489
151518
75450
290539
153565
96859
613582
139954
1151911
775417
140180
165200
153477
213586
127341
285405
264709
854086
338106
1092716
349814
2202758
64137
26239
124310
127458
102138
332376
139541
2123869
347443
757142
851755
267557
111865
117892
328801
61353
2449767
508343
3491757
3398855
108970
131257
218270
161147
375624
70156
139042
170461
87722
112879
5894114
15777146
46637
144068
132229
183394
290547
127189
342333
104738
294987
96766
3668312
96336
180937
74883
2258330
65996
129708
778290
105941
38699
54403
202528
88262
227588
284657
135397
266996
405474
199638
103687
254650
125330
128837
117128
82132
8396585
111457
202623
225812
1066775
110223
5355488
116097
2290443
863292
476053
52371
8258236
54834
333466
4300165
3561551
1225732
81479
862564
194088
82181
291470
290887
1421919
461471
86426
592905
98801
706334
173223
77949
149320
102543
263881
106078
446488
99130
357901
2986991
84656
81923
4285568
334558
64494
62377
65295
81731
310114
74242
1615397
349581
244101
158406
104454
659311
159391
329548
3706368
86943
120001
59535
285510
141512
217522
233226
884014
89054
3740343
73926
6650463
2263926
37166
324755
1025221
176110
2451024
372423
452121
192731
1353345
7232752
281761
155904
82162
2086168
1069492
130272
1781001
191608
207553
66747
90993
256262
2213966
184443
237811
673676
1558076
112549
78338
111707
4614763
298641
635139
1291882
835698
425709
102995
155063
90521
113571
103120
93906
39332
97539
355322
626729
13902110
105035
83326
2050475
166998
361957
310676
93135
100088
94528
65552
90929
79845
1631755
926400
105860
313866
483828
417918
97714
1106265
84379
148990
174972
74876
890733
273407
812794
328348
73444
686470
88120
77461
48611
49279
135300
97774
79630
386916
329226
194434
257411
141434
62451
224900
181945
237762
2984342
64635
90271
150872
89678
177577
66738
46428
2015239
6808220
2798540
221567
159376
296360
146737
5756666
155888
63003
182545
165879
57583
74983
124841
276136
1671891
286970
658759
333391
1159451
476385
385818
162321
1307825
101373
71409
2253902
187929
171865
104768
77486
144876
333121
348617
70465
53795
73042
51773
277397
81250
83393
242341
126059
120119
106028
135718
128200
153392
100121
188216
103543
112796
193881
89162
618243
107430
708464
176197
1241459
519890
309563
123145
714889
204369
70670
356567
230958
114699
92972
118098
280139
78158
791169
51950
546819
614356
63063
107034
4145698
122251
75690
95341
136374
147735
127909
116926
61616
366221
616544
407423
181857
691806
202345
239967
61295
58060
686125
128238
77501
125763
91309
1104543
71204
57699
93627
582995
66058
120213
40699
555695
718617
632065
322300
124385
61204
97841
142718
3590600
70218
180385
420516
1175705
155700
65954
82452
1325026
139924
610055
1360149
5251383
113852
181462
188874
133467
121018
215149
343636
306253
180739
181929
452935
1831809
178683
124991
163997
112487
101608
165278
1649843
263755
113489
98054
2527982
128907
81253
5887308
334475
172801
74227
173413
67141
70391
777301
23382199
615763
70431
714239
50315
115385
148892
259477
87440
12772608
133979
274454
60041
60072
186020
78983
81059
9962647
736210
128048
9490843
77457
172278
204805
105916
246428
688738
167073
3533179
1424744
1315489
140056
3747909
2669632
475296
92781
288041
1317472
212260
107014
255609
500822
58826
366420
230457
113031
123391
249222
150745
311560
127978
535000
163171
1040952
79741
4918373
1454335
4969134
1127214
95247
90412
87672
66353
231130
576619
112274
3163269
80372
919102
48168
132656
359735
186903
97082
300577
52948182
270279
425738
354685
226441
114289
562332
703408
188078
21540556
2062386
76618
200886
95043
460716
4076016
106416
409295
267976
220785
65017
81543
95288
2302965
94422
646047
189120
198453
131184
283098
197937
5493531
90793
4907335
308362
76638
173356
7256458
193700
619438
180804
715239
492104
3324399
170707
359887
264803
162867
1383548
57091
174125
64287
84004
1153444
138776
205887
47030
6649027
198740
161085
384866
144943
260162
2283997
201775
71670
83714
379844
71839
174157
354488
268630
229363
299286
128127
735176
263269
4109301
184170
533821
350203
124850
598740
62097
168912
2953046
159340
121048
344210
108488
181463
75634
108577
26791
144590
311036
1398554
158991
43975
79623
176266
142328
256501
700893
161440
56312
1536796
657160
124378
173728
3200308
3613606
742851
554345
429667
109699
60056
129594
179045
144027
62855
152829
187099
423445
210790
129446
147221
2079474
95180
100709
176769
47022
74262
15090059
1873032
89794
54694
110218
206029
861215
155652
154012
376526
50108
149474
404002
926399
600779
531900
561708
1099150
69342
76588
124025
1837349
241539
134079
132897
110285
175605
1901268
93196
268176
133915
408117
536835
115613
81658
234042
407739
1368996
112410
397320
339492
122420
134622
394906
329019
478547
191177
87271
579195
772767
134575
439526
57972
42125
1014828
381330
2029687
110533
4576325
60349
64554
1664920
87376
74058
70953
96924
131703
91840
87048
850941
602801
229176
171789
988176
133094
1299627
155480
165455
71495
5185950
102936
329060
68448
408437
173207
757553
89466
54858
52306
110952
254046
1326152
591625
1732190
9010273
403714
19317003
88147
432952
53933
55068
268348
2253686
383775
469911
46450
239469
120860
61690
477103
97164
36058
1302530
489230
222469
870652
86357
140294
470509
977514
255012
883924
379562
404102
71348
119813
961264
220640
162970
1017857
3672036
318314
3457746
43822
135679
227850
305116
797201
255608
95761
153534
78991
1147440
105271
309476
885405
195016
96369
484855
210297
284577
108852
146104
120673
160775
969980
107958
174465
187389
126993
76891
24355646
197291
704611
541302
189715
4200550
108896
246806
414219
73946
307187
126043
533980
424485
75250
275390
1282873
197321
75902
184686
622855
109746
909427
90125
266927
9818762
8223143
1937550
269736
152295
276036
168908
61972
2322352
298047
160326
80339
267228
465484
595783
204439
192272
57826
96966
104371
1087367
109307
1575033
125970
84377
121579
152313
51226
82489
98505
130276
1517774
195041
261545
161352
133782
168944
234958
11656517
2773706
323450
294446
732912
2039021
1686409
10620124
2147741
841521
1736301
112079
749450
64123
2110956
79503
87741
58274
132443
186034
1456466
210931
267758
114555
425221
568147
137968
142904
118730
5834914
84744
190163
126571
335021
1616325
60340
316309
63612
276234
108918
52455
51295
132971
175292
135188
2959193
199236
53319
966937
139133
1607401
3941334
3059839
361819
683863
118270
196416
108404
84763
99925
99764
477492
2964374
758663
444524
203756
140237
62769
88244
280076
178692
1192955
111542
80210
992554
2487301
1143849
214613
573766
131423
221289
107854
93241
159578
95737
247606
136633
217983
101614
393264
77867
105656
194500
295903
1404925
93531
532364
1700370
99326
529049
57366
168991
130462
1169686
112100
138325
54770
100170
172908
1815051
272478
118807
127438
120276
5334851
374630
120158
125498
79583
111728
66457
265755
173619
188683
332101
6626417
121758
841433
342191
161570
119542
67811
105590
200634
203827
141110
380719
127842
87913
416129
96617
633273
271246
106882
32560
630462
79985
81034
54839
189434
2734657
1385716
96767
89449
130705
677237
109702
260656
3575668
596432
88060
113055
2636723
481430
81198
242545
287265
78432
3276286
113745
344022
81926
217876
115621
92686
52911
6881546
200194
6219249
369008
1164264
208842
126851
586575
56541
201562
942490
218913
82912
80288
2229062
1045318
39144
97579
23063968
148312
167497
661562
263578
618202
300624
100000
1062373
98436
400246
86984
442138
69606
144275
778031
1945477
403192
88795
101277
229811
367049
61210
54294
6663889
97396
79782
1601990
103274
9827955
193488
659694
80491
278783
91566
45179
253937
340511
791349
342776
249327
160097
114314
333178
233145
269448
1165531
726134
109512
2355783
115488
104798
2686793
88758
801359
152268
2446681
71157
89499
49756
214417
637827
450974
411372
64781
609281
2127973
451113
77442
241685
243392
379409
156543
87658
112926
140365
529181
176390
75895
246384
192535
60827
117929
248822
132633
112987
201337
295131
647897
51018
1026023
172573
141222
73943
205058
329079
50339
45706
700998
187515
120960
503338
5139545
139894
76500
158299
525864
125874
169352
1178629
192221
237820
4148645
57121
131349
88853
2259478
245366
93855
4684823
96505
400293
63606
424338
540298
150650
472334
58698
699588
68493
1058116
150322
79485
59550177
769749
212778
191610
277245
365867
327082
435693
93460
1284891
324093
164067
51642
2989720
597413
1067346
525036
84212
55902
189268
221290
539946
2373678
199146
70182
196918
310168
71485
31815
300694
99859
319690
188373
561558
255028
7206689
284758
2006848
244659
178712
502862
449358
62104
1153259
454406
289400
114341
1330289
156828
76208
269687
59759
332672
157960
2693598
111754
94263
219564
933764
269679
86754
84149
142712
89320
132631
159935
485797
84746
15754066
59120
202031
161223
93684
212643
166144
134977
54786
79696
262544
110306
57984
124923
281779
128832
103090
1991557
158072
921133
4453698
53033
484515
228606
289580
490702
441004
62809
51888
463963
147272
106245
1093695
332868
42828
92090
88413
92784
129430
100414
418274
143651
2621674
1020599
967612
486803
65526
238120
927791
287723
82784
42333
79052
341508
92703
709955
299877
112757
2649120
9289166
51360
1844799
86825
371671
70652
632770
203879
1416605
124265
178080
168225
257954
494351
472381
68432
7318726
441075
92760
3567091
135938
194136
1389962
122073
135805
1842512
4261828
63797
1272559
232249
68089
511627
122585
52848
312395
487896
18638790
1215114
411926
69961
2029994
135310
2514992
148759
69111
59900
6404104
85550
215016
1316682
47186
285637
380595
799849
190091
7658578
4044208
121549
177883
184152
2312048
358282
270991
1226922
419798
1359710
412361
204925
146158
82380
1945067
134002
767206
275834
214232
72384
95246
813264
226448
74937
397306
637017
169607
70501
144556
88818
85177
58930
394507
174528
140471
94303
68031
216755
91893
133182
60124
671577
127602
4787838
141140
19057666
49586
36267
169703
608251
639330
465782
149840
82235
192004
600206
3440070
65207
107120
160556
101602
173471
128290
385892
206252
515049
252686
230362
692250
78464
371683
94572
114319
226203
92013
35638
94679
71887
116174
146960
85902
80310
90125
9020481
155798
116615
924766
125236
391180
181004
146110
65020
1218139
12006542
356860
51923
87234
196749
782461
75023
376250
148422
136017
329877
330213
89544
137260
304080
381005
115412
432152
41764
284989
397005
117422
61181
785364
301094
2863466
283932
82038
106441
383515
65656
1127100
90978
3296238
210428
1460451
92704
1015388
933336
1853628
7476644
361056
276216
112981
53772
193731
203702
185616
97103
103772
163937
98191
116298
364323
158739
39602
313652
321166
6912835
704415
106173
922431
734086
74909
391021
59549
70431
133059
114134
135241
490120
5030940
992574
1098184
223284
98764
562140
1889608
90922
3785425
106069
714382
360308
183828
80536
162593
167181
74311
467096
259651
432963
972176
1571291
797368
101243
63984
103760
509401
492290
93059
194753
2071477
3128091
194616
792677
1531108
509332
63366
596218
612534
409909
117554
78050
122205
207745
222291
266607
322055
132992
58517
171179
841941
58148
78856
73250
267796
796842
214831
5284973
372235
338385
471197
1277015
99254
178949
596384
89602
714305
132364
144315
2465787
1751809
2574289
758951
508055
820285
208997
97879
338923
642181
132241
375850
1851548
111974
125170
258037
391476
145687
7638036
11321095
134343
1878668
165979
68382
77209
1570044
83692
1304215
853703
100753
125570
2563032
902039
2211072
133180
127237
148139
56150
312374
69050
948130
198519
210133
1335513
129748
149458
377277
107643
101582
155264
1010118
121862
65200
4718233
64840
174804
280640
347916
73248
118473
146433
62130
128696
234986
150165
156839
239124
56030
119312
1213222
737591
73627
2684701
87760
118991
48658
295142
107808
105598
35324
287100
51670
131512
74884
104738
271204
44858
257245
8012814
741863
150522
97265
958290
574260
1641169
223908
561138
1694507
248550
67924
69301
431859
60583
68497
216634
182494
223336
146396
79978
2965054
750916
109798
350843
3199071
836149
215112
536733
184353
202921
244557
187581
119993
309214
424545
688563
1047673
8984690
1042877
161484
64313
103933
108414
4775836
75072
113383
328443
79115
2156290
117462
149731
256884
61847
911517
216407
126803
62525
122488
69531
111461
362639
73357
171451
2708533
127908
2589153
202000
5679303
736829
298159
133257
134088
208790
91681
61046
103424
371383
114151
447161
178011
103460
111348
2019036
1601523
120006
90304
487736
134811
527904
107668
40702
213113
49280315
130208
783321
1254616
117144
94120
95644
192711
684106
92925
91374
26200241
1125123
967711
133836
441610
71272
1107629
153316
551724
581163
3368747
80210
53257
113770
236250
77841
1150854
762702
78317
426683
73621
86058
724907
87438
190251
232612
531609
227959
87324
6028559
521928
117114
81502
2006425
150716
335440
37316
245123
300206
129683
237576
156808
302649
86544
1321824
205858
160891
170473
147208
4686535
2184351
110267
45349
94954
3792083
70905
112691
143057
199047
286984
238689
86306
497746
213639
3692984
5166407
4248217
180306
99708
205218
293180
85263
111955
5218989
286367
252826
2160906
611354
335575
162264
75329
129394
164021
61097
66120
139833
252155
53431
448081
347185
1391201
1417425
664011
256497
539159
131799
5262590
121538
211477
119939
88579
96874
71964
85373
174483
69699
121529
474860
3151388
76220
102827
165063
154843
297780
119057
7958378
257162
1526942
84894
57139
212710
52679
1349490
279990
283889
898820
600393
126586
891808
3517126
530301
80771
145586
371584
9832774
346238
974053
117766
156401
32785
437960
60650
215990
166081
101121
133238
9314118
744279
3453583
75592
102024
132223
126372
277348
67180
168778
825880
3816703
197880
85309
906285
75079
255702
88177
248009
114784
156365
3587395
259937
149946
53414
34100
113758
699915
824548
428127
198097
130877
219186
58708
330625
784230
158099
130919
469182
93611
71366
97728
6619651
153928
3748849
126151
211975
105846
869371
3083224
83572
86876
1571605
182964
5826903
149732
1259757
185821
114739
127147
89668
363558
424892
58456
75109
84472
280504
131735
217709
147853
38389
2490119
307812
93806
3061862
2094839
442419
74771
198093
107276
98013
1551738
306129
284750
12738964
3218377
151393
920063
72520
96537
137589
201551
92496
55820
68923
2263939
651182
90497
204991
110506
466295
3731362
146675
97422
169416
369740
13631458
166829
447855
102480
182548
47528
442260
106758
65991
951955
56964
152630
558108
130305
62766
50239
239350
2524220
129319
91304
72948
124009
2745382
478923
39051
270370
2030312
144549
63217
68271
441652
82831
90798
164824
1298807
250412
96829
198735
62524
430204
172348
111587
9519424
107851
198115
95589
20755425
97590
196360
428950
219927
410557
81688
20517144
103814
449537
82366
949920
105945
104654
113357
46685
103348
41102
432492
118235
80489
104316
199760
512363
604505
231179
107900
554703
73903
166373
434089
166994
310472
121623
99664
106651
605061
181192
182158
88402
641829
95993
115584
374299
177049
522295
953308
151212
5428243
59569
303010
106668
1089118
74201
236003
98032
479484
73594
121998
458862
2721700
53384
102631
122260
63240
85776
276548
121411
297255
80714
376259
76343
136478
109128
167961
72436
1859897
117195
154455
2984762
60838
45930
352087
227798
3614986
181390
870149
84638
165508
233430
1976795
72469
225776
304294
217152
143411
189727
161539
914020
86626
23014551
62548
78144
183943
241009
237428
357165
664300
83247
57690
370622
108386
107597
166874
113631
58680
210878
168884
85851
290031
386224
145279
75861
158046
295580
64765
176631
74932
457195
106969
1231607
153974
137891
159603
654923
529254
2305482
113750
165655
220637
203422
760045
726051
279475
470614
174925
143857
77688
106106
75687
62100
80371
59504
120196
72887
57316
632102
276407
102746
3397989
332495
335944
156662
1288250
156747
255557
87321
69203
439124
148612
152006
347773
415632
127024
250467
246706
84605
263792
879514
87511
129970
76469
308515
62577
842162
160032
236796
177304
78224
119124
5599899
273765
640982
299656
109270
137592
489513
79885
197889
50368
731834
77571
587126
1457542
354986
651833
95847
124514
143393
152027
125408
104475
3186889
91692
404901
150882
2378493
76602
120804
136183
84454
97800
1589807
109544
43025
162157
265014
200055
95655
232385
1283542
2374512
176300
96139
79437
153858
100590
371284
103759
4864104
243035
395616
197190
128607
205796
244441
105983
62617
5610475
126082
2550864
393578
702924
166543
596299
132858
133965
197903
129163
212181
87167
74224
86315
4811160
32103
275438
1284725
110644
982164
173891
72486
1818573
236233
255801
453516
80254
71081
95843
125614
574838
77829
183439
248109
283870
349120
195108
145325
875413
727300
162781
73821
117980
62864
410560
155971
1939466
102692
72814
87918
335482
433434
2707560
36642
105512
1111873
147052
115892
2700064
257906
2304826
183732
51568
79918
1673510
1010612
1787597
413561
152745
107938
924590
940817
1234221
3469077
5049773
103675
82203
82662
49162
144666
118883
129698
83068
204955
232216
1441476
90231
146389
41997
195478
81524
134924
194036
47369
406613
1059169
175539
78745
104141
978146
1705531
3919632
101137
58230
374879
374442
515805
90003
2667716
2501138
109858
151392
2392250
56771
769283
58293
1040063
126542
104914
679112
183121
974905
110071
1683385
109882
379205
88827
109086
101542
213952
407802
116124
93495
563414
660335
201809
78569
558275
100514
108126
201899
7349604
502289
182838
123719
225048
234809
94736
288319
78112
120955
107222
116020
39554
3661059
1424688
63786
980798
784709
54559
157808
143445
4911300
136057
75675
215303
195099
130362
525027
94977
578557
388753
4921617
145869
171480
978065
998124
109653
965491
336950
87858
2040071
751199
2493516
1791738
147052
252741
1410057
141337
6734448
149265
770058
54674
319354
6513519
6689388
255545
748000
161825
111088
6619520
2457628
2115818
871316
186699
656904
54764
68952
77097
197608
89407
1632800
660928
97943
719556
297311
361135
267495
59191
241096
83001
619096
121270
121434
1121686
62447
109997
214478
1334146
56988
175486
169329
202410
96025
196741
327035
676153
108423
605737
91851
110193
7287782
5509285
72530
703278
3301141
406306
72885
206767
71530
125624
58459
1555546
76041
2146327
77024
335469
282748
820653
142381
65255
1805323
404115
447115
212890
243914
129471
460266
112726
89797
692555
103209
405470
1065822
11726581
351948
1465137
929468
541533
551140
229887
158545
184236
148483
271367
248421
72737
72726
120763
168324
116669
65299
134201
72331
56977
74648
250092
273018
122928
277765
2526946
97510
21574274
261220
8410297
799772
113079
1743154
406428
110931
58720
2331597
94511
323527
222615
181564
191319
170218
1733945
92432
221828
180333
71397
125609
214197
246406
362160
4995028
228989
172574
259964
6846184
170510
196996
473674
86005
124312
151608
64238
66765
46429
262130
5741083
247896
310553
230108
247170
179102
3235003
177642
410664
134220
115599
106065
106203
146384
76534
222215
83633
262602
194631
364603
160433
135936
87435
3939029
79012
99616
62657
698008
80309
115978
63582
423987
143149
62706
836410
1875200
254097
181606
92679
183480
346642
130932
107685
92749
683620
244098
77838
634922
84576
308037021
84118
125503
81992
111849
194009
124614
838786
588106
1063949
75354
791035
70203
150070
218286
101767
480065
69983
455211
93274
121094
142573
2017553
57894
87918
54075
99762
49376
197931
66299
165177
81704
284530
216518
187368
1716157
34003
148771
120506
100147
9238553
213208
185112
60704
98440
702528
4070812
2786908
133257
155486
82204
332906
212933
1119573
323927
34792
1480234
161227
423325
517001
285731
133457
1262773
114594
115520
106397
423540
113123
123939
143274
151336
182369
102337
135525
672560
81583
413692
135423
179951
144316
267159
207967
1760473
657731
905803
145897
81333
889381
133392
88989
387317
2161344
979599
154367
11670819
270766
304843
126960
249317
597081
3792910
523156
2484820
135625
105271
107944
991852
110703
280148
231209
1055967
244194
76474
73179
154204
2195143
105023
173117
187967
629744
175306
306229
58506
576039
320478
4086682
1711812
396932
111256
121499
334957
289334
1739085
135884
568303
87548
2265863
133998
353997
870943
82275
153361
131279
340567
861662
164035
98794
91426
72182
223801
1171249
811027
66732
140560
27793
290294
121455
47745
214593
735826
140603
73366
382410
352016
104028
1874841
530589
109383
362009
97686
417924
286329
67245
682570
175963
690807
115720
61738
231384
113551
156632
124798
238925
103425
1831115
1385127
142764
195551
831318
35166
99457
112936
75208
220820
316272
4179794
16482816
242876
9888620
101286
56156
2596368
393985
778754
151175
199584
217051
343989
121677
92210
304165
643601
243281
68276
5269235
614568
1223207
145633
394822
766876
84154
99111
294323
319352
58750
75489
53922
448628
208815
1334567
122782
5115284
203828
222854
125394
221798
656663
115433
89604
347699
221272
163375
184629
1571086
156223
176345
62097
153695
1391001
128859
87489
149642
116871
147868
2332178
196295
1957756
491695
431527
99133
79099
406577
146332
90007
5253468
138191
541676
67681
2301742
478360
8016576
464989
109307
98314
148155
98483
207351
122570
2645539
391220
1125378
89039
467393
100543
400372
57194
181676
167348
520226
119933
96839
170461
59632
1870354
206322
98619
6984813
40349
94870
244086
76474
79878
133082
91849
539535
324337
945165
111102
72020
2058665
110525
42283
308408
156723
146732
107176
635941
117761
352918
464511
10837729
182985
98133
82687
5446475
38748
503666
324386
190084
80692
114791
144900
82364
674226
134149
93758
3772458
2781395
418281
636766
365008
214854
506974
2690616
104602
253423
178129
12411712
282702
102824
160781
268285
296690
90624
136429
172940
31783
785234
138257
58356
72863
182776
4670441
70982
79046
53047
1502656
1737346
71637
88845
112168
181936
97067
79425
825348
401622
190237
1658182
88262
920407
1053794
118021
117576
139137
96133
457843
490071
1853218
213010
255059
52252
2904670
467521
82425
1379878
114245
225631
384051
70290
1211545
187410
57213
129417
684178
51516
228951
74702
587864
140244
186742
50376
267908
59178
122534
58897
92234
58673680
801492
139469
357335
75422
156212
396502
96768
393167
2668998
68881
81915
94858
115141
182605
628150
165847
137756
1261920
83375
774872
152988
226680
69448
142200
124894
173455
155863
109821
267594
148217
68425
74329
110882
112366
775521
96780
201764
25984122
176281
307313
85195
4383923
93163
78936
257237
735331
2548051
141433
2766121
406343
2338821
80527
146900
175920
709553
47623
205195
862698
425335
523801
146695
499012
266052
125199
449855
240299
111508
117946
322583
69600
73810
187503
85314
218880
506270
44254
67939
90294
55466
1448327
1302552
75630
880963
340205
117698
104901
179299
15186369
335934
76709
41286
153456
216992
184428
2823788
717979
84470
158414
160155
341570
111532
89613
119666
286343
165740
1148368
342890
149460
215766
96484
95770
434497
136013
138183
777271
133056
185858
238544
200992
6871633
64766
62711
673617
682351
158696
196697
2952059
174245
99195
69822
1087900
248492
80906
651232
1871344
117223
152775
385127
1666930
104177
79232
234029
5227295
105418
397991
105945
266008
526692
100895
1006466
210388
156332
94857
290472
992853
122744
220895
203794
258400
121975
96243
294431
55837
193851
345987
863905
3823434
137266
3278314
1133548
1062658
53780
83473
96293
206580
67742
537331
92420
168169
17214343
149059
108484
175821
838298
170586
335702
215400
260285
168588
79660
108965
109907
131740
91897
8647314
114630
89573
121100
43541
71205
169765
146639
80457
176350
74092
60353
3474532
364646
112758
95267
2035910
149355
396430
163013
54459
68715
173678
297664
212115
56000
159748
64849
60876
192282
113499
340638
389350
193317
249364
3882864
123722
854243
153539
231605
6209571
608743
149701
131665
39586
891930
797674
175129
54522
3702923
115476
3074554
355572
247610
118935
193005
213590
83557
79460
107682
106804
69282
96936
302027
80528
77430
1247571
178150
293266
115691
101507
308859
60545
132217
224581
166756
58716
5026625
76951
129589
536278
727578
261093
98824
195978
5554147
367445
66084
6602632
293230
258775
234981
68998
288685
308408
87062
227403
198115
101603
1055564
154656
2363109
1300529
543334
148412
131714
179826
175349
5565907
8765547
127337
97441
847967
47476
48451
150997
74630
127339
339264
87533
131780
138952
87677
175076
1888058
100122
359619
7672777
1490358
141006
2181777
402780
11990817
773351
114214
107052
122564
237027
136861
166233
124642
370593
52496
276715
87455
3661490
58100
94998
14105850
148832
163166
99214
277428
96371
129324
499872
86501
66589
421811
111523
6087810
91822
523793
551966
329080
455001
121241
58670
356166
166993
206168
68930
433536
273761
128836
103173
56173
138608
10788363
576974
118678
460344
296139
76539
123255
179553
180409
1841850
74213
83760
55498
2328331
93524
277248
56277
47156
2696983
580298
66350
319840
2005628
76094
82673
50611
241632
198570
357987
65735
491629
88979
93254
1888333
2289372
69586
3068718
114424
198648
180874
221627
94232
61526
60142
777243
227604
2380470
70086
4285157
136918
50981
84684
222972
127691
91311
478433
141924
86521
2712799
59004
45978
3297931
3074245
300889
129625
88612
115019
198552
2029425
73587
163684
128044
67959
4202560
137919
241229
243065
4841793
395643
877841
361601
178384
103935
136645
127617
119514
60747
685557
122499
990519
481129
55303
121388
202476
165180
103868
350243
576679
1520728
132071
657603
190266
2257143
90977
135577
2711568
207539
87102
707440
114149
148217
183558
231471
66413
4152655
326210
138309
133781
678230
124879
670583
176276
2580673
419076
133775
334051
243356
134854
162405
267317
457581
79056
74860
179407
2026768
207703
55104
357295
83948
4269959
63022
140657
160390
358036
87526
129613
1271089
214305
106365
50449
971206
121971
374286
69001
149382
113113
226161
185339
83180
642642
513055
249188
338044
125702
544687
171778
128958
155291
3071566
103081
84345
128003
400194
146209
197746
5420358
58288
517880
165881
31883
3381871
2379765
181933
86768
183321
1169061
1124216
2831795
700532
261696
137689
55512
128674
2661443
292635
7895046
1368921
78006
288790
1335683
728104
392585
1381962
169433
115285
1646358
222587
1962464
89280
371148
69093
156635
1148574
1453085
200264
53721
64768
180369
668988
587786
190778
228015
1673544
55967
204245
81257
48569
984002
69172
20156233
198352
287086
82780
70899
892051
304763
488102
272121
34720
82495
205625
285872
140929
112972
90055
353715
6633527
367918
181644
1327712
236173
79127
1320335
126027
1485098
80431
154825
253585
1131959
480640
44904
139319
513382
8079186
101698
90129
139245
292358
98023
4365600
116653
63755
47225
332751
144215
139200
96423
537481
1005255
1006962
63381
120041
1766994
124292
129908
132601
116739
167074
294980
366171
610730
59378
182043
80005
342719
156822
120873
621764
176846
140694
58407
117943
117466
1974166
229430
4082023
163614
1781317
547436
75930
147696
124487
374595
127345
54700
88259
669002
216623
1265563
4452512
676905
575382
136243
174925
170298
1047534
2346340
191411
199277
919644
282848
242883
80466
110572
43238
472831
78479
119500
70273
197154
3276692
96582
81300
463617
108093
86930
136104
3404467
264596
339821
470476
586701
215651
352793
86449
106313
62383
519123
140348
94710
51098
76011
183617
10827573
345497
85537
6260090
63198
321251
192044
98992
65015
661224
779531
130556
198936
136469
716151
73361
126445
70198
2953643
80551
136956
103450
90902
42786
72987
89284
61535
2736734
109556
92408
432554
816226
177714
128368
97753
505795
179420
46821
64039
115976
2322705
209450
1854399
210591
65971
804906
415079
1528296
1108631
52553
432072
64306
106206
993991
117872
4598723
221478
121704
143513
411121
2406779
132275
269199
51872
122909
8319418
1413606
54217
3453304
88900
295585
1854786
4050132
654898
88718
128845
85398
181528
38740
214733
1860557
686151
2475622
148000
507959
58155
464765
50190
876990
71795
174149
59272
155943
1983713
573071
67713
317520
95689
530156
108653
53282
90392
51841
131903
228507
84114
2756453
371755
135862
131126
2896044
910228
5138613
393445
358098
66169
58200
348465
119438
172337
109366
53139
737461
131763
49942
86137
841533
1411316
46645
741157
245556
235098
242279
121250
162264
421722
171577
236819
58559
300845
127763
107984
1333044
534148
941498
141782
73942
408600
146716
92305
835939
86423
104196
92667
374623
79272
1104311
125045
611298
79370
120773
205638
110430
149453
129938
118534
1048577
101385
1755097
190751
395626
162210
376280
131943
4053438
110126
90934
101888
179589
1473244
116339
61112
294589
996578
1273046
72392
47868
160504
264802
2359348
717363
6910022
672811
151423
107813
119704
1122047
92622
77215
503592
70358430
236909
85378
2607438
320299
67307
1143184
274497
786376
278777
950296
126669
127790
168711
70414
53391
102458
170793
1578652
1278364
68379
532490
456779
33563452
309766
146255
3968880
68838
240556
162350
127887
283310
495899
86880
549940
57874
534947
77197
167537
1138254
1100791
96437
1958108
253962
96050
401532
526261
120859
108124
744927
120288
107998
116295
713002
41088
15080403
123724
141228
687821
2112670
6562373
175065
235691
337999
228140
783774
7750028
2167983
2966357
81285
173289
117293
71055
69552
395147
81039
148746
377105
71177
312880
96142
93175
95566
79909
245047
108975
71834
569649
141062
346527
2613755
181179
184311
94500
140437
110863
190812
114653
928614
2370525
131628
1308207
434793
362260
91394
4060785
1463738
69394
56760
88427
106458
50730
1593272
116783
59208
44304
270148
2074536
1705333
179821
148379
138242
88913
114087
691434
67339
567537
1185784
1707283
71565
62556
99668
1625508
108236
5830727
1828971
84076
99407
303331
106497
347177
101237
553877
210204
5544949
350885
86559
120978
117489
445076
210727
58732
4387407
96827
91530
590931
102766
89871
127296
2175014
244786
68854
527184
1331347
121791
119098
180328
148420
90363
244874
242671
73971
1690545
87674
324531
179549
157446
1311559
449653
161410
144842
47583
119925
154347
230425
131066
864995
65311
134525
806209
68475
702181
864510
193023
113330
520777
96887
65240
1056495
363469
181908
177550
76960
275863
144547
763430
270616
139303
226598
91793
163083
1457306
2085712
86387
55418
465719
3856899
158465
145486
1995908
114619
194939
121705
428753
2426311
7293824
258306
210066
606466
118867
1804542
162032
203834
92146
334340
75344
599750
683726
294931
3380474
818477
5121623
90110
1102598
449271
220265
1625413
157308
88040
107459
160919
189122
2247157
105814
850420
76114
312876
841201
75941
112365
678583
4628450
294685
504151
118257
164409
4920997
172210
257842
305301
351903
144480
88801
520552
93681
612452
1132572
115495
59050
507929
1264420
543572
811178
63859
64278
69536
60850
400354
247295
52985
579894
7532542
79233
141061
156413
113173
218912
343283
144264
109661
111486
126748
75665
77013
376638
91514
103451
104009
102574
120092
225727
337867
131222
104582
1306800
318765
66913
507281
305093
149592
4321991
76204
750824
451010
106160
168038
126604
317439
1588989
107043
202355
40953
548292
480732
55372
236486
80401
95815
121503
161758
13888902
247627
242689
571986
3858871
2308786
64480
83393
57630
72091
204867
102775
194166
89592
2289319
286255
93062
257434
244409
633982
579975
713374
3843523
251236
67052
508356
1037091
364745
2655152
143411
218823
133009
353018
139159
103937
1190884
89412
65198
161536
269059
1008083
92323
316477
720141
78730
72283
6206474
261168
135025
112930
101070
151141
50627
212645
394601
129281
116467
1301628
1239959
140397
188315
107899
110604
226936
682768
435166
92585
2334288
95668
514565
428981
476729
237081
1333586
1076632
839818
103611
129759
399489
613128
113291
138114
307967
81113
1302650
5379643
2461427
164169
463008
124397
54486
85757
15889683
4562828
83905
108530
146526
96270
95446
109365
2066422
153868
362811
107571
569705
6601119
51845
485249
136871
136020
2884798
84234
56986
539637
118760
249263
1624187
688979
551590
217864
234274
64831
1358912
273560
636647
113310
532953
194300
549555
616603
147924
381875
86781
77041
69233
473319
147107
227272
161142
130991
63222
180776
148005
122903
135488
374227
2212507
199503
5435833
398962
1130614
4920198
139344
211326
250097
139822
149476
739186
132128
6849825
253566
118873
226898
268299
2529255
551628
216670
100414
101040
89270
67470
66079
112923
178518
93508
166147
89533
90666
83581
148905
27878297
63949
489741
613246
204446
99283
192847
4554148
221562
16404501
56273
66986
199360
124943
323585
4678789
123250
105182
129003
166208
231956
259106
111935
238074
69334
74485
129089
386478
875909
1241597
145673
75008
48514
316566
192163
2009344
478619
183934
734521
52565
118714
84509
61774
469717
104805
195292
250708
982897
101482
280789
84941
219906
236313
109535
101486
4820980
72799
87681
1188291
159215
46830
508972
113441
107876
1121315
429009
377578
140545
197304
169950
608976
102112
262296
74362
824889
72527
277973
65670
116292
352537
221064
111196
122776
192091
136339
455516
88036
2356914
160878
262859
356513
6966737
1016310
69371
313857
62162
95557
88851
88727
3847003
305291
36308
271403
374538
269000
109065
98340
559683
260260
77565
178835
177941
219139
200088
395028
517115
84791
1176393
228165
258173
1457710
118665
450810
117292
223284
637648
76615
63502
189839
321278
72418
201873
349592
346941
131623
123050
362239
1028204
196811
65389
154630
469747
762086
81534
141407
69021
170274
5561260
37025
2289140
147320
80545
811351
135547
554136
6088227
796463
114236
445179
568627
354083
319015
2853136
459945
2974393
146293
77877
380095
100645
104479
3019648
2480796
72763
121210
1755602
489597
79952
125352
227412
200772
119202
76434
437254
142728
149904
404912
152581
887399
90299
68942
167950
157655
71517
515761
94988
301445
224679
51213
106388
4744379
137106
653759
60291
228163
149429
279185
2168545
1000815
70082
115912
57089
139857
319898
110128
249030
125402
708147
53819
91082
229796
77309
1012249
3234900
68291
164330
11745302
162266
111276
2032607
78578
169613
244833
72365
216515
264616
3133223
103093
67694
94353
109127
301938
152845
154007
352040
142911
1612111
557842
18194565
323128
72930
63303
273946
122188
2447922
2375668
64075
866123
105578
72957
864606
169014
108376
41779
72005
335987
344512
297192
169008
359454
2253360
65481
1288359
84415
62623
2969039
99668
138552
519901
741267
257131
107123
318331
121164
633937
194023
309744
193599
109513
158529
103183
6944204
101557
180644
79678
92113
208386
115351
167061
236056
136951
2604436
2295283
106888
465999
116278
123509
806123
91327
117558
98726
104341
445089
380935
35260
100040
174543
892651
615189
55573
167754
501116
400731
1900596
183635
177120
107221
228702
65812
65171
131369
177902
730675
69377
201379
1202980
22167750
201031
89857
80620
81084
162523
112720
91075
103650
60983
71988
689397
76194
757941
66444
152535
959361
209591
1892577
1431913
1234041
244586
299258
104347
4357807
234326
4292052
328020
96919
80202
114608
93558
118810
11083903
234512
671284
7216848
150821
138028
81557
80478
309925
935725
150069
513198
136947
107346
464779
290706
724366
6699579
160291
364815
2379507
230275
110426
152561
426555
118857
450378
124692
57157
2472220
154068
98773
123595
63706
154103
77483
317657
3744266
729662
117675
1215286
237778
117607
101016
93778
162939
381683
95034
751590
114579
1691159
90051
125245
67448
99074
112251
113198
149108
955632
171228
75868
2243979
4988716
142147
59911
80077
110011
842917
89396
60047
254927
156209
112956
171287
164412
3788482
145386
149494
279043
352897
103494
124692
2443741
104659
14519141
82731
554760
85735
394946
98523
641169
80183
99641
527182
72226
129371
63515
115232
106743
239267
159011
4969984
95434
134644
140971
96698
79824
106092
1552396
75812
93436
748392
3580179
115681
264680
176027
69314
96282
377010
1345906
130167
512972
287390
675488
48909
2192007
1134963
258167
326969
11011733
4598524
148824
92926
94855
1699540
3609558
92335
192042
77195
223825
392460
475826
109465
5762066
235336
56297
64741
75490
313398
43802
52777
290888
426889
267060
9391073
1412812
3330630
626417
142900
94394
121270
2787327
77329
90626
3126506
340788
88062
1606468
78994
96763
3776600
45716
87051
1957925
59288
140397
174710
2551854
134965
261892
1086870
101128
1375434
107315
6414600
64205
238788
73810
84304
111664
135110
412312
210478
1701103
453092
987575
146416
2187662
165392
525334
506661
1025764
104438
432430
303991
177109
141289
452269
88140
82228
613084
67333
555126
540081
130771
453914
382922
161368
161137
3366511
115188
1151224
1356761
44985
55986
158580
46675
163789
4107761
114794
3862752
68238
143887
209862
471164
248703
62990
78795
303740
60065
318923
4861573
280777
69334
1274473
158612
628000
86180
93115
85420
452429
164668
100509
1500310
1669086
66679
70182
1096025
689950
127647
67414
100524
172361
215718
140990
212515
435401
90085
2754926
69198
1558039
494831
93376
1278466
117909
113306
223406
433182
89774
1758479
237011
139452
262716
86641
152482
172381
2551712
238720
483737
76598
2948028
135121
263029
95633
76193
895674
202109
99267
3565944
95106
399507
4609885
116540
1054568
675354
120270
80155
265614
94020
45389
95268
969622
33447
420698
130868
622361
467931
1041126
6165550
314770
1158124
461532
86127
133984
504769
128477
315205
80590
226044
160818
785074
877587
374838
2448731
1437228
107539
4800797
643929
78349
422185
2379441
4009288
386024
164379
685348
85844
745925
162410
69735
121443
132688
131617
3158202
279199
116023
168360
74279
4131875
673319
2445994
79159
49371
152093
3406052
75843
101994
58940
156963
321602
100586
55263
482352
704720
97078
379635
81376
3337945
121151
226989
205856
104897
107169
98580
193613
114033
118275
278255
212119
1369553
662898
378803
204903
128378
127961
211517
1610376
146860
141542
94135
539693
143943
9299527
4366784
65597
90083
131122
89402
364343
83382
62648
122760
381355
3094656
280214
88944
66692
67204
103420
86150
39930
75965
78261
123798
167703
547715
208681
3707835
277982
236869
89869
657118
362964
206184
152277
83563
2237919
127321
165172
239797
143527
439678
104801
117920
1833893
1544408
81526
53686
202458
114130
1025970
127096
157672
68262
2692474
32382
136373
100922
317279
50575
73888
85251
441016
283297
701842
83983
255530
83645
81274
130629
520906
91090
355872
3755973
30814
76635
