1 431
2 528
3 487
4 420
5 446
6 391
7 307
8 245
9 161
10 160
11 137
12 150
13 90
14 89
15 66
16 56
17 58
18 50
19 58
20 39
21 24
22 17
23 26
24 17
25 16
26 22
27 16
28 20
29 5
30 19
31 9
32 12
33 9
34 10
35 5
36 7
37 7
38 1
39 5
40 9
41 16
42 4
43 3
44 4
45 4
46 8
47 6
48 3
49 3
50 2
51 1
52 7
54 8
55 3
57 2
58 3
59 1
60 2
61 2
63 1
64 2
65 3
67 2
69 1
71 1
72 1
74 2
75 2
76 1
77 1
79 2
81 1
82 1
83 1
84 1
86 1
92 1
94 2
98 1
105 1
108 2
112 1
123 1
125 1
126 1
131 1
137 1
141 1
150 1
182 1
189 1
193 1
197 1
198 1
205 1
211 1
226 1
254 1
322 1
381 1
409 1
793 1
880 1
