419
49
236
160
219
432
92
53
396
143
232
333
146
3205
207
325
2594
211
241
187
207
1401
192
279
205
108
83
481
124
287
518
135
291
817
136
189
205
217
420
192
269
68
252
64
789
154
134
1479
566
95
319
745
181
146
3301
158
271
168
117
1169
331
480
328
240
240
255
81
301
230
100
1717
176
280
141
61
360
282
623
611
169
367
125
242
439
162
315
409
209
224
92
1246
89
310
142
165
148
202
167
358
1199
183
169
177
85
686
61
133
124
663
716
139
782
138
550
208
786
157
204
42
143
1127
435
89
72
417
1851
519
387
139
1323
309
372
597
193
145
96
3654
85
216
155
469
352
116
1826
176
171
498
804
398
231
158
1034
446
230
372
116
259
703
110
257
306
203
282
847
149
169
221
250
356
244
232
200
292
232
867
1785
77
347
542
439
471
154
102
337
1769
176
149
180
257
144
300
497
69
214
130
50
176
1092
1965
629
111
949
166
404
212
210
286
431
304
159
602
616
103
251
87
324
238
151
184
1705
272
417
345
89
247
144
255
3239
218
201
265
224
502
1338
63
205
274
680
335
494
1106
261
138
363
618
262
576
551
119
321
136
179
49
205
154
120
156
318
536
670
865
417
719
400
176
225
250
135
95
2097
240
253
139
84
87
277
136
201
373
771
149
271
226
265
606
249
278
202
112
92
655
221
195
273
66
64
213
179
303
237
504
702
197
128
956
187
273
124
96
232
226
200
263
514
137
543
548
405
159
227
73
487
159
171
353
221
120
511
147
204
641
116
150
375
531
120
105
1153
194
352
236
405
220
562
546
153
117
903
245
370
1397
233
1246
297
224
267
184
111
650
194
96
714
326
302
502
132
315
340
200
437
545
211
1756
141
118
246
1007
691
216
237
209
489
1183
259
160
237
103
612
169
80
140
3585
957
108
294
330
1609
216
227
165
466
1159
117
117
464
152
138
602
81
171
352
130
1033
240
500
143
108
98
587
230
131
100
219
288
130
83
619
463
128
253
1746
692
294
175
1023
95
142
253
651
227
343
1060
124
107
507
278
277
1950
143
352
1073
467
162
147
129
4436
144
163
204
94
502
1380
327
125
506
2817
454
378
209
282
203
952
223
621
386
119
184
161
364
131
257
389
206
191
291
499
201
3632
2596
119
400
154
200
762
181
78
668
187
130
87
243
68
335
811
170
129
117
140
93
383
131
267
1217
93
595
2191
198
1792
261
974
518
121
148
450
1032
188
282
403
215
244
593
344
414
264
754
1668
350
167
353
178
281
284
75
175
319
225
317
463
1416
221
888
339
228
1470
485
109
89
625
143
63
348
491
91
123
174
247
95
1107
242
349
194
601
101
340
244
104
81
165
93
300
172
669
106
186
233
142
51
200
301
838
112
194
509
174
379
180
649
363
1611
162
378
234
261
132
1198
420
457
156
355
260
182
254
205
399
144
139
155
121
677
207
125
463
74
114
1614
237
407
268
653
75
132
455
668
121
227
86
218
271
214
266
148
310
180
939
670
555
319
135
108
1360
199
144
176
150
231
527
570
567
269
206
204
425
190
162
419
230
779
537
995
636
285
199
123
384
642
219
175
769
158
291
102
1620
201
211
614
335
167
3148
784
164
348
237
199
96
824
114
402
132
591
658
341
489
142
329
139
270
541
98
188
191
1161
169
4594
797
219
143
77
105
538
90
90
371
304
5794
170
1137
156
321
176
340
156
307
212
259
140
376
458
232
139
233
175
240
150
159
292
304
304
187
137
409
1955
688
255
122
177
209
1000
200
318
814
92
399
77
267
439
147
136
541
125
226
440
240
110
413
517
148
186
331
156
137
354
888
634
92
611
144
312
359
318
171
760
210
86
365
154
1505
221
218
176
151
182
135
129
215
1144
395
404
348
365
297
95
760
208
2164
211
146
164
276
252
355
148
1445
490
72
229
218
249
133
756
66
334
362
328
111
79
281
769
154
557
756
128
206
151
211
346
534
110
654
83
252
514
258
100
80
1041
198
345
277
102
1050
175
640
84
471
838
138
449
395
146
165
168
206
854
453
318
171
344
177
655
160
488
707
107
532
371
211
160
124
542
229
2448
2069
211
171
668
166
279
329
158
1381
239
326
849
4790
541
276
166
715
292
559
197
166
313
201
174
188
259
287
199
174
335
136
302
408
629
233
508
137
313
83
640
235
373
155
99
131
323
209
79
261
399
179
190
85
579
423
110
306
272
438
79
138
1030
155
156
425
218
234
475
195
142
502
700
204
130
210
125
255
122
209
403
279
90
68
296
235
229
229
146
637
148
1429
386
220
158
185
180
200
83
313
104
74
177
166
314
101
267
299
387
1405
502
1663
373
180
651
323
744
209
288
116
678
344
1018
180
478
102
835
351
2638
112
71
982
141
322
313
804
92
80
88
237
259
419
92
72
414
1111
387
260
319
641
395
151
208
332
443
92
216
589
150
176
302
145
72
383
159
1025
95
492
195
94
179
305
127
229
129
262
289
322
198
71
169
265
112
194
291
255
123
231
206
268
233
74
352
272
139
88
339
565
499
698
83
723
443
187
72
44
101
196
340
301
267
723
241
357
296
572
972
133
190
234
1102
315
176
368
167
124
992
107
301
68
107
201
690
537
113
604
2769
859
269
198
1285
963
469
251
206
234
117
116
173
183
161
173
530
474
684
147
286
202
133
259
131
567
255
77
180
593
534
1173
282
118
317
1248
249
342
239
215
354
304
418
261
255
194
114
292
622
467
178
674
1600
163
123
778
476
187
116
271
130
606
210
155
166
605
362
276
87
1333
136
152
144
436
436
1664
182
194
338
81
401
217
142
186
571
357
57
140
158
136
148
128
194
167
483
125
182
166
133
905
178
172
352
294
140
164
430
150
409
125
231
90
143
660
308
399
887
93
814
519
323
156
189
107
119
255
632
60
128
296
180
321
205
539
111
401
82
140
78
734
284
191
369
333
824
176
171
258
357
569
1889
163
1193
242
117
200
164
223
98
680
10337
192
149
179
67
232
469
133
190
300
72
516
254
253
96
66
195
277
457
237
219
31
86
302
294
179
320
313
703
95
144
184
53
287
500
218
246
80
428
90
205
698
511
147
92
452
298
628
631
712
208
131
138
368
289
181
150
72
168
514
206
490
73
361
232
179
616
452
236
398
451
152
191
101
659
668
1008
465
97
338
251
116
202
187
933
222
165
87
244
327
245
919
190
115
94
139
124
86
559
1278
651
400
199
541
107
687
1160
215
149
91
377
164
690
311
398
253
278
512
118
1136
186
325
117
207
96
204
356
248
1586
272
259
358
143
145
87
235
153
220
478
340
543
309
63
1512
215
163
35
146
313
211
985
175
339
82
49
268
186
233
193
163
453
774
1263
209
231
175
338
529
165
324
626
764
165
612
479
429
239
97
204
537
592
1151
79
170
170
293
258
203
391
260
421
311
611
172
2228
608
308
818
1642
83
324
152
143
75
492
214
57
207
218
248
103
253
139
128
1101
322
117
4681
148
275
261
316
765
1763
906
725
78
232
5812
298
334
153
504
383
541
730
144
536
366
176
369
470
449
112
692
249
1069
222
186
113
87
148
120
1581
411
615
155
160
2062
833
1079
96
193
121
374
2619
370
131
103
59
191
1765
1083
191
146
181
121
160
274
213
119
55
529
132
461
208
190
224
314
160
214
116
76
124
234
445
354
3514
316
195
101
781
182
172
78
295
679
160
2221
106
104
1365
2188
756
135
192
202
569
225
589
59
2235
491
111
259
291
115
230
216
79
155
292
533
79
175
103
131
302
73
782
699
2330
510
141
101
232
392
497
118
606
190
197
406
441
341
200
265
182
213
331
90
270
626
134
2364
764
157
179
515
588
152
479
323
84
481
424
85
169
468
152
542
236
411
210
210
99
276
225
78
71
231
194
216
510
939
80
357
528
101
138
558
83
74
466
141
99
472
100
93
517
56
201
291
140
1170
71
325
3432
191
135
177
761
213
169
714
134
273
185
477
545
306
227
955
203
889
136
598
239
847
795
2117
2433
186
448
559
138
110
370
233
432
510
1293
250
130
307
106
76
120
160
214
197
306
156
232
372
56
228
164
505
155
237
377
4521
165
353
113
1958
516
122
215
975
240
305
130
146
373
433
1516
443
105
443
336
205
260
209
304
162
91
857
307
357
266
106
568
1658
1150
133
141
147
209
843
192
214
137
1241
273
476
138
122
855
60
231
264
123
500
164
396
982
127
63
142
232
146
443
216
1733
281
16405
99
255
65
231
2089
264
233
223
146
761
345
596
251
300
114
100
359
937
297
120
157
440
160
95
403
151
181
344
488
560
265
718
502
496
249
121
146
458
641
734
59
735
1300
232
228
152
51
250
279
278
131
1254
439
444
1264
1233
150
209
865
49
533
159
223
201
205
556
266
1419
447
509
94
1129
204
3386
142
171
143
70
155
88
268
209
235
125
436
211
173
120
462
99
177
714
118
197
1491
374
296
206
330
132
379
269
750
151
502
156
286
143
175
146
320
515
463
109
310
1721
427
344
673
919
913
106
581
97
131
213
182
315
324
378
645
162
123
852
301
606
277
140
383
167
323
119
188
83
424
582
1870
107
235
1076
127
113
269
430
374
957
295
251
221
1928
179
692
232
574
1087
541
68
811
54
180
267
155
919
164
69
318
335
268
337
268
570
381
318
378
138
275
397
176
136
157
419
353
100
618
203
453
107
299
113
563
145
107
1923
1355
1277
280
444
408
461
1935
77
459
220
176
419
266
213
206
350
76
291
157
253
207
146
102
244
250
175
536
764
347
292
237
363
555
196
231
65
315
206
159
242
185
936
1098
163
508
140
113
172
982
156
172
109
123
251
501
380
94
166
92
317
208
271
348
147
175
131
174
218
1556
171
513
759
160
443
123
209
114
242
138
198
398
148
968
191
144
221
239
127
451
100
207
105
218
121
173
77
622
130
403
298
142
835
102
1252
140
506
873
138
163
576
178
563
257
1985
266
145
458
60
346
1108
121
1095
217
281
519
413
107
322
167
194
679
376
216
197
198
1135
148
229
947
304
2329
151
300
960
246
83
586
600
831
179
134
198
746
143
80
300
165
620
142
186
1049
998
108
131
265
196
256
193
1533
202
850
290
103
274
178
207
488
1523
803
1030
307
381
69
88
261
307
463
39
260
651
115
274
640
500
155
157
311
134
123
356
262
1151
126
628
59
272
452
189
426
203
344
164
84
273
607
104
196
750
95
1554
290
105
1442
739
224
464
373
264
371
214
248
292
1998
352
147
289
573
255
233
276
61
287
112
330
100
215
439
166
145
131
166
233
317
307
291
180
319
228
92
483
383
166
447
143
192
107
110
145
151
194
184
1648
112
179
148
121
552
219
235
433
524
613
53
294
313
617
122
186
657
158
969
458
604
210
149
167
753
84
97
210
374
160
462
343
237
87
197
469
1331
132
210
350
221
94
156
101
1734
117
251
169
1669
349
125
225
252
1833
4562
188
325
190
174
179
212
151
170
215
224
732
411
455
134
1092
262
452
134
244
311
354
414
136
1216
132
280
330
314
179
151
146
78
969
158
798
217
988
2635
290
557
211
216
1790
101
182
165
147
244
96
1392
461
443
148
196
1218
122
165
344
312
147
100
671
239
128
101
205
167
934
312
203
193
585
317
131
581
610
555
814
201
543
202
114
741
117
54
1361
118
538
354
1024
75
208
240
169
341
456
495
180
1002
165
371
746
715
263
438
149
131
251
442
236
60
106
248
266
310
156
429
184
902
271
1774
4646
253
235
133
203
126
158
137
243
117
238
125
154
707
123
134
4885
271
222
173
59
336
773
203
306
415
203
338
114
452
2699
2043
305
386
168
241
231
683
292
332
451
76
441
83
512
354
98
125
391
187
380
267
302
401
289
316
387
362
175
480
292
298
286
205
491
358
567
121
89
124
258
154
468
103
360
1770
211
330
233
271
237
106
196
486
621
637
208
282
145
450
105
237
253
130
250
588
102
315
162
131
282
271
420
202
165
124
2347
212
234
109
113
113
95
102
140
460
957
133
118
266
521
111
48
584
139
204
82
211
87
318
80
248
167
144
276
122
66
258
68
364
754
151
702
294
190
157
272
226
205
213
92
147
300
99
900
441
281
803
378
185
105
182
92
856
252
146
1977
196
94
119
193
271
317
83
121
122
91
307
100
169
133
116
180
106
1339
357
934
296
235
485
389
128
164
1521
791
102
441
415
612
465
1956
338
195
255
124
1152
649
237
245
133
107
486
311
1679
338
283
199
546
214
373
993
366
109
236
184
118
871
154
201
315
367
249
819
112
139
1604
207
414
483
1053
269
156
312
378
119
273
453
112
129
180
131
759
159
269
329
529
403
293
1087
87
157
84
159
506
1116
284
195
165
354
87
433
363
258
601
141
550
115
225
104
576
474
253
421
553
394
116
127
684
121
498
145
715
169
390
193
920
102
231
250
275
223
421
443
423
207
332
90
158
308
441
183
173
164
136
281
123
152
194
98
164
328
483
114
376
1595
686
344
857
247
2074
194
405
703
122
666
117
138
161
200
861
453
982
350
88
123
253
383
131
505
146
159
148
125
1492
252
313
150
200
220
473
164
537
247
449
85
449
171
210
51
396
1819
169
263
68
128
425
108
428
308
404
214
956
173
244
135
204
107
445
563
135
233
240
154
125
219
212
185
119
87
452
1565
1216
154
202
137
800
146
544
77
171
1301
161
1208
176
489
566
236
258
318
176
528
135
1470
163
591
263
416
381
87
217
491
173
468
197
523
212
114
159
199
1648
351
252
324
162
503
230
82
100
401
166
391
364
3518
98
328
295
195
376
859
172
2731
377
182
353
574
266
954
4828
614
430
353
435
230
225
383
271
269
386
342
137
220
130
362
222
786
1679
207
241
2571
429
123
688
183
415
652
523
732
252
99
482
803
163
94
281
177
224
106
99
419
816
178
84
298
175
314
466
536
1346
150
866
573
131
162
447
551
314
337
96
115
587
323
200
167
148
677
254
401
180
473
108
112
450
200
660
412
244
328
376
185
102
170
214
144
191
91
175
164
592
1257
410
104
232
101
335
205
624
210
268
135
129
173
418
283
391
59
234
126
247
3571
1028
355
1326
271
581
207
196
2851
349
125
105
358
138
430
275
189
147
146
90
1407
437
213
93
850
235
139
96
3342
153
156
253
2086
761
119
157
2025
195
131
221
111
1045
97
281
59
254
363
164
340
248
78
238
83
186
495
122
373
173
106
157
147
250
150
100
508
222
406
108
338
484
208
272
1100
158
1493
131
113
101
572
69
133
885
442
189
648
478
219
112
259
343
274
307
144
256
302
69
228
205
559
362
206
373
173
309
837
443
272
326
428
312
165
297
748
403
352
1778
116
111
927
213
305
120
664
419
167
625
117
129
199
328
290
403
230
139
208
280
108
94
243
506
355
302
593
659
186
170
120
361
109
65
239
310
320
383
227
456
188
174
6556
537
577
878
419
141
360
120
260
317
124
121
671
177
342
400
110
536
400
118
187
162
113
496
515
89
133
153
94
406
207
133
338
66
594
151
146
164
164
128
196
861
79
132
208
193
624
458
341
145
219
374
518
90
549
449
246
124
196
1216
672
269
226
413
280
146
1382
259
256
5031
289
98
1733
278
203
1260
153
519
579
202
1208
217
136
439
110
193
838
145
644
108
92
301
86
209
387
814
240
773
437
142
138
1602
133
174
251
365
1124
342
220
156
169
242
184
229
504
455
241
99
206
433
295
79
2593
90
456
79
386
537
2955
1387
1325
275
273
131
110
698
301
152
200
453
660
456
427
1555
230
485
127
822
500
606
482
1849
90
1188
108
179
212
73
1814
287
144
165
212
210
85
300
285
474
51
201
770
788
383
136
142
734
404
1060
519
1384
193
1088
68
92
699
209
881
299
1805
311
278
373
210
865
102
807
301
462
211
136
127
344
137
298
79
631
303
72
241
322
130
202
94
167
1077
154
318
261
219
118
271
81
338
226
368
87
282
208
267
310
103
124
307
233
887
182
103
441
213
527
352
310
297
551
167
174
219
219
128
105
112
68
496
295
138
236
1550
1068
334
346
159
457
263
93
147
96
230
380
400
558
610
508
176
297
109
359
566
229
468
809
113
344
197
1607
125
372
468
323
229
142
217
654
556
63
217
231
618
543
193
150
248
99
176
495
145
831
1765
263
84
690
303
403
97
2642
84
380
114
86
330
233
322
140
250
412
121
571
687
194
175
129
785
103
112
414
236
373
177
146
2072
192
1173
145
542
141
269
487
58
253
148
255
164
252
823
236
197
223
160
817
139
241
285
230
192
242
127
521
400
435
306
710
177
302
120
137
111
196
329
258
134
228
327
187
141
194
233
102
359
270
78
324
226
727
107
256
518
752
776
658
198
176
736
669
442
1046
263
102
352
256
71
322
224
119
210
179
182
195
92
456
346
173
1660
468
146
223
180
125
901
151
129
298
304
164
345
187
1572
106
373
64
1194
423
333
592
214
154
842
296
1421
197
246
158
315
463
1580
189
205
244
944
363
117
119
129
468
118
117
1305
90
241
106
287
502
126
363
798
207
360
417
237
148
405
247
106
365
95
132
161
129
86
107
110
310
1051
270
408
198
786
82
1511
34454
218
763
1099
821
64
323
271
533
531
128
247
89
888
185
263
122
724
162
106
418
144
501
232
1884
372
341
143
630
242
571
217
196
442
267
757
237
184
117
172
327
1129
196
480
203
781
466
1684
287
628
267
265
84
362
195
106
165
261
132
305
141
126
106
157
111
594
181
308
443
299
266
685
153
442
222
377
487
576
164
503
704
1149
226
616
861
369
170
674
131
198
320
435
1421
474
741
144
958
1658
452
584
268
143
474
5791
179
237
351
544
295
466
83
336
339
166
96
423
1030
146
93
296
101
97
150
601
152
301
422
152
308
354
224
76
390
142
154
200
473
328
690
942
509
200
241
102
619
561
246
295
137
1728
383
247
371
172
493
621
109
507
867
346
87
116
285
180
188
1510
149
54
199
140
97
412
472
896
255
438
161
57
168
462
176
562
201
545
433
97
383
542
385
794
1172
138
194
1395
689
252
589
123
408
320
162
386
462
203
177
194
399
230
908
114
151
203
917
863
1002
158
92
344
223
233
158
83
95
231
271
77
420
211
195
115
713
90
4918
314
1118
594
588
631
91
234
222
182
136
134
92
356
736
421
324
65
1022
107
215
89
449
317
247
168
189
197
506
225
75
1279
1825
260
306
306
2853
119
317
75
327
1499
217
275
1231
473
129
572
673
1142
114
907
1137
96
643
168
885
105
1234
141
269
346
192
1073
188
183
112
167
151
143
1376
461
348
798
342
68
91
222
327
329
276
108
659
200
357
571
424
406
148
240
442
109
283
432
263
521
443
118
1391
1444
607
99
477
222
109
405
543
1424
104
119
295
632
970
125
365
208
329
62
2931
286
129
447
299
231
134
290
289
503
150
417
792
321
134
48
60
739
789
434
302
380
1253
189
643
207
823
176
680
3302
214
1334
204
582
381
92
118
1010
