58
19
88
121
23
226
720
201
8
61
195
44
12
29
84
35
32
10
351
60
11
189
5
746
116
19
61
3360
11
6
54
475
210
67
34
43
38
5
86
40
16
43
742
138
1
200
659
377
19
3
25
122
111
172
9
23
4
3
223
145
100
6
97
10
5
1385
216
26
76
141
17
129
10
52
17
52
426
30
52
213
53
125
23
39
94
27
9
15
20
99
74
133
53
25
7
36
759
34
16
3
24
10
176
133
380
26
22
44
44
82
22
4
19
34
103
13
98
213
30
1796
7
157
20
341
279
68
161
9
122
10
540
42
359
36
111
102
8
506
8
136
8
33
130
30
381
1907
9
112
51
8
6
1015
6
70
165
7
400
232
8
2
41
466
180
131
449
217
81
58
16
13
36
465
1
3622
21
69
90
78
11
96
165
51
19
342
12
63
19
0
29
33
112
326
5
37
5
143
280
542
49
95
137
271
30
4
9
48
49
306
124
1536
6
592
121
94
46
18
17
48
198
38
25
19
345
127
222
84
13
25
8
72
80
23
20
19
16
10
382
23
40
69
177
690
79
45
61
46
107
1602
302
13
5
24
42
22
25
50
19
32
35
537
258
6
223
224
7
388
142
47
57
1
34
1554
308
10
18
229
61
11
90
98
168
11
16
12
24
61
7
199
5
41
214
6
9
229
234
13
389
29
44
55
1514
111
158
473
31
42
209
200
5
105
197
352
23
450
19
555
20
53
427
19
638
35
106
36
10
6
76
433
42
21
221
31
230
110
15
28
206
12
27
6
194
8
287
68
51
379
1035
160
134
11
3628
1626
34
562
1
236
168
74
6
144
70
86
319
90
489
46
45
35
50
355
17
33
30
14
264
597
336
423
227
65
6
54
103
142
5
56
89
307
93
493
169
43
21
141
18
387
44
57
18
85
196
76
65
11
147
2251
898
48
29
20
11
168
116
53
1
226
129
74
15
24
285
24
85
38
187
5
1
382
55
49
35
8
221
16
30
260
42
7
500
15
197
262
145
70
246
57
522
12
32
140
19
34
22
54
463
4
19
517
12
46
199
51
5
228
76
12
179
46
12
395
486
10
60
89
875
327
1973
95
34
24
12
13
4765
147
13
34
219
53
264
94
89
5
23
5305
12
53
770
28
15
7
75
18
58
311
37
567
49
103
69
7
289
21
357
897
32
369
169
321
437
28
455
196
24
143
6886
220
115
337
11
46
11
53
4
716
43
219
46
60
186
17
2501
156
21
32
10
29
257
107
36
132
477
33
7974
202
16
351
27
344
10
16
147
54
619
8
43
65
901
18
15
192
9
88
146
230
6
19
81
7
343
1314
27
90
4
108
488
105
96
213
22
8
107
16
535
343
5
134
4
172
82
14
27
27
840
22
60
3193
155
9
91
4
196
19
107
107
18
109
34
240
18
5
349
62
43472
48
329
38
713
28
13
122
201
42
2022
1
185
5
21
118
3
449
258
88
3122
110
208
158
36
223
11
86
360
36
98
51
3
658
140
1099
172
1429
84
49
48
93
2
135
377
117
13
521
23
1871
387
9
70
560
42
20
30
28
756
387
9
20
527
249
46
67
15
70
21
123
802
68
17
338
56
21
68
319
109
137
12
3
230
26
10
1773
22
18
20
54
99
283
156
281
699
2
578
49
281
6
54
21
129
2
2073
6
13
31
348
183
9
456
168
582
943
41
33
16
58
19
28
21
34
52
277
248
26
3
20
66
112
70
49
78
41
62
286
370
10
136
1
23
20
457
346
12
8
44
14
17
109
63
989
329
120
7
45
38
48
109
616
7
35
86
33
62
9
40
33
234
7
8
20
164
3
131
46
45
73
15
13
50
923
21
470
54
134
160
45
10
311
1205
28
119
269
72
416
20
7
32
48
7
104
5
15
92
6
66
265
6
6
120
4
29
179
125
914
301
11
8
137
65
21
198
264
450
162
63
55
69
117
9
97
69
17
45
17
68
44
42
112
28
20
1181
54
50
137
11
34
140
560
13
9
248
355
47
46
96
11
42
74
21
8
671
367
8
231
10
14
114
152
400
25
81
24
485
371
836
28
18
15
10
22
67
13
455
29
399
133
35
193
42
29
126
59
835
101
551
116
20
17
45
5
428
21
62
94
391
11
81
5
4
13
30
23
336
249
15
21
11
345
13
156
21
312
6
168
2172
13
393
243
157
123
135
10
91
140
17
57
199
7
196
37
154
327
19
118
49
4580
143
82
232
803
228
17
13
6
75
4
14
10
195
392
218
9279
178
107
881
6
16
42
21
368
13
62
3
279
6
32
261
17
3377
34
462
76
19
929
7
252
14
75
12
19
6
32
16
15
1
322
62
209
32
94
110
63
4
273
21
24
39
466
12
1491
7
240
11
25
66
14
644
20
53
16
27
7
309
1231
46
77
8
208
178
62
44
30
108
28
72
206
17
18
105
36
48
23
5
47
75
3055
45
22
43
34
94
46
23
185
329
37
64
75
82
178
19
485
148
37
18
2
5
12
89
47
10
3
6
19
18
43
199
111
841
100
4179
65
5
390
57
848
19
4
374
133
209
34
715
58
150
59
136
10
12
19
2023
24
145
953
103
116
117
341
108
63
41
10
433
121
114
319
2
69
27
3470
7
28
21
667
143
53
14
218
54
131
2227
6
167
32
24
173
2262
12
22
27
7
25
11
194
1291
187
161
65
42
21
75
317
4
578
39
471
44
236
33
211
124
144
15
20
176
73
19
23
18
93
162
147
98
56
11
45
146
12
5
20
105
17
64
270
208
245
70
38
275
190
7
28
9
276
30
74
28
149
55
843
42
8
38
12
1
11
525
4
296
22
81
21
337
33
4
96
745
13
5267
83
755
32
77
114
190
5
917
19
69
49
12
503
20
126
205
57
127
116
1086
153
65
16
25
100
172
12
5
32
19
21
13
4
49
274
149
20
622
38
110
149
45
114
34
31
355
349
48
377
15
3
34
487
517
586
10
266
5
1011
25
124
1429
15
28
15
3
4
383
11
116
834
24
44
32
20
130
28
52
16
120
25
111
159
556
1675
5351
20
99
3
26
18
93
9
19
112
3
55
16
44
1
7
845
51
10
609
673
350
239
345
86
104
15
785
216
16
35
200
900
200
85
10
1145
26
21
18
14
34
78
52
311
1326
36
15
377
2
7
11
204
139
1175
15
3
66
18
348
17
99
54
33
3481
33
55
32
174
184
1477
23
122
1088
252
223
1105
85
41
220
14
65
144
57
199
90
5
59
62
21
77
374
146
6
73
10
68
8
162
190
139
990
484
160
378
10
80
84
94
20
68
22
952
37
30
266
387
8
205
119
228
20
55
28
24
18
43
20
34
34
1525
690
56
95
1315
161
665
220
12
17
12
162
80
66
42
21
23
160
18
203
31
67
28
42
7
7
148
12
67
13
14
27
347
20
204
1885
19
14
48
1925
523
24
107
38
170
14
134
142
50
45
266
7
143
149
57
122
31
35
34
7
208
60
280
134
175
42
173
17
196
20
70
21
169
25
166
155
55
181
57
591
218
27
116
138
11
39
10
309
191
124
101
79
30
667
58
148
277
891
6
191
56
9
65
95
16
231
121
11
134
18
8
8
16
158
33
10
52
8
12
39
102
160
37
24
28
86
173
28
5
52
346
96
286
171
74
40
21
31
67
330
21
295
47
14
58
34
7
8
126
121
41
200
248
16
35
33
29
561
34
136
21
216
58
19
26
271
221
17
246
542
27
220
18
18
7
277
308
28
1259
20
12
143
188
12
54
30
303
926
241
29
52
54
259
30
824
25449
146
23
49
72
3
13
170
31
8
124
97
128
58
762
7
2894
148
798
35
86
5
147
2
349
2
918
5
17
81
16
293
39
28
387
75
3073
7
546
2
12
94
3
33
197
320
9
126
34
76
25
19
13
394
27
171
264
7
39
29
10
287
28
22
99
10
70
349
3
161
402
363
53
49
98
30
175
39
1526
3779
33
183
54
45
176
26
86
344
447
158
86
2
5
71
18
246
40
85
33
22
74
547
11
341
12
853
88
7
7
19
74
29
1
172
29
228
135
5
97
456
6
12
411
19
26
633
18
103
43
65
24
281
524
108
58
38
29
7
76
1128
17
1592
213
35
68
181
3
41
94
136
26
83
45
390
148
920
6
16
442
410
6
32
192
488
15
68
14
1438
467
74
152
17
325
15
84
64
45
516
119
41
20
278
2039
17
7
9
1
828
15
51
27
13
662
21
71
63
422
127
33
14
95
61
326
566
2626
400
56
39
142
99
78
25
166
7
583
920
6
3
66
102
17
19
89
33
26
66
101
17
1411
142
148
224
110
40
764
96
1004
30
155
1
16
190
487
601
985
19
27
494
1139
177
27
15
64
4
0
771
401
7
33
9
51
519
11
85
58
7
4
37
326
664
50
66
169
19
14
546
14
8
91
1
92
50
248
1570
121
8
56
66
15
278
54
757
278
63
35
95
90
24
40
211
47
9
150
4
58
22
5
12
1782
535
3
211
65
212
889
3
13
41
38
319
115
234
185
153
31
34
210
1470
8
1867
9
25
90
112
188
14
72
38
402
23
81
16
75
27
143
173
1689
6
128
21
20
16
22
36
226
397
6
4
3
31
1718
337
53
243
53
411
18
14
245
58
18
14
9
26
10
91
46
139
209
8
191
212
116
7
3
33
65
144
134
53
110
81
183
58
109
40
5
1113
35
22
25
628
507
241
19
6
66
1217
33
5795
238
115
3
17
64
33
1422
38
2
13
41
604
27
9
138
474
327
108
6
46
137
437
20
9
140
43
202
55
61
526
229
43
143
26
145
156
149
6
480
11
117
113
16
37
446
107
35
19
230
27
154
182
13
2
909
115
357
66
26
71
23
30
939
58
92
271
353
46
145
13
10
6
135
126
581
5
64
82
11
138
60
957
21
40
1623
66
250
49
95
13
531
414
66
156
11
1683
36
24
76
10
113
106
382
27
125
40
15
158
7
44
6
43
34
115
10
566
18
30
1693
8
47
52
13
365
182
4
768
15
37
32
10
18
106
72
1613
247
267
9
302
382
429
14
13
6
72
42
131
22
61
202
378
444
27
778
10
79
19674
39
75
28
85
36
14
42
135
31
13
630
5
32
256
137
465
705
27
111
160
24
52
76
37
9
79
257
19
28
7
1427
308
60
10
14
49
2
44
1486
9
37
101
4
7
203
219
18
21
21
38
30
57
121
8
144
11
29
24
372
6
21
20
31
21
237
288
119
8
3
67
1033
54
90
336
148
2905
54
18
788
18
67
500
250
23
543
336
361
20
11
116
64
12
40
20
43
19
5
35
3
33
143
25
20
35
13
2
20
254
235
8
236
8
453
110
67
1574
385
19
25
240
19
75
8
37
534
36
112
3
4213
21
5
14
45
3
24
47
708
10
51
18
657
31
3
221
39
8577
174
80
303
587
61
17
67
351
1
50
88
30
46
75
95
10
1777
15
68
20
43
2
33
18
25
3369
255
58
70
24
22
55
1413
53
302
33
65
24
308
18
19
27
60
80
116
205
86
84
6
291
615
199
217
28
129
214
39
65
21
15
13
40
35
81
38
143
764
85
9
9
2
67
263
74
67
23
398
9
334
50
67
53
43
53
7
24
525
51
51
286
5
116
25
38
45
31
226
84
59
167
23
12
5
91
17
4
5
3
125
24
45
420
161
351
1707
19
73
80
44
206
2437
77
44
29
86
30
47
893
69
190
235
187
13
34
81
70
542
16
47
4
35
346
146
82
339
8
131
1571
204
114
30
435
236
15
155
16
35
2
315
470
209
160
30
4
197
12
153
88
2
94
118
27
5
236
62
10
163
369
13
30
21
101
57
126
13
176
33
94
122
583
33
109
59
51
93
192
13
91
165
56
1737
105
20
83
32
117
46
393
53
15
74
356
119
46
19
69
35
168
158
585
1083
34
92
19
17
234
51
24
54
88
77
216
169
500
169
8
28
11
182
8
22
66
41
11
10
23
113
1039
236
131
78
35
162
245
14
129
24
11
517
3
20
58
39
2788
17
411
69
5
945
156
19
6
19
58
342
63
283
1048
768
42
268
106
72
8
17
228
21
43
66
48
349
28
221
279
2363
53
17
17
7
233
926
51
34
121
32
193
22
46
614
398
56
52
20
28
4
18
742
144
64
40
131
15
28
11
40
465
31
49
403
39
7
25
29
15
9
10
966
36
901
148
14
233
64
1
47
136
58
28
147
32
96
118
159
67
27
22
8
6
142
3
55
2912
39
42
744
12
30
81
56
944
9
208
26
13
205
90
21
12
402
62
11
17
68
136
56
500
279
111
97
78
47
193
12
24
76
225
166
33
18
48
922
14
16
16
86
1210
223
958
350
390
20
4
251
112
27
165
22
93
28
0
112
191
36
27
760
1133
103
50
52
11
669
979
189
45
295
14
304
33
1018
9
8753
69
128
45
54
11
78
194
156
55
88
4
20
13
28
104
345
87
9
8
7
72
610
35
492
291
269
12
15
12
38
110
2573
7
13
4
38
172
82
197
13
110
156
74
38
8
54
15
11
12
45
223
2
38
87
1014
30
1479
202
89
876
67
309
17
604
22
122
94
158
79
361
115
37
31
27
20
55
260
329
14
38
48
44
2364
445
9
25
45
202
7
4
37
824
243
54
24
60
41
92
410
92
53
16
111
32
18
14
98
11
146
228
174
63
17
21
27
252
40
10
525
64
108
17
128
632
20
81
133
335
103
153
101
119
71
4
212
177
140
246
21
135
38
157
7
94
104
163
6
156
7
852
20
322
2
100
99
760
187
24
32
4
41
30
19
35
129
23
149
2
13
18
166
69
19
126
1
1757
140
34
23
404
104
32
292
13
242
153
335
127
28
7
40
5
189
2
123
47
71
14
56
13
164
73
6
90
82
226
45
17
37
77
475
62
9
39
331
3
2
20
55
79
161
22
25
175
49
145
75
1510
1
30
321
9
16
36
0
14
33
59
391
9
125
54
362
63
10
33
526
135
97
11
234
465
17
81
108
240
128
7
97
343
201
27
330
353
188
123
299
105
155
167
19
131
109
31
356
41
249
91
57
87
50
7
366
58
21
109
519
18
1687
39
45
95
11
44
1975
14
290
325
19
78
188
14
1385
595
187
2
10
107
55
129
36
21
158
22
6
18
15
16
132
981
1107
232
164
87
927
188980
2226
204
94
87
294
42
28
36
5
27
206
81
67
351
5
140
166
181
5060
212
38
68
7
76
34
13429
84
710
223
59
186
1668
289
10
16
5
114
412
1181
36
34
167
377
57
543
22
1036
236
550
9
5
600
148
632
18
43
393
968
5
639
29
16
13
163
44
137
77
756
67
2407
225
28
12
113
448
28
34
427
1
120
64
21
30
75
70
672
263
693
24
130
36
10930
77
174
48
50
96
497
1597
4
9
149
30
52
12
1006
170
33
163
65
55
20
532
80
2070
85
10
2
93
321
29
1
7
4
10
15
82
1253
344
128
110
20
39
11
11
23
63
119
52
35
978
25
4
410
123
340
4
10
19
24
9
1549
1205
24
23
138
58
3
112
43
46
3
9
59
73
166
10
14
178
12
51
10
19
3
115
350
12
10
29
203
1435
29
138
21
1506
249
5
110
43
382
97
87
766
3
269
7
26
32
478
19
137
456
65
43
292
134
142
873
365
15
85
120
354
117
241
200
232
53
9
35
206
73
151
4
1168
42
1621
191
1
173
49
111
49
27
17
18
33
13
33
13
8
95
9
386
26
172
93
86
7
124
10
55
9
30
329
181
185
25
100
108
8
10
19
67
53
17
48
151
62
341
14
60
72
185
1938
56
433
1550
4707
22
51
24
48
44
70
74
85
46
4
175
17
108
264
8
12
8
61
172
41
25
73
2
73
84
262
317
36
49
209
107
125
32
75
5
125
10
50
67
11
231
1295
9
59
4
505
129
36
83
227
12
368
1486
4
8
980
70
96
18
3
192
346
58
28
5
4
6
685
385
32
101
341
53
8
5
245
381
1315
273
3
311
39
4
41
3
12
411
10
97
18
263
7
612
410
54
16
3
8
30
403
31
549
15
56
328
162
902
11
656
18
286
21
8
170
115
18
300
49
16
38
11
144
3
875
38
31
61
266
8
2509
64
9
3
136
4852
91
472
19
133
1627
23
27
131
21
66
879
247
48
5
235
64
123
20
4
733
16
34
2
50
71
4
126
348
9
19
149
28
4305
118
120
54
63
250
6
79
16
451
45
15
4
20
16
262
90
7
57
205
11
129
60
2349
86
10
8
9
217
60
502
69
34
27
20
3010
155
67
164
122
54
16
7
158
37
280
83
19
25
1174
669
108
45
36
23
4
48
105
80
763
13
203
229
120
178
16
133
105
23
11
299
22
12
93
415
100
45
56
77
24
885
32
3972
59
17
997
4003
149
170
25
46
70
65
104
1
55
32
12
3
27
89
6
31
7
89
97
65
3
31
100
9
90
264
6
28
46
102
33
54
360
11
30
63
7
8
51
92
24
69
31
50
57
25
25
19
56
925
83
220
122
14
1545
17
232
2
26
70
19
35
194
199
477
54
93
13
185
38
185
5
43
24
9
146
249
165
0
231
64
49
18
2
10
120
125
97
161
137
252
38
43
116
14
17
134
2
10
335
16
54
51
158
54
52
1579
407
105
29
41
65
42
809
25
15
121
15
24
15
118
94
35
1463
13
30
151
9
111
21
221
25
52
55
34
14
178
680
321
55
24
4
349
1161
47
177
1159
82
82
103
48
1365
8
44
23
195
110
155
29
300
142
2
169
135
47
166
16
26
280
293
31
33
40
69
191
31
10
297
349
26
52
78
8
121
11
309
176
64
445
28
116
35
75
469
1201
1267
215
71
213
57
102
25
91
268
125
15
33
98
4
1573
277
81
288
403
26
222
778
130
13
677
349
32
116
462
64
32
12
5
2209
143
5
46
6
33
11
76
8
60
29
71
66
193
117
2959
45
76
110
49
2284
41
5
970
3
28
19
230
175
23
29
10
155
20
390
43
78
1
1427
3
188
139
255
65
14
12
25
72
21
20
299
11
33
284
249
1501
241
79
95
338
9
30
42
556
47
370
267
2431
4
26
307
4
74
291
749
102
808
453
17
26
13
54
221
61
12
79
2
484
25
9
76
81
1
106
263
10
344
27
14
18
60
128
4
15
10
4
20
24
3
9
1941
188
110
79
266
75
14
6
63
26
7
5
26
630
86
72
67
914
120
211
183
14
3
176
102
54
84
6
174
59
134
134
817
13
628
44
24
26
105
344
30
11
34
109
75
84
130
39
52
56
420
63
12
107
40
35
4
337
48
112
130
13
538
11
512
48
18
70
1019
6
265
223
35
343
50
59
233
7
49
554
809
11
217
13
10
3
674
14
977
20
21
23
23
47
21
96
85
29
42
60
1
2
272
18
116
42
5
158
7
25
31
376
125
963
32
46
24
34
126
273
4
52
31
39
56
185
27
89
2903
33
25
762
53
34
92
27
24
10
270
38
25
16
298
23
6
24
484
36
735
17
78
135
44
15
198
685
89
129
24
295
149
80
47
60
17
40
7
61
411
8
28
14
9
66
74
44
754
409
83
12
111
36
10
14
5
14
600
28
11
59
12
1175
19
101
171
8
165
1620
210
121
65
21
20
112
451
13
18
12
341
79
16
11
72
455
534
29
449
9
790
726
35
11
233
58
20
1676
132
28
85
84
35
13
342
139
228
185
735
271
111
13
30
357
448
139
54
527
495
142
41
22
17
792
80
22
6
491
5
112
153
105
10
181
23
11
348
32
86
14
7
122
95
1
220
64
93
7
117
24
407
49
8
293
160
63
26
21
219
164
533
142
43
108
239
24
53
11
31
330
80
24
170
30
8
1410
283
187
104
242
61
252
89
968
33
357
9
233
117
89
580
29
1
38
41
38
184
64
8
66
34
70
291
30
31
18
118
12
16
2
145
71
85
194
27
37
98
25
23
25
8
15
28
6
69
20
327
1487
158
38
26
183
533
464
85
108
1506
19
195
304
121
202
49
168
34
35
21
14
6
46
1
2
124
1136
51
1298
57
103
6
1480
120
24
43
146
11
8
83
147
181
14
137
21
2
45
134
5
104
17
3
45
244
4
82
30
163
63
275
154
30
18
81
366
32
200
19
51
124
68
1095
3
52
931
1315
15
32
12
79
363
7
58
588
5
5
304
63
4
85
5
190
5
73
98
16
306
15
53
7
24
41
18
35
1
61
50
110
26
1549
29
754
29
793
87
266
94
63
61
1220
679
1000
164
158
187
19
24
46
154
81
25
400
45
147
70
70
123
2
146
3245
15
116
410
5
1126
35
53
40
91
37
484
212
2
24
451
157
355
177
14
9
89
6
63
13
40
5
57
152
51
31
79
14
9
17
29
5
41
35
7
106
1076
5
25
10
2
110
126
298
10
5
24
354
19
198
56
1581
45
38
62
20
276
18
79
260
347
47
34
29
125
266
374
2710
41
6
5
4
44
172
11
10
103
6
2
223
324
8
111
71
691
43
16
219
418
845
117
1
17
79
11
928
58
17
184
430
76
156
3
5
74
110
179
30
24
5
64
19
309
8
40
304
92
43
228
420
99
102
153
29
248
12
138
301
721
53
46
18
13
103
1484
6
23
86
61
81
62
28
53
44
2678
22
17
29
20
584
1055
6
317
1289
25
2300
37
17
1885
50
29
314
458
72
249
157
214
21
4
655
10
4
59
27
353
270
19
261
24
36
243
15
203
9
28
8
99
88
59
79
14
145
62
23
98
94
11
5
391
1
3762
28
390
2752
89
406
10
85
46
18
137
17
20
8
23
421
43
360
51
64
477
75
57
92
20
12
27
13
54
50
437
2
21
310
102
31
76
0
27
6
18
63
6
215
5
63
4
44
5
18
544
43
8
105
10
1010
613
29
87
16
4
1201
7
36
82
62
96
968
40
89
11
2237
21
347
13
23
1239
15
61
11
5
67
21
56
1667
7
40
1233
12
29
64
5
76
186
39
87
3845
167
18
16
370
314
7
49
25
273
61
40
3445
19
25
3
61
13
27
117
340
65
681
26
201
89
73
17
20
8
11
175
51
66
919
15
4
74
62
101
101
9
225
771
12
43
3602
21
111
143
752
48
7
40
28
233
830
34
325
36
561
69
159
64
28
58
113
22
1089
43
38
15
18
21
12
73
17
50
21
4162
43
404
308
28
176
65
11
351
155
10
4
10
67
21
6
89
14
90
98
148
656
92
2
28
185
300
14
19
79
31
209
13
172
1
30
3
578
35
81
155
1489
28
570
16
116
100
2198
105
54
80
19
30
259
37
3
87
44
34
81
74
74
653
384
24
35
26
13
15
139
224
97
51
30
92
15
14
16
163
8
172
79
74
52
5
1508
5
33
71
5
13
16
12
14
186
218
3426
646
10
89
29
43
51
278
15
879
33
513
153
28
29
504
227
52
79
60
87
488
13
208
398
12
19
52
15
2
59
59
48
622
125
359
145
15
60
225
212
746
743
43
19
72
900
9
7
588
294
111
9
25
254
326
25
108
57
176
25
119
95
72
9
20
16
14
117
86
38
30
54
9
36
141
16
56
94
7
39
50
10
370
7
155
12
117
20
10
266
4
233
141
16
358
48
526
111
6
33
11
85
409
633
13
27
15
16
98
65
1276
140
90
39
28
229
73
14
17
1684
23
387
12
2023
174
222
4
45
130
4
39
941
50
11
60
8
149
95
23
255
69
28
879
16
2
17
225
248
16
477
545
16
77
156
42
519
18
120
76
26
31
18
109
26
60
105
642
292
23
3
27
7
26
7
136
79
65
245
165
274
14
19
75
257
61
140
20
24
12
251
149
22
48
44
40
23
72
56
39
1516
75
28
56
24
281
12
13
2
29
185
61
175
1039
119
27
916
2
109
48
20
5
434
69
46
32
15
21
310
125
2
31
125
78
81
186
8
1171
3811
42
372
21
107
13
46
537
9
116
41
233
390
41
883
223
98
57
132
105
10
2158
495
18
14
68
357
17
141
671
10
46
64
13
35
5
106
11
2076
315
102
127
2205
42
523
53
85
9
12
93
39
39
118
127
181
1482
29
12
1698
4
34
11
27
350
356
77
51
65
16
22
6
178
0
48
106
1308
90
53
552
53
358
13
35
127
31
290
9
314
7039
31
161
65
2574
0
349
349
12
207
166
101
167
83
29
287
1653
3
68
88
21
14
160
8
38
2236
51
38
235
145
11
58
136
81
186
29
397
14
520
8
2398
16
18
167
7
24
62
71
19
67
8
37
77
395
89
1103
44
52
168
1784
94
51
48
249
18
21
575
10
139
109
6
1167
76
354
29
5
145
15
1291
60
57
58
417
14
33
182
14
87
20
209
13483
409
264
31
13
437
81
16
290
1058
318
69
54
746
53
536
122
38
40
1748
75
352
492
278
173
707
17
22
16
83
7
445
24
129
765
60
115
21
14
528
22
361
54
511
5
33
17
11
6
518
48
318
14
235
6
26
109
18
15
132
365
2
15
27
33
14
22
27
39
233
34
28
68
7
455
109
55
7
229
30
764
90
95
30
39
184
492
37
752
125
128
61
45
25
60
17
39
113
123
8
17
343
33
7
99
51
6
438
15
116
54
29
107
10
22
40
42
1978
100
18
1000
54
31
36
64
25
94
40
10
406
156
99
297
112
12
9
15
18
152
2
17
114
399
145
236
327
596
107
40
849
5174
339
336
86
4
132
65
32
12
185
15
2085
74
6
43
133
73
728
132
44
8
60
67
42
51
29
6
23
106
10
23
168
10
22
239
120
83
7
23
910
203
78
71
46
921
9
8
474
10
101
5
2020
358
9
9
5
84
32
20
44
13
61
35
21
123
10
1829
1833
24
52
15
0
54
10
29
77
309
53
9
4735
64
88
180
52
155
41
38
43
11
3521
1672
54
1328
75
103
39
86
51
223
40
134
76
0
28
3621
551
63
340
123
6
6
27
87
20
3
482
934
85
138
12
16
58
241
70
23
31
113
367
113
74
70
77
987
118
114
5
15
642
10
23
81
372
1052
25
458
859
165
487
67
19
42
106
25
185
243
295
471
575
191
34
4
3730
11
173
72
31
29
121
162
32
57
75
103
226
1518
50
18
110
467
406
23
22
27
294
18
58
89
116
1189
226
53
5
6
30
1227
369
4
256
102
3
62
312
22
10
121
7
64
246
349
12
171
97
70
79
257
33
78
33
93
96
146
7
1420
300
129
16
301
151
9
19
0
47
372
752
2100
91
14
147
309
5
28
175
565
289
29
10
136
169
52
251
153
7
31
17
223
725
196
93
89
104
413
17
103
32
12
7
11
6015
124
258
134
37
266
26
1136
38
766
16
3
41
2600
9
214
677
10
1128
335
20
1109
4
254
29
92
6
76
6
55
13
8
56
344
11
19
124
23
968
12
137
30
260
132
5
82
238
15
12
252
11
141
95
62
132
561
48
51
212
182
2494
134
77
2259
6
506
291
68
134
122
1989
44
373
81
363
138
20
49
10
287
51
46
82
25
223
54
18
13
2059
231
26
10
54
106
79
51
82
9
23
1
20
211
16
8
47
21
57
1994
9
9
68
907
1340
22
145
41
25
8
8
71
1354
95
41
11
66
186
38
291
21
54
212
63
111
11
104
162
53
130
401
11
34
26
6
25
43
10
30
14
510
69
780
10
89
673
74
2
199
131
173
257
21
11
659
51
81
368
3474
173
36
6
129
98
31
78
5
102
50
19
20
730
200
9
2
16
133
56
122
52
106
207
71
163
66
39
189
297
54
157
8
38
15
37
28
28
14
15
63
11
17
60
12
333
2048
156
388
142
238
424
27
63
16
5
15
15
368
10
663
55
10
28
46
20
103
72
12
1174
200
32
299
122
969
40
8
1
132
4
69
56
74
101
54
27
24
84
135
216
32
32
228
506
53
46
14
3295
725
88
13
538
22
0
6
89
44
188
56
60
270
138
275
182
203
38
26
30
20
39
16
931
15
49
32
274
5
46
220
369
6
103
11
175
3294
143
40
3
115
315
28
60
45
10
361
222
36
3
15
242
98
47
13
1066
231
355
5
370
130
25
86
11
13
162
348
878
162
18
1622
3
24
5
17
189
40
61
47
176
238
174
11
4
33
71
57
485
397
32
58
34
51
40
235
193
14
1863
681
133
5
25
113
82
454
233
12
38
9
9
129
5
192
358
532
64
465
71
21
318
95
35
17
169
4
21
32
14
49
634
19
33
18
774
179
16
35
8
156
42
7
115
198
95
401
52
9
126
363
47
19
160
24
280
84
219
919
19
432
34
1582
1
41
5
57
37
20
20
110
17
84
112
257
42
186
61
200
68
32
93
8
33
1433
48
701
41
242
279
40
119
7
1487
384
19
16
9
43
37
594
280
1346
115
10
68
57
288
30
225
25
257
6
61
6
133
6
68
140
306
87
1207
123
7
27
1570
2
348
277
28
20
30
267
121
1040
8
51
1566
129
115
63
7
793
17
43
56
23
4
43
28
26
81
36
10
1325
130
40
311
91
11
9
36
80
14
674
255
32
31
22
20
124
36
26
6
21
3
201
676
59
15
7
2871
3
38
109
318
30
2
142
29
51
4296
170
21
59
384
10
10
51
23
6
425
4
13
5
191
19
14
762
25
188
1095
23
12
67
29
9
22
50
691
35
24
5422
38
169
108
890
130
182
127
1165
6
130
349
808
2807
9
20
9
137
34
504
54
5
72
18
49
70
217
136
5
131
16
432
21
9
42
52
46
27
38
1064
12
305
321
29
33
185
8
99
157
1
42
11
401
99
44
116
59
732
72
2
13
271
255
122
52
3
4
83
9
44
67
98
27
9
9
8
27
8
8
137
10
69
2
161
24
25
85
12
376
109
19
282
1266
2
44
10
15
742
12
7
1507
20
50
55
85
673
174
128
6
32
193
52
55
222
412
179
23
647
8
12
24
69
7
17
5
49
919
53
87
19
44
7
298
1335
77
466
21
7
50
61
8
65
17
516
22
43
118
26
0
16
11
161
205
95
285
301
174
208
92
8
279
371
394
15
30
3
2313
264
13
188
1510
182
52
127
50
73
0
1289
33
24
33
679
7
30
19
320
32
4
15
13
56
540
44
24
24
12175
763
72
33
25
26
9
101
10
20
136
4
28
15
14
24
153
64
1361
437
410
54
53
4
58
90
422
12
37
34
12
199
67
67
1554
36
135
2553
67
7
78
247
38
55
589
1205
17
6
33
7
728
48
28
253
135
8
47
27
124
82
152
823
87
546
21
32
381
73
23
98
31
22
1
11
18
333
8
77
394
166
141
28
16
280
383
269
27
14
854
16
408
587
9
2213
94
13
1646
11
7
121
25
114
7
39
11
54
117
120
74
142
59
62
63
13
11
64
802
7
9
60
7
24
12
16
39
370
118
1004
44
67
162
8
269
26
83
79
8
26
70
120
186
94
63
398
3968
26
1329
51
3
20
108
113
113
1
102
27
14
19
62
64
321
25
231
21
18
119
49
33
17
351
87
9
357
4
3
342
193
15
27
810
48
413
924
82
22
3436
3
379
247
60
17
552
5
55
47
860
2
702
4
15
715
1
544
89
1980
12
10
3
1021
1521
173
43
15
102
64
115
24
113
23
72
12
18
43
17
87
15
181
366
21
11
13
44
100
48
27
7
333
102
339
356
79
11
23
20
9
48
4229
242
2
406
1151
17
51
10
47
53
42
35
45
212
11
693
20
120
5
23
16
39
21
2
39
203
179
14
15
25
40
177
4
30
129
309
21
374
215
516
81
190
108
8
161
20
231
302
18
395
37
241
81
16
259
1972
496
41
6
12
230
25
167
4
131
24
55
696
167
1073
25
521
63
22
36
7
19
97
1116
968
15
18
78
128
1245
90
37
13
67
12
291
8
89
130
399
43
6
2
18
469
69
9
69
9
174
180
47
11
16
15
138
749
40
54
52
153
30
11
68
89
463
2
8
35
565
386
94
56
437
3
10
160
49
540
877
226
28
4
213
78
113
1357
1260
71
17
1
117
83
49
145
34
8
5
95
273
74
516
252
695
20
85
10
31
16
6
113
160
743
92
9
58
191
189
23
765
63
71
47
184
3
8
605
62
159
10
19
523
68
200
7
118
165
239
26
395
18
9
2
194
4
469
256
117
48
65
109
31
423
13
13
1058
31
18
11
39
21
71
6
23
2
96
2521
82
104
440
238
256
6
15
180
93
340
5
7
333
72
25
39
2824
377
155
13
259
982
272
44
85
296
403
497
167
123
20
3
70
599
51
60
18
41
23
4
54
11
227
21
113
56
22
217
117
58
8
368
250
15
185
1383
40
1149
16
10
1320
36
26
22
111
1
2154
7
7
72
49
401
72
133
45
3
915
7
228
20
11
196
72
1
20
1495
78
55
18
12
29
11
261
44
20
26
189
19
862
45
32
10
3
153
149
42
432
27
149
55
336
375
3959
350
25
16
40
1092
16
143
54
63
65
9
12
10
32
24
451
114
38
107
304
177
7
189
62
194
166
244
10
12
252
13
62
63
22
35
35
2
131
103
110
7
186
34
27
995
14
167
13
100
76
7
553
169
41
83
19
1456
131
594
28
15
7
142
738
447
8
13
4
155
229
169
163
20
36
66
11
121
45
9
331
171
52
189
38
423
19
28
305
119
283
745
1023
273
35
12
83
7
64
3533
196
169
471
13
32
1136
214
48
380
18
12
545
42
116
20
115
111
84
59
54
9
60
320
10
2
1653
3
44
127
37
11
257
224
26
75
22
907
12
11
3
6
56
433
445
15
139
70
60
88
139
32
10
92
43
2
25
17
11
122
30
4
137
21
8
139
36
1118
969
92
271
116
740
31
61
146
423
8
54
20
67
17
1844
529
14
28
67
545
30
1117
348
15
59
242
6
33
36
2
27
180
88
33
206
5
22
96
193
229
385
45
6
37
235
57
15
9
13
238
22
10
200
40
13
75
652
8
133
26
8
14
10
1300
46
7
87
40
39
9
951
32
300
65
28
18
196
85
373
30
4
418
20
120
45
40
9032
179
6
450
63
21
39
3
37
71
107
949
478
57
9
38
231
3
5
728
141
50
10
5
106
130
8
14
164
101
494
1
252
547
373
32
11
170
316
318
24
26
50
949
16
23
329
88
19
114
22
9
59
202
6
455
49
29
26
37
21
153
97
2
20
18
160
376
52
9
654
3903
5
1305
31
108
87
34
27
515
44
1297
169
23
32
636
82
17
56
16
21
54
107
42
578
5
32
192
1282
45
9
81
44
111
10
227
23
470
54
10
16
21
23
33
2505
12
13
20
6
242
8
8
462
593
25
105
1499
50
194
8
2
52
265
18
4
268
56
35
908
90
19
580
22
36
240
1
12
374
84
84
141
69
19
299
14
1
35
4
94
1830
389
0
120
50
238
546
50
9
10
1
366
1525
1295
141
91
1
1035
31
10
339
16
189
86
378
43
79
1205
211
21
9
191
154
320
221
238
11
69
53
40
5
9
38
117
219
92
11
45
196
5
12
110
46
222
207
70
1
136
70
30
5
94
551
94
96
3
7
141
59
29
111
7
11
971
35
184
354
153
285
222
82
306
48
89
125
111
527
23
1827
458
52
107
43
41
419
173
19
101
8
21
610
54
552
141
10
3
251
192
247
660
11
76
42
77
30
23
21
1481
1036
1265
60
24
39
21
175
65
532
13
7
10
679
369
48
76
237
17
12
6
20
126
6
24
11
16
110
10
4
15
28
15
12
23
6
4
12
10
25
89
533
85
84
126
124
67
360
36
79
7
8
65
11
4
86
1806
41
34
312
11
134
67
82
109
735
4
804
58
377
14
153
202
1710
27
46
111
6
10
19
29
57
314
722
287
111
60
79
77
9
21
1271
58
4
26
14
24
8
233
55
248
6
4
19
208
8
146
18
2214
3
303
50
71
52
531
26
299
60
5
23
406
20
5
32
15
490
6
122
28
38
63
26
15
14
76
41
161
67
231
52
280
29
7
36
12
219
1251
55
170
47
81
40
125
415
2
338
37
13
14
32
96
3271
291
102
13
18
226
17
13
13
598
42
98
11
24
194
578
11
31
1424
51
82
8
219
210
63
372
129
214
3
219
49
28
105
31
81
100
40
311
624
15
287
0
210
11
61
3
1
70
35
15
68
31
14
141
34
410
9
21
162
82
716
77
34
4
36
48
109
38
8
34
267
27
697
0
21
5
57
434
16
20
15
24
281
235
25
54
141
245
64
647
15
1369
26
84
235
890
55
45
23
1
32
57
14
16
49
2562
24
147
9
440
23
102
247
155
8
3
125
46
418
3201
136
12
37
890
10
664
54
2422
253
930
14
193
6
44
976
353
151
384
544
6
85
21
33
29
290
222
1
168
48
93
155
9
114
5
24
4
286
69
67
20
117
703
5
213
109
178
93
59
78
16
56
0
16
20
105
179
440
49
188
17
114
99
16
175
44
64
124
59
158
194
17
63
81
350
63
166
388
59
17
22
64
91
153
202
341
753
85
974
46
45
35
256
340
18
77
16
15
6
315
776
0
6
29
46
22
99
7
37
209
602
18
122
8
263
4
107
98
149
41
15
332
42
21
1243
47
21
308
38
1486
6
85
25
16
21
59
52
325
318
24
4
170
244
152
57
123
13
429
37
33
90
44
38
1169
255
375
34
21
14
145
21
61
44
170
29
28
285
9
13
395
2
13
1156
57
290
377
156
277
133
208
133
23
458
549
66
20
121
1
10
161
46
2976
1596
101
264
4631
110
76
10
30
9
373
114
5
74
1666
37
54
17
102
127
19
109
106
1517
101
48
154
72
261
41
20
50
5
8
34
743
93
9
9
122
21
18
41
749
92
5
67
7
275
51
9125
110
33
9
217
458
153
60
3075
43
27
18
10
221
175
24
168
131
2139
65
402
0
119
272
24
19
34
26
93
2999
60
1064
125
87
58
290
3
3
21
2
61
57
105
21
750
148
11
55
123
46
17
1
8
46
31
21
14
362
441
26
15
161
1300
50
15
219
72
5
181
564
66
22
63
48
1
92
265
22
50
263
150
46
29
4
7
35
239
1
6310
1450
50
135
32
3
36
13
72
2
86
178
39
36
36
6
126
9
148
43
74
22
12
4089
2393
3
25
333
54
114
25
40
8
10
305
24
51
23
71
2
124
1017
10
176
136
69
114
63
842
7
28
343
111
25
14
2
5
6
20
118
365
46
138
915
785
1045
91
132
965
86
132
22
421
165
53
32
218
1146
77
21
3
48
40
53
27
22
349
5
10
147
12
121
18
14
407
496
22
24
121
10
6
47
1
84
80
49
201
49
276
246
45
15
470
5
22
129
340
32
6
23
19
986
187
82
15
199
109
169
845
36
140
227
3
47
5
115
26
349
5
1741
140
14
836
46
113
354
760
1
26
33
6
26
105
9
44
50
168
14
105
101
128
230
46
76
562
192
45
3
1478
45
16
477
561
79
208
8
1196
40
222
733
47
4
211
95
1314
109
46
9
220
19
98
7
151
819
231
485
390
126
2
16
10
38
292
6
14
84
44
644
163
195
49
25
471
14
26
26
65
343
774
359
205
3
14
29
74
46
330
132
243
642
216
334
34
27
122
34
477
19
204
8
38
67
73
7
19
37
236
30
100
490
7
270
432
126
185
17
15
281
10
415
76
65
4
3
422
57
64
433
209
31
114
21
890
20
114
348
139
131
69
30
1813
26
51
137
297
8
206
23
57
498
168
15
72
27
5
1346
307
26
58
5
35
30
52
375
5
11
112
418
19
3
122
451
2508
1116
66
655
51
753
28
385
23
29
22
265
28
121
381
401
21
17
87
100
248
92
104
332
34
1
122
85
148
6
13
103
13
319
77
23
75
105
9
31
35
55
19
8
21
66
222
16
14
135
153
12
27
196
741
491
37
917
6
1707
116
606
88
279
146
474
480
19
0
16
4
14
85
192
237
319
613
4
13
184
23
6
76
1907
78
12
13
55
11
54
136
8
31
16
683
6
20
6
55
29
171
277
531
37
7
1153
452
30
150
157
656
84
77
31
52
140
78
15
85
131
2
7
53
365
43
141
40
66
90
187
16
202
44
75
516
138
40
8
33
61
227
73
108
9
98
13
61
30
239
68
11
62
10
45
36
69
1
94
34
82
6
46
5
39
39
158
3
324
12
743
42
115
61
48
54
9
490
78
1590
791
73
30
3
23
23
103
144
36
7
271
94
2
5
292
35
16
3
27
20
324
63
70
41
123
8
51
21
1753
3
80
62
3
62
6
575
124
135
204
23
23
52
20
51
661
35
685
723
9
79
11
54
79
7
145
24
53
67
208
14
189
47
10
10
1539
73
18
130
213
145
336
28
105
36
9
404
13
176
439
123
71
2103
44
9
860
19
197
66
215
134
9
10748
71
8
449
101
12
542
44
35
21
202
206
1
461
11
1136
15
85
16
21
92
32
102
356
30
323
51
293
212
58
684
1894
52
33
59
11
446
362
87
22
67
22
23
821
1152
237
22
390
269
432
9
137
283
11
172
126
11
133
7
96
478
171
142
10
18
24
21
660
40
53
155
43
8
6
2690
396
84
12
1586
255
1169
735
142
4
55
46
4
8
28
18
51
125
99
708
8
100
20
271
8
788
133
3608
276
400
56
32
95
6
402
16
2
167
2178
799
162
14
29
13
13
327
59
77
2255
64
18
1689
215
25
352
22
36
56
213
6
90
51
452
118
4
41
61
44
31
43
1206
23
15
66
77
212
392
105
19
4043
8
204
107
347
52
53
3
130
4
1004
37
195
31
28
430
53
4
22
147
84
405
7
25
364
16
1208
235
14
24
316
79
289
32
380
13
157
33
153
39
56
10
407
359
19
14
40
63
28
139
40
45
52
338
19
204
25
503
172
104
754
6
51
66
15
8
394
25
4
19
47
118
394
147
75
83
10
115
25
32
30
1
12
29
18
18
91
80
21
24
26
16
97
165
4296
9
14
31
18
16
1
3
12
13
156
25
1069
8
44
13
4
22
49
31
380
10
103
274
174
16
248
88
296
28
7
539
130
196
16
132
123
171
52
28
1008
123
37
92
2688
13
35
2190
21
19
10
63
109
39
5
118
35
14
25
200
58
30
5
63
141
13
103
428
69
37
56
43
36
42
52
49
231
207
8
5
37
7
96
14
547
25
10
27
39
360
735
18
62
16
48
464
610
14
20
97
89
37
820
70
116
3975
11
114
192
18
199
210
167
158
30
100
283
31
60
665
514
11
8
77
136
13
56
53
1
506
1130
183
313
13
293
128
32
36
96
55
29
6
19
69
34
20
63
18
215
14
359
18
247
52
436
1519
709
30
56
75
678
10
437
517
19
37
173
87
62
2
81
867
242
140
13
10
376
137
16
28
6886
24
498
77
30
1334
2
122
307
266
5
282
52
56
86
66
56
455
77
109
34
90
12
17
286
8
28
72
128
1485
14
18
90
197
249
67
85
566
160
42
3347
147
49
120
56
35
5
55
194
46
56
38
26
393
10
148
50
119
39
15
79
450
121
146
77
45
102
818
38
132
195
96
306
144
29
25
114
23
115
452
53
50
10
6
34
45
12
1284
6483
247
315
97
2045
20
88
48
59
148
63
78
92
167
923
54
137
488
80
46
15
262
38
260
208
1375
353
99
98
27
230
45
18
242
39
24
8
40
4
6
68
22
17
25
458
49
418
4
244
76
128
174
6
0
55
1543
6
22
35
7
68
15
1473
46
67
9
21
175
922
886
12
735
8
418
1917
81
565
182
48
105
12
250
20
108
52
102
630
9
147
308
179
54
324
24
29
20
1994
27
451
31
70
13
61
10
507
76
98
60
1468
85
35
61
127
856
321
677
27
100
459
1
1899
192
30
139
103
83
238
1061
202
171
21
256
232
13
112
73
17
387
228
56
12
54
1570
178
126
68
27
106
399
192
27
713
25
10
56
14
21
29
32
31
184
59
28
38
18
17
19
35
5
9
3
24
120
234
295
10
77
102
484
22
1194
45
301
93
408
223
41
128
622
10
233
104
45
932
118
351
45
505
1426
44
32
204
315
9
188
198
14
388
294
155
182
14
12
37
710
16
87
37
94
48
18
363
6
9
10
7
158
18
14
178
2312
197
1180
21
85
121
19
11
50
46
21
14
75
86
1005
45
21
283
86
267
390
91
31
47
45
35
52
84
8
16
1572
7
40
7
498
61
58
88
248
19
480
4
400
663
50
44
12464
100
18
20
69
7
15
186
126
1061
164
2
42
2332
112
352
213
37
1
147
580
154
32
11
510
75
130
3
272
33
14
24
352
1366
61
43
248
438
449
22
43
62
120
33
12
48
128
615
118
629
16
2
1368
4
38
264
0
7
37
18
124
452
161
916
48
33
3
101
5
101
117
28
32
97
37
8
10
280
17
235
384
125
217
9
39
671
25
3
82
646
9
35
7
585
15
32
13
1650
26
88
74
9
79
432
10
37
53
26
75
545
9
261
8
42
64
421
137
99
131
355
26
39
5482
473
4
238
14
350
117
2
5
18
541
25
26
5
287
516
6819
1408
468
94
34
101
375
13
25
4
9
13
166
21
32
13
5
8
154
105
14
547
111
7672
219
27
21
385
429
2556
19
290
95
1034
649
124
32
180
67
35
72
279
111
104
1267
32
6
21
256
27
142
9
171
190
40
193
40
230
392
97
65
115
263
16
49
59
1053
469
47
25
345
63
212
57
796
84
20
19
48
58
8
381
303
47
0
475
37
15
9
10
33
146
18
4
22
8
4
289
159
30
10
17
15
127
37
43
36
36
192
53
43
9
87
31
7
15
119
33
3584
440
6
342
17
2270
100
49
721
24
40
33
25
16
946
56
21
13
202
421
52
19
47
7127
197
2
31
1136
491
84
31
55
28
15
5
1592
31
495
62
24
390
185
362
8
125
20
28
27
80
384
66
150
326
48
276
396
30
26
74
10
151
130
79
16
561
16
13
184
72
166
21
480
139
269
176
154
213
40
151
232
123
20
68
1379
185
176
47
108
1189
56
5
533
2232
278
101
74
82
128
808
107
13
11
25
36
5
14
10
37
278
44
33
11
18
386
96
87
222
733
13
28
31
286
18
155
673
16
54
17
3150
1
207
18
97
14
30
119
450
105
194
231
51
320
189
15
98
181
150
24
13
8
115
36
9
31
126
58
43
125
1111
593
7
57
30
43
1703
10
829
25
46
13
198
43
849
9
247
229
6
33
35
9
201
239
55
132
169
81
5
150
16
50
960
7208
538
3
1
114
41
98
16
182
17
81
382
165
70
15
269
32
87
46
51
18
118
24
35
461
353
83
9
7
517
19
1036
73
51
48
16
9
111
8
24
8
778
7
22
27
2
92
183
30
88
63
3
49
9
839
20
193
179
37
10
121
268
2
28
92
110
346
62
110
25
357
606
146
107
63
102
56
62
132
63
78
68
117
33
86
41
1102
136
483
78
108
0
53
41
11
105
133
28
553
183
8
28
2256
4
447
1
55
121
36
23
5
157
48
1118
8
6
338
135
5
23
4
92
264
7
516
5
219
15
138
2652
97
72
32
95
200
33
13
4
8
96
36
41
19
27
20
42
1625
283
27
200
53
23
28
0
73
62
79
96
34
38
24
50
6736
91
17
20
4
774
163
26
495
112
89
189
289
22
218
13
405
60
130
40
8
90
174
141
31
21
17
57
2
17
311
18
492
8
17
230
74
284
1842
10
378
200
409
15
23
13
16
94
430
16
49
22
1048
202
1136
397
4
92
490
24
258
50
6
32
5
138
395
7
7
45
5
538
143
8
127
20
94
45
56
38
36
101
36
60
45
8
104
46
40
24
7
134
10
346
6
96
14
176
5
44
205
154
9
41
14
8
1816
179
816
42
160
798
76
54
12
14
214
71
312
5
4422
180
342
82
165
23
7
1324
32
6
7
201
707
4
43
16
42
306
24
326
3872
83
16
113
5
75
298
6
15
593
4942
53
1
120
352
517
133
66
163
15
107
125
5
87
364
126
273
10
13
100
31
74
42
153
698
12
0
16
15
670
3157
155
48
11
30
145
368
6
53
89
222
29
320
78
51
79
3472
67
18
115
98
36
131
130
219
173
695
9
195
15
5
2306
15
193
20
197
54
125
91
8
182
586
1713
13
97
124
146
71
81
4525
26
116
86
205
157
12
7
64
8
35
108
177
273
41
74
31
94
9
82
177
3
16
92
346
393
1251
90
14
13
23
201
6
87
22
66
143
89
30
6
113
4
25
12
8
1071
23
3
24
31
120
369
120
429
210
435
59
35
309
29
86
23
16
243
24
48
7
318
13
1327
286
74
508
375
1099
12
324
54
11
87
55
790
2
843
45
644
43
23
5
155
2616
1462
9
218
147
45
70
23
30
43
25
115
348
99
620
316
78
11
1368
5
83
1
312
37
190
12
26
6
73
27
5151
109
27
38
127
14
29
162
104
23
14
914
56
560
3
612
111
70
335
21
93
44
57
48
37
107
46
26
279
16
177
209
289
20
7
15
22
7
23
634
9
6
628
25
168
19
37
13
27
218
65
208
12
28506
60
15
174
18
62
93
24
88
104
17
2
210
358
645
103
54
271
522
246
43
270
279
14
537
759
594
73
688
8
48
73
50
1333
30
433
161
3
27
91
690
37
7
12
699
612
31
245
301
5
237
340
2
126
27
11
40
35
548
42
26
9
11
36
6
24
34
77
2024
2150
248
31
589
48
230
22
9
453
58
1507
47
26
155
86
145
9
81
1641
37
9
12
1
408
16
347
132
39
46
16
2
43
169
69
12155
624
17
514
87
76
21
468
415
8
454
8
88
132
42
142
22
15
27
18
71
929
19
3
2
29
4
13
25
1
14
37
113
7
56
38
8
106
106
33
16
60
8
21
55
590
995
28898
114
101
289
26
482
827
37
285
25
205
13
49
268
72
32
619
186
696
1545
19
26
382
75
69
13
14
42
78
141
4
1815
3
190
23
167
8
55
366
51
1224
6
24
1405
14
2
88
159
26
124
59
24
2
58
112
389
128
1
7
205
85
246
443
56
2
5
86
11
89
136
221
8
5
27
53
29
24
12
20
45
157
34
59
25
410
422
22
336
31
390
28
56
83
14
319
206
20
79
14
19
205
85
10
459
8
26
45
8
496
337
37
227
821
17
112
6
27
7
27
168
837
71
1055
27
10
46
15
49
4
9
28
103
132
60
13
13
149
5
172
172
52
292
96
97
12
10
16
101
100
37
75
29
64
3709
29
5
473
7
371
53
14
24
79
85
20
429
55
65
3
42
37
247
4
14
11
21
23
13
210
59
47
217
816
2
112
63
367
132
4
8
382
535
7
375
302
78
50
49
54
171
49
677
14
412
53
1170
299
9
24
37
678
870
186
521
150
53
415
131
5
14
75
136
21
32
65
198
16
6
9
207
735
5
38
15
158
1434
47
11
490
11
2402
190
3254
563
10
46
64
120
27
16
94
59
210
426
4
135
164
163
21
36
9
44
19
67
71
58
6
10
34
19
4
58
83
511
28
7
9
51
75
1654
9
222
270
307
48
59
358
67
136
252
29
46
45
206
5
25
26
30
241
40
97
31
42
46
41
64
173
58
76
3
124
44
54
6
4
5
474
1900
7
51
23
408
28
670
14
46
29
125
37
19
42
431
170
683
151
12
17
21
76
69
171
72
18
122
7
14
15
682
2746
51
25
30
158
23
341
522
20
1082
150
33
461
1340
83
460
40
20
95
37
30
22
9
72
6
5
232
285
52
91
2277
476
87
235
48
8
1
103
183
6
59
57
2327
119
135
721
19
11
5
69
49
13
8
57
25
91
88
57
92
21
27
49
6508
590
226
429
21
77
1082
139
378
121
11
14
24
119
4
763
109
51
337
27
12
55
125
2462
39
208
546
52
22
154
192
62
50
3
521
732
47
1031
129
34
9
517
73
450
16
2
25
13
29
493
628
271
31
40
29
41
13
47
253
11
30
1239
517
756
110
138
59
647
13
841
252
93
8
80
34
24
23
1244
30
98
362
45
21
19
13
41
1318
447
285
269
19
346
24
230
188
6
323
70
1239
486
33
836
13
1038
53
52
5
491
65
357
65
50
201
17
132
150
364
72
8
84
41
172
17
422
31
31
170
73
15
38
2
1086
34
74
64
248
15
270
18
87
11
183
290
9
28
27
291
9
65
113
223
2
41
7
119
245
52
1947
36
51
16
23
286
110
624
576
147
76
41
220
60
111
51
89
106
12
14
48
482
18
40
29
19
57
24
497
262
144
27
19
91
169
319
102
116
14
322
71
450
248
176
48
166
25
35
78
12
7
2831
1003
484
3
207
11
41
201
168
178
87
365
223
237
6
21
23
7
33
34
50
146
101
9
15
93
4
247
5
4
56
77
1
95
10
24
468
936
1294
208
18
761
346
15
250
26
201
14
143
295
94
10
181
198
69
42
80
11
27
43
139
201
0
9
427
16
3095
95
13
15
48
155
32
39
12
5
184
72
19
24
10
272
74
50
8
7
248
10
675
6
23
28
30
145
402
12
107
69
26
60
10
60
741
68
1490
325
140
14
400
174
92
43
60
412
13
3
15
169
260
4
88
21
773
826
101
15
6
3
397
429
32
2
47
10
17
35
14
12
23
35
59
85
426
25
22
151
285
13
176
455
99
52
58
6
555
145
41
532
16
10
153
42
5
24
96
63
23
14
127
7
314
53
75
207
188
61
35
17
44
34
16
57
128
84
979
1381
276
111
41
342
21
90
180
197
11
20
250
96
353
84
16
117
18
45
40
93
213
16
1206
1
730
131
457
534
204
26
106
369
21
5
30
138
88
67
20
140
360
159
7
128
1281
379
59
6
20
14
68
18
28
34
80
67
70
146
77
11
1256
16
4
151
354
7
396
185
20
12
8
766
286
36
56
295
130
365
16
26
24
263
71
28
812
12
1618
2
98
107
6
232
162
6
18
11
438
12
590
65
153
916
522
56
155
41
3
18
143
62
38
244
113
141
406
171
67
305
195
38
20
426
2
219
15
499
33
66
1133
217
15
87
13
5
15
258
239
313
447
15
75
80
16
35
86
43
38
20
37
75
7
2253
6
193
19
205
12
973
27
622
9
22
2
29
10
174
30
720
21
407
108
882
11139
21
24
6
5
26
108
11
51
33
748
54
23
44
56
33
59
645
428
654
11
34
5
765
484
72
15
33
18
209
46
27
291
271
770
7
49
178
2044
5
92
376
28
63
17
36
10
147
235
39
5
4
26
6
108
15
92
568
331
530
12
1135
607
295
91
7
332
124
36
191
1
20
49
18
389
926
245
63
77
109
129
1230
64
35
48
50
31
57
117
484
210
73
16
34
22
219
35
11
471
18
48
41
313
42
113
154
337
221
33
111
11
1
93
5
51
49
18
6
25
35
175
6
36
9
602
35
3
36
19
80
47
24
58
110
206
20
27
59
166
156
218
17
73
90
10
265
67
26
110
659
150
138
122
29
325
184
28
16
47
53
4
20
341
24
8
39
135
26
1
18
104
155
16
11
36
1384
790
343
13
73
527
27
4484
1802
435
24
533
4
115
37
8
149
83
160
3
585
28
5
260
4
14
138
16
13
71
1
51
349
306
20
766
82
44
13
402
22
140
786
75
13
174
240
98
256
17
15
66
26
188
5
16
116
67
104
21
18
34
494
169
187
7
199
43
379
201
394
47
1031
114
13
353
4
192
600
16
22
363
48
148
16
113
205
12
46
43
258
97
11
7
223
134
617
9
60
59
7
491
9
105
2
90
6
69
1639
88
30
453
142
77
2
55
317
35
36
125
6
5
681
16
19
21
29
20
112
4
27
11
147
7
28
21
18
5
265
142
92
36
191
46
47
21
69
914
3447
6
160
33
12
40
20
28
45
35
31
28
14
458
23
306
23
41
201
244
263
102
9
23
119
341
65
140
12
39
18
31
1198
53
14
66
9
44
34
500
28
500
117
73
205
87
4
88
182
159
24
303
6
11
13
13
8
170
140
374
176
3740
702
9
45
3
374
8
39
109
46
198
86
43
10
199
4
168
4
7
419
449
11
14
83
257
16
58
406
46
204
5
153
10
18
43
9
9
46
5
13
80
30
30
379
14
10
233
6
6
4
133
423
520
448
83
3
73
38
9
502
523
36
632
76
114
12
32
307
27
43
4
18
89
164
378
16
604
17
309
72
868
501
30
137
255
13
15
102018
35
95
104
132
5
1
410
232
235
967
147
4
44
115
682
158
108
327
15
7
129
374
93
17
24
21
9
38
570
16
75
79
140
3
187
16
35
417
12
134
445
143
229
13
37
94
25
442
7
29
40
154
278
183
28
14
12
62
13
477
7
15
100
11
6
6
17
31
14
81
8
15
30
14
32
69
45
59
688
97
1451
21
4
63
14
6
15
8
1626
13
18
15
176
361
63
297
4
816
28
665
259
15
55
22
57
16
61
445
1166
79
515
144
271
340
135
20
13
176
206
276
86
29
6
1
143
29
238
552
380
32
62
2
91
93
42
26
126
21
352
45
21
253
163
49
98
236
3
49
298
29
725
316
225
3
229
18
52
55
41
39
9
63
7
23
520
48
11
26
7
18
8
40
223
7
793
148
34
36
27
12
182
263
63
12
348
66
15
32
40
2
14
54
134
18
26
342
11
29
11
19
620
173
17
10
69
208
332
1
63
6
22
80
100
55
208
18
138
82
53
93
872
19
29
17
10
8
3
144
15
60
21
144
80
155
8
18
226
81
26
52
27
342
36
157
48
108
106
44
39
7
19
341
180
3
19
37
58
40
11
9
24
39
13
83
46
129
43
112
225
467
130
14
15
62
28
47
43
100
17
158
52
226
1
20
8
27
137
60
24
21
215
73
14
13
7
4
196
2498
80
34
10
82
12
349
114
72
122
11
28
3
362
343
462
75
21
468
12
628
294
198
29
26
161
0
14
92
225
4
9
1
14
113
201
269
807
456
589
11
67
7
157
34
23
63
34
22
27
155
77
12
113
8
38
250
283
32
59
257
382
12
95
28
8
62
39
296
13
812
43
5
381
1026
239
36
60
110
164
8
174
14
23
575
26
55
8
22
177
13
26
7
1151
37
18
582
4
364
236
1970
888
17
15
127
104
17
37
45
369
130
711
14
283
20
36
161
43
146
80
417
239
12
21
593
272
9
78
47
46
2
23
363
14
108
129
19
17
50
63
108
19
94
146
46
44
58
208
64
14
202
23
44
40
25
76
15
17
51
6
30
2
54
63
1026
98
178
90
41
308
5
54
11
18
155
10
240
62
16
640
25
17
75
1288
15
8
17
64
8
9
277
346
375
69
10
5
56
146
216
234
69
121
12
46
28
62
10
80
65
205
30
125
125
270
120
589
30
148
42
16
199
36
32
15
20
29
391
408
225
76
225
118
4
520
10
8
75
12
107
59
17
52
612
134
6
7101
326
72
3
61
21
209
15
22
46
34
532
4
123
23
66
5
25
376
7
835
4
162
44
726
15
182
25
184
387
67
41
146
84
505
202
13
53
1523
177
446
60
2406
66
11
13
47
71
18
262
21
103
26
26
252
6
118
731
715
8
429
360
75
20
77
314
187
207
10
87
128
20
66
14
23
86
52
4
24
166
260
180
58
2611
48
329
167
9
5324
50
26
449
267
3314
18
28
30
864
141
14
107
62
155
18
39
305
71
25
17
203
4
42
51
10
129
36
40
136
101
73
23
14
21
205
101
83
82
28
41
252
41
17
41
22
26
24
23
2675
101
45
1121
336
11
1214
137
12
44
121
170
2321
212
72
28
10
100
637
160
9
24
28
13
519
414
170
71
397
28
33
346
1122
27
65
1135
33
4521
11
364
21
4
54
95
384
26
11
110
7
119
808
150
71
244
25
117
142
13
80
444
56
7
15
288
12
105
414
121
18
43
214
70
31
78
170
843
162
89
227
119
36
18
87
146
13
33
190
645
30
107
94
225
6
156
348
449
176
109
10
28
60
51
51
12
50
374
397
401
143
17
21
37
44
53
10
51
14
482
26
17
79
393
26
67
47
192
13
9
27
21
34
174
1
233
305
70
21
26
3
40
40
6
407
127
115
378
213
96
7
209
462
477
18
10
67
38
2180
24
277
133
149
38
13
33
7
430
27
14
162
5830
26
741
444
184
29
8
380
13
10
924
10
59
139
19
76
33
49
118
38
19
50
15
14
1
1680
550
26
473
7
753
5
172
42
51
88
19
3785
40
81
113
8
3
18
22
352
43
7
23
7
419
9
28
140
552
29
382
332
36
7
31
50
93
3
647
4080
189
613
570
40
156
155
4
30
145
56
111
237
5
188
24
196
19
77
4
9
32
370
111
212
152
15
16
26
21
157
235
110
189
967
261
66
90
25
13
32
269
46
370
433
154
43
1027
33
7
299
2
43
47
547
68
104
143
407
249
102
40
7
9
209
3477
76
54
10
48
20
12
210
104
10
44
16
3345
56
542
36
233
22
13
94
19
153
86
2
34
44
35
152
14
15
41
19
435
21
61
36
32
60
4
763
70
14
168
7
136
16
88
136
45
34
15
63
349
13
12
7
27
8
650
27
32
51
33
37
51
18
144
122
17
543
173
97
163
220
27
17
3
86
58
95
137
217
714
19
151
52
57
233
132
1291
33
9
45
44
217
2932
219
67
311
23
10
1076
15
134
167
8
232
10
4
1232
573
79
7
401
168
894
281
148
58
28
16
293
3
44
336
31
100
171
111
784
38
2
1771
107
9
102
109
11
28
1555
14
129
1338
342
28
3
60
540
27
249
152
67
10
59
27
2329
19
48
2879
543
174
115
20
12
13
208
108
15
79
341
31
223
39
26
84
82
2
43
36
284
106
188
27
271
4
57
91
229
410
6
1
35
91
13
922
13
77
88
33
11
78
70
147
24
22
20
181
357
141
22
1032
79
20
38
6
841
260
33
6
265
43
1526
137
91
494
56
9
46
82
23
638
219
6
32
30
720
51
87
52
978
5
370
15
20
73
184
27
88
199
64
197
12
5
14
152
17
2516
767
27
7
1054
36
222
645
47
18
62
200
246
72
391
22
11
75
201
5
268
1
27
64
227
26
324
148
34
62
36
465
279
320
32
115
100
3152
56
2125
75
162
3
217
57
10
15
174
343
21
176
8
494
29
51
296
300
30
339
363
23
31
215
35
136
43
101
1190
360
157
6
311
161
266
36
77
24
34
15
14
108
60
8
56
269
189
172
13
7
664
8
200
341
150
259
44
15
36
1603
426
2
11
54
19
352
15
488
26
71
15
9
2
31
220
104
227
16
36
508
213
268
93
43
51
94
3259
40
200
38
249
243
165
144
49
7
21
18
14
9
81
467
1229
282
101
120
105
24
17
49
23
85
104
35
108
4
32
87
276
6
60
57
18
140
17
18
4
74
321
179
75
54
10
9
1021
8
7
16
650
194
705
153
30
114
81
15
43
10
15
4
38
84
81
14
18
212
18
347
83
23
6
120
128
743
357
17
14
153
4
5
73
39
271
169
261
891
833
85
16
5316
8
9
10
34
13
72
6
279
115
5002
45
945
6
10
54
191
5
1471
180
73
78
10
10
82
70
10
3
582
106
1230
158
8
411
17
1025
1259
3
4
7
11
276
24
161
92
206
660
113
27
37
23
6
412
24386
23
394
10
29
11
3
180
154
192
8
5
351
40
95
23
52
204
2
84
1007
990
105
13
9
61
64
269
17
13
40
7
211
38
39
140
17
19
5
296
10
49
37
141
78
27
105
49
61
693
13
286
81
8
1007
11
20
13
74
505
45
326
69
182
54
7
31
560
11
58
752
46
211
41
77
575
427
94
12
159
6
28
1003
397
17
76
155
29
108
287
637
65
42
54
11
94
82
8
23
224
594
39
410
15
18
81
285
1799
38
73
275
47
2
1
99
12
18
967
19
125
21
61
790
44
46
44
748
38
51
152
39
21
138
244
42
14
312
29
104
270
216
23
10
268
42
7
786
1271
62
22
29
299
6
318
21
32
316
22
6
29
91
179
3
116
541
81
113
52
3251
130
13
739
339
94
19
3223
319
19
58
86
9
81
19
52
106
9
32
9
52
43
214
475
47
12
15
583
24
50
10
6
2
138
71
37
66
67
10
2191
198
123
237
29
326
40
10
76
3
10
304
24
26
35
114
52
23
37
24
25
59
58
27
54
1840
3
9
66
72
198
221
3
24
60
88
10
348
139
217
896
56
389
341
25
29
589
7
95
121
479
46
202
228
167
9
24
18
57
1202
19
99
197
1
126
341
177
789
309
10
389
21
196
30
13
44
159
6
1037
1031
115
402
16
1030
10
27
311
553
333
85
88
38
14
13
43
79
179
46
257
41
77
175
30
27
32
20
520
85
6
314
245
61
52
204
194
67
591
756
16
40
2
32
48
315
32
21
168
8
18
288
354
66
129
96
17
86
5
26
24
535
46
51
317
49
130
24
61
12
23
60
101
36
184
151
43
41
769
10
8
81
224
132
336
104
75
80
31
41
48
3901
32
191
253
104
65
3
10
21
14
70
301
2654
61
13
197
121
235
34
642
46
13
23
181
130
244
32
14
13
10
62
68
104
71
240
112
19
11
28
194
41
22
2
2
12
96
3
552
141
147
155
45
79
141
13
93
1857
78
50
133
260
267
25
11
4
236
45
469
4
8
10
320
1849
20
7
19
180
51
37
7
309
22
47
60
244
293
6884
29
78
12
52
625
14
15
365
23
45
61
22
15
306
94
19
336
356
42
847
10
64
33
17
49
56
42
291
7
1620
67
35
49
1272
13
26
566
782
313
14
308
234
14
1276
106
77
256
68
146
18
69
492
12
17
67
8
105
27
16
4557
91
19
167
30
83
323
24
69
426
793
190
169
99
274
10
189
87
186
464
690
75
313
11
881
139
45
41
264
24
9
267
9
82
28
61
82
1037
3
2
53
1
88
8
271
13
25
9
32
121
23
64
5
19
433
9
45
342
14
21
68
89
351
35
9
160
1936
42
33
2009
33
804
677
52
2
110
4829
19
455
47
107
594
511
57
237
54
459
8
5
12
69
129
98
40
198
7
190
271
9
36
211
222
77
104
567
112
602
1081
36
125
1307
63
45
619
88
49
30
2601
8
779
86
78
0
34
1
263
11
14
67
64
14
7
22
211
332
114
17
126
25
28
234
141
138
132
5159
407
52
49
29
22
30
46
291
6
41
22
136
62
394
660
37
9
66
81
284
620
21
90
358
13
94
22
50
752
358
437
5
15
6
14
143
40
21
392
876
78
62
6
20
28
24
353
1960
48
13
38
34
126
186
5
3
72
256
1311
58
49
53
82
4
1127
61
24
81
105
239
18
26
84
101
11
668
75
69
9
41
7
122
180
385
74
47
41
32
100
772
5
234
8
10
5
57
12
498
14
108
45
795
45
561
33
38
125
9
42
6
11
142
29
54
1278
3
319
1
10
135
9
15
4
371
45
39
76
811
11
2
235
34
88
18
31
10
5
38
278
9
148
1466
440
88
518
12
18
131
14
97
486
22
939
12
733
308
328
86
24
1522
119
80
252
90
3
109
10
13
300
24
142
2
13
55
5
89
28
295
156
0
34
42
11
87
3
12
82
7
7
188
69
13
33
17
72
877
6
5
152
572
303
85
45
972
8
79
23
40
1770
88
24
319
51
18
18
4
31
10
133
389
72
15
29
133
29
13
121
68
16
40
13
69
861
17
9
13
3
7
16
78
156
136
451
45
39
43
31
436
1052
302
12
26
132
7
190
12
2242
57
20
24
147
1195
142
15
29
197
118
479
8
114
285
1146
98
27
20
31
245
12
30
243
18
33
183
19
320
26
11
8
7
43
62
79
69
11
4
265
101
52
57
8
96
5
933
44
183
25
33
156
669
5
162
18
77
640
25
64
23
40
70
3
300
200
24
6
25
16
91
33
3
339
3829
217
87
17
53
16
5
22
482
33
1060
16
268
6
42
161
101
38
10
25
435
256
648
18
26
2
122
117
63
13
342
38
7
445
129
3
108
41
24
27
27
278
1512
67
186
84
13
1842
20
27
31
174
10
384
2408
17
143
35
29
11
43
15
495
17
3094
62
4
595
5
17
28
261
324
117
22
12
200
3
202
15
28
111
92
17
151
77
89
23
12
32
21
268
4
3
136
1604
154
86
436
105
38
238
207
11
46
95
21
72
16
14
36
5
2
47
92
98
115
2
257
108
285
853
87
369
48
28
15
427
6
94
44
52
428
62
19
28
15
398
8
562
5
11
57
144
56
20
354
42
187
8
115
14
80
36
162
9
51
3
143
32
112
83
11
109
23
22
7
39
16
80
14
14
75
17
295
258
340
35
15
157
27
94
22
152
46
207
1379
85
87
26
11
377
30
45
664
98
44
78
16
53
50
10
2540
18
36
227
115
7
305
200
60
25
160
459
53
69
12
117
487
184
90
150
59
25
136
961
221
9
97
142
45
142
169
18
16
6
228
264
30
1115
273
120
72
100
251
10
23
3
159
197
15
24
435
23
1
3
29
49
30
120
14
28
154
36
161
118
45
146
78
50
36
414
10
472
45
45
0
109
186
325
127
250
23
389
163
364
14
101
134
13
105
3703
241
27
11
5
1
39
31
5
15
9
195
218
128
14
8
20
13
329
52
2095
270
213
35
45
15
1889
111
23
89
16
338
27
960
147
70
358
34
11
10
15
576
24
120
9
18
5
37
709
26
297
27
66
472
15
122
155
11
20
162
1992
521
285
203
1863
114
57
420
209
22
15
19
28
483
346
40
1140
386
11
3
42
138
158
48
10
251
33
171
411
20
2
2310
4
25
6
99
27
89
9
166
47
6
63
42
59
549
178
94
22
876
23
80
71
300
38
13
104
103
16
14
7
47
31
537
503
0
5
103
377
24
647
296
746
426
505
36
38
21
116
73
190
216
11
31
2
15
279
2241
6698
519
35
22
69
12
372
10
232
1396
1391
193
3077
100
7
197
395
484
0
550
67
306
24
11
47
11940
35
1462
2
590
61
15
643
3586
6
73
783
13
223
852
98
135
6
882
2419
1579
58
135
338
22
15
144
27
29
301
101
21
107
6
3
5
89
157
10
12
10
104
8
155
6
305
29
56
5
127
340
20
18
59
921
284
9
7
138
221
112
1992
7
143
26
19
188
32
14
35
15
67
117
133
253
15
150
6
946
395
370
388
10
9
133
366
43
18
67
142
6
1417
9
17
16
1899
480
120
215
20
76
84
35
63
32
520
50
50
219
8
1
45
8
14
167
14
90
19
101
1408
106
10823
0
207
47
89
4
250
249
22
181
10
58
20
312
697
84
41
32
322
25
36
13
88
498
763
50
21
1114
50
13
34
156
53
20
57
45
47
193
28
27
1608
54
7
23
167
32
29
29
37
1395
346
104
8
43
440
13
2073
982
104
132
94
188
16
61
186
173
61
24
9
35
94
293
34
297
41
29
27
1508
14
38
117
39
419
36
518
2079
10
42
35
42
999
8
28
175
11
22
19
75
36
444
606
9
29
395
18
463
94
23
7
25
105
46
27
394
32
96
516
84
143
12
113
28
73
346
32
56
322
6
14
132
2
275
3
6
912
10
344
264
26
39
30
40
54
2
30
1084
202
187
40
10
245
109
20
240
250
4
223
31
106
879
221
54
272
174
29
16
14
78
62
38
38
443
37
71
31
91
12
43
1053
46
6
776
357
6
94
32
565
67
10
40
175
464
115
98
64
46
93
54
49
43
5
137
325
426
19
64
126
0
395
339
7
232
67
58
3
13
126
704
152
47
30
317
62
181
83
50
312
437
1951
6
578
154
122
1106
16
667
149
23
160
16
18
409
199
78
10
983
20
75
68
492
33
7
85
74
61
102
16
20
44
62
19
50
7
360
37
56
224
8
357
90
591
10
287
197
28
61
275
13
6
35
18
901
571
461
196
30
640
12
57
131
439
87
99
46
107
16
321
16
189
17
35
15
215
54
17
339
355
56
6
61
26
6
34
1409
40
12
88
26
14
22
45
470
13
3012
476
193
66
33
345
13
490
275
5
631
783
25
39
18
148
27
8
1625
20
54
1513
193
31
48
12
237
2
24
9
6
254
126
94
385
272
552
56
41
369
24545
49
18
77
11
19
102
0
37
20
45
109
15
187
360
21
138
38
682
65
3
168
797
20
123
147
913
113
26
29
94
195
10
14
61
43
43
12
41
32
10
48
106
5
32
47
90
9
126
106
20
81
656
124
17
87
20
271
91
12
31
116
51
16
538
104
9
45
15
9
152
251
5
6
20
37
1337
11
155
164
149
21
55
2050
39
63
102
679
152
5
45
11
87
15
4
1489
11
161
534
71
946
41
82
161
15
37
25
12
569
176
214
215
173
22
17
1405
86
2292
34
31
16
27
501
50
872
25
778
46
526
1334
10
115
80
11
695
3
75
137
23
25
281
56
361
128
44
122
19
83
4
156
374
25
45
169
69
131
39
108
290
12
142
727
30
221
16
12
32
350
225
119
392
98
9
266
77
14306
109
15
630
13
357
14
255
22
65
18
208
187
239
56
126
2
151
41
52
441
124
310
62
83
11
113
39
147
116
618
35
188
41
401
9
241
51
113
337
8
123
4271
159
20
27
190
114
9
56
27
25
32
9
559
84
255
11
54
11
2
72
28
39
2099
573
34
32
723
21
481
62
70
61
637
19
107
4400
86
13
6
77
77
300
113
110
401
26
36
29
7
27
62
331
46
38
657
37
127
2
4
41
166
54
38
15
22
29
236
10
939
113
24
175
136
130
274
11
34
235
32
3
133
819
103
120
154
154
122
92
250
105
76
76
19
14120
22
2
98
21
7
103
218
2387
73
66
14
674
244
534
42
73
5
15
118
33
17
20
17
16
22
308
17
93
53
250
8
6
439
12
6
1
121
8
975
34
2200
94
607
7
50
117
54
82
167
83
200
1401
184
590
8
135
27
14
33
4905
38
33
38
1230
26
13
1817
102
50
21
4276
80
121
44
19
133
6
108
13
77
339
59
104
58
5
77
24
640
336
48
81
19
56
31
6
13
33
1
484
16
63
29
5
158
64
255
84
41
464
222
209
6
4
15
39
7
1737
43
245
56
248
262
16
847
160
52
36
201
124
266
45
302
264
6
29
178
215
9
123
241
403
918
84
298
37
42
1
14
369
347
2160
57
47
246
7
1609
230
432
493
7
111
1078
8
27
101
169
94
18
35
52
60
1097
20
1539
301
20
122
23
752
11
55
15
45
8
108
703
17
37
9
17
56
72
35
12
7
15
94
25
2
484
509
23
139
37
3
108
84
154
7
188
55
22
7
6
84
86
25
41
119
79
14
92
394
24
251
9
246
641
119
13
31
45
551
97
60
28
29
177
275
2344
29
155
71
76
630
35
300
21
405
82
156
22
337
136
102
60
2
117
597
586
104
56
19
95
68
96
426
36
8
17
40
56
18
53
143
290
178
7
20
73
12
282
282
106
6
138
1051
243
15
23
95
10
328
9
79
86
19
118
75
173
26
5
19
55
2
59
150
26
23
202
4
95
0
14
201
2300
38
15
282
3
194
138
45
681
140
58
38
51520
367
112
915
11
1144
374
30
25
