7
4
4
61
26260
159
59
162
215
9984
5
23
18
47
199
1833
55
53
188
43
8
9
218
26
8
415
36
158
5
132
10
269
80
7
55
6
18
380
132
215
3
1133
43
5
21
12
11
17
3
386
3
615
3
205
1
6
23
4
56
44
36
28
269
55
423
10
12
6
28
14
228
3
57
118
31
946
34
791
24
42
1301
205
53
171
161
82
28
33
65
173
46
819
22
16
290
2
250
15
6
446
12
14
254
764
5
10
8
30
28
5
7
176
2389
207
26
1
3
22
119
9
7
25
10
88
10
189
15
48
13
1297
54
615
96
209
101
165
119
55
1
50
521
10
197
100
64
1
76
189
4
3316
142
22
146
225
27
40
10
59
99
287
128
8
29
14
63
1165
14
22
24
1305
54
15
22
5
4
7
271
16
192
27
1
32
94
19
108
77
690
31
10
118
42
13
158
10
75
22
31
88
14
352
84
7
870
28
14
8
65
55
10
70
96
4
197
183
74
1925
263
105
9
66
5
4
50
32
19988
29
446
9
17
13
363
243
88
8
77
118
58
20
103
63
14
0
21
15
18
14
259
3
26
20
140
2
152
24
49
7
161
17
22
6
0
434
53
547
66
42
168
443
142
49
137
52
39
47
22
2845
24
172
5
56
12
8
26
265
9
167
72
74
106
51
70
3
111
89
39
462
149
28
978
50
7
8
58
58
136
49
2
12
5
39
7
628
75
366
1
20
257
933
13
12
5
259
93
108
6078
642
10
1
303
273
120
34
48
314
138
763
39
1
98
2732
38
71
2
3
25
30
0
5
2205
17
58
17
181
15
8
13
6
736
5
70
141
481
192
30
42
373
2
37
14
215
156
37
11
1
11
24
55
7
21
14
1
98
133
62
216
110
29
167
10
3
19
48
166
3
46
14
11
38
256
8
8
7
11
5
1
85
19
42
151
21
71
20
30
11
430
348
69
57
10
11
40
15
3
68
22
25
2
369
12
5
91
81
43
836
1341
2
8
12
124
354
18
46
282
46
65
20
32
256
525
9
27
35
47
9
253
17
99
11
1
24
97
21
28
113
8
108
849
84
39
33
24
53
28
8
102
916
15
446
8
11
33
39
13
1433
53
80
39
65
45
20
25
30
42
23
4
5
211
15
85
76
774
73
120
40
4
41
4
2
19
0
16
12
34
63
26
40
115
3
10
37
3
11
33
1
415
120
258
8
12
7
554
599
7
115
6
31
120
18
10974
329
223
29
3
16
457
46
332
68
2
3
23
26
76
12
6800
10
42
3
474
8
126
27
87
32
554
29
0
12
41
467
6
67
800
3
35
12
791
703
439
723
23
3
5
93
18
6
706
7
6
14
4
23
56
4
224
3999
35
3842
3341
14
104
15
31
51
56
62
20
49
2
101
55
427
763
96
20
14
18
82
82
9
14
49
477
94
679
205
6
7
27
62
17
1706
1848
10
31
15
45
10798
257
2
5
19
302
12
4
19
762
18
36
38
112
174
241
14
313
9
30
15
19
17
62
15
23
9
14
3
7
13
4453
2172
693
20
364
28
71
139
101
47
137
63
12
30
12
75
29
17
488
268
574
6
0
135
13
13
6
13
3
2
111
52
131
1487
29
4
13
10
83
9
23
25
4
636
38
15
115
74
36
16
11
26
6
81
351
144
68
5
27
29
48
50
951
1
41
17
828
79
445
17
371
123
247
617
68
47
50
3
44
23
1138
18
27
4
35
364
8
47
2468
1097
10
10
41
24
366
201
3048
6
35
2
57
13
48
26
31
651
13
5669
77
209
10
3
50
17
25
196
16
26
137
9
2
614
31
788
40
4
3
79
17
151
17
197
33
19
9
29
1
44
5
3
10
121
11
19
1
42
1
36
19
130
44
1623
349
2
388
6
93
819
44
64
13
394
8
8
7
30
3
2147
18
1025
12
305
11
389
124
436
33
824
94
180
11
4
50
7
43
22
1026
496
100
341
10
56
251
39
15
23
42
20
10
28
189
23
15
3082
42
6
223
8
3
79
8
128
153
41
69
7
31
16
9
1168
44
154
69
594
37
99
6
5
16
69
146
145
10
49
9
6
82
131
246
85
30
1124
1955
22
126
19
16
14
184
468
28
15
911
5
489
247
26
142
5
3
319
22
837
174
722
644
38
1
32
38
94
2256
35
10
21
122
7
128
49
44
20
9
624
11
3061
65
157
14
16
32
3
113
312
19
39
46
12
19
18
85
89
35
13
11
33
3354
27
123
51
149
1
48
140
161
461
1891
8
31
33
239
2
21
4
55
55
964
1113
22
0
60
566
59
15
6
1
638
1726
18
93
37
324
2007
65
42
4
168
1089
7
64
19
426
21
112
207
874
772
124
676
366
17
50
117
833
79
7
66
25
85
32
20
148
15
15
41
26
38
220
62
7
2
82
30
2
18
28
131
29
26
12
93
28
160
24
13
6
224
11
1268
3
34
13
63
1040
352
40
35
523
79
165
33
307
50
539
37
20
35
37
25
25
21
545
505
77
94
18
65
109
112
20
32
39
4
12863
82
488
4
151
13
2
11
1184
9
38
6
122
8
31
62
581
76
5
58
16
7
9
137
246
960
454
415
4
47
895
7
7
9
4
252
236
50
7
51
7
53
19
486
26
25
281
40
20
13
116
20
5
67
17
24
453
89
5
17
29
111
87
13
12
22
24
10
307
30
101
4
176
6
34
19
18
9
5
585
3
2415
7
478
8
57
9
17
583
13
13
216
9
16
84
81
34
43
11
31
210
25
44
211
9
65
82
48
8
16
28
472
13
2
38
7
150
12
20
2
0
10
14
50
19
533
17
1984
82
4
7
283
20
18
27
935
1549
35
52
2965
61
1
81
11
128
5097
18
7
66
1135
3
470
8
44
10
19
139
176
88
50
44
6
6
3
181
0
466
53
182
25
79
23
6
207
2
447
50
73
27
2
161
18
6
85
40
5
167
415
230
36
763
242
529
17
114
30
26
6
6
33
474
15
310
23
74
22
128
185
38
145
10
11
21
75
132
164
23
3
34
132
34
199
27
54
12
2573
19
179
70
85
29
33
52
114
12
35
226
18
57
12
1626
6
8
519
4
41
53
22
24
13
6
326
234
34
6
15
68
24
89
64
221
156
1843
75
188
90
121
18
84
165
336
14
150
5
95
2737
8
1
20
52
70
621
1
19
42
8
47
71
7
40
57
137
11
4
1344
48
19
2365
23
244
38
0
22
3
6
185
68
84
849
12
126
39
51
20
11
50
4
89
1904
1450
197
312
5
17
56
2
476
203
209
48
999
6
5
10
55
7
14
193
8
94
1074
47
3067
80
5
86
171
10
1
117
90
21
10
1065
2784
5
143
48
55
16
22
54
17
155
2
755
987
430
129
1477
701
85
67
17
7
15
353
7
386
8616
33
44
64
46
536
21
38
37
53
0
6
3
73
45
80
7
22
2
669
68
3
102
1250
16801
6
7
4
454
195
88
33
180
5
19
44
1
5
50
11
1152
15
31
370
17
141
161
15
28
101
116
39
2222
876
237
182
1586
15
609
42
73
1004
4
249
79
1
115
7
605
30
117
18
816
6
205
7
887
49
12
15
1121
31
6
6
8
17
79
139
14
97
12
12
27
213
2
263
5
1479
304
223
12
7
8
9
588
1598
20
16
140
15
1330
3
523
45
186
1
730
12
40
56
19
986
1245
202
318
46
12
65
2090
620
619
922
388
29
92
178
68
94
12
2
26
434
2
189
17
20
1
42
28
884
126
24
3425
31
3
3
992
7
12
29
243
44
543
47
1577
46
659
32
13
125
182
256
26
126
6
220
0
7
82
118
9
5
179
16
16
23
175
91
288
100
10
129
87
341
253
20
17
22970
13
4
78
16
95
77
40
59
136
13
27
438
221
6
2
23
31
15
68
110
2
55
60
6
169
112
36
101
13
78
2
141
9
75
9
2930
681
504
6
16
13
15
35
9
635
43
141
48
2
64
16
12
928
52
393
49
31
39
7
65
72
6
208
70
8
4253
574
4
11
3
9
522
2
60
12
1
28
8
15
594
361
56
1404
2
194
130
3
68
95
7
57
23
2
110
250
8
808
1682
29
29
367
174
18
2
44
22
17990
56
71
803
1216
38
76
31
29
62
15
58
92
32
25
82
2
6
11
121
26
26
81
22
18
53
9
43
59
17
5
753
747
195
12
113
51
193
627
2
512
20
29
15
72
33
5
3
15
31
46
32
60
112
30
16
97
6
12
3
9144
224
34
7
15
0
14
891
174
89
1355
24
1
97
26
112
1265
25
31
10
62
30
420
11
14
57
14
147
201
2
25
163
454
11
13
16
163
54
1432
22
409
19
184
94
55
75
50
33
2933
14
78
4
185
10
142
34
31
149
41
6
2648
25
15
31
58
24
177
1377
14
2
463
5
220
16
1
238
1
53
30
12
85
22
3
22
24
0
33
449
9
2
24
47
34
50
484
468
349
63
386
55
20
30
110
1
32
93
17
3
42
32
115
5
18
20
28
58
24
156
6
15
17
9
82
9
41
315
19
1362
1
6
236
112
28
12
35
14
3
12
12
13
98
65
32
16
25
116
20
247
53
16
25
1
2
5
57
558
12
6
99
8
38
25
48
30
140
9
6
18
44
317
164
6
61
48
28
1
58
8
75
11
62
17
218
6
6
55
10
22
281
26
7
788
27
12
3243
52
79
97
4
8
12
115
322
324
25
120
19
36
167
7
237
19
167
20
34
498
1
3
53
61
21
6
8
74
19
12
6
49
838
14
5
7
114
5
21
3008
2
31
28
54
464
23
9
54
17
19
206
142
2035
414
16
48
39
77
6
8
117
131
345
504
1
1
19
1354
37
38
560
14
27
17
3
333
45
132
66
352
10
16
35
13
58
85
60
20
22
14
53
120
35
796
1754
269
13
220
378
1204
90
133
365
23
1
5
636
8
25
49
60
112
98
6
80
355
75
6
35
5
217
16
56
3
45
260
17
48
7
2393
15
37
11
280
4
74
17
65
158
982
8
1094
186
16
3
31
30
230
68
9
25
9
231
1106
26
134
0
116
47
41
51
28
93
94
664
16
82
4
52
179
216
135
5
25
11
94
1563
12
23
24
467
2048
543
6
13
7
18
100
1291
5
118
5
18
12
3
11
3
11
1147
1483
84
23
10
2
51
196
224
2
252
1293
210
20
22
4
5
33
318
94
112
61
186
14
22
67
70
272
7
147
186
173
654
8
161
89
61
208
11
65
1566
376
30
11
147
346
12
5
5
1436
20
26
29
152
21
172
41
6
22
161
166
3
55
14
491
22
183
95
197
284
36
35
127
16
22
1408
25
3
9
2
5
14
9
8
42
592
787
57
1
56
3
60
17
14
28
2
16
10
111
104
8
42
18
31
8
19
20
13
171
118
34
210
264
3
39
58
6
4
183
319
27
252
38
36
6
521
25
8
23
4
82
117
115
16
50
54
7
3
0
229
11
84
173
6
80
22
6
9
5
7
1
12
11
166
19
622
5
2
3
58
479
46
76
20
4
16
185
7
43
644
45
3
139
27
21
213
46
21
25
4
8
7
186
13
10
19
107
1
214
279
455
24
13
539
913
104
10
88
29
172
454
4898
332
133
14
22
2
42
14
235
32
128
10
0
12
27
17
31
176
4
12
1485
466
6
18
55
304
26
8
56
35
20
115
56
67
60
66
41
187
5048
25
5
36
108
18
358
528
191
5
3
23
203
9
13
1
10
108
5
18
48
8
2
139
460
175
36
301
10
42
210
98
1344
734
459
39
12
0
6
10
32
4
23
276
33
52
14
132
12
6
10
8
10
120
680
11
15
5
22
814
93
1269
11
75
16
3
49
100
117
29
1238
25
25
101
62
22
14
336
11262
98
28
8
13
107
43
60
26
12
144
41
205
283
63
37
11
1066
77
6
1882
1147
27
8
216
6
71
225
22
7
50
4
10
93
182
4724
22
56
30
4
26
119
68
1650
432
48
49
84
1701
76
215
3
2
219
63
106
145
9
1
461
33
12
441
8
1
17
26
46
0
17
0
25
4
5
21
185
26
34
259
23
31
6
6
23
942
9
5
99
5
695
130
197
1
789
10
103
220
145
38
166
32
12
68
31
295
107
160
18
8
6
453
38
874
31
54
86
30
8
230
42
178
30
66
2943
10
16
247
13
1071
33
10
470
296
19
57
28
113
182
359
166
33
1474
84
6
174
7
890
30
121
5
3
16
418
74
4
1881
186
157
22
39
28
11
16
613
79
340
516
79
104
12
85
72
308
1
75
124
0
12
88
476
242
3
5
136
150
18
9
62
152
234
5
6
306
142
480
90
213
31
59
14
131
6
489
12
212
10
26
0
13
51
512
123
87
80
1
30
6
26
8
462
10
5
423
29
567
1
16
5
152
13
46
113
19
39
237
15
11
25
42
3
68
68
777
1327
41
235
3
125
16
6
52
145
33
40
80
88
531
86
11
6
559
24
630
151
34
215
20
17
198
4418
113
1
192
700
241
233
5
37
483
25
197
228
254
42
137
222
53
49
11
15
57
53
21
25
12
15
7
8
24
23
154
21
29
16
13
29
88
8
6
30
4
49
20
53
55
5
49
23
41
100
29
11
3
538
38
26
325
4
19
146
484
591
6
97
141
188
33
172
60
25
26
9
149
229
220
8
106
162
90
6
470
509
380
50
50
249
7
38
175
2
451
12
188
5
6
3
9
641
162
80
5
6
10
4246
66
19
15
106
55
37
5
9
114
24
29
26
15
469
55
5
165
25
6
107
25
32
867
283
39
19
24
8
7
36
120
5
74
10
60
10
891
324
33
4380
359
137
4
9897
141
2
198
124
9
67
12
34
86
32
25
10
159
111
80
26245
173
142
36
30
39
812
15
233
7
321
14
265
22
31
713
70
42
14
249
48
16
583
524
9
187
8
11
32
25
10
51
69
6
122
77
946
5
38
4
1133
18
472
38
8
232
54
165
7
2
49
8
85
8
59
8
106
44
17
280
2
50
2481
37
45
5
26
17
85
954
14
104
1236
272
26
15
16
1198
156
57
7
68
9
184
41
209
30
213
12
14
1
13
13
43
10
168
44
979
682
56
220
614
134
693
24
5
358
68
32
46
918
1343
139
114
971
52
69
29
460
10
3
277
71
60
66
6
17
658
72
142
4459
57
363
104
6
12
14
12
70
20
54
235
18
3
422
20
66
12
303
31
685
38
43
7
36
82
240
83
1188
10
102
529
20
7
33
61
354
0
138
20
0
6
725
350
638
9724
87
3
439
297
66
13
186
10
129
14
217
120
25
24
69
24
17
7
66
8
126
9
7
185
485
22
52
21
24
81
387
11
10
147
47
14
35
22
6
478
36
5
5
134
67
16
32
408
14196
35
653
62
73
26
13
14
8
37
352
3923
6
1745
37
813
5
288
27
2
157
10
726
172
0
38
11
13
54
35
5
941
9
24
220
14
118
12
13
16
54
55
17
524
227
580
136
56
332
13
98
9
101
27
166
190
319
158
205
10
3
2
21
190
886
96
37
72
153
8
70
65
52
13
42
452
18
121
10
12
10
24
3
17
28
1136
4
14
11
41
32
10
246
37
28
139
4
18
0
5
18
751
19
1624
619
261
16
3
8678
16
965
102
74
102
14
5
463
313
884
3
21
11
4
48
10
6
84
119
6
5
56
20
251
8
3
7
7
12
17
14
2
26
26
4
1239
46
39
18
643
50
20
935
16289
314
42
5
1913
5547
17
13
11
71
4
51
200
9
186
36
1582
20
582
340
5569
1242
1317
130
81
190
45
15
2
20
98
526
68
1
48
3
487
15
50
169
25
7953
7
2
36
22
49
17
9
29
5
0
15
9898
510
499
157
908
9
1567
215
96
21
33
34
61
626
564
295
14
11
188
61
20
28
95
9929
11
108
82
124
32
38
62
23
1
33
2
13
2093
132
43
6
8
27
449
31
49
16
23
10
339
110
21
14
157
7
11
7
6
32
4
3
6
213
8
109
10
251
474
312
35
285
47
471
44
48
506
108
76
270
29
209
112
48
13
42
52
241
272
1
537
5
2789
4
2
6
13
8
9
1
3
32
24
33
26
4
362
61
45
396
4
60
21
11552
102
329
28
1003
214
31
19
43
23
49
63
20
157
19
125
160
114
12
298
64
456
968
20
23
166
213
46
89
334
26
191
7
35
39
4972
2
147
1346
5
3378
1833
26
206
18
5
25
5
36
14
19
6
1574
81
309
73
173
94
482
71
21
56
1
7
13
340
30
23
25
15
1101
5
5
16
46
37
45
498
9
4
110
11
92
19
42
14
7
43
219
10
1
124
15
113
46
2116
25
69
95
272
57
8
10
26
1123
8636
14
472
75
9
106
474
126
2
10
25
7
386
17
171
5
1291
22
21
32
61
35
14
24
522
464
447
24
88
4
9
16
2
45
19
54
0
1587
189
21
99
784
388
2
18
32
9
39
4
123
79
67
21
79
18
468
166
450
18
491
4
52
441
59
1215
596
27
21
703
46
1006
16
140
204
4
653
166
58
143
24
6
126
525
3413
25
15
458
1711
27
19
18
3
5
6
25
49
30
37
9
184
4
22
274
8
40
18
11
5
12
39
57
112
4
10
18
55
53
11
1
457
31
9
10100
41
60
10
11
2653
48
477
654
25
33
13
216
20
22
502
644
751
9
903
90
8
71
704
14
1
3
19
5
160
152
54
212
357
218
345
1483
2
61
24
23
320
205
18
9
17
128
9
68
396
25
740
474
16
406
514
203
11
56
230
60
9
52
6
430
16
916
319
100
13
1235
6
378
8
38
1110
50
73
358
15
8
147
267
28
3
28
116
5
54
85
17
11871
1988
97
45
42
184
673
9
180
12
2
2
276
54
15
51
23
110
16
17
13
5
2
31
5
59
487
22
15
990
724
93
38
51
12
1
11
1481
97
113
25
10
191
1955
21
18012
22
2154
1460
17
9
14
148
47
12
49
4
109
137
93
272
11
54
82
89
36
24
193
16
82
15
50
1
62
52
282
14
136
36
710
8
43
548
12
387
5
6
111
33
4
400
308
30
15
103
157
58
114
739
39
1968
88
0
1147
117
18
20
24
8
97
68
14
61
12
21
162
18
36
34
264
88
99
626
100
545
5
8
48
6
54
42
627
23
233
32
27
209
127
41
36
15
231
8
133
330
4
146
27
14
2
30
459
43
1287
262
32
24
27
21
114
9
93
173
47
268
43
61
17
4
103
9
254
26
26
987
149
37
13
10
7
19
5
41
181
17
1559
52
51
355
4
90
11
31
2896
227
62
48
4599
47
203
129
411
102
153
17
14
0
51
47
7
105
2
12
13
9
13
6
116
54
686
436
108
12
17
12
16
55
14
13
13
85
25
12
15
17
201
18
8
16
28
41
101
22
7
5
82
9
20
56
9
471
338
16
87
7
211
5
29
266
324
1415
24
185
33
1038
2
16
13
35
29
204
85
23
472
707
260
66
86
16
555
475
1557
14
241
5
9
4
742
45
1339
48
11
50
57
10
9
33
1018
358
2215
29
18
8
47
22
108
45
480
10
4
69
28
24
207
65
20
15
25
8
26
37
761
78
7
16
48
7
13
1762
473
19
21
36
39
33
322
28
10
165
77
120
29
8
0
4
36
6
1
8
22
24
15
44
29
114
63
8
5
214
7
30
6
54
9
60
48
467
8
5
5
15
3
4
17
19
3
7
295
7
7
156
6
448
37
8
13
17
315
6
291
3
167
32
24
10
190
91
6
1072
253
19
204
170
14
64
5
47
46
28
296
20
17
154
112
382
253
15
1
5
7
5
7
348
78
121
105
246
27
38
142
234
1
11
1042
1
54
223
36
165
255
571
5
20
20
6
167
53
0
335
2
261
2
1203
19
40
8
374
39
56
11
46
21
54
34
55
111
44
200
3
127
19
7
13
102
217
20
0
229
4
46
7
1
7
29
326
25
20944
635
16
16
609
18
623
31
36
8
4
10
26
187
125
6
33
51
16
4
38
354
2137
581
9
49
92
570
5
1081
1
89
726
16
2
85
25
21
5
4
151
20
32
2
55
502
1421
107
76
25
90
6
303
10
139
7
261
4
3
30
22
9
14
51
535
3
49
4
11
18
570
14
18
39
17
344
66
4
728
40
752
5
28
126
56
638
6
8
61
39
206
80
15
5
102
8
2
9
129
65
21
134
274
189
15
28
40
452
1754
109
40
30
103
4
6
2502
19
26
435
1
10
50
51
155
32
27
24
234
8
36
8
10
86
102
86
43
569
36
39
3869
398
14
27
611
30
81
749
7
1696
48
4162
52
13
53
6
134
56
49
13
12676
8
112
52
150
9
163
132
496
4
19
8
32
22
128
14
357
25
391
7
61
1477
32
5
4
57
42
29
4
7
101
2
17
15
472
35
23
166
532
430
33
6
20
78
20
20
1
2
15
33
14
84
6
15
27
5
508
1155
99
46
20
6
89
747
12
6
53
365
8
64
25
27
14
15
39
23
1240
91
11
82
3
48
14
34
98
13
13
1
24
35
4075
85
8
50
36
103
467
14
3
15
1359
6
703
30
298
1374
12
73
2
27
773
427
90
1
9
13
80
40
12
10
13
14
6
28
868
478
134
54
147
29
17
280
13
20
920
65
6
16
10
61
23
21
7
656
25
2
97
10
123
18
9
46
68
4
4
48
18
24
9
1362
5
1128
17
15
8
40
34
164
30
16
9
23
37
84
16
10
688
2951
378
48
17
24
32
36
84
29
207
25
43
77
105
627
36
195
7
17
40
84
7
14
70
4
6
12
11
77
204
5
25
27
1289
880
2207
50
20
5
370
157
324
530
6
6
263
10164
2146
1601
11
5
33
38
567
151
2
64
42
26
35
89
2
156
156
1376
31
39
117
350
44
11
23
12
303
1
32
4
18
195
2358
142
14
26
4
128
1496
7
208
230
40
28
301
116
62
120
43
501
867
14
36
8
368
2688
30
66
22
58
7
10
9
7
6
39
676
285
3
21
285
751
4
32
124
11
172
33
43
37
37
7
19
14
5
37
31
17
46
80
43
40
10
323
9
9
3
246
5
108
306
316
9
19
15
24
13
36
1195
122
406
56
15
96
58
8
38
176
25
78
34
51
78
10
299
7
1317
56
239
1023
17
48
20
453
391
9
30
12
59
650
1170
2
30
911
47
20
1322
4
108
121
83
1
237
271
80
13
47
186
8
26
2
28
356
261
227
15
14
27
182
108
14
157
19
54
148
83
1
32
673
8
110
113
474
36
61
173
8
6
1374
1408
135
5
125
12
1117
145
79
287
1522
8
29
458
119
8
3
1
57
3
1048
4
19
33
187
18
40
7
114
20
21
105
53
40
4
3
198
1399
38
40
37
22
78
40
294
5
62
16
28
78
24
299
5
2
24
441
35
27
55
40
429
8
471
7
13
158
85
19
48
1828
100
121
107
7
566
106
4
22
5
27
3
4
134
44
9
261
109
33
31
18
191
13
44
380
333
40
4
15
46
126
17
5
12
4
35
131
13
224
15
9
229
3
549
10
7
75
8
63
2
3
36
4
3
26
1406
81
6
80
31
3
68
24
3
12
75
6
63
13
1069
12
26
55
219
33210
179
14
35
77
15
124
648
452
51
71
862
32
10
131
119
23
12
13
3
33
4
6
71
20
13
2
180
9
164
22
2
458
5
29
22
19
117
1002
101
7
252
7
87
97
61
14
22
875
1
45
27
34
126
30
82
63
173
25
73
6
6
682
45
55
146
27
8
38
105
11
14
370
1061
298
41
198
141
106
29
23278
27
6
17
9
107
53
27
85
40
12
3
232
252
20
28
49
27
23
26
59
3
9
54
13
425
57
15
35
420
15
3
5
55
349
7
157
2
6
249
9
10
3
7
18
2655
26
21
942
25
10
20
1746
28
14
9
12
21
17
108
70
22
2
18
138
144
68
1016
183
38
145
4
153
156
57
229
119
32
21
257
98
244
12
44
26
11
12
51
98
119
11
19
48
5
5
38
33
134
22
19
267
162
1424
18
18
319
4
139
291
1
44
4
15
229
26
111
7
3
34
65
436
36
9
19
21
15
7
12
761
47
104
6
14
10
1820
2
505
264
64
14
7
245
82
142
90
14
543
1826
13
16
15
16
37
46
21
221
1419
51
125
24
1
15
2051
48
6
489
11
12
22
200
31
7
461
170
11
51
58
23
5
27
29
42
130
49
36
2
398
110
48
62
10
220
23
66
44
534
20
10
2
496
12
424
3
2852
1757
8
17
102
44
3443
403
7
735
35
364
68
1490
34
223
38
42
18
1136
729
15
56
534
18
24
147
15
560
21
2216
5
667
123
8
73
68
52
97
32
9
38
16
873
28
102
8
47
60
176
116
40
7
35
15
241
148
59
58
34
11
39
14
10
91
1746
8
14
34
19
8
10
41
204
268
4
200
19
92
104
824
71
110
79
1158
206
599
111
66
541
361
315
7
40
7
15
3
248
2
7
104
31
12
13
2
2
6
410
13
45
13
5
68
31
5
28
195
861
60
5
1
32
74
32
51
79
15
5
18
8
33
28
490
46
46
75
135
312
1230
31
35
1147
14
214
43
67
16
40
90
77
25
2
40
26
38
11
54
4
33
7
563
42
56
11
26
530
34
2
15
6
4
1
464
38
1
447
268
13
28
1878
1364
7
2
8
32
6
199
39
9
15
10
376
1
807
7
8
6
119
10
32
23
281
1364
5
6
200
2
29
36
729
159
162
128
61
1285
16
101
568
128
373
1573
8
80
218
325
456
8
7
92
0
31
64
558
7
44
949
517
4
39
30
28
35
492
14
34
73
59
63
128
148
18
220
18
539
3
10
97
2
50
156
397
25
107
203
2
29
37
8
104
46
3
53
21
4
104
4
43
419
44
12
56
108
24
71
9
23
41
19
6
347
4
67
124
15
171
71
28
458
14
475
69
142
440
124
25
20
76
6
52
28
36
39
10
7
159
94
184
18
73
57
42
292
21
67
111
207
51
82
37
28
6
1441
36
25
3
241
12
699
9
16
926
30
128
176
8
3
5
13
97
115
64
59
38
12
969
941
359
21
51
12
102
273
66
25
11
18
198
61
66
141
125
1192
2073
144
95
95
3
23
10
116
4
2
91
36
172
0
125
129
29
3
59
14
13
3
59
28
44
34
1
197
139
328
85
4
13
180
77
6
115
9
6
1152
46
75
195
617
3
6
25
2
9
15
79
32
302
1741
3
102
8
502
163
49
54
23
6
833
107
143
25
197
75
4
617
111
734
21
6
17
81
215
18
66
702
821
165
10
2006
25
29
10
37
99
41
68
83
15
1503
1245
14
1
154
64
44
59
5
12
20
21
92
33
345
92
74
48
223
4
12
293
896
337
397
36
245
100
56
12
4
132
17
14
22
18
315
11
0
620
27
5
10
29
11
91
36
1566
933
8
471
23
1511
155
19
10
8
825
461
10
105
422
103
235
207
210
54
809
9
91
2
86
9
44
50
14
25
103
1940
27
150
3
17
6
64
21
106
1099
3
9
36
2643
86
4
11
5
26
70
4
8
17
23
15
1718
12
19
64
361
27
49
1729
44
253
71
486
35
13
3
75
3
34
43
7
217
50
16
35
8
5
30
289
14
156
178
584
56
10
138
578
6
66
156
25
496
7
67
29
5
12
14
56
13590
24
8
104
18
323
154
23
90
78
37
13
234
239
11
31
12
35
146
279
100
22860
3
45
27
5
67
20
12
196
51
34
4
154
18
52
66
645
1
37
989
300
271
275
4
206
126
6
8
111
2
7
541
3
5
37
0
224
25
310
0
273
23
29
48
52
435
39
5
100
509
15
94
878
265
520
110
7
3
210
51
136
0
31
710
87
24
261
101
637
41
769
45
2
25
9
532
29
391
107
19
5
391
21
33
129
225
2052
23
3
8
33
4
68
21
94
211
6
1
13
4
13
45
1118
72
239
31
15
3709
46
19
14
476
694
44
43
46
84
27
39
274
44
59
97
80
186
481
256
76
4
24
123
3897
1
74
36
4
1539
157
6
20
25
12
27
39
121
90
50
179
44
32
120
39
1006
43
46
17
1034
30
402
217
16
6
23
131
16
31
64
5
160
70
11
273
9
31
1242
13
42
615
63
9
406
700
20
12
223
42
16
35
3
12
91
471
659
11
240
460
7
460
23
199
1
4
14
36
14
506
4
344
8
17
38
928
205
3
8
7
3
14
15153
76
184
127
30
513
12
11
202
35
22
12
62
13
15
163
5
16
194
1037
8
21
36
3
4
114
113
319
64
34
28
25
6
20
7
1346
9
29
488
24
6
88
189
345
108
2
2944
1389
4
20
47
9
8
9
41
21
11
181
289
276
15
172
14
97
324
48
105
462
210
27
91
92
89
17
174
423
290
8
28
33
8
12
7
14
535
236
94
32
17
62
9
26
20
11
14
64
1293
17
50
1751
13
17
1098
6
129
76
23
183
5
65
124
29
92
54
6
83
20
170
35
172
208
10
305
35
15
88
10
7
371
5
54
101
37
14
3
6
133
255
2
30
2
1
664
65
56
52
17
48
220
50
44
3
3
203
37
168
106
463
8
2
128
99
19
28
24
741
1
61
6
52
87
15
63
27
4
17
473
35
114
20
30
101
480
18
1661
17
60
2
184
69
11
62
462
1
4
27
14
8
30
64
16
87
28
15
295
11
6
5
16
4
13
3654
554
13
496
15
645
30
144
74
195
37
6
54
190
32
1700
62
576
5
2947
663
12
12
184
26
2
212
248
37
34
13
903
456
7
4
4911
581
75
39
35551
77
37
22
7
230
104
34
525
162
345
13
14
17
65
78
1405
40
167
52
86
34
25
36
19
10
270
25
364
18
14
39
590
6
183
44
4
7
8
17
44
251
88
27
29
81
16
54
139
1870
66
23
43
662
4
48
8
33
17
1
31
26
13
156
5
19
34
22
499
1033
239
31
115
1103
16
89
411
116
18
1024
20
55
81
6
272
654
12
6
10
45
219
23
55
31
43
6
11
13
18
19
222
28
76
227
20
45
48
80
39
24
49
8
78
2
24
291
526
133
26
208
86
508
216
14
4343
247
18
43
110
22
56
76
43
3
188
19
174
9
16
5
560
5
474
63
10
68
23
44
4
131
42
58
3
9
6
1571
4
11
25
122
1
838
9
477
51
15
1251
24
20
4
115
65
11
7
588
69
272
1190
177
1635
53
8
158
485
73
14
1510
1
142
506
69
29
113
100
22
41
2
28
277
307
1
14
164
16
15
60
70
2462
9
31
17
10
2291
9
2
51
42
10
5
24
20
0
110
38
3
11
30
11
116
40
144
379
6
93
3
7
22
637
37
203
153
158
22
843
99
50
70
2988
12
5
9
62
178
138
16
704
7
73
8
453
60
6
234
194
37
447
48
166
3078
103
14
9
17
39
265
8
6
243
17
3
5
1
147
50
285
14
925
26
153
98
943
7
1664
20
27
9
82
163
5
83
18
3
14
54
87
163
18
68
16
99
326
131
217
42
1313
534
552
16
2046
63
22
477
494
249
121
18
28
1353
8
97
558
130
22
1129
55
46
3
1363
61
2967
23
135
19
134
239
21
27
31
551
8
23
14
6
867
60
19
361
172
581
15
150
43
101
23
28
286
33
131
114
12
24
13
92
351
330
309
243
80
87
15
1916
52
196
41
41
27
37
3213
19
31
7
5
64
301
12
17
291
1060
18
31
258
68
32
11
97
51
64
131
88
41
74
184
4
204
71
1685
206
10
3
11
48
143
15
79
5
97
25
79
24
360
59
3
53
259
44
138
56
35
13
9
238
1865
1120
25
239
10
514
369
72
480
518
20
291
832
386
168
330
27
1010
14
8
20
5
2288
39
12
7
139
3022
319
58
9
109
3
175
35
6
25
152
11
22
33
19
25
44
3
8
7
67
3
43
87
413
28
275
80
13
471
20
663
510
5
12
52
64
18
1
797
38
36
338
2749
878
104
28
310
167
4
3
1
47
5
12
8
138
10
23
7
17
14
128
9
1392
5
17
65
6
23
37
9
209
117
256
9
17
31
4
119
8
34
435
38
37
4
284
1821
55
23
10
33
46
28
18
77
58
21
18
9
13
257
25
276
74
491
31
931
138
646
13
23
31
15
551
1456
86
7
171
61
42
92
12
65
6
3178
101
237
17
7
4
8
83
34
51
117
16
275
333
9
2
9
2
18
8
41
8
4
23
205
7
16
12
134
17
52
9
343
106
37
230
7
713
37
22
476
63
78
2882
105
11
347
20
3
70
63
2
35
11
126
225
979
1
755
14
29
644
431
77
27
9
4
148
13
8
50
3
5
22
1473
475
25
42
151
285
471
3
61
255
16
93
696
24
2
549
819
8
12
5
29
96
25
140
2563
154
13
18
87
43
160
30
287
48
640
19
297
9
15
1052
2358
238
1
5
136
4
5
8
48
175
24
8
133
6
490
2
1844
385
9
41
47
418
32
8
248
14
45
208
18
462
4
366
145
522
561
63
19
103
50
324
4
2
10
45
8
16
6
19
288
884
10
10
83
62
4
22
8
7
2
1
319
237
4
6
17
197
24
3
289
34
33
224
277
58
552
17
878
34
4
214
14
1
296
763
12
19
60
576
27
0
48
133
30
43
142
2
297
5
2
12
3426
14
10
37
10
24
9
130
166
29
1072
209
3
96
852
47
9
46
1
113
17
22
9
116
12
44
35
283
11
39
42
7
114
103
401
418
328
414
126
277
8
33
18
4
7
13
295
20
1681
538
720
117
20
61
24
159
13
42
15
5
20
10
388
37
22
6
62
475
21
2903
10
470
2656
6
24
121
19
1573
82
75
142
135
4
18
49
11
16
12
186
88
168
60
0
2089
14
11
5
257
13
101
15498
377
103
26
872
11
25
569
54
236
22
1811
27
48
56
42
1123
67
26
18
59
47
62
8
19
24
45
80
2897
202
494
12
7
69
15
30
1246
5
130
1820
154
11
106
36
75
335
880
1084
12
28
56
2
5953
57
69
37
172
15
27
109
151
11
1279
25
211
677
789
16
13
233
6848
22
8
66
458
259
68
14
25
973
35
17
39
64
174
16
284
5
12
48
19
16
41
1
24
121
99
65
7
9
7
50
407
108
1096
9
496
4
43
88
60
456
27
64
123
7
16
213
40
3
95
5
512
7
9
12
122
964
20
8
92
111
994
254
9
21
3
42
143
9
171
3
40
40
8
1014
13
7
135
3
9
10
15
13
251
44
143
26
38
487
106
16
13
65
5
727
716
12
117
69
42
105
69
327
137
30
236
7
9
72
9
12
138
4
238
74
9
907
138
9
3
69
28
59
22
0
65
2
11
589
352
77
6
19
35
16
166
334
11
17
80
56
983
23
651
13
737
101
26
100
21
19
628
6376
111
43
16
180
359
50
8
1228
884
6
103
45
140
1408
6
2386
9
27
61
5
6
42
917
465
119
64
24
55
5
1950
144
48
1163
362
459
21
2032
710
713
160
82
6
71
14
798
33
9
72
24
47
6
198
0
26
529
3
9
36
470
55
558
60
35
937
183
7
5
3
21
492
1578
124
545
1580
1
9
101
3560
81
48
234
38
163
19
11
11
24847
6
16
199
145
551
8
55
645
36
15
23
7
35
4
30
70
17
7
3
247
16
222
589
974
22
64
928
66
440
147
184
37
2
84
922
10
151
360
63
1
369
81
62
15
20
282
381
17
167
975
66
13
270
20
215
11
56
5
8
7
6
96
25
9
510
15
2700
1002
157
13
36
463
639
25
130
675
2
17
12
2
5
48
171
839
1251
2
9
822
151
56
15
47
866
26
137
34
90
2
12
72
1034
1117
49
211
30
95
3
40
9
26
9
640
10
71
63
18
38
53
44
59
0
268
69
3
16
30
26
6
7
20
13
33
44
21
11
18
8
27
7
58
214
39
5
12
48
23
48
368
326
111
42
1367
158
46
12
418
5
16
1102
325
105
1199
940
22
2429
16
5
265
765
22
252
375
37
12
17
48
14
13
4
7
21
22
4
6
65
4
3
401
69
142
501
15
47
308
12
48
34
51
104
161
68
546
18
124
9
582
65
17
0
14
438
38
20
8
9
1769
74
12
23
8
201
79
508
4
6
11
91
43
158
7
18
985
24
8
246
24
88
209
173
8855
30
210
42
311
297
34
35
13
7
87
9
55
16
14
23
90
9
6
8
16
47
2
23
4
95
96
89
140
19
3
11
84
12
1466
625
233
76
100
5
179
17
1861
79
2
17
20
13
22
3
25
27
31
184
30
22
407
3538
294
821
205
9
23
15
16
14
28
625
21
3
58
23
50
19
71
31
467
16
247
7
306
16
1478
66
4
259
9
245
9
294
151
3
43
9
23
13
5
126
402
799
555
42
1020
59
21
51
198
511
25
573
112
13
64
93
47
46
3
457
711
18
803
6
1547
12684
420
31
30
1
18
253
24
2
40
97
412
2
86
134
17
911
21
2711
23
45
1181
17
25
114
331
12
4
114
45
12
4
183
131
20
189
105
7
5
48
7
62
158
909
35
62
31
266
58
232
4
72
8
465
190
6
58
70
35
449
366
24
7
49
45
21
85
30
8
265
111
54
6528
19
78
34
65
217
20
167
137
348
1172
8
23
42
8
124
11
28
29
9
85
36
262
37
287
170
2
21
34
47
736
15
1
28
1373
4
0
20
791
4
19
37
36
183
371
5
4
6
29
70
3544
17
17
114
97
10
9
52
75
5
255
579
232
59
11
643
269
10
220
395
7
21
67
31
42
13
2373
73
862
46
25
7
297
271
3
7
83
21
9
202
309
65
1102
10
2
34
42
5
7
132
50
13
122
3
20
250
17
231
734
33
285
337
21
14
447
12
22
173
148
12
255
251
56
27
35
20
5
204
23
2
23
163
13
44
24
5
24
1
16
19
124
27
123
37
10
50
925
14
10
39
7
7
9
10
7
9
34
494
1626
155
224
22
1008
65
129
26
23
18
677
78
63
2
19
123
107
55
457
13495
22
190
28
28
68
44
28
373
4
401
39
12
356
62
13
562
3
222
15
124
14
22
1112
57
37
28
39
1294
29
112
217
36
6
16
10
2380
1512
53
89
12
71
1
19
12
47
8
210
2
38
34
79
3
19
46
8
20
102
51
10
91
56
416
5
79
50
54
28
6
82
177
187
1
7
23
96
1434
16
306
98
6
462
16
70
211
92
69
20
376
109
25
444
290
14
11
17
7
225
11
22
30
32
12
102
73
5
8
38
0
14
3
12
60
2
99
3291
244
74
23
639
94
97
31
101
91
100
27
2190
44
146
10
21
83
1776
23
6
1
11
2
218
30
5
67
293
531
36
7
165
237
8
39
128
121
21
125
43
5
130
7
171
39
14
75
27
82
85
46
26
546
170
619
23
148
140
12
29
105
570
27
32
55
309
206
10
118
362
39
15
702
48
19
128
6
25
17
440
4
58
0
26
30
208
55
23
1637
46
3
70
13
28
5
409
20
76
23
5
22
20
10
42
42
3
10
137
30
48
33
21
5
278
13
34
470
210
1
9
154
3
16
39
16
18
6
2
37
1134
3
4
24
30
81
59
103
24
28
3
101
59
7
4
12
2185
7
122
23
15
35
30
254
176
49
32
101
42
3
237
7
18
22
938
3
98
12
60
33
3377
12
463
7
61
125
6
7
74
20
4
831
1
453
34
7
3
36
580
1348
1143
188
29
226
184
20
48
57
1080
1797
60
46
72
13
13
8
18
91
531
139
177
35
10
3
44
53
35
256
123
122
120
256
14
46
26
64
11
88
223
84
71
539
4
8
8
5
28
295
82
30
3084
22
45
45
12
153
235
35
164
78
69
2
238
2
8
93
141
200
188
58
252
31
8
3
60
112
11
329
141
62
3
100
13
26
36
15
171
404
24
373
43
67
578
1
158
18
786
5
83
56
401
120
1860
66
1
34
20
222
893
227
213
31
5
90
37
51
2
137
3
263
14
46
243
47
80
46
533
81
254
280
93
292
229
3
23
34
38
8
54
284
18
12
45
1
44
177
7
10
238
22
239
48
11
61
6
65
49
591
988
28
50
191
6
161
3
13
16
8
15
332
2
7
6
2
9
729
240
71
24
30
110
464
456
7
9
14
601
54
24
17
588
267
5
6
571
311
26
98
8
2
372
40
103
5
1
12
4238
438
48
9
8
44
196
10
171
70
13
61
1457
807
3
282
12
60
9
122
68
159
28
19
5
15
24
23
13
25
6
482
19
28
8
9
71
148
84
5
16
28
148
27
48
41
4
1350
33
201
114
5
6
200
1119
25
311
354
126
49
19
52
53
153
26
213
7
174
26
105
10
28
207
31
15
1394
35
145
159
9
3
7
154
80
19
59
18
262
9
4
35
271
5
22
109
15
1137
311
25
24
6
26
124
11
1
52
4
76
2
387
910
9
914
76
27
81
50
9
876
373
1
149
67
297
9
1154
2092
16
29
160
121
37
181
58
28
13
13
198
9
3649
4
41
9
79
116
29
37
1222
904
19
206
219
6
1145
4
34
21
29
1118
11
224
15
17
10
44
66
5
381
427
1
4
10
15
358
40
1743
1272
134
12
4
17
594
18
76
370
16
143
61
14
1
22
994
310
120
29
320
3790
50
121
5
318
13
24
1403
34
118
67
204
2
227
535
5
66
39
3
24
144
133
18
64
44
229
46
51
82
15
30
43
5
221
15
4
96
38
30
424
42
57
11
4
5
26
14
3
58
3
127
4
7
87
48
46
93
29
176
53
542
2387
5
5
6
7
24
86
81
981
68
26
234
9
25533
11
87
41
236
12
13
127
691
38
8
16
151
775
5
2
41
1
18
1292
71
83
9
40
161
168
5
6
12
15
18
5
5
14
459
1258
12
117
76
35
2079
35
18
3
35
84
14
19
175
4
364
234
467
272
15
20
57
727
940
13
12
31
7
4860
4
63
22
8
30
12
9
143
106
17
340
5
96
444
32
385
442
216
54
164
33
5
303
26
2
50
17
306
246
29
50
845
2
6
28
7
3
38
482
456
36
17
52
28
380
206
21
26
1
142
21
101
6
37
26
13283
80
664
23
313
13
41
694
6
145
17
238
47
88
32
32
14
1469
39
176
3
5
51
77
148
48
31
244
33
2
4
37
645
12
8
88
3
120
96
15
34
11
113
13
9
19
1181
1094
7
20
85
46
2503
1449
714
529
112
528
8
87
3
1099
97
589
43
152
186
57
102
12
11
363
9
4
61
12
14
25
10
1
21
12
27
10
145
17
14
21
16
8
7
10
10
8
27
8
99
10
5
32
15
44
509
885
63
5
12
1769
32
2
16
129
105
82
10
108
77
25
16
3
80
364
14
60
10
825
1259
28
42
367
7
181
0
330
29
127
43
151
47
6
87
215
709
147
67
297
55
67
679
534
65
14
280
24
125
42
63
239
7
468
118
13
52
163
13
100
930
38
135
51
49
1149
171
70
44
54
7
17
2093
7
124
68
895
42
633
763
28
7
3
11
3034
8
30
23
11
20
356
963
96
178
17
205
970
35
6
10
307
45
41
134
12
0
59
51
43
2282
88
611
43
1502
2
250
19
59
5
1
16
408
181
13
16
65
7
177
3
6
18
11
17
48
74
2
30
130
11
15
112
19
13
506
21
68
50
13
17
141
322
29
47
22
7
50
27
28
6
7
10
6
12
206
0
19
56
9
22
27
18
760
17
100
41
35
23
15
34
15
16626
128
6
26
1410
10
18
17
20
14
16
663
248
430
5
539
32
62
47
5
16
23
7
7
255
42
770
27
26
69
879
102
115
143
115
7
10
5
20
31
466
97
80
93
14
6
30
3
5
64
1011
144
12
356
48
10
888
2
0
110
10
15
632
16
808
128
307
7
45
6
39
2
141
103
26
18
110
511
4
3
69
31
31
25
578
360
15
76
239
16
461
38
159
365
69
35
15
19
8
66
548
2220
8
3
126
10
6
198
187
2
20
78
25
99
460
435
97
57
30
384
4
27
445
9
442
1314
130
3
27
169
34
15
10
1574
241
213
757
199
20
2969
302
70
119
71
20
8
13
1152
10
8
288
6
11
31
28
45
26
195
19
13
24
725
50
36
395
63
11
62
99
64
63
18
15
206
28
36
268
30
3797
107
12
5
152
59
9
378
50
29
161
41
9
35
526
78
307
7
2
871
162
27
110
3
39
170
8
82
134
12
6
87
12
11
77
36
24
11
4
479
298
78
37
74
63
25318
1473
5
52
803
25
90
481
81
28
0
1007
6
39
17
7
42
821
343
264
12138
189
321
35
18
21
2621
382
223
1019
181
53
191
100
18
2
6
12
42
12
90
861
17
20
745
21
770
18
25
8
51
32
767
6
34
53
4
30
46
5
74
10
2117
2
1669
300
18
63
468
45
25
32
121
3
143
59
127
37
81
37
104
216
13
110
252
28
95
340
332
76
245
20
17
129
76
1027
250
212
362
190
168
2
32
6
385
959
1537
234
19
27
152
151
8
32
33
195
3
14
36
91
504
71
5
49
551
348
28
21
170
9
7
112
99
11
5
30
1
18
35
949
1
323
13
53
8
811
778
312
99
847
1605
141
3
5
17
128
6
97
10
215
8
936
337
148
4
776
25
19
35
23
14
236
2264
1
53
10
148
30
99
1283
233
12
1
4
36
11
12
37
6
33
1126
485
19
324
145
34
211
11
1209
249
6
169
8
2
32
691
3
64
173
48
323
21
309
24
46
18
1713
58
3104
80
6
8
84
45
239
729
8
54
26
145
113
6
4
9
151
238
10
59
2398
562
226
71
563
20
4
9
38
567
88
17
81
131
639
13
1
7
197
1
16
11
811
19
4
880
6
154
562
5
112
107
57
170
10
1108
38
4
47
836
127
4
82
106
54
157
60
228
67
10
8
5
242
127
23
21
2
251
11
154
20
11
223
67
5
117
5
6
386
8
6
113
32
21
17
3
82
15
105
24
47
370
76
3
7
12
503
80
24
11
68
41
136
2
3
49
25
225
30
112
7
847
68
289
37
21
5
8
545
30
32
983
155
72
26
72
19
21
326
14
81
19
12
551
2
217
1114
10
10
3
172
13
196
33
16
462
207
591
60
2044
527
53
249
743
216
210
6
47
229
38
68
62
4
35
32
21
5
13
14
18
131
51
219
15
158
6
1
21
12
2
13
26
164
108
2
743
8
65
28
19
114
5
37
261
183
5
24
975
364
12
53
17
18
478
0
4
48
61
897
30
77
105
4
19
17
204
71
20
7
67
150
26
18
33
3
44
260
104
7
30
38
7
6
40
26
7
9
1
22
27
47
677
259
800
7
6
17561
73
10
39
21
8
484
12
21
525
7
804
6
59
26
862
78
8
503
139
7
17
618
7
4
8
1671
3
2
223
42
209
116
8
396
25
481
11
19
17
121
13
14
15
15
5
25
4
46
23
328
3
11
7
38
64
20
17
1298
8
2281
7
159
11
25
31
16
12
15
7
31
6
26
43
5
13
19
62
12
2
310
177
4
36
38
18
28
1290
40
25
52
15
330
486
348
6
5
82
138
86
35
251
186
6
50
819
25
20
91
54
11
185
70
146
103
602
3
23
14
38
41
20
6
245
116
90
228
2
3
54
734
24
86
18
2
7
549
7
1574
367
179
21
121
90
15
124
168
326
57
17
5
554
43
281
593
117
12
103
505
204
109
114
26
4
61
46
2
34
56
31
25
1993
8
3823
88
522
127
3185
14
75
8
259
1067
28
35
178
5
8
407
82
4
192
266
432
65
821
554
27
11
131
84
19
31
7
23
369
6
12
25
21
14
193
531
6
208
20
38
23
20
602
36
105
299
8
4
28
17
16
18
46
53
113
44
132
579
16
42
26
4
289
5
1646
4
7
62
42
203
440
43
867
3
42
6
2
590
1513
803
41
37
5
25
3
160
19
17
16
47
5
91
3146
127
14
37
0
3
934
6
74
35
87
24
184
564
815
54
44
7
10
1836
210
26
465
37
345
233
116
56
127
3
5
572
30
586
337
3
2037
8
16
13
23
343
111
93
52
162
11
32
247
355
29
120
19
32
16
11
2
12
7
1099
326
161
23
2
7425
28
543
32
26
740
1225
225
0
274
21
2
25
5
29
77
9
4
16
15
2
12
15
62
2
53
1
2
16
213
17
14
416
95
268
7
103
4
18
2
1
33
719
94
94
126
1345
6
1842
3
22
10
443
211
2
12
336
11399
201
1312
49
29
11
7
19
49
429
1
372
16
9
46
297
8
98
25
35
38
31
1353
18
42
17
45
271
62
6
6
4
12
118
3
32
350
3
274
271
1087
17
1
4
5
10
175
59
26
7
28
13
26
22
105
44
15
14
1229
18
11
94
12
30
0
10
36
10
35
17
32
737
1579
148
32
65
865
48
1
33
31
2
148
238
1
63
32
23
2
2
56
19
7
170
5
84
38
55
501
5
6
428
48
544
76
9919
24
183
9
263
5
145
6
309
1947
63
607
25
7
1235
32
7
13
519
44
9
152
24
37
4
6
420
183
62
87
944
16
67
8
286
15
32
242
5
447
1129
282
28
32
1
59
19
166
13
216
16
227
141
7
780
453
41
21
47
408
6
249
779
11
197
2
72
22
290
10
790
6
45
4
5
3
9
23
4954
66
180
17
46
0
321
16
5
10
3013
605
20
59
430
466
32
289
17
52
37
114
12
16
25
4
14954
60
5
0
578
5
70
10
606
27
2
8
8
1153
6
18
119
190
102
36
342
13
149
469
263
98
58
9
217
15
2
218
3
191
59
717
288
3
17
14
77
27
87
23
24
8
24
146
93
1
2
183
23
21
22
9
79
13
2
507
11
119
3
2335
26
23
6
3987
52
7
180
1036
2287
6
54
10
156
99
175
141
13
17
494
43
29
12
11
31
7
1
1000
17
3
1367
49
7
35
16
1010
15
9
4783
1949
592
431
68
41
21
278
381
141
5
10
57
690
108
116
386
1460
38
4
5
83
6
18
38
5
359
17
48
9
191
15
7
41
5
105
165
135
9
45
67
185
166
73
19
5
14
142
169
9
27
18857
9
65
35
134
90
11
8
7
28
1166
12
46
21
22
6
263
6
23
1368
2
17
21
48
23
3
1128
66
33
5
5
36
54
46
9
47
19
5
172
32
498
109
540
166
16
141
110
7
12
5
85
30
83
49
22
2
285
22
148
16
1484
498
2
15
21779
1
323
81
24
26
12
586
13
12
67
6
11
13
23
166
1180
11
56
14
55
15
195
95
3
5
492
96
545
492
360
82
40
14
18
6
733
1
1378
305
188
245
887
183
14
12
1391
6
88
95
767
8
31
686
1430
131
32
6
10
43
95
75
17
230
68
33
25
53
26
2710
36
16
1
16
792
16
4
439
39
1
34
159
773
4
10
51
21
4
96
366
1608
20
31
4
336
73
1504
54
20
210
23
12
12
3
229
219
470
2184
82
29
34
15
197
1
2326
488
30
216
499
9
6
13
106
57
50
20
764
2
25
7
228
66
61
228
44
106
22
264
71
16
9
61
174
19
899
4
637
35
75
73
2
140
17
113
19
2
12
21
691
23
19
5
18
50
45
55
8
3
74
84
3468
6
1518
16
555
42
107
23
159
0
96
74
1936
1014
138
108
655
67
54
21
274
21
103
6
532
48
222
22
52
32
145
153
42
203
12
93
15
39
246
7
4
462
12
37
333
71
13
36
289
9
143
1284
46
2
107
341
401
397
56
29
414
14
722
19
28
51614
16
349
19
215
90
40
76
33
2
4
486
12
16
81
105
19
244
284
18
113
59
740
84
17
36
25
93
23
92
2818
31
82
37
91
10
7
154
245
1811
37
58
597
9
27
339
1231
60
317
1
12
46
51
138
15
8
333
24
235
18
631
73
411
37
14
18
25
12
66
1311
226
263
341
7
942
27
77
14
14
29
2
61
14
387
258
170
1123
420
16
4
40
21
2
19739
23
145
99
5
238
34
16
7
16
1352
71
297
10
256
26
277
529
27
16
70
480
25
29
643
19
10
57
774
970
170
10
15
12
114
77
18
28
174
52
8
16
235
19
1201
10
42
133
22
7
253
59
2
43
3
489
136
71
160
47
246
456
7
22
84
17
13
261
93
41
15
17
347
24
10
134
47
132
11
33
51
27
33
17
1977
1
16
17
20
27
31
752
49
53
6
4
49
40
130
12
108
956
1028
2107
13
18
30
11
45
9
12
6
520
213
46
15
39
5
1
67
13
3
29
8
31
58
196
25
454
213
70
18
3
88
29
124
82
0
92
5
2
58
1081
174
320
55
466
92
20
31
73
33
6
25
42
7
30
79
285
137
17
78
14
19
19
23
17
16
0
14
15
36
338
154
350
123
24
6
14
75
54
29
5
5
799
52
196
291
16
4
33
13
29
805
10
33
10
4353
1033
11
11
49
199
67
930
120
19
86
10
7
32
241
15
33
98
67
27
3
697
431
23
10
24
8
35
15
889
171
1248
990
11
14
7
73
22
4505
64
49
660
32
71
12
24
131
15
27
1253
9
86
276
4
230
5
27
6
48
13
17
16125
5
303
105
409
16
10
12
26
82
11
3
468
911
506
3
1
207
16
71
26
15
21
578
4
627
72
6
4
7
4
4
29
160
1
1
430
131
9
6
246
12
82
254
13
209
765
50
26
661
272
2
32
49
35
108
4
9
45
4
492
16
9
325
210
26
116
7
19
26379
42
123
14
208
18
8
717
8
2
21
16
168
21
138
61
46
12
377
236
63
43
58
405
27
37
64
8
756
40
3
51
12
101
997
129
18
1908
33
10
7
128
113
22
8
157
64
782
7
208
4
10
6
31
437
6
1
2003
49
19
1048
484
2
108
39
18
9
94
118
74
34
29
23
206
47
9
477
27
17
95
2
89
164
382
508
3
100
86
23
13
27
184
44
9
92
160
3
45
74
35
9
201
445
29
41
464
47
81
9
34
13
130
33
60
16
149
5
2
27
45
765
31
533
526
2
221
1
68
35
4
192
112
26
0
9
9
64
9
157
839
345
1073
231
87
67
456
3
17
798
529
20
16
373
11
18
32
6
45
10
2
11
80
3
561
52
41
47
82
5
16
451
115
82
2
182
29
28
8
467
236
5052
717
15
23
12
354
5
1
314
12
275
786
6
94
14
16
13
391
23
88
52
773
6
37
36
146
22
113
56
141
76
214
192
55
17
316
42
177
468
9
992
0
11
72
2
38
6
40
21
12
2
481
441
14
198
749
267
101
80
12
79
19
6
43
8
92
2
88
22
1556
29
962
9
47
11
15
95
100
434
14
136
1
155
477
95
8
31
745
64
8
48
96
26
26
3
7
11
10
41
2
11
1761
91
111
1239
18
12
46
11
7
87
8996
148
146
350
31
5006
459
20
18
33
63
56
121
3
24
6
28
768
178
41
20
6
6614
15
7
84
182
10
47
17
610
3
2
21
72
34
25
8
38
6
29
36
1966
311
53
63
56
3
1
35
40
67
45
25
131
23
33
480
37
30
31
20
1273
228
53
32
68
55
260
224
3
43
44
211
14
10
10
14
28
12
68
304
21
11
216
28
4
701
766
1034
3
6
206
35
227
11
34
46
9
2
39
94
140
464
918
3571
36
15
9
19
133
129
50
31
2
34
8
74
129
14
113
9
135
9
7
20
16
2
2897
875
13
384
30
93
14
38
50
4
68
62
18
69
11
552
286
825
140
13
77
1502
143
38
9
77
137
66
2
31
7
5
17
30
67
116
59
3
97
638
15
10
210
16
110
911
15
410
81
24
17
158
43
3763
8
144
131
63
1049
10
752
8
51
4649
21
236
25
17
321
129
13
12
118
1
141
109
5
1559
63
23
8
601
241
831
1334
4
381
5
46
17
7
1
44
17
473
3
95
145
15
8
119
24
48
13
1896
1
5
6
166
37
90
9
114
537
1265
22
12
360
12
49
1669
26
6
40
0
21
5
93
2
3
222
199
86
3
189
95
1303
86
142
60
6
23
22
282
34
15
4
13
130
101
765
541
48
747
31
117
4
1257
258
2
26
164
9
139
176
45
17
16
646
16
3
299
7
131
373
54
51
11
7
60
76
10
14
49
27
24
5
27
32
9
548
438
87
45
20
9
193
8
24
4
11
191
288
13
68
17
311
66
233
194
3
0
317
110
479
0
14
416
33
78
100
21
110
10
9
603
12
85
1204
53
11
19
8
3
227
86
56
72
5
16
16
350
20
197
1000
84
1151
9
151
8
79
505
10
17
1
28
31
15
69
4
869
9
5
1085
24
26
64
130
5
142
1230
12
59
27
39
411
92
3
56
10
15
431
1348
1
199
573
294
3
30
37
651
148
19
1245
367
90
14
90
458
275
491
11
23
3
12
4
8910
9
124
78
65
52
41
22
543
6
62
34
75
38
5399
30
193
3
96
33
64
49
29
27
8
456
37
47
122
9
8
11
873
2513
30
70
1156
111
1084
0
2
116
17
15
192
78
202
384
19
32
3
3
6
426
132
15
8
31
75
29
64
233
17
383
189
44
257
6
198
2
33
41
16
39
78
72
133
151
5
129
284
58
16
17
154
244
54
10
72
14
4
6
11
5
234
57
2
54
248
96
249
1
29
645
374
55
24
54
2858
9
9
51
5
84
4
498
92
32
77
10
16
8
95
12
7
6
38
57
94
3
6
54
9
70
25
60
482
47
1
512
73
2
110
8
25
142
186
471
45
451
7
19
90
102
307
21
81
58
0
786
21
13
3
59
18
93
60
388
9
96
39
19
89
301
40
38
5
21
26
181
116
920
1278
10
118
35
526
239
1989
12
33
4
367
20
612
101
999
23
8
96
259
653
120
10
41
31
110
124
22
1116
42
646
598
1
38
3
27
167
17
20
4
51
50
17
37
59
70
2
102
314
33
17
21
14
62
2
106
9
12
17
3
831
246
68
52
159
78
9
16496
9
28
42
56
61
785
1147
72
23
7
17
3
68
54
49
1793
21
220
453
5
23
46
19
173
622
58
48
352
41
29
3
4468
10
31
652
102
4
32
412
690
9
563
940
61
157
27
207
21
991
2182
369
1229
19
20
78
14
77
43
1627
165
7
1173
23
45
148
142
49
14
17
37
17
336
85
4
58
53
707
4
13
154
13
5
119
88
121
44
20
83
41
1195
1
31
32
103
120
500
9
9
29
91
15
14
15
131
19
3
572
78
457
135
71
225
54
136
35
37
5
16
10
15
22978
64
815
10
45
16
23
178
16
49
257
1246
1
35
33
13
10
25
61
5
295
12
10
14
783
7
4
66
3520
79
25
851
88
101
366
25188
6
6
137
2
17
61
17
1153
99
9
49
214
52
579
57
321
4
713
7
3
10
3
20
43
377
13
30
925
222
4
126
35
8
13
1469
41
853
27
8
10
641
16
12
3560
29
312
533
659
8
90
824
23
79
4
64
58
122
3
7
12
11
13
16
24
528
587
22
0
8
6
1
8
6
4
6
41
10
5
562
1163
2512
41
83
569
1381
152
4
194
632
76
3
312
9
65
27
137
67
53
10
5
54
69
71
172
16
213
897
3
699
58
170
8
1327
307
13
308
284
33
1766
37
76
11
1106
92
32
51
98
33
31
6
17
745
30
711
44
119
485
76
276
11
28
1
1063
3
123
90
747
64
42
196
29
74
31
259
4
125
71
337
3996
505
39
14
5
254
1
12
85
7
197
51
526
56
15
161
6
113
14
32
18
5
12
128
1101
434
2793
30
12
33
140
198
214
19
40
15
130
2270
82
448
158
449
219
263
6
660
13
538
96
735
171
27
217
16
114
8
165
2
784
25
4
16
38
66
31
21
2868
8
73
264
280
9
63
2360
21
26
220
53
5
308
185
3
284
4
2
65
96
15
4
4
13
37
25
855
168
158
18
80
30
182
13
94
59
310
29
104
2
274
1
402
16
30
52
33
162
716
175
72
130
282
30
12
226
3489
657
8
77
256
539
7
24
51
38
183
24
10
1002
17
13
12
31
122
273
24
16
4
13
68
45
6
783
21
116
16
165
37
16
458
95
12
53
36
19
54
29
296
34
150
70
2
22
2
98
54
537
1556
19
422
49
454
25
24
31
6
519
1222
3
69
235
16
196
113
124
14
36
14
6
16
1206
22
32
17
16
16
63
63
41
12
38
1175
8
632
45
79
41
163
6
6
6
19
0
483
14
425
112
19
541
129
971
2
3
136
76
113
7
224
49
117
18
10
8
513
179
57
3
130
94
0
48
128
31
25
747
83
5
41
65
579
37
18
1
193
13
225
25
314
28
781
439
333
1011
12
463
14
61
9
552
1
9
7
16
90
15
49
44
15
96
11
9
191
358
43
3
97
5
329
2433
52
3
25
55
51
146
3
218
1141
6
6
9
13
484
6
45
15
2
6
36
46
616
56
25
2
70
3
41
121
40
22
52
3
4
35
1193
499
49
824
228
8
13
985
1285
251
49
486
163
219
9
33
46
333
19
236
357
6
44
7
280
29
605
1
26
478
9
7
44
993
27
232
54
1
131
20
36
5
4
23
4
17
45
9
303
155
29
4
3
72
26
2
240
9
235
57
5
24
14
66
2032
5
28
7
205
21
119
45
7
141
11
9
10
50
14
23
48
130
104
71
759
7
290
20
6
3
2
494
87
3
216
474
677
276
24
12
6
278
24
27
348
161
4
12
17
3
1020
32
120
19
9
44
4
227
44
4
43
12
144
90
25
100
8
667
9
80
66
4
12
13
138
33
52
6
17
52
93
45
36
33
4
448
151
23
8
74
4
61
25
788
14
40
636
34
7
416
86
12
55
10
46
5
460
38
83
24
18
77
107
88
8
24
194
30962
132
56
27
23
62
35
2901
7
47
40
175
24
8
4
262
708
236
196
22
5
397
140
47
90
51
694
4
89
89
85
923
61
11
27
1116
0
37
5
21
8
28
316
12
8
1628
287
64
1197
16
7
13
17
467
30
2
4
32
5
8
54
2152
228
134
90
128
28
4
4
15
22
35
28
3
23
152
100
34
57
208
14852
82
11
654
467
40
63
364
15
166
109
162
11
9
17
153
50
625
196
18
18
338
173
222
55
106
83
3574
75
29
141
135
25
332
661
2
11
4
41
35
43
9
107
1360
69
477
7181
287
37
21
7
27
30
11
17
45
274
85
1
20
421
350
13
4
49
65
62
65
22
23
76
36
2457
1159
50
585
110
26
19
2138
144
3
3
4130
19
2
8
129
60
34
25
136
115
24
50
947
6
2
194
98
15118
335
13
81
238
9
90
21
179
19
7
8
20
15
1057
75
8
2
17
58
33
9
30
7
38
13
19
12
8
36
213
1
489
775
40
10
416
9
5
361
22
8
35
18
23
1681
6
122
104
115
17
12
39
26
8
26
472
661
4
4
19
26
17
136
370
76
153
16
97
48
174
39
12
27
91
6
46
95
21
11
536
132
35
79
1348
81
18
35
112
5
33
6
3
3697
5174
12
410
48
200
4
1113
27
172
28
395
64
586
24
102
32
78
166
2
23
15
145
47
3
34
2
35
337
9
16
7
65
164
496
45
3
7
22
17
18
387
11
464
0
258
637
16
109
19
23
228
372
40
132
59
23
5
81
256
522
51
480
616
324
28
100
7
1440
67
24
108
1
15
106
154
10
42
51
35
27
1
20
14
492
160
15
39
76
4
10
64
207
3
98
20
1
63
185
1
8
10
0
58
346
5
103
27
33
651
10
178
130
33
4
47
147
66
20
99
39
38
49
1
18
1725
78
8
17
11
134
42
4
78
8
16
174
2
6
2
419
5
36
56
47
27
74
38
11
8
44
120
25
36
6
31
29
16
188
4
8
145
16
11
19
21
483
36
23
1246
71
71
23
327
160
22
13
0
16
3
839
303
106
9
7
12
459
3
13
13
131
339
28
383
19502
3034
33
47
347
112
11
8
108
81
1
37
21
0
2
2788
41
6
807
139
68
3
12
4
16
18
163
0
30
97
924
647
47
138
17
28
8
97
38
16
141
7
52
31
31
7
78
130
572
289
180
151
33
19
9
1
54
5
60
36
16
40
53
15
419
86
89
335
12
156
131
59
12
722
10
14
25
629
36
156
3
32
3
69
48
19
121
6
11
21
11
10
18
18
69
132
27
45
9
65
3
290
42
7
13
227
56
335
434
62
8
21
3
11
22
25
21
12
4
33
45
644
34
11
3
0
156
26
15
22
1863
169
11
9
54
7
11
56
35
27
6
25
15
549
182
53
26
40
208
40
51
3
830
200
890
13
142
187
25
469
47
42
4
60
290
1267
1111
8
47
6
73
14
437
62
94
13
12
14
27
94
7
1833
227
84
29
230
4
15
9
35
11
58
327
24
33
13
187
89
386
136
92
478
239
197
2
64
18
42
7
13
27
10
3
4
12
184
39
5
7162
9
27
9
77
36
9
23
453
65
7
216
312
15
11
13
1261
35
44
110
9
22
6
19
28
46
219
4
434
15
170
8
23
25
31
180
2
346
35
432
1088
6
81
49
15
48
179
26941
18
223
7
3
18
4
69
7
9
22
2
34
91
13
23
5645
4
4103
19
6
17
40
226
411
543
104
25
16
77
94
329
6
166
66
1086
12
48
16
19
45
17
33
57
153
126
400
15
12
2
246
1
7
36
251
10
8
254
40
62
2188
555
8
189
43
47
4
200
59
502
23
76
23
172
30
80
78
30
152
0
219
928
289
9
236
37
798
15
118
6
13
44
18
30
57
6
8
2
6
45
6
92
138
12
29
23
72
8
521
10486
387
268
7
126
49
5
1221
36
33
309
241
26
78
52
27
2508
14
15
39
570
25
37
830
3
4
28
30
152
33
37
6
13
346
278
30
16
10
1
22
95
21
1
140
132
49
90
293
138
14
172
7
437
181
25
957
614
6
206
1
223
228
54
24
7
158
39
63
36
21
74
156
53
108
15
95
370
2230
78
406
90
127
151
34
25
9
196
12
476
11
2235
133
187
20
7
188
102
266
378
6
3
1
16
21
449
9
5396
42
1027
34
54
58
62
18
66
358
33
33
200
780
0
8
14
14
50
17
203
41
292
18
580
8
130
9
572
349
187
79
11
24
2
3
43
61
16336
249
31
116
52
508
4
149
37
11
25
17
130
3
51
290
162
27
62
585
2510
458
17
6
58
28
8
35
33
1
11
12
15
2
918
5658
264
70
7
19
80
125
58
6178
26
6
137
7
133
808
59
21
30
0
59
66
36
3
40
139
22
14
119
38
443
123
1417
13
49
41
5
53
1209
3
33
47
147
3
46
3
13
161
27
13
2
43
6
1295
9
9
3
26
164
93
142
8
492
4
541
415
20
121
4
2800
253
18
141
2
5
16
8
25
19
5
782
67
10
15
7
78
105
22
287
2
5
90
89
20
3
0
0
43
172
11
57
75
9
22
14
50
81
32
8
56
1
428
78
26
13
8
228
189
31
117
41
3
179
15
656
66
180
2429
1646
14
50
71
25
7
169
87
202
262
7
157
15
36
32
4
547
13
18
174
1
0
61
169
75
2
13
4
76
663
26
17
18
503
6
38
37
142
6
63
7
7
63
6
4
7
35
9
74
198
4
73
2
33
109
25
62
20
3
1
21
12
36
129
41
21
97
140
4
7
197
35
21
1
3
23
27
7
45
22
37
6
78
32
28
148
5
96
14
129
25
16
88
44
336
310
8
184
29
2415
13
43
122
830
63
20
147
73
41
79
1
260
10
204
1043
33
9
20
25
56
16
220
233
173
17
4068
14
16
12
120
18
1
697
1
22
2
3
3
611
152
47
14
163
38
98
5
6
229
664
3606
3
146
104
5
554
14
58
71
119
136
7
22
512
25
33
611
21
1
3326
11
5
27
40
3
362
19
828
13
1350
0
10
67
636
9
16
20
5
185
1493
112
66
12
49
30
87
464
34
271
3
252
103
61
104
6
180
12
109
265
24
20
17
670
252
11
2
12
38
36
258
9
6
174
386
8
12
209
37
21
14
1018
20
1447
1
138
78
2475
54
339
16
96
24
183
21
187
21
7
94
49
6
57
3009
3
24
395
13
317
78
53
9
41
6
18
1177
23
60
98
77
1471
14
1623
167
31
70
59
22969
31
379
44
152
630
15
6
23
24
20
74
28
7
48
547
577
133
50
191
1
5
32
98
15
6
28
14
15
110
59
10
77
8
7
495
79
65
6
3
61
526
37
22
30
241
22
2
6
1214
29
14
6
46
30
3
44
953
12
6
28
4
86
184
812
306
20
3124
10
38
705
9
3
0
10
15
64
4
189
1
96
10
22
178
40
38
107
12
5
37
9
191
11
81
47
288
3
36
258
68
19
78
36
5
4067
15
9
63
23
23
33
81
42
4
9
9
17082
19
2912
232
7467
99
394
18
15
7
103
48
37
172
56
7
40
851
540
44
4
566
471
65
67
16
59
103
95
29
122
3
63
4
29
708
67
3
49
59
35
69
15
37
55
32
1787
21
11
12
347
118
47
216
20
35
101
13
50
509
23
3
23
59
163
456
33
11
9
506
8
49
33
10
4
3
78
36
30
1604
10
83
4
50
37
602
14
4
305
12
59
10
82
6
1796
0
23
240
27
2
438
102
432
472
220
2
2
195
102
5
61
12
103
2
22
25
61
64
48
245
5
9
5
30
8
180
221
1068
19
78
148
66
80
21
65
771
193
13
8
13
494
64
125
11
5
60
13
284
83
190
101
58
17
24
15
56
35
38
27
277
705
87
17
143
7
51
37
10
4
13
247
9
321
30
67
796
153
7
2
8
2
9
197
15
13
27
16
17
57
8
25
58
295
28
37
20
2405
92
76
90
16
140
12
8
4
3
78
1
2
690
559
23
1014
123
5
4
25
130
4
198
4
14
153
163
44
94
25
7
13
620
8
24
54
586
16
18
266
10
12
6
150
19
569
148
363
476
3
50
23
102
6
3
141
16
27
14
862
30
1067
174
252
85
27
466
1907
39
102
44
27
404
11
53
2
74
55
28
134
46
19
94
336
361
21
109
4
94
34
1172
119
19
2
43
7
25
30
12
16
1636
154
0
7
6
81
641
69
79
1140
50
149
4
231
292
46
14
70
34
23
398
15
14
259
10
22
8
2
124
4
582
47
12
148
205
28
11
13
13
27
73
14
11
32
144
28
6
22
859
93
28
27
11
10
2
22
10
2
202
50
4
789
45
6
7
379
76
16
582
28
58
138
10
691
269
0
5
2
4
182
20
250
159
13
423
23
9
575
15
29
507
30
20
36
26
497
34
42
72
3
186
10
2
11
39
760
128
38
21
131
47
43
70
7
816
25
5
313
79
124
14
1
78
5447
54
205
1386
362
58
368
29
426
52
85
47
9
323
6
857
3
2214
519
214
10
146
2111
6
41
148
13
20
112
23
109
97
28
341
11
574
4
74
4
17
11
21
1051
13
643
51
20
66
95
0
23
443
26
23
4
36
73
11
307
5
40
17
128
33
96
336
111
249
25
230
944
34
90
20
43
92
24
2
34
30
22
5
70
11
5
84
67
35
42
4
256
55
146
123
4
774
5
23
116
222
118
258
26
4
285
626
27
43
17
33
711
10
210
425
337
38
65
34
5
6
18
38
227
112
2680
9
338
52
71
163
76
4
82
3603
48
3
17
20
11
211
24
30
482
16
17
207
41
94
13
25
601
8
464
174
11
12
18
3
285
66
34
65
54
2
66
131
117
599
362
124
35
33
21
54
21
5
8
1166
4
30
3
168
20
1
44
10
367
767
38
623
2
3
5
85
21
2
222
16
175
81
2505
11
13
83
52
13
5
1836
12
137
15
4
616
5
29
21
5
17
14
4051
37
35
316
3541
171
13
7
17
12318
251
20
5
43
129
8
1126
4
49
18
44
23
20
738
34
20
97
51
20
11
13
108
3
331
44
35
32
75
144
5
742
43
491
91
7
1
43
72
858
36
2296
1
4
49
23
7
70
5
22
15
53
74
62
33
742
7
4
12
131
66
9
10
10
82
228
75
14
244
8
51
14
15
8
3
11
7
7
84
58
3
25
8
629
3
66
145
28
11
39
90
8
59
12
1218
152
31
1070
349
270
26
954
403
39
48
9
35
25
12
12
224
447
245
223
7
10
57
17
3
42
33
9
1026
66
541
78
89
54
4
34
11
45
912
1100
14
126
36
455
9
46
107
256
470
31
2
17
53
7
1860
30
201
4
9
35
153
44
27
44
4
126
341
350
41
7
128
25
212
25
69
209
59
51
17
3
39
35
194
329
46
4
1616
10
58
26
33
10
60
450
177
69
342
26
94
41
75
100
65
21
43
104
3
24
113
214
5
10
52
20
62
57
217
42
78
270
64
3468
12
41
4
125
169
40
4
5659
13
4
170
14
906
17
30
3
104
37
3
46
247
291
52
16
550
587
353
1047
597
67
21
199
25
1622
9
1769
91
44
71
8
100
6
34
51
107
918
18
11
10
80
1673
8
8
7
143
221
132
238
97
109
103
53
224
7
6
13
76
7
322
19
5
7
454
515
395
52
135
9
12
7
754
284
13
1106
41
2602
2
14
8
3
100
3
133
12
35
19
33
454
8
1
31
10
96
9
106
219
8092
18
16
699
38
74
36
14
6
784
455
18
27
133
68
31
14
4067
0
285
63
256
785
23
11
9
21
4
3
16
10
12
516
2
91
166
35
13
960
2
67
21
468
20
22
36
8
2401
10
30
28
1
8
4
2033
38
14
123
2
72
65
5
798
161
32
56
9
35
403
2
1540
229
1550
46
20
20
5
91
7
6
52
714
3
2925
69
19
6
8
2
58
7
96
12
10
12
411
847
26
1124
375
68
236
12
18
62
42
7
11
1032
1
11
1760
4
67
30
408
17
20
756
6
14
10
946
42
76
58
10
279
28
19
1
15
1499
23
10
7
127
10
21
684
9
60
9
7
35
609
146
18
72
13
13
19
1202
93
30
8
9
8
101
234
10
37
16
30
129
167
58
168
49
1218
8
73
126
61
12
18
108
125
3
1
5
14
17
127
3
85
19
203
1126
22
152
65
56
1066
35
157
7
312
135
21
152
27
464
232
20
1012
6
55
89
36
65
4
25
118
69
123
528
11
207
14
29
373
28
42
4010
8
20
560
41
17
8
597
36
12
7
1
32
37
12
27
23
5
51
2759
471
8
175
88
32
24
27
25
90
164
0
29
8
515
2
38
2983
956
81
101
5
152
19
93
34
3237
2
158
10
8
52
398
0
21
13
3
68
80
3
6
722
17
16
1767
84
806
3
108
16
526
29
33
10
9
58
28
38
39
226
109
10
1051
3866
27
129
11
13
307
143
70
65
2
13
11
9
459
192
40
1
13
18
11
260
42
78
234
419
5
21
72
7
1665
5
42
6
4686
39
31
266
31
188
146
153
16
32
2123
25
13
990
231
514
91
45
45
38
122
1594
63
47
419
0
27
22
98
29
62
4
152
12
1007
3
260
38
23
16
6
37
55
56
4
1
85
18
6
3
2
686
39
54
41
54
681
1348
590
95
3814
173
27
27
3
17
11
5
11
37
109
3506
83
97
30
4
320
1
101
79
1371
43
342
3
18
144
30
26
2
1
12
48
19
9
4
3316
405
20
84
227
66
92
56
264
24
22
6
57
29
6
83
22
35
75
77
167
807
840
318
194
90
206
17
49
944
