1325944
1041005
368710
8330825
2364252
4566944
936080
763269
964439
1210340
668167
335546
661796
528169
2031217
3800566
746536
662829
7974882
460978
540028
1298023
7177602
6272363
4811544
896333
931051
14069006
272655
554729
8499721
785250
1892304
3249037
1272247
3242145
1001007
2135722
1054520
1372118
10346687
691532
6304175
777968
792699
236350
1465464
5688837
802355
365828
2506223
1629581
619463
1460618
3575646
372566
242130
1815570
514916
1040854
740849
694695
10253439
450580
3708496
1046253
5777367
1509940
9107155
693333
1149502
334308
803696
13727935
733844
2501910
1350947
4620950
884526
763314
864287
973407
1714979
1986508
3609068
1054228
1043992
508861
611725
171679
7776562
3149609
819394
1696202
539976
618336
537766
2419478
352513
2978014
819910
323717
8860797
4056654
2195569
2085076
2159436
2304071
904204
746670
986630
278605
342939
877363
1020450
232660
3233673
5206132
3322943
3717390
1222872
2900719
12384808
702597
264596
1106061
350714
701284
2848352
969399
192457
5893259
1125407
2885135
3354641
288811
310986
499510
3546505
2411382
2369551
2884002
649256
1763791
624113
6455151
3744148
9632145
1786568
9106251
2983731
130478
2210358
3080952
4361036
1603695
4722807
1330713
694872
4002032
759791
3365817
975222
527117
478878
406011
1397629
788265
3714211
791351
337082
655861
1738715
640371
974154
4850509
639904
2809854
516141
4834229
2652713
17242067
427795
408811
860866
9339959
3179658
6255234
3863582
9188025
887248
2726720
9945444
3888292
928137
2257913
1025123
517291
434275
1904464
21601711
763638
228418
1838504
714125
2029016
919903
5519303
305541
338190
3831050
1868169
1732417
328958
3296193
2970685
749239
1818480
917761
1212280
1434415
2813346
1325139
447394
1638345
3042529
1503139
1532298
1014085
457418
868617
1401226
1301111
537803
8337218
472584
561361
3232830
792841
875925
1516270
1467287
1936393
1034273
766999
1318198
295564
696884
1842593
885066
810906
1903601
269030
24632378
708146
480472
356109
959858
754654
1361196
1271066
479539
749132
1404614
618445
8855072
3006585
996040
2973850
2177537
1305969
7139009
1678653
18821362
1686859
1382736
1459537
566725
4263473
2578872
3089913
6242379
1410957
955556
2387765
256876
628182
376453
10858372
889111
641160
376204
2808632
790364
2736200
378906
592104
805065
306812
1781768
1088453
1452877
9713935
3827288
695547
1589794
308833
417892
561516
386852
909744
177634
2969677
1267454
1866478
2010722
7022651
1936731
2392638
3641677
1305655
581949
241057
1352881
530698
1283746
491885
477496
826315
657890
570730
7519430
1091784
1373998
2048703
2137911
4958399
5050472
3309243
1915050
1143811
3498398
860715
1245962
605044
574943
5090420
916268
2207023
1773951
1439556
859142
1488975
2470059
5555795
998238
1288913
2590693
1461746
3927101
1319875
3577675
24495465
621688
1270124
824306
6356060
2293101
3687980
734256
651913
2660964
1914871
138692
1175728
2190688
447212
196029
870981
194053
3614511
250403
267008
1445360
800753
1682163
524971
6999616
606984
794198
588158
984103
1854739
1251366
2219504
2407719
2981636
67552705
1134853
793774
2139039
1195135
863121
277680
820511
660867
157187
424509
329625
3584159
301017
1568920
471062
451825
403645
4029967
3344250
902196
419800
33290956
1199347
3530464
736717
1423035
1881897
319486
287247
992671
7666650
911146
391707
3418449
4689734
3305567
863242
1533332
318576
381480
714571
6207599
1008594
610464
396683
194538
257463
180369
1357781
2891161
14157077
3539510
711068
3262655
4256073
2261798
1012424
1180886
2167414
1180770
1224257
3707821
1525922
2989967
365687
1363096
1828956
3725916
2462133
114864
2078769
7278515
758294
1702172
334654
1678550
586880
2054064
721671
3710777
1270247
560547
2510584
412812
1771658
2794754
951710
164913
1632206
367097
3921385
563924
5447524
414894
237591
4982617
366371
5349901
879815
1131531
208365
773079
1596955
4446552
3267435
308994
6421880
1032855
993448
4190403
1928351
3543665
1193560
6218126
2121718
2795215
2486812
968007
417138
750458
2494763
862480
3104395
5752033
450407
1435300
2801743
3883342
8537420
408175
2924532
248278
7333422
947592
2979728
791654
1252908
326050
1304877
3652071
4813757
1711376
2485754
9130681
1333707
849526
1166792
2102918
1229783
3420436
404942
3399881
643197
227479
4389715
1283593
1335011
660632
3277920
437351
2848653
1778217
679776
1395301
783959
435866
2177888
3053582
379753
5283431
2774969
478755
680983
1445611
2774663
5988604
1930236
1316731
6015917
7406691
441491
1975907
1859225
514257
1413323
607146
421244
4643625
878583
2013580
2077522
311869
611372
716020
2272653
1046055
218395
3413009
1047535
8414548
1039372
410544
1348666
538553
2764087
3027485
5723301
2030868
726604
723145
276350
1181963
1280631
222608
331335
1070360
1650989
142379
623360
1430830
376828
797037
999453
6993716
2274193
624629
2766669
2413386
7694080
429416
1920717
438394
6302790
1579659
637892
1194885
244396
430280
2100234
181436
7048782
1426828
903405
1718710
1272011
1181760
674949
630874
1266045
481779
1216641
1092014
995848
1054135
282662
818035
912657
772636
640083
3125103
2245611
2404908
3105248
411118
2205844
12987474
3584479
1297272
673647
5432624
2333577
13780383
944901
1414386
7036049
768610
3701781
727347
430632
367319
4926194
3280199
2203082
5154604
3503854
3938960
5429235
7164357
666175
1364368
1963206
546633
718832
725547
4705433
454939
1454135
1622151
402318
622837
2179285
2204584
298537
1555817
804848
160219
1359630
1548976
1310893
612925
1290157
10080740
2428399
626838
706476
157734
1150213
3453413
1295586
7713762
10927868
1553822
612021
2686620
475077
1555318
564010
6928143
880277
344665
4306912
378706
143638
1410817
3479525
1153894
876093
1222247
121645
739845
1053673
631645
25450266
977278
3743908
2044612
7139154
314394
1219332
1962692
191777
1696451
1433807
950642
1763464
861178
560667
623934
640750
465535
550180
444925
388575
3328599
617350
455586
3931922
16671786
316217
355924
1082998
2575990
8848891
1268399
5188675
1233467
5088092
1163803
1841771
4649003
3208167
2460455
604672
902245
148293
780588
4761837
1856141
2573375
2441901
1507405
577176
733164
3476636
1487224
434749
610583
657800
1395177
1989968
916637
6299754
5009933
254262
1818857
1626196
2423828
6490084
6304245
2288294
423421
4785419
4616477
410896
2986419
440354
1930848
849946
2715722
3779464
1942256
698835
630328
2578895
360617
857826
159769
6752887
1422182
2251177
2692766
2573018
1140313
6156757
210330
9634385
3381061
3096500
1403256
676980
667168
751472
1196278
4354527
2955351
1453954
767782
1542432
11516301
868698
1218397
741087
382270
658494
1520766
1271490
3145478
11235014
151795
1199855
1349425
2182481
2724890
1077406
464943
1210368
720172
1837516
230274
2426219
4070369
2712715
628845
598889
2165516
925826
9385438
454991
711339
200872
2222436
1656249
1112452
3316075
804738
3398501
2467543
251918
310847
2346268
6106396
2850605
452530
681245
699050
2298301
1464471
528567
928646
2180419
1192688
845715
6524775
2314806
215910
568464
2097781
499996
5803129
1504699
2682229
3281800
229385
1190082
2402155
1470300
521642
1271321
1289267
598820
363962
2206190
313450
426657
500851
6381656
8519304
799367
140194
4507718
2043101
2526332
3942312
713890
1342989
859753
2567938
630336
1082308
807602
1423972
2508192
3796580
398463
1573578
320500
1899480
473527
3746213
21016
613084
1149604
1256655
379622
2722956
5768841
1279214
2536760
2035778
172668
1345604
386649
336851
486129
4457365
18256698
2668255
1365647
1081223
110647
3812941
689680
5825849
2795731
4136236
456273
2482428
460722
1116148
2278699
3755662
1528325
1128020
485803
783588
696334
756592
821085
512142
1020330
1023719
551270
2281271
1550137
5489820
223232
2321920
2858837
1373124
2973977
4611176
1078757
1037303
2254379
2331041
715126
169678
576017
1626920
300242
648475
4814196
1868118
2072763
1398193
2645942
1809106
1015476
791566
222970
1002233
413173
831857
890873
2810377
866340
2668425
565661
1500845
15699233
2614392
572307
992765
921128
718281
633085
1918766
2668753
567677
4704024
1556400
1030843
373571
1643240
739202
1337161
711270
2022868
3419589
4470562
2256747
6447955
599936
469795
2007005
308523
2867742
588818
1423390
267758
370104
935547
984437
9404815
3314175
2649474
953901
792780
13624445
1915414
821554
6532176
676036
729810
899822
808208
536261
2668923
2205968
1236733
1073471
248349
494335
220395
840545
4245571
2844867
6422223
605578
371104
2462002
12252677
5340745
1629361
6086453
2061115
913672
240291
1411601
2525348
577663
2226911
4333751
24103789
2102784
3884804
3273142
6313646
799385
1244507
5510735
934765
2673836
254681
3488397
1379058
1590497
2235756
7570680
4577084
332366
1184583
1278561
1833496
393339
889224
1187519
2740857
621531
787569
960298
2001213
615221
2495624
383407
5163791
13815616
237495
866380
779758
3762080
4070351
982695
416825
849184
332170
1919357
1542298
868893
767564
2946764
647089
2058614
471345
1032852
545323
1129566
2216246
5057413
4540926
269171
473263
1402706
5900127
1668621
295250
43312958
348021
1587839
424335
805615
419007
542317
2991076
1834513
2748600
474621
1200478
947941
281497
606527
1685005
799040
787412
1035332
2092964
5153190
1096155
973202
1995039
753474
491974
1536809
7468990
1539883
27137797
1103741
560552
2296698
7935360
2119049
1644751
1268540
1695675
1226020
1244686
1891497
1082482
744895
586796
1102609
3171149
7490455
844625
254383
1042234
558276
401688
2221411
305483
1052742
2972911
4677814
4257547
959506
862017
4690781
3400125
677200
5407051
24867048
27192867
928809
430080
9081256
153931
571552
1339470
1195079
356594
1471866
1660734
541091
1877604
843401
1104263
7989109
1843820
486694
2380867
590763
594850
470368
3908404
5024068
1486371
4965756
888580
1922701
1313030
857233
1086231
383948
799587
158704
564200
317460
2660222
1523830
1647731
903706
1102565
4849811
522521
817140
4637097
1122372
10594158
3511585
792312
1955321
503356
762311
2309868
2219384
987824
4860834
261189
2313546
4028587
2430488
325460
2034443
3776083
464674
2362811
443188
932439
917374
659707
1018814
244636
4401765
2311628
7067085
928719
6151744
2499908
3652364
748715
4899159
1908085
8531103
486498
3705475
607680
1151643
3124154
3416762
677335
15838074
987761
1798652
1223843
973512
744121
13851065
1689029
1971185
874332
1253916
1786279
1030015
1701855
8556043
1356955
1630354
681179
1935273
249493
8438154
3118931
329329
333389
3530239
384532
232136
4263052
1624968
1217266
2591492
1300750
1154325
3006340
382449
295738
1904273
1597439
2158155
597088
543383
597031
737598
1425688
5533933
669030
404384
4369434
127561
1011691
1817395
603676
643437
822485
1096339
567311
352984
1144929
1608705
593488
2031583
2343233
3089035
2353453
8832881
1533655
4797440
1072542
384062
1153756
485120
1088597
741092
6397102
284685
462521
3110983
2999342
4327254
2753020
2175687
10045410
1071869
13408004
387505
632208
1492104
370493
297649
806504
1534152
197186
267914
786326
582337
222596
1075968
7695482
830660
1698688
848931
691563
1687867
681577
644833
847908
2378452
681965
894014
2241831
1092819
501890
783428
265878
164764
914211
828068
725224
3234880
721292
6447645
3022922
191645
3969938
5151474
4477641
3434024
2184072
3878985
5987305
5037057
863846
2206108
412235
4722621
770605
1874423
452672
711078
703771
13996663
384420
1365531
443670
2934911
464060
889617
770454
68251156
9917157
3594230
2492769
654253
2010432
20188026
410766
7661395
2892700
3493706
2416990
296546
6274727
2281035
6654143
204634
7825722
1434650
10666587
2087928
4186220
636073
708247
7654722
447246
346055
614930
21929429
7495787
1130454
1402910
255646
1332357
580335
1409379
527053
13246116
362134
817379
3182007
2372573
2042937
1968015
1267204
1078903
223979
8360117
850675
2425661
2430409
1043190
940201
417364
9789494
401242
1730854
1256473
584013
3782303
1615330
5367355
968258
346184
515709
879624
2973555
1199496
2132616
1715119
1047512
1201445
5199710
794206
4364103
10703715
2876305
1268254
1640334
1271424
592822
1472749
257032
3079918
1046125
375928
1343448
666688
758692
698837
528846
597324
1431511
3094638
15293739
1269139
6271539
10318410
2281322
2214095
630636
2620937
5745849
811873
7455230
2443103
909279
956735
753132
464439
1355864
1911731
444214
717497
445923
5196112
468657
853995
12161934
835892
5931603
461156
1995526
1159906
1713737
889656
108505
1330063
1937631
919582
846474
4437801
3567478
1234698
9008108
2296544
3107540
655574
1433058
2741688
1099228
1818754
9790986
10392813
1614815
1016405
1137471
707678
4982565
5147577
331605
2901423
2139098
300773
2125862
5019340
507715
1224822
687221
1243602
4091514
1137315
1017409
1220974
6855697
1456870
2465607
357980
4579036
1119741
592509
937253
1501780
584700
2463987
1466245
594517
2162370
3547755
405083
1581978
597012
353174
1034458
1292145
3240923
1019105
729992
2415812
2599169
1893063
230051
1440107
3941517
2232808
4165293
3248219
2155394
7058414
5306385
1008755
1646017
2322978
1194908
1404560
184027
945271
314721
2462005
684187
3727552
1386123
335709
1509591
223040
684138
186548
5587682
802838
471679
1637163
2062400
183482
11071130
334142
637869
25974748
2464049
2667146
262039
5331633
466472
497839
485333
2270191
2976517
10640165
1832317
3380234
406821
1329110
3343329
2656140
717630
286506
594685
136639
767139
3162796
2048622
630418
197401
1595426
580264
918401
1247504
13348099
1814601
1463758
184501
1170559
1008684
3903767
746568
1987600
243684
826887
2106140
327189
6696842
1527910
3472139
628473
489316
2023556
1655108
2876252
1898554
2174602
942581
233248
470127
1207257
2090624
340310
974728
274316
1018649
893271
14910231
1488919
1509677
1271730
2030390
3832435
1726997
3223806
12481023
889071
334283
3276710
2488417
2005300
1760735
239142
2245189
412344
1678310
281561
6494229
2566475
1354244
224120
2668133
873961
1447423
1306816
369118
334226
6259562
667933
538586
8099366
3618551
356401
738703
981616
6249208
210735
318175
535608
1437354
9813725
1753381
2236165
318125
1392234
822904
3852698
2458887
3254913
346767
90555
3637647
640100
890403
341719
2417438
7778243
4595959
387623
3574139
497790
2714469
1551440
1446977
499118
1147113
2915566
1950546
359822
1597916
2203959
592497
2106510
2176219
388915
927433
933531
5987349
1061207
619476
2950945
633784
456716
1181360
5966912
876915
6697251
325174
722993
2520462
1731103
2036536
1360403
595651
814501
3509363
1216624
3495208
535145
444434
1275892
1851888
7378622
4023426
480969
1076708
3093285
386816
2614308
963625
3271113
915688
279688
4483420
2819053
2035925
276820
314673
782481
1553507
6964862
2741384
1423291
6229942
881354
1496487
906210
2441814
556982
5975358
4572933
242878
403760
649053
1730151
2165297
836664
1101561
2057296
1306761
5417652
1465169
410613
7364421
3033854
1101896
12369728
532645
482607
2490565
2831921
3354201
3059632
3836432
2158025
2921742
3149752
1389338
1556991
3313747
697477
4063743
437780
6669869
745320
777060
1674230
1017222
427884
973176
1608339
412953
4975728
1113473
291685
1797663
579167
609589
765743
1095925
1171789
140968
2784356
544261
4712166
3652199
2518103
615556
2063961
583025
998070
4796655
2898661
498440
309225
615305
381752
1691655
318759
7298716
722661
878898
4660311
377174
145643
561749
699864
905070
1293610
1066267
627515
558522
1112557
1096998
1633215
371678
2239262
2596034
1414077
664014
3225834
1399411
6280628
5793023
13260587
560664
467952
1306547
1364917
1722995
1923849
2153423
507396
6237080
1537568
8980059
1631722
1641496
921251
4524108
355782
452610
1353438
636399
226896
1024342
2343765
389791
1357738
504760
399658
2626197
5251928
411028
806440
9284043
5325389
1861061
2100213
494130
3044745
1152668
994607
1605710
175523
462710
188487
2104715
14467301
647775
547799
3734464
887371
841808
2623243
5471590
2948415
4228623
232178
701255
4698522
391768
3113013
5801906
3133484
4204518
5690340
647788
608368
2084115
634642
980973
413297
1089389
2673024
1898290
325303
400728
454236
2729568
3694720
313502
1917161
4978899
1844405
3373363
3203736
1122390
3988016
581677
2503515
13307687
1272994
3534157
2178374
1149605
781304
484308
672828
893813
1545755
1061019
866899
1279974
393406
3723153
4595179
1321999
2542783
14710067
7908277
8616842
4234828
671692
6323175
2476474
2232404
3677316
1616975
598868
7308618
700760
1292398
860682
406164
1550173
902945
715379
1084975
1752984
785473
1669464
4635063
437342
1481539
1692285
438759
394932
1518412
556679
343224
186443
549408
1070684
714217
6760423
1451869
181817
2650974
683075
12585741
2989333
148575
1337047
542394
1808747
3112440
3963868
1392798
825019
1356167
1164208
835330
1942405
819455
242557
647825
2299545
2283938
248066
10350422
223530
899249
3519034
4225528
500887
1106751
1809043
3234215
1616218
965134
1642716
1995814
1130311
2028386
1553904
837827
2994754
214723
6090549
1226665
3530651
2026249
5080583
1841405
1262361
1161791
21913307
6674417
2451516
3019120
6644108
975337
1078546
825179
415713
2020474
476093
433295
233201
3305028
438312
219784
1531653
16115686
918043
2320730
1329988
566714
1055966
2895901
1760597
820512
1751351
923577
571066
1753854
506182
344394
2404571
147492
937848
163236
3614810
1829921
826499
4540806
4931014
518285
411224
5092406
551477
3525071
6361273
649288
594967
5904260
823123
1764710
3741761
1220368
341430
4351151
971763
20063276
10121951
2122034
999875
1638395
1633889
1154736
1302868
303466
829589
236235
11984895
655447
1089302
587241
2566761
4713747
989476
966123
3690874
981348
2528837
535126
1518035
8864705
1841407
1377827
1616626
2081313
5282762
5174961
1822385
5463188
2198769
350827
2554046
1716853
2035340
1201686
802328
168055
616331
6768106
2234167
2653284
1485791
3224996
967764
11948477
524890
537044
10773872
269164
885248
1113054
680318
8123188
408643
1724123
1258150
621546
780981
598545
1521014
839474
2940012
1074373
3623896
1163282
2628879
1535607
293591
2368415
2337629
418456
2952815
207839
365078
169158
463971
665900
10712811
200678
658640
4878676
1123404
3280825
1250406
333532
901271
7077389
2004027
7376556
935774
1507880
587279
219840
397344
1000065
711354
1028261
213188
2743458
654946
198763
132292
2882416
6774749
796797
2347257
1968076
7849323
6469740
581617
249407
1202633
8143992
284758
250717
1882462
1333619
322702
213629
4731144
910032
6821936
340314
5370863
685289
3656194
283765
5029548
4669334
3192938
5920867
504974
834400
638652
623083
2239131
827800
2868727
504764
2179797
23666615
7294630
1379106
10811527
322706
2138367
1008000
716122
1872053
459464
96242
900716
1243242
1964834
567675
1806509
2788593
506465
4410446
2638843
1858075
1176737
3289152
23750218
678282
1039691
337233
486935
881576
942408
2467024
3064142
790452
1930332
27248430
3659802
840936
3933832
586699
303000
590124
914001
1738771
658638
481685
4026616
606844
3493948
229177
964560
1496762
1231222
1332645
1590442
203518
7228228
1607827
2275764
19036584
423513
1198427
3862268
740858
9699701
1001720
740606
1313493
10551548
6378944
4453194
952097
259693
2580480
632514
1752528
555910
1416594
1173596
715274
1804494
5587463
711947
2134522
3729452
4428731
540365
358537
530370
3735537
1710058
1000097
4581075
378418
219319
13217532
440644
3988566
5148941
274695
383930
2189685
1096248
4301137
2083603
1228029
437848
783628
716295
1593544
832869
2398792
1056768
4668053
722158
224246
946200
1141638
6623117
133591
1315346
109967
242755
5890774
398998
1130118
4820583
1132063
14052387
1402332
5023345
9053271
2860307
579554
953762
3444468
713271
10279541
2391043
994573
4560486
1075016
963224
1224282
2542223
315940
5263997
498821
5669606
591260
4673451
527128
828624
871763
37892897
1622931
1007354
1994813
3025716
2106670
2643242
990244
1312656
339004
1849461
5150939
1129949
2004705
1112126
1470292
1254866
947940
4958406
1718992
293409
481360
895662
931626
395013
573146
7456503
501127
1304016
2549503
992882
919204
1037785
725314
707271
752277
2377072
506366
1544688
3134677
187982
743038
417761
4169507
516656
1180388
2280009
648354
760947
780070
6695039
2584119
959944
510809
720306
3206992
3098091
2045136
1374827
1755918
428107
1029974
627019
1830864
349922
1790849
1172926
526746
721154
14588575
2314118
6395254
482127
3278562
1182358
3297808
1852509
5643607
2450939
6403613
1924538
580395
3752514
4057797
3214058
748745
2909310
394011
1024788
286550
579921
503717
609188
2562582
2093026
904436
2207432
2385576
297015
8202462
1752111
490416
6756332
5376733
2615973
1255108
458461
1250935
708408
5116177
1171299
2990704
3014845
341815
3603038
956324
605225
749578
4821139
857000
3198697
7058757
1042912
2019942
4282930
2912212
3882724
2717457
2117497
526096
2360475
875286
1457261
4169312
703082
1357791
490668
1332803
882251
492172
414660
1044261
3013339
1174665
17059605
7971959
1627266
240187
353099
743866
474554
1685199
1497165
1446980
1154615
825885
348032
808398
5794699
2742761
3648088
504100
2824266
188253
299246
2712438
796487
604079
627480
1317804
422689
2376736
2191458
10544213
423130
1068723
1339958
2946016
1114118
2028126
1766405
3279334
1436859
1367395
798267
794169
908872
508143
2478781
7045958
737288
3179098
773766
501956
774602
1427261
709512
1141053
3059799
3179581
1414544
2890931
6997765
549911
12466987
1346403
1668734
1437915
615590
739887
6921373
1260276
1712769
306670
1859105
1312285
473004
15733404
1618705
875227
1507268
10845589
551979
472622
1362672
346780
2551756
939553
3122878
1416646
4245570
2455738
1061464
2937291
194255
215641
954708
8566636
749381
642862
3776819
1287396
718569
701949
5617341
805468
2667900
8924334
1572049
4797408
1846406
1046510
1353140
446099
608422
832294
3291156
3369659
2818136
1083340
374724
1105924
158648
3110206
838569
1739820
2832012
4341842
468148
3991406
3018372
1722338
638203
434172
5301691
757943
648149
85147
274704
5318245
558323
355510
13318334
404132
250580
1197835
7849587
4087209
996293
7411678
382158
3862316
4416339
314588
577537
945076
243481
3022458
1188692
2115194
958704
5199083
2292863
1385000
1554539
252890
1065849
667763
7743540
1046064
213755
634168
3965081
2744182
830684
2621346
1143894
516661
10678851
545922
5141199
2237764
365209
6801028
304476
733649
4698189
162784
994618
1793056
1792399
5600242
1000191
1524426
734776
677998
137075
2272633
1370729
1223886
482840
1620140
2800863
84735
4180469
1659149
2585252
1955861
6245858
854674
5761297
1575989
7438537
1899483
1079636
957152
4295414
3085656
972360
2852102
1283673
2376242
90200
193494
8414010
3292686
2161617
922797
1644513
768045
1099920
1268998
1504257
1143811
1344007
2356393
852502
501490
5690339
769678
3222081
3303436
1041218
6811757
1775196
1203076
306059
1743695
3427286
704587
3536180
376348
1014673
3889474
2681210
672293
987527
6348073
2520678
2884350
1287222
816302
22161419
1223589
1194594
2137368
5721519
704875
672092
1451040
2327424
533897
300287
703336
1085424
3593221
381635
2662259
443293
16687398
140429
1030231
5992576
1730061
3643761
264501
1228309
2052371
205590
62671
1875356
4248728
2686774
2702302
4001686
767053
740510
600271
7524021
4557520
607610
2149978
1624561
5982251
2740723
500150
167376
2022797
522507
1912054
1005778
1616884
3471889
278260
726298
841487
2134025
5561827
1315827
3435786
657864
911643
1610119
969752
3074577
475122
3406238
4094693
1127415
1379288
7708543
542009
1575224
1953770
448520
3008453
378836
3568943
4551357
233123
803124
3413948
118117
3229454
807928
772667
561092
386317
3277221
855311
1640898
1423289
675339
1898279
5504349
576644
367498
1686722
1396015
537173
1030091
788938
217722
325082
2257516
5257610
2881443
5103057
1996639
23536051
1328505
4157009
558256
1634412
883114
3348021
3173999
870293
214330
803025
1646088
1116500
320746
860039
410437
271749
589721
1658868
3493986
6418412
1012164
244896
2887091
1342141
1575476
1386921
2022304
285955
1815747
795269
6639346
1779375
443887
3438772
5543423
2442471
1550415
42060664
3403817
317676
10964806
4878663
1186652
1670039
883135
1239414
1754633
466161
519440
957342
4668128
4856373
783060
1026431
4636064
1805219
3599559
3297122
3581520
1070932
2376273
2787039
751593
905758
5903176
2808454
1677908
3591423
1987516
518767
684045
3555439
1163390
1182474
1840664
289434
1053070
4045623
1502271
1198905
2231157
2071983
999645
2070276
1450576
269412
2035062
2037464
1055209
323809
1275845
20697320
4344745
2403491
1035014
1100297
1306982
8314776
3947049
987309
1146317
445495
1105930
1544233
2146620
2246828
8908808
407966
3217938
2742415
3494664
322263
2381535
336232
3718643
708650
890099
778821
34270568
719634
623523
2589207
1317494
1518896
6959282
2606898
460286
1665854
5336067
1299597
2714531
1070701
417231
638290
347072
231034
241495
1158361
7503513
742082
3204169
568509
983375
507541
363034
3261087
1909975
1856410
903280
453253
388894
9809927
1736638
781333
432319
34383140
2329795
3167019
688086
1851793
4794326
1052856
3232441
4964198
13304914
486748
6552764
5491649
434300
1624571
1158217
4395024
970005
12134268
472336
1215956
3359167
2771184
5588798
975663
1281849
1855160
829952
998760
426040
579412
733921
2003636
1203820
595881
1859445
830761
436430
7264518
4182898
3763833
3088557
1200981
1303754
489305
1321877
2149821
4728967
2391040
673388
1572060
334256
774000
5743466
2559484
1843421
1462464
456687
483805
1077042
3174679
3589240
574584
909562
10252052
554466
14713299
3047959
490960
5506820
363431
1094601
3330362
2146135
345782
1865248
4009892
174791
684163
793505
4588389
3813768
2225663
4631125
1143673
340489
1660751
705319
2719742
1174264
1410276
754454
408158
580516
2629850
2123317
1292906
827889
2339817
2537119
209273
784550
347006
5548798
2456272
141392
2626033
4758650
5464819
824826
336350
1064921
5420139
587381
299966
4847713
1458733
2606320
373504
308112
2328942
971358
3615399
2569375
361982
1563311
2611833
652959
523512
3491819
7264771
1746481
2028335
898972
3135065
502855
4608483
282771
5539600
2318569
13718322
172644
1155240
1050998
2950465
1523896
567420
3911862
1058610
828581
4144856
9826331
1632438
5163246
217060
1969501
1577607
1429445
32106566
2906396
971517
633736
3249551
528180
4045589
842311
5637968
2562006
1132254
3218465
446303
657796
995585
4554109
1224211
1317776
1637592
14564716
206788
7986314
3831865
569447
931024
649273
298555
555436
378320
26168001
2111681
145111
238872
131711
723289
2618816
2593378
1125279
2719167
1122411
5788489
313810
622177
697111
4088970
2170698
3326056
674819
1795042
442260
1829889
276062
4247025
3889137
1504979
297497
1612894
1408684
1685202
1920592
715718
136677
2096540
1594251
3352806
168224
1856670
4406085
663118
432068
897983
2637422
1216561
1352658
2786304
1847496
448705
838292
2049686
678476
2918697
1887861
5767348
587360
10405200
3374634
509212
559660
1081048
1743073
542636
1946086
446307
1274678
789658
2862828
2391700
3722747
427038
1386569
1047968
1516137
974631
3348505
1379591
786072
3370456
3545975
223682
1264807
506267
1669780
1588079
1533963
333924
1848143
1856633
573209
3749241
134591
1129097
2936453
378980
446322
3401349
7927885
2606888
596591
791825
116204
1786034
584821
1699649
2162989
513530
2441263
3667556
647522
1090999
251822
903113
5404759
2323872
9501367
13239669
444287
258559
271851
585473
576757
4093540
634065
4595911
1312770
1053069
1518192
296784
803574
9766334
1213335
685279
619937
5771524
479545
401393
357808
750044
568657
2488738
8361649
1659180
751386
2742213
825448
4814707
1918456
2289526
484407
3162637
2408987
572512
2149615
1300566
938594
700526
1458857
1868336
1403906
2487140
1032640
12200834
1651199
786465
1906198
359761
5344074
389935
385295
2348605
583084
460299
111741
677757
812094
1397991
567480
3390912
1214016
1297967
103929
438514
3029206
409907
8243695
1196835
585545
591761
875385
916376
1344591
1252313
498542
2420044
4155342
334707
201394
1183100
2471120
1920008
2304238
4369732
1460394
583829
3446018
2361902
5364969
1045623
471927
1638219
488069
1013503
446271
3088219
1918829
1629237
4650431
463123
535461
1281902
986245
2927955
6375627
2818458
801870
2139281
982113
1503232
700773
274421
356377
738498
3510829
9294734
618430
892040
28713547
2231923
1673044
382455
1800287
749625
5111183
12662517
760409
7880666
84397
1190116
2335262
1503210
1205607
758485
1373986
742023
2242614
457894
2192568
1994342
11951065
1406679
3559693
1483973
615247
2443669
653145
892200
5962524
3185850
171263
1593226
4709394
1342764
3090245
3962982
1561488
974745
2019029
2823007
3937345
153037
2469332
2407233
1176231
18813307
10320225
3955273
701937
617185
503229
2669430
938764
448781
1488246
1685298
1599441
3257405
2872119
2432717
380569
1772111
248243
4924963
1614136
7986870
5787638
900929
2247752
161414
1747375
1706899
5241133
932273
1607479
964139
514137
2380582
4350876
472584
428141
975922
2515821
1089370
2737088
3592322
538761
817322
740715
335793
1520641
9458621
5975987
1375185
1578223
344355
517495
2784709
6818472
4306243
612302
3223905
4985270
2739471
6660272
1777613
982560
2469138
167291
373311
602700
2676929
1681549
480475
1115013
3670831
485520
6616605
4503883
537435
2924394
2392529
624932
6869995
127211
785167
3961501
886404
2788239
549717
795517
284483
7810732
271838
962799
3331531
710587
200288
5370671
1492496
2156256
895885
2178566
1640697
777664
5009361
5594745
1375980
2748367
842014
613715
1246062
16116957
1029150
489956
11176077
3551940
216138
1928267
1441195
605475
1848036
2697345
3596301
766553
803385
1778808
5139443
1392268
434215
1013852
21343054
2326934
3615109
1070598
1685673
538384
1396594
1467729
752559
96749
2397044
1927579
217299
223134
332552
555928
3185429
2461279
1913654
604684
490406
1254721
1940354
3097943
2883519
1032126
6028585
7401242
991216
1609294
411842
357880
748233
1435263
1047763
686527
4150595
3362301
344784
12168838
2794473
3135730
2966272
698876
2099750
2243125
4644746
1572522
1062253
2254176
384277
234770
502101
897372
1476788
4638260
1166221
1000221
6511357
2020254
139884
4436724
3953368
388324
8126256
786913
451985
3059673
9159035
6989587
141958
4423237
874518
628373
3279971
1098475
936121
522268
5269333
476547
3785405
3912333
2671209
485427
5964957
1925976
9325324
8565830
2898420
5638580
1439817
1541845
943347
424099
1933446
997076
178099
3563843
1366819
1880651
825932
575457
4239885
1469077
2798843
561971
228493
2233222
559024
2042135
3255830
615782
5943199
593507
1101184
4611898
834980
3198685
532214
156859
2063215
8744662
2365272
391760
3388404
461690
1267073
2983358
1009530
2130874
1441610
2146766
2624249
869833
1020754
843350
10389130
419455
555654
345603
636444
392427
879171
4646204
1865930
2185971
1485184
3052285
993208
867751
634747
654934
4298654
2179875
1442848
499926
3340893
3288036
1172195
371886
3490362
330308
4104680
3518977
2007157
294210
842110
348171
24337707
1352243
760059
579031
575914
412622
639141
1448054
2821285
525856
1459550
897848
378083
1683872
854118
550401
447718
2677072
2676572
16193077
1308810
3081511
378858
3260171
374618
3636737
10735567
582127
519098
7040082
3586342
848425
5080372
208159
5252623
866703
834123
3901949
2062503
1692305
5670084
1231084
2619850
2519709
18487912
967655
1302835
4078654
862539
3512437
1063994
2099857
21152264
948451
328886
2324000
12810498
4904653
378703
714770
596638
1015290
13964229
931623
1596237
10328701
644227
332403
3490437
2174210
4286903
1693416
392498
2421979
1299568
524991
814201
1589769
396062
1798841
558873
992594
9270482
1011158
292293
1716286
813278
1855998
3952663
1586766
2330328
837929
4246381
1619463
1984538
1835751
6052202
1256177
2781688
448164
2199221
803294
778105
1301249
528853
1941755
8470089
278365
3654652
7305655
188523
4463070
3744332
456091
4965252
617728
839904
18098035
2847235
1124998
156673
1943818
132812
2569088
2537292
374896
72782
3040033
872776
3460768
1424377
3322709
2987759
2788205
2732486
12223487
1782797
3210375
