483613
42610
22414
23425
32898
416793
1523669
907046
41045
93460
128745
69756
162810
114940
486100
75732
44617
70242
118733
200490
21933
35089
63846
91574
2798105
1004495
110417
18599
41850
750996
57026
52248
214361
265028
122228
175604
65736
96803
49143
21738
22079
130297
56063
2579748
1690418
41272
17532
43273
22506
180140
1439611
5710311
62551
749645
1027394
30877
48263
33062
37233
123850
1858506
22135
218672
1721684
23884
584233
433639
495150
20684
376943
75911
308460
18051
18759
63588
125639
1548734
220027
186776
182587
31447
40188
44129
98169
112789
357531
46037
192835
231930
913869
433108
200571
310357
33886
313703
69077
1243379
1423458
51424
65411
80480
87711
152787
66125
46430
99338
20562
446191
99927
28587
52370
37764
4544869
21592
307516
73405
1993954
38762
14322
1186307
33228
1230241
56747
39969
29999
127577
74231
4356996
744081
17727
148430
12851
918473
16618
114057
31384
37696
73379
66009
224236
49666
1962261
79379
84370
25508
687154
644771
27815
1158335
126685
123394
2807491
88407
64700
107525
47282
18168
18918
478479
458322
231914
30963
352996
60688
5940609
2297338
46872
204992
224660
98685
223641
45469
44565
583887
167669
533872
14941
273972
180770
398523
1143847
29298
72395
46716
339012
594888
64198
58011
104767
376424
2321232
201063
112423
80763
15293
318117
1110326
908871
109000
222107
50414
215841
102026
168215
163683
1433548
32801
21285
367159
98533
95467
36501
17977
162037
30841
25094
19727
53317
51530
100355
34427
39933
96771
60342
370479
509394
248800
49100
41862
22022
58591
23354
115334
25459
63049
10934
142404
54064
58866
23947
15851
330743
2256903
55917
186007
36448
1291351
63032
79260
3305060
80426
674351
95488
24182
832300
721239
1668446
89884
362399
35235
51458
651095
70221
46454
256642
154981
60090
2842932
160934
113010
380163
104057
51079
8726
22019
3544597
54423
2079856
30494
216719
564480
251654
22854
3170874
180120
499806
97420
11108
1423698
278719
169124
7678228
87822
2326062
73761
1024344
5245516
38689
65289
920642
14216
159014
25834
72477
128105
120923
901088
54726
231587
68889
42771
62951
311866
103600
36862
50392
665394
455540
51634
151929
9455125
419791
40154
48909
180752
137545
1256217
52478
101955
33168
53931
300050
102710
69382
66291
3605729
231685
48936
55095
85500
696632
1022497
33437
16608
575951
12958
593898
170562
3487869
466679
19975
259628
81099
28172
396684
52871
245121
84401
3355182
69212
515089
143905
453136
18502
98206
207954
615640
289237
987452
792313
20375
788537
1166948
16566
22119
66961
460182
163247
42897
647218
30044
33978
60268
10286
425829
798287
16073
175258
61166
4142415
139648
136168
29792
1068083
115317
43225
2094459
91219
20530
6321
206397
1009264
2919946
102351
37544
679294
10727
41125
157082
137524
44227
121802
645516
14558
142345
60984
87615
72412
35112
407071
142645
419456
15227069
238892
597347
970190
22045
124563
72119
240852
2484672
19860
1158637
419770
1017990
37587
53853
359349
88325
472324
8301205
1325107
277185
44684
38068
1452912
803781
34569
2580281
52260
155531
17064
1428748
266498
342401
42533
9436
114013
69176
80762
29381
249383
65015
117783
258641
1377465
86623
19245
934890
51568
299174
7846121
21881
56653
94913
188780
623177
508472
93720
37683
38234
284088
830074
56809
86597
26225
30619
163413
52809
16753
30790
379820
1141438
26574
79912
915133
56126
56832
23948
164779
133319
181029
145447
47796
63574
3444175
2224491
186473
45226
2335706
16507
87021
24804
47091
195688
75488
291704
39419
36468
141355
51779
288312
78092
66535
542407
1224836
38088
333077
531490
96310
46485
140615
527176
95981
107124
111734
33392
107253
168938
520669
22402
71852
174215
3724688
121314
1878786
35849
682189
1796992
439463
816649
248428
1584878
16897164
489703
171229
1906304
822356
62941
20448
223481
58174
231126
2102602
44050
48095
21900
29148
39994
54256
24896
27924
52403
45939
89697
11017180
35446
41803
60848
28935
138434
623704
34581
1433162
148057
519731
31449
149630
103281
41618
165328
287788
57837
36597
155390
780178
162771
173474
250668
121856
97675
169118
2884819
203090
2826705
166540
1487560
260189
29660
63653
30131
1314171
130631
42698
631959
436285
65128
37540
166043
188056
1830385
183915
79124
85706
4281974
46517
20174
1207796
86822
2575465
39617561
329363
4588240
82475
277783
16283
575293
66189
5092069
61009
84399
211785
51613
21300
68860
966981
76555
18086
269540
61156
216984
82646
25511
350107
124094
140966
101843
481115
569164
243853
102311
285684
521099
41615
91890
82005
35517
386453
118631
41872
446812
16127
4159669
39396
51253
1268588
66544
278180
60470
251598
37413
427976
348506
39954
23507
977732
638101
1191069
734735
55326
21441
31456
108642
41932
78252
21583
434187
24240
223216
515400
41645
14566
22139
27189
282250
66521
508583
195461
28474
1319777
1932791
270028
13944
43001
39853
1487365
77466
33908
237681
282454
31930
34823
20341
22587
1626168
31368
3314172
342861
139615
72250
1133598
1362334
54073
214853
85139
863606
162033
43062
21921
205030
5668726
63014
306584
473242
1643900
101174
43173
19574
11859683
34141
1165063
1357010
3856498
52382
10384
264738
70378
7753161
48762
33321
2006224
116819
20483
45442
179311
2432469
157635
93496
42822
83254
3535762
150453
274905
80915
723344
12834
94875
102396
27790
79161
8424288
76824
130346
283495
24571
31448
107736
530559
3391011
1849770
38597
21563
112249
423529
601800
23199
220240
38866
46633
55919
554855
766441
649038
309494
145984
291639
335012
44087
218203
77446
65743
760415
389542
1381819
123695
76474
52928
1942669
91909
4049654
47820
193162
47782
31841
295046
21205
59089
24631
56785
23909
317181
27877
44506
53161
34590
663491
32768
39797
153304
381448
353997
91257
217799
107140
162877
17052
21009
58267
995816
181681
40220
171912
822245
47183
205863
84484
720353
1841979
106478
270312
229963
81472
221231
35755
358112
2312796
164137
150469
704489
36518
50749
782151
121153
20829
456534
482861
177530
362549
64088
46094
47636
23450
92892
88640
668981
3486062
153237
248503
3834255
57944
9913881
55425
41549
622217
45031
25098
2800724
138763
156087
40014
385889
26489
63731
51607
39800
92178
295329
133333
168568
120484
57362
55084
40877
208536
27408
736170
409691
146612
18416
115456
196126
105029
51381
50824
2276224
95258
54974
258266
22003
1728059
75979
201379
25254
189165
42335
55454
20516
33953
184995
22283
4946295
166987
3895465
463955
104527
504111
64306
20354
53814
146139
71595
155481
178666
213899
41701
173431
80127
104279
623034
1294548
70272
858790
103678
577397
1894339
252672
29741
2507816
111021
1092153
285596
170696
61457
14197
2997049
121955
213328
34323
32987
91559
60677
122374
46189
3101693
60958
37657
24738
231140
143946
32537
36745
48873
15894
74647
120284
47201
224361
188849
3845032
63813
277205
572350
2412621
120781
27448
7525
31752
116018
1812402
216102
5982824
33929
298457
56272
26198
184057
95243
1513521
26543
147287
245177
98424
23671
172518
48076
2963918
5751613
40061
87354
41151
81455
133793
123549
1727783
87502
165136
166483
353823
109295
151183
65852
56028
402797
32485
111010
53305
64549
63974
22388
52139
33775
155660
321009
19169
38534
67829
1053466
3076539
24197
2755836
20779
55160
94848
276430
274110
66847
46348
38223
77707
716443
5436943
265310
31418
209618
72491
28485
169391
84704
42548
11407877
405130
181655
313711
1151600
164023
39956
50481
391008
313223
605799
304920
74945
725660
13214185
38043
122928
72651
190929
983370
73327
333685
11315
141999
59834
23604
501283
455514
66072
330167
124570
54138
4773047
723462
464031
88478
42037
8442021
18640
103530
98280
20558
61826
39097
66061
7775196
81205
26364
103892
89575
1178989
247692
1836054
22175
15340
22008
1976158
29951
17772
4200116
48627
3925909
65669
258494
1589493
49476
66008
18330
773669
13677
92546
15017
459392
1000475
82731
6096730
70203
101204
64573
19187
62126
41476
74927
66405
60096
2736374
139806
23167
2262567
764301
132737
28163
53648
103864
143856
34086
583959
90358
845595
129525
100242
3070029
108263
31925
227442
170514
1578821
47070
41896
33907
710556
260286
1906633
86664
32189
125309
26710
647868
116052
2541137
5941345
10730583
2220754
561060
310809
149852
144867
525857
536872
16758
26707
31801
55566
107912
11487
159898
60457
31590
16887
10852
156538
2702925
76645
9030609
5381273
149726
1689395
1638171
320532
83928
4163513
1793063
34115
42806
124782
20686
5658023
53924
29989
21040
59141
47303
77410
25569
85446
272086
54975
1778399
701061
95826
90942
27346
182798
522655
18057
36148
73059
24997
35852
40540
98854
118925
83214
101678
168272
56920
169395
19021
1735950
29647
169131
2160814
88757
252157
137543
22362
110959
109706
222019
345067
24338
74262
46057
6070002
146660
7142625
662042
464929
151703
6392809
245744
49306
90906
253918
74729
52827
684222
2789133
3801148
449246
1229391
38074
75632
467006
34470
36738
227484
37200
21849
82472
33189
292579
36240
62690
347720
517671
22801
31567
37618
30124
578854
43441
614609
16491
40256
91153
407315
66162
217273
305334
2015945
32706
90322
875798
216850
691152
43235
9389065
578051
96559
32879
1522156
3497391
16254
162736
1350566
76940
43062
38155
78384
28972
28097
116876
24176
3212943
39256
22258
35286
111589
16434
225917
74047
794650
661031
26189
729773
26506
3264801
184152
33450
37682
80639
241110
504624
61861
23089
598023
935495
31100
17931
32373
25772
30611
15081
115349
1222052
226880
112602
291966
21012
15069
45768
49639
39294
45048
44452
633037
36259
23925
107706
141293
29404
408179
9057149
437393
293952
218709
424542
1590549
402141
185095
85861
90641
24021
19577
167670
39579
143048
1563370
357506
30212
192965
227323
1758460
188086
48368
1653912
281788
52099
38651
258339
54290
138804
39651
200369
757595
1065600
201642
51172
30404
47783
36909
72697
1364220
1514100
35671
18280
240637
230488
164770
3599309
860716
22423
191692
170781
49641
33599
3475000
584162
71985
2429159
26997
51439
609269
41667
131978
75277
1882374
6126095
199421
3831309
288877
59709
21898
195302
772410
96524
5444580
56174
369730
53574
76242
164504
463919
200601
367615
52162
240520
347285
131641
258361
99945
23080
32773
27198
728287
1323962
88319
35738
281383
4456910
245784
162248
1662428
241284
298261
168483
803163
685623
1569458
39726
25732
21511
494373
62286
121649
53717
26782
540698
1384153
64871
2611519
344659
81037
38159
301118
40734
121081
53330
693506
35985
81728
30167
305051
33916
827415
138474
39043
1055418
60412
197365
5347779
102892
221217
1059872
710581
1256930
15663
27313
222454
67469
110524
19257
303081
45244
58763
50292
41701
151441
331429
100178
192994
19995
220250
1708647
26115
81242
41653
507153
71178
140830
22729
23723
27053
2407760
30893
693576
83361
1420218
546224
166801
35191
95697
98124
76099
221747
34057
2781259
427560
29930
63555
1251509
58877
198465
992391
431851
1253505
421486
2952765
593418
336731
70928
218532
247386
934614
44485
2805302
68055
192487
131363
256254
201496
66832
58622
76297
119568
265131
147012
79481
310940
264791
25404
314969
382937
184286
358300
79389
375751
84462
851513
251394
63239
52668
4452987
18854
70732
961034
841963
125502
150653
36105
429976
16838
42418
98375
202594
1186137
3702932
156952
60535
29287
33058
25187
116073
46359
30531
589177
70643
63146
19149
19019
466441
3270830
13674
30913
144715
910835
29321
30728
70963
43722
59851
49767
3853466
42237
604724
38236
64907
58778
263873
29224
58042
732293
249541
459763
131385
386611
49588
685217
185810
28197
87362
69387
155621
24213
229193
38831
822911
229133
307861
198775
699023
202450
532255
70527
21854
43871
24554
13224
36803
49927
26465
4646257
26412
52798
18150
16425
739578
312421
1754969
26390
20921
92229
13825
5581876
134120
59817
34662
575654
103211
34220
59173
516555
464769
35693
10345
908965
26959
11537
49240
22945
203546
617309
8886706
151463
115034
2213610
46807
151532
113382
65051
452811
135181
163319
133929
38464
145166
2114064
640021
17831
1802132
135858
296948
27987
393716
951047
1140038
45061
441288
465581
33810
90806
1302780
44394
29890
26615
233256
1466454
107409
76955
52623
54267
38992
13159
106239
125968
55665
43136774
43421
11392375
22602
487327
404688
800861
206371
60605
101379
79704
39833
27360
96000
18029
234400
445092
16034
263574
34905
38530
2447731
121078
36888
13570
7733
70565
843689
20573
648478
340536
179324
52402
548315
55789
65940
56017
79643
30071
64536
561687
41850
660554
156844
156953
148102
27910
49785
12971
380928
42983
131565
1745104
61836
124676
20895
23754
1524238
37218
117472
80540
13849457
571770
19238
89363
47860
681512
53048
322841
3246909
48411
8580
2072095
114816
63957
12560
164757
56544
902026
51658
1042710
346185
38236
25176
40247
84571
46128
827413
239786
75128
51845
87355
14627
130810
22898
18192
52526
18547
27420458
514977
96563
25595
23423
44408
80778
28914
49579
42271
59753
347181
1042933
51570
27463
22823
462101
136314
213494
52383
56529
276062
105030
134539
503741
28751
226484
27087
268741
91557
5497387
556264
17181
1121563
316175
32454
12870
48483
40136
70210
374184
230855
23116
40553
38415
820615
329355
2536182
50041
20746
181646
101041
62762
88758
101626
68883
693058
17219
110909
1576103
88641
198383
43059
18890
493446
647223
21893
237842
49910
88484
205054
182697
51382
2540643
1435882
698218
1690947
37761
48195
11601
43679
265044
103997
1044326
318569
185139
1936810
28652
713531
5063884
8052229
1558619
57619
15709
2757302
621055
57182
96848
49055
138315
130395
17928
194238
1836984
70578
166179
52864
60052
33606
36571
48871
129644
2480471
47982
2877215
26623
19462
40640
2242324
2014251
50622
139180
441863
417895
278702
1715980
474079
85616
266813
1177603
594261
118821
197393
791363
187532
71598
465701
550375
500910
618162
50307
251708
85608
58036
74366
55887
13002
1164612
1353507
20969
126986
454757
466260
21793
117214
237318
123182
25760
13281
176659
1262364
413757
130521
75542
643593
821154
1865514
58580
136354
45677
50583
40903
25850
31510
66489
83575
34397
19639
732755
40445
53025
90193
6120
190656
384566
172017
1693331
113926
48085
44150
2376625
1202112
1711263
122002
159219
50168
41465
25643239
103009
79715
318015
94530
110084
109512
69675
699714
221675
439168
708670
24212
54187
186035
2614785
29298
2842126
270122
22113
154196
124501
118461
27036
552123
45875
337098
23011
783381
212167
69685
27901
245224
3272293
76687
140430
123904
891576
672551
256529
599362
32266
432366
361957
96444
57155
28912
187018
33281
120258
817646
40388
847578
3825391
12844
38228
63012
153036
94167
25178
46974
484092
1417287
36358
47277
22895
5638842
299593
159910
34928
33496
77974
41777
48593
16933
232662
948408
56963
103926
492943
85893
22077
15336
1060033
38953
100992
85227
26235
828246
536382
27496
76133
786180
60914
21312
56160
58660
150378
72984
138824
70826
48955
102626
3227173
3489207
71571
66758
22925
30237
31710
49886
483018
145390
47074
12426
44687
404999
360943
39002
2096153
24004
46949
906428
75347
101607
244064
416205
162874
22558
408290
183948
978182
68494
39079
164899
458060
164910
744975
23204
19612
151508
442513
5456043
1964190
2182397
178025
4045090
67683
191313
52784
49777
45105
1513001
47815
1873117
285714
1984259
100504
17417
34376
31243
1174022
403525
159627
41142
1751756
23175
48080
1139834
937207
71697
326560
321731
131838
480436
126797
397948
40846
34687
162505
15865
38089
62345
46302
26733
25442
48401
17377
136338
143292
28446
27061
83687
51871
20836
19668
20082
238155
97124
96424
172476
117503
570148
29742
122422
112992
396900
1062694
606425
94598
154155
22744
107088
100688
89090
93363
153409
451331
26752
119755
20230
54250
81164
40183
1431221
339426
11676
1448188
343009
164409
1212565
22173
30396
42781
35485
19598
154500
301295
18026406
301907
4758735
929112
170644
1930624
948356
45429
214669
61683
4691406
30193
1205649
65210
28712
133559
1594576
52818
424985
667361
99358
19683
5821923
92802
14811
153930
13608
1867428
437513
35695
230268
76369
10764
27509
64440
207880
48879
138061
18640
41812
3707641
62204
164668
44745
1472834
147079
25360
28848
235807
82952
23317
63368
151028
52486
438196
173315
32440
61423
151386
69934
54329
685070
67251
125571
398318
41385
274245
253672
241035
14122
75469
95860
874806
111374
111757
113100
46301
64099
153022
32636
29537
37933
110042
651114
355486
610562
72245
64118
394783
8143314
64522
727444
538382
37846
122056
108194
16541
95293
31188
59400
61695
696130
2324151
996865
309828
121618
56390
1016648
1280072
16315
5545858
49870
72993
23748
147873
67090
18606
705128
383747
894192
354030
186404
87411
74030
424791
28854
17652
1855968
1118430
4784706
8874
1424541
296882
34071
22617
34440
25911
431284
657728
27016
150956
52696
37568
1379977
271793
601764
1810662
187256
675871
212785
66008
158899
104559
21715
25501
68387
23767
142487
677437
408558
312650
96133
43272
50372
23246
359970
92786
109182
269720
527571
9800
173626
103370
78520
53705
23195
39070
118713
1716979
93748
664899
28672
76900
25759
83070
20035
208837
125110
121437
24060
355115
90788
184097
218934
84086
159188
60750
153454
164377
13268
16669
104406
523662
900395
98980
70781
24836
24178
51422
26012
23620
31565
106626
1849320
29075
155053
1836666
592458
6765815
65969
88789
35492
42897
43857
861097
444290
28320
2015034
122207
136275
41058
88364
2576294
107862
166976
22432
1125926
197298
80081
307825
94579
63558
66162
43970
57269
1006166
7640844
236579
222401
103261
106211
58297
34347
39770
210711
15877203
1840964
678542
52304
163580
204243
15223
24105
520820
625473
26768
82907
17818
126837
33455
1745239
105090
234988
25553
167554
79411
69139
563518
485231
26050
70110
496697
473200
45769
76489
2390811
71016
67738
134150
283863
45176
90168
89305
147301
79219
54140
110801
35342
65554
98945
168934
67472
19899
1449573
373397
48040
354563
123038
113424
44265
83558
160564
203687
204706
112681
434178
29104
370483
43330
4278544
28817
912694
728898
518497
54586
646645
61347
243427
187326
298251
218627
1805029
206765
35050
13110
23003
49560
60199
330120
161301
45047
136423
33952
81503
77655
2044343
441913
193837
45322
949325
50790
49967
82414
57418
27323
206440
11206
59104
95264
626760
20273
165546
173274
100149
74521
769476
904869
249380
321951
251297
36881
221293
70309
141840
19597
67620
138321
20257
126338
51617
74229
103340
719332
48453
97073
1810925
42699
49924
30194
135729
276114
745839
77947
211485
40586
227289
284113
81164
30356
14860
29785
59995
301563
95760
122969
40053
2518484
22213
152443
2669151
398624
36588
43267
58549
81975
2241048
31276
371108
108881
209585
313661
120099
79715
1350191
43545
81018
91622
49883
34055
290976
78927
20220
141786
30596
118459
198458
276294
112447
577142
436014
94920
1348102
279789
1301898
48214
40133
450159
41298
801967
157301
2374166
50296
470811
28891
110723
46890
36045
27476
389453
1378209
111811
242350
90354
336215
1224079
1140307
582253
126659
625670
16345
24854
62512
22059
59369
107545
382078
4934
155927
203993
19019
174569
771441
93273
67509
1078492
81443
348365
600847
1235588
70542
1506644
42486
137963
19062
73405
43886
19323
1994917
78392
81137
27682
2797331
898004
163809
7251575
41043
136927
2996299
119671
109375
7325
78710
94282
247279
297075
100659
501872
793506
95855
681292
99001
425764
46958
229584
25795
364620
843178
133351
78065
4985238
178198
97365
75257
3349071
15176
92784
72386
73336
989047
863592
35518
255526
157119
853455
453494
15826
16870
325259
44517
3365199
6227804
24739
26387
153285
3547743
155560
773207
11777
26909
42006
23425
24708
3323021
131648
5840890
1505687
275293
27296
790172
34649
112625
31694
44657
342730
89181
201796
44606
209385
330644
64601
75845
198663
485803
274315
1898174
516103
40347
33188
400695
92178
432591
1211624
87249
21806
66902
1095027
24362
508134
1733102
49425
56051
92468
233766
1360272
42557
10781
128644
77763
2005730
901981
29230690
66587
29610
154590
41533
2134972
26271
702851
39853
799039
26560
124264
43853
168816
4856930
102175
45393
60805
533310
173213
219287
129313
95613
1885499
4740477
21272
598225
991703
2309377
27146
215664
160225
44475
7754
19604
51684
30811
49579
14597021
2772847
39456
40438
84943
710514
81489
376098
43291
60980
37225
143963
183060
2263403
101013
778637
297458
61671
63624
78895
46053
108002
33579
46163
145350
481314
25885
414235
412341
25740
11808
44774
1335738
91268
106266
203672
48006
115593
1554062
31529
46324
150124
1700190
717742
43154
352382
36670
77206
53535
79875
525587
390882
857352
24447
44228
2017858
536178
98670
25915
249992
33560
13553
119072
61320
35768
302357
104433
82381
64692
23675
674265
120080
1980343
44470
334364
23678
39268
20189
4937109
35147
109714
309740
25505
230279
212656
30049
75060
93512
260313
31657
891198
70860
1189422
154546
586829
165786
824408
167875
176224
2053598
30666
435195
191750
55260
16288
67205
802345
87550
1348164
103220
121360
55561
73287
35741
45651
123435
61671
618903
11073199
132598
228348
150698
16995
40391
87207
118492
59809
66067
2343488
125295
346954
399384
101624
104698
59515
437352
136169
201037
31812
20940
39488
1388664
140631
21704611
59628
146262
18081
48052
206325
34824
29411
5708266
55799
988998
188184
137483
50519
1623201
2909649
31684
42457
31680
70681
61200
22146
55957
3104311
14800
120258
32148
16798
633415
16774
66850
22947
265740
181091
128958
553082
36884
1653859
690379
49503
1474990
78324
147263
51368
171126
28687
25399
88634
38637
108199
1540492
2243200
31167
395983
3815785
73956
90260
95748
17040
23418
2426233
2800510
57276
98856
20225
284654
937862
22086
39229
17516
41749
50426
58040
2603588
185446
29019
482574
883176
157588
79283
333358
44033
43964
928998
34481
19979
110215
32408
125138
19491
23780
56687
70873
140252
221662
55106
223964
732009
1416335
908860
171246
102837
192400
95594
37090
30325
295729
73967
279331
1878592
60391
56738
230736
587385
230610
226306
23446
25410
47272
15305
6285769
28085
7904982
547485
59738
237205
48532
163464
49400
51424
104853
37072
860968
1410350
183149
424952
43386
36700
48154
23862
48536
16496
4132809
33628
1432706
55718
27757
430875
7030310
86949
502179
62408
20457
800823
112911
55216
8565840
65657
35059
35228
251380
21448
233087
36139
35023
150988
14408
259209
85472
838282
225557
44381
3315010
20149
221204
127125
64516
175136
367011
89052
18938
71570
67417
50613
2371441
1618091
29744
114732
136794
903072
55519
1397057
2480248
3189634
87894
280648
311697
519459
21892
18211
148488
49337
45791
880541
1162820
240704
410419
314633
141828
38367
173779
134943
19933
21767
827891
582295
49069
49396
451579
50563
153420
126405
44027
223813
116666
21850
56772
165498
1619379
726289
199671
457556
1265593
535989
45744
32197
89966
35664
31778
752915
56779
69373
13188
59276
398457
355642
39488
634705
24308
379812
21392
42355
106771
146630
451947
103256
63476
4456411
88916
345512
419300
40980
18731
677658
19959
105508
176612
912533
322843
457563
506940
282584
51294
38107
1307280
18787
78130
2608365
45386
61565
85880
174664
5728474
65155
446515
17072
51826
182432
1651868
39341
592461
631239
78789
1493948
200634
342849
336846
36174
495864
260289
23350
43674
102794
25704
301816
32713
75821
188161
53945
223624
58572
238280
814219
1791452
292855
2375426
40213
35555
31085
344625
227481
23788
87746
118555
45015
106062
128312
33427148
14811
39870
49796
37246
193570
74089
506108
8403
51620
287603
27001
288633
181243
1374340
74580
33001
538126
347818
1629026
1037335
49959
36621
254025
476453
2659826
64547
76381
21437
112882
24272119
768363
32833
119639
15795
1058325
20474
80838
15958
29891
4487167
97033
5401144
58222
35576
59998
59572
271231
64156
78836
202769
998142
1064866
46447
18033
13461196
35292
1339183
44342
17733
11659
894919
38561
1146154
37171
321964
1210129
431674
327755
845582
66146
72433
498184
49843
62230
534920
420344
585926
310933
42881
1872579
363542
41029
7081695
779674
145206
18305
34518
50991
31318
413691
15874
133259
301513
4276100
195439
54467
2346177
83205
28847
38656
2299071
476814
79944
622906
370833
113352
111336
79177
43364
64827
934872
216730
63890
3177482
36366
176009
124026
637802
305618
328430
339202
513605
40450
138453
32214
278222
764677
751823
23517
130365
76235
48095
153467
178179
131933
31777
77760
67535
18707
116862
20865
69225
25983
108898
376678
23854
6806344
82824
20289
1638843
313497
60122
322835
65405
167222
302479
444502
141454
98496
48592
88152
180953
836657
2961299
251528
69209
292351
1109562
15048
90045
88112
30287
20043
109295
199016
665855
5489727
1108635
97559
90224
145170
249640
395417
147575
18751
48164
29601
597262
511935
1703507
25198
804837
654401
380509
108390
67828
31529
73604
521838
116154
729671
257444
28438
51340
348396
18870
31543
32359
142903
42192
63060
446877
103984
1404411
824865
40863
159826
20106
27770
370883
152800
2069962
13725
32295
902446
219868
1057602
34124
58977
239957
213498
17147780
40209
23864
2551351
58354
81800
288778
303825
5315417
27972
623470
155543
1623296
24129
32879
39445
71196
38307
58126
614474
119820
33229
116742
170645
123355
99832
946962
61487
53933
774113
4679033
23415
1640099
1125479
104871
326794
238232
9425
151702
16818
44721
3540208
123258
67926
47251
96461
218583
69282
3281936
72494
74077
41288
57971
89615
133912
49942
168684
84320
145120
324383
168862
13855
44377
822868
3766547
581418
318241
2303817
14268179
160221935
22784
33035
101751
137572
90091
45532
2504002
23444
148792
851256
1647825
55485
58043
88786
242902
47634
28128
150349
9218
65866
168445
72735
102031
78706
17351867
97499
52333
33277
52521
247596
411373
12596
71255
773689
33742
163539
112322
72902
1791453
75633
55043
25269
377140
813010
48253
463720
19577
1811032
269460
753119
94327
60644
28672
277217
284065
36207
2904574
4071200
263289
47218
168297
35825
137688
20916
62266
39415
341626
651284
219924
228665
28751
73451
378248
123975
57879
231696
24221
287578
251659
54157
1799431
515520
125468
263638
187736
32925
28062
161877
11191
347939
90110
41719
39751
623910
1280444
201476
727474
30722
128584
66734
23686
18527
659855
101772
37732
68489
447697
65050
37693
1489880
235968
4072899
78646
525732
1395716
150449
2724999
24048
281799
770897
602090
125559
1598892
57131
14496
34253
14423
3381137
73925
16310
120261
224407
46755
32926
613564
50963
287062
86652
69181
9916
367340
34641
85965
25281
26231
18082
374208
733170
104038
43101
60497
2207175
138171
143865
874923
94735
261832
36931
98261
340170
1470261
28147
405118
23854
421883
1054810
188244
89919
35284
20539
18162
537345
286308
473287
22526
24426
2390241
120929
262929
455079
156374
32036
65891
73096
222826
364748
15132
66585
649014
237903
162837
224848
36922
382674
6721
52576
746071
47315
1662200
137298
119155
1536531
175409
128319
4650209
138503
61879
664630
30696
119041
21529
100890
17595
77225
430368
62739
2180142
2262470
86405
60385
115331
823848
59922
91903
68762
43219
54965
71817
330452
1280175
135013
35266
173366
374336
70687
108195
2399675
50265
44554
1692417
31350
44848
76821
651872
40213
392129
35050
50178
258862
20898
44096
17210
304886
484255
82097
114547
76937
70133
55646
25356
59837
45621
58170
51372
73672
37488
156320
189262
21560
130437
477295
137885
65558
2446654
203429
44808
41284
131711
185578
53831
20976
74809
1975488
33765
33319
70937
100067
38266
55653
255898
278526
99659
875570
19065
37162
132173
62540
110625
768773
141754
1210599
19990
62831
85894
66201
47639
25213
19878
20294
491887
991262
122932
4309445
87044
1138523
100757
768809
130532
125239
24573
322182
134939
23736
49276
426167
15805
247565
41405
109328
58703
30248
47959
1934155
40536
74960
1078163
20669
2619067
84040
1433296
22256
74086
18633
85689
785372
30364
195467
52317
28936
188261
78718
44309
221288
83802
21405
55730
106134
