147
1
41
33
30428
213
99
252
120
11280
52
56
14
30
63
2791
83
57
403
7
1
76
208
10
46
385
133
374
46
122
25
2283
88
31
86
9
40
2260
131
32
3
718
28
54
27
37
16
24
4
38
169
56
9
186
16
66
17
4
72
54
12
22
281
60
455
20
26
16
25
58
78
16
30
89
44
753
144
530
35
22
1352
259
88
258
318
2
49
36
74
110
38
295
137
84
438
89
231
8
16
469
105
117
311
961
15
11
17
15
20
5
506
23
1488
35
24
496
372
15
86
7
13
17
83
92
5
118
25
64
5
1195
30
674
64
168
30
216
96
8
23
14
998
6
242
181
63
3
35
188
6
4079
182
23
183
47
28
35
24
102
352
293
7
503
19
11
718
1051
119
19
5
3501
11
37
46
3
11
48
69
17
20
36
26
35
23
8
171
19
699
329
12
193
70
16
94
29
159
41
359
97
45
949
13
28
1175
18
25
5
68
212
163
148
123
14
151
16
41
2720
519
217
30
200
84
6
54
15
18911
85
544
66
25
67
149
182
60
14
38
54
259
50
43
70
18
40
41
123
179
15
165
4
23
36
218
1
15
45
60
23
161
9
27
10
10
288
84
188
256
144
87
755
42
66
48
59
54
31
6
846
12
62
11
45
5
35
20
357
75
164
30
33
78
38
47
0
132
169
12
197
657
50
1119
43
8
19
82
463
131
47
15
330
8
83
5
756
188
280
5
158
413
768
21
379
40
227
89
6
68
544
23
10
318
514
26
7
27
81
6
737
26
3
4
1181
33
154
12
9
112
7
12
6
2528
17
49
9
271
13
7
53
5
554
37
111
67
476
208
67
67
29
5
11
14
167
426
25
32
9
29
25
73
10
272
46
8
30
137
180
471
12
54
56
9
20
35
14
104
45
5
250
16
47
50
20
1
61
22
21
11
97
88
26
681
67
28
39
77
12
91
18
28
33
37
19
23
8
54
3
45
7
114
6
6
30
31
30
11
127
367
114
11
11
114
201
15
11
224
92
9
39
61
717
273
18
2
30731
43
5
509
4
82
124
3
22
17
22
321
124
1
108
11
141
79
28
29
41
46
12
3
893
4
716
33
14
9
47
28
1162
16
86
12
1866
80
290
35
37
20
11
2
16
115
22
21
83
3129
4
158
19
17
4
12
3
19
2
6
1
21
42
161
7
8
2
31
36
5
3
42
8
388
693
493
14
56
12
631
157
26
38
727
9
737
33
11902
171
231
53
27
1
7
238
24
17
16
13
34
49
159
19
110
2
227
4
31
5
237
51
13
34
130
10
10
4
3
66
9
50
862
12
21
3
1058
6
35
12
55
10
8
9
36
6
851
13
9
14
95
31
16
104
161
73
48
1341
40
11
11
38
16
39
469
15
103
23
495
28
645
39
1052
53
57
31
77
69
0
10
29
51
10
41
261
63
63
6
182
112
27
183
1358
24
29
22
1
9909
485
244
124
27
293
3
17
13
238
41
83
6
20
122
294
3
270
19
7
145
11
52
20
3
23
5
462
58
72
17
2265
1345
157
24
152
22
5
1
23
37
140
9
7
50
12
29
251
14
421
123
802
57
37
259
385
6
7
2
1
17
59
24
47
515
9
5
104
2
195
14
17
9
71
177
30
14
11
74
15
5
37
16
1
122
305
138
1932
5
4
141
35
102
92
1
35
4
988
127
37
21
21
16
46
662
106
69
131
5
50
13
1420
25
35
90
61
113
47
194
1494
9859
22
292
59
78
50
303
5434
7
11
5
616
3
104
18
530
276
12
7037
95
167
5
4
31
5
19
388
55
117
13
5
7
950
5
856
22
3
29
262
30
275
7
237
16
4
136
8
21
99
18
36
29
116
9
33
6
3
14
17
34
96
34
195
4
11
841
103
326
693
286
40
400
195
40
77
15
116
4
2049
31
611
235
1221
13
476
90
162
34
513
89
215
10
54
47
66
44
48
4961
611
110
377
3
189
139
9
6
62
23
357
17
18
82
18
35
6323
27
166
57
17
3
42
14
173
173
9
1273
2
115
12
0
93
105
173
291
1728
25
82
21
38
5
4
464
82
14
3
12
97
37
187
73
411
14
1160
123
77
148
12
109
193
144
18
50
753
146
53
332
13
22
447
230
7
421
31
1036
40
189
953
28
7
73
27
35
82
40
31
4
108
16
14
31
279
119
21
668
13
7678
20
176
22
23
70
58
260
49
116
19
8
11
80
26
130
119
41
18
40
484
4141
43
11
17
217
1
38
9
189
128
1410
16
1
17
385
27
10
19
6
13
1136
1185
7
108
1765
383
31
1
1142
4
2594
517
34
112
109
272
454
155
21
82
77
2122
16
85
17
351
55
66
176
515
2154
214
808
296
37
25
52
53
3
17489
169
196
30
261
217
266
60
29
71
496
13
273
197
9
6
73
579
2
17
39
530
6
88
7
23
12
75
12
95
17
148
6
1158
142
212
3
113
8
511
21
5
769
11
170
52
175
74
785
63
15
28
70
11
6
53
271
525
92
7
40
16
84
1991
11
320
124
44
140
119
55
47
101
42
191
26
2842
8
37
74
142
4
29
17
522
60
4
26
13
202
10
32
285
31
214
16
8
116
33
8
20
14
10
836
275
135
13
46
28
119
76
2
22
38
261
124
42
34
107
215
7
86
30
47
505
27
16
35
9
21
261
365
6
61
55
14
412
7
62
21
1017
91
100
6
33
19
28
623
4
112
20
644
11
416
2
11
1766
32
31
176
10
15
22
91
37
13
36
159
234
26
36
40
33
48
244
29
9
33
66
555
31
30
45
31
48
45
43
3
58
12
13
15
14
599
862
1946
36
16
133
256
74
39
13
1480
1331
37
102
1944
7
2
40
53
132
232
29
6
48
1058
2
858
20
85
321
32
114
343
192
51
13
28
7
1947
428
46
511
133
162
18
63
21
5
166
12
839
311
71
45
35
256
12
18
558
85
24
202
767
207
9
810
207
16
22
142
9
9
17
4
25
188
5
78
21
17
43
92
381
16
145
13
199
51
19
229
29
47
8
34
137
2
95
37
24
7
4120
8
122
77
67
13
53
101
115
29
16
208
7
171
84
602
43
56
1001
22
19
29
21
75
22
34
85
371
23
13
14
117
32
59
28
54
320
1577
27
108
121
138
17
95
258
18
27
183
32
88
6840
5
20
40
75
37
529
3
23
22
17
10
37
5
44
49
68
11
13
647
30
214
1078
12
526
19
17
285
24
31
85
28
9
2154
29
152
50
59
41
92
171
7
250
2033
1618
356
2024
6
110
22
1
173
156
11
59
61
42
13
14
99
14
7
174
6
189
939
53
951
45
7
417
206
24
7
152
149
1
45
1971
24
12
745
66
28
4
6
55
59
163
36
663
256
90
13
1366
567
36
24
44
177
323
1080
5
415
11456
5
120
4
124
507
261
117
126
8
574
7
7
45
24
177
13
23
58
409
84
12
27
1460
33304
52
15
7
188
150
14
36
260
21
19
57
48
2
46
86
1444
6
111
266
159
203
48
44
515
101
105
72
3148
687
9
195
52
10
1880
152
42
887
5
165
62
4
658
18
15
13
159
17
991
7
207
2
1011
53
13
56
168
58
33
21
30
23
12
20
50
132
95
6
22
366
58
326
50
2193
510
22
16
10
33
20
23
417
37
15
334
3
1143
80
1313
45
18
12
857
4
12
7
19
150
1452
4
348
352
79
101
10
774
299
1340
381
25
427
13
54
52
2
642
15
972
16
188
6
66
5
5
13
3
46
75
3543
80
55
63
3300
2
2
3
209
21
1630
14
1680
32
105
20
16
50
142
86
39
5
8
55
6
5
14
236
60
8
46
20
1016
25
156
17
43
3
37
132
64
52
358
10
399
19895
44
12
50
12
433
33
12
69
101
31
42
207
8
544
7
25
19
8
80
1087
13
35
39
0
163
378
16
19
36
235
12
5
6
27
7
3565
774
85
16
28
83
18
22
47
665
121
78
52
10
55
112
185
1423
51
2112
10
17
165
46
106
43
4006
49
21
29
22
476
13
17
3
99
624
3
26
110
94
11
10
14
778
1296
29
1368
1
306
87
13125
26
79
9
111
27
7
108
285
3
893
1191
59
23
845
151
38
2
34
20
7288
2
204
35
231
14
31
4
6
71
42
40
253
29
20
9
426
11
30
6
357
11
167
188
12
103
58
15
285
1
14
861
7
307
52
39
62
261
1132
2
135
113
78
36
57
1
14
76
5
85
149
72
134
61
59
16
3
31
4
17
25
113
17
4
10
3
16
1153
13
25
163
7
10
13
38
31
1021
29
4
5
165
57
16
21
2
13
8
15
46
7
23
15
345
11
29
12
197
33
1309
54
75
18
354
31
35
82
80
60
992
168
503
2
126
18
134
88
9
18
145
9
4
16
8
62
165
63
238
1869
10
18
6
7
194
15
72
242
36
22
48
0
556
3677
1
9
12
8
44
598
2764
31
1
108
2
79
160
28
474
13
32
1
38
15
375
16
128
81
3
13
33
53
18
3367
199
7
23
10
18
200
50
26
17
7
82
38
84
322
27
1925
89
14
45
229
92
8
9
36
0
23
198
5
101
816
56
6
20
101
88
248
9
15
53
3
5
144
77
761
29
17
96
16
175
49
40
111
152
11
2
84
100
115
190
100
55
1
65
122
17
19
30
9
18
68
324
3
19
70
77
53
275
6
11
197
40
25
3209
477
57
119
30
23
19
12
418
306
24
35
15
37
638
7
4
122
136
14
50
430
8
16
41
5425
21
23
34
27
19
14
38
1921
2058
24
4
4
385
9
6
3316
17
31
58
151
510
45
37
76
38
43
513
63
2311
422
15
33
49
82
33
21
165
211
647
584
126
26
71
1205
21
26
1082
164
19
109
2
214
25
80
9
28
90
10
1381
19
10
33
17
11
23
29
1429
126
126
82
908
90
59
96
528
703
118
500
348
76
9
9
947
43
20
36
57
305
78
23
202
315
164
9118
8
5
379
17
57
7
18
289
50
28
19
5468
275
128
7
41
3
407
14
99
151
96
12
1119
195
58
21
24
214
442
28
76
21
24
133
79
35
6
65
302
102
80
131
29
116
58
946
312
23
5
56
103
40
131
3
36
15
582
1620
4
15
41
131
2625
21
29
146
2
9
123
1153
16
97
14
75
20
3
12
8
31
980
1925
130
127
116
1
47
231
80
17
182
189
1084
20
9
5
12
24
148
37
41
685
12
23
483
16
6
17
105
1039
308
9
768
7
71
86
19
85
10
126
669
1537
4
16
192
72
19
32
247
1612
27
5
125
5
2
120
71
8
30
880
72
83
71
1
142
31
189
6
355
11
37
18
19
41
15
1508
3
5
9
27
11
18
81
27
23
459
455
27
45
15
1057
12
25
227
8
2
17
44
4
105
10
68
6
62
9
35
16
29
349
62
134
301
97
16
5
65
98
19
1366
303
75
193
19
4
16
192
8
6
5
30
131
71
149
20
116
18
80
41
12
15
115
164
582
27
164
18
15
11
12
3
55
8
15
215
20
457
11
29
32
4
512
545
101
138
8
7
197
6
25
783
10
13
3
3
9
286
73
4
105
5
26
1
29
16
42
77
36
9
42
687
3
37
13
5
918
121
8
14
10
12
8
1275
108
17
30
20
7
40
74
36
60
124
135
17
12
10
17
9
117
2
19
108
525
6
29
80
315
27
8
42
21
15
198
43
156
95
87
48
737
5271
29
26
75
108
7
125
143
279
4
4
11
247
14
20
8
12
36
4
6
21
11
8
302
76
231
11
183
29
7
10
143
1342
543
844
1478
64
1
15
12
9
31
20
617
20
26
6
379
45
16
15
22
30
53
967
10
72
18
624
6
387
156
15
24
10
9
60
79
188
32
475
527
8
135
30
6
397
120
24528
331
9
42
22
135
2
6
58
51
129
249
130
406
142
12
10
5
15
7
1598
550
7
55
111
4
149
256
42
8
1580
1792
7
122
6849
5122
19
32
57
10
12
102
5
2107
3
78
37
95
1607
14
154
5
8
437
515
268
282
23
1543
544
112
71
758
6
16
37
15
33
410
23
61
13
2
3
20
127
89
50
72
17
41
43
45
72
251
227
106
199
21
636
251
50
9
227
20
84
478
154
13
9
6
22
217
30
206
192
50
173
7
54
497
3
748
18
1063
87
15
14
86
25
187
120
61
612
16
14
805
153
1161
17
17
3
297
35
146
49
29
213
911
163
105
1271
11
6
230
15
28
32
247
17
6
6
14
462
18
384
200
109
4
230
19
38
8
618
356
98
56
39
164
4
84
43
264
392
68
59
34
8
43
597
257
5
4
10
57
10
1
290
266
279
27
32
199
146
10
79
171
11
52
43
198
4
213
11
73
2
21
3
78
108
328
221
66
14
5
23
36
26
35
9
4
13
178
21
510
2
24
10
264
12
12
96
19
49
18
0
3704
60
48
85
68
79
1047
49
5
31
7
117
14
14
23
47
8
33
83
112
449
67
6
22
98
52
1167
62
7
429
27
31
269
1979
160
19
123
59
250
230
17
111
303
92
111
146
504
65
59
1869
21
98
29
32
229
19
12
158
51
23
73
26
37
289
173
17
124
78
9
542
28
28
23
17
11
43
34
147
14
19
153
244
53
71
164
9
196
88
20
17
92
6
163
546
251
1177
61
175
70
186
11
1887
59
11
16
14
105
50
32
10
67
318
76
317
615
454
123
188
43
240
31
198
386
3
7
67
12
6
7
149
13
1521
128
122
333
4
3
4497
15
9
52
132
141
22
44
3
123
27
25
30
11
10
97
18
129
26
28
89
163
18
677
499
32
153
62
26
10
10
60
6
81
51
8
6
962
331
191
1842
237
18
43
5521
7
10
197
201
50
60
28
42
77
28
52
6
48
47
74
38051
238
5
20
50
29
543
24
23
9
399
25
1447
44
46
315
96
4
796
9
56
71
408
647
290
25
8
23
5
11
13
78
71
24
17
189
838
18
1105
9
58
16
164
202
42
173
147
208
31
33
82
111
43
8
69
417
140
14
54
539
11
104
257
7
41
4
5
30
35
848
545
104
1406
223
8
11
40
1496
254
31
273
0
0
159
47
218
5
120
16
34
20
7
4
6
30
4
0
1768
936
49
31
458
138
65
11
22
24
158
11
74
31
1474
231
60
711
14
74
24
9
59
3
278
38
54
151
16
27
478
295
18
3526
73
105
87
3
18
101
53
63
44
36
65
59
13
604
22
87
44
458
7
1193
24
13
13
9
31
2
165
23
37
103
335
19
12
8
120
549
13
25
12
19
10
700
445
55
14730
99
11
860
997
3703
32
170
20
669
36
198
183
12
10
90
24
35
9
11
59
90
3
13
68
96
648
130
5
32
76
297
6
3
172
38
11
34
223
1
508
32
5
5
77
60
6
22
322
30527
35
714
96
68
35
33
13
10
64
51
77
25
1953
258
1098
22
3
1038
21
151
12
750
35
11
599
46
4
59
16
60
939
67
203
189
28
5
27
19
21
69
43
28
180
205
734
245
132
480
61
1
2
79
8
123
613
63
48
4
83
7
71
1
53
209
153
121
39
678
225
291
51
37
2
27
214
47
131
62
44
2
65
30
35
56
939
0
49
25
36
20
3
559
2
21
176
10
83
43
2
3
343
208
1738
352
302
2
2
9884
12
5435
125
73
89
31
50
216
294
736
6
30
32
7
41
10
36
19
128
6
1
15
100
188
81
16
145
27
21
26
110
1
43
16
20
276
23
49
15
1173
10
31
419
14985
503
125
5
1920
2413
76
22
2
23
4
98
941
21
315
47
2329
195
753
207
8358
15
1534
33
123
306
6
16
28
74
93
21
114
53
33
4
6
11
150
73
20
11233
24
162
27
55
258
57
26
694
139
7
20
7766
710
72
130
1158
40
1585
580
40
23
8
49
60
1214
24
99
31
6
426
105
27
1067
180
16278
2
65
18
4
23
78
34
15
15
5
12
18
150
59
56
8
214
4
54
28
309
39
4
22
321
438
7
28
165
7
24
6
87
3
4
37
34
4
6
100
13
130
911
103
20
85
31
515
14
103
19
122
68
167
14
309
123
24
25
16
9
419
308
625
1742
0
1686
9
6
39
47
0
67
34
859
4820
45
93
205
8
211
117
46
270
9
186
6
10002
232
357
70
1437
384
19
14
40
39
48
13
10
25
39
146
32
1013
155
196
56
6
998
411
89
686
500
9
42
194
116
134
14
16
19
7236
15
196
1151
10
8
2367
66
4749
34
30
12
44
1410
5
10
49
271
74
181
14
391
65
511
90
24
32
14
7
22
13
27
24
5
28
786
10
7
2
59
5
89
517
9
11
163
44
51
8
47
29
9
56
287
92
3
56
30
138
76
1093
7
56
97
271
1
3
13
36
2105
6212
8
938
1034
3
81
373
100
14
16
822
15
398
17
117
10
122
47
1
29
47
11
44
170
437
1
477
157
35
2
34
6
7
103
5
85
5
1427
132
20
15
667
15
20
33
13
10
17
20
37
99
95
35
60
36
1042
174
525
221
1042
19
47
200
765
714
468
210
295
521
26
1033
9
93
226
190
940
217
23
119
45
17
167
462
112
532
22
296
13
114
12
21
14
7
101
34
44
161
49
28
327
3
2
494
6
173
6
23
143
17
67
3
29
10
44
15
16
19
5
5
368
98
33
10082
15
13
19
700
1057
109
712
409
12
500
25
519
39
39
27
665
811
35
472
9
33
46
337
42
546
1
26
109
38
385
11
570
922
139
256
1601
30
21
47
41
417
23
7
30
127
91
19
80
447
186
811
932
9
532
828
215
6
14
393
2421
22
87
4
355
13
517
235
140
115
54
84
95
1
33
961
73
86
205
6
9
0
253
35
21
36
287
3
2
1168
28
11095
1014
322
40
16
310
578
14
227
22
10
6
528
20
23
95
70
54
4
482
147
5
10
58
46
950
46
1353
10
275
225
60
44
89
18
143
3
195
31
225
69
9
141
2720
90
7802
30
11
1526
87
5
31
179
14
12
95
11
104
120
99
254
25
267
96
76
9
15
297
11
199
10
35
7
87
121
64
26
53
27
15
9
26
702
31
171
21
3
134
52
63
775
365
53
19
229
74
191
18
867
18
2522
19
4
1229
21
56
9
15
5
156
121
86
150
10
9
216
17
49
8
255
98
3121
927
307
619
37
13
117
7
173
15
1122
33
246
28
13
158
170
59
279
35
467
0
87
176
32
165
12
31
9
28
8
992
1262
427
14
24
38
20
16
12
125
7
20
449
9
64
26
26
104
3
189
8
82
1335
111
3
7
11
29
5
47
6
267
24
888
4
31
42
46
64
18
22
37
509
106
86
184
26
6
85
450
50
164
12
22
4
223
23
61
20
26
2
409
14
14
905
109
58
517
271
22
3
27
20
9
24
61
25
7
203
8
1
29
62
6
21
11
2
18
51
154
7
0
10
70
158
1
25
15
500
267
27
126
95
242
0
5
126
496
459
37
19
35
251
1
8
15
17
19
298
122
418
8
40
361
62
54
12
694
498
1479
3
295
197
24
11
1485
29
1002
18
1
22
17
45
51
32
8
567
2852
80
51
22
28
52
103
947
533
8
8
16
104
20
146
19
35
18
82
12
64
52
1249
146
5
88
99
4
52
535
3398
8
20
53
20
41
22
19
9
141
38
1029
39
22
36
3
58
69
11
10
17
21
87
254
892
92
94
25
4
3
363
18
7
27
2
43
22
13
8
7
60
15
20
33
103
27
13
7
281
2
40
167
17
2
55
81
326
18
502
19
204
14
97
651
7
22
194
39
13
68
344
33
53
313
5
102
9
64
12
16
594
0
19
185
274
424
229
41
511
21
16
9
43
399
18
133
56
259
19
103
212
342
7
18
1351
15
16
206
41
229
173
712
13
61
0
46
31
57
10
297
3
186
16
1268
2
61
12
130
799
22
14
51
14
6
40
26
116
3
90
1
204
1
25
13
114
135
46
55
33
82
21
4
9
80
569
23
29
26844
444
236
11
644
10
447
22
39
56
6
12
16
291
12
9
12
69
19
14
56
30
2230
852
52
74
26
10
49
1419
19
82
423
20
2
9
4
121
20
3
32
59
86
16
3
601
1641
1153
129
312
49
7
8
8
120
45
3524
443
0
52
26
28
25
87
606
25
35
62
24
9
820
9
14
29
20
213
45
14
965
72
6
3
28
167
22
593
9
19
1464
17
133
46
8
16
1605
16
508
50
55
41
1
425
315
333
35
27
64
240
368
111
50
39
754
3
8
2410
14
90
485
502
15
97
44
2379
24
30
107
256
21
47
6
14
16
261
90
9
731
138
449
5304
171
4
100
29
32
92
780
6
255
285
7101
7
33
3
12
70
25
129
24
20309
10
182
111
397
9
189
99
17
8
16
14
49
17
88
18
266
42
498
118
16
143
29
21
2
123
47
72
65
9
67
6
137
44
71
13
6
11
899
126
33
19
21
38
41
29
22
5
15
2
4
98
81
165
344
4
4
302
145
4
89
22
26
553
21
52
266
177
261
38
51
15
26
10
6
42
1424
21
4
111
10
178
31
13
4
50
17
5
20
7
973
83
3
8
27
88
396
15
26
10
4238
11
672
20
88
1829
294
60
11
62
3
240
60
5
6
9
270
175
12
23
13
24
12
512
971
26
71
102
25
1031
66
253
16
133
459
81
15
20
14
42
17
19
21
893
13
34
112
4
16
10
421
17
180
6
3
87
8
16
13
1662
10
1738
6
6
8
37
21
248
6
6
11
48
29
118
23
8
663
208
89
34
10
675
56
48
107
56
210
63
49
31
90
180
10
358
7
35
7
67
28
12
21
5
16
23
68
7
558
9
56
6
7
242
201
97
52
8
4055
88
207
184
33
1
250
16289
2212
1650
40
1
56
11
265
121
12
395
144
32
0
382
52
351
77
1041
1853
40
114
311
88
103
13
18
501
4
61
2
10
199
2357
53
6
55
29
725
155
27
351
282
25
13
2120
75
16
245
23
836
627
4
37
29
25
3136
316
249
25
8
66
19
128
2
8
35
624
444
20
3
224
336
13
24
24
29
110
61
37
28
140
25
2
13
18
257
64
18
49
759
34
45
2
2257
36
42
25
91
11
128
270
717
15
7
40
24
13
55
699
150
609
49
7
31900
70
9
11
82
163
183
5
589
55
15
335
20
1179
178
276
1137
3
43
10
374
142
28
14
25
172
672
12
7
640
164
642
42
1779
7
22
207
39
23
897
419
26
33
17
596
3
116
6
10
348
185
233
25
54
145
388
44
43
388
276
31
167
357
22
31
658
11
6
295
134
18
6
208
16
4
1612
1608
5
6
94
4
1069
80
96
322
1669
32
185
1411
6
3
34
38
34
21
1213
0
10
3222
349
12
41
4
77
2
25
20
22
27
19
8
198
1324
34
450
24
35
84
53
543
8
59
12
6
55
946
212
11
1
122
308
206
54
53
67
834
6
159
580
14
6
46
1
331
1820
120
124
492
6
729
102
21
5
3
3
10
1
83
101
14
111
23
35
46
8
210
7
66
182
105
15
10
20
70
51
79
12
3
12
64
110
16
141
6
774
53
20
698
41
114
15
3
77
6
10
335
1550
4
26
360
729
0
4
83
80
69
27
3
14
135
6
131
5
247
12
35
8
240
24
305
12
88
25
16
25
245
502
49
17
804
33
260
340
135
5
16
115
16
33
6
7
60
41
8
9
96
166
264
22
4
497
1
2
27
112
65
1456
85
487
997
5
201
52
27
4
494
595
101
31
5
16
884
7
122
97
12
2
47
10
22
1175
97
207
351
36
28
99
9
30
10
323
798
388
11
153
400
127
19
19732
6
0
27
20
92
60
153
109
45
231
10
271
46
19
24
25
50
58
18
82
20
101
86
64
273
10
1583
17
350
16
3
6
87
209
23
286
6
11
254
8
11
27
37
0
3270
16
93
988
33
15
53
1973
100
50
88
95
20
33
70
20
46
108
55
109
4880
3
1581
80
39
146
12
144
24
23
40
165
73
1
156
22
875
198
57
27
72
60
60
161
61
28
18
31
34
6
40
123
20
569
19
171
190
2193
6
55
271
83
1
113
44
105
18
5
526
35
6
7
26
220
15
359
9
12
12
10
3
108
6
869
77
29
22
23
3
1577
11
395
197
162
18
3
1969
106
82
203
18
263
1450
10
2
35
11
14
19
12
41
1703
18
7
13
10
11
2457
104
6
813
31
508
34
180
78
47
522
79
8
38
114
10
20
82
159
3
40
48
12
4
102
108
424
21
9
311
27
20
49
133
10
42
135
474
11
359
2
149
1981
91
28
90
93
2192
59
11
8
100
31
215
1481
2
100
74
60
27
1194
716
13
69
719
37
2
531
18
87
18
6
25
13
32
16
61
333
226
1
69
2
128
35
1630
24
137
31
85
81
188
171
92
14
21
6
1218
61
11
89
600
5
16
19
30
91
1916
27
5
101
15
14
12
44
143
27
235
203
3
26
428
1050
348
363
46
1640
146
459
2
7
411
2439
396
140
0
54
26
38
202
2040
11
16
3
15
29
28
4
7
50
6
213
311
10
58
6
26
58
89
688
16
4
75
15
138
23
17
89
30
10
34
41
18
182
387
193
87
170
114
19
1678
68
258
979
21
17
154
77
37
38
73
79
122
24
3
29
170
20
162
1
15
28
235
32
108
20
19
535
45
26
22
10
161
6
1355
4
5
682
282
19
7
2163
687
28
16
20
110
7
296
25
65
4
5
491
5
748
7
92
0
16
2
48
6
151
111
79
1
250
42
32
6
791
219
182
106
19
0
95
65
669
219
192
13
2
68
257
13
786
157
46
118
23
10
24
58
55
67
1178
22
61
25
19
33
34
560
21
14
97
44
23
6
107
0
370
1316
614
74
7
37
5
7
72
555
163
108
270
10
104
35
6
140
14
160
70
12
13
138
11
170
505
71
114
40
16
1238
26
5
80
11
200
33
362
6
67
582
139
22
67
18
628
13
345
181
20
586
105
3
1
2
35
403
39
16
72
34
32
612
17
17
29
93
5
9
1752
15
4
184
14
14
15
25
35
9
1422
10
90
15
157
13
793
13
51
834
18
60
134
1
5
8
22
177
126
83
31
32
121
2
2097
219
12
26
33
12
326
108
98
9
84
214
229
78
58
33
11
2275
76
13
96
140
20
6
60
44
12
24
40
3
15
20
162
14
2
86
5
27
18
17
11
1228
41
25
324
180
306
121
11
92
98
49
9
278
33
14
1565
28
196
264
246
37
8
25
22
11
12
43
13
847
1802
8
96
17
8
119
271
61
22
15
1013
68
55
24
114
864
16
313
495
964
183
87
25
96
8
7
4
283
1083
48
7
15
40
30
3
15
121
59
97
81
20
25
26
22
7
195
11
100
421
4
1000
71
39
797
39
139
177
78
207
207
1
3
472
14
130
60
54
1202
18
93
32
14
74
27
31
29
17
189
78
27
1230
550
13
20
60
31
56
16
17
188
2
62
89
7
850
250
313
15
772
1004
30
108
837
14
19
154
209
27
84
71
24
30
63
34
215
76
79
21
69
34
15
123
56
46
15
122
14
122
1334
8
67
8
64
22
9
7
12
66
109
5
24
13
21
14
5942
31
14
9
293
26
34
2119
12
254
10
523
11
35
31
9
29
78
44
11
200
42
27
147
9
648
19
138
90
96
2
918
17
14
283
412
351
28
244
12
687
34
25
1
29
43
89
91
57
40
28
590
8
6
226
9
188
82
12
7
189
305
32
26
85
20
108
319
10
27838
17
132
10
1
9
12
18
379
496
58
48
1
620
14
5
902
38
49
186
236
36
191
10
17
151
12
5
12
1
97
650
26
12
131
12
157
3
81
9
135
25
14
222
25
34
43
14
425
504
53
309
984
71
447
21
3
33
317
227
131
4
11
59
32
74
258
9
756
185
684
71
6
4
9
782
33
102
128
28
28
439
209
38
129
21
3436
14
6
29
59
5
116
17
270
17
804
1
28
3
37
20
1160
65
107
55
26
5892
260
47
28
298
925
41
47
48
59
24
51
288
51
131
145
4
4
744
26
93
14
58
70
1595
2
133
22
14
2802
144
60
82
266
5
4
49
1766
96
21
126
254
65
152
62
98
25
65
2
352
175
5
264
13
6
193
459
28
26
46
1
171
4
1364
62
52
17
1008
9
12
444
18
2
346
35
51
7
241
43
16
24
66
2
139
235
1
33
230
535
2
30
10
451
29
29
18
28
24
850
7
569
14
38
68
1033
47
164
12
13
3
19
358
12
337
29
72
926
10
66
102
22
51
10
83
42
39
120
4
205
210
339
73
114
7
43
5
70
71
472
13
2224
149
25
12
6
20
1535
66
3
115
56
8
232
341
201
17
7
8
1384
28
253
97
17
7
33
322
13
1
186
181
822
16
28
64
388
320
18
67
8
420
12011
20
85
107
28
490
282
89
33
3
63
8
30
16
159
663
202
70
7
20
12
13
13
40
256
10
0
802
22
47
2000
5
70
505
10
104
17
85
230
15
40
492
62
521
23
8
40
299
50
9
55
104
10
362
70
3
80
81
3
34
21
116
172
4
494
17
18
158
200
10
98
12
5
829
253
506
134
34
58
30
11
115
3
0
522
459
9
34
14
45
13
123
93
12
20
3
1056
12
182
11
32
119
10
15
70
7
7
28
23
596
5
8
9
300
49
275
26
46
8
202
194
22
47
497
2
26
20
29
7
132
53
10
128
51
30
230
65
26
24
17
25
1
2768
28
4
6
11
624
42
86
4
226
183
123
26
917
109
1610
27
796
14
2630
1044
2
62
109
9
8
288
578
6
42
109
897
5
15
1
2993
997
176
10
43268
36
127
30
21
247
84
66
46
123
333
55
42
19
158
83
1522
47
94
53
9
244
3
69
11
9
124
9
114
12
29
1506
298
7
214
143
8
19
17
30
23
399
110
20
86
244
139
39
114
1220
408
64
14
613
71
47
5
25
32
8
8
25
4
265
27
15
13
9
1232
397
253
9
43
1301
5
133
305
108
21
3316
7
12
18
13
110
513
37
19
3
1
2016
11
48
68
38
24
87
61
7
5
145
5
44
198
1
52
116
75
2
12
13
31
4
20
11
275
1351
82
42
248
130
570
115
16
1447
120
29
43
863
10
362
40
39
59
159
8
132
34
46
100
93
15
405
84
70
319
22
10
10
163
31
418
37
944
17
1528
76
16
768
169
9
915
8
554
13
7
1347
30
35
5
679
250
48
11
105
115
7
595
332
1802
108
0
1602
225
38
21
158
416
290
400
264
1096
23
32
31
112
34
40
67
46
3
80
40
13
7
33
23
2056
2
6
290
46
2520
4
5
34
703
4
20
25
14
7
86
42
5
15
11
370
132
747
223
30
11
594
86
24
17
595
7
2
197
207
317
5
62
4
146
3403
3
34
20
50
310
24
1
692
7
73
14
519
32
24
45
10
40
980
45
209
3484
94
33
16
31
14
221
16
101
302
18
1457
13
45
80
290
74
16
50
25
376
42
1045
20
985
23
62
26
77
1398
10
95
8
10
37
96
186
223
48
12
24
1929
244
130
1
21
1081
389
467
34
2424
36
7
621
2
374
619
30
34
394
29
144
444
153
9
220
43
20
31
36
48
32
81
79
106
120
483
66
23
33
5
117
22
13
16
1851
94
19
24
104
166
54
41
50
212
6
62
25
28
77
16
95
1462
35
117
122
35
72
58
212
104
31
2455
42
351
28
53
24
183
3360
72
69
5
14
1
174
15
14
1366
957
6
3
118
40
78
47
11
6
30
945
55
67
95
220
37
207
67
289
183
10
31
46
23
144
18
60
11
702
37
18
506
270
37
17
71
89
60
3
86
144
20
18
146
2069
667
9
522
14
618
172
69
26
554
5
166
1615
197
124
234
46
572
14
20
6
18
7637
12
23
28
135
859
788
1
291
182
3
349
8
14
5
121
49
23
223
16
13
28
1
23
367
28
9
14
161
290
13
322
119
3
20
30
250
5
37
8
15
74
9
26
565
50
108
66
54
950
25
1153
4
28
78
7
13
45
8
72
5
70
26
16
2
10
9
128
14
1231
23
22
85
24
24
77
12
62
6
51
3
21
17
12
238
4
11
39
28
139
196
766
805
19
33
13
16
73
27
20
227
62
29
18
1
10
542
20
37
27
527
44
1237
37
414
87
71
30
10
376
1245
112
33
135
113
43
87
1
150
12
77
135
31
19
9
24
34
39
15
78
124
18
12
271
13
4
6
64
37
7
27
9
38
15
31
8
50
38
59
8
60
12
1665
229
78
154
3122
738
81
28
617
80
445
3009
108
15
221
65
5
21
7
1
123
41
145
738
363
23
865
1
44
643
1157
114
4
55
97
66
222
48
32
6
3
318
1304
131
43
23
149
322
6
5
104
358
41
187
102
9
13
505
1313
56
88
15
475
21
77
139
250
157
47
25
39
36
170
6
247
38
684
11
206
26
6
38
2191
262
2
24
51
35
56
11
17
639
229
167
140
8
247
13
1983
78
43
18
25
19
96
10
578
14
20
395
7
520
12
1375
229
479
491
20
23
107
312
118
62
6
19
62
35
354
13
18
858
999
501
81
265
138
12
49
45
3
17
14
858
96
6
16
6
56
26
2
357
66
89
464
354
31
582
28
73
47
67
219
30
3
347
1562
67
2
30
85
53
105
161
14
58
49
273
6
251
13
11
72
58
36
18
116
132
58
71
311
455
37
1411
1542
12
12
709
46
4
12
140
77
18
19
23
224
21
44
50
22
2
21
4
34
11
62
399
482
234
571
413
102
54
112
100
47
32
40
78
120
1748
916
770
59
41
42
6
177
37
333
18
50
20
23
631
100
69
19
103
263
44
2308
12
478
2858
10
307
361
154
397
85
25
304
230
12
32
7
14
7
32
287
131
20
86
5
5247
18
12
1
259
9
90
10805
228
192
151
140
15
332
1218
38
475
294
1811
251
3
229
5
1126
20
33
10
27
29
156
14
26
17
102
15
7932
145
1052
7
0
35
47
41
44
7
522
939
282
28
1620
7
100
331
634
1644
10
35
5
9
4983
47
102
201
185
26
10
144
265
9
2050
13
649
487
385
2
39
22
21009
8
8
23
0
24
32
33
159
151
899
16
65
53
204
149
16
18
82
89
9
2
31
3
11
48
99
32
33
5
6
23
471
182
1047
19
1057
13
31
184
25
111
48
5
132
10
75
269
29
37
58
12
8
2
8
88
51
17
232
10
144
14
1086
13
674
483
9
285
191
28
318
14
88
498
5
629
20
56
160
17
55
2
126
3
275
37
123
26
61
363
69
801
4
15
19
928
590
37
852
210
13
23
323
35
54
46
390
15
2
17
97
11
7
9
244
370
7
1002
113
3
13
117
26
92
35
8
9
13
14
191
1665
130
73
69
8
60
364
306
24
45
34
7
1263
17
59
27
860
87
21
298
64
11
698
5034
121
46
9
29
525
36
115
1335
407
20
154
28
94
48
47
192
18
24
90
0
18
13
967
501
49
76
373
113
8
859
77
1
1582
627
499
32
1995
840
610
69
89
9
19
24
743
29
47
1429
142
247
971
105
4
197
765
1
8
28
410
46
757
17
22
895
2
17
11
75
14
74
1303
83
456
1922
52
36
9
8657
131
63
124
40
191
4
8
3
3121
16
18
7
9
994
5
47
790
5
31
3
20
23
4
11
40
22
7
133
366
55
172
557
1208
8
39
1006
90
273
1216
3
5
1
36
165
136
5
45
47
41
18
28
51
3
43
85
424
5
144
418
29
3
368
13
225
32
89
0
16
39
29
171
33
7
414
5
122
38
170
1
15
646
844
9
142
1017
60
12
14
36
1
65
347
704
558
17
4
929
103
23
9
425
715
18
104
41
510
5
5
87
1116
1343
616
488
13
5165
25
41
5
44
4
1158
413
64
9
37
332
73
31
467
1
615
157
48
10
151
15
13
68
76
14
29
134
3
61
38
2
55
18
81
47
100
358
118
58
14
77
7
288
80
23
1492
76
27
5
8
30
11
525
511
8
9
32
22
75
351
3
762
1486
63
160
224
40
36
510
104
37
48
1
38
14
93
828
17
639
40
18
77
142
34
579
1158
432
550
19
45
73
201
72
172
106
622
25
58
1
567
30
25
18
307
84
11
14
8
16
2067
13
79
34
18
130
45
454
5
23
3
89
7
1
7
34
1521
3
9
19
50
163
116
519
6085
30
351
27
77
292
30
18
12
32
5
45
39
235
13
10
67
16
27
41
18
58
32
35
24
176
137
103
323
24
25
14
19
58
618
968
145
93
1820
58
50
5
2755
86
2
22
21
14
11
8
127
16
10
143
26
61
165
4456
170
949
47
113
6
53
8
264
52
698
12
21
300
17
23
6
39
122
87
100
324
17
95
22
1497
92
79
150
15
83
4
239
148
2
10
12
25
8
22
15
675
6
529
133
6330
2482
12
37
234
627
20
9
23
24
8
83
43
56
42
46
854
9
176
8
7
7746
199
84
87
595
43
64
858
7
107
43
1270
343
23
30
24
804
7
2188
13
25
1200
80
28
43
338
6
6
21
19
8
23
627
30
8
193
140
12
31
4
3
112
158
2215
3
33
9
393
37
242
2
1074
92
44
178
8
732
149
36
76
225
11
8
84
84
6
39
29
13
15
41
44
3191
40
66
32
71
46
26
119
131
184
911
26
115
13
2
28
10
59
342
18
259
161
318
21
55
179
55
22
38
42
723
20
22
29
1137
742
0
21
339
17
6
35
24
337
225
6
17
5
54
17
28
53
60
120
236
23
12
3
86
1
326
661
51
4
10
965
229
17
387
1395
3
30
3
5
2
5
2193
374
94
14
18
24
33
198
32
23
134
508
453
188
282
13
214
1
52
37
12
9
42
27
49
71
639
0
14
374
2
165
1232
63
132
293
12
62
1454
14
82
16
37
7
185
177
16
35
17
238
3
3
11
9
36
251
4
13
30
15
11
2
25
55
131
9
75
34
4
19
146
31
39
4
15
4
16
128
2
252
5
591
2257
98
520
13
841
43
59
23
24
17
925
148
99
62
2
83
21
26
163
20289
20
209
69
79
37
13
10
411
7
647
48
641
55
21
78
682
47
12
14
100
14
26
76
80
26
131
350
1591
22
36
104
15
4
32
72
2252
1545
115
162
13
844
13
79
603
20
7
177
29
1
24
138
22
1074
115
24
23
229
96
17
72
27
292
7
55
71
35
8
8
14
645
167
67
10
153
179
5103
33
132
115
44
598
138
109
56
114
8
14
237
153
10
448
280
8
24
15
147
404
34
25
25
43
10
747
4
5
341
40
10
12
5
28
210
3
116
3409
241
38
2607
1715
22
10
69
108
12
168
20
2173
64
19
39
30
169
1782
73
1
5
271
5
247
11
9
29
150
627
8
26
283
730
72
103
37
119
11
36
37
35
53
86
148
74
10
61
35
397
52
101
21
943
23
791
42
121
86
27
461
150
381
21
46
5
263
1225
65
90
437
29
14
840
58
25
150
4
33
3
386
8
79
16
19
232
54
25
14
315
11
1
55
41
357
3
7
3
145
20
20
9
58
4
2088
10
36
25
45
29
53
62
23
59
257
14
2
193
676
29
4
71
23
13
33
80
563
2
3266
79
1304
10
111
164
1
10
252
170
43
55
94
75
49
66
36
165
2303
15
128
52
4
26
289
287
300
142
535
18
216
18
1788
139
227
40
29
14
71
14
80
36
3758
10
6
65
53
36
19
125
67
19
35
996
33
88
23
10
7
19
750
1310
1269
82
63
11
375
12
71
62
1260
1961
55
77
7
127
41
53
13
103
15
66
487
369
9
7
5
102
101
280
870
906
447
166
134
67
2
23
5
11
415
7
79
2
30
64
23
497
17
412
39
181
1575
16
36
36
6
21
31
39
153
125
54
3
216
2
20
37
183
290
164
7
111
78
7
13
64
146
89
6
196
56
256
136
7
93
52
15
1483
34
34
7
33
102
877
18
407
274
873
59
170
109
207
28
938
74
6
61
9
491
154
162
28
9
24
96
40
43
15
165
20
633
35
71
827
55
99
35
790
90
333
257
3
126
15
43
44
20
33
14
116
98
26
139
44
0
18
10
14
20
3948
13
267
43
8
36
5
133
498
751
576
17
12
76
37
114
94
100
29
14
42
249
25
50
16
24
5
272
399
119
48
35
85
11
513
17
3
15
239
46
138
71
662
386
2
35
246
205
14
101
8
7
67
15
92
11
10
8
7304
25
7
2
353
114
120
509
187
313
11
49
17
818
198
42
11
84
56
166
86
125
31
55
2
21
46
15
14
1
114
709
4
114
0
8
130
495
111
34
41
44
3870
181
23
46
10
1933
210
6
67
3
73
393
1847
9
647
470
133
9
8
25
39
309
3
298
8
76
6
121
16
23
177
41
22
1500
57
154
145
26
210
15
417
40
66
82
17
263
13
6
57
290
9
383
53
7
1231
337
129
40
110
29
44
6
0
38
10
422
0
416
504
5
982
859
30
17
106
5
1266
293
4
182
54
9
194
1558
3777
13
93
602
127
40
133
8
33
10
36
19
21
3513
24
8
11
124
501
109
14
1279
1294
15
235
166
10
2676
0
74
508
20
12919
3
273
55
84
11
70
72
27
560
15
10
3
9
12
356
217
2484
1078
8
51
30
6
72
16
64
1295
22
205
10
1289
3
9
574
288
71
68
13
1669
16
179
9
39
2
34
30
18
14
36
168
16
157
1035
5
56
22
2
18
40
33
27
30
133
174
70
9
258
13
41
16
28
220
47
13
108
39
13
170
322
62
21
64
7
141
23
3
25
17
74
5
76
236
55
416
116
6
393
38
45
627
4
23
6
5706
39
43
149
898
84
39
353
18
18092
7
8
65
628
65
23
1605
1023
77
18
24
345
1216
1506
5
24
35
5
1294
20
53
25
33
224
403
8
3
19
12
4
40
29
3
512
1164
2
0
11
37
389
48
289
6
95
110
6
9
125
5
444
220
5
57
7
8
87
1545
293
332
1
58
59
5730
52
103
26
29
13
103
0
61
47
13
93
94
24
14
13
513
380
199
7
247
14
16
10
10
19
62
52
456
19
80
10
302
17
4
203
5
29
44
140
370
29
6
43
100
371
191
125
144
27
86
7
110
9
38
41
6256
141
368
17
628
8
178
686
14
53
127
16
23
8
109
15
29
1407
119
260
138
19
75
115
2225
324
39
550
8
10
22
22
238
38
29
6
119
91
17
8
3
43
7
4
12
7
43
506
5
47
64
55
2535
16
819
1317
64
306
0
138
6
83
91
586
6
122
25
24
108
5
15
2716
12
4
95
635
84
20
16
76
18
8
24
27
462
297
12
29
224
1
16
75
37
9
11
20
58
6
13
34
76
109
614
112
129
13
16
1723
36
17
26
11
10450
21
23
921
128
29
1
7
91
380
3
209
25
481
83
10
37
215
9
105
16
17
104
80
22
652
2684
12
3
198
507
40
78
228
20
4
42
334
7327
39
355
16
132
18
7
6
15
407
2
1
9
0
23
153
511
173
336
63
106
1351
225
100
13
26
10
20
9
23
192
96
12
41
659
69
13
3
8
54
3633
10
11
86
10
16
144
1165
200
45
8
252
710
3
6
26
349
59
10
319
7
8
16
47
104
4010
25
1129
62
500
2
244
2
60
31
48
33
20
33
117
4
1091
22
152
35
40
7
6
31
14
80
23
62
1490
5
206
206
512
8
350
182
53
183
48
6
29
262
3
30
17
9
65
258
54
16
13
20
27
16
244
25
6
199
61
14
36
82
236
37
212
1183
32
3
23
74
23
6238
2
35
114
1747
16
26
7
26
99
20
588
190
580
288
771
57
16
916
6
17
7
4
19
62
6
2
2
132
65
28
85
93
131
51
25
14
8
14
15
73
161
33
196
50
4
13
6
14
47
1378
48
55
317
65
37
1079
20
4
40
78
59
187
9
1828
214
8
15
44
732
8
513
45
92
18
38
102
842
28
27
4
1
68
12
647
484
19
123
210
18
457
22
67
331
28
71
18
10
8
17
178
1409
9
8
29
5
3
195
22
12
21
1021
568
29
667
357
15
276
21
330
38
20
764
32
2341
1495
130
2
10
84
35
69
30
152
115
162
450
189
6
1803
437
89
973
100
14
4
15
1919
25
7
4
22
24
53
66
208
1
22
16
4
44
873
85
129
101
67
4
90
0
39
53
6
4
89
4
2
61
89
3201
109
51
21
182
101
3
332
155
44
150
100
5
97
687
96
393
25
25
848
189
60
946
11
107
240
48
23
109
15
17
114
24
3
171
43
30
45
25
30
27
2
17
16
33
31937
1797
7
16
656
182
473
2401
145
21
3
1241
29
118
49
47
1928
689
634
21
11164
22
227
12
24
10
2007
66
252
179
17
49
44
15
10
9
9
25
47
44
122
7
49
4
1059
32
735
46
62
39
36
36
1054
37
43
40
420
11
110
37
14
572
1351
12
1933
40
3
103
5
106
9
93
211
4
133
911
112
57
344
15
92
231
120
12
434
66
20
265
381
176
191
15
17
74
93
816
56
250
1599
288
35
27
36
1
282
384
1286
300
111
59
487
1065
3
23
41
55
15
24
14
102
20
50
2
880
656
151
128
15
61
29
6
340
52
7
6
90
3
37
36
1921
12
359
35
2751
196
801
368
388
102
73
1436
10
7
12
15
135
38
209
170
183
13
1271
555
80
9
824
21
62
29
10
32
206
7439
107
107
2
64
26
764
9
243
52
7
18
28
5
159
50
13
260
142
25
23
29
226
19
192
2
1735
224
2
225
2
10
35
848
2
1
141
126
324
1433
318
13
43
37
2060
141
930
16
19
3368
215
62
29
778
9
79
67
481
117
21
9
52
197
286
5
14
861
527
98
58
805
378
2
52
29
72
62
872
145
18
145
16
5
3
349
0
16
30
1031
20
43
776
7
184
922
3
61
117
18
195
19
395
20
11
81
378
130
13
129
67
26
134
20
2808
80
52
19
84
377
141
17
6
7
1291
7
161
46
21
105
97
17
60
47
13
3
11
39
62
43
12
27
1
8
16
339
33
37
239
186
1
7
20
209
13
54
28
84
24
194
63
367
62
44
213
20
21
1
100
98
295
23
20
24
17
38
64
3
879
156
108
78
83
132
7
359
8
135
7
6
611
5
254
508
7
31
23
177
18
600
1
9
244
252
1231
158
506
478
32
578
18
122
190
11
26
55
71
33
148
496
63
9
50
2
23
11
223
116
71
274
22
57
60
4
6
17
26
12
341
13
29
25
636
3
297
28
38
89
2
13
83
273
13
39
574
239
13
64
21
63
215
2
7
28
10
393
295
111
114
4
24
20
83
81
34
37
27
114
16
11
58
4
21
290
48
9
132
78
26
12
6
24
11
15
4
11
40
91
234
266
893
4
324
13337
26
12
154
35
42
112
327
2
882
78
704
16
25
27
1044
150
26
703
59
5
29
627
17
12
25
1077
6
14
283
152
2099
127
18
1
81
527
2
1284
3
7
20
17
7
9
1
33
1
45
59
64
5
20
3
63
11
3
116
224
6
909
24
185
150
9
133
6
22
13
47
24
13
0
3
60
15
52
92
24
16
464
38
4
43
28
28
51
56
8
77
58
68
1113
147
285
9
13
125
227
420
152
454
313
117
10
161
123
14
44
31
43
66
68
905
301
76
58
99
12
85
23
20
10
330
168
17
113
9
6
7
18
10
115
30
31
22
686
70
1335
129
729
14
498
12
22
74
163
96
4
5
14
592
36
25
694
133
19
54
497
398
6
5
51
2
33
13
72
45
378
15
8
3775
16
63
154
45
397
4345
6
572
1
315
586
7
13
90
3
51
21
10
68
207
384
8
77
868
3
61
10
32
135
3
16
39
532
192
9
32
5
84
21
0
849
7
764
25
79
123
12
222
28
450
5
7
15
44
26
6
219
22
167
72
17
94
1045
39
44
31
8
232
331
2079
5
7
95
16
14
234
21
666
39
8
9
5
720
65
629
520
15
95
24
10
141
9
7
17
107
37
29
3627
31
23
16
7
25
36
517
35
511
108
77
85
42
910
40
51
26
20
2703
198
10
89
35
262
37
51
14
278
274
43
80
7
21
990
11
858
8
108
10
12
316
85
106
50
272
95
11
89
29
22
27
19
146
577
12
7
6
222
1450
539
257
50
9
11877
21
293
52
21
817
25
152
27
92
9
15
52
9
60
5
75
148
14
22
2
43
30
1
9
122
19
11
204
15
509
21
402
251
152
4
34
21
101
20
28
31
2420
34
234
17
1333
48
602
11
45
44
173
228
14
503
391
4
181
1519
7
107
20
6
27
71
472
171
102
12
18
9
6
7
8
64
30
61
24
1024
9
1355
248
83
398
29
5
53
91
31
80
9
21
555
16
4
370
743
6
2
1
5
9
361
63
21
12
41
16
10
77
27
10
22
14
1353
31
6
61
4
28
12
11
3
8
6
82
47
79
3151
142
130
48
175
43
93
62
51
5
112
214
15
109
2
2
35
10
36
61
7
84
3
10
29
39
755
22
17
189
12
1289
81
9565
36
189
15
204
190
451
62
438
2171
131
133
31
5
1380
12
11
11
17
224
10
140
37
63
9
139
9
287
45
76
666
68
15
4
414
39
55
188
9
775
1301
339
12
46
18
84
26
1037
5
572
9
220
121
12
904
4
52
13
8
523
8
25
2906
2
165
11
226
5
835
20
401
16
551
12
18
18
15
5
6867
61
174
9
24
9
166
18
154
22
584
1137
17
55
392
10
4134
8
15
7
317
220
6
2
18
10
32333
72
32
5
101
8
15
16
800
69
30
13
242
376
6
12
157
281
73
21
764
31
151
39
234
36
13
5
218
90
15
81
14
331
85
535
40
1
68
0
69
49
1199
12
19
22
55
108
118
20
14
179
0
24
11
2
190
63
3
10
47
15
14
1622
1121
18
0
613
69
7
249
310
2011
6
60
15
218
370
192
4
51
20
131
3405
23
212
33
22
7
4
1187
37
21
786
21
3
27
23
1411
28
25
89
219
779
295
90
24
11
1177
286
10
3
28
432
45
205
161
396
245
10
15
41
221
25
32
26
15
436
96
25
11
228
60
1
68
5
62
132
31
18
99
29
371
61
599
361
1
40
116
191
47
84
37447
5
59
24
87
58
12
4
199
2
1297
10
107
54
9
32
103
90
61
2408
0
3
30
41
38
10
1732
72
54
4
626
19
7
2420
10
22
86
12
653
30
190
1418
823
2
34
207
163
15
12
17
161
242
7
22
217
12
178
21
503
23
14
135
24
57
33498
32
16
134
92
6
14
6
13
10
114
24
8
16
159
247
1132
15
22
10
9
76
330
70
194
21
27
92
8
211
296
11
11
19
344
24
12
8
1828
12
417
372
945
386
80
353
1278
61
118
36
237
17
21
740
513
169
127
7
2
30
128
521
174
9
30
64
87
117
38
3552
17
77
12
35
210
84
11
701
23
0
95
80
814
11
11
33
82
10
75
214
1374
707
46
0
566
95
1488
1
45
198
0
63
13
4
111
173
380
5814
129
50
26
15
333
9
2583
142
1482
116
680
38
2
34
33
173
15
129
550
4
20
1
450
1252
19
153
32
196
84
174
17
14
17
74
12
12
1287
6
1304
17
22
334
8
19
15
109
33
8
1
10
854
208
35
8
15
63
13
37
17
0
152
20
6631
1
619
32
67
13
51
46
149
5
56
32
1765
38
16
171
830
68
86
9
256
26
16
5
529
45
206
13
131
733
272
120
29
213
72
90
6
3
260
4
279
416
6
13
233
73
24
31
337
49
169
1568
85
18
42
3
431
281
156
34
83
35
11
29
33
21686
89
122
11
203
101
29
46
60
37
214
86
114
15
138
57
26
369
13
13
73
149
772
226
13
389
22
12
32
144
91
9
17
9
102
2
34
6
94
4722
55
138
655
9
155
541
1116
9
423
17
13
48
43
101
15
513
195
6
34
59
163
57
346
45
4
22
49
8
71
25
19
154
610
44
63
53
23
18
13
4
1
27
16
806
53
284
1364
264
50
10
55
1373
10
40083
21
90
118
11
231
27
27
30
25
1022
80
333
30
163
4
9
618
10
85
70
655
34
37
89
10
16
58
591
1295
595
16
51
13
186
13
29
15
286
254
46
2
182
38
1040
10
75
72
26
3
1205
64
105
60
24
939
332
23
342
70
259
2316
14
57
65
19
37
534
623
27
105
8
16
12
7
48
42
127
8
42
450
163
18
22
645
89
62
6
10
15
21
901
57
33
41
8
171
51
58
13
8
1073
957
1825
4
99
22
9
25
25
55
32
34
804
146
34
37
79
18
389
10
21
25
12
33
68
6
143
12
443
16
3
8
241
13
175
238
22
52
40
6
85
1209
256
190
20
1
67
54
29
52
846
3
5
23
13
51
23
273
130
1
16
18
1
19
56
8
7
3
8
9
417
40
160
395
238
20
6
18
52
43
7
4
1
560
29
164
50
22
4
6
8
11
1006
113
4
57
1211
783
23
169
46
75
19
748
116
22
10
5
42
45
892
3413
83
58
35
80
6
723
517
26
11
30
50
40
20
799
642
1172
28
218
15
171
120
12
8464
92
62
1907
24
45
45
80
14
20
32
9
7
34
809
52
79
32
90
538
149
16
4
13653
281
422
214
34
9
12
14
68
62
17
5
38
974
773
8
503
36
12
2
92
27
15
191
1
193
41
34
26
4
15
22
313
136
8
86
4329
682
34
1
85
3
122
61
24
32
812
11
7
697
190
74
36
522
60
227
10
2
40
2
545
8
124
296
45
21
185
2
56
44283
14
152
0
280
93
23
15
0
230
105
6
43
65
135
8
25
30
9
541
15
8242
26
409
15
34
13
47
325
59
5
79
95
21
1125
105
26
23
28
32
6
7
38
14
68
149
7
53
1128
17
233
11
5
12
63
15
10
1585
263
10
3443
604
31
66
114
590
9
137
132
32
121
32
41
324
132
11
503
106
14
1
0
37
149
390
325
9
295
40
50
18
6
225
27
12
61
303
281
18
98
130
20
672
535
11
65
582
40
218
1
66
4
25
4
470
29
6
14
100
27
96
695
9
672
196
15
163
31
84
91
515
114
682
84
5
8
3
40
9
37
1224
354
521
399
619
125
1436
2
48
1014
932
141
17
313
75
34
52
4
17
7
39
15
571
18
513
298
15
32
4
4
22
271
155
282
20
26
30
73
12
796
123
35
79
33
39
16
250
18
5
301
11
508
821
10
43
13
15
6
6
57
59
35
731
11
57
14
171
7
50
65
15
155
34
2042
20
23
629
199
211
1
27
140
46
2
60
34
9
12
79
29
49
27
676
2598
26
140
948
235
118
68
30
215
25
13
8
2
137
2
299
23
40
20
3073
41
42
9
10
26
12
39
24
133
2
156
539
100
16
26
492
112
5
18
47
40
15
6
11
45
81
23
4
17
1389
755
138
538
15
8
24
24
18
43
7567
102
102
134
39
2324
497
4
14
22
60
51
23
17
4
24
0
37
112
50
14
3
9781
17
11
91
239
1
56
5
138
21
97
15
55
18
16
10
162
17
8
22
1525
280
111
6
327
13
7
28
27
63
9
7
158
44
107
16
31
26
13
11
665
526
40
57
57
273
39
880
8
23
10
133
14
19
41
37
22
5
261
308
14
4
40
47
9
259
754
570
14
13
215
41
361
103
20
8
11
18
26
44
216
431
1335
3387
20
12
17
13
279
7
198
3
1
1495
404
15
180
21
5
19
347
16
13
13
35
83
17
936
85
753
748
231
1
16
66
15
96
67
509
77
74
375
69
34
54
10
34
1443
217
175
2
561
81
44
13
41
3
13
15
17
90
178
29
3
13
1140
8
57
187
85
196
1248
24
205
1
57
14
192
19
2869
4
168
38
46
68
7
933
8
40
43
12
547
201
98
9
238
6
417
184
9
215
157
30
4
1279
12
79
25
318
112
1176
428
15
89
100
186
2
1042
25
19
515
32
79
180
82
14
42
94
86
11
314
5
0
3
394
5
32
4
193
35
1388
5
15
106
33
19
260
15
22
118
24
28
1
91
12
6
52
165
161
3
59
94
386
135
121
56
65
55
21
12
38
5
19
0
261
130
793
21
73
775
3
130
26
78
309
152
79
380
17
597
75
68
2
50
36
12
30
359
8
892
4
17
42
263
11
48
95
12
1
37
15
14
33
11
3
12
139
861
59
73
117
18
238
6
38
6
12
11
348
30
68
32
100
94
252
233
3
98
5
1298
387
267
2
170
13
88
422
102
7
252
11
51
37
21
3295
21
49
17
2
5
35
35
26
105
5
6
12
444
51
103
919
29
11
1
176
13
116
1105
96
6
36
50
10
6
23
1485
537
8
87
176
19
105
40
197
8
392
1322
3
66
29
10
117
149
6
8
24
2
486
1608
5
104
652
134
9
27
17
1042
148
180
1427
52
146
18
49
130
227
442
9
18
7
12
1
4
153
98
111
79
45
72
15
110
156
26
127
35
20
4374
1
27
16
146
10
116
24
61
61
33
380
102
5
134
11
796
3
113
4209
27
18
1680
39
378
5
4
28
305
13
184
24
156
527
11
17
21
524
17
25
58
12
8
4
35
5
62
210
21
466
52
78
422
30
280
9
16
68
10
40
66
61
119
127
3
517
462
21
12
4
40
797
564
33
65
10
92
0
192
2
108
79
19
112
43
194
748
6
20
213
541
57
163
29
825
230
4
29
69
80
5
286
102
1654
279
0
34
3
161
46
61
4
393
262
198
89
8
45
10
64
70
8
504
7
1
66
20
3
37
9
8
217
252
507
283
1054
15
75
597
121
41
3
220
58
15
23
25
7
25
25
26
38
20
430
19
35
11
12
232
48
8
33
22
132
160
402
111
1122
988
425
114
33
204
108
2157
9
241
33
0
3
975
53
327
32
498
16
7
958
315
8
81
7
30
100
166
1219
2
200
922
8
12
14
23
180
15
36
22
17
13
770
55
17
3
38
5
437
42
6
6
3
0
66
58
32
14
8
623
732
81
47
49
25
10
47
11425
4
160
33
9
217
347
1538
138
816
16
719
10
128
74
53
31
25
62
3
14
58
24
3
40
496
14
52
154
19
42
13
5135
251
77
345
109
1
22
435
793
18
1035
1448
110
314
49
122
18
12
573
549
1312
34
9
53
31
67
6
884
58
12
1565
17
11
651
49
11
3
2
22
18
704
104
15
16
53
609
18
19
3
61
6
197
106
340
879
22
8
15
122
52
66
116
65
33
589
410
6
12
106
14
11
121
47
22
8
637
229
39
83
49
20
30
5
197
23
45
14
30
11
16668
36
789
6
68
8
31
245
2
49
10
1564
6
15
515
81
10
25
16
5
9
32
1
21
931
17
8
99
2644
45
28
543
10
47
173
17014
23
10
143
7
16
132
16
17
118
25
79
151
9
22
190
468
1
200
15
9
10
46
304
16
54
40
9
527
210
3
2
42
9
9
1629
28
498
4
18
6
640
43
24
2637
91
315
96
4
1
126
7
24
196
20
217
95
324
59
40
5
88
68
35
28
478
72
19
15
1
5
1
10
36
5
18
32
10
0
43
1469
1851
14
73
1686
2047
104
8
256
641
39
3
14
25
74
296
91
179
79
22
9
6
87
128
80
73
195
194
12
914
10
198
210
1243
23
196
821
125
53
1639
2
58
17
1423
61
26
6
39
10
6
13
9
683
17
865
27
99
458
42
489
4
11
5
1989
6
141
28
882
139
8
144
45
128
47
245
18
167
50
2690
2053
247
53
44
185
291
9
2
107
4
340
29
14
35
15
132
12
96
7
4
9
36
17
138
1196
74
4501
141
40
6
154
133
874
50
41
554
264
167
14
312
99
94
291
251
18
792
4
499
5
171
242
24
178
7
295
14
16
50
557
8
2
14
60
52
47
9
7856
20
62
238
34
15
0
1155
18
47
766
89
3
492
23
70
603
1
11
11
94
85
8
19
101
42
8
206
19
29
31
2456
64
53
23
60
59
998
35
127
2
762
33
390
35
10
681
57
28
7
77
19
130
121
8
29
27
1927
534
32
59
123
181
18
8
68
108
249
16
29
714
59
6
26
60
168
45
99
1621
5
1
57
27
8
274
26
14
82
65
29
4
629
76
18
6031
101
58
29
10
282
69
141
55
8
38
58
37
36
189
1932
0
1751
44
11
123
180
37
7
566
326
9
17
292
18
14
119
166
9
5
39
115
504
1541
19
24
84
473
8
495
257
14
7
109
1240
6
544
16
57
62
183
158
146
21
8
11
9
8
340
125
16
71
67
335
6
15
1800
9
10
10
224
63
83
64
5
11
613
159
505
13
39
84
28
158
584
38
72
823
97
230
8
47
285
1282
85
20
21
1
157
137
136
32
383
50
320
1045
200
597
5
11
6
824
45
26
81
21
96
9
143
50
13
45
3
22
160
736
12
15
39
4
26
1223
36
29
37
296
34
183
6
292
510
19
38
7
9
407
41
0
3
1
24
23
50
509
92
3
44
29
20
50
147
31
21
49
9
2
7
1287
714
75
166
27
7
36
1053
12
294
79
2
143
1410
6
70
39
7
12
40
178
11
219
27
314
22
961
150
9
17
20
9
42
274
111
24
7
4
300
222
25
63
14
2
8
10
37
550
252
118
167
5
28
117
885
11
86
6
423
9
1
29
180
10
2001
5
58
13
124
351
2651
86
16
10
20
6
28
73
13
271
179
23
35
105
392
0
230
5
3
2
2
603
23
1175
186
442
836
368
48
52
1
462
16
3
34
81
69
19
72
25
245
23
21
46
16
96
17
66
18
14
87
4
170
60
77
82
100
388
18
24
35
115
43
895
368
24
124
2
70
14
34
86
28
66
138
327
189
473
15
65
4
20
124
25
18
12
833
15
2
283
0
8
94
23
41
11
7
475
83
20
4
21
330
195
26
109
182
38012
18
75
21
23
83
153
6
48
24
28
56
115
19
1
48
720
43
176
12
26
547
25
204
54
27
10
2
69
304
84
864
129
14
183
442
929
22
12
39
18
59
130
18
4
3460
141
52
864
19
16
2
3
534
11
2
7
20
13
19
36
1885
47
161
186
288
20
101
33
14
4
24
14
2
11
209
62
414
38
838
36
128
0
1798
504
4
53
267
12
27
63
39
13
20
14
177
49
946
218
97
16
693
29
255
49
136
130
2429
134
4
176
147
58
217
799
48
27
6
862
70
21
56
96
972
421
484
287
265
59
9
18
29
4
18
43
200
622
151
87
184
107
36
32
22
68
583
16
35
26
34
17
542
4538
953
176
187
129
39
10
12
107
20
4
3983
177
19
289
155
151
37
28
912
172
1
71
1482
104
33
269
69
14217
331
27
1850
160
13
654
19
39
26
3
133
44
42
166
42
3
9
45
33
140
16
8
5
2829
23
21
3
8
47
136
8
139
1032
32
17
455
10
17
37
7
30
14
32
42
123
5
30
180
62
26
258
164
898
19
41
193
476
18
36
10
59
9
217
91
8
292
13
181
101
898
6
22
34
187
2
109
162
2
21
546
315
31
36
2412
143
60
11
104
2
13
22
2
5297
6661
10
360
3
43
6
1394
77
66
308
1110
482
199
22
151
35
59
343
9
29
10
137
46
10
273
8
389
22
5
221
4
161
292
12
7
140
69
504
15
11
3
6
62
55
10
205
6
46
587
183
52
467
61
7
33
12
18
117
1132
659
5
400
733
460
6
4
9
43
6
86
1959
13
74
7
354
4
91
254
5
24
1
7
10
112
58
88
1
68
5
35
26
20
7
20
46
7
140
66
82
7
17
73
19
127
5
138
50
14
15
54
186
177
65
737
72
204
209
23
148
36
58
12
0
496
526
25
16
94
9
138
30
24
117
11
110
390
184
4
18
843
8
35
126
19
26
29
61
15
11
449
138
26
22
134
28
23
30
1407
23
12
134
3
4
12
34
510
28
155
1251
138
72
148
313
208
12
50
13
51
1566
907
254
534
19
6
6
513
9
15
19
161
495
19
674
40520
3146
42
5
196
8
17
38
6
169
87
198
8
0
7
4138
39
7
894
72
28
78
14
3
1
30
45
18
38
325
863
567
124
132
13
8
42
10
61
25
122
33
37
53
106
22
108
48
4
520
410
154
83
37
13
19
31
3
30
22
30
90
25
6
813
11
78
21
3
15
144
102
10
65
11
5
55
723
19
189
12
28
20
88
27
9
65
22
97
56
106
17
2
9
72
437
76
20
115
5
43
203
36
17
24
879
69
465
373
97
19
21
6
28
7
11
26
19
6
0
6
812
26
7
16
2
102
190
83
29
2414
296
46
7
50
505
9
135
23
10
2
26
12
590
124
112
58
26
175
16
15
4
424
1032
1066
15
158
87
15
529
4
2
12
24
538
215
140
1
26
5
161
31
183
145
26
28
1
56
36
32
6
642
304
15
56
241
2
241
44
8
43
34
88
12
38
7
24
151
487
120
506
70
177
12
2
11
11
11
21
279
32
39
2702
1
14
153
190
3
5658
47
8
197
9
10
21
38
432
77
44
347
220
18
29
10
780
28
82
154
13
24
4
19
0
8
73
67
105
11
5096
6
2
5
23
307
66
265
49
78
1111
58
13
33
12
12
148
43382
94
94
2
3077
44
31
66
4
46
98
63
16
13
24
15
6097
72
1649
6
24
20
597
171
6
183
82
177
20
89
72
18
3
32
210
82
8
34
14
21
23
35
82
190
127
357
220
28
23
12
223
13
47
30
9
28
108
217
18
19
1269
619
81
65
35
523
21
128
138
478
30
62
150
293
144
33
206
68
162
347
14
385
305
19
302
27
503
8
85
78
7
24
42
84
265
9
41
0
0
19
23
31
50
2
75
16
3
20
135
5432
712
18
5
140
7
37
597
73
13
296
431
41
37
831
21
8090
92
56
49
770
18
44
910
274
80
149
21
92
29
41
24
42
46
363
2
10
29
3
10
85
8
697
40
2
46
66
206
80
139
152
19
300
99
5
1125
944
6
193
30
379
200
133
29
10
1179
5
91
33
33
44
33
74
51
64
163
209
210
132
421
47
104
301
22
3208
0
215
36
57
5
2547
286
212
6
15
200
170
12
221
497
2
111
49
4
4165
20
8657
91
1487
1
19
38
40
472
209
456
14
323
161
432
3
6
9
24
99
30
185
167
133
26
62
11
162
31
510
810
753
76
3
13
59
2
357
2
15142
38
18
71
82
494
12
125
8
44
13
32
208
7
2
605
34
195
35
874
232
14
10
16
52
35
26
41
1924
61
25
5
19
9
76
6297
484
119
17
9
35
27
63
11
12
8
7
4
6
36
52
0
237
13
27
142
7
13
6
76
14
9
85
32
380
2
1254
10
13
81
92
150
1056
12
18
29
99
16
61
12
11
136
29
11
57
1847
285
1579
5
76
32
28
2
85
112
501
537
1
266
471
32
39
27
2960
255
10
72
7
18
17
2
49
21
100
28
30
7
53
2
5
20
79
17
2
4
55
33
64
22
22
2
4
172
13
85
24
26
38
30
29
20
53
13
75
115
224
112
3
5
11
6
142
8
49
52
5
51
18
19
68
349
953
950
71
19
101
21
12
27
63
20
180
12
539
35
0
28
4
1
50
108
70
24
38
22
43
71
48
29
22
62
791
4
2
115
666
33
83
193
75
1
80
6
29
35
10
4
9
20
3
54
294
4
153
3
14
449
71
111
45
26
20
22
47
77
91
74
22
214
165
2
13
167
36
427
0
3
13
17
16
9
37
64
3
98
8
60
214
6
73
22
33
13
32
93
17
320
280
3
315
21
2127
8
9
166
112
111
66
135
5
68
160
9
233
22
46
43
4
55
24
41
43
68
213
181
28
139
3109
24
19
50
1
38
20
1018
26
8
24
6
7
479
46
12
8
47
45
384
4
3
30
86
8087
0
99
81
56
688
15
57
440
115
290
4
48
598
21
65
2583
11
3
505
48
20
21
32
10
55
52
1126
7
1687
2
8
60
550
34
8
10
26
244
1564
99
16
91
52
11
55
55
16
922
10
178
27
87
87
12
18
34
13
45
40
86
49
171
76
21
18
72
60
21
385
134
16
29
508
5
35
196
602
30
89
848
2
892
8
12
127
3041
67
391
28
134
66
167
233
165
20
6
47
12
82
191
10382
118
30
689
5
115
100
112
32
546
15
23
311
21
26
115
81
1551
81
1921
84
2153
123
49
2512
422
1295
159
50
1216
120
47
23
3
24
11
23
13
13
564
461
186
60
105
18
3
98
120
48
77
40
119
7
13
641
133
84
6
60
598
251
338
146
2
63
76
99
14
35
667
8
1
7
1315
20
23
15
80
38
46
14
869
29
56
0
28
3615
173
879
209
18
1773
28
7
9
51
8
16
127
23
59
38
99
14
187
55
17
16
46
202
224
15
16
19
9
270
9
178
22
250
1
12
203
71
12
18
43
6
5406
350
16
43
66
352
192
135
100
9
31
9
17425
44
10
191
7108
139
240
24
31
3
19
107
13
525
14
96
124
590
73
29
15
1120
558
1
25
8
21
289
440
220
82
65
47
16
15
5758
289
4
39
13
25
67
13
36
82
32
117
11
51
8
2
385
4
176
16
65
23
63
99
471
8
13
29
89
203
415
319
5
9
251
4
89
26
24
3
8
16
34
37
1859
3
321
28
45
41
803
9
14
563
12
52
4
157
0
1976
321
76
1358
29
7
277
10
375
69
228
2
23
126
620
8
80
1
8
6
4
20
191
71
31
396
8
16
0
10
32
140
235
1184
44
113
60
81
139
82
64
874
561
37
546
10
270
703
88
38
10
49
21
299
80
882
349
26
17
129
36
139
512
90
151
209
773
33
17
73
37
21
31
15
2
1
235
16
251
51
22
621
107
254
8
10
49
42
257
12
84
10
39
5
71
27
31
21
226
4
66
46
2552
195
34
119
33
28
34
10
16
25
76
1
5
538
791
38
696
9
3
3
115
14
9
40
44
11
222
279
13
134
89
47
21
821
15
16
144
10
33
249
135
2
21
6
518
409
295
22
7
520
8
9
18
126
2
220
3
58
18
661
44
5
44
311
1227
98
44
3
2388
3
110
17
20
619
3
33
5
104
79
2
54
36
13
15
15
9
10
60
132
173
90
17
0
14
10
85
21
68
8
9
17
18
290
135
3
15
121
680
64
71
96
61
95
39
320
235
8
6
224
4
25
330
438
16
5
18
27
11
121
83
19
736
102
6
43
943
19
26
11
37
29
72
5
30
36
78
44
2
10
1033
3
13
2
32
8
46
35
71
15
7
606
5
81
64
15
0
6
90
10
2194
68
15
287
4
235
238
7
17
75
79
115
20
300
136
0
525
16
38
1744
32
525
826
39
47
12
39
396
34
5
79
26
33
21
4
18
80
840
121
40
136
186
753
80
62
12
1138
54
4
370
25
105
11
4
73
16502
27
340
1703
35
36
413
16
543
17
326
52
56
793
48
1132
4
2177
854
270
25
339
1393
403
41
296
13
5
149
7
105
8
168
401
19
1013
17
18
2
85
7
9
60
7
576
57
13
92
93
7
113
3342
114
38
11
17
125
13
360
36
15
751
107
10
7
221
73
135
80
465
739
34
11
12
103
107
30
22
8
52
42
4
3
6
11
98
66
34
47
28
286
29
92
39
13
1163
5
12
6
606
20
293
3
99
275
547
14
25
2
18
731
547
51
432
279
12
16
131
5
152
19
76
109
318
355
14
131
48
78
52
149
6
96
3205
9
40
33
55
5
36
26
21
90
19
95
113
6474
29
161
42
583
5
282
297
516
50
25
33
38
222
33
16
4
83
223
201
112
148
186
30
7
45
51
20
30
6
9
1014
36
33
2
277
24
8
62
174
296
1677
40
213
1
163
34
14
13
13
157
11
171
128
3494
18
19
119
84
90
6
2547
58
24
16
68
17
16
84
18
321
14
10
2725
77
78
236
455
140
16
60
17
17721
513
51
10
16
125
50
571
13
51
32
11
10
69
473
23
45
36
91
18
26
13
75
6
231
7
20
278
14
203
4
923
581
487
37
18
6
11
101
697
4
113
2
29
61
35
146
42
18
29
60
62
82
52
125
1
14
20
92
18
8
28
23
33
343
345
146
19
71
18
83
9
1
6
19
9
4
8
73
53
16
12
9
790
24
51
100
87
3
53
55
90
192
24
695
171
76
975
159
471
1062
62
638
1
35
34
152
3
57
22
321
1123
46
40
40
26
296
46
6
11
58
22
1053
45
603
74
23
7
21
26
6
132
891
1288
10
130
16
496
8
47
177
77
32
5
5
13
45
9
1716
182
229
135
24
94
70
75
8
11
8
131
19
559
16
9
64
122
224
16
69
305
33
165
79
3
537
57
201
234
13
13
1184
518
1
25
68
17
370
19
210
36
311
33
301
279
125
818
78
35
54
324
1
14
264
49
45
4
21
33
50
13
99
85
188
223
69
3384
21
16
7
78
185
39
4
6261
6
66
17
39
317
34
28
384
30
5
65
28
395
202
35
75
476
1272
548
295
199
24
80
82
48
1704
14
405
137
35
67
23
841
14
71
8
62
858
39
20
2
5
2193
0
90
22
9
51
182
7
66
407
302
49
655
71
23
7
54
42
444
11
14
50
519
90
460
28
78
9
160
43
873
11
10
1332
600
163
78
16
5
10
63
4
57
58
5
29
50
6
2
9
34
27
169
37
241
74
6577
22
114
449
42
138
157
6
18
35
522
6
25
10
16
49
12
238
5
596
7
266
744
27
16
19
26
14
54
14
13
23
89
25
152
621
28
9
117
37
1
12
43
17
32
110
18
2663
9
68
291
6
12
8
2
96
9
87
6
72
78
9
767
8
4
14
24
38
60
30
9
22
1507
33
9
23
17
14
16
13
25
786
35
1679
138
102
1476
1012
1
35
24
118
10
16
6
188
554
31
1604
339
126
12
23
17
18
13
8
5
1213
89
91
1819
4
154
21
213
204
13
614
12
33
5
1178
1
27
13
18
153
24
59
23
13
1713
11
35
3
250
31
18
67
24
70
454
159
36
924
299
36
107
30
20
32
954
125
523
120
22
11
120
40
7
25
6
10
116
65
63
46
28
1504
116
75
421
1484
32
7
39
17
13
1
4
25
37
68
35
130
5
6
1183
15
180
7
74
895
38
23
14
213
38
132
47
23
20
221
488
1001
125
9
48
49
30
30
21
161
134
168
748
10
104
34
6
137
26
53
1465
10
246
783
202
141
19
61
23
21
3
5
10
4
2
57
1159
8
35
3411
19
20
652
172
40
32
58
263
9
552
5
27
10
26
17
3
7
981
123
39
77
4
3
1973
11
8070
20
41
16
13
57
33
29
64
6
15
66
1291
1
3
900
10
6
3223
47
784
4
587
28
45
29
14
6
4
75
46
20
9
49
115
10
1403
4098
21
258
39
5
186
118
15
6
7
10
5
59
407
294
33
3
18
79
5
101
796
163
65
5765
8
87
2247
16
1862
42
66
69
5104
8
2
217
23
230
265
35
32
29
6405
98
94
565
1557
14
111
417
79
114
34
1534
91
23
537
2
45
18
77
19
70
68
141
25
1041
11
65
20
10
37
2
336
5
50
9
24
159
12
19
3
19
374
554
215
64
10
900
114
600
30
1435
236
9
365
8
22
16
51
4
33
200
2526
64
133
26
39
409
5
112
79
1565
215
83
22
40
49
14
66
5
8
177
37
28
27
2
9614
146
85
195
278
54
38
92
390
28
53
3
43
6
21
50
27
130
53
13
10
2384
1024
59
60
313
17
28
22
1408
