3275
738
2823
1369
1559
1443
1693
6390
751
1923
549
1834
3118
3862
572
1120
3922
1898
563
558
2670
5589
2454
962
798
913
1487
2766
675
2428
3756
1631
1687
5053
1618
911
3804
3766
2480
1000
949
766
1695
1037
5701
4543
719
992
2944
3110
1183
7302
755
2358
867
2280
10821
1643
1601
605
701
5118
998
4128
1091
1449
1470
803
2434
1570
661
3352
1493
3871
1251
2962
1372
795
2802
2429
1944
658
9315
1376
3555
1806
2159
1274
4194
1872
1290
2026
1329
1048
1425
838
551
5017
1646
1428
2867
2577
11959
1186
1341
1404
9763
999
1741
6412
578
911
2321
4040
2717
357
1801
3597
1013
1402
907
685
1252
1878
945
933
679
999
4264
1521
6323
531
1149
4093
1086
1467
3256
796
3200
2056
1190
1006
740
3710
3051
643
5013
1633
4073
8343
2249
2165
1393
1205
1155
3769
908
1141
1404
3369
662
2352
2272
969
3073
4235
3297
2403
3137
1704
1458
1817
1675
2276
634
22608
2260
1104
1529
2724
1613
6307
1720
1835
1765
1569
1272
1237
1004
1563
2034
2168
1020
953
8133
1336
2182
4345
1466
3789
973
1723
927
1204
880
3900
1093
2062
1798
1913
3031
3853
1795
1505
9651
546
4338
1118
1647
3809
1517
1134
12037
3223
2014
7681
7111
511
1711
768
1179
2014
2085
1107
4741
1841
2248
391
1042
1073
645
508
5619
1033
1224
1158
1360
2986
1460
862
13743
1019
4370
1154
762
1640
4386
6417
1741
881
2364
3839
3416
693
1023
1402
2949
898
2615
588
1024
1399
2223
7120
2431
1900
1333
525
978
1411
1143
1506
2203
665
1817
384
5472
568
1362
1850
2134
927
1325
1111
858
1227
1224
6180
888
937
3472
4075
2244
1468
1323
3022
3719
1752
3390
6983
795
2059
4750
887
1111
2331
592
3454
1476
1742
607
5181
2332
1394
2763
2480
1255
7483
4831
1019
661
642
1200
2345
2813
1579
832
6636
1960
1207
2392
2551
963
1788
594
1612
2267
734
487
2337
3570
1447
5441
1125
4542
730
2233
837
990
1998
846
1323
7896
1114
2677
1588
1462
1905
1067
3130
726
1712
3637
497
2344
1470
1346
1259
3828
6377
3847
2161
3209
1642
2882
1416
816
1525
6034
1304
3489
852
1049
1404
2808
1439
2766
1223
4652
1178
1161
1923
1006
317
822
1273
815
3402
1647
700
1150
2682
1878
2795
4395
2767
2284
1666
2360
2786
3955
993
4641
785
3217
631
2402
2135
1002
622
1112
1275
550
1479
1904
5248
1603
2443
2255
2260
5322
988
553
687
1660
1283
1299
1763
2096
4465
1148
1945
2286
7646
1013
1999
5560
1273
7490
1257
3563
567
1706
2341
1817
9337
2313
2552
1727
1410
2475
4850
2049
3155
1066
2837
2150
1121
803
1379
2932
1893
954
1634
983
509
954
1757
30735
2247
745
3175
2501
2450
3639
782
7195
2633
1236
945
7294
1605
2125
985
1238
2541
925
2686
776
1516
1657
2564
2708
1416
1368
3493
2391
2123
611
574
1856
9461
1193
3278
1368
924
1740
3113
2581
2389
1094
2270
1421
1114
1169
3206
2343
3693
5681
5392
5294
1620
750
2614
803
1051
3337
753
2812
811
2602
1730
4493
2169
1828
723
2515
12415
1381
4660
1839
862
2799
1258
1528
1408
527
2709
618
1524
3169
1139
2059
1601
4176
2564
1083
783
6891
7724
4133
6318
1251
2473
2224
1711
1682
1512
4421
5961
3046
815
888
1523
1373
3614
2883
2939
612
1219
2214
1380
1068
755
503
1301
3147
3636
848
1355
2202
986
779
3510
1802
681
3014
1822
492
1970
3847
1411
9467
4728
7324
578
1090
14622
739
1084
4363
1033
2509
902
760
1395
895
1362
1242
1698
858
784
3267
4973
2064
2650
812
1629
1684
1424
1287
1022
1010
1125
2553
855
6044
1663
733
25100
3201
6096
8291
3390
741
609
1261
4507
1035
2406
2533
1472
2126
885
10588
9324
1531
2682
1949
1553
1026
1103
10972
4039
1352
1743
587
1091
1428
961
1599
1842
1286
957
1170
10973
2828
1172
475
1179
1119
2386
1099
6132
6242
676
1470
770
1073
4710
2756
7906
2389
1229
2251
2152
1147
1530
2036
1669
8943
998
1897
1301
1367
2821
1326
1656
1491
3337
1776
1582
1096
2000
978
1506
1726
1393
1518
1091
2264
1173
1110
3859
1643
3737
1952
2579
3654
1820
816
1908
4958
1057
3345
2291
2101
2986
686
3531
1807
705
1285
1970
4610
5812
1377
1180
4908
1718
1420
1271
1899
1833
2552
1912
2350
1370
1250
1091
1217
8263
1169
1024
2122
4131
2307
5560
1571
7148
835
1007
742
635
7202
1596
870
849
1020
1197
653
5892
677
999
10264
1715
3616
2350
13312
3599
1408
5389
732
797
5050
971
592
2018
2194
5551
800
3123
8416
1170
3781
11556
2755
1419
1760
1166
541
7144
3078
2353
5720
5324
1402
869
1572
716
2298
4447
1466
892
1009
608
1545
1488
1243
1908
2712
4470
1644
648
6495
5478
1867
6025
2778
2169
1578
3961
696
1409
561
571
1331
3064
554
1748
2264
1025
4255
3895
2339
1397
1209
1236
1561
1831
3308
1391
1583
5674
1510
3772
5248
1242
697
712
4776
4906
2528
2954
1276
1354
1330
886
1274
660
1808
1826
979
1092
861
4391
4982
1422
2284
1211
4143
1683
762
2080
926
1833
771
10643
1858
1829
2749
3212
2984
695
972
1331
4529
993
2934
1680
16487
1648
1033
1059
2583
1635
1420
1527
2028
2537
1662
1560
551
1012
3370
1304
1003
1285
8689
2329
474
715
1911
2909
1115
1290
5964
1286
1051
4091
719
1980
2527
3735
3863
977
5249
7051
1929
2607
1986
965
1330
25958
1038
575
3918
1260
1677
2825
3872
1578
783
531
1312
2123
3241
10268
2030
535
11653
1179
1066
2598
1140
615
1395
842
993
1684
784
754
1962
1302
1167
552
517
819
724
1378
879
2429
1039
1116
2686
2145
3172
1438
3418
3719
1924
2354
876
1426
832
3436
10951
453
1762
1101
891
4559
767
1179
3700
1371
1831
1574
4575
805
2316
509
893
4761
1811
2898
1838
838
2583
4494
744
1322
1617
2307
1204
1812
3281
8856
2618
1575
10044
1725
2670
3923
1740
1184
731
1040
1528
2760
949
1485
2084
2230
1404
625
1921
1705
1502
1081
2171
524
6271
1017
2102
2524
2284
1753
716
1796
1255
1272
1248
3909
5168
2541
5486
1304
12378
1868
755
4181
2346
1503
2086
8431
430
710
740
1794
8060
625
1204
1520
1330
733
1154
681
2770
719
5710
1400
491
640
864
2394
1135
3071
2887
563
2093
2395
747
837
1113
2938
1572
1264
1175
1675
4509
1017
1822
2417
1807
574
4133
3716
1904
1867
2928
465
2677
902
1899
1198
784
969
2968
3439
718
753
761
1474
3842
2465
6549
5553
4092
4586
1157
1728
1070
2037
1954
1739
701
673
15328
833
373
895
1636
1692
1237
1528
1039
3105
4693
2069
475
1382
1298
1160
6890
1383
622
1613
1327
1175
1174
1682
3531
4271
933
1480
5860
1962
2624
1637
3134
3053
3456
3655
827
834
894
1625
844
1516
1176
2887
613
857
1496
542
3675
4012
1049
2178
4813
767
1226
590
1128
1065
556
849
1626
2534
3564
1844
2377
3500
3280
1776
3047
7979
2849
1280
2924
2050
2002
3869
781
1759
1534
2695
972
619
2514
1013
1154
3841
14707
819
856
1170
1817
2428
1199
951
1491
1779
727
1172
2266
880
2147
973
559
2572
8374
9099
2013
1577
3297
1699
5880
1984
782
841
1159
1794
933
659
916
1715
2519
589
3025
3389
4038
1672
2508
3403
1300
1732
764
5830
3917
2650
1386
774
588
2427
3869
1699
3281
2451
2180
1929
1040
8388
1800
650
3813
740
1112
1182
2837
2926
3558
2335
4286
3812
1481
1343
569
1018
5431
3228
1739
936
2043
2025
816
7711
1791
1343
1957
1913
1208
1982
706
1693
1457
601
3959
849
13973
686
4418
1141
494
1219
3017
1484
1227
2894
691
963
2249
6532
3537
3198
3299
648
8480
5509
958
1287
1905
1267
1205
3009
1150
943
2222
1146
1041
2000
3588
4439
2081
1492
918
976
910
1859
1313
1262
2305
1071
973
3557
8734
1930
2142
1505
16160
1609
13442
1951
778
636
1417
3812
1041
3271
548
2178
1013
2214
1194
533
2186
6061
3472
3272
1279
12810
2460
1012
628
3009
3196
4751
2324
1719
5575
389
2744
1745
4483
524
2577
5228
1825
17197
1007
783
1493
775
1444
1445
2478
1855
1254
4355
1248
806
1240
1208
1921
3289
3282
1367
4082
36482
3058
7429
1110
631
2087
3309
2301
8557
768
1506
1610
1192
901
424
2090
869
964
2396
3881
1356
946
623
2076
1223
1653
1108
2998
876
1051
1397
692
1718
3745
1850
1291
1368
846
3692
3163
697
3721
1086
10466
2858
4654
2296
2311
1507
6565
4530
10903
344
1324
1812
748
596
3181
2339
1154
1230
450
3533
1067
2551
3151
1779
3778
411
2978
1577
2505
8922
2408
4544
7507
838
2924
3211
988
1058
6501
3173
4011
7105
2560
636
4659
3161
1499
652
871
1451
1471
1080
805
2546
802
987
1028
753
1695
25691
9749
1784
2745
1222
1565
1209
10785
1455
2081
584
1945
3049
3162
1528
1235
1130
925
2211
2254
1100
1302
2228
991
1467
1133
761
762
1995
2566
1367
798
8100
1678
3476
638
1187
2650
1692
1486
1260
2276
1947
2743
1061
1949
2136
45729
1738
2106
2761
1950
851
938
7377
4395
2362
1372
830
11234
1405
964
1559
1877
1480
1946
592
2352
2293
1682
5831
743
3295
1392
13147
3745
2261
2051
2046
1745
1685
964
1783
3863
1598
3230
629
546
3640
2181
483
4000
2186
2738
885
1199
4217
742
6311
14549
1771
5535
1662
1701
1887
3633
752
2402
3977
780
1791
1712
1289
2014
1961
1898
1786
1308
1917
2365
652
8389
2675
4538
784
10263
3287
3245
891
4437
580
3910
1750
6390
2029
2173
1058
1596
1449
7274
7743
1318
1107
1648
1115
1379
1498
1546
921
903
1307
2080
1566
4175
1821
2016
3251
1772
3703
1590
1614
1794
573
2335
4339
2116
3503
622
8123
1524
4014
2807
727
1165
3017
4484
3889
2692
1901
7164
555
2514
461
1040
3610
804
1111
5515
1078
4954
1404
836
800
2286
1089
7372
2231
456
2250
3356
5376
1773
2026
2746
966
769
957
1295
2558
5823
2105
4377
6979
3318
1345
4419
668
7197
1782
1225
3736
1740
1867
624
3611
3179
3768
779
1672
2451
1073
2880
1441
1411
937
6912
465
3089
1628
6329
802
892
2749
1509
3245
2244
620
1958
727
1174
3507
1205
525
5283
655
9922
1730
297
546
3690
786
831
1169
2609
505
2209
1208
997
1117
5027
1262
1670
1169
1761
979
2343
3381
789
2477
1433
4811
1915
1790
639
1167
2262
1194
1578
1171
1253
831
1386
2568
3298
644
1351
6308
1298
1340
1069
1057
1699
12573
5893
2258
1447
4408
1089
5629
875
1172
913
3595
926
2664
750
1459
5420
2269
2662
742
2234
1270
3095
1121
819
2570
11548
2913
624
1193
1433
2109
1301
1874
1286
3043
2708
827
923
4344
2049
2060
3277
3501
8737
3144
6805
899
8677
749
3187
4907
1065
1454
840
1015
1613
3125
783
2245
3403
2897
4148
1447
2021
3198
1300
1466
1332
3299
698
1704
853
2124
2078
3333
1980
1187
2841
1103
1523
3079
1114
785
1566
1433
1938
1035
4147
1599
2570
1370
504
1645
2233
819
657
1503
1005
1230
869
2938
1454
1646
930
732
1657
750
4714
1637
1322
694
1421
15460
849
4823
2429
1094
987
1656
2407
1319
3532
1215
5321
549
1043
1780
3006
984
1542
947
2452
1281
2103
2434
5018
24453
3175
2079
1326
1654
482
739
3023
1865
2593
12024
1945
4503
705
2024
1470
6055
3327
4827
1349
2682
2786
652
1043
1066
471
3549
6788
2922
2944
3597
1516
4610
2458
1971
716
3210
2021
8833
199
341
480
2552
608
222
791
617
1404
888
1036
547
563
339
873
511
1863
2847
469
336
590
802
2780
386
311
432
519
1422
634
587
4028
583
624
207
364
811
1567
710
3443
1190
3419
198
649
1008
2549
157
795
503
2638
396
618
350
336
731
720
715
8719
1147
677
407
724
523
901
1713
2321
1458
289
273
488
2248
417
910
1776
1638
290
881
1896
190
353
279
334
3734
869
1108
559
3251
902
1063
599
530
452
227
2655
2290
351
616
370
404
492
738
592
478
1150
610
1279
5057
381
397
1266
423
924
1943
466
1902
618
1916
244
297
2580
356
494
3985
464
1266
345
224
530
803
1409
1593
841
320
384
334
675
1166
256
223
305
755
889
288
683
477
4464
347
345
868
320
1234
948
324
403
1215
337
180
256
531
4165
1463
344
350
728
2947
378
312
7632
627
427
724
742
1218
817
236
651
613
537
1502
196
617
1238
946
1646
615
318
200
1927
2491
320
762
271
651
502
436
3285
861
205
316
866
2367
1136
249
398
393
830
830
1335
220
371
621
5294
383
772
211
1278
407
1144
509
442
662
14048
7312
367
1449
1541
1007
608
2009
1673
261
1876
2382
1105
835
430
1193
209
260
3392
848
256
185
538
3464
900
427
666
615
243
429
806
1338
2314
2046
265
500
571
4303
475
801
3675
641
1433
1011
655
244
1078
952
404
229
386
828
244
752
2285
877
202
500
538
1218
898
4643
4052
960
1392
6438
507
555
293
1332
578
1825
184
278
246
3630
516
480
495
425
654
746
334
229
847
519
584
552
820
1671
335
1364
270
1644
4149
552
317
273
771
2088
406
1740
1040
8318
239
357
399
428
513
4858
381
227
2778
3706
407
1259
800
304
585
441
484
375
270
884
364
677
845
807
1423
1226
1021
311
294
1065
243
1036
2394
1570
222
264
517
3575
642
548
706
240
729
670
438
342
4724
1086
607
685
2834
747
3676
416
3307
523
603
935
561
4906
1883
492
525
811
590
423
1020
909
655
760
237
1549
1182
25626
513
1707
1543
780
218
271
2925
7386
9634
1037
2874
929
1931
1328
270
623
3456
541
1463
916
400
298
323
937
536
506
1945
415
2626
386
565
1913
464
3944
681
670
1154
8616
663
640
1246
1490
1549
2465
722
327
2993
299
5451
2386
1265
3809
3721
610
1472
2562
690
649
308
575
1749
1869
1069
572
147
331
353
1311
359
526
609
1705
2437
7446
1397
993
269
15555
2165
260
198
531
224
14398
3374
3454
550
370
5723
765
404
2343
233
196
3143
1000
206
2444
916
435
545
349
602
1147
520
590
255
251
636
399
587
385
495
530
935
1698
211
171
657
2380
1418
394
192
3831
445
479
139
539
377
412
1548
1027
291
916
453
296
828
786
577
680
2235
986
270
514
217
484
607
363
640
1237
243
675
1110
327
348
368
287
293
299
3765
316
322
587
1568
479
1136
967
1045
505
527
140
1540
720
972
989
323
617
615
9647
224
345
804
197
253
354
722
1125
906
401
1704
824
1323
283
1342
1533
1468
489
197
471
1371
362
833
702
1773
360
409
296
1627
1244
1267
443
765
452
360
4822
448
201
1650
220
663
857
16532
613
532
8630
1853
516
460
1102
526
1094
797
1696
446
692
439
1050
223
2126
1255
616
441
1434
1626
1536
354
274
1873
290
288
468
570
3155
424
1464
311
155
5688
189
1207
1367
234
5736
404
807
339
946
1699
3254
377
1333
206
436
363
794
517
607
1066
185
1804
2882
564
467
1044
2014
1447
1899
526
742
980
184
1334
3833
1127
1047
520
2474
3945
4102
767
1698
504
232
2010
396
762
700
573
268
649
405
687
1085
548
604
1055
1105
2012
494
539
1560
976
667
2739
3359
736
823
348
274
868
858
962
513
478
338
272
170
226
2891
1489
1140
352
4457
2797
658
717
3649
617
412
263
1847
613
2492
444
617
2366
235
682
408
436
548
365
225
302
1437
618
485
1980
1100
592
791
2553
217
634
353
1617
328
1149
8092
1872
783
1086
480
787
1634
8921
611
922
4479
267
744
763
141
353
347
315
1583
502
332
471
602
844
404
2022
423
2725
1635
1308
157
1704
640
483
1057
788
325
1016
3032
623
811
427
650
1829
776
1490
523
914
814
299
611
180
296
688
1513
446
687
409
337
1153
3619
1113
194
298
4056
1084
981
502
489
156
5752
410
351
522
470
2768
391
396
4893
1547
425
9714
547
336
1931
954
1768
310
518
219
3453
1898
425
323
447
11759
3743
487
521
926
928
3602
1084
724
1245
553
302
294
505
12641
171
706
234
480
3440
1316
826
2174
4594
3753
297
616
337
540
4079
482
260
258
205
7808
2322
2120
816
1221
2520
603
935
435
3834
686
493
268
309
299
1536
1922
422
303
659
515
862
288
233
249
2785
20592
432
178
534
734
490
435
1659
402
706
281
218
360
2063
510
548
369
1161
639
312
579
1454
634
1081
357
523
676
869
1123
356
288
1871
801
376
450
693
528
3777
660
1517
271
855
640
899
753
1316
786
324
663
458
506
248
2346
323
5892
1228
1816
5219
5288
426
577
773
953
1985
285
526
666
267
212
159
14777
1126
373
598
688
257
646
1713
706
755
6408
1269
495
431
717
932
1682
554
386
209
1075
215
511
987
929
376
790
3938
4153
3463
435
1349
276
2764
590
1065
129
1778
541
359
262
203
2559
1050
402
601
3056
707
551
350
2072
683
6209
1436
4128
1730
247
1530
654
872
445
3001
1108
678
789
211
2868
454
439
383
415
856
687
881
721
430
292
1670
667
584
511
632
2107
1970
1498
1131
695
491
2351
6042
2827
284
445
265
2044
1997
534
3311
426
563
627
342
360
479
4659
267
275
1302
1793
206
492
279
299
551
989
419
561
1060
1317
407
1356
341
20196
511
826
802
517
311
1810
5752
602
545
431
741
401
1320
329
420
1775
512
584
1561
634
4517
462
1820
226
513
842
439
560
2369
417
252
2205
639
234
1192
1383
2323
691
348
799
1862
261
506
1127
6099
370
245
658
6273
1822
480
1117
544
2291
1848
547
247
823
431
1430
559
488
1526
511
609
1221
450
2155
200
264
2066
3532
213
419
1365
595
188
1716
473
579
331
509
1262
840
989
347
1907
328
187
861
2359
2408
1235
2183
233
266
619
607
313
667
1139
137
356
2563
3003
405
1009
26844
940
138
858
1118
14549
260
628
1071
1271
535
776
307
650
679
399
266
400
3659
446
1180
472
525
3591
12343
254
563
855
1764
329
404
329
727
400
2344
494
1745
734
644
1010
1272
2171
161
1716
258
494
398
2739
348
769
279
969
382
1057
599
884
571
316
3272
295
253
1194
3055
1116
458
1050
1778
928
1275
795
3336
436
2045
810
710
1180
1164
2167
351
592
543
1481
605
487
866
1035
688
319
3769
280
718
545
544
2370
564
1165
1541
560
2581
875
1463
237
375
729
669
710
1595
289
1304
562
1001
163
1904
536
722
560
469
224
828
414
390
522
782
776
2297
590
2968
773
1822
294
594
500
12151
2489
265
637
669
488
1775
597
352
412
353
242
847
564
1711
825
540
250
847
1056
939
450
1498
408
708
1552
1980
3686
938
493
1052
379
2144
581
1244
122
513
665
232
1167
484
252
1500
738
1037
661
2373
170
875
640
1032
782
163
345
269
535
771
225
1672
529
974
688
597
8873
341
758
1456
842
974
1905
766
1554
269
2584
784
1362
1536
506
193
19103
384
346
241
1413
1226
1899
882
430
2002
2331
4909
279
469
1065
4016
756
580
1054
2765
455
192
340
303
1532
547
1114
438
608
716
1171
905
449
520
266
975
269
667
1273
10167
777
764
948
379
965
281
1052
929
398
911
939
1306
368
1078
927
301
1991
474
329
832
363
178
883
1164
311
1364
4600
633
5229
162
271
415
1834
1048
1911
1041
514
7209
763
1021
5628
1307
223
248
2646
3987
1006
262
231
600
4749
188
552
677
753
488
646
742
474
333
577
320
574
443
267
1491
1507
856
1016
1823
1244
1277
163
745
466
2330
1426
656
435
573
6691
368
1636
862
258
258
7538
570
233
2681
12704
2902
259
980
337
758
343
1891
720
3190
730
1982
4638
802
4916
737
516
384
556
841
1127
6619
873
2827
1793
900
311
737
526
3035
818
362
332
749
1646
658
285
16341
252
860
676
814
1031
726
419
3328
1718
1341
1159
341
428
543
421
668
239
4298
792
3495
116
392
371
458
1197
2432
4784
1163
1478
875
271
1886
484
1661
3155
635
318
342
454
864
833
1126
821
450
254
391
596
234
673
1007
508
1200
1118
278
596
810
985
272
831
4737
605
256
182
318
9165
644
3755
720
826
476
2309
382
390
139
446
3071
754
1427
535
530
296
237
732
636
3095
970
229
458
5962
2723
368
931
977
2498
1897
906
204
315
910
1572
325
319
770
661
281
2726
384
385
1415
1904
641
341
3678
555
482
620
1351
453
303
315
444
2704
243
1463
2759
396
883
3457
843
310
451
1296
361
3687
820
1864
410
273
658
295
239
307
510
406
158
1836
647
144
1795
2179
1787
3568
1231
1817
869
2350
575
287
854
517
2437
538
8009
828
1217
768
455
265
1859
514
833
1335
604
7474
2974
494
1146
547
445
582
650
1509
3325
551
948
1385
432
632
419
464
2121
445
1256
637
376
1970
841
465
2538
269
416
1697
259
2771
994
1147
1691
1109
299
777
687
1678
350
2801
351
646
878
330
1152
372
1553
543
1078
1315
683
2708
747
652
821
649
673
2437
670
9553
1152
495
221
308
351
569
2491
783
992
505
16250
343
289
1354
563
1401
743
413
595
1426
4673
598
1109
729
1456
899
608
274
379
479
1024
3251
497
3707
1119
581
5680
989
481
662
602
2163
2140
361
416
441
263
1111
1080
1244
583
836
192
184
1511
5022
311
246
1171
531
290
3879
3472
712
321
310
600
1357
230
649
405
543
388
698
1961
526
377
305
1067
285
595
396
1206
936
634
1076
2841
7866
760
397
400
377
2284
2999
2399
1826
852
1657
875
330
652
777
863
326
164
478
888
1234
1826
660
382
334
2543
1207
19513
240
3847
683
817
9439
220
1546
343
723
411
423
655
1426
525
502
513
276
1850
750
473
157
476
877
2431
388
2312
263
215
308
888
1001
343
8629
419
1716
1459
3280
3390
573
817
528
276
257
380
2350
220
4214
958
1189
529
1264
133
1480
1910
1000
283
490
351
285
2230
424
305
4344
1212
620
863
304
4331
345
406
383
473
616
563
1329
472
685
690
1692
301
782
120
494
403
1736
497
1621
519
336
248
210
428
569
312
220
1545
133
2760
111
370
316
754
86
73
119
1325
1325
1271
218
685
116
98
98
93
570
99
1629
151
324
519
349
674
198
176
164
365
219
134
107
256
200
184
420
125
761
185
15487
170
2704
652
232
625
267
306
343
144
1011
102
201
192
108
113
4285
840
2278
295
270
2601
266
304
122
184
184
1504
987
53
27602
129
149
108
1409
149
231
619
97
1251
461
228
254
337
135
163
502
89
2376
76
125
456
271
424
186
475
520
268
730
190
9033
84
88
278
335
229
259
148
541
1462
2563
1400
440
177
69
111
353
210
69
97
99
424
1111
156
153
274
207
101
172
184
217
1656
209
129
324
963
122
144
122
253
79
237
207
268
159
329
111
228
94
247
158
363
92
142
920
121
221
260
158
3377
813
415
367
209
1903
2857
184
21850
98
1263
328
964
249
221
154
72
75
278
590
299
240
126
601
240
132
1221
92
602
725
432
167
720
1101
448
635
120
275
437
382
169
523
380
137
1332
117
257
184
112
1005
160
278
374
493
555
480
143
146
80
2826
178
204
735
772
3027
119
318
703
204
206
125
1813
361
850
167
1345
2379
658
134
103
300
307
233
126
161
165
492
899
199
1294
365
432
120
251
1165
176
136
163
2384
465
1536
321
424
672
1505
263
964
205
537
919
261
421
268
169
317
194
756
102
985
237
72
353
91
1762
202
168
145
473
420
1065
439
322
292
601
843
133
32
915
1044
2959
968
271
236
119
222
85
486
285
402
160
408
43
1068
1122
386
278
1074
1155
1508
130
166
1014
194
208
244
188
158
384
145
288
472
1243
134
273
170
320
215
157
100
488
210
311
67
112
1015
63
433
260
777
62
181
86
395
790
277
158
309
490
710
456
433
129
128
1092
268
133
653
541
342
597
805
146
199
73
273
7337
97
258
313
283
331
265
673
131
199
1095
2649
122
197
57
134
619
159
581
219
548
1606
834
895
390
200
340
651
1040
376
340
233
275
372
398
520
686
230
131
1244
5490
695
153
361
269
183
672
653
377
90
1062
146
121
190
64
168
331
375
220
76
112
237
116
946
825
102
118
4349
10945
190
539
345
1774
325
3054
324
441
241
92
81
78
224
1890
118
124
147
237
230
519
285
246
851
262
210
191
1311
266
128
397
656
110
111
195
4045
268
176
291
138
77
259
77
155
286
120
12382
467
136
94
259
91
314
111
122
242
532
337
325
290
244
163
294
662
121
151
94
461
104
195
80
92
244
1223
1401
1315
507
104
175
105
159
496
455
4509
652
368
196
626
399
289
129
182
1848
438
62
96
334
1737
336
3117
1067
297
195
276
183
217
349
205
308
418
288
775
214
480
315
131
203
112
167
203
602
158
546
180
955
1334
605
106
292
255
458
221
390
112
309
675
227
547
659
766
660
79
130
74
427
123
120
394
366
59
107
147
173
491
195
1967
105
328
1017
2290
104
186
1358
337
709
198
113
498
191
258
685
137
1550
142
295
284
520
336
1983
95
1042
240
1410
241
1264
2290
129
277
518
90
452
170
86
373
1232
212
257
292
358
85
481
261
171
222
324
143
8933
588
264
233
179
286
659
178
94
74
96
309
339
170
886
91
432
1024
72
948
575
441
348
74
1238
224
2669
265
334
1011
517
223
274
173
794
85
1474
330
311
217
540
257
454
447
336
128
403
150
522
707
726
1378
3604
92
160
37
106
155
1336
1643
436
230
2249
380
161
390
834
273
402
377
115
154
180
1890
271
467
135
363
322
159
590
112
94
90
628
1194
1489
1094
104
295
450
2993
2470
303
151
121
113
263
251
850
196
4160
242
571
173
4857
157
433
154
111
241
406
88
112
179
132
1383
117
1941
145
2276
194
311
112
523
204
1692
272
349
205
2319
500
81
389
977
1528
122
119
121
910
597
51
84
778
1578
370
98
221
108
326
471
228
2143
118
2071
509
440
116
844
1311
115
500
1201
1673
362
626
100
500
286
293
606
229
756
1361
639
192
128
1939
328
1606
197
426
306
250
123
429
186
696
325
14997
63
241
442
196
87
326
153
120
132
5370
401
1162
145
117
67
237
95
250
149
206
464
1500
2183
191
291
566
1785
141
235
2132
762
343
197
434
803
332
68
65
3419
190
106
279
62
366
140
523
3416
107
192
2045
302
590
196
155
232
128
276
147
1988
116
155
235
411
148
143
815
1237
143
148
831
371
309
147
330
210
1037
487
135
372
555
305
42
298
146
102
1561
411
541
178
100
598
1568
138
625
318
417
1301
1656
271
93
1092
100
316
126
135
139
126
1348
466
285
6640
385
91
189
227
91
446
250
4771
567
56
2128
980
464
313
1206
99
255
762
1169
940
361
427
241
92
377
201
95
263
158
158
1246
6973
169
288
301
546
225
1235
330
148
2277
1293
85
84
885
2348
464
99
283
137
1805
597
222
385
524
302
134
198
92
377
1584
237
82
108
224
533
167
109
378
154
76
247
300
72
90
1338
208
547
126
631
253
8821
69
5185
173
404
161
286
320
150
299
163
973
222
101
1512
4380
416
94
479
171
6569
340
698
948
269
308
102
153
265
579
137
98
812
131
762
832
146
464
249
600
254
143
165
922
85
110
3121
122
648
720
378
195
567
1494
266
158
112
124
233
315
131
64
55
96
618
549
81
128
187
139
245
773
1147
152
100
78
102
534
450
252
116
705
1352
291
198
171
543
479
144
1071
2187
4319
191
257
173
129
107
241
375
100
154
291
590
219
236
127
1163
516
214
88
5571
181
319
91
860
105
311
169
476
109
47
640
2765
130
4291
153
119
138
268
333
76
433
1489
98
611
72
207
268
216
78
783
420
229
47
129
281
300
2369
693
147
118
143
1973
310
61
438
583
231
142
335
3276
502
186
95
69
238
328
91
1273
1144
697
536
3956
262
131
72
563
224
149
229
569
108
1451
283
132
3689
2130
178
872
854
124
108
302
151
245
73
257
74
1776
5721
135
553
85
302
248
2303
246
121
109
117
91
253
201
1366
2897
151
218
1011
106
245
336
53
153
272
180
129
2270
131
779
121
757
213
193
372
967
106
147
1604
499
456
89
264
4411
317
1547
362
241
1094
116
992
163
392
933
171
101
466
206
97
84
439
219
83
278
134
398
303
202
90
118
139
433
97
128
73
272
320
203
215
513
394
364
603
414
777
661
262
294
966
143
168
1445
101
192
97
82
304
146
706
1415
227
236
217
102
243
382
204
3978
247
92
220
72
170
1583
108
99
268
828
166
114
88
640
316
10493
9475
249
149
203
273
5001
251
114
96
183
1812
1706
398
167
189
232
105
59
1416
361
495
97
179
2257
139
274
306
274
475
1373
80
139
475
559
87
3813
153
154
95
102
143
136
5170
339
359
118
313
259
138
47
145
94
519
377
413
160
119
1506
390
561
368
188
627
1812
1018
194
197
443
96
282
486
434
1162
253
301
237
200
94
68
120
903
959
295
123
209
188
275
461
81
257
62
503
319
277
67
1595
193
182
390
757
508
128
136
116
285
361
252
272
284
1458
176
144
176
545
449
1799
264
387
264
299
204
169
97
401
1393
163
214
937
4267
557
144
111
129
332
79
178
1733
152
1959
466
233
243
606
222
168
143
459
387
122
233
186
143
109
57
125
443
171
256
399
294
173
228
210
4224
151
1736
333
309
235
117
912
97
108
258
233
262
595
92
480
260
151
1647
313
429
146
256
428
150
438
501
274
168
563
304
1630
202
536
118
3399
206
342
182
85
210
1331
309
259
856
387
119
388
769
2314
151
629
93
889
724
186
139
160
216
227
143
241
257
124
121
160
79
382
485
266
110
738
1222
3100
75
318
115
623
405
320
550
123
1601
56
589
189
164
105
157
71
313
68
430
186
3525
553
1985
117
92
1641
610
708
414
590
662
415
117
336
343
1140
144
612
131
183
130
3558
1419
365
176
79
297
410
144
191
72
150
366
131
3065
2064
401
127
442
263
157
145
344
144
2643
603
399
187
2990
151
1653
284
304
115
56
273
236
231
157
133
110
166
2701
1380
724
211
209
123
201
503
112
98
95
175
406
177
180
93
127
84
194
128
252
99
97
304
689
1554
851
106
624
304
207
396
695
2863
610
111
188
1147
173
182
623
238
167
55
424
7366
329
311
389
144
114
190
1140
92
530
112
107
129
2825
4526
212
208
132
258
133
389
278
71
65
132
1159
1112
303
306
821
489
182
228
202
217
237
486
367
1495
944
366
1474
160
375
278
120
821
237
136
272
334
1601
163
120
223
130
100
469
121
409
7247
351
59
1421
102
273
406
121
230
365
192
830
384
1235
1323
209
74
67
1199
357
63
1107
272
327
84
17540
2647
325
158
116
359
251
259
255
115
318
375
364
339
220
128
3180
615
156
185
413
134
238
181
599
234
156
408
669
201
73
100
192
125
358
165
1391
365
134
675
210
87
935
102
260
985
255
4289
519
165
215
2086
242
136
197
175
491
846
505
298
580
137
281
316
291
141
1633
186
137
215
234
161
886
252
1622
277
457
274
276
1047
132
71
215
478
380
245
160
191
55
217
1358
46
157
139
1008
59
308
1435
131
320
175
376
178
767
723
248
183
397
652
1461
131
126
129
238
359
276
74
314
88
318
280
257
364
178
2418
157
1045
418
261
119
292
246
290
254
59
247
122
246
130
167
252
414
344
333
109
86
86
133
190
160
232
207
111
292
721
203
1179
542
133
152
545
565
1461
143
130
177
297
305
140
541
154
461
3285
122
108
139
274
156
77
161
1190
295
118
153
236
407
127
390
174
320
286
180
346
474
351
136
2681
468
129
163
20491
330
165
2801
1101
107
66
65
231
296
342
131
1253
151
307
289
110
877
855
79
860
594
99
1115
286
100
190
528
240
572
154
91
302
712
152
230
494
292
222
62
115
183
116
57
30
1934
322
1330
174
69
53
319
289
44
112
71
82
85
881
210
263
100
26
2726
461
233
114
5900
76
47
38
558
205
31
15
59
48
233
34
62
202
130
39
402
26
148
82
249
52
65
118
346
43
32
65
69
362
155
589
55
28
92
96
193
193
77
213
53
62
252
27
118
3975
57
344
141
78
126
82
40
626
95
82
26
53
103
93
160
100
71
69
56
69
53
97
257
200
255
364
43
119
52
74
86
101
88
55
171
58
29
64
1319
21
89
821
241
144
104
543
1160
117
66
423
45
59
73
296
95
564
59
28
113
666
42
100
27
134
62
75
74
24
319
72
246
43
178
70
353
41
103
274
868
63
295
1520
79
59
55
131
33
30
78
169
194
69
303
765
209
90
223
106
170
129
41
31
79
62
26
135
53
67
19
1837
1670
531
61
223
39
56
825
76
259
44
1933
75
76
18
48
33
542
49
31
264
139
372
41
19
585
32
98
33
44
57
92
60
153
30
95
247
94
513
74
287
314
167
37
53
262
108
197
60
322
23
712
449
69
32
69
122
421
55
200
67
30
1153
511
24
160
805
78
62
107
96
141
362
32
58
46
36
133
79
334
142
45
23
68
119
28
55
90
201
68
92
5915
84
570
49
552
76
47
77
161
40
57
458
109
12
111
246
134
156
69
2455
458
267
51
83
47
427
2128
313
39
184
25
400
12302
226
81
137
19
69
32
56
151
62
262
810
91
224
179
54
192
273
59
17
59
81
21
22
202
394
59
279
32
42
2309
133
18
106
177
358
705
132
89
86
181
185
2265
74
161
49
168
51
542
82
254
268
45
510
104
68
55
177
22
71
157
57
96
425
212
46
173
176
152
187
92
49
68
45
1633
379
144
45
31
113
217
49
41
86
377
109
102
209
70
144
1259
66
86
748
217
3670
130
73
111
3174
298
49
30
134
62
205
473
66
104
1516
562
36
664
201
197
54
211
41
139
22
144
631
155
37
93
119
25
59
317
196
24
95
3117
83
138
58
82
66
74
96
120
190
786
138
97
213
74
130
182
3051
62
35
155
158
36
46
193
124
57
42
34
41
116
57
314
153
90
1341
42
122
592
107
50
92
30
85
71
75
53
124
94
33
242
152
130
72
45
140
10405
86
294
193
26
56
1849
38
45
613
62
121
283
92
88
60
117
100
91
237
41
51
47
111
191
180
136
605
601
170
33
56
49
25
45
111
47
123
279
220
224
257
295
64
237
972
31
67
16
49
89
26
51
32
376
173
253
316
8896
71
63
1211
129
90
47
115
221
344
71
66
412
81
100
113
24
44
165
45
34
266
83
58
160
746
1195
49
43
38
259
269
67
65
172
29
106
175
70
257
68
841
119
145
888
28
54
44
17
72
33
233
125
1666
115
95
109
1724
59
294
127
46
69
353
577
65
614
337
51
80
183
231
170
13
95
101
163
606
61
112
409
324
94
231
134
148
237
50
57
30
35
37
230
133
127
261
450
281
151
76
383
416
97
140
202
102
44
11
92
256
74
98
792
191
35
102
54
72
101
106
59
59
46
30
422
53
76
118
75
89
216
90
22
160
31
341
81
105
112
135
159
60
51
469
197
226
177
69
37
67
49
152
63
249
1861
61
211
1981
262
70
651
437
2278
31
47
88
76
42
82
44
49
139
43
149
54
61
113
245
1224
43
95
54
68
64
225
155
224
82
223
38
98
73
146
181
56
709
83
346
88
99
43
160
275
32
255
627
2352
132
111
1460
323
48
88
59
528
145
604
29
81
46
4950
23
163
113
94
76
295
43
263
103
206
168
692
302
131
199
345
1221
50
109
47
58
84
145
20
34
163
41
236
134
83
67
57
49
143
1017
74
34
47
74
1022
64
138
160
11
7
120
54
82
68
105
107
66
233
103
1001
56
313
238
40
62
47
51
60
94
47
41
51
7600
149
200
337
254
32
240
51
58
1111
69
137
76
48
49
396
631
213
64
193
31
137
465
71
182
31
79
116
43
88
41
141
198
21
84
73
79
50
45
198
144
578
65
467
6178
669
37
70
71
43
308
49
52
184
32
943
39
85
2697
62
96
215
87
47
70
101
25
379
121
69
200
68
63
17
183
862
29
182
440
78
55
286
120
63
132
49
302
39
41
51
75
218
35
79
346
38
287
96
83
248
105
69
30
119
121
33
80
46
598
127
61
190
170
49
51
41
1394
76
43
59
101
30
139
584
151
1321
202
172
115
48
2133
67
152
437
44
69
360
173
35
20
139
170
41
2976
108
40
148
38
44
106
94
300
33
115
126
88
304
53
77
83
353
259
84
52
49
47
85
327
93
31
178
33
113
51
437
39
112
208
45
56
59
382
44
89
42
1001
130
176
55
34
510
316
213
113
122
2304
78
52
40
162
67
79
62
525
38
103
211
67
255
248
152
40
81
52
47
230
81
88
76
129
57
40
232
371
47
158
55
91
370
183
254
301
224
173
73
27
256
39
46
67
34
56
210
289
54
63
116
110
72
24
95
68
181
56
154
64
103
113
47
919
35
41
130
187
501
93
39
843
480
152
132
36
28
55
201
216
65
63
118
220
75
98
38
1335
157
86
67
16
34
35
161
167
119
63
272
30
47
19
353
248
82
38
77
255
59
30
57
38
260
222
396
50
110
214
43
414
934
156
141
163
69
50
1288
99
115
137
24
181
150
17
75
50
106
1221
816
85
157
67
55
535
34
40
121
235
264
53
81
107
1069
68
94
27
383
76
235
279
868
40
342
55
44
35
257
36
135
126
493
26
115
52
119
40
72
156
274
132
293
114
70
73
207
254
1232
40
45
48
235
29
236
264
80
1422
103
33
327
34
191
78
95
58
58
141
37
67
37
148
346
44
174
228
87
55
245
187
299
234
200
142
140
73
88
342
120
62
88
88
179
94
150
278
72
407
2734
53
1073
59
50
75
64
209
241
97
64
211
65
28
296
364
601
111
157
199
58
145
4577
44
120
141
201
359
262
597
56
36
283
357
196
96
37
50
129
655
73
355
144
1682
41
348
41
96
81
30
197
120
116
48
2732
160
286
2285
132
50
31
2714
266
116
126
175
53
205
1040
60
38
58
1003
989
388
63
95
160
41
33
124
58
309
89
457
550
122
16
518
91
61
249
2355
160
209
83
1619
109
37
43
515
56
979
37
222
65
164
230
23
108
1028
20
49
121
2830
53
188
57
35
303
78
214
117
252
160
39
77
39
45
36
104
121
28
170
74
327
86
135
118
23
78
1795
88
17
103
55
55
11
41
62
2203
107
280
68
66
184
39
74
64
1201
69
61
30
572
49
105
142
109
147
78
121
51
164
1071
357
23
2682
88
120
55
527
94
49
4422
392
118
37
28
125
189
161
68
152
228
121
8423
110
37
78
253
129
32
263
58
81
2837
404
76
113
67
70
50
603
121
153
54
133
200
37
1238
115
213
206
181
89
25
24
117
100
96
62
168
511
337
26
84
83
97
68
205
42
101
771
449
61
135
80
95
187
419
42
138
114
218
45
403
102
198
53
51
683
72
119
15
108
512
110
54
59
504
5848
217
246
49
203
324
58
928
404
87
79
435
262
45
206
199
238
44
49
62
217
818
116
99
158
94
140
238
714
117
92
35
141
67
67
319
178
39
620
484
74
111
45
75
565
77
137
35
847
29
230
356
48
118
329
70
38
58
100
110
56
267
156
816
83
248
205
72
149
156
648
120
420
217
701
45
80
164
110
116
33
122
296
84
43
2249
58
189
121
48
53
680
55
66
57
264
125
162
94
818
98
41
200
77
65
149
34
77
160
90
398
62
83
75
91
652
52
164
47
396
38
781
108
85
57
56
239
332
267
36
25
438
525
225
33
69
52
245
130
99
81
293
43
141
1000
669
79
75
62
53
2075
23
205
79
115
845
545
2272
25
265
383
137
75
2200
203
217
424
269
142
64
194
809
58
30
134
234
1320
712
141
23
182
856
35
873
66
18
51
24
593
230
111
65
110
152
47
377
100
787
703
180
43
92
105
76
106
31
5224
162
86
99
43
45
79
97
31
83
28
277
225
1531
109
54
91
2779
71
64
306
37
242
92
167
112
249
135
63
217
91
223
6463
749
21
73
527
39
177
1050
758
37
22
303
26
178
27
50
45
182
29
297
223
99
36
271
62
52
100
396
53
25
294
119
164
97
340
74
37
115
104
87
100
320
45
17
82
552
86
1331
20
22
199
2731
1006
190
1100
55
65
1248
107
40
63
27
21
356
163
48
63
501
701
79
75
164
357
255
52
52
174
300
39
53
249
29
88
68
116
126
35
327
48
1796
61
75
44
131
70
345
29
379
49
91
76
142
49
461
218
23
192
89
560
52
20
38
32
179
86
777
196
82
318
596
107
65
44
32
111
110
43
73
70
182
36
441
57
153
139
35
40
134
209
77
91
1426
60
315
1944
169
60
176
84
65
105
243
197
107
87
184
161
99
325
63
275
213
116
1509
264
30
134
433
426
50
3405
94
135
62
1007
112
79
761
48
35350
32
129
795
57
141
264
274
39
44
138
146
259
34
84
74
21
107
126
3
31
16
49
28
50
80
89
44
183
76
178
160
929
43
107
54
18
30
102
171
15
27
19
43
168
268
53
216
153
144
83
68
55
75
98
22
35
176
26
86
67
91
165
30
38
99
112
54
170
91
790
139
219
52
512
485
146
230
9493
20
201
70
1752
35
344
296
33
50
105
51
19
86
33
189
21
111
195
62
37
22
16
92
25
21
14
48
132
19
14
22
9
324
23
5
37
22
24
25
32
14
29
32
79
61
15
189
46
38
18
40
50
44
43
72
73
215
384
10
37
5
716
7
11
6
1942
55
78
7
29
9
49
22
18
95
44
2
138
11
16
125
3
82
109
21
3
9
185
70
37
9
4
59
24
104
27
25
69
13
58
40
60
731
160
6
23
30
5
10
32
3
26
829
6
19
62
25
36
83
11
30
31
615
421
43
239
97
90
28
365
59
17
24
25
27
39
90
131
64
361
26
48
15
3047
55
42
10
51
122
88
46
18
51
7
71
88
75
37
31
2545
27
23
88
171
5
32
34
12
50
71
142
31
2752
8
194
111
29
25
343
10
7
128
38
46
41
71
18
20
41
32
20
31
87
50
74
28
24
146
9
41
22
43
428
48
48
12
13
449
61
8
36
186
567
20
525
18
29
10
94
48
6
105
155
47
328
25
135
12
48
44
59
11
16
39
49
73
54
33
33
143
7
229
29
66
15
10
21
126
13
87
55
14
23
70
287
1548
11
390
25
23
14
68
782
13
7
35
127
83
18
10
101
57
23
5
37
21
123
318
429
9
48
153
26
86
45
36
16
51
45
246
62
33
20
5
26
86
28
68
30
20
46
12
23
24
161
23
121
16
21
16
112
21
37
20
6
150
20
3067
51
33
79
13
9
131
45
3
17
119
57
2959
24
39
41
16
38
62
18
58
19
35
157
32
16
17
23
743
17437
40
58
46
28
71
46
8
26
26
183
13
298
30
41
1084
10
10
13
12
63
36
32
9
28
47
38
52
23
19
263
12
73
14
73
23
48
155
18
70
34
208
193
35
90
19
20
4
6027
13
177
27
591
15
14
420
16
60
59
22
53
61
11
23
10
9
211
64
17
42
51
8
62
230
37
10
16
13
77
124
809
48
222
113
80
809
117
25
12
27
18
99
11
11
24
78
9
165
50
30
648
70
21
5
28
27
10
25
39
40
4
26
30
14
27
450
150
23
27
25
68
73
31
5
29
22
59
35
11
66
28
19
28
21
212
205
73
6
45
19
195
1540
77
30
30
10
38
60
16
72
27
40
61
32
72
95
37
156
72
19
18
9
42
30
56
6
559
28
6
27
26
19
8
51
70
100
38
103
524
8
437
26
25
35
369
30
14
29
5
700
20
183
24
12
37
196
38
22
98
28
20
232
56
28
130
11
6
34
389
71
20
30
14
42
213
208
36
38
41
42
210
74
50
11
221
179
6
17
166
8
18
58
8
50
127
37
4
91
18
29
85
45
39
2705
64
35
55
17
18
23
79
6
41
25
27
56
11
14
52
201
32
60
26
47
50
6
64
154
8
7
172
81
255
13
15
79
24
19
3
24
15
232
161
138
35
55
36
27
34
23
12
184
67
25
47
35
72
21
20
15
173
122
5
80
12
12
58
15
48
25
38
128
44
115
30
34
50
97
15
70
66
106
27
142
28
21
9
23
15
25
12
126
625
64
1254
20
56
27
59
17
16
341
22
34
14
85
190
28
21
37
35
36
13069
82
2305
6
32
7
38
14
14
13
48
16
13
264
68
13
16
52
4985
15
29
77
46
21
6
40
23
32
26
75
164
80
142
38
601
23
9
10
31
82
95
10
91
129
50
16
53
43
11
92
54
85
629
125
158
28
31
43
2
30
886
108
3
20
109
16
42
24
431
58
12
25
4
92
19
8
58
9
16
25
20
66
49
18
20
24
140
85
7
7
19
18
57
87
3208
31
274
35
41
3
138
42
17
27
5
17
35
21
46
18
19
156
29
22
26
28
42
18
30
33
9
14
326
34
474
66
65
29
40
666
88
47
294
85
16
155
17
26
34
26
69
95
10
7
25
305
111
12
22
39
25
2091
5
59
155
9
100
13
42
35
5
16
64
43
74
17
95
40
25
32
22
12
788
39
6
132
29
139
41
3968
34
18
27
142
115
449
16
2
149
38
35
47
1193
59
71
74
12
220
39
21
4
85
60
22
42
65
34
35
48
409
344
21
51
22
51
77
17
62
62
11
194
592
2007
83
59
29
136
53
26
21
31
97
47
14
67
25
27
64
6
56
15
19
64
88
36
26
192
58
42
19
9
34
28
24
133
11
104
346
108
106
27
43
19
48
133
110
21
4
27
24
12
23
12
5
52
9
12
59
178
106
28
203
22
2
14
28
51
91
23
173
770
207
312
107
90
1964
17
42
76
23
1045
26
30
41
81
115
9
24
6
47
5
2255
27
43
17
31
23
19
15
9
176
9
177
112
18
58
41
36
571
2
12
25
52
1901
1011
23
102
28
83
92
30
82
27
151
80
21
21
18
22
11
183
10
10
470
47
74
37
5
66
41
749
38
91
59
202
21
232
28
19
2
25
24
20
93
144
223
34
31
280
22
18
215
32
134
15
13
832
9
26
86
60
78
43
7
43
77
50
43
91
34
28
217
27
599
45
81
38
1250
11
92
5
721
132
10
1297
218
7
31
639
18
14
25
13
29
15
30
39
120
3
49
8
128
39
23
245
19
183
23
31
17
35
20
45
132
59
4
19
13
31
10
403
97
418
36
43
37
24
90
84
29
139
18
70
39
21
24
33
35
16
63
121
5
42
146
64
79
103
33
119
4
20
129
15
11
24
27
61
3
17
64
41
35
102
5747
9
92
795
61
23
50
368
119
25
4
49
12
136
6
17
38
24
22
223
68
21
32
19
64
11
22
34
20
67
60
37
54
140
149
121
60
71
9
30
225
18
12
65
17
71
46
42
41
373
45
1437
95
53
20
23
118
25
67
185
5
11
15
233
9
8
24
40
16
362
302
7
27
63
45
45
73
41
9
62
24
24
108
17
58
25
78
30
303
46
6
642
69
16
61
36
15
201
203
101
129
45
102
50
32
34
69
305
27
10
9
12
287
3
67
30
30
48
19
49
12
13
22
165
72
76
37
122
32
5
18
152
1374
12
15
39
9
35
33
38
13
46
116
6
158
78
34
5
24
40
37
44
36
55
35
15
54
93
39
35
70
77
24
22
58
73
12
42
136
73
10
616
451
57
660
56
54
63
96
79
174
11
14
19
24
2740
30
34
24
153
54
17
30
18
345
7
12
19
42
5
11
22
207
83
35
22
36
50
29
30
46
136
24
34
6
790
1697
310
21
10
7
49
6
14
28
192
23
13
114
16
64
82
280
67
21
47
9
29
163
390
96
9
76
79
95
62
253
12
19
26
8
391
22
56
21
39
46
41
22
35
87
54
652
4
368
398
46
43
28
34
29
1521
28
40
45
22
55
55
14
27
22
21
18
28
19
2798
26
45
27
33
37
12
113
5
26
15
14
28
19
235
23
39
525
95
44
92
347
203
111
18
18
132
44
18
30
19
16
16
19
14
1520
19
46
9
112
1210
38
25
896
17
22
62
12
22
39
9
10
380
19
46
89
29
137
27
25
17
92
1126
130
33
16
36
14
58
15
9
44
161
128
175
286
135
25
393
12
24
31
49
92
16
19
142
32
37
47
31
1368
2270
238
53
1495
94
7
14
26
185
272
49
30
319
20
72
8
5
95
3
42
8
198
97
3
1874
11
17
3
49
165
40
192
10
50
89
302
19
40
111
35
14
14
930
29
40
329
112
17
78
20
12
36
73
80
20
1502
59
18
5
9
55
60
7
80
28
32
55
46
579
40
4
35
64
17
18
6
22
53
28
11
35
92
22
27
16
72
238
13
14
24
209
126
13
44
497
78
18
56
189
5
93
31
48
327
270
1395
400
92
0
55
16
3079
19
56
260
13
41
14
75
29
25
346
35
42
29
51
31
14
4
116
64
22
16
15
360
65
7
9
23
63
27
30
59
45
14
121
232
934
21
25
24
51
12
21
31
13
15
8
20
36
13
29
59
3
16
24
157
32
14
33
22
14
23
30
22
16
365
20
145
18
1
33
41
41
75
25
41
81
81
59
25
101
58
5
110
293
33
9
214
25
215
112
10
117
16
67
53
141
1949
36
27
12
42
22
17
72
126
1081
41
18
23
3488
68
11
52
29
23
63
29
28
131
22
13
56
345
277
20
25
33
32
5
16
31
10
536
17
31
21
66
20
55
592
17
50
20
81
218
187
237
145
14
1677
27
39
4
17
57
56
421
22
14
9
680
28
23
51
44
9
71
1686
21
150
7
10
40
44
13
10
30
41
32
59
14
176
12
219
7
31
55
70
45
130
60
73
53
99
42
27
33
95
150
17
11
40
57
22
81
46
17
12
30
78
618
1120
22
28
88
96
20
261
42
27
13
10
47
141
44
185
33
9
4
7
37
16
87
16
31
183
19
11
33
28
60
240
389
23
35
4
54
15
51
13
470
91
30
26
84
18
25
25
6
51
2
23
111
125
13
83
8
40
23
35
72
129
19
27
12
24
29
2271
4
29
2500
5
8
22
59
42
24
190
14
4
679
6
181
44
5
146
19
569
75
7
29
656
24
143
23
36
177
81
14
20
136
49
128
34
10
88
42
20
260
115
38
6
39
14
19
171
5
12
132
1237
21
5
37
8
11
11
74
44
191
170
8
34
42
24
12
176
7
1
36
53
312
22
23
192
15
19
18
17
1476
11
70
49
34
9
4
48
43
31
8
21
17
23
33
13
30
9
565
193
11
24
14
241
17
10
18
6
13
17
48
16
160
4
7
13
24
11
50
21
10
26
6
15
3
27
14
4
5
11
15
72
92
74
28
18
17
21
0
8
2
12
11
2
32
6
20
11
4
38
137
78
3
26
11
109
1
26
7
6
4
61
149
13
16
10
16
15
7
101
17
102
7
12
137
10
10
11
4
44
1
37
55
36
19
22
19
19
22
30
15
154
19
6
1
169
2
7
1
20
29
1
8
12
9
16
11
109
21
15
19
750
11
634
21
4
25
3
18
3
22
41
16
20
19
7
27
4
7
21
9
1
21
69
18
4
4
4
13
13
1
5
11
36
5
22
2
6
20
3
5
76
20
247
20
31
24
15
35
7
23
36
5
20
28
32
37
8
16
574
16
32
11
1138
20
15
84
42
292
9
146
20
0
9
16
4
14
9
21
6
27
144
25
13
1
12
9
25
45
18
5
53
12
7
65
25
25
11
94
8
735
310
19
16
5
1
130
5
8
6
17
9
3
45
92
36
10
5
4
13
6
11
11
10
20
21
579
23
21
49
84
14
31
27
3
5
1
1
6
76
10
54
4
76
5
10
27
25
18
7
10
132
10
10
0
17
71
31
15
19
3
34
0
0
32
12
6
19
2
91
2
112
3
5
13
37
30
31
20
29
23
30
8
10
4
12
15
13
5
1
38
128
35
7
10
13
5
24
43
27
1
15
15
229
15
0
1784
7
13
74
4
16
2
18
20
3
62
28
1
0
6
117
50
53
3
8
72
1065
8
2
19
34
11
4
32
2
21
11
25
2
12
8
135
20
16
7
32
2
14
9
21
4
13
5
2
1
15
43
12
4
29
4
15
33
40
225
177
107
26
4
21
37
10
2
72
14
117
38
4
17
175
4
18
10
2
14
20
52
13
25
95
2
104
11
2
0
20
3
13
16
17
7
64
103
25
46
515
10
0
20
22
41
18
18
3
2
14
13
25
7
1
26
0
5
19
3
3
10
56
24
53
16
2
14
78
18
4
2
0
10
16
20
54
2540
9
2
85
43
22
0
732
1
5
3
2
4
24
17
19
5
73
12
100
12
9
87
7
9
2
122
33
1
11
223
25
21
11
16
0
41
1
1
52
22
21
9
12
11
59
4
33
82
10
15
117
3
17
86
3
27
16
31
2755
5
6
28
107
12
8
1
23
46
12
8
7
12
8
119
22
3
235
19
23
2
43
44
1
4
18
2
22
21
9
6
26
22
21
10
1
12
18
16
1301
11
100
19
28
6
2
3
141
62
5
30
27
92
14
5
18
113
178
25
3
2
22
9
20
21
53
1364
5
22
10
17
81
3
28
2
0
23
3
1
3
16
5
114
0
57
52
1
11
50
5
37
21
27
54
18
28
32
25
2
15
13
23
9
26
32
40
244
37
21
2
5
8
4
2
59
2
7
6
15
114
26
1511
8
522
10
9
3
5
65
14
18
17
10
954
20
3
65
13
8
252
55
2
9
14
934
6
38
68
7
12
79
37
220
1
65
64
10
13
1196
57
10
39
124
6
1
10
21
40
14
18
88
3613
1362
15
4
0
12
16
13
35
198
11
21
0
281
43
19
9
130
10
26
21
11
1
5
3
5
0
2
6
2
157
38
8
7
119
0
5
8
3
10
12
31
52
17
1
19
2
7
131
19
7
3
4
45
3
0
15
1
35
23
10
22
23
19
3
6
1
12
27
11
17
8
21
20
27
75
18
7
21
26
92
8
4
3
2
3
12
20
69
22
260
10
122
12
9
0
5
10
1
208
91
17
4
2
18
2188
1
10
16
12
36
1660
37
14
0
3
9
19
16
10
0
0
2
16
20
5
16
10
38
26
135
20
1
233
12
8
8
116
3186
12
20
107
128
21
45
73
3
5
52
68
1
1
3
528
10
64
2
23
21
29
47
0
3
15
25
110
21
2
56
17
17
18
12
13
20
16
305
197
0
30
17
33
10
14
3
105
6
66
11
51
3
24
6
2
11
23
1
13
24
0
22
14
69
22
0
12
10
2
1
2
6
16
126
42
9
195
2
15
1
35
10
5
6
2
38
2
5
57
9
1
5
13
269
6
284
120
4
367
51
2
32
5
1
10
12
19
9
5
4
20
44
1898
453
201
146
3
1
1
1
3
2
23
3
0
12
19
10
30
8
24
47
94
7
15
99
9
18
27
23
4
62
15
8
112
128
17
39
13
20
4
12
58
29
108
22
0
74
3
1
4
7
7
2
3
2
34
18
23
38
9
0
81
2
13
5
2339
10
8
7
26
1
4
15
21
10
10
11
43
6
16
14
0
30
17
53
20
35
8
12
1
36
13
25
12
9
231
11
15
9
18
21
3
6
27
10
5
7
10
23
8
1
1
22
22
120
3
16
3
3
26
23
11
14
39
1196
9
15
39
33
191
18
8
14
44
69
107
3
106
7
18
4
5
133
27
24
1
6
7
6
90
17
13
48
93
64
17
37
26
2
0
299
169
47
3
4
2
23
4
10
5
221
86
10
63
37
34
0
0
3
10
11
127
4
15
27
10
36
1
7
12
16
49
9
48
40
2
5
15
25
7
1
10
8
0
14
57
5
2
64
229
22
12
17
14
1
37
18
0
18
16
6
4
9
0
95
10
28
0
27
4
6
30
6
159
15
3
11
16
19
27
12
2
19
3
14
11
9
8
2
2
9
245
61
29
2
7
11
2
5
11
48
12
9
8
23
9
4
23
7
284
10
42
158
13
1
24
11
1
13
28
17
4
1
2
0
2
59
1323
146
2
32
2
34
10
9
2
19
89
14
5
19
3
2
6
11
94
33
18
10
6
109
10
12
7
68
5
27
20
12
14
9
4
18
18
1364
24
11
11
4
1
73
26
1
5
166
2
7
290
2
5
58
99
44
9
6
9
4
40
190
11
27
182
13
174
12
1
17
1
21
29
4
34
46
27
2
37
25
5
1
14
31
10
10
4
20
6
952
15
4
9
3
3
4
62
54
4
213
5
5
37
63
11
8
11
62
497
12
9
42
3
167
2820
38
6
24
5
14
13
25
20
9
16
28
8
188
4
357
47
91
3
2
24
18
9
10
17
4
40
3
7
20
9
46
96
5
32
0
79
2
10
73
19
13
6
21
93
11
11
403
19
1
6
16
6
26
3
65
16
15
3
1939
27
10
25
4
13
21
1
178
46
3
7
30
1
50
70
11
7
4
25
8
11
13
10
70
20
35
11
0
49
83
35
12
102
57
13
21
1
1161
436
13
11
36
3
20
18
78
8
5
166
7
28
2
35
9
43
2
6
3082
20
1358
0
2
0
25
322
4
4
2205
12
12
3
6
61
11
5
110
168
32
1
16
12
56
19
31
18
5
15
21
8268
0
8
30
141
928
21
25
57
16
18
7
141
8
5
9
67
6
23
2
58
18
11
1
13
22
71
8
2
5
7
1
32
3
3
3
190
23
12
20
13
4
19
6
55
8
164
1
32
23
49
23
15
5
1
5
10
13
2
3014
2
103
17
3
16
4
91
3
29
25
2
31
4
18
53
2
25
46
8
1
108
13
35
7
7
24
9
28
1207
10
9
42
3
15
4
40
34
37
5
128
64
1
14
12
11
3
12
38
8
23
43
37
15
550
23
40
22
87
10
1
13
23
19
8
17
1
14
22
18
1
5
19
11
929
12
39
1
20
11
37
57
4
259
38
18
39
7
7
13
169
3
5811
20
39
7
17
6
14
12
67
3
136
7
3
16
13
265
91
17
1
35
36
5
12
24
7
7
23
5
116
2
305
204
2
293
15
42
35
1
17
5
121
15
14
110
16
66
13
88
4
1
4
41
5
21
11
17
1
6
21
4
0
8
11
16
20
31
88
29
18
26
1
0
5
9
57
8
17
18
17
26
6
2
8
101
31
5
11
19
15
18
12
8
12
36
26
7
1
23
3
61
3
89
49
55
8
25
28
8
39
13
2
86
2
22
19
17
13
22
35
13
11
17
284
9
146
9
32
6
27
4
154
8
12
13
2
3
133
8
2
6
2
26
939
23
4
34
6
5
120
7
29
43
4
2
40
19
1
34
1
422
4
14
17
87
36
21
49
6
3
957
9
1
5
171
15
18
13
16
2
13
47
13
10
7
64
8
44
3
8
7
16
3
124
15
8
9
43
138
112
3
7
10
260
5
2
28
23
13
2
21
6
162
6
6
11
5
59
14
13
291
13
1
12
0
97
101
18
6
18
19
63
4
47
9
78
8
4
4
23
6
266
3
17
34
4
9
2
13
7
45
9
10
31
7
30
19
20
35
1
444
83
6
3
71
49
164
13
22
12
7
18
1
24
3
11
70
0
30
99
3
8
26
6
14
30
20
31
15
4
5
31
2
17
21
71
7
14
19
64
21
43
13
15
61
49
4
7
13
13
148
2
3
151
17
14
4
3
38
13
17
12
412
3
5
62
6
4
19
55
2
7
13
21
29
126
311
122
32
1
32
16
10
12
24
20
18
17
60
7
0
20
63
2
16
6
11
6
11
1
54
42
4
3
1059
5
43
9
1
115
707
16
2
954
5
119
111
8
21
3
53
3
2
14
109
22
12
126
37
20
93
36
3
91
3
16
167
9
34
3
7
2
25
4
8
13
12
22
53
19
107
2
38
305
0
0
46
6
0
8
1
0
19
0
0
120
2
5
0
3
1
32
17
2
5
12
0
17
0
29
2
15
0
8
17
0
30
221
3
0
1
9
22
1
8
1
13
16
6
29
361
0
1
14
271
4
2
48
6
1
18
124
4
4
2
3
11
0
4
2
3
9
0
1
0
10
3
20
0
5
1
25
1
52
11
55
0
2
23
5
0
1
1
13
14
104
0
73
6
19
8
1
4
10
0
4
0
17
19
4
0
461
0
1
10
108
9
3
6
2
13
12
10
0
9
25
17
2
12
1
65
207
13
3
18
0
4
4
7
3
9
16
91
3
112
1
16
107
172
24
14
2
1
11
172
4
315
0
17
10
14
33
2
18
10
0
30
2
1
11
2
0
7
249
2
11
3
453
2
7
4
30
1
10
4
16
10
1
71
108
6
13
14
9
22
14
20
2
8
14
1736
14
1
2
0
4
20
1
14
19
1
0
11
13
2107
2
1
15
1
3
1
27
1
0
2
5
1
7
0
90
1
4
0
1
14
0
13
0
5
2
43
2
5
11
117
5
11
0
3
41
1
62
5
3
7
2
1
1
4
7
1
40
1
9
0
4
3
2
19
0
1
3
2
2
17
15
6
2
2
3
21
1
10
11
2
456
1
1
13
4
3
58
8
0
11
34
24
4
7
18
9
23
1
23
1
3155
4
7
0
1
12
3
5
3
25
10
1
1
4
2
2
1
33
9
11
0
0
12
22
220
1
23
0
2
93
11
0
1
11
1
55
5
3
0
15
33
71
2
12
1
507
14
63
0
1
13
6
3452
7
1
4
0
12
8
7
6
6
8
11
1
0
8
9
1
2
1
0
7
0
9
3
23
17
1
5
0
1
4
0
2
2
1
1
5
0
266
2
23
1
9
3
40
7
0
0
0
1
2
19
0
1
0
2
12
1
6
2
2
85
0
6
25
0
2
10
30
1
5
1
198
9
0
1
0
2
4
17
2
8
1
0
1
17
3
9
0
12
14
0
0
9
72
13
0
2
0
22
1
15
13
7
29
14
28
172
1
22
0
1
19
20
4
21
2
11
16
14
1
7
3
2
3
1
24
2
10
21
27
21
0
25
6
9
4
1
0
0
1
13
0
3363
276
0
29
2
22
0
3
4
3
3
7
15
12
1
4
7
53
1
1
1
4
0
2
3
15
214
3
417
15
2198
0
188
2
20
7
0
1
3
3
10
11
600
106
3
9
209
20
0
2
0
3
13
1
0
2
0
3
13
6
0
71
0
1
18
29
16
3
0
12
1
1
0
8
1
36
11
13
2
0
7
0
16
4
9
7
1
1
51
12
19
1
22
2
24
43
1
591
12
11
8
1
0
3
9
3
80
48
2
4
351
2
58
12
4
59
24
10
0
0
10
0
4
104
2
21
0
2
7
8
7
5
7
0
4
8
2
4
0
22
8
2
273
19
1
0
0
1
17
5
0
20
19
13
7
2
28
52
0
2
18
1
0
0
1
9
1538
1
3
2
2
6
3
3
2
1
16
0
7
1
0
6
50
20
0
2
0
1
26
14
2
20
5
5
99
0
7
0
2
1
34
14
14
1
2
1
2
45
0
0
2
1
1
252
12
1
6
15
4
3
3
1
0
2
34
161
6
0
7
4
17
0
4
3
9
1
27
6
21
0
1
0
2
2
0
11
1
0
40
16
1
1
11
2
25
7
0
4
2
0
2
19
4
20
3
25
1
2
1
17
10
182
5
0
1
0
5
1
5
32
4
0
12
66
0
450
39
2
240
3
13
27
0
0
60
3
2
54
2
4
1
3
12
3
11
25
12
4
0
3
1
9
141
0
1
99
0
3
42
14
0
6
3
9
2
10
0
9
20
0
8
19
1
0
4
64
0
8
1
11
7
13
14
1
3
2
19
10
14
2
9
25
6
1
18
11
5
7
16
5
40
85
3
13
19
4
15
9
0
0
12
3
2
7
72
29
1
42
7
3
1
14
39
23
31
4
2
20
10
2
2
1
0
0
248
0
81
0
10
11
25
16
34
8
0
1
3
4
1605
0
374
9
11
13
2
9
252
15
1
161
2
2
14
126
9
8
0
16
9
10
1
21
11
0
6
5
10
1
1
11
37
8
26
6
0
10
1
4
4
11
22
4
0
2
1
11
29
0
2
0
0
2
0
0
17
12
26
28
0
13
1
1
11
226
0
20
2
1
2
14
0
0
141
4
0
1
3
2
5
0
11
44
28
19
17
11
116
4
5
1
5
84
6
1
2
15
47
1
3
1
4
9
0
0
3
1
7
2
2
2
2
18
8
3
13
1
5
11
4
1
10
8
3
0
3
2
7
2
3
3
10
2
13
22
5
2
20
2
92
3
2
1
0
138
0
0
26
4
15
2
1
4
0
23
183
1
25
5
13
2
7
23
4
1
23
12
1
161
23
14
14
1
2
0
2
1
2
66
2
3
1
10
25
2
0
0
2
5
31
4
5
349
0
8
22
0
3
29
1
73
5
0
5
1
0
1
0
16
1
0
16
7
1
7
6
0
125
5
1
10
1
0
1
20
28
5
9
5
1
6
5
18
5
111
1
1
6
17
0
4
4
18
11
1
4
9
9
3
0
5
6
9
14
29
4
18
14
73
0
64
20
7
5
0
0
8
22
4
2
0
3
2
4
71
20
7
2
0
1
3
1
10
1
8
136
1
81
5
0
0
0
44
3
13
0
1
19
9
0
75
14
2
411
25
5
0
5
5
3
1
3
933
10
14
38
64
1
3
7
7
17
18
20
69
3
4
6
5
70
2
7
13
7
13
2
272
5
24
36
8
7
5
714
2
20
12
82
11
6
9
183
3
8
0
22
1
1
5
6
3
2
11
29
35
15
5
0
2
7
9
2978
0
8
9
12
1
5
1
2
0
0
2
4
42
2
67
0
118
2
3
1
3
21
0
17
17
7
10
3
4
0
1
2
1
2
13
3
2
12
1
3
11
2
15
4
1
8
15
14
2
12
20
8
1480
1
7
4
41
0
2
1
2
2
17
9
2
17
9
0
2
12
11
0
2
6
3
182
18
12
21
9
0
0
32
5
1
1
1
27
0
20
202
2
3
1
16
4
122
13
33
166
3
37
15
75
5
1
2
49
2
3
454
40
2
19
2
784
10
415
5
3
10
1
100
7
56
9
22
4
1
755
12
2
2
0
5
1
2
2
3
1
2
8
6
0
0
10
1
3
0
73
9
1
15
8
7
1
4
25
15
11
2
12
4
14
1
19
9
7
6
214
5
4
5
6
10
1
0
2
28
28
0
1
0
6
6
115
112
6
10
0
26
0
17
5
9
0
77
0
3
12
2
13
43
8
1
2
8
2
2
11
9
1
20
1
0
0
1
31
0
0
49
1
0
29
3
7
27
2
2
68
5
11
4
23
4
0
0
0
1
9
4
2
11
8
2
0
0
0
11
1
3
1
0
1
6
1
6
1
2
9
12
14
1
2
2
8
18
66
2346
20
11
6
21
4
17
0
0
6
61
39
19
2
2
0
41
15
14
11
6
2
3
4
24
249
4
0
0
2
25
1
0
0
0
4
11
24
17
6
0
9
4
41
3
8
12
1
2
0
1
1
0
2
7
0
5
47
0
2
5
1
5
21
5
9
6
34
11
2
2
122
18
2
2
1
8
11
18
22
0
29
16
7
2
4
0
2
8
2
10
28
11
11
3
1
3
19
1
8
1
2
4
2
2
4
19
0
6
1
10
14
0
8
192
19
5
1
4
3
1
90
10
1
4
0
42
16
2
12
12
2
14
15
0
6
3
54
129
43
2
1
10
32
268
0
3
0
9
0
2
4
0
1
2
8
0
6
16
2
2
0
4
6
1
2
2
5
20
17
6
62
26
94
2
1
0
43
0
17
1
14
9
11
3
17
2
8
11
0
13
1
25
66
7
7
10
24
6
3
18
0
9
13
12
0
1
31
0
17
21
48
4
19
171
13
6
17
1
0
0
14
3
1
5
0
1
5
4
2
8
2
8
3
0
430
114
16
0
3
13
24
9
0
3
189
4
2
4
5
0
3
1
21
113
1
0
0
179
17
14
5
7
8
12
30
7
23
0
7
12
9
1
0
1
28
32
2
2
0
51
4
0
6
1
18
0
1
6
5
10
198
8
8
29
664
1
1
3
1
0
26
1
10
7
12
4
1
4
2
6
6
4
1
0
6
0
4
48
1
1
1458
2
2
23
0
4
1
17
12
6
2
15
6
2
1
11
0
6
4
0
4
11
0
6
0
3
2
0
5
88
0
1
2
2
7
88
5
14
0
0
0
10
1
13
73
1
0
0
248
13
2
0
8
24
0
0
4
7
0
14
2
15
17
92
13
1
0
50
122
64
3
1
14
13
54
0
5
15
19
2
3
82
2
0
1
78
7
11
101
1
6
2
3
3
2
3
10
0
12
1
4
3
14
1
2
3
0
0
1
81
0
37
13
8
8
42
6
1
9
1
5
7
2
9
0
18
3
5
4
0
8
312
5
15
5
3
9
4
0
3
6
4
99
1
14
7
17
0
2
2
6
7
0
44
6
2
0
1
16
49
3
0
11
12
23
3
2
5
3
0
0
19
30
1
2
3
1
6
54
4
1
111
0
3
1
5
210
2
1
3
20
0
1
12
24
8
2
4
41
0
2
16
5
22
0
1
12
1
2
4
186
1
0
7
0
14
4
7
0
13
1
0
4
0
15
11
1
5
3
3
14
27
5
12
13
26
12
6
3
121
0
0
552
19
2
1
1
92
0
9
4
1
0
2
0
6
13
1
13
9
1
7
22
3
2
85
2
15
8
8
15
24
8
2
16
1
5
0
17
1
1
1
8
1
4
33
9
6
58
4375
23
7
1694
4
5
0
43
0
39
18
1
0
1
19
10
12
9
24
6
7
21
4
11
1
45
2
17
2
78
13
127
20
4
6
10
5
1
1
24
6
124
5
103
4
3
8
0
9
142
52
9
2
3
19
20
11
131
51
16
5
2
2
5
2
0
2
24
0
5
1
3
2
23
14
2
0
2
0
10
0
29
7
1
4
5
1
16
22
8
12
7
4
23
0
1358
2
0
8
6
0
14
0
0
8
2
1
27
2
135
3
0
0
0
3
8
1
5
27
4
0
1
3
0
13
2
7
19
2
35
37
259
8
0
21
7
13
2
1
1
2
14
128
4
4
7
1
1
4
0
1
1
2
9
8
7
1
5
15
0
2
362
1
8
3
21
23
13
11
1
8
15
8
0
209
3
67
16
0
1626
1
15
0
18
0
7
70
126
10
75
1
19
0
0
4
18
1967
28
41
8
8
0
1
3
3
11
1
461
30
4
3
34
9
7
2
3
8
1
9
23
13
0
64
3
1
0
11
3
4
7
112
12
3
1
11
157
5
6
3
4
1
18
3
46
15
35
4
5
2
3
35
9
0
7
1
1
16
8
6
28
0
273
45
28
0
9
2
4
6
3
40
1
1
2
2
2
17
4
8
26
0
29
4
7
9
9
0
234
7
17
48
2
1
26
97
3
16
0
0
4
1
1
9
8
5
7
3
1
3
1
7
7
2
28
3
1
19
7
40
23
2
23
28
2
62
2
2
12
2
1
14
0
12
8
107
2
0
12
4
69
1
3
3
27
0
1
0
0
4
16
6
2
3
7
1
0
11
84
11
3
1
120
14
1
8
1
52
31
6
0
7
9
0
2
12
10
3
0
1
1
2
13
129
3
2
2
15
598
8
4
3
12
0
8
9
3
26
5
1
3
21
1
0
34
1
12
10
52
2
14
3
2
1
169
18
47
6
23
5
6
0
98
2
0
4
0
34
1
9
5
17
5
0
5
134
16
9
4
6
0
1
13
0
13
16
10
28
1
95
2
1
15
0
1
8
22
0
1
0
31
0
0
1
4
0
32
9
37
3
5
0
1
1
3
5
1
6
1
2
0
14
9
23
2
6
9
10
6
21
0
1
66
0
591
10
74
0
10
4
0
0
15
4
6
10
6
91
1
15
12
4
12
8
22
4
7
0
3
185
9
14
19
4
2
5
1
26
4
5
0
4
0
18
4
1
17
9
42
14
3
23
1
0
14
0
16
15
1
2
40
1
4
14
1
7
34
13
13
4
13
6
3
10
2
4
1
0
7
0
112
1
18
2
145
0
6
28
4
2
5
12
14
1
7
9
2
19
7
8
8
3
25
0
1
0
2
1
11
1
2
4
7
1
2
2
20
1
2
1
2
4
1
35
80
6
2
6
17
15
0
4
11
0
144
1
4
6
2
3
1
1
10
0
2
2
3
2
3
12
6
0
1
13
5
0
0
8
3
6
0
0
15
6
0
16
1
12
4
0
2
6
0
0
2
2
12
2
1
4
6
6
0
1
46
1
0
12
0
1
13
8
4
1
4
13
0
3
8
4
1
5
4
17
0
9
0
0
1
6
12
23
1
25
6
13
8
4
47
11
1
2
27
4
5
6
0
4
17
6
2
7
10
2
0
10
1
34
0
3
7
1
2
0
2
18
12
22
7
17
19
0
1
56
1
15
25
5
12
1
84
0
5
9
11
0
7
1
1
2
2
16
11
7
0
6
186
3
5
0
17
1
12
6
1
0
6
61
1
5
9
11
26
13
0
162
1
9
3
6
13
2
15
28
1
0
12
4
2
5
2
3
24
3
4
0
60
8
2
22
9
1
16
141
0
1
10
23
1
10
0
0
3
0
3
42
1
20
0
21
2
9
2
3
3
6
1
2
96
11
1
1
3
31
2
0
13
0
3
0
90
2
14
81
2
7
23
0
0
2
11
24
7
17
2
15
9
1
10
72
2
188
16
0
6
154
0
5
319
262
0
2
6
202
2
0
4
1
1
7
11
17
3
0
2
9
49
10
194
0
5
18
2
101
8
6
0
3
0
3
11
22
12
27
0
2
3
1481
0
9
36
0
23
2
79
2
7
8
3
1
1
0
534
0
32
4
6
2
9
3
129
15
2
16
3
1
4
16
8
5
26
1
0
1
156
15
2
0
27
1
17
19
109
117
20
4
14
1
72
6
15
14
0
2
11
1
1
1
2
1
4
2
1
1
0
2
0
0
2
14
12
2
2
15
8
52
3
23
1
3
713
3
0
11
17
2
1
23
2
189
23
1
5
5
10
11
1
7
2
3
0
3
2
13
10
13
17
0
9
4
3
62
1
2
1052
2
2
5
6
181
2
3
0
5
31
40
3
5
14
2
12
1
12
2
536
32
31
13
1
5
1
4
2
1
0
54
32
9
2
3
1
0
5
38
8
9
1
19
7
0
1
30
10
476
52
13
3
1
4
227
3
16
899
166
6
2
1
2
3
11
0
0
51
15
33
2
17
1897
1
2
1
1
164
26
2
1
3
5
0
10
0
2
0
0
17
10
1
13
0
4
16
2
2
7
5
5
5
1
1
6
2
18
2
1
9
0
39
2
5
0
8
1
0
6
5
4
2
8
0
6210
0
1
19
0
6
6
4
54
22
6
14
17
84
4
11
2
99
111
0
51
0
10
13
9
6
0
3
111
6
2
83
38
0
0
1
2
8
1
9
8
38
0
7
32
1
18
5
7
39
10
4
7
0
5
9
1
9
8
152
0
4
25
40
1
16
1
16
4
1
47
22
93
9
7
2
13
1
11
53
16
3
22
20
2
1
89
3
4
18
0
2
1
5
0
17
29
20
0
1
0
6
3
1
19
2
2
1
11
3
9
7
1
3
5
3
1
2
1
4
14
33
1
3
2
1
12
11
12
28
0
1
1
1
16
0
2
6
12
39
7
4
11
4
5
13
12
81
1
10
21
0
87
2
0
3
28
2
33
1
13
1
10
1
51
8
297
22
42
4
7
2
1
19
1
118
15
11
1
6
11
0
10
0
2
4
17
2
0
14
1
3
10
1
0
0
7
1
3
0
1
1
161
36
6
3
4
24
2
5
5
5
19
6
7
7
3
1
0
2
0
2
1
3
3
1
1
124
45
6
5
3
0
10
22
6
0
0
22
3
13
8
67
3
7
6
20
4
3
6
1
22
3
23
12
35
3
0
3
2
1
12
611
0
39
20
1
0
2
14
1
0
1
2
1
0
7
28
29
85
0
18
45
2
2
58
7
1
10
2
16
3
4
3097
55
4
0
25
3
3
6
27
1
21
1
7
4
1
10
1
19
0
1
2
3
273
22
2
12
3
4
11
8
13
427
4
0
0
3
2
1
3
2
19
0
25
0
3
22
2555
21
0
0
0
6
1
97
14
0
24
4
9
0
0
16
9
1
12
15
3
19
0
5
6
11
4
4
1
19
338
12
0
0
2
3
25
47
12
5
10
143
5
1
0
130
0
20
2
10
499
0
1
2
40
9
6
3
1
7
19
5
129
0
0
41
1
6
3
3
1
38
5
0
590
3
2
0
27
25
1
2
0
0
2
3
0
0
317
9
4
4
3
2
3
174
5
0
1
91
4
22
4
1
4
21
3
8
0
11
25
62
16
5
1002
197
0
2
1
147
7
2
1
1
839
99
6
5
7
0
3
16
33
18
22
1
5
20
0
0
2
1
3
1
275
0
7
1
4
2
46
4
9
7
0
1
1
2
3
3
1
22
10
1
10
6
2
3
6
1
15
12
116
5
3
2
3
1
0
161
2
35
11
6
3
11
3
17
4
5
13
1
23
8
5
4
6
1
1
0
9
46
4
3
1
0
10
4
5
7
14
7
13
12
16
18
23
1
6
1
0
0
14
45
0
0
4
23
86
0
1
2
0
2
0
9
13
9
5
0
1
1
0
3
5
122
3
28
1
2
1
1
7
1
7
5
0
13
0
31
5
2
14
11
4
29
11
936
2
3
1
30
0
0
3
32
0
14
8
31
20
5
52
0
22
1
45
10
2
48
16
1591
0
1
1
198
203
1
16
118
1
0
0
4
14
1
2
1
4
2
24
6
166
25
6
1
2
2
0
2
5
8
59
9
6
82
30
111
1
2
0
0
10
97
0
1
10
7
1
5
11
0
0
6
13
8
14
18
4
51
11
0
1
163
3
6
0
1
0
17
170
0
3
8
0
5
2
17
7
2
4
3
1
0
3
3
0
0
24
121
2
40
50
13
15
10
1
6
5
4
3
5
10
1
13
154
92
1
0
4
0
2
0
1
10
3
7
37
5
3
0
1
7
5
0
1
23
0
2
73
1
8
41
0
12
0
2
9
10
37
23
2
11
0
27
9
0
0
3
5
3
2
3
438
18
