1 2193
2 899
3 421
4 306
5 184
6 115
7 79
8 62
9 52
10 85
11 49
12 44
13 29
14 23
15 24
16 30
17 21
18 21
19 20
20 24
21 20
22 11
23 14
24 11
25 8
26 7
27 10
28 7
29 10
30 7
31 6
32 2
33 2
34 7
35 6
36 6
37 4
38 5
39 5
40 8
41 4
42 6
43 7
44 3
45 4
46 3
47 7
48 7
49 2
50 1
52 1
53 3
54 1
55 3
56 2
57 1
58 2
59 2
60 4
61 1
62 1
63 2
64 3
65 1
66 2
67 1
68 2
69 4
70 5
71 1
72 1
73 1
75 1
78 1
79 1
80 5
82 1
83 2
84 2
85 3
87 1
88 2
90 1
94 1
97 1
98 2
100 1
101 1
104 1
107 1
108 2
110 1
111 1
112 3
114 1
118 1
119 1
122 1
123 1
124 1
130 2
135 1
136 1
144 1
148 1
154 1
165 1
178 1
183 1
184 1
193 1
194 1
229 1
240 1
251 1
256 1
262 1
268 1
288 1
296 1
326 1
341 1
353 1
515 1
575 1
619 1
650 1
735 1
788 1
822 1
835 1
896 1
3453 1
