16
78
100
34
13
167
1
1133
62
14
46
31
22
2
912
8
112
53
197
8
3
16
1304
183
63
4
12
16
224
82
83
10
7
99
108
6
108
9
16
6
36
16
713
547
330
17
12
16
37
50
53
69
6
24
61
31
1
37
227
9
978
14
31
292
15
113
11
11
4
5
130
59
553
93
290
46
20
554
89
27
281
54
40
24
30
124
394
18
231
1
1966
7
8
47
27
67
140
16
7
6
26
662
81
50
217
1224
32
18
16
1932
818
9
2
2
155
3
488
89
495
18
96
548
8
40
3
324
50
7
111
42
22
121
3
10
185
6
40
582
334
738
2528
14
8
45
70
1
985
197
2
476
14
34
5
24
9
222
5223
18
22
149
59
139
849
216
104
788
28
12
110
16
1
1469
781
32
1084
17
92
3
109
35
49
267
230
96
25
559
1
165
17
9
7
278
38
11
60
7
5
2754
82
34
32
13
195
48
58
14
4
4
30
21
12
37
815
997
293
15
12
247
7
152
51
727
24
24
104
42
114
6
47
1
386
16
6
40
21699
18
150
15
22
3
27
13
2
40
19
171
5
34
409
27
33
22
330
59
16
824
124
309
19
210
86
135
57
45
30
31
3
67
7
97
6
27
6
697
340
4
66
18
5
471
69
15
8
29
15
1
1
469
586
202
7
28
28
202
140
101
18
64
55
108
3
352
68
9
15
186
25
1
90
36
35
14
14
57
8
349
315
45
40
24
8
52
33
58
7
369
4
24
15
12
97
127
2
88
270
3
88
154
75
30
778
11
112
559
6
60
13
20
216
12
199
4
279
737
11
2
150
7
12486
712
11
279
788
11
10
94
92
124
1713
2176
3
487
46
5
226
47
124
203
2355
7
30
9
22
209
151
10
10
423
14
38
518
233
23
32
520
31
11
19
30
9
63
35
52
160
37
24
474
171
300
35
819
12
24
25
9
10
49
7486
1187
111
22
230
13
15
8
176
252
80
1170
24
138
1
366
282
12
7
436
5
198
3
2
268
84
128
4
15
253
292
8645
18
2109
69
19
461
57
440
56
100
35274
1043
86
18
33
12
69
672
72
5
28
30
43
14
70
12
34
56384
65
99
118
3605
117
97
110
268
250
4
22
91
7
14
74
131
237
215
7
14
270
98
1
86
43
164
13
37
6
67
102
20
15
53
106
47
54
20
61
345
435
23
180
38
33
1113
3
303
45
631
38
27
186
1
13
9
30
147
162
12
5
252
94
75
72
6
3
1237
39
5
82
365
575
17
244
16
447
213
194
98
5
171
31
4
6
4
172
446
349
251
37
5
172
3001
536
11
503
173
399
1067
3213
944
44
16
26
7
12
61
354
135
314
10
390
201
14
70
123
189
19
11
1174
83
66
257
341
14
8
97
7
24
584
118
15
10
13
60
1934
36
149
13
1281
673
5
1152
100
0
69
36
167
212
3
59
16
3054
39
5
18
81
94
0
588
1609
4
93
821
1
4
62
792
18
95
18
128
5
34
980
14
1
129
101
225
10
2
1286
30
133
35
8
90
5
11
0
63
174
18
537
18
195
8
173
8
57
264
16
515
114
35
902
76
136
686
24
6
10
18
1134
629
24
24
8
309
224
2
31
35
2
560
10
10
7
11
42
6
34
469
177
229
40
564
484
29
67
497
59
25
35
4
196
34
23
3
6
59
311
8
173
23
152
321
27
8
17
154
5
74
127
40
8
23
21
8
2594
154
84
69
301
36
355
1498
24
65
11
1045
1
4
180
124
198
218
63
115
91
204
56
73
107
39
19
225
4
15
8
17
277
41
14
27
481
68
268
14
471
61
24
4
25
232
79
678
29
35
18
599
97
3
34
31
8
5
500
186
21
295
85
165
182
18
14
10
46
458
200
1
2
124
12
32
5
1486
34
2
2
635
1865
114
33
20
29
601
20
42
136
6
31
454
11
40
94
15
54
920
322
10
1524
36
46
22
34
170
129
142
62
4
4
16
13
27
917
27
343
177
44
9
1
9
112
9
4
49
50
0
82
11
21
4
27
160
177
8
79
212
111
11
1459
3
245
77
30
237
224
597
22
4
4
19
278
5
8
38
49
67
74
28
373
5
18
20
35
7
57
50
3431
128
70
48
17
14
6
12
143
5
71
142
9
15
493
182
4412
458
11
37
5
15
18
3
516
18
3172
15
1304
1627
18
32
298
4
37
42
915
73
116
548
28
20
6
71
4
562
2
20
7
886
248
192
6
11
60
12
28
80
36
31
25
85
5
208
22
162
23
4
10
10
325
41
39
5
67
30
74
622
52
372
39
76
3332
8
747
6
79
273
30
136
4
14
2
32
23
21
9
3
79
32
54
110
39
114
136
54
9
32
1
494
39
22
158
21
19
16
15
712
287
1927
2095
342
4
23
53
250
2
49
55
405
9
16
16
33
46
46
30
758
42
611
23
21
11
46
1694
20
84
396
9
2
8
155
67
31
21
101
59
6
21
905
13
27
3
853
430
81
738
15
226
7
76
123
28
246
57
72
21
8
3428
59
116
58
43
11
7
261
122
14
35
123
86
4
65
8
425
546
73
12
573
644
23
1655
7
2
3
61
13
25
13
313
66
20
1557
112
13
150
8
121
2
185
20
91
15
7
46
96
28089
243
48
28
107
105
39
621
22
339
14
361
119
541
71
62
238
41
4
1267
555
1207
54
11
291
10
6
26
42
6
6
141
4473
9
62
244
108
41
175
469
1786
112
15
57
37
41
17
18
160
0
12
33
12
552
11
16
9
5
1
381
33
18
18
123
6
114
141
1486
3
71
126
5
38
76
7
3
6
338
208
60
3
20
124
20
233
3
20
371
809
194
59
296
1266
19
11
3
3
41
9
81
6
743
195
1273
49
12
9
168
16
34
448
49
21
15
1
11
39
34
53
30
577
10
26
12
4
16
1
36
14
9
55
11
100
102
148
276
728
17
14
123
540
157
38
72
3
22
1130
10
1163
27
34
202
515
14
29
488
16
7
73
99
10
24
17
403
23
130
29
1197
136
161
369
989
4016
1
6
21
23
16
333
27
11
3
10
310
9
256
16
99
2
88
242
21
6
4
19
2
2
14
12
62
2
70
15
59
1198
6
62
84
16
5
625
5
287
14
6
482
255
158
161
828
9
7
2
6
10
821
11
636
35
101
39
46
332
50
10
69
196
23
4961
811
1
18
166
25
152
34
33
666
59
4
11
226
6
67
6
66
11
69
158
149
45
224
68
36
8
125
503
32
305
33
4200
9
32
475
9
7
8
84
141
7
98
31
58
79
9
6
36
9
41
12
984
129
28
20
20
41
61
149
76
4
39
140
53
7
87
989
1
949
26
0
842
140
2920
1
33
228
9
6
282
5
4
63
109
57
8
5
1884
32
18
32
2
200
174
12
473
80
501
63
898
98
12
8
54
6
22
33
4
6
208
88
12
107
654
0
19
51
18
484
306
22
60
13424
36
16
278
113
177
91
1132
22
322
166
13
1224
13
719
97
363
70
2
5
51
28
15
5
630
7
208
14
21
457
17
14
262
2
1022
21
99
142
127
624
655
2541
62
2552
348
38
39
17
28
86
853
38
96
180
107
4
49
37
383
17
10
16
3
129
14
491
554
10
9
673
35
970
20
161
19
23
811
89
5
202
57
274
6
152
579
243
6
3
459
14
10
20
44
4
267
125
10
205
72
2361
97
4
1
2
60
32
24
577
28
147
76
34
50
14
28
45
212
134
254
335
70
12
92
9
260
64
8
670
41
646
29
57
1
28
8
31
471
883
20
499
13
531
1184
413
596
35
191
40
27
62
29
394
12
50
497
3
68
39
10
290
509
3
2
9
19
57
15756
7
10470
1191
385
31
6
1590
8
157
1334
743
6
62
49
473
57
352
192
2024
504
13
46
317
53
41
17
148
730
183
119
168
29
3
95
10
29
5
22
52
3
1503
5
80
20
21
70
329
137
309
7
89
6
24
564
20
303
16
10
1083
3151
119
8
30
38
40
9
13
141
29
68
24
15
32
579
157
14
127
8
566
211
238
19
26
279
35
49
68
29
39
26
79
462
42
145
17
19
864
26
18
48
24
14
385
10
228
127
46
42
10
26
24
10
20
35
32
10
13
67
7
261
4
18
17
243
45
4
13
52
14
100
2
83
275
28
299
110
59
33
5
60
91
804
9
1014
7
1325
76
15
5
7
4
676
344
39
340
156
8
79
14
1384
82
18
203
197
1190
21
1018
16
16
937
9
12
41
39
57
91
20
48
6
5
121
73
24
50
31
50
32
37
2
30
5
28
290
727
202
84
4
13
70
6
72
105
31
56
76
4
120
1318
4
32
198
5
70
31
1029
15
3
42
44
418
6
58
77
38
104
2
32
460
149
334
31
64
7
60
72
166
22
22
341
8
39
151
27
132
11
32
309
20
32
58
7
64
14
10
24
31
1344
39
434
232
10
3
227
4
38
22
23
155
225
106
17
28
26
17
3
70
4
4
11
4
1111
145
12
2
38
736
18
210
328
223
1
13
29
17
30
11
52
37
6
329
28
407
27
34
35
26
27
13
1
142
1
9
7
164
41
6
38
53
13
113
288
291
3
16
16
45
15
32
20
37
31
96
400
6
9
865
628
5
16
12
19
27
117
41
77
14
830
59
65
15
34
495
42
4
11
166
118
16
36
83
7
472
13
20
597
25
472
473
3
13
94
37
8
11
1032
19
27
9
59
436
153
475
7
4
230
22
14
8
177
189
1082
12
10
264
801
2
154
24468
21
94
127
5
89
444
17
28
18
18
632
11
24
13
12
899
14
15
359
862
41
18
63
62
80
5
3
50
98
18
1
160
137
202
128
60
24
23
2327
64
90
58
59
6
12
114
61
62
14
40
55
9
10
90
4
12
14
30
23
29
10
125
14
14
9462
146
11
64
45
29
48
32
29
14
1488
3
16
45
1566
136
13
54
272
861
14
27
36
24
60
48
63
7
132
6
90
18
265
231
34
37
114
1905
87
446
22
146
425
12
20
675
97
42
143
601
5
337
105
22
1
497
85
164
73
2
26
17
100
11
150
619
54
29
28
6
40
82
16
45
51
9
45
170
63
7
20
2
471
3
574
19
16
37
125
1415
45
88
450
8
26
40
1343
235
4
7022
19
1511
416
26
28
59
282
41
121
17
7
4
68
49
26
58
0
20
29
14
16
200
7
50
1813
310
3
4
39
10
17
24
107
8
9
8
19
62
188
62
3
41
34
134
2
61
10
1
86
84
32
184
34
0
21
40
4140
140
49
475
16
5
39
42
3504
5
10
10
5
9
11
3
2307
34
11
36
1193
10
793
53
0
22
6
42
425
18
13
19
2551
12
57
251
70
9
19
105
11
160
170
23
1989
30
10
584
10
28
5
46
1
17
12
224
21
4222
108
12
51
16
2093
182
17
221
23
10
12
69
548
92
39
98
12
122
164
23
1
3147
255
8
255
192
8
12
236
10
25
76
30
17
79
56
876
15
8
17
40
1623
21
59
30
525
3
3704
72
38
173
561
244
96
2
53
538
82
24
19
21
70
4
13
201
472
10
92
103
42
33
156
34
223
37
263
91
5
650
1
689
150
8
1503
28
1386
22
1000
27
107
44
55
3
16
8
27
187
8
8
29
12
8
61
500
40
125
127
164
204
82
1
121
150
540
34
50
436
34
21
30
1222
9
108
73
21
14
194
10
1
324
4
18
3014
875
78
383
8
337
82
31
141
97
24
13
1
103
104
44
83
23
47
41
3
39
321
4
46
5
14
10
22
82
15
672
151
90
29
1639
628
18
535
23
100
163
20
3085
47
760
46
12
554
285
660
443
162
8
31
36
32
69
33
721
11
93
159
17
2
4
66
74
6
329
7
431
89
25
32
61
6979
32
130
45
181
1527
3
227
6
32
131
3
69
80
5
6
310
134
763
73
14
69
4
140
471
47
44
1871
27
29
3378
39
49
4
86
51
67
49
476
226
46
29
68
7
6
72
297
45
2280
195
95
12
9
26
0
203
11089
103
25
68
561
7
7
789
27
89
14
30
415
116
101
17
27
893
102
65
17
19
751
209
72
868
44
14
94
101
222
1143
11
28
24
45
2
137
14
8
41
691
356
2440
160
72
62
515
48
219
1
41
39
12
418
76
53
339
11
50
82
638
102
32
15
3541
30
271
17
112
1
30
98
41
5
33
637
3
38
37
142
68
711
348
167
34
71
363
32
4
59
261
7
222
13
1
0
3
9
412
30
68
15
11
5
9
4
15
360
11
25
232
232
62
10
24
6
18
3595
207
15
291
46
118
67
9
374
279
32
6
400
50
29
518
25
10
18
18
8
528
116
12
9
49
886
53
7
1
82
606
57
6
24
23
1
38
92
12
480
30
67
508
119
14
66
113
6
361
19
476
81
52
6
204
13
2
220
91
28
10
827
22
16
53
350
62
189
37
350
11
18
476
72
498
247
68
23
9
893
30
27
24
44
249
6
40
1460
54
279
9
56
28
36
188
4
181
156
23
17
2
36
15
13
109
14
28
973
569
177
77
571
283
95
27
437
46
160
33
1
5
30
11
792
143
129
25
128
73
4
163
30
37
1
4
12
7
7
121
11
3
983
2
23
236
47
8
45
31
1590
3
8
43
5
96
2
132
3
83
26
728
46
199
681
48
12
407
622
31
14
62
17
286
6
38
97
14
19
60
1135
31
390
18
387
11
15
766
1
131
14
15
42
11
16
39
1
1
15
92
789
295
15
215
32
14
43
9
106
7
95
63
38
20
242
499
45
206
5
8
0
91
10
2
106
250
41
746
47
12
3
165
140
17
27
7882
272
26
21
238
92
18
52
16
13
46
1512
22
64
13
52
1460
1446
235
4
21
9
58
32
893
21
142
48
9
4
50
30558
28
83
168
7
22
0
16
370
22
3123
23
22
7
129
771
23
9
7
36
511
56
32
195
8
298
342
80
11
620
22
156
3
260
4
365
8
188
28
35
4
17
93
17
125
21
10
36
151
4
49
1
377
81
10
2
7
45
63
49
1
491
67
9
60
158
364
156
10
67
597
44
1418
40
44
583
64
1782
11
750
21
649
422
25
24
452
112
1414
17
10
2
8
424
609
248
7
251
36
8
17
552
124
52
55
227
71
53
77
140
55
95
5
39
17
201
4
93
11
21
147
48
233
84
98
14
42
714
126
53
1886
2325
40
43
250
34
2361
17
8
74
447
94
13
24
38
32
144
133
58
1384
62
10
1
16
64
83
1280
44
144
5
494
57
23
56
9
12
45
3
910
26
221
11
12
588
6
261
41
42
17
9
159
38
13
105
11
14
541
79
9
7
198
62
115
124
91
139
61
66
194
12
6
1259
61
37
50
5
33
29
17
32
20
2733
48
15
10
42
144
149
5
2
27
5
212
8
15
4
6
42
139
1104
133
5
30
4
8
63
42
536
184
611
128
7
399
6
17
4
23
10
116
304
14
9
10
17
16
50
97
107
166
2
105
141
20
1274
24
559
56
88
72
754
86
6
158
1199
8
35
5
111
20
5
38
45
36
7
503
25
93
8
488
1630
11
89
235
180
53
1593
6
131
471
134
8
67
711
101
435
14
15
49
71
760
0
53
6
64
8
63
17
6
45
43
8
3
25
2
403
20
12
18
29
125
30
29
75
245
53
14
6
137
864
12
53
6
433
47
12
24
45
2
15
10
70
13
10
27
26
31
4
556
14
102
661
14
204
1044
103
7
118
85
4
73
29
10
4
186
592
172
22
780
20
5
79
22
22
53
28
3
49
2
5
5
3
4
47
55
910
300
24
164
110
73
35
79
32
27
20
17
64
162
32
40
48
22
20
220
19
41
80
108
104
26
594
71
31
11
43
39
9
44
505
35
247
39
37
159
30
37
67
119
15
37
10
22
428
762
7
44
27
1164
10
1284
11
531
1923
18
225
115
5
18083
53
56
7
33
18
9
104
5
7
21
11
2655
29
39
4
612
105
125
113
5
264
2428
91
3101
9
142
119
3
20
31
26
8
126
1311
2
28
3
35
39
18
43
21
51
141
727
259
242
13
11
23
273
11
151
179
11
346
4
30
114
179
38
22
48
16
89
144
11
901
78
99
8
804
12
917
6
12
13
184
12
18
6
43
0
27
70
14
46
35
99
18
274
36
355
313
114
170
4
5
47
2398
6
55
18
3
204
77
192
12
9
202
290
35
12
3
129
5
453
11
241
19
104
416
10
1024
2377
8
0
41
22
6
13
9
338
33
22
12
25
83
149
62
11
105
11
18
219
121
687
53
160
174
70
14
333
210
76
88
49
70
20
7
272
4
3
36
24
2
16
7
66
63
244
2
4
21
118
9
160
17
66
53
5
84
30
11
6457
14
177
100
27
8
2
72
90
63
7
5
56
222
1188
20
12
23
0
94
488
9
15
184
3
58
117
269
69
4
115
9
110
11
571
48
872
128
53
99
36
17
47
21
19
8
43
16
524
114
12
300
915
307
103
177
451
3
1528
2
526
27
10
662
9
349
18
41
4788
126
27
185
5
10
69
70
10
93
6
52
110
21
168
368
776
1217
72
120
16
6
17
8
953
53
192
19
70
23
12
79
1034
734
3
128
53
22
13
244
60
4
365
12
15
44
226
31
29
372
16
13
552
497
11
2017
737
284
29
95
40
36
3
21
524
3
421
0
33
4120
57
1211
175
3
14
607
236
11
87
2
13
6
489
50
43
72
7
5
7
11
14
44
204
18
672
37
11
40
44
152
11987
1
71
16
4
27
43
7
4
39
98
10
6
189
33
4
242
108
120
8
65
8
29
133
92
5
202
152
12
77
171
112
12
23
1364
18
4
293
214
35
14
28
240
1
3448
82
2
106
352
8
35
60
14
31
794
18
307
198
2370
56
150
33
200
20
32
9
116
4103
5
59
17
47
8
26
28299
455
68
141
35
2053
22
203
200
32
603
34
36
27
26
114
22
31
17
759
148
29
323
8
4
167
96
11
34
58
493
21
114
78
71
14
16
101
1011
15
5
59
113
9
90
4
582
46
60
60
359
0
281
8
8
1030
10
4468
126
92
7
213
674
9
158
221
91
6
55
2
16
2
472
70
8
32
164
4
39
85
738
501
15
12
2
93
4748
46
38
2388
142
18
37
117
3
41
63
168
22
129
344
14
35
12
1961
230
19
113
635
22
16
683
13
18
555
3
8
214
89
3
6
19
103
227
5
261
127
598
36
9
40
9
174
314
18
16
50
115
402
166
69
56
27
48
6
113
111
98
22
36
1
24
206
42
45
5
8
3
12
1301
139
367
26
42
13
19
86
87
39
167
201
25
30
40
26
10
4
120
22
130
11
6
25
139
1680
14
109
183
1
98
25
316
39
51
94
7
14
65
2
14
91
14
67
7
12
3
82
146
19
11
18
23
147
297
216
406
158
643
24
100
104
101
29
27
12
50
391
12
97
13
252
12
33
591
12
19
520
31
55
126
305
33
34
123
11
69
183
526
293
31
73
1004
3
12
6
36
56
53
1
422
975
27
229
154
24
71
7
5
98
9871
82
11
13
492
5
50
121
9
186
10
6
53
101
78
51
34
20
41
2
854
69
45
15
6
468
2
42
30
35
77
8
24
341
212
33
445
21
19
463
20
165
603
17
47
115
64
34
833
27
19
18
1173
2
7
317
54
36
498
22
202
16
92
24
13
4
8
480
2
16
19
3
9
51
14
12
25
2
841
3038
205
18
46
2
44
4
213
19
8
114
56
8
571
13
46
691
13
60
260
308
103
21
15
20
4
16
227
34
65
4
14
108
30
563
25
66
4558
111
2
59
23
233
95
83
115
19
12
95
747
13
58
5
78
249
41
34
0
52
25
1034
9
3
108
99
668
17
34
2461
10
18
165
69
27
5455
44
70
27
33
38
1309
5
829
12
40
10
79
75
7
58
21
60
10
133
6
32
83
6
28
573
67
26
7
59
2
64
138
11
270
19
1
90
19
32
10
90
1
27
9
2
33
7
1456
3
17
11
194
8
136
87
784
266
88
79
13
16
4
20
5
53
18
7
68
14
7
61
20
38
21
218
378
16
5
180
73
98
3
93
2
292
44
38
2813
17
82
5215
26
28
22
115
69
22
13
10
15
16
15
476
15
3
32
132
18
39
11
13
569
77
8
21
406
23
9
14
14
14
46
56
118
14
153
3
148
25
4
4
3
19
159
344
69
4
11
13
22
85
5
23
27
324
17
294
54
16
27
45
210
267
104
31
33
190
1568
348
1
30
5
26
42
182
0
40
18
247
242
8
3
21
3
44
91
21
240
8
34
66
183
1
98
23
45
74
3
13
241
9
79
4
23
51
116
44
13
82
29
51
9
16
21
7
25
215
40
83
177
1697
367
8
52
279
11
434
56
9
60
23
10
49
213
203
356
82
277
9
237
140
6
37
24
26
677
15
6
12
17
11880
6
30
6
167
395
27
34
706
24
178
465
18
16
2
66
632
11
3
2
4
7
1263
3
264
2
2
16
24
8
87
80
19
21
14
15
36
100
9
11
57
18
175
40
7
9
145
143
144
53
18
49
24
6
45
16
11
267
382
14
5
1495
18
6
92
198
5018
823
30
372
137
20
8
17
336
222
47
21
29
24
737
62
22
21
35
7
172
171
50
7
511
1643
16
42
516
19
9
469
221
617
25
7
630
2
36
51
36
2350
36
34
47
7
20
11
10
48
53
9
201
114
21
119
37
1
82
313
234
5
35
9
28
0
28
18
675
62
566
8
40
871
106
94
71
150
39
13
44
0
157
29
58
114
7
28
109
39
403
14
84
220
114
49
9
6
25
404
34
7
154
26
35
41
1
149
90
299
12
15
23
86
14
84
39
5
8
14
14
247
13
53
543
11
97
69
9
1896
5
150
31
1
4
5
19
112
35
28
66
6
68
38
23
11
6
4
379
8
6
35
1194
54
12
9
1577
1361
14
35
1303
58
13
129
7
4
6
3
14
154
85
117
4
46
14
11
59
14
518
5
11
19
196
9
811
165
14
41
35
64
8
22
0
229
6
249
202
6
968
73
38
2
81
5
15
122
39
108
59
228
378
15
13
1270
37
59
7
18
17
96
15
16
174
17
9
331
13
4
212
17
147
998
35
138
210
9
2896
444
73
1793
1127
1
127
1013
33
237
9
11
158
92
5
28
289
12
274
41
4
53
98
544
224
364
76
125
139
26
238
9
1
14
1207
1
51
12
2
170
25
211
1
674
238
35
24
14
1
4
693
36
819
52
98
59
212
35
145
238
3
354
134
173
50
50
9
99
65
30
1
407
25
1066
5596
8
39
61
215
42
65
6
104
81
8
191
67
214
2458
2
68
52
53
268
841
19
20
140
13
4
22
79
2
400
1589
82
1
18
3
4
7
149
7
2453
13
6
323
814
8
7
152
205
2042
3
4
228
15
22
119
16
6
63
615
18
34
33
38
116
55
19
285
712
246
286
2
201
5
4841
158
62
9
29
419
1644
28
117
13
173
111
78
18
80
1
1221
985
13
18
15
164
5
67
211
46
26
36
56
31
94
1578
18
86
16
5853
62
3
95
6
7
152
11
391
0
197
5306
146
18
41
78
2321
166
184
2239
20
271
33
3
10
21
34
24
142
3
95
28
46
302
13
16
1
79
212
12
5
643
381
77
32
406
35
1025
2
494
27
13
17
11
67
20
1100
1046
122
651
16
34
31
184
26
244
5
41
656
48
34
3
28
15
260
384
2089
7514
1520
5
2
63
80
74
95
1007
81
8
90
63
91
69
90
46
160
1500
105
769
160
97
84
0
639
314
14
47
1519
118
2
514
158
5
2
952
9
939
26
139
54
14
54
15
698
13
47
4
4182
12
131
122
1
97
62
504
144
34
3494
7
7
91
2
32
75
128
30
89
83
23
25
4
171
27
191
43
28
620
24
14
0
38
148
253
7
3
22
24
427
3
61
297
28
193
9
1309
94
266
71
350
22
68
27
2
77
9
6
3
7
18
24
459
97
12
256
450
17
3
4
15
1062
2
432
79
6
242
4
15
1
42
468
19
563
13
2
13
606
67
9
87
17
7
43
7451
11
43
481
478
802
14
415
356
292
62
126
85
12
713
1652
13
15
89
2
8
15
24
609
40
1313
15
20
15
215
265
1485
17
795
944
46
18
8
6272
36
107
420
52
9
2
622
67
0
237
53
4
79
144
33
662
72
475
38
339
82
59
7
225
6639
1
65
890
25
52
1026
62
6
18
306
26
1
55
31
302
6
2
23607
223
1411
42
77
10
10
8
20
4
193
23
52
185
28
197
552
528
82
18
120
4
58
433
242
33
9
17
198
1661
117
1
17
30
33
197
162
407
119
1836
32
2103
19
21
37
1124
109
780
31
127
201
1735
44
437
2
30
15
18
215
328
22
2
52
13
7
120
9
32
23
15
34
128
760
5
12
8
46
816
483
44
43
483
116
4
17
11
9
6
6
5788
31
238
4
292
30
151
613
1010
22
18
6
38
55
1340
29
5
9
487
35
344
7
493
23
36
3
106
0
12
62
19
2
587
462
11
10
4
17
826
8
22
624
7
1
6
481
21
110
322
10
14
9
7
4
19
6
13
80
17
51
24
241
354
1
298
19
20
156
1798
631
295
852
36
102
24
276
228
12
2
5
20
106
6
118
65
20
262
21
38
34
77
15
32
1
14
31
115
181
16
54
758
427
156
2
62
6
43
235
53
18
39
233
20
10
8
38
37
7
118
62
58
1195
67
865
2
172
219
139
28
7
411
2
27
22
40
147
12
51
32
1416
536
92
92
59
43
2027
4
11
17
228
1
147
3351
125
26
482
159
27
500
8
11
288
9
81
93
5
17
54
8
74
8
515
18
18
17
10
97
29
50
329
21
211
41
234
5
66
31
347
50
114
110
12
29
10745
36
44
78
22
404
40
7
16
2197
5
256
10
81
1
79
79
54
185
1207
33
19
49
27
201
6
16
18
7
341
47
97
39
25
680
6
17
107
60
808
52
324
32
10
38
284
42
12
63
9
28
14
0
195
65
154
2
872
113
7
261
7
12
20
110
295
520
4
4
238
143
30
1
18
51
703
9
70
224
623
4
93
18
132
22
71
15
2514
462
1006
225
16
71
99
36
480
32
19
5
26
78
24
47
127
11
128
8
60
493
243
0
108
44
32
14
11
36
219
831
1083
32
497
35
1267
26
17
13
1
120
32
21
191
312
36
471
8
103
2
45
8
83
149
104
3
172
33
11
35
5074
5
130
971
4
5
14
124
72
7
112
10
10
431
15
488
19
145
5
1664
283
45
35
12
42
312
479
1263
276
138
11
6
12
56
265
29
42
56
21
11
54
99
1
90
81
30
8
494
191
97
37
1091
127
259
10
119
63
16
305
31
114
35
91
27
243
25
90
37
17
19
295
216
40
17
38
997
95
137
3021
14
209
27
47
255
61
28
20
13
493
4
4
17
35
376
19
5
9
15
84
4
29
3
27
137
158
9
105
125
56
7
2346
5
10
1199
15
229
31
739
269
18
72
503
28
13
11
863
134
101
21
66
8
4
255
35
18
2
9
11
48
210
5
3
62
330
17
9
109
23
2
15
22
4
119
13
99
68
4205
96
6
494
17
58
19
11
1531
21
7
1552
17
1122
13
23
28
2
257
83
21
10
148
14
379
236
131
45
16
32
5
48
92
977
133
3
22
2
217
283
16
32
15
320
12
78
970
3
31
63
26
90
59
23
58
4181
5
126
1
1
1233
2
18
18
29
15
8
142
154
155
21
141
135
619
12
7
329
464
16
9
48
288
106
6
211
25
275
28
23
14
32
10
16
26
26
26
73
30
77
16
48
21
7
124
106
37
9
76
289
5
3
16
39
133
9
9
9
230
36
17
247
57
1092
9
67
411
1273
13
2
14
13
3
85
24
344
874
18
325
56
61
21
80
20
3
7
16
525
1
458
68
69
4
158
61
5
230
255
1050
6
19
9
29
36
7
21
24
512
15
27
3
53
16
313
689
26
9
554
61
12
181
4
550
25
19
14
33
806
23
3
2
4
144
6
48
114
10
58
1572
3
6
32
3
120
31
115
14
111
49
70
151
131
63
180
1
16
11
285
32
131
4
8
286
7
49
937
5
66
111
45
79
13
97
26
59
1914
295
6
480
45
213
533
164
106
27
80
2647
209
6
32
38
51
65
20
20
2
69
54
0
24
9
76
26
52
155
11
23
9
30
11
215
13
14
29
5
1
7
968
188
21
956
17
4
107
38
33
133
32
7
1188
9
258
13
7
7
82
4
52
3
30
1537
184
44
67
7
84
2
0
95
254
36
230
50
34
92
10
155
4
1718
30
6
12
28
386
16
52
31
26
626
16
19
5
43
10
257
16
49
11
39
16
35
262
3
65
107
299
6043
1156
24
0
1142
90
98
3
77
81
6883
2
26
26
6
373
17
1527
2063
4
554
29
56
1495
85
34
203
54
524
43
14
3028
4
214
2264
30
211
213
6
36
1475
15
99
1
439
4
19
137
7
8
49
9
11
44
8
10
20
38
4
21
6
157
42
100
6718
3136
476
757
6
129
133
8252
223
21
157
17
14
413
172
119
896
109
2
652
377
11
6
25
9
7
233
16
707
149
5
656
90
484
71
370
3
345
74
19
3
104
2
52
22
10
57
45
18
28
30
22
38
1199
23
16
232
3
15
16
10
4
24
193
568
42
64
51
2
4
64
7
106
15
148
709
24
1927
12
26
80
14
708
27
1872
17
283
679
14
63
886
118
30
603
11
717
17
68
3
5
9
18
2662
2410
2
1268
66
57
13
53
3
50
13
15
89
10
4
0
1373
1463
10
97
263
120
24
516
48
11
513
1
255
13
299
88
22
275
24
13
20
8
3
4
54
7
8
165
130
1185
25
358
42
51
65
5
16
6
25
13
129
86
298
423
5
2
1265
54
147
11
117
91
147
5
174
31
45
23
3
29
43
214
43
1452
37
5
7
13
85
6
171
3
227
31
816
20
359
4
5
31
61
127
18
73
23
494
78
257
21
39
26
229
146
132
99
30
34
17
10
74
30
127
4
729
19
7
53
17
67
174
88
53
92
277
7
77
18
147
7
2
168
8
49
94
378
145
9
4
10
43
9808
1048
2
246
241
25
638
308
174
9
113
37
30
25
29
16
7
10
10
114
1116
57
358
557
15
78
114
69
14
20
83
19
28
21
45
718
284
27
16
5
1230
1862
25
59
7
21
32
36
63
9
74
391
46
813
5
12
100
151
79
6
125
140
10
31
32
1275
151
25
62
117
3
24
7
147
29
526
3
4
86
86
60
14
119
25
7
604
32
213
289
226
30
3
159
650
170
2
271
2
26
1
49
35
55
718
4
18
735
8
78
35
27
45
517
24
73
4
1
2676
1327
21
1934
24
20
8
11
3547
21
32
6
33
34
17
13
5
51
50
17
95
9323
507
171
298
5
6
339
8
18
380
88
21
487
35
119
22
41
8
15
3
20
181
1
9
5
361
8
36
23
30
8
1747
206
705
1089
56
5
6
35
5
189
169
9
29
8
115
7
153
310
178
138
71
75
489
346
116
111
36
5
193
2119
21
178
6
32
231
6053
48
23
501
8
47
15
16
28
94
38
54
11
2
197
83
26
37
12
10
20
36
23
39
97
1495
4
220
61
207
41
4
5
38
10
76
24
198
8
7
860
5
41
12
128
18
556
341
10
12
319
67
327
468
14
35
118
260
22
78
5
32
14
154
8
18
46
16
14
52
894
25
16
2
14
2
21
11
2
2886
67
8
671
152
42
23
18
3
25
6
13
79
49
9
8
63
16
27
48
717
92
3
7
11
20
3
89
11
10
2721
12
176
91
9
47
14
59
112
467
22
1347
28
29
5
20
208
334
18
10
9
8
496
43
40
17
21
18
160
108
86
1028
81
7
540
286
19
34
212
511
37
158
7
5
4
16
408
11
439
8
115
0
1672
16
785
9
12
7
678
15008
74
1474
17
8
30
520
126
42
10
28
142
14
8
523
2
22
23
21
95
19
6
33
660
10
235
3
271
241
49
5
3
8
9
24
9
29
122
25
30
3
296
15
5
108
1
450
11
271
19
152
0
68
54
22
643
44
170
233
89
1
56
198
22
105
44
207
853
517
24
238
7
25
111
120
69
9
5
20
2238
6
16
89
28
26
56
14
1
4
142
791
94
26133
21
29
1431
6
256
545
180
1847
30
863
30
258
6
97
5
13
5
24
6
50
214
22
43
4
161
110
492
8
33
28
11
173
95
93
1481
32
53
7
50
85
910
19
25
137
994
5
4
31
590
809
54
32
0
76
3
37
28
4
134
7
5
2311
11
2539
38
24
43
35
13
116
51
14
725
164
24
102
10
11
38
30
6
34
1858
12934
164
58
68
17
5253
278
36
98
5
487
5082
174
123
255
15
29
0
1537
56
32
15
73
2
14
150
374
8
31
9
482
7
218
15
117
827
3693
23
152
70
4041
194
590
36
143
802
54
222
70
291
279
13329
33
167
420
68
6
34
35
5
23
1079
1
5
377
9
6
150
36
26
9
190
8
297
32
9
191
116
14
43
29
35
675
9
0
15
4
375
55
17
46
6
2
250
12
6
13
4
407
19251
3
154
14
4
5
18
27
15
22
3
74
227
1000
11
9
8
8
11
65
297
46
354
283
7
41
53
236
29
10
7
599
313
24
685
36
10
22
3
17
24
4
470
26
38
32
25
47
19
23
14
235
65
7
8
25
15
1071
37
8
1
99
108
275
15
490
38
21
4022
133
3
3958
45
8
341
26
281
14
217
272
20
7
21
121
208
39
6
147
56
19
1
90
179
140
1267
177
66
35
3
29
8
17
49
71
9
91
1
195
18
13
1737
57
517
607
30
15
326
105
77
3908
2
79
184
1
83
58
13
46
52
18
397
550
36
7
994
34
49
224
491
131
218
16
6
2
5
0
8
21
1077
437
3
20
61
46
143
1301
45
11
220
22
139
314
23
15
131
2
33
4
38
50
8
13
31
5
22
124
153
42
329
18
107
26
196
5
167
281
4
23
5
8
6
10
23
11
31
22
58
94
2552
31
47
555
570
172
33
8879
664
0
94
23
31
1692
76
7
29
0
3
27
8
60
3
10
2844
212
8
48
229
13
13
476
3
41
400
51
1
49
33
18
68
8
17
19
12
79
29
70
639
434
341
199
19
29
9
10
1
5
181
1136
1416
79
214
3
20
23
94
4
453
17
15
9
36
34
862
74
237
67
325
4
18
256
105
2767
1
147
109
1176
4
1422
21
143
3
16
43
52
298
45
606
296
1
336
2
114
213
21
162
10
32
6
609
3
57
39
220
36
5
41
323
5
515
0
61
5
11
4
72
19
16
16
481
8
897
4
29
17
57
28
25
438
12
27
20
55
186
20
17
396
102
2
11
11
3
68
4
13
68
10
4
316
11
19
1440
1105
66
16
9
101
83
280
233
14
42
47
86
17
4
5
3
109
410
11
209
69
758
2
163
59
28
600
15
58
336
91
6
112
6
54
557
83
102
22
165
7
26
22
16
476
8
4
21
271
12
5
4
12
270
29
19
52
6
142
45
36
22
175
32
23
240
13
12
9
55
12
14
9
42
6
773
22
18
15
54
22
87
76
50
46
12
28
2880
40
37
2
149
82
103
11
75
230
151
119
21
45
34
29
6
108
17
52
1798
11
8
52
325
50
31
22
283
14
25
6
7
3
72
1045
11
723
313
11
61
37
10
40
1186
28
16
409
11
209
13
10
35
196
6
15
108
303
135
8
22
33
56
10
921
9
44
39
1
497
73
353
1
193
16
23
4120
24
849
23
34
1
212
34
16
18
94
8
10
5
45
181
22
11
52
6
573
47
132
208
112
286
111
25
8
17
217
29
19
846
113
6
10
2496
137
76
0
2083
84
19
34
0
4
661
182
5
313
311
166
3
29
45
162
21
3
586
5
12
210
51
60
42
22
28
6
15
7
4
17
33
1
21
690
7
153
7
10
58
6
667
6426
20
19
58
6
98
2
32
322
5
22
290
86
215
4
29
1
9
9
1643
494
168
64
35
443
926
7
71
85
11
41
17
310
51
43
3694
71
49
731
7475
26
178
15
49
28
52
3
8
10
209
110
2436
81
6
28
8
10
1253
35
1397
31
27
63
719
143
230
2
448
442
58
118
28
280
66
80
3
275
31
165
237
22
24
82
20
44
22
7
6
20
7
5
39
214
12
15
310
16
6
5
129
38
75
8
22
35
48
260
2
7231
14
40
18
23
124
43
5
19
53
9
156
475
84
266
1
43
798
256
158
27
284
27
24
10
279
74
2
200
62
8
286
588
563
25
20
8
37
69
176
241
97
30
28
16
37
13
14
157
283
44520
654
34
18377
454
323
3
15
76
62
12
930
28
26
1270
106
10
1000
372
20
153
22
16
46
159
645
92
28
29
13581
202
114
56
5
674
26
436
164
341
955
125
208
68
18
7
37
23
13
9
1301
3
52
619
479
1
22
26
12
18
25
48
39
71
164
54
99
492
2
21
29
592
183
11
2
27
469
13
13
44
138
192
16
3
3
16
502
30
1185
129
8
196
4
48
336
35
43
16
18
1703
2
11
2
824
1535
6
112
40
14
262
23
2
7
44
15
128
372
301
57
8
2492
2
59
59
9
234
84
842
58
19
162
249
9
909
54
51
40
37
12
11
880
46
405
233
9
12
615
28
360
245
2
17
1129
40
300
779
49
2
40
254
102
19
19
151
16
304
142
107
10
13
38
159
15
34
3
172
30
0
24
213
8
117
44
16
54
96
117
48
131
37
50
626
42
53
13
268
611
2
138
3
32
408
5
86
8
28
30
63
31
349
3
45
21
178
64
37
303
22
2684
51
17
65
189
33
42
1476
21
676
100
23
63
76
10
48
10
132
31
36
25
33
55
87
55
290
10
284
43873
26
4496
16
487
207
101
38
13
1546
276
25
188
34
15
74
17
21
1
23
127
6
751
489
22
17
188
13
39
65
5
128
9
658
1389
27
28
51
1600
96
83
10
126
241
393
78
8
811
17
24
29
10
31
11
16441
235
691
28
351
20
57
143
3
3
5
19
26
5
1319
24
50
57
27
794
251
294
526
51
25
2
2
33
19
43
71
30
123
479
1084
20
718
400
1
62
131
57
16
48
59
9
244
5
11
14
9
49
23
377
44
64
6
259
303
575
13
6
52
109
17
9
793
101
7
168
166
216
113
11
372
21
82
9
41
40
19
57
96
27
152
1008
21
14
34
5
11
158
285
89
740
37
126
72
49
10
63
6
24
24
128
33
90
37
22
191
78
2141
7
988
273
174
45
6
23
57
515
10
57
36
6
129
318
1082
70
27
113
33
80
97
19
26
0
23
1553
730
180
593
55
94
20156
17
36
6
354
5
110
1016
1558
92
5
115
65
79
11
116
670
74
63
7
6
117
245
134
42
50
20
26
55
198
12
25
9
73
660
788
23291
16
7
13
18
41
3
23
119
991
82
39
266
301
3
11
2
313
49
12
108
3
785
9
42
9
33
8
31
2
19
103
1
47
273
55
3
1492
4
259
6
6
15
6
79
4
51
438
23
15
55
40
52
266
22
46
47
260
13
130
2
150
4
71
12
4
8
5
542
6
23
38
77
35
9
335
39
1096
227
214
90
58
189
227
53
27
56
10
19
202
8
63
658
12
1071
557
1286
2470
2679
34
45
26
12
6
16
3
28
41
14
2
2352
16
48
19
20
201
40
13
53
17
22
73
1358
675
137
6
483
5
19
5627
193
30
19
8
480
333
1
273
22
4
706
25
55
4
177
5
280
98
8
226
65
95
73
2710
2041
59
925
111
28
5
22
10
32
26
641
20
30
18
0
2593
724
12
29
645
12
9
24
6
1813
25
1137
16
8
6
476
11
718
15
22
5632
23
223
242
30
5
0
313
25
16
152
55
12
3
105
197
44
78
742
58
16
12
1534
13
158
3216
30
232
478
304
9
38
32
49
15
241
4
7
5
3
8
38
16
775
2
95
229
176
11
116
306
339
7
21
23
63
16
0
14
10
444
55
15
4
79
2
27
26
252
387
6
7
466
0
1
52
278
57
326
318
1
63
196
14
9
139
58
285
37
9
52
188
34
458
325
7
2462
67
53
10
72
7
89
42
47
57
189
20
365
75
190
223
15
2524
51
4
1671
49
14
10
46
1618
14
64
1263
30
17
19
2540
760
2844
24
259
40
111
185
8
17
46
16
169
93
43
1051
18
768
614
143
0
2
150
950
559
319
57
2
64
3
6
370
59
9
25
342
8
13
274
153
479
28
15
12
2778
14
9
42
60
8
6
5
37
11
490
4
196
537
265
134
545
42
329
120
9
106
3
132
123
1110
6
21
26
6
2
56
8
26
11
320
15
103
15
21
35
4
500
839
398
35
4
858
654
427
5
14
58
81
32178
3
45
27
47
7
5
64
34
141
9
9
100
174
46
12
519
19
36
643
11
607
59
36
13
71
59
49
66
17
7
6
277
470
75
93
78
74
38
233
9
23
24
9
9
58
35
33
392
8
14
37
5829
1609
10
57
613
755
5
337
6
13
13
88
1286
1267
19
41
25
75
11
7
9
477
16
18
10
14
57
3
83
69
6
504
0
19
75
10
406
407
726
2
48
40
39
22
422
23
4
21
38
103
324
8
35
18
1160
3
29
69
19
492
5
4
141
203
1280
6
15
4
865
38
12
462
15
79
6
66
12
42
34
39
115
20
263
2
8
218
14
37
6
24766
19
115
44
216
347
9
610
4
43
19
148
188
58
4
5
10
45
12
84
22
63
599
2961
50
4
86
8
59
11
73
12
26
3813
15
1
20
467
106
383
165
5
154
3
51
53
110
11
70
18
190
472
103
3
2
22
135
930
434
50
60
11
145
2
334
4
81
51
54
60
30
12
91
33
1625
27
43
2973
14
22
959
6
2
638
270
43
22
34
2082
22
75
228
35692
886
1874
189
75
10
41
77
9
69
116
78
386
9
7
1402
4
18
47
81
20
142
8
14
4
71
11
99
60
15
75
21
6
7
5
231
39
14
46
140
5
40
356
47
11
81
241
2
9
16
786
102
140
101
58
12
89
10
8
11
107
111
5
21
28
5
76
78
3
12
159
2
41
30
354
96
34
3
645
1
150
8
4392
50
159
47
1
14
11
186
17
8
5
16
12
47
11
187
47
72
203
1847
661
25
20
4
777
16
69
119
614
29
8
16
10
12
48
20
233
522
9
184
33
59
3
76
197
11
4
409
166
9
129
12
9
10
28
238
9
4
46
26
234
162
29
2859
10
86
340
8
50
83
38
62
20
438
17
5
187
27
8
2069
1368
34
20
45
3
228
31
38
50
100
45
44
3789
19
12
297
460
150
581
495
364
19
81
3
60
19
36
539
13
52
56
8
7
10
77
67
7
13
9
85
4
422
38
1152
1749
20
67
3
14
77
28
5
26
15
20
3
871
31
43
307
19
64
26
14
38
15
17
16
1466
207
83
633
431
34
1625
145
395
30
21
10
34
3785
41
1272
458
71
24
6
24
15
1311
110
3591
73
21
17
8
97
101
85
109
18
10
19
8
40
449
182
686
41
1950
32
1579
192
18
20
53
21
12
119
50
9
20
29
44
9
179
7
18
7
166
8
6
75
221
45
2
6
30
21
934
3
48
127
10
9
24
532
38
23
10
14
73
25
136
55
14
246
6
2
71
22
6
2
12
52
1
28
163
22
301
55
19
4
83
21
278
682
12
28
0
64
11
37
44
6
14
19
1
26
63
20
55
316
16
37
707
547
93
555
25
233
1068
17
20
70
43
692
1243
366
255
5
281
227
1245
108
25
1
298
54
219
4
8
74
253
899
29
10
120
44
112
52
14
4998
163
10
6
13
3
15
81
191
18
141
1
314
67
17
39
7
90
11
26
57
29
295
34
639
61
6
729
1247
119
238
344
13
767
62
81
7
1147
8
2671
3
398
22
108
19
16
234
381
6
87
11
2
2
5
87
243
47
73
10
470
12
205
26
10
18
164
36
1325
234
8
287
1388
27
76
896
7
52
7
310
9
3
1548
249
909
7
6
583
5
351
11
43
25
22
5
283
3
64
46
5
47
50
55
124
32
42
27
13
14076
508
43
8
181
5
224
115
77
151
32
48
29
284
9
22
6
176
111
0
282
42
139
4
31
36
249
46
5
108
60
118
57
79
4
874
300
6
223
448
63
0
120
96
12
1387
698
2753
24
12
49
140
11
6
13
16
470
771
14
424
25
1034
26
141
73
66
64
26
645
309
85
37
363
26
42
315
29
8
110
355
42
256
486
10
49
21
17
5
7
114
1227
8
67
66
16
106
279
610
12
310
131
502
220
29
146
11
22
9
249
22
15
280
6
31
211
7
283
18
43
169
23
21
30
388
4
8
1034
18
5
142
8
476
2
6
249
92
3
20
61
55
28
29
709
44
79
20
131
86
966
140
78
9176
51
52
41
7
127
1322
38
506
3
6
54
9
131
161
175
59
206
11
262
2038
34
52
14
5
74
4
1
921
9
511
74
71
3
98
984
121
16
1058
989
71
133
10
10
14
72
1508
40
17
35
347
803
18
153
12
828
10
54
23523
28
15
190
33
35
347
20
6
37
7
261
570
40
121
149
404
169
376
6
63
113
81
51
446
54
36
3
3
44
9
3
5
227
206
1
396
47
18
89
400
14
7821
48
3
296
477
130
3
439
16
7
145
6
71
527
325
14
9
10
2
6
25
17
75
317
7
4
105
197
1782
13
8
670
62
651
1012
28
326
39
211
11
11
404
64
4
1
7
33
50
33
8
17
20
43
40
129
60
180
60
25
193
2
23
54
18
78
148
4
178
22
82
15
490
641
14
3
0
6
13
88
9
30
28
14
26
46
133
10
30
34
11
35
170
24
2443
3
1
616
376
151
22
39
164
18
30
24
180
13
220
92
35
259
123
3
1088
78
54
202
147
4
18
469
1627
102
145
41
107
577
91
152
102
105
8
660
0
165
138
731
193
10
32
19
17
10
23
5
10
27
511
34
244
20
20
15
85
43
14
1388
81
496
0
19
2981
242
69
457
59
1158
6
192
9
24
1
14
15
797
151
12
30
4323
10
376
13
882
25
3
107
11
6
390
87
2378
16
23
29
105
1906
16
431
46
49
26
65
23
85
23
10
7
8
9
32
49
385
12
12
9
14
61
10
34
138
3
154
31
76
15
7
192
4156
231
50
340
13
215
24
302
16
16
99
15
13
22
8
254
2
16
47
15
19
454
63
76
4
49
229
41
13
58
3930
2692
36
43
7
32
14
36
246
67
4
189
13
24
301
124
3
528
16
9
17
9
197
17
9
40
40
43
2924
246
17
21
962
86
219
15
6
179
38
4214
74
56
2
109
3
570
3
43
24
53
185
2
143
927
1145
27
204
8
9
44
5
21
1941
1
1068
18
101
2
36
16
4
38
240
274
11
1722
25
70
107
68
39
5
5
12
8
255
95
16
13
240
59
3647
72
8
567
20
8
6
11
1
6
3
16
47
2
30
11
627
13
6
3
636
32
84
3
61
50
1328
118
104
42
316
4
257
7
8
3
10
15
1307
42
8
59
29
7
132
501
27
1316
27
27
298
347
34
520
5
257
5
385
3
10
209
15
10
6
167
14
1592
494
11
41
29
439
427
7
26
9
10
6
64
41
6
106
5
165
0
152
5
182
38
90
45
1
203
13
11
8
2
35
330
1
17
325
54
957
5
543
18
222
22
15
22
13
17
7
10
104
19
5281
6
26
701
11200
10
156
234
22
50
130
54
84
14
59
47
4
11
31
23661
207
8
29
27
1430
112
8
96
199
32
25
298
284
379
909
13
2
16
117
81
54
17
23
27
266
5
209
66
37
4
52
15
72
698
100
1
3
357
32
85
476
22
37
28
757
108
21
17
33
276
32
25
18
181
136
14
12
60
25
19
10
2
20
29
8
19
112
4
4
7
1
237
17
10
17
29
673
1
169
209
156
16
9
10
22
58
132
5
6
523
42
21320
41
3295
35
18
38
644
721
79
17
496
346
14
760
792
862
29
1776
14
50
8
3
1310
69
79
443
142
88
5
25
10
50
1
176
13
41
462
573
9
19
5
486
9
15
474
36
18
219
154
53
7
7
41
53
8
11
191
13
4
10
77
11
65
491
13
63
348
10
75
5
11
15
29
76
155
5
275
15
473
27
15
6
36
4
141
21
8
12
2
14
4
3
185
19
41
19
9
83
303
16
20
15
1
637
17
380
37
300
3823
406
9
50
32
56
1
894
5
67
114
7
87
373
2
246
246
45
18
32
19
681
594
1
146
21
347
50
8
1087
262
49
128
37
36
17
30
151
125
52
190
5
4
4737
91
40
206
28
16
50
20
158
35
193
382
4
1404
215
228
144
831
46
689
552
14
43
31
153
33
22
103
626
529
40
109
566
49
102
3
7
10
64
50
1809
29
3
68
44
15
7
11
1133
1801
13
10452
406
106
13
139
31
1716
7
3
97
106
201
303
2152
38
17
91
50
913
11
126
182
35
37
4
78
6
159
16
106
2
7
443
59
2
361
6391
2
126
313
44
11
392
20
16
451
163
79
13
235
54
23
10
13
478
29
337
496
39
14
5
693
25
56
50
4
230
40
1187
93
10
28
26
31
10
567
84
14
1396
14
11
7
9
148
91
9
77
16
15
75
2
122
9
169
8
50
20
31
19
42
31
7199
370
52
229
7
41
17380
10
66
2
29
15
14
26
48
67
32
42
155
4
40
8
82
69
930
186
28
36
48
65
4
549
116
1
374
9
91
181
76
195
353
7
28
917
247
50
5
13
11
6
10
47
10
1
9
99
53
1021
22
4
2038
56
20
29
12
59
12
39
1
6
25
7
627
18
9
12
1
23
48
83
431
175
100
283
7
195
31
29
3
30
11
12
29
6
340
22
12
254
510
91
26
128
217
27211
1300
11
19
6
1
21
265
360
707
0
11
117
786
18
6
173
31
37
25
308
87
218
55
51
31
64
4
13
113
790
47
6
26
77
67
188
29
0
45
117
30
2
5
10
35
8
149
12
77
290
41
30
48
16
13
82
20
24
80
949
53
3
32
136
576
14
171
494
41
2
2
156
23
5
15
167
28
231
1207
40
13
9
811
380
44
7
20
1754
113
2
4
109
4
14
60
663
21
86
50
68
483
32
18
15
19
20
61
42
377
176
5
11
35
2
36
8
3
14
17
168
22
10
27
5
43
29
236
43
715
20
1235
7
82
48
57
33
32
495
238
20
1046
1790
52
125
153
119
101
25973
8
56
211
2
32
50
152
7
9
1842
5
7
13
191
7
48
25
93
369
600
5
7
50
8
376
8727
60
327
18
15
4
636
1721
5
45
256
5
221
9
41
599
64
67
7
9
73
106
12
171
608
4
7
23
673
39
10
3
5
145
119
5
172
1
11
2074
9
324
14
366
148
236
6
554
80
114
95
65
10
1331
4
26
77
20
239
5
28
59
197
81
13
726
76
0
7
65
64
11
15
9
228
713
16
11
87
13
13
1287
6
537
195
48
130
518
25
423
29
1
7
223
11
3
59
65
335
20
15
9
22
144
36
7
32
339
1108
124
45
72
23
134
560
11
4
199
26
227
4
2
42
11
140
613
7
31
965
40
131
13
21
350
15
110
65
130
2267
168
70
31
13
79
7
1160
18
281
35
31
50
370
8
594
187
12
1205
688
126
28
12
15
857
6
19
37
10
30
14
72
3897
16
51
303
488
10
1410
138
3
8
283
61
749
7
921
34
5
60
60
46
92
3
391
830
46
993
215
139
15
27
11
65
7
10
55
123
58
4
1246
126
25
14
12
138
16
165
8
13
165
226
29
19
337
33
117
108
22
479
3
24
65
29
232
31
16
40
29
53
126
3631
525
29
756
239
490
6855
283
91
14
43
7
30
145
4
14
14
232
6353
155
5
14
10
151
21
41
1585
1
4
3
8
941
142
192
2668
375
7
1324
1285
27
37
20
38
189
89
453
76
9
93
36
4
56
86
5
61
68
37
65
18
40
34
941
10
105
53
80
3
7
730
2
55
29
92
3
87
699
10
167
123
13
9
43
34
101
38
136
10
65
1315
5
21
229
15
24
91
27
29606
9
81
21
26
16
10
72
34
8
19
4
10
2129
140
10
9
84
24
694
16
303
55
13
86
293
83
47
84
59
406
18
1487
40
38
5
146
68
6
46
489
10
1
103
11
22
8
41
16
13
16
8
81
206
25
40
28
7
8
649
19
4715
10
127
27
906
2
808
31
28
48
17
6
2
19
62
5
20
157
53
573
351
19
72
4
7
8
20
3736
37
12
268
14
94
742
32
230
34
6
244
56
84
6
1214
5
10
142
22
100
14
95
10
9
7
4
57
17
7
1340
13
119
30
46
98
5
35
311
2486
16
25
31
6
10
5
82
1631
283
8
4
5
9
170
49
355
49
7
5
302
67
11
11
40
336
32
19
4
129
45
190
677
989
557
454
24
21
15
14
22
4
31
387
0
69
83
810
10
43
1
23
268
75
28
2
79
63
405
22
107
13
461
29
9
17
79
294
1213
34
41
8
20
28
20
230
12
107
3
118
16
313
20
951
66
7
465
1816
32
73
28
21
1339
86
6
319
290
405
36
2367
94
88
185
198
10
62
15
40
166
98
5
21
11
34
3
13
197
71
7
33
5
60
20
17
890
48
134
6
1878
1
0
32
762
239
6
7
879
8
167
19
29
41
760
64
32
51
92
37
1384
1049
29
12
12
160
674
15
2
50
1103
13
546
385
11
11
408
123
8
23
17
30
67
14
32
482
5
5
2
27
18
26
2587
255
58
541
39
18
235
146
12
29
14
198
102
5
26
4
18
11
17
12
14
9
199
4301
26
220
66
51
84
1580
8
10
15
15
28
1330
837
4
8
23
5
44
6
78
94
13
235
1179
725
76
2
24
32
1406
15
81
0
5
23
15
878
413
115
7
18
7
100
178
393
6
8
21
4
419
10
11
205
39
653
96
1069
36
11
4
58
29
6
21
4
55
13
2177
265
23
45
338
26
133
20
91
28
223
8
0
2171
121
8
14
198
444
20
11
43
33
370
12
35
30
272
10
867
81
7
522
98
385
597
333
100
20
228
10
56
1260
34
216
113
13
1754
40
7103
44
12
791
12
152
29
564
19
61
245
50
237
23
17
10
15
385
504
14
619
40
46
43
330
77
814
127
23
492
10
5
1392
258
2157
6
0
14
20
25
24
180
415
551
15
23
11
397
76
163
1421
10
1778
193
297
2463
1
7
371
14
120
6
734
46
22
18
66
1645
239
9
180
8
34
61
2
3
23
5
1
107
35
0
330
17
1785
15
37
1
18213
8
1222
8
55
69
1203
196
40
605
21
15
7
100
282
16712
16
591
640
19
23
4
7
287
4
456
28
19980
13
182
850
3
8
145
314
108
244
0
3434
3199
8
13
15
28
9
55
20
6
123
25
25
223
66
168
28
18
3
56
196
29
8
24
75
21
3
10
39
30
48
10
123
63
2
25
236
6
1963
4
85
4
25
438
14
42
69
22
56
57
338
2
12
25
10
3
29
843
13
15
7
388
699
240
271
16
196
6
7
4
20
10
930
6
33
16
5
230
10
15
32
21
24
8
473
15
31
70
33
13
17
10
2472
6
267
31
314
26
9
6
48
4
25
16
32
74
10
12
7
33
9
17
11
36
87
274
128
4
17
3
51
14
52
149
7
1166
940
163
21
563
35
83
854
8
28
860
73
959
35
61
46
68
8
68
9
11
18
22
19
277
495
20
337
293
118
180
20
43
33
20
6
165
10
16
111
23
1237
40
258
6
3
4
15
206
787
24
12
250
66
18
41
5
298
806
97
5
19
4
1017
4
100
205
813
182
704
105
27
32
90
188
9
20
26
475
26
30
7
1232
31
63
879
184
5
19
1
113
80
2
9
37
8
21
62
4
11
11
26
24
124
502
66
114
119
24
59
197
244
19
102
125
9
16
271
9
22
24
9
8
3
6
43
150
65
27
178
3659
25
39
72
2424
106
1
3
37
194
59
258
7
24
33
91
349
324
110
383
14
41
30
174
21
19
224
402
385
3
41
130
26
115
106
520
35
29
294
0
6
34
24
8
376
570
36
17
177
78
51
122
24
21
214
11
19
62
39
3146
1608
102
16
31
7
60
394
198
122
6
40
14
3
29
5
262
1102
4
14
16
6
8
265
24
96
28
2
62
16
132
78
107
186
27
88
36
60
2869
1
375
2
489
11
223
89
75
23
267
1
32
31
25
20
4
15
35
36
2087
8
281
21
271
5
7
6
122
13
75
18
17
39
9
15
19
13
111
342
114
4
55
5
7
796
9
13
55
153
8
136
156
432
65
460
350
21
17
14
4
190
4
9
4
484
12
219
9
12
228
15
149
16
9
161
70
10
111
21
14
92
4
25
248
194
2047
69
23
8
12
680
26220
3
36
14
35
13
9
7
4
73
5
17
252
1176
91
12
24
673
10
26
25
85
45
701
38
224
70
1744
18
8
39
2
36
38
9
50
558
24
14
41
35
163
1
12
1
1
37
61
24
292
2
66
77
711
37540
395
5
2
2
61
2007
7
8
91
45
4
44
667
9
230
8
481
96
14
38
80
26
6
166
28
155
213
86
96
41
6
14
6
41
2
33
1
75
70
358
141
49
4
51
15
4
22
71
3
685
208
16
428
7
11
10
1666
33
10
8
2169
101
18
6
10
23
549
94
70
110
23
4
208
17
25
28
12
26
1205
365
104
6
37
77
7
11
255
187
4
10616
79
168
304
26
34
136
26
16
42
619
19
520
18
26
10
57
61
91
1103
22
160
1
9
838
27
59
22
13
1899
11
2924
26
47
286
481
53
15
36
16
244
19
36
1894
306
107
46
17
15
43
39
11
5
16
97
47
74
10
88
383
29
3
447
25
166
0
91
1031
259
44
64
174
5
0
635
1
168
144
5
43
16
25
51
121
26
4
131
15
207
288
31
1221
17
9
9
238
6
65
2
1466
314
2
20
124
357
54
31
289
92
1
40
3
372
7
22
14
79
105
38
1
21
5
16
8
565
401
805
35
505
285
20
1148
49
284
110
71
7
98
152
17
49
4
16
16
3
0
8
3
1375
0
7
334
9
7
5
180
14
49
30
70
159
1
35
959
16
32
10
75
6
3
6
409
636
42
498
5
3
9
123
9
624
295
4299
82
16
183
16
30
31
1
2008
132
105
0
1
126
15
956
1030
100
5
4
361
70
22
18
103
492
96
31
3
20
16
74
11
441
2
7
168
17
167
12
200
47
4
29
85
339
10
250
956
1866
76
68
110
34
22
155
41
23
87
84
43
164
16
730
52
7
13
16
11
24
32
396
87
9
611
14
334
184
92
535
233
31
73
17
1254
33
106
11
88
86
7
42
3
17
1473
28
76
1748
121
36
20
7
1064
44
76
117
868
9
15
95
41
10
4
268
7
15
1239
44
186
2316
288
59
19
2
37
51
29
28
15
87
17
170
836
7
19
165
39
17
50
11
21
11
16
4
6
136
12
3
80
60
2
642
14
54
2089
100
41
11
15
341
802
31
181
45
11
53
40
37
4
9
700
20
9
7
146
256
108
21
773
165
817
453
148
1
39
17
29
7
19
29
1483
25
84
6
15
40
17
187
10
465
5
6
51
195
16265
5
46
563
165
13
13
213
118
200
163
438
10
23
34
83
45
25
36
21
120
2
9
210
75
10
22
61
6
18
3
346
21
137
36
453
66
728
8
282
28
153
30
35
20
75
12
4
3
138
175
486
40
129
148
16
8
98
87
7
114
31
56
9668
12
43
49
662
73
58
1
34
22
290
236
575
75
6
27
36
1854
89
6
109
61
344
1
34
3
132
43
52
71
3
270
23
165
18
95
293
7
1482
20
185
143
19
5
11
203
363
241
6
121
33
41
37
12
33
19
87
123
4
194
10
4
83
33
166
12
287
39
38
6
206
59
27
76
38
22
9
32
8
52
245
12
14
11
19
41
9
50
0
215
1422
9
103
108
19
1979
97
169
76
18
6
5
49
211
50
138
13
80
12
15
74
8
12
4
55
70
17
2
52
57
1499
260
82
420
36
1856
34
39
3
6
137
72
19
71
159
1811
27
41
100
1056
6
6
71
12376
5
8
71
1451
85
24
9
50
95
7
7
39
344
617
55
22
255
18
131
24
74
3
196
6
37
141
225
366
10
34
369
3
6
700
12
37
39
29
17
3
198
575
103
88
6
2
40
9
498
11
140
180
24
43
480
136
23
14
1
9
941
5
474
5
6
738
6
143
33
67
30
75
26
1927
1500
29
194
101
142
18
13
11
12
954
494
43
12
194
30
645
554
218
213
14
56
317
16
661
28
25
13
22
18
18
0
32
35
17992
6
2029
269
19
10
271
772
150
282
250
123
261
98
6
59
113
260
52
111
296
576
16
285
26
88
150
28
56
13
17
13
10
20
32
13
72
351
45
1149
27
235
553
278
4
2
43
22
17
5
40
25
428
58
37
33
10
193
12
5
234
7
12
34
32
10
1
37
189
539
883
2
470
499
27
18
23
907
462
3001
5
12
51
3
17
6
463
38
4
8
170
179
615
5128
10
30
0
118
28
9
77
288
96
8
17
22
52
14
825
137
87
2
19
717
4736
5
193
209
5
182
53
14
20
16
25
110
5
206
81
1
956
4
30
399
11
5
268
164
11
71
16
91
18
93
12
52
9
82
37
6
1
251
14
18
15
19
78
51
118
15
4
106
39
20
3076
29
152
215
1043
1988
5
5
139
46
297
1649
161
11
57
10
142
35
20
3
8
22
67
2513
35
21
45
37
225
21
2
65
1464
1185
293
179
8
70
33
854
554
49
372
8
953
12
438
45
46
17
188
66
7
145
137
38
27
1976
162
96
108
163
171
42
9
10
16
6
57
113
48
1302
26
65
33
70
126
269
669
19
19
2092
32
60
124
29
7
36
263
30
512
20
1915
58
491
1573
21
0
66
13
31
143
7
3
526
22
20
308
4591
1469
3
1178
6
3
49
11
173
18
32
128
0
31
38
20
276
48
21
35
233
544
16
22
11
20
9
8
9
16
171
204
159
6
26
10
37
60
1
34
1026
17
12
50
8
24
0
23
36
20
1648
25
525
967
1992
845
2
2
475
5
376
12
17
15
142
65
4
36
14
12
384
706
11
76
8
49
23
99
108
20
63
18
3108
70
344
2602
955
82
149
12
120
29
594
224
324
10
8
14
38
11
76
2
46
6
474
409
10
21
2639
40
12
5
69
149
38
22
9
62
14
4
27
284
90
14
557
20
34
1
637
67
62
7
19
148
68
0
103
172
14
2
192
3043
3
178
0
1357
7
20
555
8
52
41
199
202
12
50
101
52
318
199
92
0
1
9
3714
142
45
22
26
32
122
9
20
49
85
80
11
1169
174
7
12
133
1224
14
42
7
49
38
1229
64
105
163
55
127
471
5
109
52
479
4
87
89
1
164
600
8
8
65
6
26
325
801
29
5
141
42
15
13
852
108
14
9
4
43
170
296
61
75
657
291
25
7
172
8
371
43
9
37
31
5
11
34
2
5
18
13
723
90
168
1606
55
9
79
1
221
97
10
82
6
1260
7
43
56
126
21
34
7
3
109
9
2
47
19
28
423
33
31
17
20
167
41
6
21
29
7
10
22
38
29
12
234
53
30
12
7
5
94
67
96
5
18
89
49
4
278
9
57
15
14
5
950
118
6
293
106
10
67
12
54
9444
115
42
432
28
76
1070
132
45
78
1
235
1465
180
204
170
22
10
36
291
51
354
27
165
11
2
73
106
89
16
411
24
59
61
8
8
601
94
5
24
588
65
21
63
410
15
1034
48
32
27
23
62
36
65
3
9
14
32
59
1216
61
30
58
101
237
309
598
11
178
10
46
71
86
97
12
50
57
309
14
268
104
10
42
70
168
12
28
386
5
284
5
242
193
139
6
27
39
90
7
3
3
14
30
962
1122
99
36
28
66
27
13
230
383
5989
14
35
14
79
1177
587
30
43
143
788
26
2
12
18
2
38
539
14
17
3
7
30
18
26
11
13
32
81
38
149
136
9
10
2
6
259
77
67
7
291
12
211
423
8
108
728
21
1128
156
15
260
24
473
7
20
161
54
187
40
94
4
6
25
257
396
42
102
18
56
630
159
4
145
178
47
30
86
494
15
252
16
21
12
10
27
569
27
3
416
19
66
7
125
8
121
100
31
1
27
47
492
14
8
941
170
20
391
181
10
309
283
5
8
6
12
68
12
13
9
20
42
8
5
15
40
39
7
84
13
22
6
5
1575
16
31
259
435
65
162
216
62
164
22
48
1993
308
6
9
14
5
178
1
37
40
69
34
7
256
22
553
60
9
16
21
229
4
311
207
311
129
85
22
12
23
14
428
0
397
9
63
175
91
18
5
12
13
27
16
1
3
40
144
21
126
9
74
14
4
4
50
13
197
261
10
14
1
102
44
115
153
32
220
18
486
13
51
50
349
167
6
72
481
39
327
10
1615
156
1005
174
1107
127
55
3
16
57
59
5
52
9
8
28
9
1702
37
7
128
210
101
10
22
75
45
46
43
6
13
31
49
22
4073
823
94
135
17
352
656
132
29
16
82
178
2295
19
4
44
4
87
122
73
40
262
27
9
10
18
38
1280
193
3630
4866
39
118
31
21
6
33
23
415
2493
1
98
38
20
78
10
11
11
16
12
8
23
189
9
2123
15
12
350
930
142
6
3131
92
8
8
12
30
993
611
5
11
8
20
7
36
305
447
3
50
71
5
208
447
14
40
130
9
5
72
10
375
308
3
131
35
129
180
24
16
247
652
24
1
37
110
47
10
2
5242
86
36
30
1179
2
33
121
52
200
50
2176
22
6
58
46
16
779
44
17
69
1376
2
48
175
191
12
2151
1591
3
151
46
24
24
8
6
4
14
511
59
356
48
229
13
11
53
99
7
1125
683
34
6
4462
22
12
11
11
51
249
5
33
13
7
44
11
86
37
8
64
1607
3
40
9
12
281
51
753
172
12
445
18
10
218
14
120
252
16
461
7
571
12
11
2
44
111
131
1
377
46
17
24
64
66
441
72
252
33
127
47
66
44
49
27
18
40
280
122
267
118
7
357
77
36
483
4
1
48
5
103
6
17
3253
41
23
15
4
12
56
11
96
10
57
20
42
88
15
8
32847
33
128
963
565
41
216
14
14
46
30
23
15
132
867
564
0
15
139
11
11
146
506
6
9
61
507
1530
91
14
84
273
15
1
14
160
11
13
68
24
6
157
59
681
77
7
87
11
154
39
62
16
69
55
25
19
12
111
29
137
118
688
30
247
3
185
236
12
6
22
518
66
97
9
11
31
6
1561
13
23
880
162
597
36
52
15
2254
63
30
22
29
18
214
0
38
1
6
4
36
10
14
16
6
2
5
28
11
180
15652
51
107
1478
91
7
15
1
18
100
399
516
2
22
2789
7
77
62
35
26
74
88
34
46
25
166
5
183
26
109
290
5
116
15
3588
37
5
503
7
35
101
158
5
48
64
78
9
302
30
38
4
2538
20
6
18
21
609
13
487
139
63
32
372
61
147
8
903
8
90
6
42
134
114
48
154
6
119
708
237
81
130
25
75
36
4
507
52
2
626
10
22
11
18
31
137
30
83
12
84
112
293
1458
574
1935
1965
40
2054
15
302
1212
1
65
48
83
340
26
8
6
14
141
79
66
1529
639
50
207
147
1469
2
169
88
5
283
11
10
12
51
8879
38
48
7
15
5
42
18
281
147
41
50
94
73
286
2
26
330
244
19
2
2224
25
209
45
2054
189
13
28
7
413
15
202
60
23
28
149
3
12
61
4
40
6
88
503
10
156
20
724
43
75
179
49
152
45
5
128
7
116
14
39
9
715
3
723
7
13
5
44
98
8
10
4
6
32
27
194
64
26
1
17
16
119
852
30
5
5
5
38
119
4
24
8
87
95
140
23
681
897
20
24
27
59
57
31
11
55
5
42
54
27
94
33
67
679
204
25
12
12
467
2
24
292
384
6
157
1
54
21
10
30
6
2
774
54
58
16
4
328
39
17
148
3
50
3
2
10
4
43
17
18
13
1853
7
37
26
14
1137
5055
1127
21
2042
749
4
6
38
9
100
43
12
9707
17
22
169
474
2
73
169
3
16
23
511
32
509
30
41
4
4
1190
177
23
28
24
182
37
3
27
151
26
4
2
11
7
36
18
44
16
117
149
121
101
6
18
27
20
70
12
697
21
13
22
67
72
49
1614
6
21
133
1235
1617
2
10
192
2205
46
314
26
28
78
20
10
483
48
473
36
857
29
36
23
7
76
56
5
672
389
2
179
201
567
15
95
85
101
75
27
28
222
3
161
47
8
2386
226
42
48
0
16
104
19
5
9
6
2
82
13
4363
140
3
3
20
17
177
5
57
4
38
19
35
25
31
1
40
39
16
6
87
14
24
269
11
4
11
31
518
43
12
26
30
10
8
189
44
23
144
1283
4
100
579
38
11
46
9
98
142
4
477
155
16
765
581
1529
247
18
32
997
9
1014
406
76
3
104
16
2
22
525
91
115
212
45
78
149
27
11
7
4
99
72
38
25
79
7
34
44
24
168
8
1259
253
147
234
40
485
13
280
2974
287
290
64
182
63
17
21
34
184
8
2
19
6
1232
22
647
15
160
551
66
45
1715
0
3
2131
27
1235
56
3
94
6
31
3
270
1372
0
31
6
90
27
23
214
13427
382
16
95
17
18
140
5
2
51
80
1
1171
3
1
57
235
20
144
9
2
26
100
54
2
43
14
323
109
16
34
310
21
7
80
150
687
25
141
14
695
87
2
209
387
23
190
49
3090
27
176
991
5
7
39
46
11
17
21
67
5
4
94
794
19
181
15
80
29
18
6
3
210
233
1048
61
5
5
48
9
22
13
5
837
5
2
18
275
24
33
190
3
364
6
277
6
446
471
224
19
39
91
8
1524
22
80
9
44
11
76
38
24
66
99
7
19
279
7
17
70
475
19
774
676
31
4
128
58
112
27
2687
108
219
18
9
31
120
562
2
15
44
29
187
19
493
305
47
32
32
28
1195
17
72
12
36
701
9
1038
185
52
1073
55
38
1164
677
0
12
114
993
109
12
17
1434
212
15
894
1580
21
5
5
33
80
0
49
92
7
5672
131
1477
14
104
38
11
540
27
561
472
40
66
10
50
444
240
4
173
225
100
897
26
4
17
8
276
81
25
109
94
85
177
11
2135
57
62
57
28
106
3
26
26
140
25
76
51
32
21
22
130
8
915
143
524
2
1287
5
21
13
5
4
6
11
49
134
1440
161
66
5
12
661
55
145
9
7
31
4
44
60
44
31
1063
105
1292
131
49
52
45
38
19
21
1124
1
6
40
46
67
216
26
5
21
12
33
14
7
122
429
50
142
21
1
282
7
9
23
16
48
8
50
82
94
79
57
17
21
124
376
179
1050
1720
57
507
47
12
384
43
27
22
38
44
18
40
123
509
7
72
7
378
12
85
258
22
571
227
5
10
1
10
122
117
1
57
9
512
9
8
37
13
1765
82
9
5
126
14
132
26
95
7
11
365
622
75
840
40
9
10
8
37
902
56
338
73
849
1
335
9
2
784
14
13
107
43
116
81
12
12
271
294
3
305
353
1316
354
704
363
22943
15
121
471
14
143
31
31
25
19
553
474
34
33
62
2
38
100
375
2
14
44
17
2949
17
179
9
9
9
37
42
0
33
13
162
45
15
1759
1433
2587
1455
27
884
1
4
284
33
29
152
13
42
112
557
268
690
6
11
100
26
20
1605
15
5
50
16
288
413
42
7
1166
62
16
19
7
798
2
4
32
6
2
136
228
35
55
30
182
1382
123
7
1575
9
6
27
68
21
5
1
3
35
243
16
229
15
1
9
592
3
19
6
13
4
2
16
7233
29
8
1095
119
10
20
1196
33
198
86
17
75
2
250
29
44
240
14
6940
26
537
6
158
33
1479
78
37
43
34
25
9
18
27
9
15
66
15
10
427
52
15
25
170
53
69
23
127
4218
23
11
109
23
3
5
96
12
6
69
51
67
207
1
13
67
1
34
3
5
371
161
6
11
42
14
4
11
16
190
841
29
111
61
33
22
8
309
3
1094
41
534
198
5
9
14
156
381
19
43
41
49
398
15
121
314
670
87
613
96
3
146
70
19
990
372
131
136
6
235
96
26
1214
22
22
38
28
27
274
13
16
15
45
10
0
13
194
34
185
11
63
108
3
5
64
749
12
114
35
227
162
36
1733
43
223
12
59
11
20
11
13
1019
47
5
15
19
14
16
244
37
33
90
49
14
106
62
30870
5632
9
8
1544
70
7
18
56
2029
90
43
31
18
12
204
7
6
544
33
19
8
49
17
18
41
4
79
124
1650
32
125
96
60
81
15
24
72
3
4
32
57
175
83
4316
126
389
11
203
275
354
23
4
14
43
220
3
139
19
150
9
334
11
66
4
124
5
871
29
11
3
537
18
315
1168
15
154
34
218
3
513
15
8
251
126
7
161
1
173
47
6
274
20
10
47
40
2
5
50
130
162
24
9
1463
405
16
1714
52
142
38
12
56
14
8
4
431
31
16
119
31
8
4
112
495
678
5
1597
15
649
5
11
100
62
1121
233
52
24
100
18
112
566
46
470
20
50
36
3
1166
40
12
262
96
22
15
115
167
182
127
46
800
180
3149
368
24
4506
1687
19
85
27
4
10
13
22
32
23
10
112
273
748
159
1
36
197
2
326
7
52
31
17
474
938
40
22
71
99
20
36
42
11
16
6
36
74
4
136
42
3
7
20
711
855
479
15
1
22
449
2
128
423
8
230
139
7
58
5
2
14
19
17
78
78
27
376
7
157
41
102
33
7
108
18
133
242
4
61
18
3988
11
31
98
10
4256
5
6
916
156
535
5
0
140
217
12
13
1892
19
415
710
473
73
28
28
110
29
20
29
17
585
10
601
7
38
82
378
15
235
44
17
101
7
8
516
31
0
196
22
99
155
16
533
1
11
68
13
7
34
2
22
36
1849
58
3
107
1
878
31
178
57
17
13
56
8
81
20
15
58
22
594
42
76
49
5
125
25
24
240
12
308
7
148
79
159
10
5
276
263
5
31
34
12
7
136
9
95
25
109
50
11
12
13
81
114
43
140
49
4
65
9
1
58
27
128
52
8
52
31
1532
18
209
239
30
347
733
33
1474
37
141
249
683
77
13
50
4
10
49
1123
27
147
8
227
128
10
372
2
173
19
2
8
139
6
13
56
13
30
151
1
71
52
306
9
2424
12
20
43
50
142
40
324
96
165
451
40
97
39
17
24
38
121
109
18
10
1124
37
39
73
93
852
82
25
9
152
76
30
17
27
41
87
180
62
120
214
1335
4
22
78
1578
32
12
47
409
2
32
0
1
135
91
12
58
85
328
51
29
49
13
69
15
64
734
3
60
32
7
12
15
4
12
1
1
570
165
75
13
179
59
955
306
33
140
752
4881
477
21
11
460
1267
12
2907
3281
32
2
3
19
190
1720
64
25
323
27
156
17
8
21
32
259
115
15
58
77
28
34
225
8
66
9
306
8
6
63
741
529
14
197
736
17
0
57
29
16
25
27
22
24
127
115
57
21
154
62
271
7
8
25
12
25
7
203
496
1
6
85
241
78
88
11
1515
555
13
345
16
