1120
2359
602
800
3023
2836
2802
1061
1094
505
5894
692
3484
3374
473
6751
7134
1639
7554
1476
1317
1017
768
1064
2606
2206
2905
23570
756
3252
3028
791
5507
2727
493
2105
1047
7924
1037
3247
5406
603
4549
2435
3953
11667
1222
2244
2293
6186
2007
1538
2307
856
443
9117
1052
1323
3462
361
651
1664
2138
2689
1081
1017
3286
662
3382
2002
1610
1786
9871
2772
2758
1401
1746
892
2444
1236
845
2146
849
18638
2306
1054
8856
3140
623
799
771
1871
12318
902
900
806
2427
2622
1498
8292
1039
1396
2116
1644
1711
2122
2411
1396
1826
2833
621
1678
2451
1317
478
3111
2517
646
2995
1357
2712
964
489
1990
6012
2664
5017
1299
812
4584
3662
4809
277
3333
1566
3677
1443
1143
9114
4480
1060
1897
950
4550
1140
2633
583
3024
2078
488
2228
1970
4931
481
469
827
3072
2004
767
1151
6869
1595
1356
2203
687
452
1250
9341
624
1974
3741
1481
1545
1269
841
782
11404
1591
5717
2083
6052
26416
300
4807
1563
2662
554
1487
2248
533
3420
2205
1100
1539
1071
900
2809
2444
4816
2878
1375
672
1971
2773
1825
3366
516
3160
950
2977
5430
3703
1032
626
9360
1645
1458
2390
536
2030
500
1676
2083
5492
3584
4563
324
630
1966
3241
1021
2043
3069
1309
4983
597
1433
1790
4588
2843
4167
8410
1404
10108
4810
3603
1822
644
1064
1165
1394
1337
2928
17261
3228
1048
3447
5268
1815
5696
2114
13002
1152
856
885
1063
3180
1143
581
3661
681
1390
873
5386
2751
3805
4734
774
741
2527
1281
911
3895
1812
4450
1639
546
2518
1584
1625
3238
5954
891
1790
10069
2371
9604
4087
505
1636
4778
17542
1853
4303
2201
1515
1158
1330
2175
2773
8684
5928
1432
491
4325
806
6092
1890
5079
1216
3320
1642
5242
973
5321
703
2377
1625
2099
1067
2721
1944
18809
669
4059
1652
14841
539
2513
2228
391
3588
7524
3469
1076
4857
1858
10323
1065
2582
3435
1539
4992
1102
1467
9782
1843
1342
1894
6408
829
22032
1774
2325
3024
582
3156
1239
1932
863
1674
1325
2143
2436
4027
4969
6138
12493
4304
751
3079
1314
1389
873
2636
485
5054
1106
2683
4715
2754
836
1188
17319
2482
14586
4401
1003
1946
4080
3141
473
1003
3830
1289
1750
4143
2616
1345
722
7172
5418
2293
2016
1316
8831
2012
3723
1850
2106
791
11273
5477
5927
9695
482
6082
2723
1992
744
2186
1607
327
3599
1096
29137
1258
4026
955
1014
3172
7868
465
1489
3494
652
2803
1417
447
717
785
13701
6705
2363
3611
1597
1410
1216
278
5873
1645
420
1680
566
1091
2145
11421
2504
2568
2495
336
923
532
787
2585
976
2066
381
474
2521
1248
3806
478
14131
665
1846
831
4357
2316
631
1654
3210
2065
725
1721
1836
1298
2007
472
6820
9135
1079
3000
1336
1540
2365
844
1560
2116
1111
1205
884
1446
3113
3980
1362
390
722
662
1610
5009
647
1042
6780
633
1260
7600
872
4255
3400
1721
5097
2814
6088
2051
9973
1886
16018
1315
1662
349
1142
5064
3541
1132
8517
2497
2321
8761
2584
644
3565
676
4035
820
4274
2721
4308
2502
2666
3741
6078
978
60713
2402
2325
3570
3854
829
1840
3942
4371
1548
582
2289
3942
1979
3480
849
1801
3447
2514
618
843
2373
1003
3438
19069
2004
1134
2452
2803
1009
1966
1815
4189
2152
47929
1721
2500
1427
638
3429
816
12928
1759
1539
569
1265
1801
4342
640
6271
407
759
1627
6856
2050
696
888
840
1642
2111
2241
2211
1132
4983
2063
2074
2107
1027
6061
713
7641
2809
6375
6150
2045
457
2209
1144
587
1873
2485
5332
2424
814
999
633
714
2259
638
1108
11282
716
2344
5069
10891
550
1323
2095
1965
2167
1355
3059
1264
2149
489
3414
1333
2368
2851
10213
6151
1615
710
6068
3698
2756
1656
2713
741
2252
3225
925
654
1482
1191
3643
896
2830
4292
770
3612
2432
2664
1378
65436
931
607
2811
883
3060
6549
1891
2283
3390
1443
859
1699
3808
11488
2243
1237
5137
2350
1205
550
5506
2354
1638
2741
1911
11324
487
2521
4558
1139
1469
784
737
1099
9047
2344
1235
2913
3197
1991
2710
1422
6147
454
1431
10851
2984
4888
2907
6052
1407
2341
4336
781
2955
1571
1810
1479
6466
1682
3823
18720
1270
10539
1860
4135
578
5870
1106
4598
1545
15195
4830
1207
1915
8371
14219
5691
4039
2905
6020
1822
2495
2451
1765
570
575
5587
2873
891
766
1024
1447
459
2023
1289
2655
1153
1902
2115
918
5629
6037
596
1442
1904
1811
1054
1197
2005
1626
1082
12142
583
2127
6548
1657
1012
2169
2357
15396
2713
1692
661
3402
7700
576
3327
1613
541
2781
1605
1505
2819
1275
342
3752
1300
5054
6345
945
2085
3320
4544
2931
1782
2712
1844
1099
1445
2281
1865
10047
570
769
21368
1426
696
8668
2462
1431
8593
2290
1475
4673
2499
3398
1008
1892
1421
989
1818
1910
617
782
3143
1390
3724
692
3090
2423
5255
2460
3647
3021
332
19648
5849
3895
873
1442
15604
4088
2971
538
2738
2341
1716
23169
618
4022
902
872
44830
1227
4842
4562
761
8008
4025
1129
592
4476
3142
2092
597
2835
4677
13324
5225
636
11157
909
1662
4044
1435
14854
1792
325
2295
958
1517
1315
3889
7800
3073
2296
1946
994
2896
14505
1189
910
7671
3780
3008
8665
1773
968
1195
3376
3977
1233
1670
826
2122
369
987
752
1479
1558
437
1482
3487
1817
5806
790
816
1030
1775
6229
3021
3611
3705
729
1316
1048
5341
6497
5913
1670
1846
763
3650
366
2370
1032
968
2704
1314
3501
1439
857
1248
761
964
933
4966
923
550
6110
5745
681
4297
3113
2188
1506
4980
1495
15367
4766
2787
21250
610
4118
2107
3912
1059
1099
946
2493
2197
8749
4407
13772
2383
1080
6035
1194
3435
1337
4042
983
2500
2340
2437
2066
3008
3421
939
490
2615
1359
3037
2155
11070
991
7170
1206
5565
824
1483
2873
4642
2703
1604
13883
2437
1723
4054
2056
3041
686
1193
3135
3847
1182
11279
8962
2435
3987
2296
998
3901
832
574
2469
2446
6439
940
1639
1524
1132
1523
4070
2195
1293
1526
3865
1443
1030
16459
5278
6364
545
1346
691
1016
782
8864
5741
4208
1439
10207
3049
1096
1377
5205
2210
2172
1019
1522
3836
3530
592
10077
3191
2277
339
1755
5557
1899
1131
399
3452
1607
2085
1046
3306
1073
3160
1099
2548
7418
899
2951
3332
510
4236
526
7858
14736
5673
1766
830
4357
2909
567
9140
2798
3133
1593
1428
682
4738
2809
1132
3759
860
1618
395
814
629
823
864
796
23440
744
2432
6219
821
1763
10158
642
5053
3814
597
4480
3000
664
1146
2299
613
403
2829
4482
1682
795
1642
5483
660
651
1197
9406
851
2307
15212
1688
1194
1431
577
2250
5242
3737
4651
6582
1623
22115
3081
617
2790
5010
1362
1509
1472
1124
1552
1094
1090
4570
2396
3401
27169
2639
16282
2748
2349
2196
3994
1064
1207
2436
106872
6572
2335
1132
678
592
823
2777
7120
1449
1021
1598
591
1012
662
895
4287
3670
5603
2522
1515
1285
1738
1004
1560
2633
897
904
1493
2042
468
23839
2198
3502
805
621
1193
756
2312
1987
2763
3329
5230
954
1734
3944
194
805
2619
634
1420
574
1209
3346
9819
2139
1024
4976
4358
2184
8084
2841
3823
535
5657
1055
3665
602
1755
5405
1705
893
4514
5860
3816
1408
828
1199
2642
1005
1558
3332
2619
4893
629
1261
579
799
7416
583
4542
2193
607
1262
4291
4739
2106
1212
3943
6960
8745
2059
1350
1533
697
2105
2295
1002
1231
1562
928
1893
1650
5331
981
2979
4327
1345
2640
1307
467
655
1085
1280
24089
587
9741
11935
9296
5444
3921
2075
1897
1511
1549
1217
875
2941
6125
11365
3472
658
736
839
3018
2332
2762
1471
891
482
2545
29354
3867
1966
13710
1709
2222
1272
382
2594
2194
5632
1441
563
7763
1347
5215
1659
5830
635
1788
2262
606
926
3610
952
1613
3756
1174
11359
1326
5715
17179
1698
1235
1276
4613
9995
5922
2355
1577
850
554
8825
1354
3427
811
3368
1546
2344
853
432
1288
6191
497
571
1951
2256
350
2192
3350
1342
12546
1982
768
1685
1516
2508
1392
3470
1745
4280
4109
384
1164
2898
4667
758
8304
562
614
17128
1622
1535
1284
3254
1309
2451
3007
870
2623
6512
6928
2713
515
1730
6400
1449
5255
1958
3202
1333
748
812
1743
2032
4592
2929
7191
1068
2878
882
2285
648
1161
10357
1105
2023
6870
2144
12405
1632
3167
1317
1110
2926
772
761
2543
3305
5292
1427
3302
3485
1215
2663
1281
2325
2252
3948
3546
9593
774
651
4424
2695
5324
755
10820
3657
1180
986
1825
3447
814
3923
1970
1312
3013
2921
25082
1255
3226
1457
3768
3754
2578
3115
684
3382
1141
8726
2440
1821
1514
1232
2023
1608
522
1737
1140
2679
3189
1410
2251
3738
3866
608
6012
2735
2569
979
622
1315
2941
14183
4940
2759
569
11542
4413
1974
2900
3650
527
1401
6265
1608
1968
1090
1621
1419
621
1371
1697
833
6695
3913
1782
777
1476
1617
1872
745
688
1610
6598
841
2397
11209
4660
2354
2102
954
2635
4010
7571
590
2800
1537
827
1955
793
10338
6325
1828
460
9484
1263
4273
908
2274
936
1872
1309
3491
2049
1415
1984
4609
608
2401
5833
958
2333
2688
612
14221
3736
75755
2734
7238
2017
5547
887
2705
2069
713
1495
5908
5981
1898
3062
6408
1263
676
831
2753
1551
426
1720
3343
620
1914
1844
2184
1707
746
2344
1414
7502
1982
2823
399
844
908
2926
563
3915
18794
12775
1356
1989
3668
1008
10403
1531
1122
2490
1165
1685
8557
2695
1328
1829
14286
2290
4580
3012
1871
2309
8448
2318
5176
3875
539
2577
3677
2701
4432
460
631
1448
3209
4946
411
6011
1686
1739
931
1292
1194
625
2357
14551
635
1144
475
11771
1266
7019
972
724
1689
3753
2392
903
386
4310
8649
2881
3610
1468
1551
3834
1278
487
549
2555
663
5283
9122
4663
6793
4017
4264
5363
1817
1443
706
22383
2139
2086
1658
2480
2032
1920
2437
698
2230
1938
1153
3542
1026
26222
2378
404
640
2790
2781
1920
52392
1758
654
3568
1597
3485
1120
841
10964
2866
611
1797
5031
2327
766
4490
804
2368
1999
1476
2773
787
6682
2019
1702
6948
804
1403
1066
2651
2273
3447
838
7529
712
4628
4527
1956
1317
1108
1653
5151
3002
1423
4052
6384
4196
8199
2282
1406
644
31842
1161
2689
1513
12440
10932
1597
2006
2452
871
1447
3295
3236
2134
2879
5375
924
1108
597
3287
1972
4401
443
2909
1777
1568
664
3199
716
773
3236
784
7598
1681
928
1412
2317
924
6230
2839
2445
745
3143
2897
626
6796
801
9054
506
4788
2909
1436
684
578
1576
67628
733
3763
1513
5404
1498
2417
886
2946
1447
2310
3133
2026
7262
844
943
1133
6967
1919
1046
2363
2510
1222
1384
4012
4503
427
3498
1757
2313
2670
21304
2349
5045
1909
475
777
1091
4379
2549
3095
1698
1393
1726
1770
4116
486
652
5507
39731
3925
2997
1890
2662
2679
4130
1524
1993
2224
9626
1979
820
1920
3733
841
3756
806
942
700
6925
21895
724
1730
6609
2874
1556
1257
854
1139
3649
4674
1858
892
2759
5717
382
2149
1182
18931
1438
1488
2452
1900
6074
422
1846
2266
3243
427
2307
5093
13276
19584
1400
1594
6147
1860
3589
1584
2661
1302
1339
1142
697
8445
3927
2578
751
1136
1088
1653
1015
1545
990
537
4713
958
2040
703
1435
820
3979
17757
34635
398
2796
1650
3868
2901
961
2419
2236
2783
3611
1851
2266
891
1539
1243
808
13905
1802
3145
4467
6372
1285
1727
507
2817
2347
1080
4259
9335
371
846
1679
2080
1183
2145
1485
605
1364
8335
11534
475
1968
1510
1591
911
1137
2500
994
1913
3608
4792
700
1292
2008
3408
960
4442
37805
3752
663
1209
489
1066
2475
2771
628
2599
6076
4672
2166
3544
1723
3531
4621
1078
1472
2818
2339
6577
2241
2125
3849
1496
3679
2747
5381
2046
2525
6429
3078
9246
1745
793
1165
1990
2779
712
1349
5524
3529
2184
4430
1473
4514
982
3311
4885
5631
5875
2313
2098
457
5913
3664
1339
5662
1746
1349
5539
4667
9127
3046
1627
1654
1208
5006
4707
5303
1230
1473
7896
6264
2857
3812
559
2817
1346
823
1197
1911
990
1590
2084
2365
9658
2657
3731
2217
5381
2540
952
698
2727
2261
972
2310
1061
2342
979
3071
630
2666
2472
18592
686
1074
4489
449
9740
866
2132
14448
3779
1039
47316
2126
1935
27270
3940
1524
3384
3753
7525
4797
11229
709
3077
3065
2809
1833
2522
5345
4077
1442
1233
4072
1095
6359
1960
7195
9450
8549
1992
966
1248
2587
1440
1152
4173
3308
2795
1891
1169
667
1777
1327
998
1687
574
1877
3389
742
1548
6435
982
1115
2118
1537
1261
2801
6327
2499
2801
1056
5715
1076
2362
1921
8088
672
2616
2124
1418
4319
1726
830
4314
3733
1092
1290
1568
1904
3445
1928
466
1249
1092
5489
12906
2981
9099
1687
21764
1972
319
923
962
610
573
1502
1830
950
541
7371
1797
11981
10608
1076
4337
1688
3442
1740
2367
721
6863
1179
450
475
1535
5027
1915
2710
490
3433
1059
3742
3575
428
2711
848
1934
2771
1415
2053
2281
3266
620
10640
6953
497
1388
1226
827
2930
887
435
15460
1607
2022
1044
559
1448
3261
5164
1263
2462
1099
2422
636
1679
1695
826
2038
685
883
1684
498
2348
2333
7847
2685
1965
20135
3231
2451
1027
2437
1730
1211
1094
2914
11023
3593
6183
1576
3305
2549
1369
1316
2629
2012
732
1436
1196
1000
2730
2360
1055
1381
576
1935
1942
699
645
3250
2545
1298
956
16044
3784
3950
2042
757
6898
1830
2927
1516
1108
1049
40652
2843
36481
348
2029
492
995
1531
2908
12812
489
1122
4691
768
1130
1324
2045
1455
904
5885
6552
1215
1338
548
16732
896
265
5230
4759
2182
817
1316
1009
2098
1931
2902
3114
1713
6433
1100
390
10706
1662
3803
1144
7472
3236
2897
3178
1370
1703
1803
3208
2609
893
1253
1621
396
3463
2577
1321
1473
9333
842
2693
2381
700
753
3922
4508
5365
900
1970
3762
7255
2648
1170
11286
23399
1475
4818
1963
2794
526
1783
10635
319
5789
2572
540
2719
3523
5250
3514
929
1677
2357
1561
365
567
4091
1580
1544
1737
5601
875
312
2791
3632
2453
801
1941
1839
1626
2572
998
2054
3114
22077
4661
1798
2869
871
4400
2284
571
348
28721
686
805
3249
990
1749
2914
2461
9252
890
2270
2176
2137
3586
2380
1546
4282
9218
577
1320
2413
2684
680
4129
2850
1639
1578
2456
4320
1921
1737
2206
10750
1749
727
1284
2118
4394
65625
6841
1627
2541
3428
4886
3918
634
2967
865
4268
2296
3063
3095
3659
4661
1394
1630
4107
1939
9473
462
392
1334
5615
2118
1706
1714
610
3345
1097
2522
2310
8733
8898
5309
72268
2052
1316
664
877
53316
1333
1670
18870
822
2243
8172
1334
1210
1795
3905
1605
1505
607
1222
885
336
2677
869
20713
1658
4254
357
2105
1876
3468
1011
3424
2161
719
789
652
840
778
2005
4229
2989
4753
1837
13073
1750
1678
268
730
3454
2006
1079
816
1226
1683
2143
3448
1345
7693
1698
13078
1217
1440
13096
1114
776
24783
923
772
413
1759
1177
13116
3616
6133
5467
1511
1529
1569
5377
825
21059
4143
1869
4849
1455
8838
792
1500
2862
3207
2646
6212
11371
3265
1699
3917
762
1809
4866
19611
1456
666
5334
1778
1169
2183
471
1988
1793
608
1125
295
2202
1856
1761
2870
978
1663
636
7743
2310
1017
1735
1427
908
1030
2093
29437
989
5081
1361
14161
3368
1484
1764
1886
8233
1378
1390
1142
2745
6771
3775
1820
1063
2724
1001
3523
1382
3401
3212
3457
580
8861
24383
1416
2018
1879
4145
906
2182
3961
967
4513
342
3089
8946
3680
8251
1480
3691
1857
846
1045
1804
1819
2862
1263
1689
685
3609
2515
2284
15039
1331
2767
1840
1848
4691
4142
2439
5577
1426
3148
1787
1030
649
607
4829
800
4987
2193
2561
415
911
1944
354
3444
2485
1709
804
1176
1465
11555
2277
5587
3013
757
7510
724
2487
3779
950
7049
3093
1818
4986
2455
6860
717
4216
688
2815
4599
5003
2142
1784
1819
536
1747
809
1511
637
3562
1157
1378
1931
1977
3951
2732
896
1657
1376
76850
3144
1200
5065
693
1694
2120
1809
825
6709
1731
3397
4372
5688
6900
57494
2250
1702
2540
6450
1768
4219
1391
1025
7417
2735
1542
1911
1869
3984
3800
7178
2101
1063
2713
2548
6507
2022
1343
2423
1721
2669
1197
1978
1904
2329
7117
2693
1807
2102
1989
565
665
2919
1911
2937
1774
37212
903
675
3015
1082
2700
1014
3764
2916
370
379
5738
8852
895
547
1732
1067
1803
1169
1719
4433
1453
2811
3951
399
3143
4858
7077
677
659
2893
1518
801
3621
709
1538
1869
2693
2644
1048
778
6231
747
2303
2750
739
3360
4760
831
2180
6228
7023
1750
948
703
2310
6900
985
3668
3585
1949
6197
2585
571
2264
2270
2589
1480
23996
2507
580
6570
770
847
4261
2376
2242
1383
4669
2661
1003
2350
462
5651
1016
1255
1008
2868
3719
17996
2479
1262
567
556
383
2029
1818
1452
3800
2491
876
2462
18388
4161
2016
1916
563
3089
32137
1653
6127
1534
2232
1593
2137
2944
1167
3413
2863
6884
2047
2280
2425
3045
1601
956
1622
5203
1787
1059
4702
917
1475
2704
1581
727
1316
2271
862
1513
787
1119
2381
2329
1783
7779
4011
18644
1266
2592
1057
625
3571
7444
1210
1617
2334
7807
2907
2734
5037
799
786
10483
819
2138
2993
2512
4983
3623
1900
4366
680
1808
3843
699
944
4448
1237
3870
1299
2174
472
1057
440
2799
2499
2942
3730
4819
6087
442
6296
771
449
4731
1596
1354
1549
2750
1178
4803
531
2372
1372
3105
36911
2610
1653
811
458
1109
3496
2551
805
1327
3126
3137
3220
951
2181
4984
1763
1888
3427
1370
1650
7106
1385
2512
1125
1034
1071
1300
833
3850
1837
5675
2585
1248
1030
4265
3242
888
1986
1101
6861
1138
1824
751
2648
6894
1035
939
2757
2508
3339
615
2174
1986
1158
2632
1268
3673
7105
2680
3474
4821
1059
546
2074
5065
781
16095
946
2261
772
2199
842
1544
6787
1313
1821
3282
2961
6306
3067
851
1755
2729
9302
620
6300
1840
6011
1818
2687
3513
1715
31396
1316
2692
1337
1139
295
1719
7121
815
1252
7199
1582
1132
1345
414
2089
3434
939
2693
878
936
1084
1219
2405
2998
1808
3854
1984
29296
2431
1100
1142
4990
3164
3097
3049
2105
4574
1181
3552
663
3125
1596
3518
438
13529
1089
5893
858
11362
10789
2858
2406
2564
1819
479
148059
5924
5342
2638
2252
2117
3615
1817
1268
2031
1004
2861
3886
4370
1593
887
959
2313
4780
1295
9301
5256
2246
734
11502
1706
1795
1309
402
592
2467
655
652
3660
2487
1258
3920
427
377
1769
2420
1606
2201
7110
848
7509
297
3935
661
5109
1136
6240
2085
5139
918
4132
936
6861
2092
905
3081
509
4692
618
746
1549
1517
583
520
3293
1192
521
1302
30852
793
1930
772
2950
465
1681
3440
902
6296
2439
1559
1441
2241
3733
1592
2950
1698
3241
1003
1081
2455
6020
748
777
5141
805
1421
25566
5174
1603
1137
1120
18305
3003
882
2669
7039
2632
2783
1238
2510
4725
1852
1528
1708
3450
337
1308
2681
1167
955
4402
2457
2165
547
1312
8165
1249
78969
202535
2229
798
1064
6610
3756
5090
3718
1391
1700
543
1014
2220
550
4007
8219
1156
3841
2434
2418
582
540
6939
5121
1439
732
5126
659
739
8881
5506
2984
2434
10477
1554
948
3171
4612
4359
767
430
1742
1084
4358
1109
1303
286
1198
2211
3539
2916
1382
1498
1582
847
2367
1001
2201
930
7062
908
1719
1689
831
402
1297
2140
2488
14144
1299
5539
641
4662
1343
1642
1613
549
2742
3338
2596
783
2546
2950
10728
1860
450
981
3761
7220
2658
1183
3453
1020
1686
1566
4413
3527
10540
3910
2527
3411
2690
4180
1849
3288
2441
1952
4624
1501
338
4037
6058
3961
711
2374
2893
941
1803
1175
1078
13589
4453
3166
3310
21986
2918
3557
675
2291
2078
584
3627
3301
2721
649
2879
3421
934
3361
4296
1505
6795
9107
4730
1290
268
5774
358
3856
845
5071
1789
1062
1155
9959
1202
1447
1813
1720
651
5340
16978
1169
3857
1010
2551
5816
3240
1305
1258
1290
3793
2742
1831
885
1144
1359
1839
3455
2383
3867
992
7395
2096
5356
534
1034
3633
3720
7051
2601
37428
7385
19637
5406
680
897
2212
3242
6401
2448
5094
638
6693
1398
542
1162
1403
5553
5355
1754
600
440
8363
5959
4321
2275
1683
3037
1601
1448
4147
877
4057
1225
1210
1592
1398
1400
2275
901
986
1899
2373
159971
4911
11906
8477
977
885
1763
1280
2273
2258
1835
1423
12473
1609
600
1723
4310
1137
5091
4818
2115
1998
561
2838
460
7429
6083
1367
3944
4276
1520
1516
3862
2283
6409
1645
1135
378
1143
3836
1951
2968
1629
4710
4557
435
3420
1241
1782
4736
3740
2679
14721
839
369
1310
1787
1302
1699
829
1813
241
341
5218
3221
1981
1628
2151
1503
2069
330
5935
2235
875
1719
1135
756
1790
775
464
1839
5945
2927
908
2124
1845
2521
1054
1707
6416
872
1564
7746
3111
2780
1578
4099
8437
3996
1771
5376
3950
1254
1201
7976
1496
3535
2400
4831
983
8621
17518
987
2430
1089
2600
7922
821
1844
717
926
1522
2398
1175
7522
883
1905
2251
7878
2660
3467
4889
863
5253
10049
647
1081
4299
1278
1232
707
3610
6789
6566
1569
3973
717
2130
1628
979
413
2605
6415
3650
684
1105
3209
2427
1376
5363
2069
4919
1843
1765
1050
4878
7444
1952
1667
8493
2476
2476
1233
2897
745
631
4376
1008
2024
971
3828
535
2784
3132
697
747
587
1555
4810
3393
1566
1625
2601
945
531
2925
1940
679
7446
5295
6068
3786
1312
981
2574
2412
17079
1004
1516
1826
1063
1057
2730
774
909
4607
2976
2864
561
1815
1837
2824
2923
423
58752
3293
1000
3797
1893
1418
1458
5967
7766
4185
4009
3230
1008
1266
925
1214
3074
2706
3573
9222
2890
3807
2285
434
999
1801
17026
977
1998
2478
1245
4739
736
980
2160
2787
1129
14965
9070
1347
1623
6005
3550
12405
1658
16578
3699
7994
12300
2374
1225
1437
1151
1847
1014
955
1835
1569
2014
1004
1583
4204
4239
1410
819
4163
997
1355
2718
2110
13800
1004
761
397
2139
1382
4164
5409
2804
7694
18564
361
7659
1809
5464
6941
5559
3144
1995
1390
8431
1358
6690
2909
1793
9794
1833
689
384
4975
2546
1702
1359
4595
1243
807
3106
2785
1161
6571
612
4300
444
1006
551
7675
844
3892
1360
539
1798
1077
5179
6487
6261
1163
1076
1310
1697
733
2436
3369
3690
954
2092
376
914
4748
1040
2362
1721
2823
1594
935
1342
2812
1535
1525
1211
3754
1063
1924
815
1666
3531
834
2980
3872
782
5151
2998
3019
3445
1849
1082
7117
5752
2326
1229
2815
613
12820
1430
3140
1894
5053
20061
1396
4298
797
865
1647
2308
1919
3362
2433
3304
3058
532
4736
3850
1279
486
4786
1212
2292
2976
17607
1045
1552
2238
1528
16687
6557
1275
3583
3128
2597
1395
2048
5835
1289
2582
583
1351
8460
1860
16319
