601
1240
2289
247
341
291
355
1216
676
2066
622
628
426
1634
1584
12444
1014
644
896
255
1596
580
2306
1038
951
8000
364
2399
868
473
1069
1978
2528
7314
717
3637
465
1827
588
547
3672
1662
1201
4295
1177
1200
2795
20163
922
1188
906
1399
1274
559
11202
737
5705
3254
670
276
1318
387
710
268
1968
4423
956
539
702
6683
2377
1498
1453
274
1478
913
1883
3157
1627
488
403
1300
2529
1158
2788
2008
423
1091
2686
1881
2375
1518
2163
604
2848
4319
4105
407
550
1805
969
3091
842
1693
1419
2818
4405
1478
2801
7119
503
1339
3001
5669
2299
974
538
1968
1425
754
1155
1282
392
2687
358
313
1450
1375
6041
1042
2446
3655
1669
408
4321
3994
1014
3630
746
416
1498
401
2413
2339
1495
1814
971
1360
495
1720
1874
4492
1321
8350
1657
6818
1479
1225
743
666
1005
2688
993
3002
1656
984
419
9683
2662
4229
685
571
1219
4638
3609
440
1180
351
1671
4551
3778
4215
1090
1805
498
779
1577
8767
595
1598
856
1507
1434
452
491
1105
1019
2291
734
1556
461
1304
1076
5291
647
235
2405
1623
710
444
1444
3584
5854
1512
1043
611
2256
345
724
473
4544
1331
913
732
2717
1521
1354
14394
254
1069
288
1832
1063
2870
2249
599
599
594
512
1943
1419
3185
791
2394
862
818
2350
4907
14392
1091
1118
3251
749
2170
1912
3224
790
738
7869
427
2571
1950
1292
1183
673
1831
741
7340
1782
5241
259
10270
290
2699
928
1416
10982
2792
1385
368
2103
765
447
3579
786
1279
468
367
1451
4436
506
2198
1207
694
817
845
10470
5138
521
1007
2571
2638
2982
552
391
2227
2452
829
509
409
471
741
1320
1051
130
1245
2458
1110
1599
569
657
473
2285
1711
582
1586
1302
2303
261
242
918
8356
931
654
1603
1996
1078
371
2840
1828
848
346
238
474
8346
6215
2962
497
1252
731
12777
4927
601
1308
880
1350
263
1426
1601
899
311
1125
1241
537
2498
4081
3531
1012
1570
1493
1822
2222
3277
3019
399
3234
501
4621
518
338
5043
7433
459
2789
917
3481
494
565
740
1547
697
1677
1419
1878
1463
2675
2154
2051
1295
1107
395
1308
1444
483
416
1910
766
498
2559
2036
1369
1752
3655
1513
8448
1332
1370
676
1261
859
3472
672
423
2174
2200
9756
561
1292
1686
2338
751
931
1494
2307
1011
3923
1398
240
1560
8307
1649
1032
684
675
2583
406
2270
494
960
68684
278
2593
1079
340
680
1207
318
936
823
5744
1484
2391
850
409
4803
522
751
1780
2019
4709
1819
3845
1217
1813
1293
8145
1123
2003
1613
1546
18126
629
683
368
2857
757
4590
3213
3249
2326
698
874
15096
642
590
5989
932
1443
340
711
2537
943
963
2332
777
1173
973
5459
772
1786
664
482
882
120
1062
374
566
5044
1264
3624
1859
2721
654
2621
1044
782
2302
3020
2826
1013
2419
2117
341
3463
964
1860
6223
435
1032
3488
6917
1596
428
1099
1922
546
378
683
5488
487
1104
1405
3865
1929
826
1205
1965
2225
415
1494
2713
1122
1129
464
326
1618
5387
912
322
3083
584
831
1798
5250
589
2062
1018
1323
720
1430
658
333
1826
457
478
1902
871
4860
480
1176
4489
367
2333
986
3782
1702
996
1742
275
1742
345
1463
4058
2638
2942
7294
1524
804
7339
1458
1127
10560
1249
8457
813
3451
512
2657
1009
501
119
1184
1856
432
3350
469
420
908
3869
1199
5800
800
1854
347
1964
329
467
1679
5131
1590
466
1068
5622
883
468
1511
1361
1101
268
583
2056
278
1377
1315
297
3122
486
2317
3062
3037
1289
2023
627
1155
1185
269
698
449
368
4259
1387
8050
2289
830
1213
1024
611
833
6804
1197
1940
1691
1315
1667
4873
4707
898
542
4853
1201
1280
1008
4782
2419
565
4761
473
779
1610
331
3300
2384
4617
1350
12034
1337
1456
6700
1645
1388
1173
1388
442
1257
320
13017
8405
1255
818
2297
814
2181
2478
5791
1367
478
7588
3112
2188
764
1041
2063
1788
1559
868
340
3520
3206
1057
1118
1066
1017
899
2416
11216
2833
860
2638
215
1306
432
781
7123
1706
675
973
434
4406
393
19714
2971
774
815
893
917
5315
1935
562
444
643
3219
998
2707
6686
534
7160
2190
416
221
3081
365
1167
662
1208
955
1199
3647
2246
969
617
183
977
901
503
2042
1460
1300
932
1480
3697
1951
357
279
3473
2506
984
1470
7873
842
2266
1338
1908
934
1815
1251
1832
5433
6965
15772
1451
16020
1713
215
2981
1358
960
1007
911
2681
2670
4401
2162
627
574
352
6927
1196
4629
164
1568
821
538
7618
1580
504
2734
1611
3126
810
1525
1094
1469
1186
1054
1383
1114
832
1510
2796
350
2556
1277
4456
2275
226
626
444
1372
141
326
452
339
1996
125
2660
2568
1890
3083
4998
9034
3217
1255
3286
3306
660
1887
826
240
507
565
5225
477
4245
1332
2792
2495
789
1079
1504
1748
516
1693
722
1155
1606
2520
1235
947
279
2867
3685
293
505
265
2094
1355
838
2604
847
552
339
1609
1554
1009
478
13208
1215
8068
585
1039
1236
1625
3097
603
1852
364
1694
4828
1999
318
560
1531
2381
1017
1085
1111
3342
6834
624
910
200
441
3195
5626
1131
1157
2459
2712
879
3051
568
408
2587
812
873
896
4027
728
655
5854
1524
4806
686
531
2207
1058
298
14702
434
391
732
2027
253
2302
1012
1982
459
2888
322
5880
628
785
1905
1104
1861
1139
995
1266
2476
275
447
1173
1194
1655
1946
412
837
684
3013
1696
1244
2486
199
973
1087
3622
3502
1316
406
3375
220
1002
4570
950
4626
618
901
1223
4214
1367
1289
1098
1364
1125
1913
2964
3092
741
23841
1202
1343
1536
374
580
3611
651
3021
12306
3949
577
4120
1166
2378
382
4097
758
932
4693
906
1183
411
1035
421
3278
1709
1768
3967
868
953
1298
5660
752
8206
1244
728
1451
640
797
2416
808
4489
289
1088
627
943
468919
2148
2426
815
854
377
492
3903
689
3291
570
5300
2089
1067
180
1330
1971
4006
424
9151
560
1294
3953
1464
1078
1699
575
620
3701
911
3533
13626
406
3336
873
847
1172
7779
275
13183
8522
169
586
4502
359
2613
1764
3253
1199
432
534
3364
1546
2089
494
1276
899
1019
2789
7138
1515
4164
186
4219
1980
1641
1706
416
450
1636
8280
422
412
1628
7716
670
1160
284
1168
2309
2267
10870
106
758
1523
1036
2427
2214
5778
1855
1474
307
401
597
382
1850
1439
725
3841
2097
861
746
907
1972
2285
2307
11385
3910
166
883
720
1057
12695
2733
622
980
898
1029
337
811
2254
632
2870
682
6478
16761
1569
2673
3359
1396
865
2588
1647
1357
1821
1160
1746
1965
1088
1221
3032
736
798
8766
1129
2997
422
388
7268
499
896
2212
2028
797
1317
3538
1422
393
12506
2064
7258
2051
1020
1022
362
479
1015
217
3076
3637
1208
2333
388
1012
519
2761
1117
827
1013
6641
2570
6940
222
1016
721
5428
1797
2518
596
696
473
579
320
3410
2925
1277
3506
309
13362
7027
1708
1556
3171
1169
1309
551
940
1027
331
4634
556
1140
1116
1699
1834
1697
1479
3120
683
719
3208
1808
490
1461
598
4174
3008
558
489
4724
231
1511
2371
5268
5565
643
10237
3683
1063
1746
1522
1155
1829
1922
11789
660
1276
456
476
2161
1606
884
6776
1985
137
2288
826
1035
814
2167
1060
4201
690
1573
478
1193
5820
2624
809
350
2076
1099
1192
817
822
4775
2664
1408
1989
624
6235
1952
475
1612
457
486
2337
480
3540
5656
1505
393
2157
1566
5470
1997
973
3665
1457
1852
21195
465
236
491
347
460
743
899
1738
4999
1537
1717
2333
1207
655
2395
4395
3513
3365
1335
571
3528
862
458
4041
3075
917
1212
825
2921
3901
829
3003
1054
327
971
316
1727
1266
2133
1408
1610
4047
1606
2961
808
1679
587
919
1682
2666
3058
2225
921
2668
403
3788
1204
335
2996
963
3717
4536
2760
1195
828
1442
319
1011
2664
1836
5467
4847
361
4394
2865
1851
466
668
1055
1272
674
511
1372
1137
4256
1941
735
495
3078
1701
644
2101
1489
3090
4217
933
978
426
2985
407
32829
2414
2891
5572
179
244
685
2989
3488
1199
3525
2264
3817
2289
1524
3724
469
945
60146
384
1394
539
467
2324
1035
839
1317
4467
863
502
10830
2469
2315
3630
540
4602
679
6097
1529
3250
668
620
1228
2962
374
1484
2980
1967
979
5919
802
1810
720
493
328
482
497
980
3172
702
686
3145
384
788
2230
2658
4840
2471
127
6074
2925
433
1251
748
606
1513
2178
277
527
2960
2026
6439
683
643
4103
921
498
332
456
622
717
2530
417
2937
1729
4752
5123
1476
434
1589
1035
2392
1066
2127
2028
1252
910
690
2749
2373
846
313
1212
2183
1469
3015
1433
951
1524
623
314
1405
11631
3557
1662
979
1005
3844
7004
1312
3395
4885
12115
2130
846
371
964
761
1650
8007
597
3993
5083
411
2454
694
914
2200
2710
1455
1400
3343
817
1459
4148
1378
845
2922
1616
1686
2656
1569
1419
575
492
5870
465
5827
2011
2450
3907
4189
1582
438
490
710
1316
674
725
1601
1671
480
4431
635
1938
828
2970
1672
1944
173
641
1249
937
7442
1988
480
2264
1534
363
826
3478
2517
1420
531
2379
1667
694
581
2015
1669
707
1567
2079
3511
1497
991
923
399
463
2172
1667
1842
810
2528
806
31402
2499
460
6410
1787
268
574
967
2626
439
281
3111
2458
2157
30037
1638
1136
2215
279
3549
571
2393
826
246
1094
4992
2211
1284
1573
2291
1039
2975
1934
834
3769
222
6555
476
897
2125
4256
5605
1354
1416
1712
633
12490
744
1538
955
970
1153
800
2462
1534
856
468
5890
361
2858
13225
5882
3833
370
3531
1278
13161
3353
1908
360
444
16900
1249
266
588
488
1579
485
734
428
442
1899
3494
1106
2890
1081
2533
946
1170
1378
1327
1334
618
1002
1242
2209
392
1223
2708
564
421
693
2310
512
481
1414
496
2971
5858
2001
1148
2647
3053
395
1198
3017
296
7851
996
2729
1882
3461
1167
1100
3674
3935
1457
1786
1596
5977
2457
499
276
2142
856
1809
10833
1000
488
1345
2870
1326
1449
1560
1497
1798
2481
15577
2827
3232
524
5337
1304
480
1369
2250
4528
1695
1376
9012
558
378
1665
4300
405
3241
1725
8931
5565
544
397
2559
721
1717
1510
397
666
1371
1213
3232
239
1129
2261
380
1812
1394
2483
697
1985
3258
3380
388
872
1007
483
910
660
4564
1438
1825
1206
1716
632
7846
2587
952
930
1342
2628
1666
686
1091
3013
1040
1998
222
2681
596
1143
455
351
3272
562
1777
300
593
4180
626
10441
1936
1187
1933
1058
826
736
1103
5345
2023
1170
1048
1668
1132
1469
641
737
4267
4721
1756
8533
3393
1242
2169
582
1717
705
16712
689
276
936
2355
611
3201
721
803
9312
1440
642
1417
2152
1471
2681
1343
5909
650
4208
3168
1753
1575
1820
832
867
1854
3346
1469
1001
742
773
1300
3911
250
485
808
2491
2709
4971
881
2042
1078
1201
2480
3857
7603
1102
3269
1652
858
590
1402
2583
700
14294
2097
4955
311
938
1345
14855
7962
710
624
701
1986
2322
1049
7468
2950
10192
669
119414
667
269
3750
1260
1159
1115
244899
926
767
145
1223
786
138
225
899
4954
637
890
1409
98
118
64
130
637
365
236
155
177
194
436
484
409
1649
1184
1401
678
172
657
313
505
1497
382
970
247
203
705
679
3290
1205
897
3403
259
4537
2338
201
634
272
1615
3188
590
1122
524
910
126
1183
104
852
777
982
150
64
9435
1959
576
1115
91
129
1474
948
193
183
532
709
598
117
516
2054
1229
197
745
1308
1262
78
398
178
4795
1718
309
331
1323
63
135
100
81
118
126
690
897
1664
303
426
732
804
113
67
1193
128
139
2036
171
344
634
84
437
326
379
2290
5523
432
503
748
1256
393
1895
599
189
207
152
895
2054
88
410
623
500
81
1595
177
1159
467
1203
111
3185
1555
499
1344
819
201
809
519
187
486
111
618
86
244
141
138
424
1632
762
370
579
1262
607
438
1419
2830
1232
773
635
1079
1884
173
534
224
1923
130
1302
871
1892
132
1192
500
2056
67
797
567
521
377
372
101
148
3840
218
987
7953
482
135
174
82
332
495
600
234
178
3586
465
781
460
1375
806
414
486
82
4519
648
567
631
181
892
1249
240
173
28
1500
1129
400
1071
305
1958
347
40
1209
527
62
62
124
310
476
1759
1868
328
733
103
1010
2361
1158
292
367
217
7658
1227
390
1672
717
360
203
1552
364
1625
298
1273
5381
453
189
384
351
235
633
447
1070
105
350
1693
507
440
929
367
171
116
993
618
1926
270
292
478
413
1200
229
261
3193
545
1034
1481
167
346
1788
420
975
674
40
280
145
466
80
886
119
2566
118
566
346
526
61
250
77
99
826
156
344
150
2418
1309
375
69
222
389
128
109
226
2137
1955
631
883
82
226
223
90
317
1350
655
681
193
1141
335
2234
2748
78
240
832
2035
503
220
923
110
851
1010
596
568
188
2280
756
1339
679
226
1101
1097
224
478
898
303
157
1966
353
3510
218
209
206
760
1703
500
405
2867
93
2021
155
73
434
1322
295
108
248
4915
1235
509
659
872
296
241
1679
170
642
529
1247
5372
499
398
1744
703
53
213
1199
4953
1327
1940
140
651
202
925
654
116
529
368
1134
334
27
67
65
438
2464
52
149
578
556
383
3046
173
1122
63
915
805
197
1356
619
2160
641
115
940
351
533
130
34
704
453
180
568
1061
306
351
1343
987
957
850
195
551
445
242
113
1110
780
760
159
342
2282
2760
632
4693
172
1071
320
227
2952
300
207
103
951
371
82
972
394
322
1170
2561
2451
85
1578
503
727
289
1691
1021
397
99
1035
190
1189
2397
285
441
2140
718
181
2082
283
223
634
5465
4439
171
101
66
502
568
426
284
1280
485
48
248
204
2130
116
523
233
565
272
326
1564
304
40
275
470
562
419
51
502
528
616
497
774
1101
45974
131
186
944
207
314
748
766
569
1079
4156
1471
200
2818
1159
282
767
203
220
491
407
182
2647
723
1448
163
333
826
1102
210
11016
517
822
1046
377
350
1438
1234
567
180
2337
82
1186
319
1302
1962
308
29425
79
169
491
1432
510
2247
599
185
1038
146
402
348
217
476
195
993
103
1284
144
197
139
301
96559
143
10167
827
1167
4648
712
15129
238
135
2144
508
410
90
184
192
93
4956
2058
222
570
772
993
464
374
1950
723
2183
374
271
286
164
716
2392
390
3784
734
149
226
199
697
326
3229
416
204
91
708
408
842
1856
482
231
215
2029
395
311
141
3237
139
3261
78
183
420
676
163
112
2010
1406
690
296
1214
115
359
13770
1796
287
590
473
143
396
707
1079
217
681
95
566
1013
189
267
351
806
1834
1727
378
273
167
311
306
942
416
878
31
1606
350
2529
261
814
2021
1093
1228
453
751
624
707
1824
600
769
1792
2110
255
583
82
4345
745
1541
83
72
1129
143
355
484
504
327
2613
852
914
104
1870
172
158
72
525
1039
981
808
133
1841
913
2187
167
480
95
253
517
251
513
340
1247
1665
4105
84
6268
835
3739
259
634
707
503
408
127
2667
552
932
348
395
261
1210
1185
1987
108
195
149
13651
2217
1832
1083
801
467
2001
867
4092
465
402
101
862
387
1117
556
1481
583
1125
260
2561
637
1036
918
1454
2033
697
2289
1129
543
3436
95
88
567
194
3834
146
386
1376
168
540
1749
764
3653
1086
113
1793
2506
1075
1264
393
396
2380
406
1399
220
56
352
79
304
377
521
204
697
1067
1081
1619
482
1583
1318
843
311
206
394
130
628
1670
598
264
308
9595
111
80
275
184
962
1157
2697
1172
992
6755
206
778
1066
520
418
302
1216
3072
1098
7810
923
241
916
1194
844
1159
1778
835
1531
1557
1190
280
27429
959
4218
554
1682
337
872
121
415
1668
87
2075
160
795
326
88
674
218
1817
593
378
1263
367
646
347
3435
133
789
45
1521
374
474
329
115
471
726
3583
707
1794
2000
167
181
177
3326
407
2537
508
389
291
2363
246
4790
1260
2410
1103
505
372
95
118
510
557
2070
2884
40
190
174
499
53
308
49
3837
614
11459
739
248
1824
61
111
516
4043
263
1292
1362
485
1296
559
144
219
2736
810
163
161
18197
1637
1346
3425
661
344
514
64
299
606
1608
1047
406
326
1044
617
865
546
2492
575
326
255
113
1896
274
193
503
163
289
806
129
207
54
201
259
1597
188
4223
4904
257
1785
870
182
1209
942
1375
1312
178
682
878
100
505
707
3009
546
93
1953
121
122
1907
766
358
193
318
397
146
1333
208
142
697
64
110
1114
274
200
693
42
2444
348
1154
1481
661
493
2839
1593
442
84
263
932
9767
1029
5155
633
397
293
555
2814
338
824
1431
3127
66
24853
1182
1762
400
291
1607
2920
279
3287
2152
195
292
1030
2345
880
675
7105
128
545
171
208
5498
525
1323
338
1576
1970
1121
520
809
135
513
179
152
644
1012
1687
428
715
117
1210
287
38
398
4002
777
198
203
713
195
230
1445
326
374
1028
162
102
51
2268
418
2287
2667
995
3127
220
311
113
2267
455
4539
162
603
854
138
345
223
299
776
430
314
303
3348
570
1202
903
1318
80
6330
400
559
3036
885
318
490
6153
167
553
517
597
144
981
88
668
602
3904
456
398
3097
189
180
779
321
239
1405
201
211
779
494
1288
106
1567
121
5955
2957
2126
96
1472
248
156
69
1734
408
149
181
979
150
1225
1084
552
213
122
229
494
666
647
649
602
193
307
440
244
1356
757
226
4338
1169
100
120
132
556
301
156
1085
206
1233
25044
834
364
478
432
1498
232
762
477
105
358
127
343
326
3021
99
1102
3645
479
4860
2013
1082
4550
448
1311
568
1448
407
602
236
1767
560
377
1675
517
156
594
447
3355
1233
985
362
2091
726
243
1092
389
99
40
1006
604
407
1356
926
1104
281
1352
236
617
173
25
459
3336
1166
138
613
535
1364
1098
1212
125
147
971
201
103
256
431
684
652
41
499
2459
9791
1596
547
1890
962
432
336
116
115
589
467
92
1772
1705
3223
1860
275
435
542
752
237
90
272
2585
144
2627
278
189
30
171
416
430
1818
514
3214
830
1192
1617
1401
116
110
374
1111
60018
3508
169
319
1991
109
139
7285
716
199
116
243
1056
1103
246
116
112
192
1030
240
392
82
2281
53
295
1025
674
118
142
645
534
1495
1081
283
1381
491
363
151
942
1474
61
244
785
26
11945
108
255
2619
406
457
14502
190
987
208
284
187
352
657
920
980
5420
1280
172
316
428
601
206
216
944
438
3431
649
1906
2364
133
287
740
88
1549
316
1095
70
1685
1081
1313
606
437
220
132
323
126
729
710
5595
2403
238
1624
1077
4628
157
65
70
575
517
2103
281
806
1453
241
1695
1867
2176
542
703
82
477
124
140
168
82
597
297
1368
467
56
1138
3017
96
527
2487
1731
8179
137
278
1913
741
839
3402
3699
259
2270
109
1633
131
106
997
2947
516
2460
456
422
1123
77
948
1086
478
3241
2031
614
3449
2986
1262
160
671
725
106
1077
1175
526
371
764
1113
228
303
2307
446
630
209
2158
371
538
46
258
71
706
367
166
92
1629
366
2204
231
3879
248
562
432
1027
1309
763
355
2065
2051
546
18011
209
2824
394
222
197
622
401
1392
793
809
373
88
509
453
5280
152
2973
713
237
2744
140
1851
447
1246
104
993
354
1082
577
596
1479
348
811
725
187
5235
1242
3224
309
979
621
226
1322
64
735
2102
145
449
7062
57146
637
73
934
479
333
345
359
184
426
1117
1199
1239
285
748
751
443
765
1859
308
202
920
107
991
1925
1407
874
204
638
1253
250
352
142
2118
369
266
199
331
1336
353
2299
898
1260
188
3275
443
1795
160
350
641
328
841
119
199
645
99
203
4439
1325
1110
371
232
386
958
994
2478
241
1804
181
129
388
937
221
519
1365
134
3327
957
1720
1736
239
498
291
929
241
99
471
1093
1098
201
1048
96
411
690
1530
1439
5379
203
885
374
328
1304
2727
645
121
217
346
1827
106
410
5140
12727
334
672
595
248
787
430
1046
1809
349
4080
559
1292
180
1580
63
558
494
1172
479
744
3634
195
296
820
219
359
1078
1184
398
355
734
755
399
1281
3135
272
126
227
3537
1910
420
534
166
1926
1564
49
1264
2283
3310
437
688
477
340
4176
1198
1261
89
390
2424
2198
427
566
160
120
824
1169
7919
363
73
445
290
237
198
1223
1452
138
1340
793
426
256
460
82
614
236
374
63
987
1076
30
11188
1608
335
448
187
393
162
11418
75
340
477
132
2799
1431
179
4556
426
2603
157
1672
368
217
1176
744
587
5373
1061
784
658
880
686
703
235
722
270
676
1386
384
168
248
144
1930
1522
642
1600
1721
478
760
176
163
367
691
818
375
767
175
1084
1689
878
1509
134
166
1310
214
39
167
605
248
1940
8663
256
552
2482
940
4081
292
217
3283
38557
475
202
4453
116
372
869
511
142
450
932
2808
771
136
88
290
367
105
7227
4531
765
125
694
1125
301
209
409
943
177
3700
207
113
173
133
231
180
809
354
1556
75
1166
1967
836
155
1205
292
111
296
559
200
727
858
81
910
1245
347
117
1135
141
1547
54
322
172
859
181
3458
398
3725
115
65
46
891
801
460
498
3698
621
2061
166
82
39
1836
96
55
1004
2512
686
578
1544
59
536
132
773
655
890
1150
1341
679
1015
199
234
472
1896
296
1406
408
122
176
151
208
956
781
1172
7015
363
177
96
181
172
110
1376
120
11
1921
137
71
1083
31
259
75
478
192
29
166
52
124
420
3249
962
137
10863
30
657
45
68
100
62
111
85
58
54
148
7241
58
895
90
20
77
545
867
60
66
164
249
66
178
199
150
54
193
1279
178
519
726
538
535
58
322
428
983
162
51
19
560
1527
55
76
1050
362
4
374
1023
41
93
135
103
747
139
346
130
4185
2808
376
22
21
37
50
149
68
132
989
127
67
225
49
982
88
72
160
588
175
284
353
228
268
24
257
889
52
77
248
442
88
138
108
17
74
545
1265
836
138
183
215
3612
16
109
2500
47
61
765
793
34
312
25
204
37
61
570
129
501
1512
114
466
111
10
114
46
397
1046
1995
34
233
65
90
67
94
44
275
2119
1558
128
276
31
266
90
29
219
45
24
54
327
83
30
514
75
1218
175
239
42
34
65
54
85
75
147
2155
69
103
79
93
583
584
51
306
185
98
34
550
1110
55
435
134
102
233
4458
188
130
828
79
145
52
1195
9636
209
45
210
5
143
75
245
429
187
1230
17
109
359
24
882
15
85
73
93
850
187
689
85
52
55
881
30
308
32
178
35
170
1072
46
171
1164
40
235
236
13
7307
1195
790
2213
91
127
46
115
326
1052
71
43
81
26
547
18
149
13
309
43
115
1359
314
3277
43
2738
512
65
72
1576
4114
131
651
134
2332
100
467
254
31
16
42
29
57
3426
126
438
1433
68
159
272
969
592
536
45
41
880
146
146
867
60
18930
485
20
2206
323
152
65
43
139
89
635
368
24
322
2815
933
168
1276
41
56
16
1016
71
44
1129
41
930
545
31
381
226
351
55
29
14
719
38
233
94
861
39
275
24
47
435
310
619
121
41
131
26
31
521
1942
97
47
64
89
479
87
863
30
130
537
79
69
2629
426
585
53
1111
153
333
655
206
40
42
337
48
215
682
53
955
23
11
542
139
79
46
326
274
39
29
36
148
26
85
118
103
47
341
36
141
108
86
30
163
39
82
735
72
97
72
48
10
103
133
621
268
165
83
12
443
415
73
457
222
54
941
132
1871
89
1199
413
24
94
24
98
37
1178
55
1563
27
547
155
320
62
113
32
19
7768
191
63
21
74
463
270
991
85
37
180
88
207
439
68
27
508
152
198
118
123
61
159
91
111
194
634
749
347
285
43
47
192
95
91
1571
46
536
134
292
1858
35
414
87
120
179
187
476
234
162
108
106
333
159
370
208
51
520
114
67
84
342
877
1876
56
98
195
121
192
603
66
1493
26
167
56
52
417
145
43
157
677
34
109
120
611
1277
123
149
43
873
37
1391
503
72
97
31
138
226
709
228
271
467
227
473
80
428
2008
43
214
37
766
113
86
617
417
22
1501
42
70
8571
27
84
450
14
719
69
413
610
31
293
153
31
419
149
35
1695
292
253
55
69
99
291
29
140
185
270
82
76
1478
42
339
198
101
250
61
23
396
726
348
430
1256
66
92
1060
434
29
214
295
418
617
22
2860
542
42
3934
4372
113
104
196
396
382
61
391
22
69
86
31
377
103
961
256
295
31
66
202
204
28
216
2260
163
220
1154
15
192
261
34
1023
225
206
100
498
1451
132
928
77
1090
767
1326
417
62
321
3258
56
364
916
60
216
90
200
606
142
3793
198
3144
77
453
79
108
31
28
1066
577
1979
223
95
339
40
268
246
54
180
49
166
243
26
227
8
189
157
135
571
51
98
48
495
479
215
133
255
226
71
2683
99
210
97
383
7248
58
34
136
32
386
7447
38
1507
636
1199
92
1108
266
360
81
125
249
879
65
452
3830
984
155
31
5116
1935
191
67
199
204
259
431
90
43
48
69
2007
100
225
187
757
388
91
45
239
542
50
1003
1680
35
1340
51
105
128
182
166
26
758
105
23
33
52
26
723
527
69
180
1183
3021
1566
260
232
25
101
117
1188
576
436
322
247
79
55
112
41
226
129
716
60
69
412
43
1439
65
259
156
497
84
94
113
138
325
1207
117
163
940
3722
325
46
569
2153
379
364
37
1841
87
38
344
140
1926
51
403
31
135
4201
120
111
190
870
691
20
837
353
205
775
22
213
415
465
41
49
29
320
1564
77
820
217
220
37
107
1075
12
31
30
118
75
959
270
137
33
1270
229
175
80
145
618
179
1112
2589
249
120
760
2302
132
480
416
506
1371
71
73
131
775
30
385
152
72
27
33
28
170
1366
175
205
425
16
355
23
336
569
251
516
37
742
141
329
41
89
57
229
48
424
108
258
359
190
403
74
206
297
1066
453
1458
708
121
143
23
1607
266
60
158
25
80
226
169
4874
582
60
243
744
92
347
2053
25630
3408
110
311
1698
393
87
23
100
15
178
480
129
54
37
17257
75
8687
240
87
91
617
91
1460
829
164
58
98
300
799
1952
1003
218
120
882
41
44
7171
652
479
213
177
249
633
107
28
358
51
3633
88
83
224
211
58
112
2457
980
853
142
64
68
176
123
866
119
131
198
76
82
217
862
1004
222
1494
1098
43
175
58
66
53
48
329
30
273
323
2048
224
528
170
1710
757
117
48
626
746
462
2318
33
1301
806
4748
117
390
15
310
59
1038
228
194
3971
386
50
98
813
79
25
1722
379
492
272
281
238
152
861
295
32
557
157
126
57
178
80
1541
1088
78
33
1351
1369
89
50
192
69
2014
123
2139
32
20
627
1465
403
35
806
1108
464
44
2881
202
318
19
596
106
46
118
177
75
33
25
53
73
609
1243
382
113
38
633
185
120
27
628
15
603
373
54
290
83
515
275
39
92
137
142
26
231
85
473
53
4120
1242
137
105
161
335
592
464
159
98
44
221
1293
49
27
54
44
41
164
134
120
198
227
111
17
350
2058
317
115
1272
171
40
609
91
4031
4733
380
162
115
236
857
66
22
269
320
74
1789
534
44
173
202
741
877
65
776
157
2772
267
411
1475
228
277
53
73
975
147
67
1219
44
70
109
314
1288
35
2146
126
570
1119
719
134
142
44
277
237
67
44
60
248
2756
1138
220
228
153
3407
648
378
921
790
67
167
45
44
134
75
332
233
18
49
266
73
223
124
784
2303
383
273
76
78
392
216
19
41
1700
3150
276
33
2089
33
1013
444
2507
112
155
158
325
86
1043
137
4395
4207
945
175
71
84
7
146
905
2741
24
5683
128
82
2706
45
25
110
119
120
51
225
23
109
198
37
39
5496
174
37
161
218
242
858
1134
845
105
148
21
427
807
36
348
35
8502
13
55
291
124
40
97
1778
68
681
2136
45
51
183
484
83
84
354
3612
2328
56
258
102
393
111
299
445
506
88
34
21
180
40
140
33
957
359
87
108
90
110
489
94
37
191
25
54
239
5464
44
698
775
238
140
46
137
409
65
103
31
135
2069
117
217
125
651
854
254
13
143
36
59
162
780
22
484
1162
1143
52
149
327
160
18
939
92
390
949
23
110
322
516
101
265
536
34
174
272
77
2526
614
505
39
1156
40
82
471
122
116
34
125
46
277
239
3016
19
131
177
111
730
53
105
182
679
967
1218
475
132
931
351
24
972
534
3270
59
97
700
142
332
232
182
106
88
222
229
232
38
234
125
65
383
98
121
67
34
35
215
441
115
117
82
28
113
67
1844
96
138
84
2830
187
25
8824
763
114
62
55
366
45
380
88
90
119
63
95
200
237
37
168
970
56
3403
296
141
48
27
60
298
155
47
185
73
72
155
80
45
126
456
140
57
334
348
1635
83
30982
61
124
61
10
6
372
125
337
126
1293
143
50
300
119
116
298
722
197
96
1180
79
2505
69
28
97
65
24
174
38
457
33
46
89
116
35
225
80
65
1538
232
136
190
261
210
303
411
1395
63
315
111
1235
58
340
61
35
124
49
999
80
11
44
833
2946
33
206
672
32
29
36
53
181
100
163
2877
664
703
1286
93
427
393
50
15
155
372
202
51
89
209
74
1562
101
571
550
867
73
28
159
347
1055
155
313
1990
24
132
112
170
35
38
43
167
270
108
228
16
92
457
72
30
155
91
51
281
300
73
232
484
499
140
177
217
856
78
322
36
94
395
18
25
848
17
115
30
134
186
986
171
99
17
8
132
606
708
511
49
339
258
20
172
288
47
16
109
58
183
84
47
34
409
92
172
56
168
480
2769
1025
317
764
50
23
6563
822
192
321
73
25
692
31
17
74
211
172
197
2441
2122
122
32
96
26
145
114
170
1208
80
107
244
94
60
1166
1770
89
1018
484
1666
15
517
825
555
357
411
187
253
7
146
54
516
74
17
72
107
51
347
368
523
88
32
99
725
13
494
40
1699
1241
187
1136
3322
76
49
114
70
965
288
45
18
915
83
47
365
76
59
86
30
92
46
295
265
190
861
756
90
32
93
431
99
211
117
126
1011
141
317
1745
159
483
73
375
109
426
486
92
285
677
196
28
19
143
23
177
258
11
58
493
93
136
82
55
3203
263
203
266
256
143
211
61
146
595
453
33
174
105
929
76
867
95
1180
736
783
2882
802
67
117
423
22
134
103
37
1000
100
165
198
37
738
102
28
2510
1786
2269
35
1957
255
1504
15
72
103
89
4047
58
112
76
83
2882
123
96
73
496
90
314
112
95
1683
768
159
106
280
43
167
71
43
64
313
40
85
143
502
665
55
90
371
240
86
62
92
2291
804
40
41
156
1046
313
46
672
30
589
129
1577
593
413
148
320
77
350
136
21
422
46
53
1738
383
217
62
196
2870
235
58
120
449
169
84
60
1247
193
185
30
1946
344
882
63
157
515
142
94
114
231
215
74
149
1518
53
267
271
115
66
92
37
114
129
2819
120
48
296
122
855
293
26
85
1189
477
152
167
128
60
3821
67
61
40
330
227
19
69
403
33
2332
50
4
240
8
243
89
49
428
72
2060
29
82
225
278
264
102
32
8
61
16
107
17
233
122
2665
6
42
497
36
49
42
32
74
406
55
115
52
52
308
91
73
41
1289
23
12
208
74
1094
48
72
115
10
445
105
19
50
167
61
83
23
90
427
21
77
1651
14
16
69
90
344
727
42
224
8
139
839
21
144
46
7
272
350
33
14
10
151
124
13
12
2
158
286
43
1255
20
3
200
21
250
9
134
25
17
31
13808
32
81
9
14
4
28
141
16
29
122
671
19
689
44
6
7
12
159
1
842
818
69
61
2
10
40
6
41
9
30
781
111
103
343
307
7
482
2539
7
5
145
1250
104
14
63
79
6
65
719
5
10
69
372
45
32
31
2
1229
912
4
15
15
250
3
364
778
284
11
297
92
102
13
57
57
16
25
160
16
59
627
1081
167
129
23
57
18
40
44
16
27
34
140
3630
11
212
1
66
114
57
23
27
20
9
9
2215
78
28
57
38
19
408
146
21
30
16
161
29
20
176
66
29
25
551
41
16
46
808
82
2
255
12
2
10
8
112
10
305
50
7
87
50
55
8
48
49
435
189
238
48
220
16
788
34
33
758
11
9
122
74
369
1126
12
255
83
14
150
248
82
38
145
14
13
251
10
3499
54
8
10571
20
4
21
26
339
21
475
14
5
14
70
196
326
307
104
433
28
1087
138
55
34
305
1445
57
40
424
351
2
11
972
1
159
80
33
26
25
513
18
13
163
177
4
95
76
822
14
51
743
2369
16
52
11
16
56
50
29
85
127
27
73
14
48
12
186
12
11
97
38
50
78
168
228
16
637
42
39
34
875
1146
295
53
377
486
735
11
35
300
4
13
52
63
205
48
24
40
107
27
200
787
42
1178
638
13
735
29
33
13
14
16
28
5
3141
37
659
10
24
149
15
8
138
10
27
14
108
111
18
6
21
368
47
537
27
123
837
661
486
5
187
43
22
24
240
122
45
15
28
442
31
44
12
38
308
286
19
103
39
17
155
63
330
36
10924
249
436
32
24
22
201
52
19
79
9
303
4
10
26
105
5
329
8
43
411
59
29
8
140
123
995
17
3
4
636
2268
68
21
348
97
54
14
10
182
325
19
7
74
40
125
145
169
15
12
11
22
54
47
117
7840
864
21
3
6
12
23
265
2
29
73
30
3157
211
698
102
162
197
76
1605
14
124
26
8
8
57
1352
435
122
606
54
15
10
15
17
14
142
51
11
7
31
4
39
25
49
510
19
66
15
400
169
82
19
40
36
43
2
575
3
7
15
768
23
440
38
4
57
16
12
380
1
202
35
4
20
89
12
196
33
79
3340
18
36
21
142
17
1742
11
67
26
3
283
43
22
41
12
114
321
73
3
128
74
72
110
218
2
5
123
113
11
860
2789
905
19
197
21
33
143
698
75
11
266
1067
30
11
4
15
39
1165
69
526
44
4
25
15
854
3
28
11
3291
64
60
6
91
12
71
26
160
35
13
93
55
105
485
46
35
14
19
83
86
30
31
19
797
6
63
2694
32
42
9
13
22
1691
240
1374
37
13
1
524
120
58
30
560
6
112
150
41
189
118
13
36
498
715
33
57
9
156
6
14
840
4846
773
86
18
46
26
55
540
84
695
16
26
2332
62
8
10
10
253
55
2
56
278
270
38
13
15
303
142
0
18
1297
81
238
32
25
22
14
44
24
80
8
3
11
15
229
94
7
90
439
8
15
230
1252
59
14
3
7
106
193
348
6
8
12
181
26
33
157
10
137
84
1110
47
74
87
5
431
14
924
41
109
74
18
126
14
34
2
4
101
232
156
41
1
15
2
30
18
113
8
45
54
965
72
152
31
640
320
266
54
79
37
127
119
39
42
136
607
287
18
22
46
356
124
856
17
14
19
77
67
697
14
266
152
103
5
113
208
32
115
28
22
9456
1813
19
33
71
6
3
52
47
11
0
19
220
18
11
59
69
6
102
21
15
31
21
4
705
935
138
136
11
116
203
25
108
34
12
262
192
75
947
134
46
93
1516
188
57
31
176
46
44
1311
17
88
97
1297
248
134
41
102
4
26
34
104
95
45
9154
1166
10
90
600
204
685
246
756
35
12
3
237
738
63
11
100
9
130
416
2374
28
317
213
132
1
11
11
52
15
295
11
28
384
185
12
105
56
9
25
55
460
20
221
63
51
35
6
8
84
1048
50
8
69
413
31
175
111
0
219
5
1132
3554
19
1543
49
146
30
1889
31
16
16
99
135
161
17
2
122
17
101
13
308
29
2
36
47
13
30
14
2336
21
52
28
472
140
92
14
28
315
29
58
1297
28
54
26
49
60
17
11
40
308
49
73
1
947
13
196
61
46
29
299
48
101
840
10
96
156
31
30
456
451
34
74
14
25
728
317
76
7
128
146
7
15
538
243
16
65
727
164
16
96
234
41
23
6
664
53
32
319
918
106
211
136
32
10
4
137
28
35
155
147
89
22
514
36
166
19
14
47
358
8
162
49
3
2
66
7
7
21
83
66
456
74
7
30
67
1776
62
161
131
3547
3
371
50
1047
5
69
53
41
102
139
19
34
2073
110
7
241
343
9
118
13
29
736
249
74
22
328
11
23
43
10
3
6
57
382
35
112
37
9
27
5
4
504
1
18
167
22
124
227
4177
20
969
24
21
243
213
177
147
982
23
53
397
201
1975
97
117
687
154
16
107
7
42
436
629
9
1831
373
12
3
169
434
45
39
105
112
84
22
11
301
21
286
13
71
26
7
86
685
3389
117
97
90
254
2807
539
2
60
14
95
147
2347
367
17
1256
30
70
24
13
667
28
83
15
101
14
65
11
352
377
326
482
98
81
8
252
146
26
32
22
84
22
6
42
156
192
122
85
22
5608
2
18
125
11
206
313
194
31
18
103
165
49
28
52
121
42
858
9
13
12
27
10
123
10
256
57
616
106
116
555
120
25
1801
14
94
2
198
225
199
1813
817
32
152
25
26
2378
3
193
9
47
111
50
67
17
96
448
29
28
8
7
75
289
154
7
162
105
721
62
222
18
8
8
918
163
21
1
66
125
92
3
538
146
162
7
15
14
32
6
129
386
1972
11
74
6
11
6
17
44
10
89
107
78
7087
838
54
27
389
7
42
66
96
226
152
192
771
85
507
12
66
18
109
14
8
19
14
25
272
39
522
138
11
670
40
107
33
16
7
29
20
576
45
67
89
42
143
5
830
8
46
702
63
593
8
32
8
4
9
24
1
13
153
7
45
7
32
25
277
8
21
102
54
165
124
52
87
3
846
20
2
78
2
20
1167
20
2022
75
209
139
49
9
52
49
47
44
31
5
868
6
141
106
70
456
98
39
94
5
32
52
105
52
10
13
16
40
16
206
90
23
684
13
108
7
45
73
28
293
195
21
9
30
130
4
20
174
21
59
141
673
12
441
15
30
63
65
56
84
203
3
388
28
192
60
612
23
26
493
104
522
111
158
693
28
28
24
115
42
178
13
32
31
5
477
78
2
540
355
29
46
93
152
56
175
383
2
12
13
39
869
12
88
18
3
37
63
95
57
40
51
491
1646
523
12
1119
24
53
2
148
14
276
63
275
3
809
493
46
504
12
9
42
7
196
63
126
33
105
30
1
100
238
87
7
67
36
6
19
28
36
31
335
184
147
41
20
166
70
9
24
30
12
2
35
26
64
48
7
16
98
7
201
34
894
476
64
14
1096
15822
1332
17
16
88
1065
830
9
900
13
109
26
19
45
5
10
92
69
39
264
39
102
529
51
64
117
30
60
230
21
134
915
257
90
16
38
42
85
5
269
841
128
106
5607
113
8
25
16
5
12
217
257
185
208
9
5578
2
111
11
108
536
15
2328
9
17
61
13
25
2
133
3
135
10
1392
3775
55
22
104
21
21
68
122
13
8
40
52
67
20
530
2
491
175
12
5
9
2
18
43
69
36
12
21
102
67
13
20
557
18
143
17
8
18
54
11
87
371
23
81
20
30
3220
101
65
131
31
15
118
102
9
198
47
5
330
80
38
1749
16
503
51
3467
140
88
15
129
281
217
241
35
0
56
595
125
42
46
9
9
140
41
36
22
1309
53
159
49
16
115
40
111
22
91
403
541
1041
28
1098
313
34
126
1574
20
10
28
210
176
1
144
738
38
10
56
147
41
60
8
25
66
234
106
11
39
319
65
3
96
2884
36
12
284
387
140
20
19
184
302
392
5
29
14
1473
85
54
16
2104
4
65
357
62
17
15
55
331
176
57
10
17
217
42
644
14
61
319
87
13
21
0
91
5
63
9
77
51
95
1190
61
10
198
77
22
136
58
85
1346
31
14
323
172
34
96
7
200
24
4
37
46
108
2
20
102
14
22
36
6
997
18
7
26
248
13
47
4
6
16
17
81
17
43
14
103
116
281
98
88
98
81
101
41
10
22
36
76
324
58
391
9
263
12
113
61
90
58
352
14
15
45
54
64
66
152
5
105
46
49
367
1396
17
34
220
8
66
19
3
29
36
186
44
4
44
1066
1498
15
9
174
86
860
36
15
114
5915
12
23
3119
418
61
767
34
490
215
128
109
109
445
37
254
11
17
97
3378
74
509
97
196
118
1
34
462
596
15
474
27
378
43
781
4
123
10
11
49
126
21
844
12
942
750
529
39
86
441
53
23
521
15
26
661
829
22
27
487
97
35
4
157
63
79
107
15
12
36
35
11
93
21
16
26
10
484
42
21
2
10
5
14
1
871
1
0
2
57
2
10
0
13
1
68
6
2
1
21
240
22
544
16
174
44
364
124
6
72
1
45
2
0
3
31
15
8
75
138
189
6
399
2
84
5
93
8
4
81
241
18
5
1
3
68
3
11
2
24
1
8
13
107
6
4
13
2
206
35
5
230
12
99
31
35
0
2
2
55
93
6
119
3
13
9
35
18
16
1
3
258
5
2
0
0
1
8
28
13
7
4
2
8
3
116
903
2
58
11404
106
50
37
4
1161
188
5
1
9
20
8
28
1
165
182
27
0
6
1
18
5
147
6
476
6
2
10
2
168
2
7
10
5
4
5
13
4
7
60
1
102
11
23
0
9
2
1
11
13
59
0
3
18
2
9
623
25
1
12
4
843
3
7
0
7
3
4
50
222
2
10
7
66
2
1
11
100
0
3
165
2
30
25
9
29
3
19
2
10
6
8
22
13
3
42
121
16
44
13
13
4
108
2
49
22
10
1
10
6
5
99
1
34
12
15
51
13
5
2
56
79
18
2
20
460
12
40
31
12
14
181
54
9
14
17
12
21
2
2
8
25
8
74
74
0
4
4
341
7
13
1491
1
9
11
7
3
13
13
3
111
6
3
259
110
3
5
272
6
4
1
5
1
135
107
5
6
4
30
167
2
407
100
27
3
7
2
2
26
355
263
2
1
27
11
83
19
11
311
2
14
2
0
10
11
9
101
0
552
4696
123
0
7
0
154
4
57
15
10
585
3
14
464
4
55
0
7
1
2
13
62
162
8
1
23
17
2
1
999
8
45
38
822
15
15
29
6
10
3
105
25
68
1
5
1
24
42
29
3
1
12
185
2551
1
17
18
2
7
20
2
8
39
52
39
70
11
4
15
110
6
0
2
16
7400
42
0
4
21
29
20
135
86
2
11
153
129
105
45
15
3
26
15
2
47
148
2
25
5
24
7
5
82
11
28
115
1
23
2
13
0
43
1
9
18
3
7
0
16
16
6
431
38
3
4
3
4
126
15
6
99
18
0
21
17
1
7
4
88
2
1
3
21
1096
1464
13
6
44
11
17
6
8
1
229
2
19
89
41
426
10
12
8
2
21
8
14
24
7
28
15
5
16
54
0
21
15
4
4
1
43
1162
879
227
0
3
20
4
2
1
149
75
532
0
1
6
6
12
1
9
4
238
11
5
0
2
15
124
23
62
1
22
166
136
21
39
0
15
225
2638
16
75
63
0
27
5
40
230
8
1156
19
1459
0
0
5
73
4
19
10
23
0
92
8
42
11
12
22
2
0
3
14
1
112
28
46
11
5
136
8
76
1
24
4
1
6
8
1274
4
1
45
3
20
25
26
7
2
74
7
7
3
141
8
131
1
21
14
14
15
22
8
0
37
54
2
181
930
22
171
7
4
160
1
151
175
17
7
53
104
14
19
10
0
5
7
17
1
46
80
28
32
153
6
14
102
0
44
17
1
7
3
13
0
228
27
0
36
827
55
166
47
76
34
0
21
13
38
48
37
37
48
1
123
10
3
1475
672
22
4
0
6
0
86
2486
0
109
90
3
4
19
40
119
38
2
2
6
8
44
0
2
4
18
31
1
17
18
40
8
21
2
10
2
7
16
6
2648
527
261
0
2
2
32
6
7
3
26
838
0
74
5
15
47
122
10
55
9
803
9
8
1101
3
426
12
1842
7
31
9
3
4
1055
5
35
98
3
8
0
10
14
2
77
20
2
10
9
12
3
8
2
8
44
0
9
11
1947
881
29
1
14
8
5
67
95
2183
4
31
57
2
10
8
5
69
106
2
485
7
834
16
51
48
68
342
1
2
36
2
34
0
4
0
5
11
69
122
69
108
96
296
14
37
38
9
246
11
3
5
56
192
435
3
8
1
9
1
167
88
6
22
1
47
2
42
26
10
698
45
6
2
509
42
6
8
60
13
10
9
83
6
205
155
0
0
103
31
378
42
26
10
58
14
13
7
10
2
12
6
14
106
3
11
1
70
5
51
2
2
11
1
12
99
210
695
145
126
5
42
1597
9
3
15
8
34
0
75
2
80
8
154
19
304
3
2
31
10
38
34
2
19
31
76
17
16
336
12
4309
8
8
13233
4083
5
3
82
4
39
1
50
654
7
2
172
51
45
4
300
11
48
2
3
949
2
7
1
63
47
20
5
23
14
37
4
10
3
133
7
140
164
19
211
13
288
17
246
8
0
8
4
2
4
1
1
335
2
0
95
9
3
1
15
54
5
3
7
2
2
0
1
15
6
22
5
6
23
18
27
159
2
3
89
3
9
13
5
15
3
11
1
16
10
224
18
1
629
7
115
44
14
6
53
71
88
4
2
3
3
53
2
304
5
10
1792
267
1503
4
10
525
126
19
10
24
154
9
5
341
5
1196
8
3
40
36
82
80
23
338
2
44
3978
45
11
49
1
2
8
52
17
61
10
129
8
3
981
6
128
4
18
728
14
0
7
14
21
7344
1
155
6
16
4
373
31
40
5
21
40
2
11
7
2
739
13
1
8981
1
0
0
6
19
0
620
62
0
149
150
12
166
5
2
2
118
449
25
9
9
2
225
4
14
45
5
125
126
4
6
11
22
38
153
14
30
179
334
9
43
49
2
143
8
1235
68
11
5
7
50
6
0
16
5
28
24
1
3
6
87
18
3
6
108
123
8
2
8
6
2
1
5
37
36
7
1290
246
39
104
770
2275
595
4
1221
23
4
1
5
52
81
6
1
70
28
42
2
0
90
24
8
8
16
13
2
5
17
1
1
1
31
7
3
4
3
8
21
9
195
68
1
12
2
1
29
1
4
24
2
21
4
7
55
1662
1
156
33
16
266
1
7
3
17
287
5
8
22
47
6
5
2
38
0
564
10
2
10
6
6
6
29
144
85
0
18
272
5
1
72
100
710
75
7
10
329
19
2
1
7
304
106
546
105
11
3
0
17
2
292
90
16
0
39
18
8
36
29
7
0
8
12
10
87
655
22
63
14
1
112
6
1
2
12
3
28
3
85
1732
80
90
152
10
2
39
9
227
5
33
54
2
7
5
3
15
3
2
4
5
7
304
344
25
17
138
15
6
22
40
212
0
46
1010
7
12
102
27
3
1035
37
24
1
10
18
25
3
6
250
4
1
13
16
38
1658
8
3
2
49
204
79
5
234
27
819
36
15
0
28
4
48
4
9
8
1
10
55
2
23
37
10
1
3
14
2
9
39
280
430
5
8
997
4
508
118
13
49
1
372
4
704
80
146
36
1189
11
1904
4
466
8
27
113
831
105
30
28
1
0
2
392
0
3
8
13
3
22
12
22
2
11
1
34
29
1
0
67
6
42
6
19
15
17
3
4
8
41
18
13
4
48
132
0
217
238
2
5
6
1
2
12
43
2
7
16
8
802
8
306
83
1
13
14
6
0
820
0
3
2
3
28
21
2
12
69
73
5
1
28
34
0
44
1
1
93
3
4
541
385
22
9
12
11
20
6
1
7
195
7
3648
25
3
189
58
3
15
36
50
7
220
168
7
3
21
6
6
645
69
365
12
4
11
2
0
5
8
89
12
11
9
40
84
29
1685
2
12
49
41
125
0
17
12
168
15
12
9
110
1
28
58
194
5
1
1
54
10
20
7
0
4
43
5
54
2
3
6
5
53
58
1
2
26
156
7
7
388
2
23
4
11
15
59
18
51
7
161
2
3
2424
5
3
3
23
56
275
2
7
8
37
448
2
6
120
0
4
16
24
7
165
3
0
12
7
42
114
192
9
7
2
3
22
9
17
5
9
21
30
94
11
25
2
4
101
24
8
12
1159
10
40
22
1
9
44
7
0
69
54
481
2
19
1
0
0
0
74
24
1
0
70
102
3
5
43
2
254
7
94
3
9097
93
16
1
356
2
3719
720
4
27
1
76
1040
112
277
1242
3
41
5
2
10
1
245
12
0
6
134
4
13
21
2
1
9
11
6
34
4
33
3
16
10
29
47
1053
22
5
7
28
915
73
15
62
1
3
20
11
1
10
5
1
89
3
3773
64
6
107
11
225
60
285
185
1
3
21
10
10
30
8
296
5
38
16
2
6
0
902
3
6
87
133
42
3
149
27
4
51
7
55
11
619
4
3
5
19
417
2
16
13
1
64
1842
5
93
8
23
974
73
8
102
183
3
24
1
27
7
1
3
112
59
6
11
1
2
2
158
40
18
64
5
2
64
66
12
7
60
2
6
6
7
11
1
33
4
115
1
2
54
474
2
9
11
48
115
147
19
71
308
110
159
989
1
200
11
28
0
424
0
13
32
51
17
15
16
29
8
7
146
5
7
257
4
92
261
8
15
124
46
41
102
21
8
10
2
1
0
20
11
10
40
8
3
28
11
3
6
1
0
2
691
53
7
6
20
24
34
15
7
1
23
1157
17
1
30
1
6
95
30
7
73
1929
5
0
34
2007
16
76
83
2
32
77
22
209
241
0
58
1
0
35
1
1
229
52
14
835
6
1
136
2
1
7
45
13
5
21
349
3
29
5
117
111
30
1
28
9
529
271
6
40
503
0
18
5
45
1
74
5
108
17
12
1
2
4
53
118
15
3
1963
2
56
1
9
38
124
12
8
130
10
33
0
39
825
11
69
1
3
14
707
74
3
103
3
4
2
12
5
10
1
2
146
5
4
0
9
1
0
1
0
6
7
5
1
1
0
68
24
8
11
8
0
1
0
0
48
2
0
2
12
9
0
484
39
6
0
1
2
0
0
1
14
2
1
0
0
6
2
18
1
0
5
0
303
7
4
3
1
1
0
1
23
6
11
0
3
0
2
0
0
14
1
4
1
0
4
1
0
3
0
0
7
1
7
1
0
726
29
8
1
1
1
43
154
1
0
1
1
0
146
3
2
2
19
3
15
9
2
2
8
2
7
3
7
0
1
1
4
0
1
4
5
83
110
167
125
13
1
4
0
10
1
11
2
1
2
6
15
9
43
7
1
2
16
7
4
0
0
19
803
2
5
288
0
2
2
0
10
2
9
0
4
3
2
104
23
4
1
5
0
5
92
2
13
0
300
17
1
0
1
0
23
235
6
17
0
0
11
29
7
0
1
25
6
1
15
1
8
0
0
0
40
2
1
0
2
7
1
3
0
0
5
54
5
0
1
2
0
2
0
35
1
0
1
506
73
1
306
14
0
2
8
858
0
5
0
0
7
39
0
4
0
2
6
8
0
5
6
8
0
5
250
1
0
93
2
4
1
0
19
0
10
9
2
4
0
53
4
15
8
14
1
337
50
1
0
3
73
9
2
3
3
0
1
12
1
2
2
212
0
0
5
0
210
46
503
5
7
18
1
14
1
0
3
0
21
3
0
0
5
6
1
0
1
8
1
1060
2
179
1
177
1
10
1
1155
5
3
0
752
22
0
0
0
8
0
7
2
2
2
5
53
1
0
494
1
24
23
1
0
31
3
959
14
3
9
3
0
15
8
3
31
1
66
1
6
31
30
26
36
332
1
1
0
13
9
4
1
6
11
7869
14
3
7
1
0
17
2
2
4
1
1
13
5
5
3
12
0
2
100
0
0
1
60
81
6
11
1
0
2
236
2
0
0
1
1
47
1
6
1
2
8
1
0
0
2
4
3
1
1
13
24
9
3
3
33
5
8081
0
5
42
94
0
2
0
15
34
11
3
2121
6
6
3
4
20
4
2
0
15
8
2
13
57
0
0
1
23
3
4
0
3
12
0
84
576
5
16
1
0
1
0
6
0
34
0
7
13
372
2
1
11
0
14
16
0
107
1
26
2
47
43
1
9
3
11
0
1
1
1
0
8
13
2
0
2
1
842
17
7
0
6166
15
99
4
2
1
5
0
0
0
0
40
1
2
2
55
708
1163
5
27
5
28
14
0
80
0
1
0
236
24
2
149
2
0
98
7
6
12
4
9
1
17
13
1
0
1905
126
137
5
0
43
354
1
85
11
0
5
5
0
0
1
6
16
60
33
0
1
3
2
0
0
2
0
1
33
108
4
2
1
14
2
3
4
31
1
0
1
6
0
5
0
15
2
25
52
0
6
0
4
2
2
0
319
1
0
6
86
29
0
16
201
0
0
573
2
4
16
0
1
15
0
4
36
67
3
20
0
3
3
1
3
2
8
7
0
9
46
1
0
547
3
2
1
0
42
1
0
4
21
21
8
5
1
9
1
0
0
1
7
4
4
2
2
7
1
3
0
13
5
0
6
12
14
1
239
7
1
128
4
0
100
4
173
0
31
9
2
0
7
1
9
1
430
7
13
1
11
2056
3
102
6
1
1
39
2
3
1
82
2
36
40
9
0
5
17
1
4
18
8
0
5
1
0
100
53
22
4
0
2
2
5
1
170
1
1
1
0
0
0
8
1
162
1
12
20
0
2
1
0
820
103
0
8
6
16
9
0
10
0
7
14
1
5
18
0
0
1
319
5
0
21
6
2
13
8
115
8
0
2
9
4
1
0
1
2
3
3
192
1
24
9
13
1
2
96
127
0
512
3
19
1
0
2
6
0
0
3
3
1
6
1
0
1
8
0
824
19
1
2
0
5
3
0
0
0
0
240
4
0
10
3
1
2
1
9
1
236
0
1
263
1
2
0
12
0
1
11
0
285
2
0
68
24
27
7
1
1
0
0
25
1
0
0
2
0
7
9
10
6
1084
1
3
0
9
0
33
0
0
2167
16
44
3
0
14
3
6
3
17
7
0
1654
1
4
13
1
1
1
258
82
25
0
2
93
0
1
0
0
6
37
13
13
0
330
1
1
34
2
200
206
59
62
2
2
1
1
2
98
25
3
13
27
49
1
0
115
0
0
0
3
0
0
20
0
1
14
8
0
1
9
0
9
6
49
0
279
9
5
0
0
321
25
13
8
0
1
11
1
16
339
1
5
5
9
1
0
0
0
14
0
0
1
11
4
316
0
1
6
0
153
5
2
1190
1
5
0
1
0
2
0
180
11
3
1
3
1
3
0
23
30
42
33
0
1
1
5
3
20
49
0
7
0
31
1
76
5
1058
5
0
18
1
19
3
314
18
3
1
6
0
1
22
3
93
8
1
0
16
5
3
15
3
7
1
19
88
0
774
3
414
1
2
0
13
0
12
8
68
0
1
4
426
0
4
0
1
0
1
2
5
0
32
7
4
0
2
26165
254
0
0
5
14
2
1
0
100
2
741
4
0
820
2
17
10
2
216
0
1
2
141
30
1
0
9
0
70
29
2
3
1
816
0
0
4
36
68
0
1
3
4
7
12
195
1
3
1
44
3
5
9
5
132
3
1
33
101
4
0
289
1
6
1
1
95
14
181
29
17
0
60
0
2
7
0
7
15
4
3
3
4
0
30
2
0
413
2
17
9
1
1
1
3
884
44
1
11
0
84
2204
7
839
1
481
62
1
13
38
0
5
0
1
0
0
93
13
1839
1
610
1
4
6
11
13
5
38
0
46
0
61
4
3
1
42
0
0
3
1
1
15
2
61
41
96
31
3
5
1
3
5
0
2
11
59
43
11
0
1
5
0
0
21
8
2919
1
2
59
0
2
1
61
0
5
13
30
0
7
5
152
6
345
0
151
15
2
0
0
1
4
53
900
0
138
9
27
0
31
1
0
5
0
11
6
1
2
0
0
0
1
1
0
13
5
2
0
2
0
0
1
71
2
29
1
1
11
340
9
99
37
6
2
7
4
1
5
5
9
0
1
4
12
627
2
8
13
76
0
0
1
27
2
5
1
0
2
1
1
4
185
0
3
434
7
0
9
2
3
39
6
6
23
0
0
4
2
1
5
203
2
626
25
112
9
0
184
43
0
0
5
8
35
68
1
87
1
1
1
1
0
0
19
2
2
314
1
1
1
0
1
4
0
22
1
1
0
0
2
2
0
1
0
7
0
2
0
2
6
31
147
13
0
0
0
27
2491
36
14
3
7
100
5
15
0
4
10
184
1
28
10
3
0
1
4
6
0
153
1
7
2
288
1
4
3
4
0
0
0
2
6
1
0
508
58
0
1
1
10
0
5
1
0
289
100
10
825
0
1
0
2
2
5
10
21
3
31
653
1
8
5
103
3
612
197
3901
2
2
5
6
0
1
13
3
3
811
3
294
102
1
0
177
25
22
75
9
1
0
26
0
0
1
6
1
39
5
5
0
0
0
7
0
0
1
1
0
0
2
6
3
2
2
952
5
11
2
15
10
0
1516
0
5
1
10
5
1739
0
53
3
106
4
9
0
1
0
199
3
9
5
2
0
0
0
11
6
6
1
22
3
5
5
0
12
105
25
22
16
0
3
820
29
33
0
3
2
11
15
0
100
1
10
7
0
44
0
1
1
0
0
109
11
2
2
1
7
2
1
1
1
44
12
4
0
0
10
1
99
61
81
2
5
2
0
11
2
0
1
2
1
4
1
2
1
8
1
2
1
25
0
3
0
1
47
12
0
3
1
6
2
25
3
5
10
0
9
0
72
75
1
2
89
193
0
14
21
3
32
5
0
0
5
2
94
1
37
0
8
54
5
0
117
1
15
8
6
1
1
0
0
0
2
5
0
0
7
1
13
0
4
6
0
8
0
19
24
2
1
1
1
0
0
14
1
19
0
11
0
4
0
0
10
0
0
131
1
2541
4
257
2
377
5
0
5
10
46
2
3
0
17
71
2
2
25
2
216
1
30
67
0
5
0
5
0
1028
1
2
10
12
46
0
31
26
0
21
38
492
8
285
0
1
23
25
7
2
1
0
0
0
21
0
25
4
1718
1
0
2
3
0
3
0
3
4
0
2
1
149
2
0
3
16
0
5
7
7
2
0
0
3
19
95
2
4
80
20
19
7
1
8
9
2
6
0
1
0
1
19
2
0
4
9
1
12
0
7
3
0
2
128
1
0
2
0
1
2762
0
0
1
15
1
38
100
0
131
1
29
0
38
6
1
0
2
7
0
5
0
0
209
2
1
2
47
1
1
40
1
6
0
7
0
147
1
3
55
1
2
0
0
0
16
22
55
1
0
67
2
12
176
0
0
0
4
1
67
0
1
2
0
22
865
2
3
23
114
20
0
1
0
4
0
0
101
10
6
1
0
101
6
6
2
33
42
0
0
68
0
0
29
39
0
0
0
12
0
19
0
6
17
3
0
0
142
0
5
0
30
8
20
0
2
25
0
271
1
2
7
0
1
0
158
17
35
0
7
0
24
4
0
0
0
5
2
0
0
0
17
5
167
1
5
1
1
413
794
5
5
1
0
1
71
0
0
28
0
20
2
1
11
2
0
96
3
1
18
0
4
0
9
9
1
15
126
1
0
0
0
0
2
15
1
0
1
3
1
17
16
4
8
17
2
0
0
2
0
0
2
0
52
0
52
0
0
0
3
7
3
0
1
0
2
2
14
0
0
22
1
0
12
0
0
11
0
48
0
0
0
1
0
5
1
0
19
0
1189
349
0
0
72
53
0
0
0
0
1
0
7
0
3
2
0
22
1
16
3
5
5
1
4
1
58
0
8
7
0
4
0
0
0
0
0
7
7
0
0
1
6
0
0
0
4
0
0
24
3
0
1
0
6
46
0
2
0
1
146
0
1
4
0
2
464
0
20
0
1
7
44
0
2
0
33
2
0
0
1
0
5
4
0
0
0
0
0
0
0
8
0
0
2
0
0
0
1
0
0
0
0
0
100
189
1
2
0
0
1
2
2
53
0
0
1
0
2
0
10
0
0
1
1
1
0
0
1
0
0
0
0
0
6
0
14
0
11
0
0
3
0
17
1
1
2
1
12
0
0
43
1
0
0
0
0
5
0
3
9
0
0
0
0
8
0
7
0
0
0
44
0
0
0
4
5
0
22
0
4
0
13
12
0
1
0
0
9
1
7
1
0
1
0
1
0
1
45
1
1
10
1
235
0
0
678
3
4
0
4
0
0
1
0
3
0
1
0
358
1
0
1
0
0
361
0
9
0
9
1
8
2
5
0
31
0
0
0
0
1
3
13
0
1
2
1
0
2
5
40
2
0
824
21
3
1
1
1
0
8
15
0
6
2
1
2
0
6
12
0
0
0
0
0
13
0
2
3
0
0
2
1
2
0
1
0
5
12
0
0
0
0
8
4
155
1
0
0
0
2
1
0
1
1
8
0
1
12
9
0
0
1
7
5
0
0
1
1
0
0
0
6
3
32
3
7
91
166
2
1
0
0
0
1
14
0
0
0
0
1
1
4
0
2
0
0
0
2308
821
0
5
2
6
6
329
0
79
1
0
264
1
1
22
1
72
8
1
0
0
1
284
1
1
0
100
9
0
117
87
0
2424
0
0
3
17
0
1
1
0
71
1
2
0
0
11
3
26
0
0
0
0
0
0
0
0
1
0
14
0
60
8
5
1
1
0
0
0
2
0
0
0
52
4
1
15
0
0
0
0
0
2
4
0
3
8
0
0
2
0
0
5
1
0
0
345
5
0
9
8
6
1
8
1
0
1
6
0
1
6
8
0
0
0
4
13
631
0
1
7
1
28
0
1
1
0
5
0
0
0
3
1
0
3
0
0
29
1
0
0
0
5
0
8
1
0
0
1
0
0
0
0
0
0
0
0
1
0
4
0
6
37
0
1
91
0
1
1
0
0
7
4
0
0
23
6
5
0
0
8
0
27
0
11
3
744
0
1
1
0
8
0
22
49
3
0
6
6
0
3
0
7
0
0
1
0
0
0
0
0
1
189
1
0
0
7
3
1
34
1
6
0
1
5
1
2
5
1
5
3
0
6
0
0
2
9
1
0
0
0
292
3
0
1
25
7
0
30
0
0
4
371
0
1
1
0
0
2
0
3
0
0
0
0
2
0
0
9
0
8
3
0
1
1
0
8
1
0
3
5
0
15
4
1
1
5
1
5
2
0
114
0
0
0
478
1
16
0
0
0
1
0
1
12
0
2
4
1
0
0
2
0
38
3
0
0
4343
0
1
0
0
1
5
287
0
0
9
1
0
0
1
0
0
0
27
0
575
1
2
1
3
1
1
7
1
1
0
0
1
3
16
520
602
0
1
1
11
0
2
1
1
7
7
15
0
0
0
0
1
8
0
6
178
1
1
0
10
0
1
22
0
2
0
0
0
0
0
0
0
1
1
0
1
1
5
0
5
0
1
0
0
8
0
0
1
0
1
2
1
10
1
97
22
1
1
2
19
10
0
1
0
0
0
0
0
0
0
1
22
0
71
1
0
184
5
28
0
0
0
448
2
100
0
2
0
0
0
3023
0
2
5
22
0
0
0
1
0
1
5
0
1
0
126
0
4
2
2
0
2
11
0
0
0
7
1050
1
0
1
71
0
0
17
0
0
1415
0
107
2
0
0
0
0
0
6
3
1
1
0
2
5
2
0
2
7
0
0
0
16
0
14
0
0
0
0
693
56
0
13
1
15
0
5
1
7
1
1
2
6
3
22
0
1
4
1
3
1
0
0
0
0
79
1
14
22
0
1
0
0
1
0
0
8
0
5
0
0
1
3
0
0
1
8
0
0
5
0
2
0
2
0
12
8
0
1
0
0
0
12
0
1
1
33
10
0
0
0
6
1
8
1
0
2
0
5
0
0
0
0
0
1
3
0
1
1
1
5
0
0
5
1
153
3
59
310
2
0
0
1
0
0
0
0
0
0
18
2
0
1
1
1
7
0
1
1
21
10
1
1
1
4
0
23
2
2
1
6
1
0
5
0
0
119
8
1
0
2
0
0
2
3
0
21
0
4
0
0
1
8
0
0
0
0
0
342
1
0
2
105
334
2
7
0
1
1
6
6
108
54
1
1
0
2
1
0
0
3
2
1
21
6
3
0
5
1
10
9
0
1
1
0
0
4
1
0
0
0
1
0
173
0
2
0
0
0
1
6
0
0
0
0
0
0
0
1
1
1
2
0
0
42
6
0
7
0
0
0
0
0
1
3
0
1
9
42
2
0
0
3
21
0
0
0
2
1
17
0
9
0
0
62
0
1105
3
454
0
3
0
2
0
0
0
0
0
18
0
1
0
0
0
0
0
1
39
2
3847
0
61
18
0
0
0
0
21
2
18
9
0
1
0
0
2
2
1
1
0
2
82
2
3
0
7
0
0
1
557
3
1
0
125
0
52
12
16
25
1
0
0
0
10
0
2
3
2
1
7
0
1
0
6
59
0
4
0
1
1
327
0
0
0
6
0
0
0
0
0
2
0
0
1
380
7
0
0
2088
28
0
1
58
0
2
37
1
4
1
1
3
2
2920
2
200
18
5
1
0
75
0
0
4
0
0
4
1
4
74
1
3
0
0
1
0
0
6
3
0
37
0
1
33
0
0
0
5
2
0
61
1
46
0
2
3
102
0
0
1
6
0
0
3
79
4
1
3
4
7
1
1
20
92
0
0
6
0
1
9
0
2
0
0
1
19
0
8
0
3
0
0
5
0
60
0
0
1
8
214
9
1
0
0
8
0
1
0
1
1
0
2
6
1
20
47
1
3
0
154
0
0
1
1
0
8
26
44
0
1
4
1
0
0
8
2
1
1
18
106
0
0
2
0
0
1
0
0
5
1
1
10
0
0
7
1
0
0
2
0
6
14
2
0
13
0
0
0
0
38
812
0
0
4
255
4
0
0
0
1
0
0
0
0
2
0
0
1
0
3
1
0
0
1
250
2
0
0
0
0
1
1
0
289
5
5
0
3
0
6
0
6
1
1
0
0
45
0
0
0
2
3
4
1
0
9
0
1
0
28
0
0
2
0
48
1
6
28
66
1
0
1
3
0
0
3
2
1
0
0
0
5
57
25
33
0
0
0
2
10
0
1
0
1
0
0
6
0
0
0
2863
0
0
10
0
33
1
281
0
5
45
30
0
1
0
0
0
0
0
0
0
0
7
18
2
0
5
0
4
0
0
0
26
0
0
3
5
3
1
51
10
0
0
1
1
0
0
19
0
1
0
96
0
0
1
0
270
168
0
0
2
874
0
3
0
1
0
2
0
97
0
2
3
62
0
0
9
0
1
11
2
1
63
0
1
1
0
0
1
0
10
0
3
0
0
0
1
10
0
85
1
4
2
1
7
0
2
30
0
7
0
26
57
0
3
9
0
1
2
0
9
0
1
7
35
2
0
406
0
7
2
0
0
106
0
5
0
1
7
0
0
0
0
0
375
0
60
3
36
60
0
39
0
0
1
0
0
11
1
234
1
0
0
0
3
39
8
1423
1
0
0
0
0
4
8
1
0
0
1
12
0
167
0
30
1
2
0
0
0
0
0
0
0
0
3
0
3
0
0
1
0
0
189
0
8
0
0
2
0
0
0
1
3
5
37
0
1
0
39
0
0
0
15
0
0
2
0
1
0
4
11
0
34
1
1
0
0
0
485
0
29
1
2
0
2
0
1
0
5
0
0
3
0
1
2
10
4
0
397
0
10
1
8
4
3
0
0
0
0
8
0
6
2
0
18
1
2
0
36
0
1
7
0
1
0
0
0
0
0
1
21
0
1
7
0
1
2
0
13
2
0
0
22
0
3
6
7
6
4
0
0
1
0
39
0
0
9
0
0
0
0
3
0
3
2
6
4
1
0
0
0
0
13
66
17
22
1
3
0
4
0
0
1
8
4
0
6
4
0
0
5
0
0
0
0
18
0
0
1
1
0
0
1
1
47
1
0
5
0
0
0
0
0
0
0
0
0
0
73
0
2
0
0
0
0
0
0
419
0
0
422
0
2
1
0
0
0
1
1
6
1
1
0
0
8
0
6
0
0
0
51
0
0
0
897
16
5
4
0
3
4
0
0
34
4
12
855
18
0
0
0
15
1
1
0
164
1
1
8
4
6
1
1
4
0
1
1
0
819
3
0
0
129
6
0
0
0
1
0
2
0
0
0
1
1
1
0
0
19
0
0
3
27
0
564
13
0
9
2
12
0
4
0
26
0
0
1
166
1
2
12
1
0
0
0
10
3
6
0
0
2
0
0
234
0
0
7
5
0
0
0
0
0
1
19
14
0
0
2
5
124
0
1
1
2
0
0
178
0
3
1
0
0
5
0
7
1
2
4
0
4
0
11
0
0
6
2
2
1
0
0
5
1
0
0
689
0
0
4
1
2
0
0
0
4
21
17
6
1
4
9
2
1
0
3
35
0
2
0
2
0
2
0
0
1
43
0
0
0
0
2
1
0
0
2
0
2
0
0
103
0
155
1
2
0
19
2
4
86
1
0
150
0
13
0
0
51
1
36
2
0
0
2
38
0
0
0
0
0
0
1
6
2
0
1
1
18
1
0
1
2
0
0
0
2
1
7
0
0
2
1
5
0
0
0
7
2
0
2
1
1
0
0
1
2
1
0
1
0
3
0
0
12
0
39
1
25
0
0
3
0
62
859
0
1
1
1
0
5
3
438
0
0
4
0
1
0
0
0
4
0
2
2
0
0
0
0
0
0
0
4
0
0
0
0
641
1
0
24
0
0
1
1
2
3
0
10
3
5
48
0
0
0
3
0
4
2
0
85
1
58
0
0
6
0
0
5
0
0
25
0
0
0
2
1
1
1
4
1
2
0
54
0
337
0
0
5
40
0
3
26
0
0
3
0
0
1
1
0
0
0
1
0
0
0
1
1
2
0
190
0
0
5
2
0
4
17
0
68
0
0
63
2
0
0
0
22
1
3
0
0
24
1094
5
3
0
0
62
0
0
2
1
0
96
7
0
0
1
1
16
0
0
0
0
0
24
4
58
0
1
821
0
4
0
0
1
0
1
0
0
0
0
1
19
26
0
1
0
275
0
1
40
1
0
1
8
63
0
17
1
5
6
54
76
6
0
0
2
0
7
0
0
0
2
1
0
5
0
0
1
3
1461
0
4
0
7
1
0
1
0
1087
1
0
0
14
0
0
6
0
1
0
0
0
279
115
0
1
4
0
0
0
0
0
0
0
10
0
0
17
6
0
5
1
3
1
0
1
2
0
8
1
409
0
1
0
17
0
0
0
0
0
1471
8
102
6
34
0
0
0
5
24
0
0
0
6
41
10
7
1
12
9
1
2
7
0
0
8725
0
0
3
3
5
6
0
1
0
1
0
0
91
6
0
0
0
0
0
0
0
0
1
0
0
3
0
2
0
81
0
0
0
0
0
2
2
14
0
2213
0
24
1
153
0
0
2
3
0
0
0
3
6
116
0
0
0
10
2
286
1
0
1
2
31
30
5
1
1
0
1
0
1
6
0
0
0
0
1
2
1
41
0
0
224
12
0
3
0
0
6
20
1
2
0
0
0
4
0
52
12
2
0
0
1
0
0
11
0
2
236
0
1
0
0
0
4
258
1
0
0
0
0
1
7
1
0
0
42
2
46
1
1
3
2
5
0
1
1
10
0
2
0
1
10
0
0
0
4
0
0
0
1
14
48
0
2
4
74
135
4
0
1
40
87
6
2
3
4
21
0
1
6185
0
2
0
0
0
23
0
0
32
1
0
7
0
2
0
1
1
3
1
0
0
0
70
3
1
1
3
0
4
1
1
0
3
0
4
1
5
0
0
1
1
0
0
2
0
5
5
0
19
2
0
20
0
666
2
9
3
0
0
9
1
26
65
0
5
3
0
0
1
0
2
0
2
1
0
24
7
70
0
0
2
95
50
8
3
0
0
0
1
285
6
2
0
0
5427
0
1
10
0
0
0
1
0
0
935
5
0
9
0
0
0
2
2
0
0
1
0
0
1
0
0
0
14
13
1
1
0
1
2
1
0
1
0
1
19
1
0
0
0
4
0
1
0
9
1
5
37
2
1
0
1
0
1
4
51
6
0
1
0
20
0
1
2
2
5
1
0
0
0
0
4
1
0
0
0
0
0
1
1
0
5
6
0
2
0
2
0
2
5
1
24
0
1
6
15
0
0
0
0
6
0
0
0
6
0
2
0
0
0
0
0
8
25
776
1
7
1
1
7
0
0
0
0
39
27
0
0
44
1
45
0
0
731
0
2
7
0
0
0
0
0
1
0
0
0
0
8
1
0
11
2
1
0
3
0
0
0
0
0
3
0
4
0
1
160
81
1
0
0
0
230
0
5
0
1
0
1
205
0
3
0
0
1
54
1
26
0
14
0
0
0
2
55
0
35
0
1
0
1
3
0
1
0
0
40
0
820
18
20
0
0
0
4
866
11680
0
0
0
1
0
0
0
0
2
0
0
4
2
0
0
3
53
1
5
44
8
8
0
1
0
0
0
0
0
1
1
80
15
2
11
3
4
0
1
2
0
1
27
0
9
0
7
0
1
0
5
0
1
1
1013
14
14
16
2
36
0
3
0
0
0
0
0
5
0
4
0
0
25
0
195
0
7
7
1
0
4
1
4
24
48
1
46
0
0
1
2
0
3
0
5
33
14
2
0
0
0
0
1
0
1
0
0
0
0
0
0
29
0
0
88
6
8
0
12
25
1
25
0
16
1
2
0
0
5
3
1
0
0
2
4
2
0
7
0
0
0
8
0
0
0
1
4
0
63
1
0
1
1
2
14
0
0
1
1
0
0
1
2
6
1
39
2
0
0
1
0
3
27
43
0
5
15
1
49
0
0
1
2
0
0
8
4
0
45
0
0
0
0
824
0
0
2
6
0
0
1
1
0
0
2
0
1
0
0
0
0
0
0
0
24
0
1
0
11
584
1
0
113
1
0
4
1
168
18
0
440
1
12
123
36
0
1
0
0
0
4
420
1
0
0
6
0
0
1
0
0
0
1
1
0
0
0
5
0
2
0
3
0
0
1
3
0
0
0
0
0
1
0
0
450
7
2
0
0
2
7
1
13
0
0
1
0
3
0
0
0
0
0
0
32
0
5
0
6
1
9
171
0
0
2
11
184
0
0
0
3
0
0
5
1
1
0
0
0
0
1
115
0
6
64
1
1
0
1
0
1
0
0
1
73
0
0
415
0
8
1
7
3
2
3
0
0
0
0
0
0
38
27
0
23
4
0
0
2
2
0
0
1
22
1
1
0
0
0
0
0
0
4
0
1
1
0
0
0
3
14
0
0
0
1
159
0
0
320
0
1
27
0
12
0
0
0
0
1
0
0
2
0
0
0
2
0
1
1
1
0
15
0
1
6
0
39
0
29
0
1
1
7
1
1
0
2
0
0
1
0
179
0
0
0
5
7
0
0
0
2
15
3
12
2313
0
0
1
1
0
0
18
1
49
0
0
0
9
1
1
1
0
11
1
0
0
4
1
76
0
15
22
1
0
0
170
5
0
1
579
0
0
0
0
0
0
1
0
2
45
0
0
1
0
0
0
1
0
16
24
0
0
0
2
15
1
1
7
100
0
7
0
7
36
1
10
61
0
0
9
0
1
2
1
10
0
1
6
5
5
1
0
99
0
3
17
0
0
0
0
2
0
1
0
12318
3
4
0
0
0
0
1
12
8
0
0
1
1
0
0
0
6
2
2
14
0
0
1023
7
12
1
12
0
1
24
0
1
14
0
3
39
0
2
6
1
0
0
0
9
0
3
345
2
0
0
0
0
3
0
0
0
6
0
2
0
0
0
0
1
11
3
22
6
0
0
1
0
3
1
0
1
21
1
3
0
4
8
46
0
1
0
0
0
0
0
0
2
18
0
6
0
0
0
34
0
1
1
0
1
28
1
116
3
0
0
0
0
0
0
106
0
0
0
12
0
0
1
2
0
7
119
0
10
255
0
0
0
0
0
0
38
0
0
3
6
5
2
1
1
0
1
2
3
3
0
0
4
1
0
25
1
1
0
101
1
4
47
748
11
0
1
0
2
1
11
1
0
145
1
1
0
54
0
5
3
0
0
13
2
3
0
0
0
0
24
1
0
0
91
5
1
3
0
0
292
49
7
5
2
2
0
0
0
11
11
10
5
3
2
1
0
3
1
1
6
0
1
2
1
0
0
1
0
6
0
1
1
16
0
0
0
0
0
0
0
0
0
1
1
4
0
0
0
2
16
4
14
1
466
1
0
0
4
0
12
0
1
14
22
6
1
0
0
1
0
0
6
0
0
1
3
0
0
0
0
6
43
2
0
0
0
560
12
1
0
0
6
10
0
0
1
0
13
5
16
14
0
31
4
0
131
1
0
1
0
0
1
0
6
0
0
766
0
0
0
262
1
0
203
12
6
0
2
0
0
2
0
0
0
0
35
0
5
0
107
6
1
25
0
0
4
0
0
0
1
0
0
0
37
352
0
63
0
0
5
0
1
73
0
22
0
6
8
2
0
5
7
20
1
0
0
0
0
7
0
0
68
12
1
1
27
1
0
0
8
1
6
0
0
297
0
0
0
11
14
0
1
0
1
1
0
10
11
3
0
7
0
0
0
22
4
2
7
0
139
2
1
2
124
0
1
5
88
0
0
0
6
0
34
5
1
27
5
2
1
18
1
0
53
0
0
2
0
86
5
125
208
0
0
17
0
4
7
0
6
0
0
0
0
1
0
0
0
37
1
1
0
0
0
1
17
0
1
0
48
3
0
2
8
0
0
0
27
0
0
0
0
0
14
3
0
11
0
0
163
22
21
5
0
0
1
0
4
2
32
0
0
16
8
0
0
7
0
69
0
8
0
0
0
113
1
0
15
14
0
56
18
