-18
160
135
-54
91
-17
-350
-8
0
-1475
-11
26
-290
243
-7
1
308
-7
-22
-711
33
-1024
-13
184
-23
26
3620
-120
25
24
-118
-16
-2
-3
-48
-275
-445
-241
7
-56
-2
-67
167
36
36
375
114
226
418
18
431
-709
228
-135
-1
-99
-14
-473
860
-15
98
9
-2242
41
-48
275
-40
-1
-463
-37
5
385
29
1404
154
-142
14
187
-738
-7
14
-3
5
136
-1
-24
0
11
31
-1598
-105
20
13
-3
56
251
58
3
14
-405
-79
-2
1377
-10
0
9
2
-5
6
-372
-72
2
-2
10
-77
-7
-3
10
-12
-8
3081
663
3
2
53
-4
91
33
101
710
253
-28
-36
-1
-5744
32
-99
7
1
0
41
2
-587
252
25
-533
96
-1152
16
4
353
-30
2
-172
-13
-213
19
33
197
-465
15
148
10
-100
-32
-74
-7
4531
461
68
8
-156
7
-515
-5
-1
-37
2604
9
-65
-255
-23
510
150
-6
-6
345
-1
-393
-43
199
-47
1029
1035
-3
-10
65
-5
5
-12
-34
-23
13
200071
109
18
71
127
321
-12
-67
463
-10
17
30
-357
-7
-9
350
8
-796
-35
28
-2
-4
5
132
-11
2824
36
-70
3
3
91
49
2
-29
-1072
-15
-72
199
42
-6
131
23
-82
-4
-13
2
-5
-5
541
112
-181
42
-28
-150
-4
-12
9
5
214
2
-44
8
17
-7
0
-8
-145
-3
3
137
-107
-3
-19
10
8
88
-7
26
-47
67
-146
2
-1359
-211
4
22
-39
293
-42
133
344
44
11
-10
0
-5
-12
9
226
87
-4
174
-98
12
-16
-599
-14
-3
-10
-16
99
2
-362
80
32
-286
64
-721
-25
-264
-1432
2
79
0
16
228
-5
-251
-21
40
-834
10
19
-611
-20
0
52
78
-44
58
-5
-3847
-93
32
-3
330
-32
-126
1
-515
-215
141
-61
-9
106
3
728
13
3
-81
-471
118
7
2
2
-17
13
-261
-1
-1796
-49
75
-283
59
-203
12
140
-461
50
-331
-618
-7
394
52
746
5
39
-174
-58
-112
-3
-9
-31
-9
-119
-103
37
-9
-8
-32
-98
6
-24
6
125
-27
-11
-127
-39
-124
584
-361
416
142
-137
-339
59
-13
134
19
12
356
-20
0
-36
-52
63
115
-163
363
-158
406
-90
40
-582
1
150
-66
-101
-161
-283
0
-1
57
1
29
-43
-113
1
2
140
-14
0
19
1
1
6
7
-87
45
-1
-18
-1
-1
-50
13
278
-66
-88
-128
-17
25
6
414
-440
-4
-323
-122
-7
-2058
-276
58
16
80
-6
-551
229
5269
-430
9
294
-312
-45
87
-354
-321
423
190
118
297
-152
-332
-361
98
17
600
305
-2
-52
144
-1
30
75
-84
37
-96
16
8
-278
-12
-119
-150
1815
12
-120
1308
-1146
108
3
32
138
5
2
15
0
0
48
0
12
-26
-31
-1
-14
137
-14
41
57
23
-28
-941
-99
2
222
-340
-41
26
34
-77
105
-7
-22
-397
-63
4
120
449
-136
-64
17
40
-11
4
17
17
38
-4
5
6
46
33
109
13
-17
215
85
74
157
470
825
43
-7
57
-152
-16
-12
1
6
-134
-75
-6
-27
105
354
-3
227
6
-2
-14
16
548
15
-13
1889
-4
8
23
84
11
-10
2
-59
19
15
16
-51
-48
-398
268
-12
1020
-1
1
9
-40
-1231
19
1452
4
307
-6
-9
1055
3
43
4
-5
-223
31
-4
-374
115
-26
-50
-6
4
6
-36
952
8
-110
98
-8
-3
1469
442
443
-171
-7
-34
840
-162
97
-35
-5
11
4
-7
-163
-3
34
-72
-94
14
-79
-5
44
31
14
-5
-36
1
172
-3
5
-61
-2437
53
1600
1
-14
7
-388
19
-52
417
-562
30
5
-80
-28
76
0
-185
-10
14
-89
-48
-192
10
-2
108
-3
-14
-14
161
301
-1
-5
53
-16
-66
-71
55
36
69
262
9784
32
-418
-167
-279
5
0
3122
3
-17
26
-39
6
342
222
10
11
548
-289
-396
49
35
-18
194
-101
2355
-22
-195
10
-14
3
-127
10
-1
19
-2
19
2
-278
221
9
-56
-23
49
17
26
767
-274
-155
354
2
3
-54
7
-204
-22
22
-540
128
-481
35
-954
-174
-48
642
-36
-1
-83
42
6
5376
290
442
-19
-190
1018
444
305
-4
78
27
-45
8
-6
-72
6
-357
1
0
-3
-317
-118
-73
148
-16
317
188
-52
-9
5
-27
-2
104
14
-18
-12
10
19
-8
-433
14
-75
-224
-318
18
6
78
4
-17
-26
90
8
51
-15
-11
-120
0
8
126
13
-186
26
-267
-25
-9
276
28
-31
-20
-206
351
-79
-7
7
7
-20
0
-517
-33
-15
-52
119
61
-9
1086
831
-31
136
1
-19
-87
-6
-300
16
-31
-369
296
4
-70
258
-12
324
-12
152
-82
-1136
-139
-8
1
-6
5
-23
126
1296
-565
-357
26
-145
7
461
17
-15
6
78
102
164
-12
187
-1
-370
-14
-138
-38
-690
-95
-48
324
55
125
-80
-142
-34
1
10
39
-9
5
41
-44
-330
14
480
-85
721
101
-196
208
46
-446
99
-83
26
-15
3
-284
24
75
-80
1457
10
10
107
18
-10
5
-18
-111
-1
16
-36
-10
-30
1
119
-23
-9
45
-88
12
-105
1
80
-343
-49
202
-96
-91
-123
-142
-115
40
12
4
0
-199
56
-292
52
-11
-68
-3
-13
73
-38
-23
181
-55
-98
189
111
167
23
56
-57
0
-1184
82
-32
-15
74
40
190
972
6
-8
-214
-14
58
-374
-14
0
10
24
-3
-86
-389
-93
-18
6
-1
864
-16
-39
-6
20
194
-9
-10
-133
65
1395
-1
2
-23
-43
-186
286
11
-400
84
5
-58
-4
-201
-59
-95
-181
-3
775
1638
3
26
-27
-43
-34
7
120
29
-28
-85
-163
-653
-125
6
-2
-4
-2
-29
-20
1202
-98
-18
-407
1
-167
-831
28
-7
146
-74
-360
-3
-885
-5
9
13
-9
332
22
98
-48
-1
-17
361
-124
5
0
-6
40
3
-168
-305
-2
154
-5
-63
25
5101
28
-239
0
1
200
281
3
275
158
-4
-2
350
67
-3
172
-3
-1147
20
-124
-1413
-2958
117
1455
42
-2
38
-1536
-26
251
-29
-273
13
-111
-11
-47
-19
-1
362
287
-45
-54
-103
203
939
-202
-36
-4431
-28
-679
-90
-74
-39
-1
156
234
-108
64
130
-4
76
9
97
-653
18
-29
-457
2550
-5
55
29
77
508
10
210
3
-298
-23
337
-46
72
259
4
0
-53
-1
193
30
7
1
236
-34
107
-44
15
-404
554
-24
35
33
-69
24
8
161
-19
-15
26
14
-352
0
-9
65
122
-160
-1344
92
-12
-3
-32
-1564
-427
30
-507
5
-41
510
488
61
-60
-116
-30
-6
2
-1
47
-534
7
-9
65
-134
374
-111
-16
-30
21
-13
124
-594
-39
-360
-21
-574
-48
7
208
-15
143
116
21
161
-1
-2
64
14
2
2340
-4
63
-14
-1
-63
2
10
-6
299
-1569
15
-2
-40
-364
-50
-104
3
135
-4
-1
-101
-78
-24
126
422
28
-60
5
653
77
-8
-136
-2
11
-14
3
3
-196
-1
27
-176
23
3
-6
-1
301
-131
-122
-13
-10
4
-26
176
-26
-188
12
627
-4
-286
836
-31
5
-52
274
232
23
-12
3
-78
-222
47
16
-29
-32
4642
-13
-165
63
157
77
9
147
330
109
39
339
-26
64
-68
-1
-1
-50
-426
914
3
-5
70
-44
209
-7
-670
92
-16
367
-422
-20
31
2281
10
-354
247
97
353
-9
2
-87
-9
108
34
-14
26
336
-16
-86
441
-85
-33
-305
-289
-352
1
-5
-32
-2
944
-32
378
3
-106
14
-18
1
-75
2
13
-16
-1535
-4094
-1
-342
-4
-369
6
21
-122
-5
-108
-33
-4
22
101
-40
-452
4
-487
-93
-97
8
-567
-7
107
152
9
-302
-86
-3
62
6212
26
-20
72
-12
-22
-107
18
14
80
131
6
-33
57
23
23
-2611
-5
16
-6
12
-1369
22
12
-1
-61
-22
39
-77
15
145
144
103
31
-1
-1019
-71
-21
-355
-125
-3
119
34
9
44
463
-5
-21
41
-76
-43
35
-9
27
-138
249
71
-855
-20
1484
20
-12
-61
-1
-19
332
288
-91
928
-979
-13
-373
7
-20
186
24
15
-7
10
-37
6
-11
4
917
-169
20
0
28
-713
11
-12
-32
8
34
-72
-14
-4
-357
-110
-131
252
-125
22
383
-2
334
13
8
-71
51
361
10
52
-17
0
472
12
-295
-19
-54
-17
-113
15
-6
-15
10
-12
20
99
-12
-32
1
-222
-212
672
923
55
181
37
8
3
-11
60
60
-63
-39
-10
12
-2
-173
725
-114
77
-30
14
26
21
43
-30
6
-24
-416
-21
-93
55
-161
41
0
-184
-4
117
23
31
-10
-3069
13
38
370
-53
4
-16
-30
538
1
100
150
-35
-172
-2
-38
48
-45
924
7
-39
20
-52
86
1219
240
-99
-538
262
-4
-7
15
-25
-7
4
116
2
-22
-62
-245
-1098
-218
20
378
46
2
474
280
218
-57
-90
29
-743
770
-10
4
-2
47
-6
-26
-4
-2
-8
52
-53
90
59
-6
222
13
354
141
41
62
-1
-16
-14
14
-124
-7
-1
-16
-4
-410
-48
2
205
1
-145
312
-332
3
10
105
24
-60
17
265
-1
-13
2
-8
14
-192
0
275
129
-2849
-2962
-2
-333
-427
-9
-246
-9
29
-37
530
-1059
8
-15
-40
-9
-44
32
-411
-82
1
0
-70
88
1
-14
-83
-1
-59
36
-1003
-8
-252
153
78
2
77
-8
68
120
-25
-77
63
115
3
16
-4
-10
-11
30
830
-14
-3
4006
442
0
7
-574
391
16
5
2
-352
40
-41
-17
78
96
382
-4
-16
-85
-3
-3
-121
82
-13
261
23
7
-39
-131
-42
-9
-44
108
62
0
213
283
-2
452
-20
-42
11
-4
6
9
23
2
-4
-86
-3
-22
194
-362
40
4
-54
-20
-215
7
141
15
-17
58
-3
2
-43
18
295
30
-11
490
-4
-111
2337
-1
-8
-12
5
15
71
-40
-42
2248
299
-75
-860
5
39
577
22
18
-30
-114
9
0
175
-21
4
190
-220
-86
70
-34
15
-108
-214
8
70
4
-115
-154
56
247
-76
-56
58
-1234
52
21
461
-408
-100
-7
14
-195
-9
47
10
-136
-38
-3
-35
18
110
4
-170
173
18
0
-7
-450
-87
-17
-104
63
-297
-18
-181
7
-5
-73
43
-16
0
1
-1469
6
-10
61
-73
-1207
93
-99
30
-71
-1
-1347
-56
47
54
49
-187
-29
59
11
23
587
-98
40
-167
188
9
154
-88
-10
920
-30
101
260
-18
518
-3
-116
-13
-2
-21
4
-110
-55
-8
-192
41
-8
4
195
1098
146
-371
89
-53
450
188
-7
-216
2
11
5
-18
56
-27
-12
-24
16
-61
19
-27
4
-6
-67
47
-33
-90
50
86
-78
-8
-10
49
23
8
-4
321
-3
536
102
-6
-4
26
273
544
-22
-35
2
-101
-1256
-206
12
-16
13
0
330
0
0
354
378
-24
-114
-1266
91
5
397
-2
8
0
0
-7
-26
51
-16
31
-20
11
8
-108
24
35
-81
5
-87
-45
0
13
187
152
-2
-94
30
10
-808
-16
150
-358
-672
-51
-95
98
16
84
1664
63
1391
18
148
6
69
343
-116
-13
1
449
11
-87
2
-2
-312
431
-39
40
-23
2
-184
24
19
51
3
41
-392
-2
1040
-336
83
4
300
-10
-559
-22
4
4370
20
550
-18
80
524
-44
-2
573
-2
291
519
-580
732
-8
-6
-56
26
-422
-26
-7
-1
38
-397
234
-3
-697
-8
-186
227
25
-17
-7
197
131
-185
-110
-22
-102
52
4
121
133
-37
-17
-79
-75
43
4
39
-2
-234
168
1
-9
-3
-45
-14
-10
157
-16
-1
0
484
-10
-90
-178
545
12
4
-191
221
137
-428
-13
490
-908
207
-66
-186
-2383
-56
22
-12
33
-6
-3
-39
7
50
0
18
6
14
48
-22
-2
-26
36
8
-5
-60
167
-79
482
5
4
-98
-4
-11
334
11
0
99
-4
-133
275
-344
-61
-85
-13
18
-56
-477
445
-6
-124
-260
-8
87
-39
-3
-352
2
33
-1008
1
475
768
-13
12
41
-599
-315
-263
-362
29
53
3
-41
-94
-9
11
2
-72
357
-1
-84
17
340
743
30
-341
8
-1
98
2
10
2
-11
116
-71
-61
-93
10
-50
413
-29
-219
-286
-93
-49
-151
-423
10
2
38
11
511
-13
3
-78
-70
10
27
31
173
-1867
58
13
-7
-74
-13
-205
770
9
-18
-313
3
14
-209
-42
-354
-129
-20
-8
353
24
5
-55
-333
5
6
51
-43
-42
2438
-49
-67
-222
-4
66
49
57
8
49
-431
193
-1
3394
4
60
63
-154
-2
28
-9
4
10
-243
-154
317
-14
200
12
22
15
27
1
-128
-25
326
1245
-25
25
-25
55
-2
42
24
4
1254
179
35
-26
-10
262
2
-23
-9
151
-7
4
-250
62
18
1803
10
-1294
-11
153
9
6
-13
72
-27
-2368
-15
-3
-14
245
23
-11
-48
0
-17
65
-121
-9
-4
-390
2
13
-81
12
-36
-103
-94
8
98
-167
-19
-105
-2
126
-447
-2
2
-34
99
41
-91
23
9
-1
-5
-88
-3
5
105
15
119
268
-124
-5
4
-47
6
-5
-7
9
-6
53
0
-13
12
40
-151
252
2
149
471
-4
-27
606
298
12
15
59
-2
-222
48
3
97
-394
865
20
-205
-144
-861
29
-281
-77
-12
-173
128
-4
-11
-1501
-217
17
20
51
262
-71
5
4
2
-396
-947
-24
-543
1
-2
-442
-37
55
10
-162
4
2
40
13
208
-10
72
-151
-15
37
-4
27
0
-303
-15
147
279
19
-7
-5
-2939
-45
-19
-224
53
5
30
631
-3
-37
69
-309
-190
19
1657
-59
18
-67
67
-12
1
10
-25
-918
-15
20
19
-100
-2815
-82
-348
-8
4
-145
46
-115
-21
-207
-3
133
7
-26
-111
-461
1308
216
-16
-16
-51
-717
129
-252
350
46
248
146
32
-551
-1253
102
-830
-15
-505
100
-33
-363
-87
406
100
28
92
2
-80
-27
-184
48
13
-325
230
-3
28
-438
56
240
-19
128
328
-141
-82
-1
-32
100
-7
243
-218
-155
-1052
9
-14
5
-19
-4
27
-189
47
-7
-44
408
12
-80
386
-904
-351
-8
-63
-153
-592
-106
189
117
50
-17
-23
-17
-149
13
3003
24
14
14
-353
-6
7
10
7
-5565
10
-179
-2
-50
7
27
-108
1
-677
2
-12
-7
-165
-106
118
-169
-82
-7
8
-65
34
105
-143
4
-52
-123
-247
17
3
98
13
-35
-73
46
2
-720
0
-235
59
288
311
50
-223
-304
145
-9
-51
179
-8
3
17
-11
441
224
-4
220
62
60
45
-69
0
-16
-2
-19
-3
4
0
1
-45
3
39
-157
-55
-3
-128
-1
-3
-523
91
-9
294
234
731
5
10
59
102
7
-1657
-1
-55
15
3
-173
15
127
-17
-107
206
-826
-2
-57
-273
-2
-212
-25
3
-5
101
20
44
2
-711
7
-28
46
-24
-23
12
57
5
-5
-510
-17
-62
-447
-2
353
1
1
-441
213
424
-446
9
-648
-2
-1886
-470
10
18
-786
-15
1
18
-7
-50
-76
19
-30
182
-246
52
231
7
-87
3479
-362
388
-90
16
-323
519
14
69
-663
46
48
-88
384
-14
-43
6
1019
-191
28
-21
-571
83
1547
-31
3
-66
-1125
-2
-269
-209
5
3
-19
-45
-8
-43
76
28
-814
7
12
5
-1
31
31
-44
6
-33
314
71
80
-6
-49
-31
324
-20
84
-167
100
-50
28
-37
181
-82
-37
-2377
10
-14
23
97
0
-651
468
-394
-109
81
13
4
2
40
-129
1
3
9
11
-347
-10
51
11
6
4
-58
1320
-64
3149
19
-244
-102
-281
-25
-318
95
-2302
2213
63
52
-185
-41
132
-53
-54
-94
-179
-1
519
-405
3
40
10
2
37
2
4
-16
-2
-166
-168
-9
8
39
10
-32
5850
-8
-111
21
13
1
235
7
11
-501
-51
7
1
830
92
1
1489
-241
-51
-142
-2
6
99
120
-11
-19
-2244
153
-12
452
-30
209
95
-17
-130
-8
22
64
21
1175
-37
3
-2
-784
1
-437
282
-1
12
5
-12
4
21
3
-1000
354
-9
74
1
13
1
3
-25
46
-1130
-10
-32
-351
2
123
-144
-116
10
3
-2
272
32
171
-14
18
10
12
4
1
427
14
1217
-55
1
3
-1688
-49
-130
-4
0
129
12
-97
58
-28
1232
132
22
-11
-4
196
434
58
-95
25
-20
-40
-6
144
-83
-65
400
10
41
-14
-2
144
-6
-7
6
216
55
-67
-1348
207
-228
-51
12
-35
-308
-4
-48
9
197
-46
-19
-36
4
390
-14
-3968
-11
0
-16
763
20
5
586
-13
1
-338
-160
-1936
89
845
1526
1
7
41
6
-600
-553
-18
-519
-1
9
-10813
179
325
82
-758
-1
38
-13
-365
-2
231
23
97
-7
37
-11
173
-721
4
-20
-2
9
-17
-35
-28
-13
-131
-72
-350
6
-2
1
-294
97
-497
5
0
-1007
-126
-41
11
-155
-741
-22
42
6
-40
16
-156
-13
5
-21
4
-20
-3
-88
493
-460
-8
-123
-30
499
-4
114
-5
19
166
75
-87
350
6
14
-18
1
303
4
82
9
12
-12
24
-376
-422
-26
-20
7
-99
-55
2
22
0
61
-45
85
3
2666
-9
-13
69
207
34
811
-173
-2
14
-17
14
32
-137
2
837
50
-4906
-15
-130
-3
45
-78
56
135
11
190
-29
-50
-737
-115
3
1731
-11
-56
32
8
31
-757
-2
89
-7
0
2
14
-136
-30
189
-112
25
-6
-7
76
48
-761
18
19
66
-42
-10
4
-55
-4
347
87
-97
29
-1435
-54
436
5
22
-59
11
13
-259
5
-20
92
214
58
-539
21
-16
-3392
101
77
11
1
10
613
10
14
-2
-336
-707
35
447
717
-3
-69
57
-99
7
-22
-46
13
1
-10
27
103
-221
-10
21
-11
178
-26
-278
-5
15
-4
50
59
21
-2
37
103
-30
86
-303
153
-393
66
-81
-2490
-19
17
-320
-6
-807
-435
-12
-187
-50
27
-22
-63
-10
40
-2
11
-17
15
-62
-184
1070
14
-301
15
-1076
-54
350
474
-24
19
53
-1
1
64
-5
-1
-52
-3
15
-67
18
-49
1
-13
0
7
0
-3
-5
-17
48
-70
284
-76
1588
-9
41
-42
-76
-44
-4
-1
17
-1037
-126
1
-47
-434
44
-115
-18
14
-219
-2
190
69
-311
13
-65
3
-588
-375
150
-17
96
1
12
-100
5
58
8
-202
-51
-466
-9
-5
-28
79
-17
-14
21
66
-347
-21
24
641
194
28
17
62
-12
-112
272
-1
1004
-47
97
2
-1020
-35
-15
417
52
-166
22
14
-159
-74
-35
202
-361
-4
-172
-24
0
-21
1
-4
1
1
16
4
33
270
-58
2
36
373
329
-229
138
207
-1393
-65
4
406
-359
-72
32
0
-31
63
-42
6
275
-3
83
43
27
-243
2927
-4
44
-425
-329
41
13
6
4
-26
-15
6
39
29
55
-3
1
-181
33
15
13
62
0
-248
5
-314
-45
2
-3
-83
69
-3
63
-254
-1
1
32
316
56
44
-72
-29
2
-10
2
-1376
-67
-224
503
2
-187
63
-12
11
51
7
389
-38
-55
58
-55
298
7005
-7
45
-1
15
169
-4
-354
-331
-12
-3
-3
36
-19
666
73
91
62
669
-3
54
4
-29
241
-31
-1976
-21
-176
-3
-97
-30
23
-348
-1
-105
28
-112
-22
0
-91
-16
4
117
-14
-1
-278
-2950
-304
370
-15
6
-657
-1122
1
-202
280
217
-1374
-48
17
5
-81
-48
-34
5
380
16
-1
-68
9
-220
6
146
-93
671
19
-2
97
-159
215
-88
12
8
1356
7
-908
29
-78
12
-13
28
-58
4
219
157
-554
-66
0
113
-109
-11
6
10
-1
12
-2
-160
-99
106
-2
7
1
1616
1
18
885
421
491
-46
14
7
2
324
306
22
-22
-9
0
-10
88
-1
-231
1358
103
18
-18
10
19
-69
477
16
-116
142
27
132
-387
4
912
-7
-10
3
37
-1
-621
-12
-1104
21
39
73
472
128
-7
-55
-361
-10
69
63
4
44
2
91
22
-16
-104
864
-1
-124
1
-52
439
58
-10
-248
-19051
-5
66
-19
178
262
133
2
-194
-75
-74
-14
-6
7
-9
2
-35
393
451
72
-5
-8
-9
14
7
33
-269
-5
-60
5
-16
1166
-3
-22
0
-49
-7
14
7
-16
310
6
16
4
-50
-195
-338
-425
220
128
5209
-40
38
5
-248
-17
288
-53
-6
-2
1447
-1
10
-195
-3388
52
172
383
2083
336
-1124
0
-137
-2
438
13
102
-15
0
-60
1
3
19
30
-182
237
24
-31
-73
29
-3
-14
-25
1
65
-5
-54
-48
8
47
-7
-33
-14
-141
582
-7
-34
1571
-50
131
262
-11
-101
-243
52
357
190
18
322
-22
7
299
-13
117
-34
-1
254
-8
-5
133
-28
-730
-25
117
141
-6
-4
39
-3
-18
-104
8
-258
-8
-35
450
-19
49
-164
-47
38
-4
36
274
110
308
-106
-466
13
98
233
-1
-17
-8
-3
46
657
-18
-16
9
-29
16
10
80
-2
-3
179
0
25
139
-50
31
5029
72
-6
-100
-7
182
-9
-582
21
-6
1785
3
-16
-107
160
-12
-1
-32
-22
314
-9
7
-106
-101
-5
-53
1
-11
-22
0
28
-3
-309
-19
1552
2
-1435
-2
2
-3
-1497
17
-67
20
-13
-3
-9
74
-16
41
206
158
38
-11
-11
-430
-420
-11
0
451
28
-147
-91
-32
-3517
6
-62
46
23
-7
6
147
-71
1041
-5
155
-3
0
-344
-310
119
-93
527
-162
-16
-2
-116
-171
103
4
5
-9
-12
3902
45
3
10
520
132
23
196
-91
-75
-16
36
-4
-4
35
2
12
440
9
-17
9
-36
-333
-227
-13
-37
-7
94
-1
-31
13
-437
129
-59
2
-493
-153
-9
32
-3
19
-1452
51
-15
188
-59
275
164
20
398
24
-5
660
11
-17
187
124
5520
6
-1
11
-142
-68
43
-35
-19
-29
-2
-16
229
-78
84
-6
-131
-165
41
27
-167
-3
13
-65
-2104
135
-10
29
-3
-4
-1
-5
176
44
442
15
-9
815
12
-2589
-186
0
261
91
84
-5
-160
156
54
-401
-2
-18
-341
37
-529
-55
21
-66
280
-11
-35
-22
-339
-28
40
30
-122
3
-3
-57
1
-9
-1347
10
-55
-9
-61
22
9
3
-758
617
1
-101
4
-4
-9
138
27
-1
13
-548
104
-209
100
130
11
75
-324
-47
-3
-15
-252
0
-354
111
324
-10
283
-361
9
31
78
337
-68
10
84
-97
-72
-6
-13
-9
-8
-358
401
202
-10
-19
1
-23
-4
-7
77
9
-169
-16
-2
-1043
4
49
-2
-321
-8
-149
-4
-32
-509
151
190
-4
1
-3
-4
-3
35
11
-894
13
-246
846
231
-57
292
2
76
-45
920
23
-250
13
25
122
-1
10
-47
458
12
66
-17
-2005
21
-23
19
-57
291
-8
46
-5
2
-143
-5
2
0
229
8
-4
-14
6
-238
-17
15
271
20
7
3
6
31
619
30
-54
11
-24
26
-8
-24
15
126
-6
-3
-152
14
313
-3
-218
19
-148
1132
109
4
38
-10
20
-347
7
-1
-382
-482
-1
399
-339
-640
-4
-153
-34
-2
1
-24
43
-315
-58
-2
-4
8
-109
-7
-113
-9
1993
0
222
22
-1699
-18
-183
-12
-47
17
401
6
48
6
-9
19
-88
-24
2
-16
5814
-5
504
-84
6
29
-101
-42
70
-46
-49
-14
120
43
2
36
-24
9
7
15
-93
-11
17
-18
-2
-1
-8
-832
5
-13
617
-9
-85
-38
-70
6
126
257
-40
440
-808
30
-56
-13
-4
7
8
5
418
-6
-28
-6
-30
-228
-27
-12
249
181
2
1181
-30
65
-5
960
-99
17
-1245
2
187
-74
68
116
49
-23
-13
22
498
7
6
-6
-172
2
-72
199
16
-85
-3
-16
-2
184
8367
61
2
23
-652
-4
0
3
-692
-554
28
11
-139
702
-79
-582
-247
17
-27
847
-209
140
-14
-1218
-3
292
3
-3
1314
-169
-2
-2
-1
613
-89
-133
-8
11
-158
-54
3257
-2
-72
24
-204
-53
15
-48
44
0
26
-57
-58
-377
-85
357
-73
-1
152
-2495
-21
27
221
-878
5
12
491
3
-12
84
-1
-435
77
-3647
263
-413
-12
-2
28
-231
22
15
-5918
41
-678
60
-54
-21
-62
-32
69
301
18
-3
749
10
24
4
-2
-222
-60
-15
11
-17
12
-224
545
-44
12
-658
7
15
88
-23
-5
38
28
60
6746
32
-12
-1
-72
5
11
358
-203
-4281
-16
88
-17
49
88
1727
-31
-353
33
0
-2
-12
-5
42
152
-4
431
-1
-82
46
346
25
-40
-694
-8
17
49
-40
1
357
-6
-588
149
-6
-80
2
10
9
-1113
-182
-29
8
-12
105
-118
-146
157
-58
4
-121
0
202
56
10
-64
261
6
125
-31
-48
3
197
-20
20
-38
3
-43
-5
58
-10
289
-143
27
20
47
-64
-95
325
104
-2
-6
16
151
24
6
-69
-6
2
403
-190
0
-135
-94
-20
-364
4
-17
0
348
1
-62
-13
-54
-130
1425
130
-8
0
-5
-47
134
-246
-10
16
5
17
14
-112
118
-464
1
-1
-12
52
-76
-55
1
36
-63
-379
-26
153
121
-4
-69
-71
3
3
-9
3
-9
36
-12
273
4511
80
-79
-44
10
-99
-48
11
-42
94
239
-28
-55
65
87
488
-2
22
-74
-137
-5
-6
-23
20
-38
179
3
15
380
23
-77
-19
-46
0
-31
-254
-119
-3558
43
209
255
-42
12
1
-8
-11
-7
-21
-74
-20
-39
6
460
-13
416
4
2
13
21
212
199
-18
-507
41
508
25
74
156
0
-21
-10
117
-1
3
-2
22
-4
148
5
16
-155
-106
-191
39
25
-258
86
379
123
-75
1
-63
4821
-79
-77
79
4
53
-144
695
388
50
251
-1
55
102
37
-14
4
-7
111
5
340
106
-144
27
-27
16
456
11
208
-13
0
-485
1
-326
-11
-30316
72
-11
706
-29
-2
233
-111
-3
-5
644
-63
-27
3
-63
-20
-27
1
-52
-9
-73
-107
47
1
-37
74
-28
-108
40
-634
-11
-478
-208
20
-45
1
-13
-28
-38
16
71
236
102
-11
83
-2
-271
0
18
-26
53
-858
3605
47
34
-1
-1
-16
54
-2
-46
51
14
62
5
2
2
-55
14
22
2
-21
-1866
178
-3
45
5
-102
-59
54
-365
767
-99
-75
2
48
-1
91
-8
3
217
-102
-20
-73
-3
-10
-50
352
-6
-16
-1961
14
57
-43
190
-2
39
2
-22
-7
10
-40
232
-522
-132
709
-4
307
-31
-217
-41
-4
84
292
-147
-1
-18
1
85
-425
557
-86
-146
3
-9
17
-21
-98
-1
-49
-730
-8
-6
-5
-14
12
100
-80
109
-8
59
50
1517
0
-10
-3
-8
4
170
-8
-37
-12
-5
-2
35
1
7
56
-539
4
-13
16
-17
107
-39
-178
9
-61
471
-17
-82
-325
153
166
-3
73
-6
180
-20
11
-2
11
-22
-146
49
70
-8
-500
-265
41
-13
168
-271
-45
-1
-37
113
21
-2
43
635
15
-817
88
-4
485
-22
30
-6
2
-33
8
1345
-4
289
-6
42
546
7
-9
6
-23
-282
-236
-29
42
1004
-411
210
-2
42
-3
19
123
-332
28
29
27
51
77
-98
-15
-5
-80
52
-3
-9
-11
2026
42
-46
5
-377
200
-164
-2
4
54
20
19
185
-5
-4
11
-383
3292
8
9
1
1
149
-5
-16
-51
-246
350
28
68
5
-28
-38
126
0
-27
6
21
131
8
-193
-878
-31
424
-21
-23
-36
-419
109
-79
233
104
-42
1
-382
-17
-49
-311
-15
471
4
117
-248
33
-11
113
76
-3
-9
-9
3
74
-47
2
-35
-55
1918
-2
-6
10
-225
24
521
-11
13
1923
26
39
-18
-31
-10045
2
-49
7
-6
-76
23
1
-100
85
203
-14
-6
-53
-174
-138
-1088
7
66
398
-33
-1
1
7683
-442
-37
136
2
7
-690
42
515
-7
33
9
-52
1222
-202
-84
-213
46
-2
-76
17
2218
134
84
1389
207
-10
-551
807
396
-663
-29
23
90
0
-63
-176
-16
250
99
27
-44
-12
150
756
52
43
-331
-2
0
10
-29
45
-297
600
-171
15
92
147
-111
3
241
-1
-485
-148
-1
49
5
-61
18
9
-3
-2
4
15
-15
-9
-13
186
-150
-389
522
2
499
1460
-351
29
615
0
1636
11
-34
66
16
15
-10
70
10
65
-665
132
-1
-3
-45
51
8111
21
323
-57
54
78
4
-90
28
-17
-198
2190
-41
-134
3
34
-19
-8
141
-7
-24
173
-3
-78
-575
6
-7
145
15
9
3186
-93
7
-23
-97
-16
0
21
42
23
-46
-5
78
23
292
-8
-7
-5
-46
-27
18
-3
165
-2
1065
2
-637
-361
11
-39
-125
1711
246
-282
8402
-50
13
6
23
-32
-37
0
13
101
97
-6
135
141
31
74
3
3203
2
-5
1
778
-58
179
-1
-24
17
-73
-66
8
-23
-2
13
3
5
-10
-42
3
-81
-226
49
-7
-38
242
-6
-120
-256
795
57
9
-103
151
-4
-1080
-1
18
2
7
1
1
12
-15
8
13
-44
0
-2
-219
976
-5
-33
12
363
104
150
732
62
180
-8
-3
-20
56
239
-24
-2025
-3
-11
0
-3
-52
17
22
4
-7
172
-21
8
30
-558
126
22
-488
-22
-181
17
-4866
4
64
185
334
245
16
-799
-18
216
-3
16
215
-15
1
10
-45
117
509
-4
-79
18
-24
-23
-981
35
48
-12
7
3
-1034
21
33
21
-12
0
9
-5
-18
-199
974
-2
13
-4
49
-39
-20
-221
7
-13
1
-9
-594
294
-9
-410
6
-183
229
-18
1
-123
-2
-5
-175
-21
17
-14
-12
-18
3671
-846
168
102
15
-350
-91
-19
1938
-3
276
19
-54
-24
13
8
7
-18
-2
42
-1
-60
-34
72
492
-45
-112
-5
-632
1
913
-11
-6
-22
-6
285
-44
-132
-3
123
-41
-37
2
-613
-11
6
-140
853
7
6353
12
-46
28
-43
1
1
6
-17
-7
-18
2
4
49
0
0
-1
-64
-86
-9
-67
1
-17
-2
-95
-134
-29
3775
5
61
12
-8
-13
8
4
3279
12
68
16
31
104
-525
-161
23
21
-243
-24
-38
-951
-579
2
181
95
1
46
-30
44
132
-24
-295
35
11
341
-1
12
-11
-3
-10
15
34
-9
9
10
-15
69
34
133
191
47
349
26
-96
-27
-46
6
-2
-3
75
795
-1109
148
-11
-14
12
69
-16
-64
-73
-73
-2
-3
-19
107
26
-236
-216
-4
9
-156
-2
11
238
115
-66
-138
0
-5227
147
-9
1
21
65
4
-596
-42
33
13
308
-40
-14
-2
-6
-14
-35
-14
-23
-53
-2409
-42
7
-390
-255
28
-1
83
917
-8
18
39
-12
14
790
8
20
-16
-1
-53
2
-530
-10
0
-7
1
24
-669
-72
-28
197
-550
180
7
32
-80
232
98
1
3187
4
-4
-39
-50
-31
-610
0
41
-69
-4
-3
92
-10
14
-390
12
-3
-180
-4
9
-23
-6
-4
-2
669
10
14
-2
-756
351
251
402
-7
8
84
335
-1265
-37
30
-75
1
-7
63
1
40
-31
85
1084
320
15
328
19
1
0
-207
111
14
197
-149
-418
-108
-186
11
-109
-35
-57
-42
-5
280
57
86
-89
-442
2
-3
-18
8
8
-262
9
-7
38
430
-13
18
-1
72
131
1469
-7
0
-6
-81
-2
-69
-7
-125
-37
3
-1306
37
-174
10
148
-10
-247
-60
-19
-94
11
-28
-1
-2
6
9
45
-2
2
-78
-339
0
6
-12
-107
-590
8
-33
136
140
-444
-14
57
13
144
-76
1417
-32
-371
-127
-335
13
-43
-92
357
8
1109
-732
55
1
-55
6
0
-49
5
551
-98
-6
-52
-22
2
-5
-80
12
-27
0
82
66
364
305
-16
33
-715
9
22
112
6
29
-2
479
-34
76
81
-98
-116
-72
450
-32
-3
-1
-264
-364
-11
-6
80
-148
20
42
29
-7
-17
11
0
-110
-44
1
-86
496
-20
-6
62
0
-379
-8
-4
247
-450
23
-5
40
19
86
-15
339
-21
0
-4
24
1491
-114
-5
159
-9
11
-12
-6
115
-74
54
15
-150
3
-39
12
23
117
-4
-33
-15
-6
745
211
13
-207
119
-11
-42
11
-362
-270
-66
-151
57
11
14
-57
-99
44
6
-7
3
-149
28
1
-356
3
1
3
-104
-1
-177
27
16
1
-417
75
26
388
-56
34
10
-166
7
274
2
79
0
289
111
138
20
352
-270
1
3
166
295
1265
45
-356
36
9
-2
-52
10
62
7
-5
170
37
79
-23
-4
-8
-30
148
24
-1115
-13
-291
-54
2
-14
33
755
47
14
-1
28
38
-19
-208
-7
53
24
78
36
-18
-85
16
12
-12
34
372
-118
65
53
-31
328
-264
11
56
-11
30
-1029
80
17
23
-24
-35
33
-185
-24
15
-10
15
215
148
-45
196
-50
249
-10
-18
52
5
-1
-310
-6
-14
-203
-9
-543
0
-23
-49
24
-29
-11
-10
-28
-2
0
-19
116
-16
-88
-24
-294
-20
79
-26
-1412
3
-9
4
341
21
-432
-261
-61
-310
338
-202
-1
-98
43
-25
-7
-851
-14
34
-72
-126
-102
-247
-1465
0
3263
-170
18
-25
0
-14
-2
20
15
-8
-4
-38
-6
125
725
-751
4
5
2
-1
-13
-8
160
-252
3
-13
36
-224
10
-100
-378
115
-4
298
39
7
-1175
28
-3
-14
-4
-4502
6
-6
6
875
9
343
-4
-124
222
-71
-1
388
3
70
7
-17
-1
-4
33
1
441
-40
11
-27
32
230
-79
-19
-15
2
10
-17
-4
-1450
-1114
-1783
-6
13
101
-1
-4
8
-553
34
14
58
-7
-36
50
660
12
-42
453
-142
49
-15
-111
9
-178
-242
249
-39
-218
-615
-121
-129
3
-28
-51
-55
-3
-45
5
-8
14
2
-35
32
-335
-58
-44
411
-28
4
158
-11
-15
303
-53
-14
24
262
8
78
39
2
11
-36
-1
-17
193
248
-74
0
-48
1556
-4
279
9
-95
-167
-17
14
52
1088
5
18
282
1
2
-10
-128
6
136
-14
-2
-37
112
-33
70
-4
17
3
-28
-45
49
120
20
88
-728
36
-3
-3
201
-105
-1
0
331
5
-8
-2
-4
8
1
-354
2
1
-348
-4
9
11
221
79
-3
-108
-7
-48
4
-16
-439
-53
11
13
1542
58
9
-1
1146
-457
417
32
-257
432
-103
0
-212
418
-1
6
-501
-3
-87
-33
14
-12
26
-11
168
49
-40
592
-731
-4
-7
-500
73
11
9
-151
-7
4
-43
362
-122
-10
1400
24
-26
58
71
-13
-17
-1
43
374
69
-10
17
82
214
-89
446
-149
-109
-5
-35
-6
184
41
-334
-121
3
-29
89
8
18
105
7
382
8
10
-2
-11
-34
77
-194
-226
25
-303
227
17
0
273
-5
5
0
-188
25
79
41
96
96
1
13
37
0
-30
-15
8
-2
-186
9
-17
-5
455
-71
46
-4
-19
71
4436
-261
-315
0
170
248
-325
-61
-487
-21
-1
36
-111
-91
267
-6
5
24
24
-389
-170
0
-1
51
2
862
52
-7
0
-31
5
-31
29
-3
2
2
7
143
139
188
22
-100
19
0
-1034
-26
-381
29
-110
-1
-3
-92
12
-96
-150
284
87
106
-72
229
-28
-119
20
-13
15
-10
53
73
-106
5
47
-129
-15
-4
-123
-630
3
-90
-41
-121
9
-83
14
-6
98
-1
-46
308
-52
-2
11
-14
60
10
21
-35
-181
-297
29
121
-14
32
85
-104
1522
147
-487
318
18
127
-726
8
0
-32
-1
141
31
-295
1
-146
-3
310
-1
-42
-24
-2
7134
0
-343
3
1539
-120
-5385
22
-4134
-13
36
120
8970
-758
-7
58
-18
34
-331
1
105
108
21
347
-7
-523
167
45
319
220
-27
3
104
40
1
77
-26
70
62
477
11
123
49
-165
115
60
68
207
85
61
17
7
-42
497
1674
-4
279
145
-3791
-13
-51
17
-4
1
581
327
-1
-5
2653
-3
-177
-9
-7
535
127
0
4
-7
30
120
-31
63
3
7
-383
-31
-5
-96
14
301
6
0
-674
-44
70
25
-15
-131
365
-38
973
84
41
-2
5
445
150
27
4
7
7
-4
4
32
-1
-186
894
145
-295
-51
-51
-143
-71
-2
-3140
3953
141
-3
133
-172
-54
930
133
-111
28
12
52
-17
21
-1
-12
-1066
-1
276
-20
0
-16
368
33
320
-6
-91
5
-769
2
-7
67
17
-60
-197
2
10
38
48
-52
2555
-47
-100
3
-7
1282
27
-46
-5
14
-63
126
-1
3
-2
31
137
57
47
-5
-477
11
-6
-13
-1
11
-1271
-84
7
-104
24
88
13
-84
34
3
159
-202
5
-20
-18
12
-10
-142
13
5
-159
-5
-7
0
0
-1
-76
32
-11
-24
37
311
-277
140
125
-4
119
257
21
-1582
-15
112
358
25
-293
-18
-16
-408
2
348
51
260
35
5
4
0
-10
-4
-26
9
-56
7
-17
-89
-2
-159
4
0
-3
450
-61
-32
-4
-86
7
165
13
21
11
-117
-34
-13
-2
-55
71
-83
641
4
-3
-65
1
-79
332
-271
7
93
20
152
1656
62
1798
8
27
-18
-6
-7
1
-22
20
413
-43
4
-10
11
104
14
7
-4
-152
5
-19
37
44
765
-72
96
-2
16
-45
-5
0
-1
249
33
-373
390
46
-9
-29
5
-7
-446
-26
8
-7
4
-315
-7
-4
-2
-8
2
5
-119
454
2
0
-8
-33
-5
-151
-7
703
-94
-67
37
-470
36
-2552
16
-306
0
-5
-1
-2
167
-17
-97
40
18
-6
292
-353
-8
45
151
-3
-8
77
-11
-144
-31
221
4
160
-131
92
42
140
-25
80
-9
86
67
-203
17
-38
1
40
37
-204
4
14
-8
-377
5
-362
-6
17
-1
9
-6
9
22
14
-4
-199
0
-24
-3
0
-95
-3274
-14
-5
-48
-21
20
6
-5
-4
222
-17
16
-342
367
-55
46
-8
68
400
163
3
-59
-1
3
-6
87
-5
24
34
1
80
941
-89
-13
41
679
0
-11
19
-44
126
-874
1250
192
1
23
-196
12
-89
-11
4
85
-31
17
5
-4
4
106
-1225
-7
-177
-38
55
-42
72
248
4
-9
503
-351
-8
1
54
-3
-38
11
-51
394
32
-127
24
-117
-8
-117
-154
-84
2
107
10
235
-1
20
-357
-2
-149
-935
-24
8
-12
122
-14
12
2
-1
1867
1556
-327
-2
1
-200
-13
-348
-72
4
-38
5
48
9
-18
-261
4
106
419
-45
2
22
-157
-187
-18
355
8
108
-97
20
122
-2
-110
-305
-36
-113
156
-3
-27
424
331
-10
24
3058
23
-18
-35
184
-11
24
609
-467
-4
4
-8
0
-9
-43
-110
5
357
5
-22
0
-1859
114
-34
1011
-34
-12
-5
605
-734
54
48
594
661
17
0
-30
715
8
121
-691
-25
-239
-17
-8
-500
54911
-3941
-9
-11
-87
-2
21
66
-496
-422
-208
15
4
5
21
-50
104
53
4
-25
566
-6
14
-1
35
-18
-86
-1
104
-61
-103
2
35
130
-364
24
20
-10
4
251
657
130
-29
30
45
-5
-561
395
-222
-38
-35
33
-130
1
7
-63
-8
5
43
-20
-71
45
50
3
-128
19
274
-172
-8
57
218
-23
-1
-981
-35
192
-13
35
-75
622
-118
6
3
-109
3082
114
132
-7
32
1549
549
145
29
1
147
-33
69
2042
340
3
10
-75
-238
1
102
-560
-14
-49
-286
-8
710
185
309
126
29
6725
-908
43
-27
148
-12
-12
17
-103
-37
-26
1
32
134
-350
-155
0
6
-1
2
-3
20
-7
6
1
-121
-167
-118
-19
26
-248
-334
76
-71
34
28
19
17
109
16
15
-163
1
398
1
28
4
188
-33
3
-14
46
23
9
-325
11
-4
5
-132
162
-43
-9
-2
20
-328
-25
-883
81
0
-9
207
22
154
-56
2
-15
-7
-97
4
-1
48
234
2
22
1
9
78
-129
67
29
2332
16
-239
-8
-276
2
13
-3
37
312
6
-263
354
-77
7
-666
40
-8
-42
180
-4
59
-21
841
-29
94
39
50
-41
-47
515
829
89
75
38
2
753
-5
-18
6
17
8
-53
21
-7
-76
-231
38
-356
-64
-285
-1394
-54
-110
-6
-12
43409
3
45
4
-485
-10
1203
-76
6
-5
1
-6
18
123
-3
179
5
-1457
27
28
-3
0
-2
-1
10
-521
-20
-149
-81
10
91
-219
-3
8
-61
3
127
-327
153
-8
201
527
1599
-36
1
-35
21
-15
-151
9
-35
129
18
145
-16
10
12
1679
-87
-4
-1
-53
350
11
-35
-12
4438
17
3
-5
0
345
22
-120
604
-36
-21
7
-8
1028
0
-100
218
11
0
-20
25
113
0
-17
0
16
-238
7
456
66
-51
64
5
10
-317
0
-51
-16
121
17
-1
227
-279
-35
-1
234
98
39
-7
-194
40
-45
-4
8
672
84
10
-55
-6
0
11
-138
9
-44
88
-348
-1
-86
164
-85
1100
6
4
5
89
241
-504
-381
-99
37
389
-195
-32
-1
306
104
38
-14
36
-5
-255
29
27
19
333
163
-30
4
-2
69
266
-7
8
126
2
-25
8
118
-95
-82
402
247
-972
-36
-20
133
13
-95
57
8
-4
-808
276
-40
-17
1
-20
-254
-121
7
-29
7
9
129
-9
-15
68
1
-5
19
61
-75
-383
2
-3
-3
715
-121
70
297
4
-577
-61
-189
90
-11
-1
8
-65
1326
-129
-10
4
105
618
-1
68
48
-82
49
12
103
-90
18
-15
199
300
-4
-5
379
162
-4
23
-924
1069
25
4
-73
-40
-174
125
3
2
-400
8
18
3
18
-883
4350
0
43
182
26
-18
349
3
-17
20
30
6
-12
-20
105
479
-215
167
52
61
-13
230
-5
156
3
51
-201
266
-3
-11
-16
-106
788
-17
-55
0
-8
8
2
-43
-97
-249
-12
1
1369
72
371
-49
-350
20
-16
-147
308
-3
-346
-8
-162
8
-147
-9
-392
-154
-425
-3
-17
-32
-1
10
-104
-4
12
11
-2
-45
-67
-44
15
351
-2
140
-5
-7
35
16
56
-7
21
17
8
43
-4
-5
15
20
-6
-17
15
-350
4
-1566
-1
-21
210
0
-51
5
-2
-54
-12
9
-3
-32
256
-18
-58
-169
-40
10
40
-13
8
-486
15
46
42
-14
-60
266
-6
25
-8190
-7
351
-65
-408
782
-18
-348
638
-3
42
39
-93
-69
-45
26
6
361
-105
-56
8
-9
9
65
-10
-1
93
40
-88
-885
205
-11
-60
114
721
48
7
3
26
3
-424
2
-43
104
153
-14
-7
-13
9
-4
19
-4
-5
-404
-17
198
-266
-2
-28
-17
329
-10
39
57
1
-2
-16
2
617
24
-3
-38
-153
10
530
97
14
146
34
-4
-37
-377
-7
6
189
41
-88
-5
4
8
14
1431
1
31
8
20
185
35
-1
30
308
-3
1
-62
-389
-186
-261
7
-10
12
-36
10
-38
-1
319
-820
-2
19
-622
-16
-56
21
-125
17
264
-14
288
1
0
-6
0
-1127
-23
19
-4
47
42
50
-54
-31
214
44
4
-784
2648
-296
-166
63
39
2
18
-1122
11
179
14
-966
71
9
-6
-3
144
15
-73
93
-958
-2
0
167
-2
167
-18
-5
874
-64
52
-277
782
-93
-1
2
12
-10
11
89
-5
12
8
-21
0
-26
-348
75
0
36
-4
-4
-14
-65
-5
56
81
-3
591
-10
-354
-36
13
115
-15
-215
-2037
83
30
-6
14
-22
52
7
-49
-13
18
3
0
-98
-97
-35
-54
-129
-6
-10
203
-21
1006
-278
-9
-40
-235
-9
348
6
20
-289
-14
41
6
-213
-21
-15
-18
98
-9
5
0
63
0
106
231
210
1
5
4
863
64
-100
-77
-136
-85
250
-321
1
18
-135
4451
7
32
-19
-203
10
59
112
17
0
4
51
6
-23
14
-99
611
-100
-38
3
4
-586
-262
-71
-1
-1
-58
4
-60
-11
2
13
-16
-49
-8
9
-38
-97
-10
-10
15
104
-4
-219
-144
2
-232
-498
-47
-26
-1
-87
-131
-5
-5
-30
-24
-144
-4
8
-41
9
-4650
-25
2015
-32
72
-182
-242
7
-3
-14
-106
-68
9
16
17
-10
122
5
68
29
165
-35
1
-220
15
-46
-14
277
24
417
4
-106
28
-15
-1
277
-16
73
90
93
110
-45
-282
-137
-31
43
14
-20
-127
6
-209
37
-24
7
56
19
-2
2281
4
-90
-798
51
10
76
605
301
-25
53
4
-492
-250
144
-434
279
109
4
-338
-2240
50
220
61
123
271
48
-6
-11
-170
-110
-99
320
-44
-3
53
1
32
-25
17
-36
-6
182
-16
57
71
4
-49
-141
-6
17
-2
13
-176
61
-368
-41
-151
68
290
37
672
-150
60
-4
63
-899
-6
-1644
-127
9
1
7
-34
-15
6
-7
38
17
13
4
-202
1028
1
-100
-3
270
-3
-13
3
11
0
-1230
-89
2
-52
9
118
-9
1
-311
-152
35
95
23
49
-25
449
42
-7
22
-394
7
402
519
-5
-843
3
1
-102
598
24
-353
407
-1
294
0
82
-4
-154
-14
11
-6
44
41
30
79
0
-5
1
175
29
23
-2
-76
3
-2
12
-3
-46
9
-5
-26
-50
14
978
592
75
4
-9
-300
-184
130
-338
24
-16
-1
-75
-4
11
10
-151
-4
154
13
173
-21
-36
-3
-167
-143
-53
-43
27
-2
-354
-50
161
40
-3
-3
1
-5
-126
-826
156
84
-3
1070
47
-8
10
1395
59
552
8
50
-368
115
4
-1
-4
39
177
-6
138
164
-25
-766
-36
40
-54
24
1
-28
-4
-27
-88
0
-5
-207
-38
22
102
85
5
208
-44
-75
-127
844
-13
80
-36
-52
153
52
120
-77
18
-56
0
10
-1
-6
152
1
105
-7
-22
-2340
110
22
277
70
-495
-17
-8
-35
-3
-447
43
151
-21
-331
-1291
-17
28
-20
-5
-1236
122
-2
2
-72
114
41
-9
-22
7
76
8
-751
-49
-47
9
-90
1
-260
-34
207
-40
-6
26
-22
-611
-1103
-3
-1127
37
-855
-20
24
-35
-53
10
-18
10
48
416
2
99
41
920
-221
110
-5
-1
-3
-29
-10
-87
-11
17
-34
115
-18
5
162
67
714
354
-21
484
35
0
23
-10
1
9
1
107
104
11
-6
92
-13
-14
-186
-29
-2
61
77
-6
11
-14
21
7
-147
-83
5
-195
63
9
-28
-257
-46
-5
5
4
-1592
112
-13
-46
16
-5
17
56
-463
-71
-2
226
-14
52
-172
1590
2
28
16
85
82
12
14
-28
-14
-8
75
-7
-99
89
-378
-29
171
83
4
0
-84
-1035
-58
-24
45
-29
47
-2
-19
-170
419
-14
39
241
15
-172
-644
-13
10
1565
21
1
96
-21
7621
-11
-8
-81
1302
102
-29
7
-7
1201
-8
68
4
86
-7
0
-47
73
56
-8
15
-711
19
-836
27
-8
-89
-21
-113
-35
0
-135
26
20
8
173
-67
100
3
500
-469
-22
336
-528
-9
-2346
62
5
-6
-11
0
-346
6
-37
-15
0
839
-37
1490
11
-136
319
-1849
-45
-81
1
-558
426
1
12
7
-3
-191
-103
226
-242
26
-87
-69
-4
-32
-79
-41
9
44
-327
-78
25
81
0
2
4
2
0
21
-355
-105
-82
-355
-6
54
4
-460
408
-275
35
-14
-468
-1193
-36
9
-28
-23
0
26
-1347
135
10
21
3
284
87
-2
9
-132
4
75
3
-846
172
69
-59
-78
39
-92
-30
-161
-151
34
-8
-21
-437
51
-67
1
11
343
-35
-104
-1
-2
26
-21
56
11
1177
39
10
-23
-745
47
2
-44
6
-27
0
-18
-32
-18
2
152
94
249
43
7
36
-107
-507
14
31
1297
-18
7
58
-47
-77
-174
43
8
-2
-8
-454
14
-29
240
-35
-381
90
27
18
3
5
14
-234
0
6
-19
683
-2276
-799
11
7
-130
108
-16
-2023
-35
285
-244
-2
95
-5
-263
-9
-178
-70
4
-2
230
13
-126
-33
-68
10
-46
-4
308
-1337
-61
-5
-15
-149
72
-408
805
-148
-26
10
-7
1
868
-78
-11
-55
-35
96
-369
13
-5
-55
40
29
-940
71
-263
-1095
-3
-2
-37
-37
-27
31
-3
66
225
-580
-81
-119
-318
402
514
-54
228
-400
-2
225
22
-29
-7
7
-13
-99
213
0
8
-142
6
227
20
-55
207
-7
-6
-3951
-8
588
-8
2
144
-227
1353
-4
-74
114
-11
-2
74
1786
-792
10
73
-11
18
-1
200
385
201
27
5
-2
5
-20
9
88
-11
-59
-49
89
4
-335
14
69
-34
5
-8
-1
29
-9
-6
8
8
3
9
-214
-2
15
-44
20
-401
-6
-135
24
20
28
1079
58
267
282
375
283
3
116
9
26
44
-24
61
-47
20
-2
38
-19
-3
85
0
13
0
4
-41
185
102
-241
-27
5
-107
-264
48
-399
14
40
-755
3
1
-11
-2
-12
-400
14
-42
-1
-1
-23
2
9
-591
21
7
9
-1
2
-13
16
404
-2
1473
-76
-394
62
-21
112
6
-35
-30
40
-2
39
5
-1
-9
62
-11
-53
9
738
-559
-18
-88
-71
-646
7
-68
-3
-2367
-21
-5
-4
73
29
-4
-5
8
-3
-181
294
200
-453
1
22
6
-119
-166
12
10
-60
-522
32
15
3
-2
-309
-352
-4
3
-3
371
5
2
-3
-214
34
369
-21
28
-22
157
-518
-69
380
-41
-348
0
-30
-145
98
102
-1
4
2
290
6
40
109
-13
-2299
-117
-357
9
0
-215
-46
-154
166
4
52
-250
-2020
11
-6
87
-14
-2
7
-37
-24
42
-22
-17
4
35
114
38
-44
7
6
-32
-13
156
-30
-39
6
-31
776
-7
659
-215
12
38
-9
-2
87
-15
82
629
-323
131
-168
9
-3
42
-1
16
13
15
19
6
214
-20
8
30
-2
-5
-1229
2
-6
-17
32
8
-5
-1815
-711
49
1
-7
-210
517
-182
80
-102
1
64
-20
-698
-180
-34
-4
-23
-72
-1
-7
-2
-2297
12
-5
20
-3
-339
-1
6
-94
-4
125
-57
27
-47
115
333
12
1
-26
14
427
1
69
24
-43
51
-2
164
-7
-7
-1176
-22
-148
-9
-63
651
647
27
10
346
160
5
22
-64
-68
-21
-378
-31
294
-13
27
632
32
-58
-71
-167
7
-10
-3
-100
-8
-2
14
-10
-45
76
-27
-152
-17
-91
24
61
-146
16
166
131
138
-108
4
0
-29
-18
4
-56
-30
78
-292
-7
-425
-595
-3
23
-3
3
24
-34
291
65
-2
2
0
620
-1107
2
-2
1
1456
-773
-30
889
-101
-22
-61
-11
0
-2
23
33
28
384
3
-3668
-1
-4
-111
-65
-8
-48
-162
5
15
-111
-47
2
-93
-3312
750
9
496
-267
13
134
-211
96
345
697
-3
2
31
19
17
27
-186
295
-125
63
-177
-1
-60
101
-93
62
-15
-19
116
4
-110
1
-236
-520
8
107
4
-6
-117
-150
-120
-1
-916
-28
533
-61
-12
-100
-3
48
63
-25
290
-55
-499
12
2
23
-17
2
226
-1
-15
21
49
5
-31
-14
1073
-51
-27
28
180
344
74
-33
-41
-145
68
88
-120
-35
-292
-20
3
2
-349
-128
84
-17
4
113
12
217
-159
-1344
-55
38
41
7
191
6
15
620
19
-518
-8
-922
1
153
-11
68
-90
5
-21
27
-14
-340
-68
6
269
77
-36
-10
-7
580
-5
-8
2
6
15
4
-1
20
-2
46
4
-628
1674
50
77
87
193
-11
1092
710
-30
-16
-200
-45
126
-44
33
-553
-344
8
629
217
-20
-2
-3
770
-28
-22
-82
4
-6
-43
-728
9
95
-11
179
35
-25
59
-20
776
40
106
3
760
5
-4
-92
10
4469
-81
125
-49
64
151
11
20
-130
-297
416
7
-6
-239
688
182
2
-3
-24
-80
16
26
309
-2
4494
373
9
76
-59
-12
-298
68
-1
-3
-1961
-20
-20
-4
30
36
-8
9
2
-315
-29
-2525
-12
-35
-85
-198
-4
-12
43
-637
0
154
1
27
-473
-38
22
79
57
368
2
-13
-23
-6
5
-178
-111
-30
-7
-5
110
3
-383
-10
-1
309
407
-477
491
-115
1883
-110
185
101
-135
-4
-62
17
-835
-30
-25
-12
-303
-8
61
82
33
2
8
15
14
8
66
174
23
-55
106
-700
0
-15
1
-52
271
-23
-797
13
170
-139
7
17
-33
2
381
-178
71
-4
-481
-73
22
-2959
42
-13
-13
-669
312
-19
-191
-40
-337
3
-39
16
-5
3
-61
194
0
-1111
-3
12
381
263
0
16
33
5
-10
-18
0
31
-3
158
-43
-46
-11
-252
-278
-150
0
-51
-121
-86
13
-12
37
14
128
-251
-493
-132
10
-61
17
33
15
-32
25
3
76
-23
13
103
-3
166
-562
-369
-7
11
241
-183
-134
-21
314
-39
-352
-5
0
-96
-24
3
11
14
16
0
-943
-4
-126
45
110
318
35
0
-306
64
-898
-16
-13
16
954
15
-85
-2
21
-60
10
-2
253
5
2
-79
34
-171
80
68
-45
46
99
-358
1
-304
-48
127
-6
-162
410
514
2
-449
-717
4
-9
-815
5
123
4
-126
-14
80
-15
19
-152
-7
14
1
-6
0
23
-4
-12
-17
79
332
-5
14
-3328
-80
-6
7
294
57
-347
-64
-10
-74
38
-105
286
-153
8
26
-24
-20
-90
-5
277
204
-20
4
39
58
-162
-334
110
-123
-12
-55
13
-3
304
4
-194
3
4
40
-19
-424
-1807
-2
-33
-283
440
237
81
-7
22
16
-98
14
14
-35
29
306
19
108
4
5
-172
5
3127
2
1
-10
617
-254
28
19
3
7
4
-923
111
-85
-445
16
-5
-208
0
-56
47
0
-80
-653
-11
-106
41
1290
-5
13
-88
278
588
448
-28
-1
58
65
-1
-16
504
-3366
39
282
2427
-87
-1
926
88
5
-56
4
25
54
240
-755
-1219
-666
14
-75
-256
105
-38
-3
-407
-352
61
-11
-6
-999
980
-380
-12
9
-112
97
-1
-37
-492
122
-4
-1017
-3
16
209
-20
75
-18
-142
13
-120
-100
17
37
-120
26
-8
-311
0
33
13
182
11
11
-1
8
-145
2101
-264
-139
1972
-29
5
-23
45
28
-32
133
5
22
45
2
-23
104
0
1
0
88
-8
6
54
19
81
-234
73
1
-17
45
9
75
1
713
-126
237
21
49
-57
-1
1221
-5
-2
-382
258
-10
4
296
-424
1
-80
37
-325
53
-307
98
155
-337
221
36
-120
-108
-1671
-6
21
-4
1
64
-96
-9
2
59
1228
20
79
4
-5
-1213
-1
-3
-81
159
-155
26
27
18
-52
-2
64
141
339
-67
3
-3
-21
-17
-214
104
-655
-53
18
-61
2
-377
21
-2
25
2
-2
3
-1
-14
-2455
-23
204
45
27
1
-34
-1
11
-206
151
-28
-50
181
-77
-34
-11
0
-5
-1318
-9
29
0
13
5
3
0
63
46
-782
-43
12
1
18
35
18
131
19
4
-37
295
-6
6
-4
16
20
1070
348
-10
219
-182
3825
-637
-154
13
70
-15
-9
15
-5
66
17
-1
-795
4
13
-20
-1390
52
229
74
-127
-100
40
-1
68
5
14
188
-129
-610
-57
-1
157
114
-15
0
6
-244
18
-17
-27
25
-39
1481
1151
55
-106
18
-20
-234
-12
-204
440
-118
-18
172
7
26
55
-951
-170
-85
-231
2
42
-104
30
-13
18
0
642
56
35
33
-129
6
291
224
1
66
-2
-27
254
-9
-463
14
-7
7
-9
-8
-4
15
471
980
10
853
-10
-162
634
2974
6
39
-3
22
-49
10
-31
17
363
-792
16
130
1505
-411
-60
15
-424
22
9
240
-234
15
-13
-142
-14
1327
-23
0
15
42
-5
872
364
-7
-74
-15
49
948
55
-139
-5
-1
34
-4
-7
-4
102
-3
-237
-617
-341
-10
2
28
-13
-266
-40
-15
-134
293
-12
-112
-1
194
54
350
-34
-6
-18
8
-220
8
342
39
-4
96
99
129
-78
0
-313
-18
-548
-279
59
-14
-408
-3
4
22
-349
-2
59
118
94
-226
43
1
92
24
17
-293
-14
-2
1
189
64
2
-39
-3
-10
16
-8
373
0
9
629
-681
38
5
4
7
146
130
2
1
-18
-14
-24
-303
3
-1745
48
635
-10
102
-4
-6
67
-23
-361
1
-52
-7
-9
0
16
-13
218
-63
-43
-4
171
155
-14
-591
-52
-27
104
16
1
7
-3
-256
275
-7
17
-13
115
85
-58
-1580
0
717
12
-67
-28
1860
262
-9
-2
-2
251
105
-134
-11
40
-10
25
269
14
-9
2
124
530
-8
718
87
-196
22
-8
-1
-97
-22
-96
-23
-9819
34
-1141
307
-5
91
-483
-72
-52
-345
37
305
175
-13
-4
13
11
419
0
-26
-30
66
-442
-12
90
9
-54
-210
4
-15
462
45
-35
-509
21
6
305
-264
-101
13
-6
-62
322
-10
-846
75
14
-336
2
-364
-29
29
0
-147
473
21
-10
366
168
-100
-68
-29
9
13
1
-25
-9
-91
111
-1
-758
-503
-15
270
0
817
-550
30
14
1428
-135
-24
1
3
18
-86
-9
4
50
133
136
34
9
-149
113
-8
2
27
4
-106
274
185
-18
184
43
71
29
142
183
-830
-30
-728
365
1196
19
975
678
-12
-17
830
1462
-11
31
58
117
88
4
-148
-3
-26873
-13
160
2
-49
-153
-106
385
-101
12
-135
99
97
-270
89
1451
-154
-2
-249
-23
-171
-82
-76
3
99
18
-15
-28
15
35
54
-27
-64
33
-44
-27
307
98
-102
-1
20
-149
4
-15
-60
7
-45
-663
35
387
3
331
2418
127
12
-2834
-165
100
-45
262
-4
-1
3
25
1727
81
-2
31
15
962
1910
-985
-379
973
5
811
-4
-267
1039
2
0
-5
-78
-29669
-6
-22
299
2
-132
-5
10
342
-73
-166
510
-21
7
-407
7
-215
-75
-62
985
1379
-26
280
15
416
-2
92
18
11
10
-9
102
-147
-138
-13
480
-30
-13
-261
289
46
62
36
-10
22
-107
-407
197
6947
42
-388
224
4
63
-510
7
7
-21
5
23
15
-46
34
-1
-34
48
-1501
45
-1
-5
-1
1
-2
2007
-8
37
76
28
-13
-50
-4
-204
-2
-47
-11
-43
-6
23
1363
-13
6
1
369
0
1
-103
-76
41
334
67
-32
-4
17
-335
43
44
-309
1
-23564
-21
-21
-13
4
-12
3
21
0
61
-2
-1
0
155
41
2
6
-862
93
-22
-61
17
-1173
67
-1394
128
-121
-6809
13
-278
-42
-182
-9
2181
11
-8
399
7
-135
-236
180
-9
-13
12
127
4
-33
-7
-168
-3
-45
-133
-356
-11
-8
-40
51
-1452
-420
-2
25
-19
3
0
16
-233
-80
10
-30
-37
-138
-112
383
61
-370
22
-11
127
-110
49
-147
-79
-49
-249
-282
108
1
68
-74
-491
-5
4
-5
134
124
26
-6
-214
-5
-293
-57
-11
5
23
16
-30
46
-74
-185
-15
-272
-129
-5
-44
-39
3
-26
4
-37
18
-7
0
136
1227
13
377
152
-94
-885
81
0
68
0
33
0
-12
-27
-4
-4
-15
-58
-13
131
-10
-91
-1
-217
55
-167
13
-5
26
1
635
2
6
153
84
-63
7
-6
3
13
25
99
-456
-31
62
-40
1144
-5
143
32
3
-281
-34
-1
-951
7
286
38
8
-168
-38
-453
-367
159
-281
-129
1023
-156
39
-89
-878
-2
-508
58
31
-142
-24
-251
497
28
-1089
-433
54
-136
18
0
-320
-6
-11
-3260
2
-79
13
74
0
123
-107
136
308
270
202
8
9
-27
18
47
438
36
-4
30
8
-3
95
15
3
-323
41
-41
-37
7
-4
155
-1942
-303
-4
-15
21
-2000
3
25
4988
-13
-1
-5
57
-36
-18
-437
-9
115
24
14
3
33
-18
170
149
122
349
19
245
761
-64
-36
415
-9
-151
-3
-2
-204
-175
-31
-12
-14
4
11
37
-43
8
31
2
3
-18
-6
-174
919
17
-346
-14
-40
-533
5574
-1524
-2135
-5
12
84
-407
213
14
-4
25
34
-4
0
54
13
52
110
10
-25
-6
18
-119
16
2
-28
-59
-1
2
449
1050
10
305
13572
479
-12
-114
-8
-118
-15
54
-2772
638
-145
1126
0
86
-47
-513
-54
-517
3
19
-16
29
4
-1682
236
2
1109
-29
2
-170
-157
8
-386
-62
-3
7
8
9
-21
-112
-97
9
-779
-3
108
-15
58
10
-23
19
1
11
39
250
5
-104
-15
-153
7
-2
434
25
187
-30
-15
44
2
77
-723
-63
-15
442
-356
238
-127
120
28
262
195
-27
-113
-36
-113
-3
-4
90
518
-112
373
14
-1399
-3
124
162
12
-7
-26
-28
16
-10
-26
-2
47
-64
112
-48
-34
-504
-12
-13
14
1
-81
-2
-891
-22
39
82
11
355
73
-1
-1
857
31
-4
433
1366
1
-18
-5
154
81
-209
-6
5
68
10
-39
-292
330
-6
120
-139
1
-1571
543
-863
195
1
22
1
628
-6
15
-79
-56
307
-14
-14
1661
-7
-5
-1
-56
-48
-55
3
-160
66
83
-144
-9
10
9
-30
23
-20
13
2
160
-145
1
-121
3
-21
-1
13
-82
0
-797
55
1
-35
-34
-29
-497
-54
-1
66
-56
69
-41
-6
62
-43
52
3
2
-29
-134
-5
163
-30
2
4
53
-389
11
-189
-148
-208
-88
-4
24
-205
-5070
-55
-318
-106
-23
180
1566
1319
-8
11
8
-2614
-1171
-10
26
-107
3
-11
9
-487
-248
8
106
-6
113
-385
386
37
1308
-59
336
-18
10
43
-186
-19
33
-24
93
-172
238
-577
-35
5
3
-1
-5
282
16
-300
164
-700
64
23
-446
-90
-16
13
-6
15
128
46
-2
-20
-6
4
-29
15
2
53
128
3
-55
-3441
104
-94
-24
-4
-345
44
-19
-50
-547
-34
-576
40
-141
88
-198
-31
-223
-31
-49
-442
-77
-5
-9
-16
-12
52
-2
2
11
4
-58
-95
48
15
73
60
4
62
25
387
-42
137
107
-364
-125
374
1
-72
173
7
-38
6
-6
149
2
-63
3
9
94
-125
-1688
77
363
-199
-6
-687
-196
43
-137
11
123
5
8
-7
35
5
-92
2
-1
-136
17
11
101
-9576
186
-70
32
-17
-2
-16
-142
0
-927
-2
-36
31
45
-10
-20
-34
1
-309
-4
12
293
3
3
-7
-46
0
-3
349
9
629
7
-2
-635
-4
477
-3
60
323
373
54
-31
9
382
-3
-6
56
193
-44
2
-1085
-13
-24
7
11
-415
106
282
273
25
48
11
-11
-46
-799
-151
-35
121
37
36
-21
822
33
189
70
-179
5
5213
-6
33
499
-5
36
566
-139
-13
33
-135
280
-463
46
-2
-10
131
352
261
33
-2
15
51
36
-13
-137
111
15
16
27
-59
13
33
482
227
-52
351
-8
59
622
-124
26
-4
-144
-32
104
-29
-280
-26
-7
4
2
-88
-60
-3434
-4
263
144
27
2039
21
-5
-3
367
76
394
-39
0
-271
23
31
-23
-3343
-46
5
1
1132
-2
13
15
234
6
112
75
117
11
28
124
-350
1424
73
-69
-2
21
-266
-876
156
-6
487
-17
-4107
3111
4106
-1
41
37
-34
-7
376
-101
11
-11
286
-15
43
24
51
-2
15
68
1837
-12
-168
54
-352
-350
-24
-90
-30
-12
9
-12
21
31
11
-384
1045
-242
-34
2
-3
-124
-3
200
-379
0
-25
-75
-3
129
12
93
-6
117
-44
-98
-26
-137
-9
1602
-24
-142
-392
-101
20
-2
-134
-17
-49
1
-7
2
-37
-7
5
-151
365
7
-118
1075
-17
3683
-420
-17
1
158
-33
-97
-35
-149
-40
349
33
459
922
-35
62
-8
1136
4
-30
-313
-1
338
41
-12
124
20
383
-15
-91
-720
-39
-179
122
0
-101
119
100
25
-3
-6
40
1
8
-1
-57
-5
-188
23
22
-12
33
22
-44
-1
-40
-49
-21
171
-22
-43
-104
-404
-40
0
-57
-79
31
-773
-25
102
-9
396
4
-6
-32
0
-15
-22
-199
-14
4
180
534
-4
-190
-6
-4
-7
-2
-21
-102
6
3
30
2
-40
-73
-413
49
134
-18
177
-19
386
-1
2
-134
408
4
0
-143
1
-116
-5
-122
-35
18
-3
-8
-22
-11
-298
-67
-24
-42
0
-166
-31
-400
-233
-25
-18
8
49
16
8
22
580
0
1483
-1660
135
12
-26
-64
127
0
10
-6
-64
-4
-189
-71
406
-1
4
13
-30
-45
-12
-63
-2
59
-1595
1
-127
34
-128
-159
66
-21
-240
91
33
21
-40
-145
-835
51
-98
22
4
-13
11
299
-17
-85
901
643
173
-37
-127
1
-1
-146
-17
-5
173
-23
-9
10
89
74
7
-454
459
12
38
-5
-606
-124
3
-19
32
89
-4
44
20
-101
-694
7
-1
-9
8
3
5
-200
-91
-329
-23
20
25
496
-4
-71
561
-2
764
89
-1
-2
4
-67
100
65
-10
1
20
-145
-492
-6
-160
-186
37
-31
-23
4
3
3
4
-180
63
-82
-278
61
413
-21
-122
-192
25
2639
0
27
103
52
-8
4
2
-4688
15
2
-334
9
154
15
-10
-3
-7
456
123
-8
-160
-3
13
-89
-80
-87
2
-910
-4
185
-4
-71
74
4
-98
-2
30
-90
1
-47
-38
3
13
-17
3
-206
-35
13
-101
-213
34
-94
338
2
-114
359
-100
-1
48
-95
19
-26
-4
-1
-6
-29
-65
274
-473
-250
23
3
-262
3
41
-7
-12
138
-1
30
-135
16
19
300
-164
27
-712
-43
-69
141
19
94
-54
-4
-41
24
240
-39
-6
-377
10
-8
-68
240
-2154
103
-13
1
-21
-77
162
35
33
10
-1
-49
-10
35
-72
76
0
10
10
-3
-86
-6
-6
10
-65
-15482
237
-111
184
-17
-2
2
-1169
-87
-18
4
-72
-524
19
62
140
-1193
9
2383
40
14
2
-52
19
-14
17
-87
34
-351
-782
-393
-1
33
-39
1361
9
-63
-302
-1607
-13
-4
449
10
4
17
5
-2
451
-2
53
5
-162
29
-9
-230
-2
-96
21
-34
-7
-19
-9
-63
-28
-166
-65
-9
-12
-25
0
16
5
-192
-74
-12
-3
78
-45
-332
-4
-892
-6
1
1270
11
-2
1
98
19
-103
-13
118
-4
42
142
161
27
0
1494
75
-44
5
5
-70
-107
7
-64
-1
-68
17
59
24
42
-249
-11
8
22
-22
196
5990
-94
1
123
28
-10
-61
126
-26
5
461
77
-34
-14
-936
-55
-1
-105
-363
3632
42
-3
-283
-766
1303
-291
200
-181
-17
129
-4
4
3
16
-972
-24
306
-13
-60
93
-8
-3
-148
17
6
-8
135
1659
-31
1397
11
14
-265
-3
604
-154
-12
-123
5
11
-3
103
31
1
1
-12
632
-188
-376
-605
-7
282
2
-109
-3
74
-18
126
8
86
-2
3
11
123
-101
354
-3
4
-5
2
12
357
515
-1
104
-1
-334
-13
-150
0
4
-26
13
-17
244
-45
228
-466
-3177
2
-1
-11
49
41
-412
-14
-226
61
-21
59
12
14
-537
-23
136
1508
432
17
19
57
-94
339
10
-303
125
58
-339
40
305
10
60
-3
44
14
-157
-155
608
-875
-292
-273
31
-153
-1
-23
-6
-48
7
-76
-147
-417
6
-172
-9
90
151
-7
-6
31
22
33
-680
-56
26
113
0
16
52
-178
-178
-138
40
-31
2
-3
-38
21
-4
96
40
39
-133
-17
37
-49
7330
451
-148
2
-8
10
114
-6
-88
4
-20
-63
1
-472
11
56
2
53
-36
-10
109
255
-106
74
1661
4
-12
8
4
-6
9
-5
-6
-25
6
8
1
112
8
37
-3
-12
22
-154
3
-121
970
18
123
562
383
11
-47
-27
44
0
0
63
50
11
49
-12
-84
-23
-38
153
57
-72
-1781
160
360
-184
-86
-26
39
-5
6
41
-7
-7
-56
3
-148
130
-183
-98
17
374
-3
25
-106
-1
-29
12
10
-2
-212
-23
15
38
-90
-115
-24
278
35
-13
-589
141
333
187
65
97
-339
-68
-1452
428
0
427
427
-12987
-194
254
-17
-162
-7
26
-922
-19
117
-11
-205
7
-101
-19
-119
-9
-402
-6
-26
775
116
13
-4
95
127
5
7
1
54
53
2
1208
1
228
-165
27
-17
12
-650
-12
0
-3
-103
-160
1
27
2
56
-25
-846
-74
-4
242
-32
22
-66
12
281
350
-73
2025
743
-134
9
0
-165
-22
185
8
8
-9
4
15
6
-102
-137
370
-6
-2
-31
-92
-275
-9
-31
3
-258
-310
-6
-31
25
34
-490
2
-48
-21
6117
-58
4
-182
0
31
-1255
3553
-19
-30
-1
-979
44
-118
486
-34
-1
-48
-35
16
8
2
39
650
198
-454
243
61
1747
19
60
-16
206
-4
357
-21
-30
-58
-761
68
-31
354
-6
-16
-292
7
-12
2
-14
1
-14
-19
173
225
-164
-39
1438
-3
-63
-32
325
-102
152
57
20
-4
-64
-1
63
-68
-42
146
98
643
-37
-2
813
-967
-40
6
1234
188
-5
2
253
-29
-2
1
-47
-1543
-138
7
-37
-47
-7
-143
-5
-81
-3
-17
52
-28
-69
6836
13
-16
9
-1581
-36
15
468
-8
1266
1141
-102
8
13
0
40
46
115
-254
-21
-10
-4
-6
-18
-320
-422
19
2
424
8
129
-330
-36
1
-82
-333
724
-19
182
-233
68
1
9
-15
-11
-149
2
16
31
52
1430
-28
37
-79
138
2
923
11
4
-311
-24
-73
8
-41
-713
-20
732
-419
82
-70
50
3
-202
16
34
62
-52
56
134
-26
143
-4
-6
46
20
-62
28
-199
49
-69
-29
11
242
-460
-745
-17
822
-389
-35
3
350
-482
8
-20
-39
7
-1
17
353
-5
395
560
-119
-6
-100
-11
-298
-1
2
773
95
-36
-385
-1
-731
-1
204
40
-161
-54
-23
-54
39
-25
206
-798
12
-13
6
-7
-25
-65
-33
79
-1
-8
-37
133
188
-17
67
-563
-198
-11
-684
-3
2
64
-9
-9
-62
1
-55
12
43
3
-139
1
10
-89
-1
-1
-4
0
-62
2
-17
11
-268
12
-108
10
-63
-31
363
-234
5
-58
-73
18
-6
36
-3
269
156
12
-730
-19
-1294
9
-21
-2239
574
140
81
16
-41
-1
-5
-5461
-1
-44
-12
-67
-810
87
57
-53
3011
11
-197
12
-7
94
0
24
-5
-440
348
-30
-99
14
-97
11
-12
13
1736
-1144
70
-30
-102
-25
-117
11
3
1085
-15
-35
-53
61
114
-6
-28
1127
28
-2
-93
-465
0
-15
107
-87
18
22
45
-14
-5
0
7
-82
0
-196
-44
14
280
-72
542
10
0
-228
20
8
-2
5
-20
64
-19
936
17
91
-29
42
1
-174
47
-1
-217
-233
-7
26
0
63
4
34
-130
-3726
-234
-15
152
19
-320
1407
-37
-14
129
217
102
22
-323
0
-29
25
-71
-1
15
95
-690
5
4
672
172
-38
214
-2
-30
-51
1748
4
7
-24
-27
43
-7
-54
14
1
76
-360
2
123
-21
6
-112
-74
179
-69
24
0
17
-17
15
96
-10
355
-410
-131
-44
-5
-49
183
7
268
-9
-361
27
110
-1
-2
-123
-1
15
85
-783
-362
36
471
-301
-40
-58
238
104
-267
-87
293
59
2
1344
16
-1
-10
-206
-14
-131
-1462
-622
-25
-5
59
-503
-6
-8
154
0
-63
-1040
-90
-5
36
-78
262
-112
-18
-35
72
11
-10
1
25
-211
-9
-724
678
0
-21
3
-617
4
9
10
2
2082
-7
-2162
-2
208
8
14
-2
6
-176
13
-25
0
-25
-21
74
1
266
443
122
-1
6947
-54
-239
1
-6
-263
3
-376
832
6
1
-292
17
-102
266
39
-14
110
-4
-201
99
547
-169
-1221
-74
-5
-90
19
34
22
7
-1070
-2415
-6
2
-894
-74
14
31
14
-266
-1246
-438
148
17
-1078
2
26
-6
4
-1052
15
18
-60
-508
3
25
10
801
1
-97
-15
3589
-738
-13
-9
947
331
-210
1044
0
12
-17
-9
-24
-21
0
310
0
-81
240
-21
-44
-22
16
90
-26
-92
3
-54
22
160
-127
-97
-134
-1138
91
465
-9
478
-4
3690
202
6
140
271
-120
-5684
6
16
-1
15
-4
-1
-98
123
-11
-527
6
2
-13
-1206
182
-278
-81
-13
-2
66
16
494
223
-16
341
0
-10
-14
18
4
-116
-937
8
-242
-51
-15
-17
-66
6
-1
-2
-6
-14
1
-90
5329
252
-63
603
-53
-136
6
117
-34
-76
-11
-10
-4
-1152
-8
381
-1
174
-13
14
-2
-34
990
-20
-57
43
-3
-37
-12
42
9
51
-203
2
-6
-343
52
35
142
41
189
-1
-5
93
-15
-15
-184
48
42
233
-10
0
98
-83
6
-12
-62
715
14
-1
-1
90
-94
-180
-675
30
-351
5
-696
50
7
195
5
-18
78
-192
-21
8
9
11
0
107
-15
27
0
-158
-350
59
-227
484
-3
-36
-61
-5
4
-21
1257
-2
35
30
-40
2
8
33
-48
162
748
38
-2
-87
565
105
779
-24
-356
8
57
10
109
-5
-24
2321
375
-39
-908
-11
-84
-6
3
-20
-38
-866
71
14206
131
8
-32
530
110
-7
26
-183
-11
-87
3
59
29
-75
-26
-24
-50
-390
-56
-5
-259
0
92
1
67
-2
-12
2548
-176
19
17
-68
84
-19
2
180
-462
-14
112
770
-109
-7
-7
-6
32
396
-491
-3
2300
89
-4
755
12
4
-27
63
5
733
-52
-116
2097
1
-3
-11
-24
-6
13
2
-177
-3404
368
119
1167
-1
357
-109
-69
55
-3
-56
-37
243
-75
-11
-9
148
-2
4
9
553
-63
-3
-19
-9
105
10
16
-272
3820
-151
632
20
45
410
-200
-121
-28
-17
173
943
-23
-15
34
2
-26
-10
3
-82
0
445
18
-6
-43
49
-527
384
-139
-125
5
68
-35
8
23
10
6
49
-14
156
4
-76
2
-147
-33
126
-80
-10
-7
167
56
-23
9
1471
-58
14
7
-196
359
67
2896
1478
14
-5
10
222
20
163
14
-250
23
4
-98
1
562
2
36
17
-6
-12
22
8
142
-20
21
1
-145
-13
-86
-103
1197
-27
359
381
-89
-146
2084
3
595
1
-164
-3
-17
-151
-17
-207
-38
-81
-122
12
1194
-6
11
-142
561
-468
-191
48
14
84
12
-14
-10
-1437
10
-63
-3174
97
1
2
-10
187
17
-161
-45
-274
-7
-278
-19
-7
-2
46
-77
17
-53
136
59
-142
-39
-2093
2
1445
-14
-99
314
-46
-2668
-52
3
-3
-4
-1953
185
-33
-113
6
6
-20
-171
-163
10
-75
-8
19
18
255
-62
0
-102
-11
-216
-48
38
-2
225
86
-210
-277
16
48
28
-1
0
-7
-4
-134
-5
-76
-32
14
-13
75
-16
0
2
5
-157
4
-23
-43
2
-369
1
-4
9
-169
-1517
12
15
-254
-276
85
22
-785
-65
127
-954
-26
165
0
50
8
4677
0
27
376
-235
191
3
-35
-71
118
66
-8
100
2
-41
-53
-5
3
274
-114
41
-12
1
-2
-4
-91
-108
-2
-7
2
382
-2
62
-2
-1223
1
-2529
10
-13
41
4
-499
4
-720
10
9
5
32
-49
-4
78
1
-29
-96
-69
-6
-5
-18
13
-8
-2
92
29
22
-33
-192
2
46
3
384
-24
1202
-10
-16
5
945
74
-3
-115
-1551
-7
-6
6
-5
733
13
-292
-45
43
29
1
-484
14
10
40
-32
-23
-42
-22
44
7
14
-338
-557
-314
169
-31
5
12
-106
-344
45
10
8
145
152
-149
169
180
11
7
337
-12735
-69
63
-64
32
-22
-284
72
-1151
880
33
118
-11
-114
1307
3332
-491
6
-90
-112
-32
1
138
-1954
189
54
277
488
-9
37
-200
-75
-96
-26
31
58
310
-1
-837
-24
-150
116
-29
17
-1
-39
107
18
0
70
9
18
58
-94
-245
-25
7
-61
-1
4
-71
-118
17
-421
-27
-588
-9
-130
-141
224
62
71
1247
5
25
98
15
-3
-46
-8
-12
-2
-6
-282
68
24
-3
20
-675
-188
-114
15
-22
-5
-25616
217
-4
19
2
-1
59
18
-27
21
-10
301
-192
-10
139
112
1086
-2
108
79
-2
-4
-77
6
87
-25
-6
42
-68
24
-695
65
19
26
70
-4
-186
2
108
-447
-12
17
1
89
1
19
-13
7
-296
-104
42
146
1019
21
4
-36
21
128
-5
10
29
242
-6
101
5
-15
254
-11
-12
64
-37
3
95
35
177
61
-413
-28
-103
-2116
889
119
-107
-279
-70
53
1
-19
-3
-13
-128
57
-35
6
-19
6
-4
-6
53
4
271
-119
-123
-70
-23
-4
-3293
-229
-11
-79
-4
-17
1457
-2
-120
17
-8
13
7
-581
-28
16
29
-76
-12
-508
106
-157
5
-5
241
5
66
-184
340
-4
19
5
136
28
0
1468
7
471
44
-775
4
-385
-18
93
43
-46
851
5
21
75
63
83
57
-21
5
-5
2
-19
119
-6
-30
-464
-67
-45
47
-6
1086
18
-1256
1
-214
-348
266
14
-100
-105400
-329
88
-25
-96
2
5
15
-79
4
-19
25
-71
8
-1
-1
17
-220
710
-24
112
-58
-26
-11
-29
54
-150
145
5
4
16
-2
-1008
-386
1017
175
-6
79
-5
28
15
-74
2
-3
15
-4
-19
4
-15
-16
-424
-256
-2
-635
2
96
705
-83
-30
19
61
-97
4
-32
43
32
-18
3
26
194
426
-180
-7
187
-818
5
-365
5
4
1101
183
-1005
-20
-17
-38
148
9
30
2
1
-4
-2
2
10
74
-154
48
64
-23
12
-8
-3801
-921
80
-10
-126
-63
-77
12
11
-259
-27
-75
-99
-16
5
10
-33
-3
41
-237
3
-112
-7
-10
342
1
118
-74
-4
241
-24
83
-47
4
2641
4
-40
-645
-287
2
561
-402
114
-91
-46
-106
30
7
3
-5663
-86
-28
-11
-27
234
-13
24
16
116
13
8
3
-299
-682
-8
71
-10
10
-755
212
-332
-180
30
18
-110
-1
-303
-33
-21
27
-5
23
-208
394
144
-10
-11
459
-159
-15
0
58
-548
63
386
45
-114
5
4
-41
17
-39
-576
5
-8
-263
-1
7
16
-27
0
47
199
16
-2
-24
991
135
-36
3
6
-124
65
9
57
28
-5
-2193
-17
39
235
-6
82
-343
-4
-266
-16
-432
-27
377
336
-2
-13
-9
29
-44
-255
14
-10
-1
-6
-1223
3
1
-121
-25
-6
25
45
1266
41
-1611
-1
-4
332
-61
12
-5
16
-1571
-23
3
0
-493
-55
-195
-379
2
-13
-228
-230
-92
24
-72
35
33
223
1114
-109
-49
2
46
5
423
9
-116
-429
-14
-121
14
60
-84
-42
177
6
-20
332
-578
77
-2
-55
159
23
-2
1076
-3
8
-1
-102
-333
44
18
18
-284
5
4
8
-4
-15
-67
80
44
-1
43
-123
601
7
-1856
41
5109
8
-59
15
-1
229
202
610
0
1226
-39
-19
-5
15
8
-12
-276
-10
-313
1688
-28
22
0
-8
-5
-20
-7
16
-26
259
0
-122
16
-20
-7
16
-25
-5
-456
-35
-2989
3
2
-8
4
753
138
0
-614
612
144
-860
16
-313
0
-3
-15
81
28
-22
170
-63
193
46
-27
-671
1
26
-460
14
-30
1037
13
3
1
-11
10
-13
-49
-562
-80
-10
18
-2334
-404
-343
13
-2
-1
-425
67
8
60
26
545
7
41
-21
14
101
-380
-1
-165
-325
25
-1
-27
-11
-151
-221
80
-8
1174
7
35
2
66
-10
0
-35
-19
15
-3432
24
10
19
20
16
51
79
-167
-41
-13
214
-8
-118
-2200
5
-21
35
-111
-30
-3
230
-288
329
-24
-7
0
128
-6
12
98
5
8
-61
-6
-559
-12
14
10954
-2
308
33
9
100
5
-346
0
81
-202
9
-6
67
-97
23
3919
-19
-75
2
85
1118
2
51
11
400
176
5
-33
348
178
-159
2
-27
-241
305
-1
-11
-1087
10
153
-6
-56
-36
-211
8
-159
1
-333
5
42
33
1
416
-77
33
-650
0
-18
20
55
55
-38
18
-8
-242
226
45
-154
353
-465
5
11
-4
-2698
-568
288
52
1
-1534
-10
-36
3
-10
9
-73
-8
-9
-21
-14
33
-2
93
161
-18
-583
-2
-59
-538
-75
3
164
2
-28
-417
-830
-37
-1
-74
45
-5
-29
5
-49
80
175
0
-13
-618
214
-270
2
57
6
-16
130
-1
317
1
245
-2
1020
39
2873
12
-2945
21
24
284
-5
32
201
-581
-1893
111
6
-35
54
81
-179
5
84
81
554
112
42
287
-350
-4
-218
392
-6
-9
19
-49
268
103
-76
-23
13
-112
-564
134
6
-171
-47
166
104
23
357
-52
60
80
23
343
7
-53
146
3
-362
242
99
394
-285
-187
18
-9
-4
-3
-19
0
-13
-3
12
15
-6
346
-44
229
-91
480
-310
287
-10
-291
-146
-14
-220
0
-4
-13
362
80
32
-516
11
480
21
-135
72
-77
-3
-48
-19
-724
16
-990
2
136
61
48
-18
64
-6
59
56
1408
-135
11
-747
8
168
90
1
-98
53
33
12
-89
9
176
22
-8
16
-6
52
73
-34
-5
16
47
-8
3
-465
-50
29
147
-21
-2
-909
11
-1
25
1
-60
-4
-2
5
123
-408
355
296
-3
-7
-1455
-147
340
13
-376
-415
-2
64
-122
156
104
9
22
131
-21
2
-32
-35
-2
-70
-184
-427
-161
-496
-32
1
-151
-10
26
-2
565
-29
14
-14
-7
13
1
-1
-54
1
48
0
-5
456
65
3
1
-9
272
5
-101
-911
-18
-14
96
11
1
-1
-1
-1166
-5
-31
-7
5
-515
-137
9
-3
142
-7
-347
-2
-60
-200
-198
73
-475
4
-3463
54
28
-25
-308
-11
-45
22
-70
1
8
4
-39
-234
-141
-4
-33
19
-31
151
-2
238
7
-54
-10
-55
280
-41
-11
-31
190
-154
325
-12
-30
-404
-14
-2
222
661
149
14
19
-17
15
-60
3
23
-11
390
200
-9
-26
221
-4932
-470
-261
46
-186
-13
1
38
-159
-330
1255
1
-4
155
-163
3
29
-6
-10
260
1723
-2700
149
-52
1484
-5
-12
486
116
161
-1054
-7
920
33
-17
-12
-24
-10
9
-51
9
-943
-337
-1
-249
3
36
-87
-1
-24
-124
0
-32
-24
1
108
-233
-102
60
-168
-59
-46
-63
-283
-19
-3
-122
75
0
-200
-35
-18
1150
-8
39
334
46
47
-9
-7
-108
394
31
9
-3
23
17
50
-126
-1
475
50
3428
1198
9
-175
7
-366
-45
9
1
-89
-6
316
4
223
-21
60
-6
-75
139
-7
179
25
-28
-13
-881
2
-457
406
394
-19
-441
5
190
-223
25
24
-19
-61
0
-17
-12
333
25
86
1425
-13
-15
-3054
68
4
3
-11
-499
-15
-162
-184
156
28
95
17
-27
19
19
-5
-5
-13
1584
-27
-65
240
11
-7
-7
82
-55
-225
-14
-16
22
0
-499
11
-19
158
10
3
-35
-15
128
0
2
44
-187
-139
64
2
-57
-22
13
-18
-12
82
-15
-18
-260
-273
-35
11
-3
2278
-201
-67
-26
-376
-176
-2
-10
164
23
16
-5
-3
9
18
-25
-53
62
-141
561
-187
-26
29
-14
-26
19
95
-178
-740
0
48
1
149
30
5
3
-55
4
-1
266
-20
-9
-739
-1
121
11
11
89
249
3
-19
82
6
5
155
162
-49
380
12
9
-34
-6
243
4
-6
489
124
-2174
-57
-146
10
2
9
-48
29
-42
137
6
81
0
16
-108
-19
46
153
126
-24
-10
210
219
59
2
-199
-1
-61
877
-12
6
-17
17
-3
-34
-46
-78
15
-59
-14
0
-1930
554
8
-42
-16
-1979
7
115
-20
9
-4
9
58
-2
233
104
4
156
50
112
-171
25
30
71
-3
-13
-366
9
-3113
-26
-138
-11
429
510
22
-1
-33
-4
-3
1011
34
-30
-412
4
-35
-248
-531
89
-52
-18
-17
-5
33
-58
17
-9
-4
-24
-9
-96
-7
118
-132
-40
150
228
147
-30
2657
-138
230
546
-5
-98
20
-167
158
-2
-81
-14
-337
-2
14
91
1
-12
0
250
15
-124
3
792
-29
-2
-4
87
164
-11
-220
1
-14
-64
-3
7
1
-27
611
-8
-7
-56
28
-27
124
0
-865
102
8
-3
5
18
27
-130
-23
54
-37
14
-4
1962
1465
-18
-38
262
-317
4
240
-347
47
68
-3
41
4425
-17
4
10
96
27
188
169
-11
1
-1117
-30
-263
7
-13
39
127
-189
16
5
11
4
55
733
3488
3
-1
-1494
-429
-95
-38
19
24
-76
21
102
2
4
106
38
-27
-65
51
-10
-104
-31
122
-5
-406
44
-1
-8
46
12
-23
3
-88
4
4549
9
52
54
-132
-15
-208
349
-82
5
8
-26
17
-4
-35
-21
52
4
-36
-196
-40
205
223
-38
-141
3
15
16
-17
106
0
1
74
199
4
550
357
166
-2
-4
6
17
-5
31
-154
-117
-16
-19
-21
1
180
-105
-92
14
1
-3
1
-177
-23
21
-16
-137
-418
-4
-1
1
58
-96
112
822
-1294
59
-508
-26
306
-25
88
-335
171
13
16
16
8
-18
3587
153
31
0
-5
47
-5
-26
-56
-28
77
3
3
-108
-146
169
243
54
4
31
-13
-197
28
99
581
-54
16
361
97
94
136
36
5
36
1914
-50
-42
-490
-693
74
-2
0
2
-12
558
-8
-137
127
-14
-168
-27
18
340
57
87
16
134
-1
59
-4
6
-48
-29
119
78
7
17
44
-27
103
-7
3
270
41
114
-1
258
8
170
-145
-24
1001
-46
-13
24
136
-810
-754
0
6
-34
20
-8
528
539
890
2
-7
392
14
4
-60
3
9
-10
-1
-32
18
-12
5
-720
5
112
-211
-356
-72
-31
-36
-14
-67
139
-87
11
-18
-16
102
0
3
14
11
-13
11
-34
88
-570
9
264
33
-28
422
1
-434
25
6
23
111
357
-6
-110
-224
39
-1
4
-28
5
-98
-49
-1
-110
-1
828
75
15
53
-4
23
-3
1147
3
12
18
12
104
-8
34
-39
84
1094
-552
214
3
-3059
-207
21
19
-29
-86
-4
10
-8
-141
298
1887
-2
-2
-101
1
37
-22
172
2
49
26
-3
93
-1
-1
23
-70
-12
-5
-252
2
-21
7
-1
-1
-9
-66
10
27
20
60
-1
153
267
158
-8
0
-12745
46
-63
-1
-10
-62
-310
4
-177
-35
-208
57
-160
-60
-39
1
18
-10
-6
71
-1458
-26
7
-122
42
44
45
-26
8
76
3
10
-44
-196
172
-266
-56
7
302
79
678
359
-334
-152
204
-86
31
-8
-6
137
56
-29
-7
70
77
-75
924
-124
-13
-8
-2160
-15
-1207
-10
6
2
-37
-39
185
26
11
-25
-624
-2
301
115
-4
-2
-59
232
162
-4
-15
349
-61
66
0
-955
-37
5
88
-584
41
-27
19
