1171
380
330
9270
3868
134
87
374
3035
2100
777
544
252
1669
3261
2441
389
1614
3176
1119
31
703
157
350
480
120
6881
806
675
79
63
1095
866
296
89
352
180
691
103079
355
1917
688
98
107
1606
6165
1487
475
173
1045
61
770
116
42
305
428
6657
316
365
695
268
252
344
147
290
1316
107
171
1424
199
155
1301
596
49
287
837
1580
2867
1701
141
609
83
3959
166
220
22
1222
510
139
216
83
1581
4538
273
268
979
294
232
103
263
326
722
481
526
1206
39
1864
254
185
173
311
181
68
426
288
1558
146
2726
1283
4896
234
1583
5134
86
83
1001
3213
2334
183
129
4874
2409
97
81
4112
1048
230
420
1658
175
187
1671
290
207
160
97
5923
620
454
28
2957
140
761
481
47
2993
174
744
69
2676
249
203
389
152
578
141
2826
245
478
160
3904
3176
1576
428
125
5154
127
58
112
694
74
110
229
215
171
619
987
1090
398
82
114
698
256
213
3522
146
355
1547
822
98
1466
4948
3397
45237
169
201
292
986
118
1474
97
281
96
1080
128
1313
2033
5773
744
554
3034
205
202
405
208
554
8697
556
176
277
490
8994
2916
1178
218
390
476
140
6785
1311
270
200
186
298
110
119
23841
4245
731
541
19
454
150
701
529
29883
782
392
121
471
415
84
1658
257
3230
190
184
2361
170
97
67
2930
371
194
213
360
3044
1716
118
4287
665
191
479
447
399
981
2136
177
663
358
7159
75
1663
31
185
123
94
153
535
6591
4648
455
3231
818
86
560
7057
1587
404
318
1009
2822
3483
1731
1363
1683
495
523
5229
1249
212
2998
190
214
3091
1467
3691
200
230
376
305
297
565
170
170
550
2801
2778
3568
383
987
631
127
818
139
152
200
741
140
1005
34
50
260
879
776
1921
278
1207
43
406
1635
231
516
332
278
877
6490
181
756
201
49
2802
2984
109
29204
214
130
1464
482
263
1567
2905
441
147
1915
929
81
3273
151
4698
54
919
204
1034
212
964
282
1559
421
7089
444
766
979
152
1287
63
7480
988
263
17159
3738
10026
140
137
656
723
4689
315
989
665
127
149
774
4621
700
418
484
58515
259
1115
3861
1251
570
138
508
118
1033
1570
1323
242
945
709
4823
2134
72
535
211
4975
54
413
2849
432
513
449
2478
64
1548
635
348
81
452
4534
101
1894
120
298
188
6341
2024
4287
3089
58
300
652
2282
3965
473
713
1768
305
308
33
631
1378
80
170
312
3624
107
1313
93
2008
56
1589
3318
12895
59
132
156
2143
3428
741
81
2258
85
592
13475
478
188
1796
1717
64674
520
195
249
334
4584
183
1126
537
5677
50
1069
687
857
1274
1072
589
67
672
1516
353
5735
800
130
670
201
196
242
45
549
97
122
507
287
645
176
118
469
515
1192
533
966
26
245
1160
191
602
1970
203
306
63
233
588
283
24
704
5027
20186
307
1010
37
2564
1164
1745
12320
501
91
34
1042
453
899
833
188
2345
340
487
384
5621
132
461
233
612
2865
1910
171
180
1202
431
129
314
1255
119
324
2131
67
350
308
257
5563
156
2695
513
1503
278
234
339
150
40
118
1092
192
1219
512
175
3333
269
1192
854
291
349
182
97
647
594
649
1428
2395
80
360
201
452
123
1810
2824
472
312
2696
53
110
722
193
402
139
469
7354
292
195
2442
372
380
720
1443
1791
2253
731
174
504
348
300
127
219
151
1136
105
3080
83
959
909
870
53
763
1886
127
593
107
62
449
2660
101
702
187
285
782
756
353
78
1231
492
194
53
131
820
3338
633
70
833
198
3363
352
227
536
887
506
104
180
579
4200
1403
213
230
383
528
126
480
281
32
157
311
40
1306
116
227
554
1287
94
419
248
153
3821
429
244
90
383
1273
2311
219
107
309
1241
347
916
77
6519
527
408
150
773
624
915
1643
99
1404
211
4955
178
104
1192
504
258
313
120
561
467
61
423
437
599
175
164
4465
1063
430
260
168
1256
1348
173
2958
735
260
335
1341
394
1050
46
105
213
648
649
1114
257
188
1584
4637
712
121
1134
212
505
2947
575
101
537
181
357
3160
1577
275
98
213
1829
146
951
238
705
184
347
22730
768
92
117
110
4593
497
463
105
5012
149
933
3423
116
58
406
1360
389
2455
664
3347
391
11461
461
318
972
162
45
324
1890
138
426
21737
4676
1572
74
1594
310
337
753
853
139
1819
570
2151
242
1633
986
369
355
782
98
699
583
494
2017
2086
336
2523
1879
134
1201
1802
297
10888
152
170
73966
610
412
390
1809
1432
9623
1642
323
4116
4832
2965
2067
1214
2902
2302
465
104
51
56515
629
3890
998
659
163
85
654
446
1219
145
131
355
504
121
492
138
337
464
60
1312
1196
7522
64
363
260
4070
4633
220
77258
325
200
3421
580
1970
192
1984
536
1625
674
210
188
105
1400
115
5528
90
108
3511
265
295
420
90022
2143
71
1812
389
829
189
153
621
25276
264
5352
118
446
939
3423
4140
319
76
82
1029
123
2809
880
488
578
38
2208
135
2482
1411
296
4516
1402
532
47
210
141
5885
76
76
423
343
1818
1018
1824
214
19105
84
2524
190
81
437
353
2779
51
2239
14098
101
40
66
324
235
4854
116
2989
307
409
406
73
620
222
510
163
481
1363
151
209
641
375
163
1397
203
1114
468
3481
77
512
260
295
1122
146
76
82
583
908
340
979
221
240
483
87
2090
130
314
209
1693
76
1313
1123
117
107
76
49
104
179
314
840
317
3204
1852
1949
331
247
498
1155
2117
290
226
429
1574
79
320
1334
221
371
103
160
574
143
827
3819
4609
931
1996
279
311
108
100
461
167
83
652
1475
415
655
2249
896
460
363
2414
206
127
190
887
389
115
137
74
435
59
271
552
87
217
1301
2262
70
984
995
53
369
71
103
983
237
591
2731
419
230
123
335
1124
546
80
298
6858
609
173
1408
1416
469
78
534
4222
1718
164
96
1542
223
725
352
1379
72
226
347
229
116
3017
193
1440
8697
1253
291
90
94
626
3340
62
1011
80
1281
307
133
440
1179
89
225
139
86
192
70
537
428
2865
66
677
122
2642
251
1530
6399
31
54
74
3292
236
530
390
149
180
1019
96
70
413
300
3256
111
422
1146
506
753
372
123
83
492
162
41
121
1014
77
390
1685
1527
1636
1328
1935
670
3246
933
495
196
82
421
124
1707
123
65
878
223
1209
868
426
845
25
487
106
126
8610
1297
737
680
579
929
4127
198
287
5887
1831
278
130
197
249
1452
159
3003
119
17247
317
2690
1541
69
596
632
9316
201
2630
189
566
205
277
142
215
601
54
479
762
768
1993
3695
416
495
1394
260
2456
365
1491
163
631
810
70
120
349
2797
1682
1119
27189
215
131
91
112
70
31
1218
69
1084
1188
2934
82
498
305
68
2654
299
485
1943
601
1393
1185
135
196
2565
1719
112
543
1711
73
941
2697
2395
49
76
2175
105
349
178
2535
71
307
640
2151
355
553
5542
296
1688
523
254
163
422
219
91
4013
1102
208
57
246
9691
193
2964
40
76
100
265
91
5722
911
3264
1559
270
171
1006
84
196
56
332
5973
223
1265
1512
231
148
784
492
1879
4872
266
418
345
208
1249
1593
368
753
1161
244
1240
309
1829
28
367
2139
340
299
2289
66
78
389
1426
6584
84
677
469
1461
1330
582
1089
1701
194
404
170
718
1063
341
4191
55
259
965
859
311
402
671
1913
158
246
339
4755
3798
215
3320
1485
207
323
5271
523
3349
179
3098
665
78
5648
200
5319
147
40761
86
97
116
1338
3038
175
354
98
492
1949
1422
16087
4190
408
2599
39
342
1504
2868
103
3119
481
439
1129
213
439
267
6752
823
276
83
2346
88
1088
168
132
167
4094
3301
119
1058
100
5410
409
108
1369
721
444
436
243
3750
63
4222
1079
808
932
129
4648
2050
188
2436
501
665
337
97
2552
127
135
192
943
2150
233
108
733
856
1841
193
1795
426
936
70
424
349
2965
765
146
360
536
318
327
3915
483
138
2239
95
1052
406
51
72
51
167
94
460
207
129
215
179
417
107
2366
121
154
68
2262
263
890
124
3084
405
4049
691
130
13728
1805
3178
2353
197
117
317
173
499
110
118
9982
293
9370
26310
137
174
143
629
18022
111
502
245
8543
540
108
132
3545
204
110
112
132
588
180
156
305
727
377
121
1489
1608
133
538
1684
102
48
135
2163
1430
146
380
327
273
145
1396
160
205
908
53
380
88
127
2345
308
68559
152
1032
158
136
174
1173
4517
671
651
274
473
175
7305
2448
1466
2015
1362
1206
1772
2743
157
2173
3146
894
115
1976
952
737
283
2330
5337
4978
120
341
217
916
2177
1907
458
58
464
1815
88
270
295
76
203
457
148
234
261
1326
549
940
130
626
2992
587
441
130
243
1103
3344
2280
506
906
1787
189
71
270
106
982
3787
86
340
378
127
773
561
125
1177
137
1000
499
694
1311
33769
386
451
40687
389
387
103
171
109
213
5542
455
5333
198
2751
185
78
204
1876
160
138
2248
792
76
2286
1118
481
1343
151
1358
79
759
246
144
142
20
1303
429
59652
118
1601
72
1342
216
781
63
1033
271
4900
1140
89
330
68
595
220
108
187
574
120
1954
146
147
646
105
185
332
377
65
3981
67
1541
107
1530
170
1451
386
29290
260
96
414
148
109
483
774
592
12859
142
186
234
329
71
948
98
73
2005
3635
54
225
2005
640
417
350
2097
667
454
4440
832
1935
306
2259
1867
6450
80931
1125
76
76
420
146
6001
1323
4347
105
102
179
3830
320
708
70391
962
3426
2764
276
823
615
41
1427
976
3573
866
1301
233
2069
353
2782
521
172
1013
155
3690
2905
568
341
169
204
232
1040
153
32
2231
69
89
52
750
64757
563
7119
4263
3179
118
205
649
2942
571
313
652
1975
62
314
4206
3138
1696
103
50
3082
2116
2424
227
364
4499
140
308
5922
2592
197
405
46
159
1620
724
144
186
280
55
503
942
2997
453
271
532
923
277
594
831
242
331
247
317
196
149
532
317
807
544
381
674
21015
57
3892
253
154
829
214
160
138
1714
1871
1314
2936
1139
1640
200
98
10047
1318
574
4146
1430
1339
748
20646
195
393
3130
89
1107
418
230
125
815
479
37
70
2952
185
88
70
427
410
243
248
862
95
2105
951
271
726
184
471
166
954
244
145
178
209
242
261
150
412
1049
1818
258
845
512
660
6483
2629
276
6602
217
1302
170
97
290
388
1928
1098
73
271
66
533
81
146
1058
1139
656
342
123
654
13471
186
2523
88
879
3719
73
281
217
1387
163
1786
190
257
175
96
262
3613
2972
1265
276
79
1806
590
671
1890
1221
109
1813
3479
249
1672
265
2563
358
1208
697
2094
2341
658
3539
1052
4020
175
911
3012
207
569
1529
3061
337
268
110
181
884
276
348
12810
804
10786
158
220
825
73
327
100
3475
2050
111
2570
1718
477
1761
372
2917
240
342
1278
1708
149
1057
115
622
181
40
73
296
602
447
1758
439
277
930
568
119
1675
65
951
9107
95
28
102
1620
486
265
627
186
513
39
410
5722
122
1108
430
239
3035
278
38
234
164
150
1656
252
4444
1416
1409
1059
5694
1288
869
2578
154
1747
540
1837
744
3003
571
94
68
72
170
621
56
4163
1629
2087
318
4387
577
490
66
551
3679
785
1619
214
1304
94
1023
5129
214
2966
529
5481
166
334
284
1697
3069
42
3785
107
1016
236
275
1156
5006
1902
621
190
65
6053
187
288
3841
67
655
236
563
327
67
80
118
681
200
560
1020
98
1812
450
41
175
1700
180
110
130
21441
294
1146
1493
321
237
405
967
346
865
1759
195
6523
180
778
38
472
60
11307
501
91
3034
1043
876
6297
234
1888
119
386
178
439
370
139
179
1572
126
4668
2482
5312
739
37
969
84
153
1600
1645
386
2985
148
839
272
848
387
6098
192
1274
74
2992
733
946
4738
61
1463
1645
2107
1078
492
2516
435
162
1536
69
1697
505
177
158
493
5450
166
2399
192
342
94
50
149
175
180
263
572
920
1325
262
63
562
392
218
1087
138
192
170
44403
155
113
104
353
208
315
168
2298
4566
470
1161
674
34
1021
337
406
230
179
2517
544
215
182
198
2411
207
863
97
4152
504
1614
87
3972
277
108
717
364
55
3368
514
1779
221
135
1140
409
212
225
104
511
1305
1022
156
111
490
116
716
197
428
314
6429
1342
714
66
147
2078
900
92
587
423
76
3173
143
244
284
2845
3717
2904
213
160
581
236
136
67
35
617
200
129
1669
142
5584
768
2879
69
291
117
1426
1246
1532
1079
504
1496
412
194
799
851
730
48548
90
578
470
86
5449
196
1068
992
1783
123
318
4645
1444
4661
203
1524
255
2237
1926
364
1486
363
997
2112
3165
180
55
581
485
844
2147
71
100
1263
54
1956
4652
225
2436
356
158
815
175
766
195
369
1825
458
1411
1901
2052
1378
1505
196
304
420
79
70
302
598
1111
820
994
126
786
5046
278
247
202
129
250
199
129
1132
2097
9947
110
459
101
311
234
2493
1334
118
1084
4343
1789
100
11645
266
2803
2443
493
363
161
91
625
182
4826
143
1965
2986
1084
234
167
48
91
975
495
322
395
376
2765
448
1271
214
941
15372
80
283
258
647
460
228
682
3497
2742
1245
4808
226
904
212
109
444
199
614
803
186
209
316
5364
224
35
156
1707
1324
654
146
741
706
992
557
82
105
118
325
87
3439
783
2140
4487
2909
595
997
401
107
1949
203
414
53
46
96
182
253
1833
161
63
71
1117
203
2118
12136
435
75
2434
211
72
889
279
599
3458
67
144
61
86
79
418
5347
26
201
1786
1582
435
174
139
51
3027
74
1060
306
661
908
172
1752
2118
109
1108
556
258
3250
807
138
77
1040
110
534
109
404
242
82
2105
3117
167
316
103
363
1119
1568
881
2355
1643
210
276
185
1722
683
9133
1267
272
1870
1644
1805
179
1596
163
407
38
18631
167
177
10580
4183
890
2838
232
1180
199
129
938
76
98
600
384
7538
1355
1290
177
99
47
2886
6003
105
229
68
552
140
170
694
2854
822
393
669
2132
275
970
3637
56
177
137
566
63
215
1278
2085
2899
281
269
947
65
3631
10192
996
7070
432
147
4563
120
52
1801
37999
88
268
395
243
49
3382
81
214
417
295
46
167
88
143
286
202
360
68
1867
270
364
177
2760
727
223
149
90
214
1989
1452
2239
3435
373
4592
3581
137
2303
192
121
1064
59
166
117
2078
117
161
98
317
812
443
226
998
72
1524
308
396
70
284
1213
661
14660
429
829
507
2184
167
106
57
112
1101
208
393
881
50
329
5144
525
437
1418
132
142
53
877
143
140
580
137
548
300
69
297
77
80
114
280
636
8771
84
315
804
2997
143
172
638
244
233
361
157
1230
102
188
2410
842
103
5775
1193
195
584
527
544
1084
124
75
634
34
487
133
550
1637
138
170
2157
90
1235
46
816
305
136
607
516
742
391
1516
781
1317
370
970
36248
131
369
94
77
241
202
3756
4852
385
188
449
145
447
3376
178
163
550
85
399
218
1244
4675
151
97
889
253
1120
409
3850
150
443
1276
89
57
5079
108
693
316
527
289
126
346
83
528
307
716
62
711
547
1912
2262
60
95
11779
1352
822
673
54
564
89
1376
4531
220
298
131
439
2750
179
1709
348
563
238
172
1069
204
187
267
651
528
379
239
110
316
1329
820
437
630
263
63
550
3533
286
3630
376
3141
41
55
863
193
4540
210
330
342
782
1916
890
180
3224
1364
550
320
825
86
1110
6249
45
1396
266
1756
1219
154
62
97
83
142
917
643
358
119
187
1599
1019
1968
228
6658
1443
1013
4645
376
423
1212
258
200
597
1486
474
258
199
255
153
627
3144
23
2263
249
607
974
1348
556
221
2179
399
568
3625
71
2362
1628
411
111
1418
5965
137
249
107
64
479
14771
1071
631
172
83
81
110
431
530
464
8360
133
2755
269
1440
1118
61598
1064
484
1834
5580
1446
345
1470
123
160
509
829
1949
862
2973
166
5335
54
178
89
41
33
42
545
1265
565
688
2224
3911
244
95
12574
53
581
326
69
5312
183
2059
326
189
1097
1329
196
37
381
1371
498
494
396
295
761
231
1405
267
506
192
908
204
3861
167
359
171
155
354
638
719
221
105
171
93
2637
199
38
7960
382
2010
858
145
155
1817
194
660
4017
532
15423
614
376
195
478
196
71
18648
1792
226
98
164
1961
58
788
239
591
716
498
3348
633
797
885
629
174
25401
1995
309
2030
1777
727
816
113
1579
291
1369
2061
5234
235
1561
375
570
123
488
3081
249
378
1655
61
1508
937
1442
865
766
2116
98
648
135
827
2563
308
116
192
194
15060
2084
691
147
83
2535
1122
659
120
1342
59
421
351
43
539
404
53
445
168
144
2190
319
143
955
674
600
44
373
370
441
3042
279
346
1393
325
181
216
167
2741
168
125
6851
120
276
394
136
221
1750
1660
97
93
494
584
2177
223
112
455
203
283
1387
447
285
156
776
1468
781
235
84
102
389
941
2663
6197
874
733
662
163
105
5007
105
95
229
420
256
1133
518
251
101
117
154
55
4035
239
766
1593
1553
454
1115
598
706
122
113
272
154
52
228
191
125
272
130
305
290
992
712
538
2438
973
345
209
1850
289
555
364
679
217
497
2871
40
45525
160
3247
885
419
4251
2042
434
2202
823
130
579
376
709
1446
504
1228
363
169
1519
150
721
103
2707
254
217
1510
31
2701
6693
205
234
2075
302
401
44
648
118
383
79
195
145
216
1251
358
102
20
842
71
382
1157
164
219
1145
318
217
170
13555
642
297
49
229
184
193
754
88
222
904
575
736
4188
207
202
102
4376
5732
86
508
685
69
227
53
204
158
95
1324
321
161
542
46
186
1363
62
759
1662
342
676
2304
103
722
748
3246
178
1519
103
2435
2383
1449
394
1795
289
2720
90
146
661
187
113
558
560
609
2932
327
821
403
118
140
2111
324
39
173
6849
355
394
441
1078
1419
252
943
867
112
580
748
675
48
95
3704
179
299
101
114
3763
803
2676
1175
375
754
157
3485
69
41
212
10844
1978
36
52
6069
1725
485
69
31089
1331
3049
1528
1370
290
57
1262
1454
533
446
6914
46
666
160
593
79
4139
1585
4534
249
821
2603
263
828
171
741
94
181
296
163
610
306
6396
67
108
2101
51
147
419
256
2750
86
3590
349
204
375
9170
1151
154
2252
326
909
54
1831
449
733
2920
70
2067
3481
1831
2099
242
90
442
509
96
2433
1361
1135
241
636
115
211
1324
194
3545
454
93
197
166
553
251
291
416
235
2038
184
74
2563
150
1477
106
198
233
330
3122
1930
279
3874
101
3129
47
1523
3934
218
191
252
543
514
173
377
413
4388
203
138
381
279
373
819
127
1703
603
219
409
691
1583
524
221
286
121
157
853
141
407
962
569
1819
144
2371
1560
789
316
5453
786
135
120
213
280
2040
604
472
2905
905
1950
367
302
192
465
458
866
387
1178
609
310
332
420
331
74
115
141
416
113
106
70
2889
338
200
268
397
283
506
111
73
463
495
165
1310
624
410
142
70
127
90
159
6077
351
872
607
3790
632
3241
28
5121
105
407
410
1012
13660
750
335
764
4671
530
48
7052
15360
448
2491
397
1505
9221
743
384
1292
305
2780
793
1831
583
324
351
1650
47
640
1775
9139
424
3226
215
529
1745
98
861
36987
409
2641
1228
460
1477
1332
246
76
9002
176
500
640
2603
2074
1436
265
67
180
332
137
799
13424
249
78
80
486
645
348
73
1219
169
4637
507
799
147
492
132
895
470
2814
61
402
352
16633
428
438
464
884
102
130
262
280
1362
2882
250
2254
526
72
38
171
142
2062
1123
114
112
227
392
987
268
2220
156
960
249
263
1922
730
124
688
918
411
175
213
592
553
124
193
341
57
283
557
83
117
139
104
1055
137
39
528
297
316
125
1599
417
46
270
3366
49
46
139
2566
243
160
437
117
2537
2401
992
121
176
47
514
1144
283
160
718
63
1581
329
2756
479
277
113
780
125
323
147
71
2358
377
148
1958
223
137
522
589
692
5128
1870
345
155
129
301
1505
134
94
127
84
56
10633
717
422
545
618
53
1244
432
554
237
1412
804
714
1074
343
125
1086
1379
517
1177
675
93
1062
257
113
4819
188
145
229
860
703
148
313
177
1982
102
1343
2643
764
1733
392
167
508
298
2792
776
873
1327
1644
650
259
156
81
111
834
293
3281
79
231
92
610
1958
2881
82
81
2532
253
118
35663
3561
256
273
568
97
11225
52
233
1578
500
415
160
270
302
487
1522
145
3219
740
1325
49
5941
301
492
187
2464
3513
15004
137
4534
418
1445
229
1315
6554
3876
755
544
87
77
94
123
1115
315
430
50
357
6771
84
487
2228
743
265
76
73
795
1804
3595
230
686
75
101
315
921
55
1013
243
234
240
315
1377
3326
354
2133
227
284
2974
232
242
657
359
94
1976
4175
1189
246
1551
639
35
1078
100
19683
1060
599
148
1794
1703
666
3256
1067
6640
75
850
266
76
324
667
422
128
92
464
1923
94
674
343
446
41
813
42
183
188
231
2298
1921
780
4003
244
1745
767
285
1398
121
10096
1413
2790
136
2451
2823
203
211
152
2817
1890
1146
322
634
154
807
3930
3851
133
848
95
781
190
315
470
653
803
169
1320
379
3837
203
72
303
142
1049
257
235
1712
5118
3746
81
170
1755
68
2940
472
200
283
2363
701
427
95
120
551
2391
75
1393
1103
250
7286
252
7064
238
180
2068
699
823
390
990
198
824
2904
3949
8372
10079
2693
5752
396
1175
63
200
85
1127
2681
2335
175
44
91
2153
217
556
3499
87
1290
3784
3230
46
4567
172
297
294
111
40204
460
206
2861
137
2382
802
2017
902
5960
474
34
9446
188
109
150
162
109
300
78
3218
226
44
86
1193
108
268
231
2565
619
2926
184
125
1457
48
551
2885
115
1701
1491
6901
11773
17628
73
1885
1131
37
291
2308
728
5077
84
94
139
1437
64
1212
380
2302
81
593
383
1378
115
244
515
83
301
242
652
8241
246
413
30
417
91
230
812
320
17549
142
203
143
124
420
406
2053
1976
253
155
719
303
1695
664
196
242
470
38
389
202
51969
632
529
818
1860
4914
123
8098
2457
378
631
81
169
1257
94
2205
583
114
289
432
287
67
100
884
848
66
790
76
224
847
2962
438
195
1014
109
176
1634
208
47
41
354
2045
198
98
775
61
1267
220
262
67253
261
1903
299
138
692
1113
400
222
1122
147
191
777
139
387
3891
345
766
2324
291
55
246
117
1473
311
144
220
68521
45
475
338
306
419
4632
1155
878
417
1781
1699
842
929
507
485
372
984
197
239
9449
693
236
950
664
153
449
515
67
3605
5100
660
1098
26
691
299
81
292
902
340
1948
6115
504
132
644
1534
192
116
691
464
4199
337
1834
145
2051
970
134
1637
351
680
130
133
137
1111
867
1697
2111
87
207
2639
350
105
583
163
209
217
177
358
1531
181
1774
693
116
4587
49
1244
51
284
78
280
324
3540
1860
1693
77
82
1680
409
155
528
1685
3619
96
399
171
275
1624
69
758
148
361
392
555
1717
191
7283
2580
318
1533
182
82
885
86
133
162
973
343
826
51
204
15580
82
542
317
161
1128
234
174
178
317
918
259
305
639
7764
543
1680
708
67
549
369
1046
117
7832
22821
512
564
1425
205
1545
602
79
977
452
1570
227
1342
1506
880
137
4037
149
53432
966
1378
1277
1381
47
33
478
96
411
5031
333
1459
3014
109
66
169
557
952
236
4951
955
28
341
997
1637
207
174
303
587
21
62
607
752
172
756
38
1524
162
910
30
171
1695
256
1019
358
530
170
525
534
73
246
453
3565
15754
1263
311
406
1860
154
2774
112
1396
1895
600
1465
408
1931
253
1326
1600
106
1413
68
211
84
699
757
78
755
23507
2914
92
126
191
633
81
75
58
273
274
3049
265
2229
151
3168
127
3617
507
849
4118
125
106
795
193
102
204
301
447
377
4090
248
1028
31
1945
360
395
382
547
1191
3037
967
151
610
223
1176
553
975
1037
485
49
163
96
69
7890
478
201
2377
4174
518
2121
39
207
440
38
1281
986
6580
231
3160
806
614
819
123
2390
1001
3013
209
237
539
214
397
3227
247
485
530
1376
1012
69
86
57367
42
103
56223
297
145
202
312
204
19954
72
311
2295
351
213
45800
2741
8993
3783
184
446
312
2204
925
777
603
111
1882
156
1044
71
362
283
2967
601
529
26
127
2680
5710
566
2627
670
615
378
1164
823
1336
481
826
445
343
2114
246
356
179
323
4630
725
133
84
1643
1472
803
102
33
224
579
381
5801
967
357
545
395
345
487
499
477
36
183
1912
640
772
4118
141
24032
192
1868
696
2987
1607
1573
93
243
67
4240
660
543
90
359
450
156
181
3825
170
10584
5037
699
2353
326
401
729
396
2630
677
799
413
137
324
1749
229
3387
92
1051
283
970
944
2294
4851
270
1209
23
2207
55
28
79
3976
1521
66
204
240
233
339
1946
158
1050
714
467
728
111
525
288
13003
799
2355
105
2800
320
7772
1663
222
236
336
407
1246
218
349
239
5304
264
264
117
196
213
341
2490
209
248
110
220
116
6497
87
267
97
62
395
2584
881
570
887
70
1173
129
1715
100
1310
365
176
5306
98
57
2879
410
100
139
112
433
242
516
540
2163
132
39
258
1770
3087
3014
108
436
249
1669
338
445
388
221
1128
2641
1569
676
666
538
295
3758
91
702
610
93
316
359
915
1088
1355
99
199
679
376
547
625
106
2447
77
756
1397
108
2075
74
265
92
496
523
52
1328
271
118
103
2421
76
136
115
77
2073
83
422
150
1812
1285
154
30
2613
46
85
225
282
315
458
428
598
4182
528
3873
391
630
388
793
107
2125
174
247
229
280
3649
167
890
692
1396
783
6899
1212
218
668
135
185
128
18022
1976
619
101
1024
446
2192
339
2097
5678
891
150
498
186
1501
59
2297
121
488
1059
688
189
86
169
479
2331
531
127
192
13966
1408
141
1867
6475
1284
1481
447
542
290
271
45
347
287
219
1651
105
3482
3703
4384
808
359
4433
188
466
566
253
878
104
577
199
871
1277
107
481
167
2241
243
6817
2304
2113
442
524
2295
87
316
219
137
318
1670
1872
1801
562
683
1499
897
98
5939
171
1390
602
1099
3015
1289
495
340
1666
914
1566
530
1526
2038
370
534
1162
3599
6575
291
349
231
3307
99
882
2952
225
339
838
2908
140
2557
144
420
1618
355
418
6443
3361
300
106
510
752
375
789
105
1233
465
272
231
281
457
721
229
6546
729
54
281
1335
4816
64
239
2176
70
6294
3666
1564
4085
153
175
816
2267
209
3410
82
239
587
517
1223
144
1155
429
3742
129
1255
8356
901
1334
41
141
273
259
795
63
20851
6679
128170
1031
62
2082
2763
124
643
295
832
2317
3047
240
175
1016
47332
737
271
505
267
80
525
520
969
4543
286
7742
74
1683
122
109
256
695
2649
1560
1890
103
1670
1595
303
4055
184
1739
1887
969
430
84
268
159
541
1797
1545
837
226
1655
967
523
1932
1637
56
909
1230
1234
730
182
646
491
1998
869
449
185
232
636
128
1313
225
443
3510
277
1461
655
4166
1274
1525
436
2308
396
1140
3796
622
9816
601
83
49
336
36
110
1383
2454
262
708
4993
2035
344
326
62
142
94
1942
4174
2050
819
110
310
575
135
726
221
573
93
3083
54
1857
355
214
194
1531
104
50
883
61
229
1725
2096
3411
665
70
963
445
270
104
221
90
643
110
3112
95
4005
198
240
296
1086
525
2222
357
609
776
494
2397
1747
709
1035
2604
68
6403
232
58
504
458
151
60
61293
382
510
1603
148
611
54
31523
869
1192
74
128
104
34
2649
135
615
1697
993
1852
541
339
239
1172
2888
816
323
383
699
45
200
155
1847
20
111
672
36
181
1472
387
218
117
60
128
1884
6075
628
58
4277
123
183
923
127
203
51719
178
1529
542
888
549
1143
80
221
359
1807
524
224
2499
1496
169
103
900
601
864
1229
742
3740
2439
7308
367
804
1983
513
254
167
257
566
295
2977
827
301
206
9644
97
649
213
156
1024
272
2186
177
343
164
147
90
2998
89
84
756
52
515
957
50
663
1344
607
6236
2124
524
521
165
135
1403
195
4081
472
68
6479
3280
1594
168
283
2274
409
1971
435
1395
4177
1979
999
128
152
174
1057
660
1203
484
1108
479
56
6395
1958
381
688
148750
335
3193
140
109
1831
842
712
1756
171
1245
2560
34
442
2931
1261
758
379
865
631
949
1398
70
207
1161
325
306
63
979
5373
63
361
364
170
1669
117
230
1035
1328
576
809
291
1381
1561
167
667
76
1164
309
58
1947
72
308
592
274
1320
354
365
914
136
129
3489
3248
692
3351
201
474
508
48
1084
180
5126
5376
77
4480
608
2323
594
41
93
638
121
442
267
4205
213
150
702
615
555
1015
319
184
58
865
435
72
2324
1571
208
88
4563
764
518
524
70
157
191
69845
594
2127
182
74
94
3157
437
5778
41
239
598
310
675
198
5550
3084
186
566
49679
168
789
57
103
711
138
247
131
59
176
216
501
256
63
2280
1620
868
1822
59945
148
1368
35920
4096
335
76
2935
4294
55
6023
1122
169
970
410
55
390
7475
339
190
111
73
1638
636
183
3031
194
1142
387
1108
405
406
99
410
6368
2510
189
618
4798
366
322
393
552
25
116
3324
1601
1526
2272
3399
5056
59
704
1126
338
478
188
490
737
2301
193
499
246
375
271
15991
531
563
581
164
3289
22763
543
277
4739
567
544
1199
196
1510
329
205
579
93
132
577
256
493
212
30358
253
2473
331
1852
295
370
751
4800
604
609
1552
190
275
171
292
365
313
195
111
896
599
965
550
191
45
617
8154
261
926
936
116
300
823
1090
2216
131
2236
79
59
122
538
10268
965
386
913
136
519
2034
65015
1641
853
322
609
124
58
197
3039
79
145
910
155
3209
927
124
274
389
303
97
398
217
736
1437
203
628
951
252
78
1565
798
273
94
254
90
2229
198
34
1553
549
1020
3931
1428
1309
459
373
1449
788
797
36
2803
183
246
545
269
146
401
226
3520
951
306
1679
594
89
1627
47
779
76
593
206
108
88
425
107
2000
106
110
209
71
644
1335
768
3039
1852
171
186
1525
368
78
490
138
2645
179
370
83
828
376
1102
2060
49
721
861
51
70
32
1857
3732
195
74
14865
5928
1227
433
373
141
133
1773
1373
549
153
1048
189
284
116
531
1198
294
725
305
138
1019
492
79
38
282
6631
1747
782
172
53
660
2768
1180
528
6813
98
148
59007
427
804
1518
67
1706
1417
231
294
1608
664
180
105
1570
725
1219
201
283
283
191
477
528
124
15750
8056
285
508
196
230
2220
1544
3596
147
401
247
268
78
559
566
1003
1502
235
264
269
213
648
105
223
304
107
148
62
377
1106
370
83
2005
267
9250
150
1057
803
508
210
58
153
672
287
78
118
154
3152
6198
163
4140
135
292
282
264
641
838
837
444
127
796
247
50
53
964
573
437
399
382
272
1560
6599
361
16370
220
177
504
183
958
140
1448
98
3350
170
7879
538
1932
553
521
72
2367
614
684
129
99
1189
143
248
116
52
317
511
261
6866
1716
1073
477
1139
3756
336
998
335
71
2444
149
204
163
1972
220
4979
471
859
56
472
69
56
204
296
77
216
3537
516
3747
42
1800
173
47
479
705
84
172
352
161
111
2087
327
506
3360
153
182
2476
61
483
2638
1169
118
159
2904
747
1688
221
189
128
87
41
5619
628
532
71
715
191
157
1043
76
2742
137
4798
1695
109
309
69
736
202
580
63
81
250
377
134
2137
836
77
368
341
320
618
1115
321
1422
231
1088
320
2410
5546
255
189
1181
79
338
3065
217
282
270
2372
421
741
52
911
199
64
1449
47
1016
343
2256
66
1172
12918
1726
1842
563
536
611
234
120
446
1252
3477
2630
101
139
341
766
250
172
125
33
119
1286
241
315
196
255
432
471
300
201
173
112
855
4869
977
6772
86
607
2046
154
1116
8556
3713
1120
1201
527
7894
1065
1280
779
264
183
71
206
3242
38064
467
1842
5706
2181
467
413
101
112
1769
250
11690
82
114
1126
3369
1891
191
318
113
19278
814
624
434
1810
1046
4961
243
1515
34199
390
72
682
2036
1877
95
5810
270
1637
226
974
3023
2915
2980
296
1081
124
1656
93
77
1353
281
3768
279
32
935
992
1738
987
450
120
572
50
39932
241
1244
447
1060
390
1547
11654
86
395
8199
186
359
1643
510
138
1046
186
344
2074
623
3915
279
104
100
1067
439
168
507
182
78
297
2606
459
339
104
80
133
2110
1540
342
1209
156
721
598
54
471
893
320
3023
727
191
6037
1036
58
183
71
35852
355
183
1339
79
646
131
114
3756
952
492
292
69
10611
224
237
318
775
2361
4149
302
64
490
1856
1724
500
12735
743
164
787
56
269
68
459
256
1012
53
593
2846
882
172
47
255
1938
925
83
1562
91
133
3806
192
103
551
138
3570
1360
6082
203
62
132
307
470
927
267
103
470
123
2208
644
59
1764
92
234
1385
11771
107
292
247
2289
50
258
350
371
160
269
3362
2683
386
628
121
119
2231
62
1356
556
87
2568
50
1494
1273
1430
65
5953
2180
1647
592
547
1683
55
94
266
621
720
1535
51
139
388
225
110
86
3114
92
433
2808
282
10259
654
1948
232
24
1353
517
146
131
1771
205
4119
3880
191
129
46
111
394
768
2846
3502
447
1362
284
296
5101
113
743
1108
244
719
429
245
169
143
819
76
2470
506
116
175
171
969
3115
2842
314
4432
660
1507
265
278
2214
283
415
218
959
175
227
41
1472
362
571
616
86
882
568
747
93
462
34
157
70
576
1150
301
198
78
80
2432
778
352
2545
1929
145
449
8227
291
124
502
1498
2092
104
230
212
343
1153
197
75
2019
819
1384
140
2211
162
194
100
2200
1242
260
502
1625
1041
2687
174
1864
330
911
402
400
1896
29516
949
639
274
926
315
145
352
111
3030
173
66
102
2839
168
951
2100
576
182
1907
991
341
1880
171
46
308
480
85
1546
1337
1588
3762
1257
1689
839
366
110
96
1032
344
2697
88
952
490
3018
240
142
600
3215
1171
2869
62
982
968
138
87
120
65
662
97
4338
744
62
1051
1060
161
4190
151
213
4365
419
784
815
1219
798
299
1393
304
2203
42
363
1109
435
4993
347
44
687
158
96
569
1401
933
648
949
236
173
52
59
1148
898
87
321
201
206
94
130
551
990
170
2582
476
190
2007
449
465
57
1946
767
722
860
166
326
131
78
154
374
504
129
1824
184
231
211
140
712
547
391
1778
276
222
267
284
208
2599
201
238
139
1210
939
2019
1302
7184
121
526
93
1469
702
1833
57
500
5470
92
163
116
207
4289
1892
2685
1016
1149
7623
132
183
66
7937
452
4330
792
2187
525
5012
498
1574
551
828
6892
207
1421
1605
1351
2200
2378
665
434
1183
2188
1303
182
1884
282
23
613
574
434
84
299
272
910
349
74
59
246
4253
128
1459
685
2060
170
282
849
451
325
154
98
825
98
287
22714
1848
3397
81
722
1901
557
1345
3905
44
861
446
189
128
2022
60
281
40
663
107
1971
182
800
1023
471
156
88
54
451
141
32
3263
468
287
52
5296
3696
125
261
139
627
4830
1137
564
94
212
2047
587
180
846
313
197
1034
368
465
4432
520
220
284
2754
368
612
239
1984
583
12117
149
142
124
112
126
54
2447
355
206
63
620
2609
1927
2816
1384
227
421
3231
3932
5634
381
948
412
140
3986
534
143
3355
108
1662
687
1149
300
412
619
2373
150
3601
102
484
889
2948
1231
203
775
3339
432
42
1643
424
4441
157
1259
91
299
2723
128
18
896
417
298
684
175
265
1532
260
511
329
142
187
169
358
250
1626
1643
2674
111
2752
2667
618
339
126
1472
551
1359
93
528
1647
274
1283
816
321
315
244
387
24312
9112
33109
3783
484
1489
284
209
4558
1750
1901
96
39
113
660
250
972
104
470
7586
622
77
232
282
305
95
297
1787
237
42
1969
696
492
547
535
73
2750
81
208
76
398
142
225
572
3447
203
118
605
1785
1181
5206
801
702
377
1439
282
2270
211
473
1336
2175
212
1689
4284
1081
1138
289
655
968
1525
137
3831
107
1259
225
96
290
3276
45
1110
99
757
67
427
1055
227
1720
60
1376
471
925
479
529
1417
126
100
625
809
171
192
215
158
982
2015
1065
264
622
200
2268
971
174
711
939
1851
724
3114
173
317
663
311
1303
158
3538
277
202
2128
537
372
72
218
280
103
582
732
1979
2433
2620
460
1685
169
986
237
710
1547
279
2300
851
262
116
1334
266
270
48
3853
1836
235
145
1796
315
317
495
369
81
497
443
41
129
135
1198
427
369
973
135
589
4805
72
216
505
1781
288
454
3629
122
652
728
345
43
886
960
153
219
301
109
610
148
777
185
112
911
280
1441
1348
523
164
170
985
684
687
311
110
970
74
1535
233
8405
265
197
340
131
150
1345
133
427
330
1147
306
546
58
492
438
212
46240
69
1875
311
394
70
942
3041
1241
591
328
1660
860
1070
1011
401
709
397
1912
141
438
244
114
302
1663
191
3643
3821
323
88
621
173
528
1146
202
229
6201
3552
191
242
354
829
636
25910
601
193
108
612
1808
65
145
235
491
129
253
460
325
1181
1829
531
109
59
5842
908
924
190
774
162
153
3009
5411
3685
88
2560
77
111
5766
101
1243
187
1152
1068
149
3539
134
4182
491
136
301
8279
190
236
1763
1941
679
1538
10503
30
62
124
152
788
187
1189
1340
1807
21
567
416
886
572
2683
85
330
1608
1971
98
3574
575
513
732
38
1695
234
395
152
592
2992
108660
856
169
2051
529
136
135
72
1216
3257
273
303
741
2265
1959
173
218
37
616
274
879
244
220
240
250
2846
688
257
83
1926
861
3543
460
257
85
1002
172
41
1136
777
2959
77
3135
329
66
3596
1120
242
147
366
925
195
1606
431
1586
285
139
1667
91
868
21686
3323
121
68
315
497
1025
138
142
387
314
194
41
779
852
4773
493
1394
217
98
1542
1090
79
543
2846
397
1697
175
252
1172
2483
2599
128
36
983
166
3338
4298
1460
853
222
3122
821
1539
456
151
51
169
265
492
267
1014
3633
275
118
209
838
194
126
345
212
146
2568
5827
457
3284
1971
251
3520
37671
179
659
134
1263
497
4624
2045
467
7693
910
2773
166
542
114
1372
11503
687
295
290
340
2470
754
473
109
68
2992
143
1354
1405
1704
18
4532
298
574
107
263
226
651
61
75
5870
457
157
151
34
581
78
1489
652
771
653
119
85
954
1458
388
94
244
207
311
748
1372
765
94
1304
140
183
66
172
27173
1858
288
740
72
1339
113
231
1452
709
147
49
3114
191
892
944
2391
1443
2863
97
554
312
3041
772
68
102
757
215
98
1999
3169
243
2512
163
402
3720
214
213
346
898
1819
71
689
12742
10
109
274
187
24601
549
1171
241
3421
257
90
1511
1889
7323
70273
675
344
73
1779
1162
7843
180
245
403
968
45
4660
1487
469
825
168
427
177
2550
526
95
127
2007
1328
328
379
1963
1199
2400
132
622
5860
303
90
484
94
186
243
542
3164
1454
379
143
456
91
5048
399
329
840
103
3773
174
98
172
128
579
280
178
66
424
407
809
101
192
3369
121
425
622
237
138
552
259
3797
74
1339
109
107
66
49
2509
878
38
300
260
117
804
364
1010
64
2253
102
174
60348
233
377
1189
128
1183
1368
435
170
1407
51
120
6225
171
185
66
154
890
166
933
1565
120
7808
795
1037
126
170
124
223
808
304
266
1320
276
526
1655
614
372
99
394
2339
66
290
160
2474
582
319
1635
89
308
2084
454
510
1380
650
482
1093
288
108
107
942
290
924
435
297
531
208
1469
133
137
473
137
200
1570
4983
86
2895
1088
4490
145
317
795
68
3475
163
704
930
450
121
1740
1084
2113
203
133
204
251
258
118
4752
731
1455
2067
144
931
538
1978
214
190
455
4036
1446
151
172
366
190
567
325
974
85
257
963
97
373
309
123
100
1282
541
96
172
766
1257
100
114
581
573
862
771
468
88
1026
238
539
617
306
1334
142
2247
9997
292
806
873
175
55
598
194
4876
143
13769
221
9139
644
395
595
58
7001
373
1551
1686
4312
104
1526
54
189
1563
33364
557
11585
277
8741
1364
116
738
148
120
251
1544
421
2569
137
649
360
5034
839
75
450
591
156
322
286
1613
2371
107
164
1137
234
335
1139
105
498
165
4590
733
79
68
2192
1641
1481
1998
1787
186
2631
3470
44
2144
1981
159
8361
757
730
313
307
440
31
3590
1432
944
342
1350
777
3195
4500
116
245
13300
69
286
218
703
90
1039
114
175
2664
4904
204
1380
14894
176
2365
161
99
46297
3028
489
453
52
112
88
176
127
1102
100
777
615
104
1167
103
5261
143
194
323
137
267
2098
639
297
5438
1189
786
561
2055
979
680
105
2921
345
3102
1756
170
707
233
265
150
131
2796
395
1296
619
320
245
1961
285
93
83
2331
88
1946
966
92
242
6079
375
122
3720
118
920
166
5905
999
306
1400
164
96
1187
501
451
616
285
754
205
69
2082
372
261
