-11
10
5
4
-25516
301
78
-226
-209
-11917
-9
-24
0
-11
61
1776
35
39
223
-31
0
-177
-124
-6
-14
250
13
183
8
-177
-3
8
-47
25
-49
-3
32
140
119
-8
-18
1261
-10
-1
0
1
-13
5
-5
276
-108
2729
-2
212
0
-1
21
-30
12
-8
-5
-8
-212
-50
-23
7
16
-20
9
-8
11
-2
-17
29
29
555
16
-597
4
-10
1249
92
71
117
-401
-2
84
32
66
151
6
-79
-13
-1
100
-14
-266
3
16
469
-3
-30
-230
969
-9
-2
-48
2
19
-7
-184
17
4377
3
-17
8
-4
-10
-46
5
11
-194
305
-43
-18
2
42
-44
8
-1150
-19
604
98
146
41
186
-8
51
-7
-61
-801
1
-78
-291
-23
4
-4
-116
-1
2737
-126
5
-180
23
6
-26
-2
85
-92
201
-40
20
15
-39
-113
-1405
-11
-26
-3
3270
55
-7
-8
-148
-6
30
-355
-6
355
-14
14
-5
64
5
60
-16
-628
-43
-4
-33
31
-15
-13
-21
-70
11
36
-84
-3
423
-5
0
1148
-2488
2
9
-3
-92
23
-140
3
44
-12
-11
-37
-1831
-276
-284
12
12
2
-24
58
10
-32299
-57
-454
6
-2
-44
6
133
124
-1
7
-8
-49
-42
35
-15
-3
1
-9
2
15
-1
-212
-1
-20
3
-67
6
124
1
-880
2
107
14
-34
7
-1
3
52
149
-55
126
-28
-665
-80
-34
89
69
16
-10
-3
-8
28
-32
13
-30
0
-8
-22
-264
0
111
-62
9
72
-42
5
-3
-36
137
-25
-104
-93
490
1161
546
3
-14
44
1684
140
14
-79
-24
-1
5
8
-547
-215
-65
7
3
116
469
25
0
4
151
21
1
-62
278
6
1
360
-172
1
-22
-6
-115
-350
-492
-50
38
94
-695
24
-100
12
-23
43
55
1
31
-904
-29
-2
-1
214
-8
11
20
-11
923
27
97
31
366
-563
-297
1
57
7
2
-1
66
-47
1
-31
-85
-10
5
-5
-12
3
-33
-1
-16
103
-133
-103
-2
31
-33
7
4
1
-9
-149
42
-31
48
-43
-15
-31
-30
0
-9
-11
-227
1
73
5
31
-19
34
-51
-2
13
-20
119
38
-69
40
-4
5
-1
-6
9
13
69
-22
26
36
-28
72
-5
13
18
775
184
4
-11
5
-70
-110
7
24
922
11
69
4
-40
3598
3
8
16
-69
84
0
46
3
-35
-6
2
-15
12
9
137
32
25
-3
-6
33
102
-9
20
15
-28
-3
-4
1116
1
475
-18
1
8
1
-19
1107
-45
48
-25
-246
17
-39
-16
6
-11
-20
-1
-1
69
-4
59
88
-13487
19
121
-12
0
1
5
1
-20
0
1
1
12
-33
128
9
179
-2
-25
-19
-1
34
-5
3
-1788
2
226
-4
4
12
-412
151
0
67
746
-55
-5
-6
-10915
90
232
-12
-269
30
-8
-892
52
57
0
-5
18
-206
-38
-26
-21
19
-24
-1
-15
0
-153
155
13
17
30
-11
21
15
-2
-63
-1
338
-481
1
17
-25
851
-3
6
-7
-15
-29
-5
24
41
39
-691
-5
1
-7
0
5
17
-13
-257
-1811
92
-1758
19
10
-3520
2
5
50
-51313
-3
-48
11
18
3093
5
-3
-738
-235
17
-7
5
34
-25
4
-13
-11
5
1
-825
45
-4
0
-170
-39
7
16
-2059
-51
-14
3
-1
11881
-278
-367
-10
-11
225
114
-10
-5
419
29
-52
-2
-25
-132
-206
12
-254
-1
-1
-8
3
55
-11
71
2
-1459
-183
51
-10
51
1970
1118
-60
-9
-280
-150
-8
3
6
-28
80
4
-4
43
-99
-43
11
-14
-66
78
-569
-50
5
137
4
18
-18
221
3
-14
-223
-1
7
-290
-85
-3
3
-13
-96
-17
4
17
2
-191
39
6
-37
5
15
-482
-5
2
11
178
-150
180
-13
964
-12
-17
5
-36
-111
290
-7
3
974
-194
23
-10
289
32
16
656
-26
28
-46
5
-47
-7
-1419
-3
130
-109
31
-20
-10
423
1899
817
7
6
12
21
50
183
-5034
7
-6
3
-27
-17
3
1
0
2
34
6307
30
180
-3
4
33
-30
-28
275
-113
-7
5
65
0
-839
87
-800
-28
-49
-4
-58
10
-97
0
209
2
4
3
-19
-23
46
122
6
-33
84
5
-11
1
24
-1
-19
0
-65
-10
776
440
-56
-350
1
-194
779
91
18
-416
-595
-146
4
8
43
2
2158
5
21
3
256
-28
701
-119
-510
8
-107
4
174
-12
13
27
47
-6
-25
-909
-159
-49
356
-19
62
-63
34
22
-10
9
24
-1
5
-116
52
26
-6157
16
-9
-69
-4
6
-3
4
-107
-183
0
30
-2
75
2
2
-34
11
111
39
-197
-147
73
0
-8
241
-6
-225
-32
-3
-36
32
-5
-61
-100
-10
-347
10
-1123
1188
10
67
-2
268
-6
-120
-4
46
-41
51
150
-491
-279
-8
-129
-8
1
-526
21
905
5
283
-755
-12
-10
52
-70
-16
-4668
16
-4
-6
44
-40
3
-43
-1567
5
-7
624
-8
5224
-5
-268
36
-9
-15
-16
50
11
-1
53
-21
9
75
21
-155
-101
-87
18
-9
6
2237
1
2
-53
198
-12
22
-1
63
-32
572
0
2
12
384
7
4
3
30
1
-1179
1233
-3
2
16
274
-67
-2
-3
2
-573
-591
7
82
129
-166
231
-71
-4
-13
-134
-1036
-34
234
-3
-801
-14
31
-169
-210
601
-106
-731
-280
11
-12
-10
30
-5
1
384
124
-28
-17
3
-55
111
-81
-244
-43
24
-224
106
5
-1
73
-12
-3
14
-17
-41
-3
70
-17
-12
-6
-61
32
-7
-12
-70
15
1240
-4
137
2
40
6
-230
-1
-14
489
5
-138
141
176
109
411
15
10
0
-3
2
31
31
97
-472
-41
-300
18
-36
-126
-21
-9
4
23
3
-93
81
4
9
-76
3
-8
-33
-830
7
-49
20
-267
4
-4
1
130
42
0
-8
106
-5
0
91
-107
-1692
267
-9
-17
-14
-31
3
-13
-4
9
399
-382
45
-12
-36
331
36
-41
-8
44
-20
173
-39
34
-16
52
2
-6
27
-4
14
227
-19
10
-1
45
-245
-35
-5
-8
-17
4
0
-48
-10
22
1
-21
5
8
-1
14
-1
7
594
0
-62
2
565
6
-28
13
1824
93
1
5
-140
1
-4
-5
-150
19
2
25
-130
279
-17
23
-88
8
5
-62
-62
11
-1
-77
655
-12
4
26
1
81
-6
15
6
-1
43
27
46
-14
-471
5
-1683
49
1
-5
-276
-3
-24
-10
1033
-1303
-16
48
2408
-14
1
13
-27
-130
4329
-3
-2
13
-1364
3
1652
-13
-14
6
-5
-107
-49
117
-5
3
-2
33
-3
-364
56
483
171
29
4
-65
-5
11
164
-3
-249
-36
-40
5
-5
-13
-15
-12
-24
13
108
174
130
299
31
-607
-1835
9
1
122
11
-63
-1
1
-1
-204
18
498
-21
-15
-11
-179
47
-193
141
-3
9
-12
3
246
-19
-3
-22
-42
-130
1
-106
-25
-10
1
1634
-6
8
-108
-50
13
860
-75
75
0
-33
437
-16
-179
11
719
-22
-7
677
-6
13
-75
-2
-46
0
12
-310
-11
17
17
5
32
-16
-134
11
-8
-280
2020
23
104
-116
-62
-7
10
78
23
0
80
-3
162
5482
544
-44
-261
60
780
1245
4
0
-11
-9
405
-15
11
18
-194
-103
45
1
752
-8
-33
1147
4
22
-1
-11
117
-7
8
0
-4
-12
-887
9
116
-85
-214
-13
25
-34
-32
-304
-1850
1462
-276
-174
-3
61
138
2
860
197
-182
57
-20
-1
23
1
-68
1
10
-159
-28
211
734
0
3596
44
12
-175
-69
-65
4
146
-38
-6
-11
-1097
1880
-11
-226
52
-49
38
-30
-6
234
-55
7
642
-64
-3
24
-1484
-679
-1
-51
-6
147
131
-444
11
-406
-5677
8
91
11
-52
-591
116
18
13
62
-3
-3
1
-25
43
-100
-9
2
2
-683
60
-27
20
-1247
-22261
-23
1
2
87
94
-8
22
-4
-17
-3
-19
52
11
18
-6
1899
4
87
83
-43
-33
57
-21
-18
82
-104
35
1613
900
-105
66
-51
-9
336
160
21
429
-2
-64
6
8
-260
10
-2910
15
118
-12
761
-13
-74
-23
-944
-36
4
-3
-124
36
1
1
-15
10
-813
6
-9
108
-10
1
66
50
-5
350
2
-1715
382
110
-156
12
17
-1
18
-889
5
41
-75
-1
-1257
-129
-351
23
-16
-24
627
-1
0
-5
5
220
833
-316
79
15
-794
-26
92
506
71
1106
156
-5
-103
669
-32
41
79
89
-2
1327
0
148
-5
-29
17
-32
23
-2
19
-6
2934
0
84
-4
728
-2
2
-2
225
2
502
85
-1499
0
1005
25
5
-308
-61
3779
-77
118
-17
7
-19
-9
54
-41
-41
1
67
58
1
-10
140
-1
-187
0
33
224
19
134
26
2
87
16670
-29
-56
-110
1
20
0
49
-52
-49
-7
-1
269
-2442
-477
6
16
1
-2
27
20
-1
-14
59
3
-87
-3
-13
-11
-2
-160
23
-7
8
0
-10
5016
-531
57
0
3
65
-248
6
45
-380
104
-62
148
-8
-8
-13
-17
-1305
-2
-1007
-82
124
-27
-38
35
-132
26
-103
-11
-2
-4
-445
20
-2
-1
24
517
6
-6
-376
3
19
1
5
-770
-131
-19
-2485
-12
185
-54
-3
13
-8
-5
-79
-9
2
-108
-182
2
883
1504
42
5
403
-22
4
-14
-17
2
11409
43
64
-488
-135
-27
-33
2
-45
-62
-19
40
-226
26
-53
3
-1
4
3
-17
-25
7
-9
-13
67
17
-19
-15
20
-3
4
-799
6
-17
-42
-27
-3
88
-1064
-1
-678
-12
-2
-5
-17
-6
9
-11
-11
-12
138
29
107
-17
-168
-6
183
-6
27
0
5
65
114
-5
3
-1
-15
947
-49
1
0
-8
39
1159
1
855
1155
-34
14
-3
-1
25
96
5
-1
6
11
-20
-27
0
-4
62
94
0
-8
-21
360
-7
1665
-19
135
31
577
51
-502
62
16
-189
-790
8
-1249
3
392
-12
32
-45
0
-40
-2
-33
-3
12
13
-5
67
-16
750
1161
-3
13
19
2
-158
7
-31
-289
-16
-14
35
27
19
6
-91
-9
-16
10
17
-473
17
-13
-1
18
-4
9
-1800
-252
164
-2
37
21
111
-3
100
4
11
124
0
4
-28
0
-30
3
709
-170
0
-19
20
-105
-11
-3
-36
1
14
9
-8
-213
4
1496
0
3
13
68
7
1
-5
-1
-2
6
-18
-5
86
17
-3
0
43
72
5
183
0
-12
-29
-17
-10
22
6
509
-18
-4
74
21
28
12
14
56
140
4
2
0
8
55
-170
2
-45
-16
9
6
-1
2
-23
-18
147
9
35
3
-4
94
-5
-24
-228
3
3
-551
14
-14
-3332
-402
-55
-90
19
4
0
-1
298
-52
1
-113
0
-6
-492
-7
18
125
-139
-3
-40
709
0
8
281
41
-35
14
7
53
6
27
64
-115
-3108
4
2
5
161
9
1
-2983
2
98
108
-56
-481
41
-24
-215
-29
-35
1061
-64
-2094
-211
-101
15
76
18
-6
-3
-4
62
-480
-282
4
14
7
-1581
19
28
-665
60
5
13
-2
438
-9
-26
62
191
23
-17
-1088
-4
3
-7
2
-9
7
15
-69
22
-87
-2
1332
-98
2
166
455
36
151
213
-349
1
-2
1
-509
1
0
-36
0
115
36
21
-239
77
702
930
2
-18
-152
23
30
-7
-58
-223
-78
74
5
3563
78
-20
-11
-104
-2
59
13
57
64
-1269
-7
-1134
157
1
8
-48
34
-397
23
3
13
5
111
1872
-6
-119
-56
-246
-68
-37
-94
-5
320
-28
228
-328
-7
7
-1
111
-1
138
7
-20
-7
6
-1841
4
-29
12
-498
1733
-451
-1
-3
-5
19
126
891
-6
1214
4
6
-4
-6
409
-30
-9
292
-1691
-58
3
-78
-8
30
-133
-166
16
-162
2377
656
1
492
0
-24
-13
20
-42
34
-133
16
-1
-14
1
2
31
-208
47
270
-281
558
5
-50
89
15
25
1
-54
938
-126
-1
19
-194
279
17
8
1
-1890
80
0
-6
-145
-4
122
13
9
13
-155
51
5
-59
4
318
-249
-272
6
-16
4
26
0
36
3
10
-1431
-15
3
-8
-1
-2
0
0
3
-32
333
1496
22
-15
-30
4
94
20
-350
12
2
4
42
47
-66
7
23
62
8
-3
9
1
11
161
105
-9
-142
17
-43
-48
57
14
-9
-16
-194
54
213
-12
63
0
-128
7
74
11
-152
12
24
-16
20
-46
3
0
-1
-2
4
39
108
668
16
60
-11
0
5
-2
4
-17
10
-18
-157
8
-280
-3
0
-11
-6
-503
-33
52
-40
8
30
-130
-13
-5
-652
19
-21
0
0
-8
-34
-17
6
962
6
4
-2
21
130
1121
-19
55
-1
-17
-184
480
11
-37
-472
-719
96
145
36
-36
-161
980
1269
-127
-6
1
5
1
-22
17
2
-27
-85
-3
-4
-3
194
-7
4
-109
-3
-17
-148
-511
6
25
151
-294
-3
35
-24
-13
-4
-128
-87
91
0
-25
23
-80
5246
31
12
72
88
42
-103
1383
157
-7
-9
-8
-254
7
-10
-6
1
-45
-7
-47
25
7
-14
316
-424
-120
-6
167
3
-10
-38
-205
1241
280
-487
-16
3
-1
1
40
4
160
2
352
1
-20
-130
-345
6
75
-1
11
9
104
534
-33
34
-4
-305
-2
50
78
2
-40
-1
-9
-7
-71
-84
-4
-547
-20
-34
-48
40
5
43
-146
6003
-54
-2
33
-13
-91
-3
-66
4
42
-73
52
99
292
-43
0
-12
731
-3
-8
994
-19
-28
1
-75
1
-35
401
-19
95
-17
-43
-38
-22
2
-5034
2
23
-49
10
-11
57
-152
-1966
6
-15
-6
187
1861
32
111
2
-1
167
6
-71
-216
-1
1009
482
-14
0
512
79
0
-7
21
-40
-9
-11
-4
-9
81
-4
-7
47
-129
-56
24
-10
-5
-12
-15
-35
737
-3
-35
86
-14
-207
-27
40
1
673
-14
66
255
-147
7
0
6
-2
19
6
136
-135
1
348
-3
4
478
-16
-721
-481
-1888
-58
3
4
-69
-10
515
211
-6
578
0
70
137
22
353
-33
-2
-5
-279
3
99
12
9
-146
-565
-135
-99
-50
-299
-6
-220
-27
3
23
-61
-2
0
23
149
-126
2
22
-129
1
31
-12
19
-1
4
-19
129
-360
-343
-36
142
87
37
137
-198
-2
-78
55
-2
-23
6
-504
232
1
-10
1276
18
-19
-3
-3
-205
-274
-20
1
118
90
17
-53
16
-2
-29
18
-90
9
134
2
129
0
-18
-3
-16
83
213
-14
-161
1
6
-20
2
-22
19
-18
2
-5
-47
-30
879
11
3
6
121
48
-1
73
-2
-17
7
6
12
-107
-97
2
52
-42
668
-325
-89
6
1
12
1
-3
5
-173
9
-24
72
20
-423
156
-7
10
-1575
-25
535
375
-6
-228
-5
5
-298
2132
92
36
235
318
-497
-124
38
-51
-395
-36
-57
-68
463
-15
-1340
-998
-95
-79
-26
-6
-37
8
48
-47
-15
5
-79
66
92
-11
-188
-29
14
9
7
38
6
-19
16
-4
-11
-39
4
-19
23
0
1051
9
-57
85
6
-3
-37
84
3
-22
-2
9
-9
351
-215
-122
69
45
-102
-150
-12
-244
100
-132
34
3
-2
-154
212
0
15
157
-195
-107
318
269
-37
81
-2
-199
5
280
855
-17
36
8
1
3
7
22
-8
-264
-45
25
176
-34
-4
3012
-2
3
-1
-3
33
-11
2
3
178
30
67
13
-10
8
1
2
-81
19
-5
92
-7
-23
458
498
28
-7
-30
-5
1
29
-65
-13
-63
-27
-9
2
-947
-149
6
5317
-276
3115
24
-2931
1
-31
130
190
3
55
-20
-19
113
93
8
0
63
34
109
25033
-268
21
-12
-59
-18
-519
35
5
16
-282
56
-2
-17
-7
645
68
0
5
9
45
-72
-386
-546
-1
12
2
7
13
2
-10
-97
-143
-68
0
-16
-650
5
1399
12
173
-14
-47
-15
3
-248
233
18
3
1
-36
2
-2
17
192
1
8
-4
12
219
-1
-22
-350
-128
-12
1
15
-14
63
2588
35
-16
1321
-211
1
-14
-26
-967
-1723
5
70
4
-4
150
-1
-111
0
517
8
22
-28
63
-171
-6
-11
1
-4
349
617
-36
15
414
145
-34
0
4
-27
-13
13
-1458
239
2196
-140
-11
-1105
61
-59
14
471
32
-10
-213
-30
54
-159
5
9
684
-79
5
-4478
372
5
397
-11
-16
-3
4
10
-302
29
112
575
-5
0
-12
98
-1034
371
5
387
-8
-11
0
15
3
-13
35
-1534
-10
-112
-271
0
-9
20
-101
-229
-1
-21
-2
21
0
781
319
491
6233
-1
0
611
399
-273
-1
219
0
62
-20
-333
636
32
-39
-105
-32
-48
473
5
4
82
-4
43
-108
43
18
11
6
-1
11
156
-4
-1
11
12
24
17
-35
5
-472
-2
-485
-10
19
-33
1
0
-90
-12426
-2
828
25
3
-13
-15
-2
2
9
6
4
-9
1479
-348
821
-28
274
-420
75
-114
-4
-651
-80
11
-81
412
356
-3
-5
-1
1008
-7
69
-73
3
24
10
7
22
48
240
-24
477
-238
-593
-58
-377
238
-6
95
166
-41
-193
-58
75
-69
100
-1
26
-54
0
7
-583
-2212
-178
-12
-11
87
136
180
31
-28
-9
64
176
-3
-83
-5
1
-8
0
18
1
0
-1188
-10
6
16
-91
0
-7
-185
-3
-33
3714
-4
605
-5
88
23
221
7
-1844
18
94
-5
22
-9530
-52
-683
-12
125
-8
144
193
-6
315
-1416
18
52
-4
-3
-28
6
-1
22
-68
-8
-82
-2
-1
-412
0
4
-2
7
-70
12
-159
3
34
27
30
-1611
-56
33
9
-1017
-3
-65
-246
-12034
-259
-26
4
1593
2705
98
5
3
-18
-4
31
262
-1
-207
-28
-1368
21
-699
285
4124
2
693
-9
52
-101
-1
41
-16
36
14
-2
18
-1
4
-3
-1
-153
8
12
-12
12681
-2
0
-20
-28
-7
40
-8
36
2
-8
4
-19356
-48
913
70
-1067
-23
-1283
749
-7
57
-12
-20
-42
916
-6
-3
-229
240
-265
13
11
0
60
12223
-6
14
-15
-9
1
13
-5
16
-2
5
-13
-24
-1088
13
-32
-42
-4
0
-39
-31
68
1624
3
3
271
244
12
11
-135
77
12
-3
12
4
1
-6
4
-14
-2
-170
3
95
461
154
-40
200
-16
485
-11
81
5
-75
-29
-184
-19
83
-86
5
5
-6
-18
-163
-323
-110
-367
-2
648
-2
-6
27
31
0
-7
-2
-47
22
1
-125
-179
29
-45
-37
25
113
-7
-356
-4
-13251
0
481
-35
-704
-281
-2
-5
6
25
3
2
-8
1
18
-78
-120
406
-24
186
78
2
-813
9
67
287
-223
-12
39
279
-8
453
-8
17
-6
15670
-39
95
684
-39
77
-3075
4
4
36
10
115
-5
14
13
13
49
1258
46
19
2
270
68
-480
-83
9
-8
-4
-6
-29
8
-424
-4
35
248
419
2
-12
6
-44
-498
5
-491
4
12
25
87
17
-30
18
64
9
14
447
11
-6
-72
505
-3
-22
1
-3
8
-66
-15
-1
-4
-3
33
1706
9809
-2
-470
110
-1
-2
-497
-76
-18
-6
-6
2
-305
7
-88
1
-3621
-7
13
52
-10
-2
65
-23
253
-485
67
-20
40
-1
0
-36
1
61
-37
23
-2
843
96
20
1
432
10
13
6
1
8
19
21
-26
-45
974
-31
-37
15
2
78
-237
9
230
7
-20
368
-4
923
144
184
-13
760
55
-1054
9
135
-245
-26
641
17
11
224
-3
7
80
-343
32
28
-13
-302
-3
-6
-5
-88
18
0
0
2385
-43
-162
27
-28
143
-31
-1
809
-23
5
-16
-10
-11
3
-71
-7
8
1
1
3
0
623
2
-1
344
-30
-43
-9457
-4
-3
2
15
-2364
25
-184
299
39
1
-21
48
-3
-3
257
-151
675
-41
1090
5
-27
-40
103
39
6
4
-14
1
-30
-390
-189
-251
-313
64
-141
1254
-1
-5
-11
15
-381
-108
-6
16
8
-125
4
-303
240
23
-866
539
26
-88
-512
-259
0
0
433
-56
3
-16
7
-141
22
481
-484
-29
-782
-3069
-15
-18
1
-37
-1378
31
-4
-16
5
-3
-6
-269
-1
-2
10
53
-20
2
-108
51
13037
1537
-30
0
-52
-175
659
-21
-206
-27
764
-2
-125
-13
4
72
12
43
-9
25
-5
4
22
-23
39
249
4
-432
-6
619
772
70
-161
225
-1
-6
5
-63
43
77
31
-7
39
2199
9
-14305
1
-70
-1189
-26
-8
-16
152
-2
-23
-2003
-27
45
94
-42
-194
-24
-18
19
-19
-1
-38
312
8
-193
-3
-64
-2
-21
34
-34
-1
39
-10
-9
-19
-16
-2843
-10
95
-1
-12
-788
-2
-6
119
111
18
9
211
69
28
-18
771
-34
2055
0
-52
1280
3
-18
-3
2
-3
-30
-108
-37
-171
-26
31
-3
-3
52
4
154
179
65
479
-59
450
8
-40
-437
17
-48
12
285
-57
426
-27
6
-77
-13
25
-77
-6
494
-2
79
71
-5
313
9
-2
-2
4
-488
160
-1185
71
-4
44
-2
-18
1
-5
-70
17
-1
-357
-178
51
-36
6
-21
-15
-99
-49
-1
49
159
-77
2
-4
-1
9
-4
-41
177
25
-902
-5
-9
72
17
3
-18
-80
-1
-309
28
10
-2
3
-5
81
417
-30
-98
4
-2
13
-2
-40
8
13
-2
3
1
-8
7
8
-128
39
656
328
-8
-19
-25
3
2
-17
1211
-3
-2
105
-7
-53
7
-11
4
-42
25
1
-15
10
44
0
-2
2
-22
0
12
36
21
493
-111
-5
93
4
223
24
24
104
-163
78
8
-5
-18
743
166
69
-174
-6
2
165
53
3
-6
7
-51
-28
-38
-119
-680
553
1028
1
-58
1
-2
6
1089
32
-1482
3
-1
20
-11
-6
-5
5
74
200
-1279
-60
7
5
33
137
-74
45
-296
-1
-7
-51
0
24
162
-16
-26
-9
5
13
8
-53
-538
-153
-1
-34
40
-45
-18
-665
461
-13
-2
25
3
15
333
37
12
87
1991
-109
-10
-10
-10
73
-3
-5
6
-1
-4
-5
6
-13
350
-44
-39
3
-3
-2
-3
-4
0
-103
0
-91
6
4
6
2
-6
13
0
-22
6
-18
-1
110
-242
36
22
-83
-15
-7
0
1
-20
-26
0
3
46
-2
-28
-44
-4
2
193
120
1182
812
-355
13
0
206
-6
61
-35
13
-4
3
852
-20
-5
128
-87
669
516
36
5
-3
4
-6
3
376
-14
83
-76
232
16
3
62
-324
-28
-35
1115
-2
23
-71
20
-145
105
635
2
-17
13
2
-5
65
16
172
-11
-235
8
-983
1
45
20
276
38
-1
9
-3
-19
4
12
0
58
68
24
2
365
-26
14
0
118
120
-7
-4
5
0
-36
0
-12
-3
-1
181
0
-26452
478
-1
1
640
-228
29
-36
-38
0
-3
-8
-16
-222
7
5
-4
15
-6
0
-1
2
-2225
777
43
-50
-91
-970
-9
2566
-15
-81
-96
-8
2
-3
-1138
-2
-32
0
-245
9
42
-1
44
471
2528
36
-8
17
1
1
74
-2
49
1
-350
92
3
5
-1
-36
0
-27
-486
0
63
-86
-28
44
-82
42
12
-23
9
443
29
-1
736
-2
8
11
17
95
-9
871
1
-2
-62
2
128
44
-7
1
-99
15
-1
37
-83
57
3
-204
32
-18
0
-7
-3
-456
898
6
22
67
-1443
-3
16
-1412
-54
58
496
-493
-14
47
-6
176
14
-7
10
-257
3
38
-2
-3
-13
-420
-69
-10
574
63
-24
-15406
-1018
-1
-22
-42
13
21
763
50
-127
-282
-7461
-6
5
-51
-34
78
73
-50
54
28927
-6
-95
71
98
-10
-172
-54
-779
2
32
1
-58
24
-44
7
17
7
332
-74
4
136
-15
16
-2
-42
-22
-62
-24
0
92
-1
82
142
-11
46
-35
39
-601
-42
7
-18
-49
-63
6
5
18
-2
-1
0
-13
-49
-12
5
-164
1
10
114
-107
3
23
-51
47
-254
1
-10
16
710
0
59
6
-16
-2
21
-1
-18
-1193
-93
36
-13
4
-828
-38
-10
-23
-301
12
1
28
2
1998
83
3
-13
-17
58
313
-15
-10
13
2682
7
648
27
218
-1710
10
-5
1
-60
20
182
57
-2
-39
2
20
-7
-6
-26
-13
4
7
-7
6
469
-115
-412
-5
2
-122
-22
-8
-90
819
11
-4
-48
-9
-38
-17
-1
-9
666
89
-4
-18
14
0
-20
-344
-4
111
4
-16
-657
2
-1
4
-1656
-7
649
14
-10
13
37
8
402
-7
-100
11
-60
-15
-76
4
4
704
3065
22
-5
13
-17
2833
12
-47
12
-19
14
-35
50
-73
-157
26
-137
19
14
0
-56
-16
-46
90
27
8
0
-7
8
-12
-4
-14
-7
-907
-250
2432
53
-2
22
1708
225
-132
288
7
-1
126
15735
1729
-1443
39
1
-22
0
-302
55
0
28
6
23
-114
592
59
130
-105
325
965
-21
-61
-409
-17
488
12
27
539
18
-9
-2
-6
188
2244
25
12
-38
4
-369
-38
-1
331
-120
21
-38
1131
-28
-5
-70
2
277
747
-2
11
56
-304
-748
-31
8
0
-11
-6
2
-4
1
-6
-58
-730
1962
-6
0
72
1874
60
18
255
5
7
9
293
32
-102
43
-3
12
1
51
50
3
-38
225
123
-63
5
-717
-24
20
8
-76
5
44
-320
255
-68
19
16
-156
5
10
290
287
-40
-24
0
33
-31
-38
-45
-79
-1
10
-62
-2582
39
7
317
-10
-1007
-53
398
599
8
9
3
-60
203
-489
-5
0
37
-275
-27
5
184
-16
123
-22
-1666
16
13
104
12
4
-763
-49
1683
37
-43
-253
174
-37
-6
-9
-152
-242
-219
-12
-1
76
281
112
2
170
4
-21
-152
70
0
-26
-674
-10
-26
53
129
1
-44
210
8
8
-1366
-1346
-329
-17
-58
26
888
-33
-69
-248
1609
-34
163
436
3
5
0
-124
-61
-6
1159
-9
-8
-27
-29
1
-2
-1
-45
0
11
-14
-3
13
-15
0
176
-1324
62
-484
-10
-18
-26
-69
202
4
20
17
-98
9
-2
-413
5
0
132
154
-110
23
16
65
17
-1
-50
-108
21
332
-44
-7
4
-1779
34
272
86
1
-503
70
-1
-6
-7
-5
14
-2
11
-10
-22
91
22
37
2
34
207
-14
0
-168
57
-22
10
-5
41
-180
-11
-1
12
4
-3
-450
1
42
578
51
-79
-7
675
21
76
-17
11
-64
3
15
-424
-7
39
104
-1611
83
-131
0
66
11
29
-6
8
-1074
-120
14
-551
1
1003
3
-3
-31
-172
15
21
-23
-243
143
2
64
1397
484
68
-192
1038
55
-8
-412
-12
2
-175
1
36
54
0
2
5
2
-55
0
-10
2
-49
12
8
474
-10
-9
4
0
-73
1112
37
-2
417
25
153
-12
-36
2
0
723
-12
39
-46
-3
-372
-40
42
-161
-254
0
3
-9
8
-843
64
-243
-164
-10
-1
-83
12
-2
-30
491
1159
295
2
124
190
61
17
-19574
-7
-1
-38
4
-37
2
-50
155
-15
30
7
-94
9
3
-1
36
-1
-45
21
-83
3
-4
-349
19
93
-27
-5
58
-276
6
-13
0
100
-92
-12
-133
0
-5
-6
16
-27
-5
-3
57
2701
23
-2635
1248
4
14
14
-2392
-20
18
-4
2
-3
6
-264
16
-8
-68
-33
99
89
0
914
32
-31
216
-6
-1
-2
-36
101
134
67
2
-81
42
974
-115
3
-1
-11
17
18
187
57
10
-4
-8
2
-81
-35
-250
-21
6
-21
-315
141
1308
10
-21
-184
-17
1
-24
84
133
20
-25
-47
13
2
5
-1
-1365
7
14
24
20
95
1
17
1
10
-680
37
-9
10
6
1
-1913
6
14
-244
-6
-25
-1
1561
62
50
-1
-1
-641
-1795
-2
-396
1683
2
22
-3
14
369
-496
66
2
0
-1
-18
708
-13
4
-595
-8
475
-2
195
15
-6
-492
26
-6
49
-59
7
10
-43
16
0
-48
1513
-28
-3
-93
44
130
-50
-71
-61
144
-21
47
-5
-5
-3
2
488
-1
25
-43
-1791
1112
-2
11
213
22
-2437
403
-2
848
-74
401
171
-1656
-4
47
-18
-5
6
-1051
-447
86
-31
378
-21
0
-141
9
-382
15
8
-31
0
76
-3
-135
-81
-41
-1
51
34
410
29
-881
3
78
-6
51
71
-169
-121
50
-2
19
-183
-277
72
1
78
-8
1
38
4
0
-19
1860
32
0
-31
-13
-2
272
-37
-108
-107
-21
-447
22
34
241
-955
39
-279
11
-3684
248
-891
0
-7
-225
-4
-334
-2
4
14
-2
7480
-63
-17
16
-3
6
14
-159
2
1
15
-25
1
29
-2
27
192
-1
-28
-25
-62
482
193
10
-185
11
184
0
-13
28
-2
-4
8
-1
35
228
-392
-116
-104
51
37
61
-1334
9
11
915
-3
782
-41
4
1
-11
67
51
-54
29
-3
-118
-24
1
-26
0
-22
-5
-26
-11
-21
6
-14
-529
-9
-4
53
-3
2
0
-1508
61
-1
-279
99
10
5
-1728
-1265
-8
-3
13
42
1
-111
-28
-13
-8
2
245
0
-752
-202
2
7
13
-5
11
-1
87
-1479
0
-1
249
11
37
-504
490
-123
162
-119
-13
241
-4
-86
-558
74
243
39
21
-37
-107
409
18
-2
-11
328
70
-20
2
-87
6
-14
1152
-26
-203
-7
-40
41
-39
246
-389
-20
191
-126
-20
-34
-50
35
81
-1
571
-13
19
27
7
8
66
-293
-11
-223
-84
-2
-37
-312
2
216
129
-1
-3
2
44
118
3
-370
-263
-146
48
-9
-1
262
8
-13
-59
-6
2
-24
348
2
10
134
196
13
751
-2
368
25
127
33
-27
82
18
-2
-25
2
17
-40
-2
13
-8
14
-2
-54
-471
5
31
145
-18
0
1827
-5
5
71
82
33
-5
-3
8
9
1533
-7
-452
-38
-58
-11
647
-8
5
769
9
18
-299
-3
-10
53
-6
52
-247
-59
2
11
7
0
-893
-640
18
23
-7
-2
112
-74
49
0
0
-206
-166
-26
138
5
22
-1992
-182
-23
75
2
-76
-11
-28
5
-10
156
25
-757
14
-34
-104
112
-4
63
45
-4
0
-30
-11
47
96
10
222
149
388
26
18
4
47
65
-20
13
-270
1
-712
-507
-67
-193
183
-3
-14
-13
-108
1
-1
1
4
223
288
0
100
-1
177
18
13
-40
-19
5
774
68
-129
-31
82
104
12
465
96
-959
17
0
-27
20
11
-4
-6
244
770
-217
-2
9
-78
175
10
-6
-65
-17
76
-1
229
972
-2
9
-1
-521
-7
5
52
-1
-6
17
1
1192
-81
214
-141
-657
70
-170
2
-10
730
-615
70
-414
-42
-108
-161
-37
-9
2
-270
-6
-812
36
10
-191
113
2
-651
-24
-1
-497
9
38
55
6
7
270
-2
-8
-203
-460
125
16
8
-5
-637
-27
-12
-183
-374
4
19
-34
160
50
-372
5
17
2
-42
-11
-13
-128
4
18
622
-12
-7
40
-1
21
-14
-11
3
-19
1189
-8
-25
-5
-3008
12
2
8
-1
52
47
-9
21
-4
-5
47
160
4
-19
34
698
25
23
1655
-10
-253
-16
-498
15
-67
-111
-98
26
100
-24
314
169
-5
14
24
21
3
-419
-134
22
240
-37
736
-76
1
68
320
-510
30
-200
-6
-479
10
-26
2
-71
-30
-4
23
-10049
34
-29
425
8
-467
121
-1
-187
34
-7
-5
-219
362
15
64
24
-30
279
-232
-20
24684
1
9
23
3
-72
-4
3
478
-262
-2
-6
12
822
9
-25
755
14
17
-1471
-238
77
191
-1
0
-91
-4
5
-8
5
-10
497
-1
9
-15
1
25
-6
53
-13
228
16
-60
6
-14
342
148
2
-129
-67
68
-51
373
-186
-449
151
2
-46
-4036
-28
-1
0
20
-166
-23
-14
257
1
-509
7
1365
18
-1
16
1
438
11
-73
21
5
-17
164
8
-64
-150
8
-1198
-9
-6
36
-31
10
-43
-3
-85
137
-2
3
0
0
-3
17
-1295
92
880
-13
228
5638
-62
-34
75
206
826
-14
-22
65
-32
25
7
-394
-13
16
-139
1
-2
150
-70
139
-3
-45
-98
-1803
1
46
-14
-19
-3833
-128
-16
-17
-66
-13
-16
140
120
-81
8
-121
-9
-2
116
-485
1080
5
63
-6
0
-51
59
-9
7
0
1
85
-12
4
136
-18
-90
-8
11
487
-74
5
-1127
-6
-28
1294
20
23
-280
-44
32
-19
234
-19
4
21
-67
-1
79
-536
-5
325
180
25
3
-492
-1
-177
33
-4
4
-12
39
-668
-1
-469
2
10
-24
916
-93
2
6
16
-5
7
-255
-15
-114
-1
97
-726
8
0
93
23
158
1
32
-8
-315
-333
-1
34
186
88
11
2
-12
-6
-3
-51
9
238
-1
17
-20
17
-4
5
-9
-748
-135
37
-500
6
-13
-29
66
171
-15
2
14
-1526
17
-17
5
15
-9
-5
11
-6
-9
117
-297
337
-1
-226
4
25
-223
25
-38
-28
-138
18
48
59
-17
15
263
-271
18
6
13
84
11
-1
-12
-7
471
-68
-56
-1
6
10
10
-23
-2
-5
-69
251
-14
4
12
1360
-15
39
1091
-8
150
-69
2
151
-7
53
199
13
-679
-10
1
22
-184
-92
-9
2083
33
76
461
-14
9
-109
0
11
-24
3
45
201
1
-109
1
6
58
-11
-1
25
-192
10
-280
38
4
-19
23
-27
1
41
-35
31
-21
42
-17
-51
-9
20
9
-1
-73
42
0
48
-9
978
24
-29
0
126
-97
16
4
13
4
-1
6
7
-53
0
-3
131
-621
1
5021
-17
-54
1
-70
4
55
67
482
2
-17
17
-20
-1
-9
-14
-44
556
-26
25
124
7
28
12
-26
1
2
-3974
0
1
474
-7
-812
-1
27
4
-275
-105
2
-72
-59
-59
-1644
-8
618
1
2991
815
1
27
-128
-10
40
187
-270
-76
32
-2
-1004
-3
-34
6
-3695
-254
2
9
-48259
51
77
10
-8
234
4
-4
27
-187
301
-315
-8
-9
-33
74
1359
51
-50
-68
-447
-17
4
55
26
-2
43
-15
-70
-23
5
5
338
1
208
-14
5
0
-16
35
8
-179
-71
11
-32
-191
34
149
69
1010
23
-11
-19
766
34
39
2
-10
1
4
0
6
-2
135
-6
8
22
12
-1245
284
201
21
65
-1209
3
-145
-397
-71
8
1794
-117
-13
-14
-22
181
681
-24
-1
-8
0
-219
12
2
-15
31
1
38
210
-3
371
181
27
-51
97
-59
-95
-37
-70
-4
16
57
-10
-52
3
-6
-285
-487
-102
20
-212
203
-277
271
-5
3467
37
-3
2
700
1
-50
-24
27
-10
-19
-8
-140
65
32
29
-40
-535
194
77
0
-519
1
-3
2
-152
3
929
-9
247
19
1405
-51
9
148
-107
-1
-273
4
-533
4
-1
978
-17
7
25
43
-32
-17
-54
871
12
10
-193
-293
2111
7
-32
-141
138
-109
2
-213
23
194
473
-88
-14
-9
-3
-19
-13
100
9
34
-275
-9
4
861
-4
0
-63
27
-1022
0
-6
-7
0
1979
4
-1
-3
-54
-5
2
38
0
-3
34
-10
122
-1
-5
-8
89
11
-178
40
-16
-25
64
2
-5
17
-1
1
-39
-154
16
-54
40
-14
-156
-3341
-3
30
12
63
311
-23
-4
562
8
-50
-97
481
-18
-1
-38
6
39
-15
-541
-51
2483
788
-34
0
6
-14
-249
1
-5
-234
10
-1607
-24
-2
-59
184
84
15
-5
26
-29
22
-886
11
-998
4
-18
16
105
84
0
-29
6
7
-2
-28
983
103
-27
-3
-7
-113
151
-72
2
147
1568
-948
431
1
662
-2
12
-516
446
867
229
955
-20
78
-8
-78
-181
135
-9
540
33
6
-39
-33
43
-74
-4
253
-7
-174
-982
-5
17
-53
-631
5
5
-13
15
72
3
-2
-21
-39
2
4
22
5
46
-9
45
60
-82
52
4
12
-3
4
44
37
-75
-46
-35
13
-23
4
3344
35
-166
85
-68
15
127
6
10
-53
-59
-85
31
912
-1
7
-67
981
-5
128
98
-18
-26
-25
60
-87
2
190
-99
-19
-54
6
-3
-82
-10
20
159
-3
-42
44
-6
-168
-17
-353
25
-74
8
-28
-476
265
7
-1
37
32
-55
-3
-7
8
-7
0
15
-4559
-516
4
262
0
-646
-127
-49
481
471
10
0
-833
71
-118
-147
-21
443
-113
-182
-1
-32
-4756
-3
8
-4
115
-1627
-16
16
344
-13
15
-55
-12
0
35
48
-215
16
9
2
-8
-20
0
1
15
37
7
28
106
-1555
7
293
-27
-1
5
-20
54
5
-3
-2
6
21
6
12
-343
37
19
46
-37
909
1
41
1
-65
-44
0
51
-87
4
-9
-16
7
-19
20
-10
-22
3
84
-26
1531
-11
-1
5
-2
-31
24
-5
104
3
-116
1
-22
-10
-19
-95
0
-7
48
37
169
-40
-480
-349
33
-6
0
55
-135
-5
1
-65
25
1
136
-5
-26
-352
4
238
17
440
27
1016
-30
455
-747
16
12
3
-202
1419
82
-14
-17
97
-140
-50
-98
17
-4
24
-169
6
-9
-14
-11
-11
39
5
38
-117
-9
185
-283
2
-2
2
0
5
1
-71
-7
-2
0
0
-3
-4
-39
-21
-20
13
4
170
-204
25
124
1541
-608
-79
28
-1355
-19
-7
3033
614
-6
-142
17
-7
27
8
-1
85
-19
-155
-323
-843
25
-893
20
-21
-693
-510
16
14
-178
-93
-139
53
-3
41
-6
507
-17
-1718
470
-1
16
-169
-179
492
1
-10
131
30
53
15
-15
-3
-687
-777
84
-39
-35
520
652
15
110
-1529
20
0
12
0
0
195
-3
-232
-459
-548
-10
-570
0
11
-5
-1597
-395
13
-3
33
-46
-5
4
-3
-184
-6
1
12
0
-138
12
2451
247
-6
9
-69
18
-69
24
-530
-25
20
-165
-1
471
35
584
-153
-477
26
-5
-12
85
-72
297
2
-8
9
40
2
-9
13
11
12
331
470
-1
1
3
80
-18
-112
7
-5
-3
295
14
10
-497
-17
-23
-9
-4
328
5
35
286
-182
-212
637
-4
-49
94
1
-41
-38
-140
-3
534
59
-6
-42
78
67
-1
146
118
74
-22
-314
-11
213
4
7
-34
79
-5
-5
-6
87
-11
-2
-166
-335
21
-577
42
7
8
-85
-39
2
30
-7
-99
1
-2
4
120
0
-31
86
640
-2
-25
16
-4
-28
-5
339
-5
116
-16
166
244
-4
77
5
-8
-316
-58
210
21
-1897
-597
771
-14
-7
-9
-20
203
934
1
-41
-1
-26
-6
110
-62
59
3
46
14
73
5014
16
436
1982
-5
-15
299
4
550
-20
50
37
-69
0
213
-12
69
-4
0
-362
-75
-33
74
-6
-4164
16
-17
10
-202
23
-112
17569
-45
104
-253
-347
-5
-20
-1056
36
-270
28
-342
6
1
-5
21
-1059
12
-34
7
-22
-55
51
1
12
-3
152
78
4789
-400
-929
-9
1
7
-43
13
-18
4
-570
-1031
134
3
173
52
43
629
353
1426
-2
-47
-1
-23
-5218
53
56
-43
161
4
2
-13
275
-6
513
0
134
558
-325
2
-10
-2
17908
-30
-29
-4
474
25
77
51
-1
-1019
-20
98
-102
-26
165
4
167
0
-20
-52
929
-1
-30
-2
-1
-7
4
48
-2
29
-1
-18
475
86
-643
2
485
-1
-13
187
119
-55
60
-3
-110
-336
4
-904
-15
-5
-67
0
1268
8
-1
11
27
2
41
4
79
-2
-980
3
225
1
-1
-70
18
31
406
6
41
49
17
152
45
-10
-54
8
-1
2
7
50
219
5
2
-22
0
212
101
-192
-5
1
61
857
846
-25
-256
-106
32
-4
-137
-18
-38
3
-239
-13
-4
278
-16
-5
0
0
-194
37
12
886
165
-2
-10
55
20
33
11
-1
177
-12
-59
608
-453
123
123
-6
74
-9
115
-79
23
-12
6
-48
1324
54
378
14
665
-51
39
245
-15
-4
1014
-7824
83
3
3
-607
241
-91
2
-1534
-775
-159
106
-14
109
2547
-6
-2460
1
-2
-59
-2
-24
131
-819
-458
52
-165
8
34
-3
549
-13
-43
1176
-516
-482
-38
-1829
-762
-722
0
-63
-5
87
7
-640
27
5
-2
72
1886
1
19
8
-37
782
8
0
-16
-647
-3
650
-6
8
-796
299
36
-8
-5
4
-7
1434
64
6
1464
19
6
-32
-2984
-59
85
221
-37
-205
-12
-12
-4
16567
4
48
-1
39
-483
9
56
-497
-24
15
15
3
-45
-8
4
21
14
13
-1
-215
-2
-63
-630
1123
166
24715
810
-32
-497
-20
-5
664
-2
1
-640
56
4
8
29
-482
-1
111
140
5
23
171
411
2
-26
874
30
-1
-8
-9
4
-41
4890
-27
-1
12
31
-70
19
2
-431
27
2
-13
-134
6
-2
-645
666
-3
-135
489
-2
-66
-18
-11
0
18
6
-737
-634
-69
-4
-1440
142
14
-11
19
553
9
28
10
-58
3
38
7
1017
-1244
22
247
-8
13
54
-26
8
17
-2
-1093
19
58
-6
41
-98
-40
90
-42
10
255
69
-4
7
96
15
161
-19
-6
-11
-4
33
2
138
-17
-13
-17
0
167
-1
101
741
9
22
114
23
1
29
-45
15
1243
95
20
-39
-3
12
110
-487
717
2
-14
863
-8
1844
-76
-4
-37
961
31
253
219
15
8
6
170
3
2
4
2
15
4
5
32
34
23
-2
-108
-101
12
-405
633
-14
606
-9
24
-5
-154
-53
58
-113
-589
-12
72
-1
415
28
-4
829
-262
-2
12
4
1
19
1078
-55
-17
-20
-6
-272
-14
468
-3
2
-8
36
4
-327
-6
-6
-301
-4
-10
26
2
113
-285
171
-6324
143
-176
-74
-68
0
12
0
-10
34
-34
1
27
-52
7
-11
66
-18
19
-110
-3
48
5
-28
24
570
184
-15
-457
-18
-12
-27
82
-4
-455
-682
-149
114
111
95
72
12
2094
-43
-1
36
516
1
-4
-74
-40
14
6
-172
11
-1
184
1915
-266
-831
-1339
-9
-31
8
4
-2899
-48
-736
23
17
466
-30
59
0
-32
0
0
-53
-40
9
-37
-85
1508
-51
-6
207
-19
-14
-49
604
-3
7
-93
-3
3
-12
7
8
518
-2
510
167
2406
14
3
237
12
-472
-11
-5
-16
6
-19
41
-1
-59
-87
321
-202
6
-157
44
-10
16212
3
40
20
-7
-4
81
-196
-66
-20
591
397
-1
12
-106
0
879
-1
2261
-5
21
989
-4
-4
7
266
0
7
-2
-16
5
11
345
-33
-1
-187
99
4
-1
0
0
75
-169
318
6
32
22
-229
48
-206
-3
70
1075
35
107
34
-26
-68
-21
-82
199
-2
3
-72
-20
7
437
18
-1
1
-3
5
4607
14
-40
11
-26
59
-19
-74
160
-194
1031
-5
-9
13
20
-15
-15
23
114
8
71
-43
154
-22
16
-176
3
-4
-211
62
1188
-1
2
-39
-1300
-12
0
-1
-504
-25
5
-1
-1
-61
-901
-20
3
1
-9
-142
114
30
-5
-49
93
-6
-24
-3
94
0
-424
-583
-183
1
4
-1316
67
3
214
-312
2
24
4
17
1
-16
-2015
-5
415
31
5
0
3
-10
-7
-4
-51
0
394
-190
-24
17
-756
-2
-18
0
-3
-1
3
-77
-50
136
78
0
-2
51
10
78
-1304
-10
-155
40
-23
5
160
6
-12
-14
4
-3
-1318
-472
-7
-63
-10
730
0
4
-6
2
-10
-288
8
1
-20
-9
-2
-14
7
-36
113
10
-25
-73
-34
-17
-124
-7
2
-3
20
70
67
1
-8
-337
-1
-610
-1086
39
-312
1
-755
-35
144
-8
-7
7
-511
317
-111
-16
-9
56
263
22
230
26436
-19
-150
1
0
-22
-39
20
321
0
829
-27
-2
21
-1
-1
-149
-7
-3
-13
55
-14
19
50
-46
40
19
6
-1358
-10
147
0
24
6
18
56
783
1413
-11
-409
-2
51
0
-9
-1
8
-4
217
5
-4
3
-75
-8
1006
-13
31
-17
118
-118
-9
-5
-60
-103
0
9
36
79
-6
7
-73
211
176
1
-3
10
20
-1396
15
-68
95
-4
215
8
102
15
-65
-9
-5
-208
47
-6
-622
-2168
0
14
8
-15
100
-11
2
-14
-29
-22
21
-3
15
-560
10
-27
-12
-5
45
70
2
-121
2657
-280
55
16
1495
-106
-84
6
34
-15
-191
-2
-684
-6
-156
-12
-15
129
-749
4
16
10
0
-20
310
4
0
121
-910
482
1
-10
-82
-246
-33
63
-16
-2
2
119
-18
-2
-16
-29
14
-17
-3
-64
-27
-265
-7
35
-8
12
337
-625
-75
-37
-108
52
11
-103
-467
-18
261
1
-115
-198
9
73
-114
-93
27
-777
52
3
-373
-15
61
5
325
31
-25
9
50
-12
-23
-115
90
36
3
-8
57
-152
-131
2
1085
-2
73
8
6
1
-1
4
-25
1
2
140
-33
-1
17
85
24
0
249
-26
-2
384
310
3
1
-41
5
52
-6
-3
7
9
64
34
1141
59
101
28
-2
12
25
-64
-66
12
24
-14
-442
-4
-3
40
2317
11
-134
-12
0
32
55
-163
175
-20
500
-32
-20
-4
-307
-10
5
-1
-160
-26
19
78
1
37
3244
199
-10
16
152
35
0
-6
48
14
4
1074
-3
-190
-39
-8
-14
480
-688
-1476
1533
-145
-21
-485
-107
25
-59
166
1293
-1945
-45
34
-20
-72
2
-9
-6
-366
-2376
21
-922
-241
-5
-1
13
-5
-451
-210
-43
-203
-44
854
-3
-6
-6
6
2
-10
185
-3
-26
103
-49
-5
1
5
-36
-339
-33
90
-1830
-14
-1
14
-3
-53
-86
-35
152
-56
61
-1
226
-6
8
75
-54
-191
-141
3
-139
69
7
4
67
47
3
510
201
22
-27
113
12
25
-16
-1
-139
7
-7
11
61
-91
417
-7
-425
-5
-851
-2
-239
2539
39
-118
1552
57
-53
104
82
172
-747
732
-1
16
-3
-215
28
-32
25
-45
15
-284
-8
-1154
-2455
-35
14
2
-721
-108
-219
103
39
63
486
170
48
3
-33
2
-12
-918
-8
3
97
2
-5
10
-2
-2
-777
-13
304
2
1
-39
-3
89
-48
-272
444
76
48
87
5
218
21
-3
3
-2
13
69
0
-33
-7
-2
6
-10
-113
74
141
-5
-71
432
230
10
-4
0
-146
-4
-46
-124
343
-298
0
4
-166
214
-16
-90
-56
-2
-622
-132
-17
-221
-23
14
-5226
-18
4
0
-17
-28
328
7
-102
23
-6
34
6
-650
1
569
-1
-9
-57
-17
74
-146
-1450
49
-2
6
-30
1
1
19
-10
347
47
43
17
-2
167
163
80
2
8
-175
91
35
-245
42
44
122
7
0
-30
4
-1
-122
-1148
-3
515
91
-693
-3
2
-481
22
-87
30
193
22
25
2
6
-42
-1
-349
-18
2
1281
4
58
-98
41
0
-4
-589
-98
31
-96
4
-57
-9
-10
-193
145
0
24
4
32
-1177
-347
-275
18
7
82
84
21
-9
253
-3
-130
-1
-47
-807
0
881
14
7
-37
0
5
-844
-237
0
88
18
2
3
1391
1747
13
-18
174
40
35
-139
-6
-20
-22
-10
31
-4
-4430
-8
-20
7
-20
-76
52
-3
-1197
-1034
-10
-46
88
3
-328
-2
-82
-11
-11
-558
-46
163
54
65
-2
-6
-13
-13
-553
-9
-1
2
1
1
348
-166
-727
-1313
-9
64
-31
-14
-47
81
21
1468
-17
163
-42
1
4
48
482
338
34
-656
16
-870
7
54
2
260
-5
-37
-102
-19
-38
-11
-65
-1
-143
575
2
48
-31
-4
-13
-51
-13
1
31
-6
-145
63
-9
39
8
17
6
-104
-241
15
59
49
-190
-6
-285
16
17
11
0
0
-1
-9
-2
18
1
275
1
-79
-142
103
-21
85
0
200
-27
576
140
9
2
-10
11
-7
76
22
-795
18
87
-259
1
-20025
-18
-20
6
305
3
-42
34
-532
11
5
19
-211
-1423
0
16
58
-16
18
-1201
-3
-66
-6
82
162
-151
-3
1
23
6
-2
-7
72
2
-497
-1006
-1
12
1
-6
897
48
2545
-15
-6
-20
-5
1
-62
4
-219
-123
-56
1
0
-1
50
1322
-767
-15
-18
-8
22
6609
10
-124
-92
-2
-17
-1
-8
10
25
-3
216
8
15
-15
-3
-273
-845
-63
72
-94
9
-23
-5
14
-1
56
-14
332
1
58
-108
133
4
-11
4
-84
23
7
-199
610
-1
30
50
13
265
424
7
244
9
122
105
173
-3
7
6
-10977
-7
-215
-12
-267
-1
200
669
-10
1258
4
-253
-33
-5
10
294
1
1557
50
-172
33
-2
-49
-17
-108
-496
-1
722
-426
19
-20
20
397
42
13
-1
8
984
-12
0
10
12
0
-1
-5
-15
-1137
2
0
21
-23
-35
-2552
7
-370
-1357
-78
-8
3
4
2
108
85
-335
-8
-127
-23
5
45
-4
-173
-1323
-3
0
9
244
-34
1
-2
139
2
12
52
2
66
-139
22
-7
-13
16
-10
1
-35
-59
9
-6
-90
6
-5
5
37
13
424
1
65
-3
-12
-1362
461
11
-1
38
239
116
536
-434
92
-6
9
-1
-72
2846
-8
-66
8
-2652
-541
-1
4
189
-16
-52
3
-11
47
72
3
24
325
-4
-108
-258
481
-127
58
-40
-35
-1
14
66
6884
12
225
-24
36
-10
-20
-1
3
-94
0
3
49
-10
-11
-202
-508
40
259
-33
-105
1187
52
-17
16
-51
1
4
-1804
0
159
61
30
-24
-704
1
18
0
-9
-14
-138
-17
-15
10
11
0
-64
-870
99
12
-3
159
-617
-14
42
-2
-265
39
-13
-276
0
8
7
-93
1
496
4
-459
18
-242
1
-181
-6
-33
-2
2
25
-692
77
8
4
58
7
69
2
2
9
-17
7
13
-36
4
-2
2030
-18
238
51
-10
31
353
19
30
-15
7
-8
34
148
-12
-139
0
47
-35
88
-21
-67
-14
24
-9
-2
206
-2
30
-82
-4
-4
5
0
-44
-5
90
9
2
-3
-14
-166
0
9717
-35
10
-31
1850
-2
21
-29
-21
22
-93
486
-342
-820
-30
-641
-12
44
105
8
20
-7
24
-15
14
11
-339
4
-206
-11
-17
-69
59
4
161
-4
-3
10
5
16
538
-28
0
216
11
-3
10
-5
27
-179
-1878
13
-2
267
-30
21
852
2
-10
-272
-12
4
-390
50
930
933
-25
-6
-108
736
2
-5
-143
-66
-13
62
439
-1580
2
749
40
-6
37
13
579
433
-20
118
217
11
-520
-2
45
-37
24
1
7
-10
2
26
-901
-103
-1
-11
-68
-8
-1
188
171
84
34
-15
-47
0
-452
-424
-147
13
-10
333
-6
4
300
-7
229
-1452
13
-11
1
19
-22
11
-19
-140
59
-246
-806
-102
-30
1537
234
-194
496
86
-3
-20
0
-1135
6
-9
-18
33
3
73
65
-15
39
2
-69
-17
-7
820
-11
-34
-6
73
6
-72
-3
-115
265
-1
5
74
19
0
-145
21
3336
41
-8
18
120
-16
-24
260
22
-20
122
-4
12
72
-1902
-56
-231
-9
9
-853
-188
-4
-129
5
34
126
-11
20
-116
2
3
130
-5
2
-47
6
3
8
-20
497
0
-13
0
-13
-53
-22157
-857
-6
5
-96
118
-27
-1633
82
11
-3
-274
6
398
-10
4
-14
631
612
-16
5434
27
-134
-12
-36
2
2567
702
-3078
408
-94
8
-14
-2
1
-2
9
-9
-41
55
-55
832
11
0
-1869
8
-69
-2
33
4
-15
-4
221
-7
-17
-28
-1
24
31
-14
-18
2
2952
-42
1704
-12
8
-40
-3
-65
8
9
217
10
-112
-1
76
-10
13
-61
117
-74
8
-147
-230
55
-2
-271
6
-70
-108
20
4
-2
-28
559
-32
-193
233
1116
63
44
-33
5
267
-1159
1915
-1460
3
-32
-149
0
1
-14
-12
96
11
4
-32
42
-98
32
-1
110
-668
-141
45
2
-227
2
2
-234
24
-24
14
-40
-22
4
227
-79
-7
-50
2
38
-3
434
639
-6028
92
-33
-1457
-1
-1
4
18
3
1
89
11
117
4
-379
1092
-82
-4
630
26
16
-13
13
-106
23
5324
-6
-40
5
-35
-11
72
-12
237
-17
6
-3
5
26
5
-20
-8
-6
-1801
554
-45
-191
-134
-46
-98
2
1064
192
-37
112
2
-7
1
-663
2
-4
182
80
739
-14
-286
7
-41
8
1914
305
-484
6
-32
-2714
30
3
-21
-648
-34
-38
9
190
-111
-27
-2
17
-143
-181
0
-13
1639
497
301
19
-631
-31
25
-12
-31
-566
-63
-8
-251
865
1831
22
0
-2
228
-20
-1
-5
-816
-13
-111
783
3
-323
-471
-3
-17
-157
-29
-43
2
-241
-325
-9
-7
231
-136
3
101
58
464
205
3
-597
-82
124
-37
0
-191
-98
-5
-6
-4
-228
1
-519
6
-3
-7
-283
7
50
-19
6
-3
8
-21
-112
-124
12
3
13
216
15
75
226
12
-213
229
-5
-26
14
-26
8
-29
-13
-46
11
-210
9
23
-42
-19
-18
4
24
2
-405
44
248
17
-29
4
7
-1702
1
58
-249
-139
-3
29
15
27
2
1
-13
-150
-3
0
-179
13
262
109
-11
-2
8
73
26
-15
-11
-22
118
205
650
93
-507
524
-4
506
-9
217
-47
-3
182
-1138
-10
-153
-75
54
-13
-1
-4
0
7
-33
-13
-147
-5
169
12
-695
-27
11
-12
-12
-9
-6
-31
-21
6
2
633
1
48
-12
3
-37
1242
8
57
-151
15
8
140
184
62
-4
3
15
428
77
18
4
-16
-435
321
76
98
-1
-7
-15
120
189
6
15
-3
-88
-2
-54
21
-7
-131
186
-105
0
-85
-134
-30
-2
1
-18
-6
-4
44
-1
27
-14
309
-190
-664
-4
-2
18961
31
5
11
-50
1
-417
-301
5
-684
-9
624
-19
116
-19
-915
119
-46
524
-81
2
62
408
3
-481
1
1120
-4256
10
993
-24
-147
112
7
0
-50
472
469
-22
-8
-6
13
0
6
16
2
-112
2
24
-8
79
4
0
-37
44
488
8
1
61
-11
-1627
-8
2
-22
16
8
-6
2
-1
0
15
14
-8
-25
6
1
-26
-33
-18
0
-7
-16
-3
-32
-25
-16
134
108
11
14
-42
-6
-149
47
-54
1
22
1
-320
-33
-73
449
430
-1
0
702
32
-3
-70
7
5
-4
7
95
-272
212
4
-12
1
7
101
-34
-24
68
83
-10
-194
23
-12
-3
1649
-13
-36
1
1
37
397
9
-1383
-9
406
-431
-480
11
-9
83
-56
21
-68
-10
-6
701
4
0
-441
-15
-2
171
495
-103
164
-11638
-5
-1
-8
-2
175
-6
35
-28
-4
1955
-5
2
21
211
47
3667
-2
-64
42
-78
-862
2
-15
-202
3
1
8
-21
1
-175
23
-4
-27
852
-76
-24
-5
51
-22
-8
-12
-20
0
-48
13
5
2
-101
10
-98
573
26
-378
-15
35
18
-22
-899
46
-51
294
-4
-1
-49
-15
-1
-227
-3
105
46
14
81
851
9
-7
9
-46
305
-188
-1386
-3
3
-2
13
-40
239
35
3998
1
799
1
-39
-763
-2
-298
-17
93
-6
22
-10
-158
-25
-9
-6
15
-10
-8
-1882
8
80
-8
254
-22
485
88
-6
-10
-92
-10
80
905
1658
-9
-37
-3
23
901
20
-1
-59
-4
-220
55
-193
-23
-145
0
-101
254
101
-412
-1193
-2
-3753
0
1
-99
0
-219
17
-41
-19
-159
2
-1
82
-21
68
0
12
-40
5
-1
6
10
-11
1371
-20
181
43
8
-8873
-3
1
-66
-24
771
-14
1300
15
25
4
-3
3
-33
18
-36
21
46
8
-12
0
-8
-1
-6
-14
-26
7
-10
-100
-2
479
-3
-179
-158
-23
-1
114
25
39
4
-8
56
664
88
177
-100
1104
-1
-411
-5
-18
-4
-58
101
-1
-54
229
-3
-7
1357
-3
-119
2
-23
-1
-26
464
60
103
0
-7
2
0
20
14
-34
58
36
-4
-1189
-21
963
-6
93
-459
35
1
8
55
0
44
3
-16
192
-2
63
159
-977
14
8
1
2
-43
558
-301
9
6
13
25
-1
-52
-53
-5
-16
0
1287
-4
-2
-50
-27
-35
0
12
-4
3
-10
-28
29
30
-1022
-1264
9
-32
-816
-82
4
11
-13
8
48
38
18
148
-5
33
-5
-3
-89
7
-8
59
-10
66
5
7
722
-1
5
-258
24
562
49
10174
37
-120
0
211
1
349
-2
-207
-2584
62
-325
4
2
1152
-10
-12
4
-27
75
-9
-134
-35
8
1
68
-3
94
-39
222
-370
94
728
-13
-214
-7
-72
-182
-2
-1059
-1154
216
-12
-4
-1
6
-20
85
-1
318
4
199
96
-2
-780
21
-56
-7
4
-64
42
-22
-2100
-16
-175
29
283
3
443
57
-297
-5
463
-13
-11
0
1
468
-5801
41
-111
-14
13
-12
-505
-4
-54
1
-5037
771
721
41
-219
-19
25
-135
6
-10
-2
-56
6
0
-155
-7
-7236
39
14
0
557
-1
-8
-1
786
32
-46
4
-14
1562
1
-4
84
198
47
29
-694
-20
144
-11
87
-4
0
12
-21
-4
0
-174
0
-134
86
699
-9
3
17
488
-81
-9
738
8
-57
-62
-11
6
83
-5
3
-185
15
2
12
-13
55
32
0
62
6
96
-5
2305
39
19
0
36
55
-13
457
-317
1481
-4
-66
3
-111
83
-200
-3
-13
-15
224
2
13
40
12
14
0
2
1034
-8
-22
-2508
69
1
4
-25
358
-13
-3
-55
188
578
13
-75
9
-1
560
-100
-66
-10
14
-235
-167
-49
-130
424
-11
-684
84
-1
-168
-369
28
-127
15
306
-26
-8
49
-196
-9
2
30
1
49
166
128
8
100
-86
-78
-106
2
251
4
6
-82
219
5
42
27661
2
-3
-18
41
60
0
-58
6
0
1427
6
-39
-16
5
-7
-80
-7
165
1308
41
-5
-75
8
-4
52
-1304
33
4
7
191
-28
4
0
2
-15
-2339
6
-180
443
-525
-783
556
4
1
-103
-534
-2
4
5
-13
491
29
-6
-36
-2
366
19
503
-8
12
35
7559
-3
39969
0
0
104
-2
-10
15
-15
12
-1
107
-3
0
-49
20
-7
-1194
3
7
3
0
53
-271
24
-6
4
23
-94
914
174
391
6
3
10
18
10
-100
3
-1375
729
275
-349
-909
-99
10
253
-1191
6
19
1553
-459
-11
3
-722
-208
-131
36
-3
-4
17
2
72
-3
9
-109
-89
12
-108
-37
-2674
-3
6
2
-38
97
7
0
-380
-1
-2
68
105
-681
19
126
-27
9
0
-58
25
1655
126
3
200
-97
-59
25
-48
-21
-144
1
-3
-9
81
-403
-193
-213
-3895
198
-437
29
-1
-444
-7
1904
-471
15
122
-576
-18
0
-97
-75
68
4
-245
28
19
-30
5
214
106
-25
-13
-11
-145
42
-228
-25
2
1
-61
-7
-9
-818
-3
-577
-443
-5
-64
0
44
5
-101
1
-1
2
-1
-824
0
-4
0
-6
-57
25
-58
-4
0
-7
10
-1967
-2
-136
2
-476
-9
-70
-39
493
3
50
-20
2238
230
7
-43
-224
55
58
-19
-128
-182
-15
11
-500
-63
315
-12
5
-14
-48
-221
6
-163
-37
4
-4
-9
-560
-4
-58
-414
-1
9
401
58
-31
-15
128
-4
-83
-1119
97
4
2
6
412
-38
183
31
23
11
-437
12
-1
38559
-32
125
-15
-41
-84
42
39
-129
7
7
-67
-1
11
-23
-66
9
-229
-395
-2
27
96
-1154
-308
3
-20
39
-9
21
-62
-18
-9
-64
33
29
-7
6
-2
38
2175
39
-29
633
-5
30
47
1132
-11
-368
-9
-16
-65
27
-1186
3
26
-13
-5
12
-5
-565
-100
-107
-2
-6
-24
-27
0
91
-20
-644
-294
612
6
347
-47
21
27
1
13
-2
10
-4
312
-32
1
-1206
-266
185
-1
1
-69
-6
-15011
-4
80
104
190
-180
8
-19
-85
-55
-1113
-41
-388
-9
-9
5
0
-359
12
-1
62
627
68
-6
113
11
2
-11
472
1059
-203
13
0
5
196
-1
44
-5
-73
-89
-1
-4
-67
-8
-1441
-8
97
-409
-1
2
177
44
3
8
-8
854
261
33
10
-26
140
332
-3
-25
-13
-6
-2
-14
-32
6
-8
-19
20
-13
-4
-16
38
102
-5
-47
23
12
5
17
-1013
4
-45
8
-1
-98
-15
-944
-11
1
-7
0
31
23
179
9
9
382
-622
-3271
-1
68
3
-1
-18
-1
-31
-37
17
-143
-11
-29
9
618
-9
97
25
-53
-27
11
-27
33
-3
85
486
-191
-22
7
4
159
-6
-41
43
-8
-4
20
-4
43
-1080
-129
-125
-120
-11
0
-18
-9
138
73
5
8
-16
-1
-30
-81
31
135
-25
2
-1
-19
1
24
-3
2
-1
-4
6
-10
-52
-203
324
-168
-20
6
-30
-15
-34
8
-2
14
-457
1
8
175
20
9
5
-5
-2
-685
-22
31
7
949
152
4
25
-11
-22
21
687
33
19
32
8
2
-10
-488
760
-34
25
-4
-197
1
943
350
2
4
-25
13
-12
-28
649
7
-795
-7
-3
10
17
-6
20
6070
-1
33
-3122
-15
81
-69
-1
10
-3
9
-16
8
-36
61
-3
1
-41
-143
-3
-313
11
16
12056
5
-468
-333
798
-112
461
-11
-38
51
4
-202
360
476
-38
-3
-477
-1
-9
84
8
-43
9
181
2
618
25
-4
83
-225
4
41
161
-129
-6
-28
948
468
-1
0
-6
-11
551
-126
-1148
26
-525
1
-2
591
167
-3
5
-97
44
-148
-48
-2
59
-6
534
-1
52
39
-53
-130
-115
-11
-17
32389
-12
85
-318
-191
10
-110
2641
-2
0
19
10
33
-41
-17
-6
-12
1
-552
-207
5
2
95
-867
-19
-25
54
-1
-269
-210
4
57
-169
25
1019
-138
-12
19
7
7
1
-209
119
-3
1
-66
16
-79
-2
239
4
6
-6
-41
1
89
1
1620
-93
-4
-340
29
-10
-39
184
-86
1
-32
125
67
16
53
17
273
100
-47
516
-44
26
23
7
5
77
-258
265
-7
-164
-8
26
5
-2
189
-30
-1
-69
-83
36
-116
-13
37
5
-17
9
2
37
-457
-13
-268
4
-14
11
-8
-35
82
-45
16
1
8
-6
4816
-514
6
-485
-252
-3
-20
7
-62
-12
64
50
259
-37
-35
-31
-29
119
41
-11
-835
-132
-604
-56
1
43
8
63
-1
-107
1311
457
-3
183
-6
10
-25
-97
-1
-2
3
18
-479
12
-661
-82
-30
-28
51
-1
2
-138
-147
-42
28
-22
61
18
-3
-352
-11
-19
98
1
22
17
-168
23
0
88
-124
-412
814
-40
43
11
-2
3
-11
-9
-32
4
725
-11
14
-81
-161
-20
-117
25
43
-67
-17
-1920
4
24
-394
7
-179
1
-6
-327
-13
-32
48
4
14
2
-9
-16
39
-1
534
-311
-6
122
-780
15
88
63
4
-68
11
-1
-1
0
-58
0
77
-20
11
-1
2134
-4
34
-50
-11
12
18
300
2
29
5
118
305
73
6
9
567
-70
-4
23
-126
-75
26
563
4
-13
-15
2536
-1
18
3801
0
-122
1228
16
-23
1
-34
713
20
16765
-145
-46
324
-9
2245
-485
24
19
-6
-20
60
-2
-4
-4
449
51
-527
54
49
-2
-21
6709
4
12
-13
-617
7
7
1
-128
2
2
-16
-13
-11
-14
-1
-53
-1
8
36
-3448
238
24
18
-107
-4
20
-44
13
-66
-2
1
-134
-10
90
19
134
9
-5
-4
3106
-201
-52
6
-51
58
51
220
-21
72
-2
279
7
6
-151
-25
-15
10
28
244
-23
-9
-4
4
0
-311
-665
425
9
-2
-173
-30
-148
213
-17
0
8
-2
17
4
245
20
-1026
-3233
11
-3
-203
43
-78
8
85
16
11
9
1
-8
-125
-1
3
-9
-94
-35
-27
-831
75
-12
-32
971
-3
44
-8
-45
-1
-134
-8
-174
33
-94
7
-110
478
-354
10
222
-120
2
-18
3523
-178
11
-16
-16
-4
54
4
4
9
0
9
2
-90
109
23
79
-80
-1183
11
48
-59
-13
-2196
805
7
64
-1
2
18
169
-1
-1993
-23
0
-76
0
-85
1
-715
8
31
-2
13
227
-30
16
4
2330
18
-2
110
-12
-162
138
1297
18
6
0
32
4
102
342
-568
-943
-105
-4
-29
-21
1
-2
41
-6
-308
30
14
154
-17
3
19
72
208
-2
255
-5
299
-5
471
-2
-45
-4
185
102
1463
7
3
92
8
-47
-329
-69
-1
38
-9
-36
-1
36
-10
-4
342
114
18
11
-175
40
-630
144
-123
33
-52
-38
2
-10
23
3
0
-12
-77
-79
753
-27
16
711
13
86
-1
-1519
426
-1
-8
6
-1
-972
49
-28
3
19
7
-3
10
-278
-9
-79
-18
11
80
20
-6
-157
65
-3
10
-21
23
-1
-9
-6
19
2
234
206
-65
-129
-7
-8
202
55
-12
-2
-28
17
-192
19
-26
0
60
-469
-216
-236
3
2
-202
23
-2
-4
-36
197
-41
-55
38
-29
-1
-5
7
-7
-2
3
796
-7
25
-13
-1982
1
22
-51
-7
-39
-2
-1
7
460
-16
-186
824
-10
-1
10
122
-30
-13
444
13
-66
-6
47
-23
-18
107
-4
-775
-5
-1
-83
17
60
23
-378
64
-97
1242
-1
-12
6
-19
-906
-116
2
-23
12
0
520
-1100
-5
-128
393
-312
-2
-18
2
784
158
-46
-1282
-319
-510
0
-3
23
401
-623
-6
-7
0
-1
-6
-25
139
72
-55
106
129
-32
1
122
134
15
92
-10
23
-8131
-86
2
7
216
-6
2
60
2
-59
0
142
-6
-24
108
-26
10
-4
-739
-2803
8
15
-1321
0
608
1
5
7
-3
-7
-110
-22
379
390
7
38
-4
15
2
-19
33
-8
-10
-35
40
-3
-61
31
17
-36
-547
59
-1482
-13
13
24
8
47
-7
12
80
231
-145
548
-1
-9
361
-1
-21
0
139
295
-72
47
-29
-36
-1
1
-66
258
159
87
20
335
89
-79
-10
-2
-15
-442
538
22
13
-145
1319
10
-4
112
-3
-1
-3
447
-51
18
25
4
1
69
12
14
5
-3
47
-2
-7
-2
4
50
10
-35
-26
4
478
3
-6
97
-119
-1
50
-5
-13
178
-147
480
8
1048
2
-53
483
-21
-24
3
-259
-44
4
31
-11
0
-4
-11
-3
-145
23
-622
1
-49
8
-10
69
-189
-72
-35
1
-71
-20
675
84
-1121
531
-5
17
-18
-173
101
-2556
4
-32
-40
61
-94
-559
-52
-310
120
487
0
-7
-447
144
180
-16
14
1
-1
-163
-674
-42
-3
-539
0
-17
3
-13
142
2
5
-8
1
14
-2
15
-13
10
-19
-2
-806
20
21
-14
0
-29
-1
-88
-5
51
11
-101
589
4
-241
61
-87
52
-13
-24794
71
312
33
-5
2418
823
792
11
-17
1
-14
-3
60
45
10
-14
2
69
481
1
-20
-23
-144
-154
-431
24
14
86
8
-33
6
4603
-15
0
476
-292
-3
-1
707
-835
4
-581
-803
-68
-183
193
-27
-7
-4
740
180
-1339
16
-3
53
-62
31
-4
1030
4
2
1386
31
12
106
422
-23
-1
2
13
-320
-83
-24
-9
8
1533
769
28
1
-42
2
-8
-381
-57
-92
220
-1
10
-21
-890
-9
12
-10
33
10
-478
3
26
-167
-28
11
5
-292
-62
3
10
-599
124
98
1
-55
-12
-145
384
53
-18
0
25
12
-8
31415
134
-675
-7
44
13
27
-165
-3
16
-35
618
-6
18
-166
3
-5
-18
90
-2
-135
-12
34
-2
-92
-6
-9
10
3138
-9
-1
-209
67
137
416
-37570
19
28
-30
5
6
0
7
-878
-16
-8
-95
-188
-7
-622
-33
234
32
-267
-7
0
-8
-14
3
-6
28
5
-4
-41
170
-7
-2
7
-1
45
-1575
14
121
11
2
5
70
46
-8
-2903
73
-12
36
-645
23
9
128
-87
-41
37
130
-35
-377
5
-2
-6
-2
-500
13
143
-9
53
-6
0
-8
0
0
-35
1
-5
12
42
45
-1
0
-1135
-5030
-26
-124
-19
2188
20
4
-400
-687
-60
-25
5
-5
-68
-77
-48
57
-49
17
-1
-24
-146
-131
-35
-252
-210
425
9
-624
-25
-32
7
-1412
-424
22
-269
113
27
-1439
8
-47
-4
937
-40
-16
2
6
0
-63
16
-1
282
-9
703
-45
96
343
5
48
-56
8
3
1217
-4
117
-389
-745
327
15
21
-5
7
-54
67
2
142
-6
-222
-2154
-6
25
1
-5
-233
-6
-63
13
5
-147
11
20
-3
3
-15
5
84
1
-6
2
-15
5
57
-1134
38
3485
-2
-40
2
137
126
-3763
-11
-5
-30
-98
77
-28
248
-29
431
-37
-196
4
-115
4
-437
44
-510
11
4
-138
8
-13
33
-125
-11
533
-53
-3
7
16
14
490
7
-6357
5
20
151
-79
-20
4
79
-2
-35
588
4
4
81
-6
79
-251
-1
9
35
-83
-1
-5
11
-40
-14
2
3150
3
-20
-37
-137
28
105
14
-152
-16
982
-14
-49
147
428
-86
349
0
9
-82
-27
-64
5
33
-11
74
218
14
-3
121
-2332
-647
-4
163
-168
-475
16
40
-17
3
-232
-129
2
-1203
-66
-21
-2
4
185
33
-22
-19
-6
4
-31
20
2
764
-27
-1
-8
187
-3
7
-503
-15
6
-5802
-6
-7
80
-1
-285
-20
-152
-45
-1
-4
-4
-35
-27
377
1818
3
437
37
14
-6
176
3
14
597
6
4
-19
518
12
-26
-117
117
6
-1
27
36
-483
-1362
-59
-98
11
-1
3
205
79
-18
0
56
958
2
-607
29
35
-33
-68
-2
42
-38
6
-138
-426
-27
417
97
-8
234
3304
-48
-5
-16
-219
-12
3
9
61
-32
-216
-57
12
7
773
-178
1
1
27
26
-1
104
-826
-17
76
1043
-72
20
-81
-16
-329
2603
44
6
2395
6
-139
0
-45
19
344
-42
-336
-924
-35
444
-22
11
-4
-483
5
-5
-1
6
-68
2
-158
104
1
33
2
33
266
79
1
38
119
-2
283
916
-19
0
-39
-82
17
-42
2
-196
-1082
-3
-20
2
-12
328
-3
-20
1
-1
1
15
-42
-150
44
-2
23
-32
7
31
12
54
-8
28
4
0
29
896
-298
-44
-167
2398
8
-41
967
4
-226
1
355
69
-1
21
106
-4
-2
11
3
-224
4
-19
-25
-272
466
-603
-6
-6
2
9
15
2
389
52
20
0
0
177
-12
-11
24
1
7
-4
-27
23
22
252
-13
8
29
-3
-111
324
9
116
2
247
12
-10
-47
3
124
1581
2
-8
-3
-175
-124
-35
-53
12
-11
10
-3
-7
-3
-2
-8
108
18
-139
-31
-945
72
332
-21
3
-1
-10
267
2
9
-6637
-969
615
-301
-13
-22
7
-369
49
-2
-52
278
-4
15
-273
-22
1842
46
-3
2
-17
12
4
61
-118
7
-76
-15
24
-93
-4
-96
-185
-29
3
2
24
-4
1
-13
116
29
-33
1
-12
-94
22
-18
-2
-23
3
671
89
158
-6
-9
-5
41
9
-1080
-9
2
-1598
-7
56
165
-47
4
-106
44
8
-26
13
222
75
-32
9
4
83
196
-19
2
-308
46394
41
4
-8
44
82
141
1853
-12
-23
75
214
1
0
-1
-19
906
2
141
-136
0
1083
43
-2
-102
98
-67
-5
27
315
-112
-846
8
2
15
502
7
162
4
-1
14
-28
-35
-24
-32
4372
117
380
304
2
11
0
-2
476
-6
-33
-6
-6
1
8
0
-1410
-310
-231
-74
-117
48
-2
143
11
-21
-22
-26
2
-4
211
-9
38
-19
-320
-16
67
-1
833
472
-57
69
53
-2
0
41
5
-2
-1
4
-147
-23
-135
-198
-364
14
-15
-16
178
65
66
68
-2440
187
52
-211
117
8
-303
-646
33
-7
-4
126
45
8
39
38
355
-45
-566
-8384
277
40
28
23
39
-75
-99
7
40
-210
67
-2
4
84
17
-65
-14
82
337
-65
-3
22
22
8
-498
-3127
-963
-1
170
81
11
15
-2186
64
4
16
102
386
47
45
-123
-104
6
10
-312
-30
8
-71
1232
-135
6
171
-45
-18294
-137
-24
227
-241
209
-58
17
10
9
3
-4
-8
13
9
0
-4
15
-8
1
-2
72
-10
-2
-2505
-11
-4
5
6
-9
-216
7
427
792
-52
-22
-164
-7
-4
222
54
0
1
1
18
-20
1
4
45
148
8
1
-63
502
1
11
-274
9
-3
-58
-34
-44
-2
-151
999
1
87
4
93
-68
-145
-32
-21
66
-79
-12
-27
86
4
35
670
-135
2
47
1009
92
-1
-2
80
5
-15
-53
-5
5060
6534
-6
-405
-3
112
-10
-1077
16
16
-3
-84
136
596
21
14
3
-30
-250
-6
-13
23
105
456
-5
-186
2
-280
-270
290
-2
-3
81
450
482
-49
-12
-17
471
-3
-1
-37
1
-27
-35
-17
-199
30
-35
4
32
-62
656
-59
-11
15
-6
3
-86
3
-581
0
-400
-651
-367
-4
3
5
-31
25
-48
-1
254
117
-3
37
-17
-18
-1
-40
38
0
-4
17
-481
33
12
25
-177
3
-11
-4
95
-18
5
-59
2
119
70
21
-13
119
14
-25
144
1
-109
5
-3
-55
20
-307
-193
-32
50
17
66
11
34
-120
8
-15
-48
2
-10
-578
-2
9
-6
45
215
-21
7
72
-18
7
121
-1
1
-4
-268
37
-57
2
-3
5
2
10
1
1
75
-121
-3
-40
9
118
-42
8
653
-1
-29
149
1
-40
13
-195
479
-21
19
-1187
-41
62
15
222
84
-2
80
-1
5
-21
391
225
-82
-1
6
-11
469
226
2
-1
137
317
-38
372
-22952
2950
8
-2
-106
1
-12
16
-1
-75
1
18
12
5
6
-3503
-7
-18
-1133
-1135
-29
-1099
-13
2
-17
-27
50
10
17
83
648
452
-46
-19
-1
-1
-9
28
51
13
-22
0
257
-11
40
-14
52
1
-560
268
-133
-135
-121
-11
-3
3
-16
0
22
-8
4
-113
26
169
524
8
44
-65
11
-932
-60
-26
14
12
12
5
-30
-591
76
-159
0
-47
-2
46
127
1062
119
19
18
44
50
3
2
3
-52
-6
-43
14
3
-49
7
-344
-2
-9
8
882
11
233
488
-6
-9
10
-3
-6
11
-1
22
-3
1
-2
26
1792
4
-32
-3
-5
-53
47
-55
-11
-2509
77
-9
-5
59
93
-2
63
36
1
0
-16
-7
-595
-118
-35
-7
22
-153
-5
-18
-6
8
123
248
-2
122
11
2
-481
-1
11
5
4
-36
1873
-353
1
3
1
-147
18
149
95
26
-18
1
1
-26
-47
52
-248
-216
-11
-15
-53
0
-11
214
-7
166
19
-41
-2
7
2
-41
-48
1342
189
-33
-483
-34
22
1
-2
-9
4
8
1314
-898
5
-864
2
-2
28
172
-1
-6561
0
1
-36
12
5
4
10
678
51
0
-160
326
18
-5
-1
-657
201
57
-111
9
-44
-29
7
-108
-5
-11
8
-48
-6
-39
-38
1
110
17
236
12
-189
355
9
1082
2
-56
4
5
150
269
40384
-10
-61
-33
2
-9
10
80
-20
-16
0
1
-33
-7
1
3
5897
0
-1404
-12
-17
14
23
231
-3
-132
-90
-150
24
-78
37
300
7
-173
-64
803
-23
-5
14
-13
2
53
-45
-90
140
91
-99
7
32
-3
205
7
-18
-22
-1
-19
7
0
-20
9
3645
-639
-6
-15
54
-57
-1
-157
-52
467
10
52
7
150
53
-2
-43
-19
-58
0
-22
1875
157
-19
278
1
769
0
-31
-10
4
10
35
65
-28
-5
-8
6
3
-83
0
42
-233
0
-15
772
5
1
5
8631
148
21
-1
124
36
-1
-1159
2
-11
486
469
31
28
38
-4
-2316
-6
-16
-32
815
14
3
763
-44
-72
27
17
85
39
-37
-3
-22
154
-367
-4
7
10
25
-38
-1141
-3
-3
-197
-10
-28
242
-338
-61
-97
-8
-2
231
66
1
1056
-643
8
-68
-4
-272
-308
1
-12
6
864
-6
-48
6
5
-227
-19
-168
-15
111
15
-100
-146
16
42
9
-32
95
23
-2
0
-138
-9
-46
5
1975
52
187
-3
-1
-131
-193
665
-222
-3
-4
5
1
-39
-32
9
-3476
20
743
-12
-11
40
6
-107
-7
-592
-268
33
-72
-180
-14
-232
16
5
114
-157
-161
-8
-107
7
69
6
168
1129
-24
505
102
-74
9
-16
11
-3
14
-24
-11564
-35
1
-35
-7
42
-90
-10
-8
1
-7
209
177
-3
-1
-261
14
55
3
-822
104
-4
0
-7
7
-8
0
24
3436
0
6
-5
-41
-5
71
3716
-250
-68
12
4
1
-1
-50
42
12
0
-12
0
-44
-50
-62
10
106
0
-73
71
-6
35
-9
-47
-1
22
107
-4
-189
6
841
26
-41
68
8
24
1298
-7
2
17
266
19
1
-3
16
-106
6
-109
-2
-40
-3
-509
-3
-5
-2
-42
-33
134
-1
7
-486
17
-415
266
-12
-86
-2
-1261
130
-117
-37
5
15
-4
-8
-44
26
7
0
8
2
3
2
3
-6
-67
76
5
-2
36
-13
0
5
-6
8
-27
60
5
-60
155
-2
12
-8
-16
-29
-57
-3
-88
-9
38
61
-177
36
1
-2
-268
15
-5
11
-2
6
0
34
68
453
-300
180
-95
10
-65
2
-9
-11
13
9
224
591
-58
-25
-1
4
3
-524
8
10
-180
24
15
76
24
-60
-5
-11
-12
24
-632
-4
-1
-44
269
-35
48
12
46
21
-45
25
14
-16
2
18
-2
-16
49
26
20
-3
-12
9
-2885
72
46
-20
2
-3
16
6
0
-69
-80
87
22
-144
18
-14
-5
86
-13
2
-4
0
-4
-7
-2
34
386
13
7
-149
4
37
-33
0
39
-59
-32
-6
16
-43
11
593
-438
-5
-196
-30
2186
10
7
9
-333
5
-6
124
-38
-27
-40
-28
-269
19
47
49
2
2
21
-29
-18
-63
26
105
-23
27
4098
-15
-5
9
1
12
20
-800
20
-21
0
0
0
-2488
-37
17
-239
20
37
118
-20
-91
-129
-476
-2836
0
164
35
-1
613
-4
72
-14
-72
122
44
-13
-629
1
7
-2443
1
6
-9
-7
4
19
-8
-13
57
-18
812
-1
-1325
9
-4
10
-522
28
-6
-5
4
58
-1766
94
44
8
1
-117
14
77
51
193
-24
-103
-2
-44
-77
3
-48
-8
34
159
-40
-24
-21
-79
296
18
-8
-1
31
2
53
1
-4
92
592
7
-6
205
6
85
-67
-251
-920
499
8
54
-87
-1667
6
-280
-3
-464
51
205
-130
159
0
-13
-47
-2
3
144
-9511
-48
-15
68
-9
-26
-58
-116
-5
7
2
-26
-449
7
17
67
72
1355
6
-1441
251
0
-75
25
25576
1
688
-3
58
-457
-200
-18
14
2
0
278
-28
-9
-87
175
151
163
-15
68
-26
6
41
14
-22
0
-155
-1
9
12
14
-157
-20
-3
56
520
-145
-541
-6
-7
17
711
-97
-10
34
-549
17
-52
0
-1281
-46
-2
1
-61
-17
-41
-12
-970
-257
-20
-88
8
-73
138
607
247
0
-5303
-7
-62
11
-2
3
-10
2
-11
-21
29
-63
22
-91
7
110
19
17
12
-87
24
9
-6
5
108
0
59
-5
524
20
-18
-389
-18
51
-2
-34
-14
4551
74
22
28
-4
-16
-34
-59
95
-15
0
-2
22378
7
2
3
-8642
-50
133
-11
7
-121
-331
25
-13
-37
27
-9
17
191
966
-19
-4
-634
-437
8
11
-3
1
-190
-94
30
96
-9
-79
2
-17
487
-12
-2
-1
-17
-3
-81
-24
17
-50
27
-877
-1
-4
-7
-175
-88
-60
181
4
-59
-4
4
-18
365
2
-3
-36
23
-173
-487
-290
7
-9
255
8
-10
60
-5
-7
-12
-15
-2
-78
2552
-4
18
5
91
10
660
-7
0
132
9
337
-2
-135
-6
-1529
1
246
-675
27
8
-140
-13
-181
-352
-169
-861
4
61
192
5
-57
7
-42
15
31
13
-260
8
-809
-275
-26
-6
11
-2
3
-46
-206
1180
14
-30
-131
211
-27
-11
-43
-781
-550
-8
403
39
-3
-1
-76
-10
-5
0
-4
1410
-58
-251
71
12
154
-4
-5
59
95
-40
-33
-631
312
5905
20
-40
-26
39
12
-5
-177
-4
-192
121
54
7
28
386
55
-11
-7
-8
13
4
255
7
2
2
-33
1
54
22
8
-3
173
9
22
6
-2490
272
26
-68
-6
10
16
-2
-15
1
31
3
11
-732
-276
-2
-701
6
-47
5
2
-5
30
-16
-2
0
228
137
2
88
-30
917
-2
-720
-1
41
7
-44
-5
-55
136
-13
0
-4
-171
-11
128
14
-2213
490
3
3
5
92
-4
71
0
5
18
-45
-1095
9
-6
-88
533
91
14
487
2264
25
-363
57
-3
-574
-1
-4
0
61
-37
1
-1465
10
7
95
6
-53
38
-77
20
16
41
6
205
3
2
-36
-15
8
0
1
-7
-3
552
-16
-2
11
-59
565
98
-46
634
-20
66
-87
-228
217
4
-1
-56
3
-13
-273
15
12
-6
2
24
1
-7159
67
2
532
-20
1
-9
-798
-9
7
-9
-54
-57
41
-8
-14
-11
-30
-6
2
13
-730
0
20
-283
-13
114
2
6
-60
2
-328
-188
2
-2
-55
-2
5
-433
57
-1
-920
11
-9
-222
3
233
-118
2
-1
2
2
-43
-65
-214
-124
-2
442
123
-9
754
42
-3
-665
-17
-125
-14
27
636
33
12
37
36
-1085
22
8
-11
-48
780
-80
71
-20
93
-33
28
-21
-1
-891
-33
-7
-136
-8
-51
146
-2
47
-6493
-24
-222
-1626
4
15
-884
-89
-490
2
-118
28
-42
-588
-14
-936
136
1987
1162
-56
-30
-8
1737
-50
482
-225
-21
0
128
-9
-40
0
14
215
50
356
-11
6
-13
-17
-2
-2
-74
31
414
-28
11
76
42
1
-33
-5615
44
-6
3
-14
195
-1
-278
-6
-1
-3
-33
10
-6
219
42
133
22
-258
-186
-48
38
1460
600
88
-21
0
1
-21
-8
0
2
35
-3
-13
3
-30
-74
-2
261
-19
-260
-142
6
-858
12
-2
255
-431
56
-239
-7
-1
-57
-682
5
14
345
-1
-591
-10
0
479
-1905
14
-75
-82
-1
-11
-68
-65
-221
-109
1536
18
-218
-35
-33
7
18
2
115
3867
-5
-22
3
11
-11
-117
19
-11
22
-5
4
7
-142
-84
9
-37
539
11
-129
45
-16
0
26
-7
16
-98
22
-6
-83
-2
-68
67
111
-355
-317
-8
21
-26
-44
-21
1
-89
3
927
3
-2
-3
48
29
-5
-11
11
252
-1159
22
255
1
-31
26
-22
-6
2
-5
-19
-255
53
-4940
0
16
4
-38
106
-1
-2227
-16
-212
4
-2
0
3
46
-12
4
-2
26
5081
23
-568
212
-462
113
-28
-2
-4
-9290
-406
11
2
-9
-70
0
481
-1
45
4
-2
-5
-17
-195
-13
-6
-291
-46
44
-33
14
-32
-76
178
34
45
15
44
169
6
856
-99
497
-13
13
5
0
-76
1266
3
-175
17
-488
-5
28
-4
17
-5
-2
52
-47
-137
-51
-57
-2
0
-187
-2
-10
-36
4
-1
-30
62
-95
2
7
-47
2
27
-19
-1
7
-4
7
-4
1
-14
14
-6
-10
-7
588
12
-69
-125
-4
-1
9
0
11
-60
6
1561
-161
-45
1467
-20
-485
-300
3
408
644
-16
-3
44
14
-25
-1
198
-931
-377
-16
-112
-21
54
-8
8
-4
-34
-8
-1016
-114
571
-54
-54
0
0
-88
5
18
-818
-1195
6
-80
18
-481
-4
43
-47
74
260
13
-86
11
-4
25
-2181
6
-160
-2
2
80
9
-74
4
132
4
-113
68
820
116
-20
-341
-3
249
-6
-65
-297
-38
-143
46
4
-36
29
179
-188
6
-5
1316
-397
-16
6
-67
5
56
-5
201
52
127
2
141
616
104
20
-11
10
-60
-268
-9
60
-50
-5
22
-1
-22
98
15
-32
-88
-66
-29
240
-12
-3496
16
4
36
154
178
-22
8
-6421
4
1
0
-11
110
-10
5
4
2
14
5
-30
286
-323
14
2
-287
-828
-191
-581
336
80
28
-38
9
1654
0
931
-47
-8
38
2
-66
0
54
-1
0
761
-5
25
3
120
-1459
-1
-206
-2
-216
17
-254
-4
114
274
133
32
11
11
2
3
17
17
129
28
-11
-74
502
592
2
-16
31
-10
-3
-33
-742
36
3
970
63
-25
-101
4
-4
15
44
19
47
57
-16
16
174
19
0
-120
0
-15
-196
80
39
57
-9550
-13
17
-800
71
-65
-112
-14
-1
-611
483
-4
90
-35
-6
76
-4
-265
-2
-430
55
67
27
-42
-3
0
-6
-1
0
13
-17
6
-2167
-4
13
167
-123
7
-1169
-7
25
21
-313
-1
-24
12
79
2428
5
-44
18
3
10
-28
-36
181
50
-390
-9
-29
63
-43
-693
305
3
-1
-8
-9
16
-28
-1614
17
1402
3
2
-1786
-5
27
54
7
-18
-347
18
-1485
-1384
3
9
-32
-31
-21
4
-5
-15
3
9
40
635
28
636
-275
39
37
24
5
402
14
-1
2
-770
0
-83
1667
-29
48
-6
825
-1
9
76
-3
-7
-24
815
-6
26
-10
-2
211
-920
22
-8
-42
-760
36
-4
-17
-32
-135
13
-85
6
3
621
-8
-29
675
-872
-4
35
14
11
-15
-1107
67
458
155
8
11
-96
-223
3
-13
-15
3
89
16
131
31
-3
-741
1
-45
-431
-1
-7
-3
-30
411
-3
-25
2
0
6
10
2
114
2
-275
-1212
3
-38
-18
-98
-773
19
-60
-9
119
-35
-27
-157
18
6
285
-3
1011
2
7
16
13
-5
19
-3
169
33
120
-857
-6
-43
-12
-46
94
37
-3
-3902
1
-229
711
5
81
-124
-12
16
-2
-8
1
8
0
-53
-1
65
-283
-11
-2788
-512
7
-450
18
-32
21
22
-29
145
-478
-118
31
5
-483
-1
-16
9
919
-57
-6
-5
9
-15
-1307
1
-5643
2
-13
-35
4
80
-1620
2
55
1
-12
1
7
1
-6
436
7
-2
-1619
59
-836
6
30
-47
26
-60
100
-2
-2
97
-31
29
-5
116
-113
208
1077
-3688
42
9
12
-21
-132
127
-5
5
6
0
-16
5
-443
-30
2
-46
87
-8
1
231
54
74
-281
-8856
5
5
-19
6
1498
2
21
30
-7672
15
-31
125
-6
-281
76
-356
23
-14
-4822
-12
30
-365
-157
248
-142
-13
-13
0
1
1536
-3
-4
-176
-2
-10
-8
127
-115
-162
1
97
23
1010
-5
-24
-2
19
1
2
10
0
-7
7
-6
-52
-4
-10
17
-40
-346
-30
-142
54
-17
654
-940
-353
-2
116
247
13
-300
-153
23
20
-3
-123
-30
-207
-1338
-7
-24
51
0
185
2
-12
-92
-1658
-24
21
-4
21
21
-10
29
0
2
9
55
0
7
16
6278
144
-41
-130
354
-170
3
-33
-582
-24
-13
-1
9
-7
30
-49
14
22
265
1
-1
-634
-954
267
-146
522
3
-22
20
-1367
