-28
-242
15
10
0
-20
592
-32
-117
44
-13
-119
-220
7
27
-209
-20
14
-1
0
4
42
-34
51
-4
21
-37
-22
49
11
6
-86
2
28
-16
-329
4
-25
20
75
21
-319
-63
-3331
553
-75
67
99
-10
28
-11
2413
-102
-702
0
16
72
-1113
-225
1163
7
364
-69
-237
2
15
15
21
-128
31
103
-10
-8
-19
17
-126
173
71
-47
0
-19
-1008
11
-179
-522
88
-5
11
-147
-102
-145
23
240
12
25
-23
-1054
-27
13
-31
-25
62
361
-451
84
-194
18
-11
82
140
-4
-161
-55
-174
235
596
85
111
203
-118
47
-42
1695
20
-12
4
-5
361
-192
-18
26
10
13
20
-6
-63
-21
-45
10
1
6
-122
-43
190
116
20
105
-21
-11
54
546
662
0
5
1142
-6
-121
-39
-14
9
-143
248
-17
11
-263
-105
-39
-56
37
-17
13
-1
-40
-27
-198
-223
8
9
-25
-2
-504
-77
-61
6
3
29
-55
99
84
10
8
12
0
209
29
40
-129
12
-14
-10
-57
113
-10
-5
-1
6
-18
-12
1
99
-11
-9
-844
26
-289
-311
-80
25
77
8
39
-565
3
-412
16
3
-12
170
-30
-67
-500
-66
402
-3
-431
-48
-272
-44
38
-127
-3
-12
-5
-5
-19
79
1444
178
-7
-35
901
1366
-22
21
-14
6
-225
138
63
117
-2721
357
-5
-2
-43
17
-4
-307
0
711
558
-2
-55
9
-32
1
-142
-9
422
-72
-35
56
-157
-229
4244
-13
-752
-278
-497
-27
-8
-972
-16
1
4
0
9
-5
23
-452
5
14
57
-230
3
336
-6
-19
-294
-181
63
-141
188
-2120
987
-43
5
13
-2
663
207
204
29
94
62
22265
-465
-4
-27
190
-12
14
-514
-12
18
10
112
26
-179
-26
87
614
53
11
-7
-16
2292
-75
-8
112
-91
-60
265
-109
21
-98
-10
-138
-216
5
29
82
15
27
299
-89
-9
5
-5
10
262
49
-9
5
-2
-38
100
-3
189
-64
-41
-131
-13
-3
-49
-5
-3
-3
7
115
-68
19
1790
-12
-13
-522
16
-858
41
-1
20
7
-14
10
-58
85
-63
2
-1121
-1
-6
4
-80
18
-4438
23
-156
28
10
-68
-365
-2
132
1
7
68
29
-47
35
99
-68
-45
-27
-198
-20
-97
5
440
53
-79
50
-10
192
1
-9
-36
826
-3
-4
306
18
-220
23
59
-780
-2
76
6
-4
5
-5
12
-15
-606
-45
-55
-43
-90
-53
140
-86
-216
39
-51
17
-185
-37
147
5
-612
413
14
12
386
-33
-356
-100
2300
-2
13
-995
13
93
-58
-38
35
28
36
-12
-22
-23
1
-215
-27
421
-26
-4
402
-23
-37
0
23
-3
-61
3
532
-216
-11
108
22
-37
33
2
-9
-7
-3
7
7
156
-121
-49
-35
-1514
-34
70
64
2
4
-2
36
-14
1162
-31
-2
-126
-276
-44
-1245
-128
145
3
1
-22
15
-64
-344
-37
-16
-68
-29
-19
-88
-112
55
38
5
55
-55
-20
-413
14
52
1
-5
3
1
2233
-87
-191
218
-2436
576
-2
-461
187
108
24
-8
0
3
48
-19
0
10
45
-32
-6
11
-18
-35
8
-3
-3
-17
1
1330
658
3
3
1
-9
289
-233
-1
12
-21
-6
-5
214
21
44
83
-17
-2
4
-116
-532
-27
-14
1
-1413
41
2
-55
-64
67
-36
-379
-7
164
-262
-398
1116
-422
-6
-855
-9
-218
317
-5
3
164
25
101
-249
-12
-106
43
-25
96
23
5
3
-27
2
-15
-16
21
-12
285
253
69
6
-238
-131
-726
4
42
366
20
-1
90
8101
-37
62
-3
-1047
-335
4
-133
-40
441
-64
-4589
-121
-504
30
70
69
98
-52
-210
0
-16
-9
14
3
151
-3679
-297
616
9
24
217
-199
79
-286
6
33
-167
-39
1122
453
-17
-16
62
1
394
-16
45
-346
-53
-94
-228
-164
2
-29
50
28
-50
126
9
47
162
50
-123
-9
-24
14
-554
-2
-13
-1
-61
-40
24
48
-311
-312
-7
-133
-29
46
-4
10
-298
51
196
2
-178
-39241
-21
9
2
-71
-67
3
-11
-53
128
12
-394
-897
7
-3
-236
2
6
-3
12
-1
62
-34
-640
-184
-27
58
-51
-37
-360
-2
-8
-1
27
-27
-7
27
-1
-53
64
-39
96
7
17
57
-1985
-11
-42
-151
123
-66
-2
-3
-274
1
162
70
10
-5
36
-26
-13
-20
-1090
36
-136
2
-6
30
78
-18
-374
45
-73
-8
45
-9
-5
620
80
10
-2
-129
-16
-58
1837
-26
-32
-2
-14
6
-36
28
80
-709
14
151
-251
-79
-7
-19
19
-98
-13
1396
-19
-31
8
-43
11
-241
-83
-4403
-1
-8
2
-1
-230
-198
-49
-284
8
-20
-54
29
-52
-70
2988
110
-10
-18
31
234
-5
184
53
11
135
-67
-513
-524
74
-40
-60
-12
114
-84
-2
-8
156
224
-156
-26
-4
8
327
-37
-3502
359
41
-41
51
-376
18
31
142
7
626
10
-662
-47
24
14
15
-91
-114
98
-96
707
-133
-84
24
43
-2
-8
9
-23
-76
314
-31
-1
155
24
-13
-10
-136
28
0
-11
146
13
173
-18
131
9
-192
131
33
10
829
425
-1
37
-5
-13
29
-45
2
-2
13
-21
29
6
24
-49
285
7
-6
0
-7
238
1
-1198
-28
-146
-8
-129
-10
-455
29
-113
25
-128
-31
3
65
-481
45
-803
-215
32
1
-113
12
-38
18
-925
19
-188
4
-43
1
-7
22
-76
8
-18
450
-19
-9
-4
7
-87
-20
12
-24
-21
2
127
2092
-40
146
24
-329
-24
9
11
-12
21
16
-276
16
74
54
10
58
4
263
-16
56
-86
-624
-17
-44
30
39
117
-516
-26
4
7
1
-1226
24
17
15
-20
-147
8
3
2
2767
-125
-121
-811
-24
-26
8
-15
506
21
-42
-48
-154
13
-142
39
-1742
-567
88
-3
-11
15
119
11
-157
1
-18
30
7
-2
-39
118
9
-6
233
-195
-51
-913
-16
-50
-1213
-163
-2
799
165
189
-75
-37
-2703
-38
-5
4
75
10
-40
32
-32
-13
-6
43
75
-74
-27
-18
-5
201
28
-12
-192
112
10
-7
3
11
33
-7
-26
-17
28
66
21
-209
27
-119
-1
102
-1
-123
29
-53
-105
-823
-95
-39
18
-72
-8108
-39
-15
0
-611
-19
9
8
-215
-35
89
40
108
-52
-7
15
-21
191
-459
7
-18
-12
-230
-14
-24
-3
0
-287
-32
-25
-143
10
-128
50
-3
82
36
778
-285
59
8
-91
136
245
1
20
95
3
52
20
1295
-67
18
-1402
-2
374
47
85
-5
-1096
6
137
-539
33
-225
572
-92
5
-38
-12
-37
-35
18
-7
-19
-53
-23
4
5
-8
17
-1446
-13
-447
0
302
-499
23
5
-234
47
-78
-194
-89
45
523
14
144
-24
-8
-22
25
8
-592
-31
-227
-534
-2521
23
-4
-895
-4
23
-160
-59
-15
-14
17
36
-3
206
-164
-88
28
72
10
506
6
195
137
-54
-1582
-11
17
-4
-275
-2
555
72
-1
-2
0
45
-40
-2
-30
8
-7
-5
-24
18
3
17
64
3
1
8
-23
-2
25
-971
34
24
130
-2881
12
-29
-6
-129
5
1663
18
-17
-9
88
-70
-8
-27
196
-3
-73
38
130
185
35
-237
-22
8
175
-29
376
-26
-325
48
31
-21
688
-34
-81
-11
13
12
329
3
37
58
-1043
-3
10
4
1467
77
-1117
509
0
-28
-7
1927
14
1
13
-271
-7
43
139
185
24
13
270
0
-9
7
19
-266
19
-313
-28
-241
-24
-15
-2
-157
12
245
211
4
135
-111
34
9
2
1
-14
1295
52
-14
-20
-48
-106
3
-16
-7
2587
-820
22
-1
10
36
5
23
-83
64
-28
0
1
91
306
144
12
35
-23
-4
0
-28
11
51
15
-65
-40
4
-13
157
-33
18
-6
62
-2317
-19
-23
2337
17
26
4013
-88
107
-51
166
-7
85
-14
-30
-4
33
125
10
813
14
-160
-41
90
-5355
-23
81
-14
-16
-28
3
-12
50
-26
-2
1
343
245
-265
-31
172
6
12
285
-260
29
-91
33
-2
-20
38
26
-24
-53
-173
-20
26
11
-54
190
-378
-91
2
-60
4
-5
7
-57
-3
0
-10
-175
15
30
206
10
166
-153
-4
-7
26
454
2964
-12
-115
61
-11
6
62
157
-113
-279
4
-46
-43
-1472
-9
-37
453
-3
249
1280
171
-1
-32
-16
208
-183
-472
20
-46
9
0
391
-56
22
33
-5
37
220
-4
-54
23
-2
10
107
3
4
-481
148
-3676
-10
-29
-168
943
15
0
273
102
-12
-3
-2
-37
-6
408
53
-8
-19
448
4
135
29
-465
170
-47
-2
31
23
38
-276
-5
40
28
-1098
6
114
-137
265
3
-20
-105
-22
-318
-10
-17
411
2
13
510
-174
-1238
-272
-235
8
-9
45
1
26
-210
130
31
18
-6
-1469
-6
-321
6
19
-40
-42
-37
7
135
15
-215
16
37
-120
7
3
0
-8
380
483
14
-13
156
10
2
72
-6
73
-336
-14
16
-31
-2061
-34
-26
376
-7
-363
-25
2
17
221
886
-10
-8
49
-3
128
55
-138
-260
9
-107
-1
6
185
47
1034
-25
37
202
-4
-10
-7
698
81
18
-858
4
-3
16
2008
-191
166
245
35
-87
-10
-9
677
-8
-84
-59
37
-12
-18
28
4
65
158
-1
4
30
-263
2534
-1279
-16
-1437
111
-11
276
-41
-99
18
191
11
-41
-323
-15
-5
88
-8
0
-31
350
-559
-338
0
44
-16
-4
41
-140
23
4
-455
-190
7
8
4
10
163
225
-146
3
112
-24
-120
6
-58
-319
20
7
25
-31
45
-34
-1774
-320
34
-3103
114
3
24
-17
50
-104
32
-265
88
-24
-1502
-13
-47
13
-24
471
-43
-68
13
-28
-13
-1321
3
215
-119
6
43
370
-90
-89
-87
-14
167
103
-6
-1463
10
-856
-234
5
0
-160
-234
-31
99
284
-1
-222
35
-7
19
-50
12
-2
-94
2
-27
1
-54
-296
59
-37
42
270
-51
7
-258
-16
-46
4
-3
173
-323
19
-5
13
91
87
243
-23
-3
-1
-3
68
-39
-66
-1516
-30
-44
-9
88
1
-46
-273
17
-321
-126
-17
58
-319
-401
25
9
7
17
3716
-730
-128
1
-102
-22
182
29
-123
-3
240
38
-411
4
-51
8
-2
180
2
-2820
-7
-78
58
-2
1063
-3
762
0
26
272
21
-3
-3
-344
2
-5
253
54
-335
0
-659
-28
12
-60
6
4
24
-105
-8
-123
100
-49
18
-47
62
87
-269
-123
-369
-66
-3618
7
19
579
14
-2307
3
89
-10
-1
617
1
18
50
11
-21
43
13
-11
9
14
27
-261
-18
14
-184
-3
1
-174
6
259
7
1
4005
19
-147
-7
-35
-2
-73
11
1
64
-127
-21
-119
28
-11
16
-151
172
48
-27
12
-351
468
45
24
232
-959
110
182
-252
123
83
1
-63
-48
-3
393
-345
2
46
21
-29
39
-95
-13
61
2
-12
-19
7
-103
-15
-5
-192
14
43
36
54
-6
-20
-1
-19
81
151
22
-5
-16
3
-17
-1757
-20
-48
-47
-133
5
9
-176
-3
30
26
9
-74
153
-109
90
5
13
-111
-125
-21
219
9
283
-3
3286
96
64
-77
950
0
-234
14
-472
-10
6
2
153
-16
-117
-16
-18
-3
647
3
33
4723
-3
1
29
-17
324
625
-4017
15
1
-13
8
6
53
-43
99
-533
-90
13
11
63
8
-33
146
69
-95
-26
-291
150
33
2812
21
-6
271
18
-32
-72
-473
-77
54
74
-324
4
-2
81
-463
-52
-12
-140
-7
268
-12
3
26
-102
-540
3
-49
-102
887
363
364
19
-52
-40
-132
-52
-7
705
2
-1
-377
7910
-235
-30
-4
-18
-39
-36
82
-1
-1017
-215
449
11
-13
9
-8
-7
-21
29
11
-72
-13
-35
-43
-9
3
-23
40
-2
-44
126
18
-25
-11
28
-11
15
95
-5
-24
217
56
-7
-308
-26
-4
27
40
13
-9
1
-374
-14
-45
91
-1
543
-6
-10
-157
22
207
366
19
5
165
64
7
-4
6
-238
-2
4247
377
4
339
130
-234
3
-53
-8
15
-17
686
55
42
50
-1
88
12
-26
-9
-37
54
387
127
-15
6
10
295
160
10
-32
4
1
-2
2
62
-370
-22
-42
-72
103
-16
-498
437
-57
41
-5
-46
376
72
8
-11
1
-100
-2
247
0
273
93
306
-2
205
37
3
-352
1241
-158
3
150
-112
-62
-236
4
-188
-263
-84
-253
-293
6
-326
-26
-4
-166
25
1
1405
-82
-24
-14
-13
7
113
225
5
20
-7051
-6
-742
-16
-17
405
10
14
141
-358
1145
-2
-5
7
-8
-175
237
-51
527
12
-44
42
0
-2
9
-19
-114
12
-164
184
-3231
-33
40
-41
-27
-33
9
14
621
-4
-258
-141
-93
-26
-4
2
-26
384
-17
12
7
14
-4
-56
-349
0
0
-11
47
-177
22
-5
12
48
9
-881
-65
-31
32
-28
306
-34
-91
-1460
47
457
-52
-343
-74
-2
29
-2
588
8
-24
-3892
37
76
32
-11
5
-85
-11
-34
103
0
-7
4
-26
-13
4
-1211
939
-4
-139
-6
751
-17
-231
-5
-37
9
-114
0
-1
506
6
-775
-70
60
169
-8
-129
-110
442
33
8
53
27
-28
-461
78
116
10
-101
341
419
110
43
6
64
-232
-102
99
-6
-979
154
39
-13
334
24
1
3
7
1762
811
-4
-9
84
303
1494
-34
-2
5
-19
-13
-82
-35
10
-13
5
-2
-480
11
110
497
-7
-20
9
-29
27
-66
6
1
135
16
-148
74
-17
-152
19
28
310
-6
-4
93
5
2068
1
101
-146
-5738
407
-139
1
-39
-613
-1
-7
-70
48
535
-191
67
18
1628
73
-90
2
8
-5
-10
-33
-657
162
7
14
54
-143
-265
-6
73
-19
12
319
-11
1059
16
14
1
-63
229
48
4
1
19
1559
83
1660
7
-41
-35
104
81
6
-162
23
-4
34
222
30
11
-131
68
-13
-98
-31
-12
91
-35
-105
19
-3
-154
-87
21
181
-58
-162
59
-201
-78
112
2
154
-4167
38
-2
725
-377
-16
-26
175
-140
-62
1
-11
50
-23
45
1
-46
38
26
-7
24
1
21
-249
15
142
-22
-44
382
-162
-5
-69
228
1
-20
3
151
-18
83
-487
4
5536
9
-3
130
580
57
5
-172
-37
22
-94
-16
31
-89
-78
349
668
3
-15
-9
-16
-40
159
-15
17
7
-9
34
4
-57
-27
32
18
4
59
-6
-176
-6
189
-33
-12
55
58
99
-31
14
1
948
34
31
-2
30
29
-2900
-28
-330
-48
-88
-44
9
-27
30
-22
-2
-54
-216
-421
-18
0
-21
-17
-543
-1
-2
-12
-56
-619
1
16
-306
-4
1
-239
-53
-37
1001
17
3
-742
-2
19
40
-614
-2
6
-62
-52
26
17
303
-97
-445
-1280
30
741
-360
-6
-29
-8
-7
30
-62
105
0
-2
6
460
-4
13
-14
-176
-3
-18
-56
315
15
-120
1484
44
266
33
176
69
-65
-349
38
309
52
-357
5
-85
-24
-15
-10
-17
8
-92
3
-16
-64
5
-51
4
-341
10
10
-7
28
20
-56
75
185
25
-14
31
251
-232
8
2
349
-17
-225
-37
-28
8
88
48
237
-566
-481
71
14
-243
-99
17
55
388
-94
54
-244
11
-159
-177
-50
17
-64
70
-4
-66
-7
384
-150
-213
-177
-1285
164
2165
710
-38
257
-816
-50
33
-94
97
-8
-37
-52
10
-265
14
-59
-72
14
-87
7
-77
26
125
-9
24
40
-31
-134
-25
-8
396
1025
-177
27
0
-3
766
9
-7
847
7
-5
-2
33
602
-1209
-28
-4
21
75
-12
72
-12
28
39
182
6
-439
-434
45
161
-10
-88
184
4
139
84
-6
-65
-18
-14
18
-138
-2038
-6
-9
26
-67
4
-1
60
80
-3
33
-56
-613
-2382
262
-19
-231
600
29
35
4
197
178
-69
-3
-7330
-141
-10
-12
21
28
-114
177
3750
-25
202
5
18
-16
-30
4
11
35
154
-3
-122
-7
-132
-222
4
7
23
-8
149
-10
-244
-97
-274
533
-403
55
-487
-16
2
-3
5
42
-20
3
-6
-5
-288
37
35
-19
77
8
-161
-139
-2603
377
48
-5
247
-25
-271
2
-46
126
-8
-183
-48
-6
-12
-10
91
-72
1556
9
94
10
10
1
4
-191
-228
3
10
96
-1
-34
-5
48
-298
19
246
42
-59
298
55
-4
-16
1469
3
-551
-840
-4
73
994
-37
1
383
18
325
149
-1590
7
-31
-72
152
0
23
281
272
50
17
120
10
9
192
10
66
8
558
-5
1350
-5
12
-5
52
5
124
7
-34
-22
-40
10
31
39
-33
342
3
1053
61
-83
14
4
803
-268
-74
36
21
-31
12
1786
-1998
-633
-345
-344
13
553
-257
-558
41
79
7
-17
189
-14
-2
1
-901
12
-12
-10
1
39
21
-1
-15
-212
3
162
-11
67
-4538
-51
25
6
4
4
-21
-3
31
-380
0
-6
-33
-72
20
-37
1142
-90
6
-54
29
59
-340
-175
-14
52
24
-1669
33
40
-365
3
-360
-17
-1152
-51
25
156
537
151
25
877
22
-91
10
554
-116
5
327
-5
-24
-189
-12
50
195
28
-75
-11
498
-1397
-50
81
15
202
1
2
264
30
-343
873
8
-337
-14
392
-139
55
-3
-2
3293
932
7
-75
1202
7
-31
-11
0
-2
-1
-389
3
12
56
-318
63
63
21
-649
-2
5
-4
-9
-19
-201
-41
3
12
20
-366
-12
-336
-11
96
1
363
29
93
-12
-7
-275
-1
-58
-51
-47
1
-11
45
4
-137
-305
25
156
44
39
-1567
48
-261
-76
-1
-352
-134
-68
210
110
173
209
-425
-8
-2947
14
26
-15
371
-22
-361
-216
-48
6
-28
32
-30
-10
-10
-42
20
43
263
656
-241
-16
-38
-5
-11
223
2
3
5
-7
6
100
-716
-20
68
-746
-782
34
-243
-209
-17
-20
94
391
-84
190
88
-3
-50
-97
19
-166
-52
-33
-166
-128
159
10
-5
-25
-30
-5
-67
-15
21
-17
-21
-1
-13
64
-39
-12
78
-51
231
-25
-71
-78
-6
-15
134
1176
-154
-8
-1
-46
567
-2
-25
-550
123
32
-64
101
-1
-381
29
-133
-6
-13
35
-66
31
-105
163
3
0
-1621
1
1
5
9
-562
256
5
-101
-295
76
9
2
-193
271
-9
-10
1228
-72
-3
-3
51
318
-22
18
-1057
1081
-32
11
1742
-113
-18
45
-8
292
2
265
138
21
108
12
69
-44
-4
164
-31
-179
0
3
1
84
-383
2382
-3
201
55
41
20
-16
24
-141
19
2
1
-17
281
-88
6
-13
29
-230
-511
381
13
-44
7
380
-10
-246
-28
15
22
17
213
-113
9
-171
-42
-97
-59
-787
-6
34
-94
51
7
42
4063
-2
-293
11
-434
26
-12
-2
-1
8
-5
-13
-47
-88
140
233
-1504
-39
-200
-327
-99
-3
10
-40
120
-2399
244
9
-31
30
9
-358
17
5
17
114
-81
70
-67
2304
-124
34
-8
-111
60
15
-1
-139
0
-1523
1
344
-13
373
-268
-60
-1064
2
22
-7
0
-3609
-1
25
793
86
-10
2
-41
-2594
13
20
-47
-87
-561
-174
-160
292
175
-23
-51
32
-7
-14
-58
-2
-254
28
-9
-46
-1
-95
-17
-15
319
354
-19
-16
125
33
-342
-5
-505
-11
9
-46
-233
-41
-1789
-1823
33
-51
239
34
-179
-121
-8
-8
-589
659
-14
-103
5
9
-13
-25
-11
11
3
-89
-54
-48
-2
167
321
6
359
12
-68
-14
-42
109
78
59
-28
-140
69
-177
77
27
750
-196
87
3
15
120
226
-107
238
-17
-484
-266
424
516
-165
19
69
-264
6
-11
-1
368
-5
3
44
-23
189
13
5
-3
-4
10
-293
-46
-81
321
44
-92
-452
-102
-53
-358
-334
7705
190
178
23
-1
-3
-25
2
-2194
-5
44
-59
883
-2
34
-2
10
103
-15
-2
43
7
353
-2319
1636
-702
-381
307
-170
1
-160
-36
136
-2
17
-3
32
-52
-230
10
-26
-30
76
-333
-2
-93
-272
8
1
-94
20
8
9
0
27
141
-1347
-7
-352
4
-108
34
17
-7
77
85
-1
27
-219
12
-17
11
-136
50
-64
-26
5
-1
-5
-44
8
49
-18
-966
-447
894
8
1020
-265
165
6
-44
-6
-5510
0
-7
-36
1
-37
-30
-3
224
12
-1
63
80
-667
-6
-188
25
-20
-46
17
56
648
-1
370
-1
105
-304
-78
-325
20
-13
664
637
-6
150
41
-180
-35
-19
-55
3
223
46
-1
-13
102
410
-625
-40
4
19
-323
20
-615
20
-584
145
-894
40
165
71
-10
-60
73
33
9
20
24
106
-144
59
-10
-20
-13
-3
11
-4
-1
32
69
-49
-8
-7
-1549
-791
-5
438
1769
797
-165
56
-7
-1306
5
45
74
-89
484
22
-60
-161
-95
-89
-89
-1100
-194
-21
-6
-297
8
6
5
-86
-135
-7
-3
-13
9
858
-9
5
-39
-74
-508
107
-14
-28
59
-19
-62
1
19
6
-823
-56
2
-47
-1
2
-5
248
5
192
-1110
108
41
-5
73
16
-72
93
-55
16
1442
5
44
254
223
20
-1
4
-5
-5
15
-2
-9
7
-139
-65
-9
688
-15
-17
242
0
-86
-219
-2
-6
-526
-495
118
-12
5
56
-3822
16
-56
0
2487
158
-80
-468
-382
-448
33
30
108
352
-24
7
-24
237
-21
-10
-12
15
-21
16
125
-131
-6
-2
-18
-29
17
12
11
-111
1153
-1246
1
-28
94
356
-73
-54
85
404
50
280
3
99
-13
-34
2
-29
-9
1
-183
25
-94
26
51
-48
-65
-4
-5
19
18
44
-21
43
11
-86
72
-393
35
-1
-176
-35
25
-6
-250
47
-11
-63
686
0
-733
-108
75
8
13
167
3
4
12
30
-69
-704
16
157
571
2
-3
108
64
-54
-103
-103
649
215
-143
184
38
17
35
-1076
-3
-1
-45
-9
13
-399
25
-16
-276
14
-3
-3
-2
-344
-14
-8
-1
-31
7
108
-4
22
7812
-365
19
-5
920
-46
151
-5
-24
80
-40
329
-7
90
-1
48
6
-41
2430
-7
-203
209
-19
-308
26
26
-1
-30
3
-12
349
14
17
-11
25
37
-31
4
37
-54
366
-111
12
-116
-5
-44
14
-18
534
-1267
-11
-22
-304
42
229
-32
-343
71
50
18
-23
32
8
84
-1
16
110
91
31
-17
2
-149
71
-9
34
119
279
1
468
-4
81
27
109
-23
239
-39
259
14
-3
175
-2
84
76
-182
-48
138
75
2
-11
-95
9
104
198
9
11
-98
135
26
150
0
310
407
-1
44
8
49
13
33
4
-226
229
12
2
-183
-247
1379
6
56
4
54
-44
-21
57
2
17
24
-18
-488
20
3
-84
0
39
-93
0
-25
-14
-31
-11
3
-165
-99
8
19
29
101
-176
3
-466
-61
-5
279
-1
149
-7
24
-3
-14
146
-111
-17
14
-20
-103
-6
-36
2
478
22
-6
202
11
-48
-1748
-2
536
-8
-13
-46
8
36
111
16
-165
48
-63
19
51
280
-77
6
-185
-20
36
45
-1
-27
-4
-11
-59
9
-207
18
13
-141
-3
13
-15
43
3
-3
15
-122
-199
68
10
336
-33
-3
-19
-182
-28
-57
3
148
10
-131
-90
5463
5
-1808
130
14
10
17
58
291
110
958
-16
6
-2
-4
-15
-23
100
-716
1
461
-49
0
-136
-16
0
-29
-238
0
4
76
211
10
14
21
-751
45
10
37
5
19
3
33
-9
-2
-100
-4
-6
-75
-15
-20
3
286
-14
5
-36
-20
-14
-26
29
-357
-54
0
-3
1114
-2
7
9
-33
-8
200
-1263
-169
70
-39
67
-4
-5
-202
-43
38
0
-278
333
-15
24
110
-16
22
19
-37
71
-15
13
48
284
76
32
7
-11
-25
411
-61
218
-125
-9
-70
29
-895
-320
-10
460
-76
36
153
50
21
264
1
-124
39
0
2
-6
6
-66
0
6
222
4
1
9
142
155
-2
-23
-27
88
0
54
232
112
-1
-92
29
32
-58
41
-34
-2
-42
-19
-96
-135
-635
20
-1280
19
-500
5
-255
22
39
98
10
-6
2
-6
-4
-36
-233
5
-8
-7
0
12
-567
22
7
138
97
-9
-69
-25
-423
132
-50
165
32
466
39
133
-138
37
-2
-13
5
78
-12
4
-9
-152
-32
-163
-44
15
38
-3
46
-105
109
21
-12
-16
-69
17
-1
-65
6
-9
367
-811
13
26
106
-7
6
-2
6
21
187
6
-18
-20
-7
15
15
1
6
0
16
11
-15
10
-8
-30
-1
6
16
13
-89
-1022
139
-170
15
21
-534
-223
-10
12
-94
31
-4
-29
0
-14
1
182
24
-15
-49
40
440
-49
-1685
151
1
21
183
84
-372
10
37
14
-1
-75
-239
-92
800
31
-6
-26
-4
4
-856
-3
234
-87
190
90
-6
-333
9
-15
-38
12
-44
10
63
28
-6
185
105
829
-1473
-2
12
-187
-39
112
56
26
37
-47
5
-19
19
-4
24
231
11
-5
32
-79
-37
6
-332
-541
814
537
0
1
-420
-127
5
20
-62
-203
255
370
-189
-44
-148
49
3
-81
4
-30
-165
-48
27
4
18
-23
144
53
12
10
15
-15
-1
37
-119
-19
-9
-31
14
0
-240
-62
-24
-20
-47
-5
41
-123
49
7
-35
2
-5
-47
88
72
-30
0
1
-11
23
-17
-19
-135
18
-621
-6
0
-279
-10
-10
-3
18
14
19
-267
26
-3
15
-225
-236
-20
2
271
-754
3
36
32
-163
29
2
-27
59
65
-323
26
-8
-4
-429
14
16
-95
29
3
-213
49
-332
137
39
-63
219
-4
16
-31
-65
-17
3
165
110
-33
-2
92
18
-106
4
256
-104
-215
-59
-59
17
42
-1
-558
-19
3
43
-174
-255
102
-194
-34
76
50
-250
345
17
20
3
-10
-112
-25
48
796
10
71
49
-28
-275
-110
-5
4320
5535
-319
5
-130
-27
19
249
7
35
174
-4
18
-15
-352
5
364
-25
65
-16
-8
-31
23
14
-5
-100
-31
5426
47
-15
19
245
1
-142
35
-46
146
-20
19
7
19
68
11
-17
-50
17
-129
2
-6
-5
-52
1
25
-25
102
-130
-746
-5
18
-6
-140
-950
-94
-16
-150
-19
-9
-9
-27
-169
7
-26
-51
2
13
-7
376
-184
-154
25
-9
-31
-46
143
68
1
16
-54
64
-437
3
-134
24
663
59
-16
-11
13
-889
-32
97
-15
-1
3
-658
-53
122
-62
21
-8
-108
338
-111
101
111
134
5
-6
2
-17
-1
8
396
55
43
201
23
-30
19
-149
1367
12
-431
8
451
8
-44
-4
-1642
-100
26
-12
17
52
103
12
-31
-1
-187
-1
219
7
7
-8
592
594
342
65
6
43
14
100
0
-259
-56
-405
14
3
-1516
-369
-11
540
-6
67
0
-7
-24
365
78
776
3
-72
72
14
6
137
12
27
-28
30
-101
-109
46
419
-183
-25
36
-24
-17
142
-6
-47
129
-21
-1597
-80
-43
15
-2
14
-123
566
-33
-1
67
6
7
-107
-16
3
48
-2
89
-2
3111
3
4
33
23
15
-217
-84
-94
-140
-49
-970
7
235
5
-27
29
0
-1
111
47
569
-3576
54
-38
71
-36
233
-264
-40
-154
1
127
3
-8
271
6
1
621
0
-95
24
-5
-17
-41
90
-72
23
202
229
-30
70
-154
110
232
24
10
-23
-131
-2
8
1
16
215
-635
45
2
-958
-16
31
153
16
1
10
97
-174
-257
-97
-2
79
260
-296
-12
0
36
-193
-188
-51
197
412
-24
3
-9
139
-13
-19
24
51
-342
12
-316
-11194
-126
-99
408
13
254
-2994
18
201
296
785
-4
-80
1
-5
-5
18
56
-301
368
12
68
-33
111
43
14
-301
30
-81
0
719
-165
-34
-2308
23554
4
-4
350
-2
2604
-50
-8
-226
-3
-35
-1938
-737
-156
-1
19
-8
159
-16
-37
339
-424
-186
153
-15
-4
3
739
124
83
2
-153
-158
222
12
41
2881
-569
-491
219
-337
-81
-2082
7
58
306
-21
-564
-158
-36
606
-3524
15
13
-24
-329
-142
44
105
-39
13
275
-5
-20
-84
3
1333
27
-26
83
-23
-73
-314
-105
-1041
-66
-2
155
-104
-7
-1208
2
1
17
116
-299
-342
-9
79
3
232
-60
-5
1970
443
-76
-2
-64
6
8
-111
-56
-814
61
12
21
-149
-112
-9
0
-69
52
370
8
79
115
-17
7286
-77
15
0
-158
-41
-77
-70
-160
375
160
221
-1401
6
-112
-1597
58
-6
41
-124
-730
39
131
12
-119
-110
-61
5
70
-55
-446
-49
-1362
-10
-336
7
113
37
10
-10
22
119
-366
184
105
-17
3
-35
-35
-7
-337
-17
-29
-32
81
13
10
-18
-89
-219
-177
-10
-6747
2
-62
-7
-2343
23
520
-4
8
1594
-76
33
66
-28
-34
-173
23
37
1
-197
-787
1
-510
0
-5
0
166
-54
-10
9
-53
-33
-4
12
-324
-338
-12
3
12
-7
-7
-27
-15
1922
38
-24
-13
4
42
10
44
-39
284
0
-81
130
9
-20
-16
-15
128
2
-75
-16
12
-22
40
12
-11
-240
14
0
28
265
-31
-162
1
164
33
-52
185
707
11
11
-5
20
-88
326
-7
41
-19
-179
35
-11
-435
5
167
196
-58
-27
-292
-24
-178
54
19
-183
-7
178
-121
-7
36
127
592
156
-33
1195
332
356
-2
-9
-73
18
3
-186
-14
-84
24
78
95
-30
6
-2
-5
-20
35
90
4
15
23
5
-34
22
-1
-106
3
-16504
43
97
-15
129
-101
-23
20
16
145
-34
-14
-3890
-68
-1
386
-6
1128
269
-7
45
-30
73
-2
9
14
-108
-76
-25
-379
-49
-875
-6
-138
23
7
-138
2
-80
14
407
156
20
710
22
43
-14
-21
17
0
87
-47
-14
-1193
-4
-8
-207
116
1079
173
-33
25
-16
-1
29
1
-8
-112
17
-51
60
-3
5
65
90
-133
-569
-58
-765
105
12
-11
13
64
-11
-40
9
-34
-107
1
5
35
-35
-9
397
60
-50
-768
112
-52
520
-11
17
1268
-179
-22
-372
2
467
-4
5
-51
-27
-5
-1
44
-14
-7
-13
-174
-1020
-2
6
14
-2921
-67
-30
-54
-70
596
-1
-58
-332
7
-5
-60
-250
4
-662
21
-4
196
-65
-40
-72
218
182
-2
25
-124
-103
-377
0
39
18
-7
-925
15
-1
-229
133
-18
84
-197
-1
-53
-7
-4
-5
20
38
42
25
7
961
-10
48
-24
-41
21
4
-519
-145
424
-457
2
-24
-173
211
-2944
18
-2709
1
1
4
-13
2
60
20
2
178
-117
-22
-31
48
11
-5
21
133
92
-65
4
-14
-389
-2212
-19
3
72
10
-40
12
-24
-9
-4854
5
54
-37
-368
-96
-28
-23
14
-8
-965
0
-164
276
-118
194
7
24
2
-21
-5
-209
4035
-80
119
-506
-24
-45
52
-2
-37
20
-34
-64
-486
3
-340
-1
-128
2
-18
-127
42
-4
-61
-169
-56
-40
336
-58
-62
6
6
-407
345
-10
308
-12
19
-70
-6
-17
70
-612
10
127
8
2
-3984
1476
-72
66
6
-63
371
-404
-419
94
-3
23
6
-16
38
108
158
4
105
-47
5
-123
-73
359
-1
1541
9
347
-63
-7
-14
-684
-423
-126
-16
-2
39
-68
304
10
448
-133
27
1048
-19
3
4
66
-15
-14
8
0
-257
-4
-50
4
131
91
-167
-17
83
7
11
-26
3
-194
-10
-279
8
-10
3
21
13
-123
1204
-167
-11
16
-5
69
-41
89
19
-65
-860
150
52
-337
26
-115
-32
-15
-31
3522
20
-51
244
-6
2465
47
-14
-64
-32
66
-280
-60
-13
-365
506
169
69
-410
7
1
-166
27
265
-9
-5
2
-8
17
20
-13
-16
21
-77
2043
110
285
-303
-5
-62
35
7
79
3
593
-26
-51
-20
-410
-27
31
-163
-100
45
-18
-23
238
-7
-3
-552
-71
-3
11
-58
32
17
177
-260
-4
-300
125
3
-95
-666
5
-387
-17
2942
-16
-325
91
13
-723
-41
32
-29
-20
-543
259
15
-18
480
2
-3
17
49
28
-1
116
-8
-22
6
-22
425
-372
-152
212
3
-26
-14
26
23
-1455
208
119
17
-40
50
239
31
-14
-2
-78
37
8
35
9
20
-13
-33
76
38
1908
-1906
1
-39
-9
-133
0
102
-11
3
-78
-713
-49
54
4
69
-1531
-14
-9
-13
15
-1143
6
48
358
0
-110
16
0
-29
4834
10
-5
-37
-4
-11
330
-10042
-30
-9
59
1076
138
-30
250
106
763
8
132
20
-4084
143
188
7
-5
-8
-4
122
-4
126
-75
103
-14
102
45
-1
-54
-334
4
5
-3
7
391
-269
-13
98
123
-15
237
-95
-138
-1
31
-7
244
-62
-275
-43
3
55
-16
16
-3
599
-568
-20
-2
-779
-332
-6
-202
56
-27
-5
393
1
-3
-10
-209
-7
-807
-17
-13
-226
78
38
4
-11
95
145
0
-20
40
-22
498
-50
55
-4
542
19
-92
47
0
0
-31
248
-489
7
185
555
657
-22
53
-555
-79
18
-28
-54
-2
8
-11
70
637
-18
-58
75
58
30
1406
-17
-416
-33
4
-274
-5
-1239
4
-19
-31
179
-327
-4324
-41
-28
3
-38
-23
42
28
-8
4
1
8
-4
-4
-1
65
314
12
-137
-264
0
9
1545
183
57
69
-365
-243
95
-2
-81
-11
205
-9
42
0
36
283
10
-2
15
8
3
-49
-2
242
-18
2
786
-94
-362
-290
-6
-1253
4
-66
-279
70
52
-258
213
144
529
15
-25
2335
5
112
-9
90
-502
-68
29
-18
6
-22
5
-96
3
-362
3
50
-168
425
-68
-48
-25
10
-3
-3
-285
-45
185
-5
0
-3758
403
194
16
-139
5
-359
-371
-11
-148
-9
-10
-12
322
-15
482
-13
-87
-46
-12
-71
-68
-305
147
19
-300
-21
9
-207
77
10
-11
-38
-277
32
-846
46
-375
-18
-29
-103
6
20
-3
3928
-50
370
-14
-107
-582
74
-2
2
-91
-5
-1
-3
-4623
41
10
8
15
-366
-547
1
61
-366
18
-116
26
222
-22
-85
-2652
23
186
16
15
-6
-13
-19
-134
28
-3
-17
-23
-1189
-745
-23
-1
2
-336
126
-12
-11
-4
-212
31
-70
-10
-75
13
76
19
-3
-5
-29
4
-948
-15
83
-26
-74
8
-274
5
6370
322
60
-70
37
-22
23
-2843
81
18
-1385
2
219
28
-14
8
11
-11
-72
67
143
-280
-141
-30
-3
8
39
0
-1377
15
-5
29
127
39
160
-34
-20
-6
3
-38
-40
-116
7
1
-19
-182
-68
-24
2919
-12
-220
-27
1303
19572
13
51
6
6
-108
33
16
49
8
-213
-22
2
-27
252
-262
8
18
-30
61
8
-39
-183
-422
5
-4
109
5
-4
-22
141
-15
-6
-2774
24
738
207
-154
-440
-40
-1
-4
-31
-10
-14
-145
-3
-23
-25
-74
-1476
2
6
-103
47
-79
11
43
2000
12
-361
-153
-1
10
318
-160
-154
-1
-55
19
7
93
493
31
2
32
-83
11
240
-98
-6
27
468
5
-11
-13
-10
-237
445
181
-5
-2
-252
-170
-84
-63
-59
-20
-9
75
-15
-181
1
196
6
6
345
-13
26
8
64
310
20
0
-70
-15
-668
-17
-449
102
-7
-68
51
171
137
-404
-62
-79
-807
-8
-171
-218
45
-23
4
-265
-9
118
41
-39
-26
27
-17
25
-1599
-972
20
63
-445
147
-8
-69
17
118
24
-32
10
1
19
-76
123
16
33
42
-3
0
41
-459
111
10
18
15
1123
61
6
1
3
-124
5
-179
47
-34
683
18
11
18
-2
-142
-56
13
141
-493
-3102
-487
-6
-12
-12
-660
86
-6
13
-39
-49
163
124
-737
4
250
-132
-143
1494
-7
-678
-7
-29
34
1211
8
5499
3
-148
0
23
-92
-42
-28
1
-11
-81
36
-38
-41
-22
39
26
-22
-245
-21
14
-283
-6
21
19
-99
222
5
-3
13
12
20
2
-240
72
-9
3
-136
2542
-8
61
-5
-11
-18
-13
71
60
-37
11
17
5
-562
-109
-70
-1
139
156
-412
-84
78
36
-717
-358
325
76
-830
47
-23
-78
2
-20
-17
2054
604
-81
-2
-83
34
2
-31
15
1
489
11
5
354
44
-206
-87
-526
-26
41
-28
936
-111
326
59
-104
33
54
598
-5
-92
13
-98
273
-68
-1159
5
190
-10
5
-843
0
-283
29
3
-1120
68
188
-4
-48
7
30
-7
-50
-58
15
-15
30
-4
29
-7
-319
176
-6
44
-44
3
192
47
-79
-14
-1
1260
27
-1
-116
2
19
-6
75
6
-9
-32
898
4
32
319
363
-252
-12
1028
-360
-14
453
296
6
-11
-34
-274
-611
42
-115
-81
35
-1
111
15
-32
-1
21
-5
46
20
-10
379
3
-11
83
-6
-17
51
-539
-491
-65
-12
266
8
904
226
1853
-32
633
-72
10
-24
21
4
-46
-423
-29
-60
-203
-30
-1625
-7
-57
-1
91
-7
14
-460
-3168
266
-25
376
33
-235
-491
49
-37
-6
35
7
-24
-7
35
3
-39
-68
360
146
13
-11
-3005
-422
129
-71
-126
3
-532
-6
90
17
107
-647
11
-8
9
-422
230
12
2
-146
-2
51
-22
3
65
129
36
2
16
-1
-6
6
-106
226
-189
-18
239
-30
12
-4
-11
43
42
34
-2274
-33
250
0
-77
-117
-14
53
24
14
-2
-394
672
1
614
-232
144
-27
-72
59
11
-49
-992
4
9
-65
-175
-9650
3
-53
44
-4
-27
77
1
-40
276
-181
5
13
-204
-12
1
-415
-50
0
21
-351
54
10
2
-13
3
20
46
3
-1556
187
362
5
4
-327
15
91
16
126
33
1178
-32
372
4
14
-4
-11
3
185
-6
-7
8
0
-57
-5724
-51
-5
-9
774
72
-67
-13
425
-17
-66
56
-50
-10
5
286
4
164
-5
-22
-30
-3
2
20
-45
11
76
-324
2
9
36
-3
175
-152
743
467
313
-41
13
24
2
229
7
-7
10
192
-7
-18
4
-13
-5
119
-4
79
2
9
3
-59
1
73
261
-318
2
-28
0
120
337
-30
-48
5021
48
-4
-10
97
21
-1
14
-31
-114
47
-442
296
1
4
15
-6
20
-152
28
-102
1
155
7
-26
-93
187
-4
-2
-27
-373
-89
-8
-1
-177
8
80
-57
-107
-17
42
9
16
10
-197
117
-33
-263
-26
-15
-86
-149
-24
-85
-24
4
239
-10
85
432
-3
-1197
-227
25
-5
-168
2764
-10
0
-12
-2917
52
9
21
200
4
-8
205
-15
24
-7
-13
-272
-349
12
7
-4
43
-4
-40
38
-1
-2
-165
9
60
13
-2
-1007
0
-412
45
126
-30
-248
-4
8
-39
31
6
-10
14
-115
-19
356
568
10
-5
87
-22
-80
76
376
-16
76
-23
-1383
216
-15
-226
199
25
7
-3536
19
-38
15
-66
-133
59
19
14
-41
567
543
-22
7
49
-6
-40
14
9
-38
505
1574
9
-8
45
1
9
-3
-5
12
38
-1
1236
-2
-13
-49
-515
-13
3
1
-2
0
-248
522
-23
48
-344
-100
11
2
-66
-59
54
-1432
-49
-3
-55
-10
-15
-7
-59
-82
-9
-210
57
-47
12
-10
775
-101
72
-4
-4
190
-5
14
-57
-6
4
6
0
20
64
17
203
62
-27
61
2
-4
-11
-115
12
5
8
270
-118
18
-63
-109
11
33
309
-42
32
22
-415
34
-328
-329
8
-24
102
1275
12
-119
-523
-1153
-17
854
-26
-89
41
-47
4
33
-2
86
-13
4
3
13
511
-568
27
-174
166
-109
837
-38
8
-119
19
-520
-53
-14
12
-22
-21
-14
-148
274
108
6
66
-5
-1
-2443
140
-20
34
144
94
-769
0
26
58
312
-17
-113
-4
-341
-106
412
-10
564
67
-14
46
9
-10
-45
-853
-52
348
1
229
-30
16
69
-12
-340
4432
-29
4
15
59
-12
-875
370
-61
-9
1340
669
14
436
749
-98
17
-66
0
-56
15
-11
233
24
35
5
-23
-22
42
5
2
473
15
-498
12
17
-9
-25
16
-6
-313
-38
292
1482
24
-4
-8
6
157
91
-29
-3
66
107
60
1944
169
13
9
-31
27
97
90
537
-31
-168
-21
205
376
3
34
30
28
-21
100
-907
9
523
28
136
4
-273
-26
-16
-130
-22
-23
64
-8
-236
17
24
2
-101
192
2
-6
-12
-183
-47
813
-14
-4
189
65
185
-51
-119
-98
9
22
-521
3
102
134
850
-39
-366
14
-1406
-2
37
-8
6246
-28
6
-69
26
593
-113
23
-221
5
-106
10
25
104
44
12
-4
43
6
-12
-28
-96
-1079
-189
-631
51
-6
-1
89
46
1
20
-60
-56
-322
310
-53
-36
-41
634
-6
-321
28
31
107
46
-29
-7
5
66
-11
-14
-439
-45
-12
-344
244
9
5
-712
-130
-5860
-62
-33
42
43
-214
10
-305
46
8
46
1427
13
2
-10
26
-32
26
4
14
-16
25
-44
3
0
11
26
9
25
-4
3
34
-40
-31
-14
-35
63
369
150
-41
14
41
313
-2547
7
-119
3
-391
-63
45
763
6
-69
-77
-227
66
45
308
240
-9
1046
751
0
-968
-186
3
97
-15
-18
-1182
629
-126
13
-369
49
-70
29
-1148
647
49
-100
-45
-7
-909
-230
621
7
-108
-92
-4
-20
9
121
37
75
-354
-54
2
-5
361
2
-5
-1067
-200
-140
9
-83
3
-15
3
-211
95
-12
-143
20
7
51
-5
29
-63
-62
-30
24
42
22
319
20
51
1
17
-2
-434
262
-831
188
149
5
-352
-364
38
-66
27
-11
-14
6
3
1
2061
15
-3
43
11
-46
24
15
-50
-55
107
-44
27
17
23
1795
120
-29
14
9
11
-541
184
9
345
-1
62
-4
-6
-61
-34
725
-27
-135
-16
-1
370
7
-25
-34
327
-9
20
-2
-18
32
-21
-268
44
-469
-13
-1650
218
147
151
1
5
74
-50
-69
-52
131
-2
7
-350
2
152
271
131
-45
45
2
19
8
40
3
-10
23
61
77
-28
-7
354
-40
-9
-419
-5
-435
26
-131
-71
20
-3
40
25
-11
-28
-47
359
76
-41
12
-1017
-43
-645
105
14
1
92
19
10
879
226
-6
-33
55
874
-464
-47
-11
-2
6
-40
-2
-156
-280
0
-78
12
-72
17
74
0
11
67
1
574
40
10
-31
-73
30
-37
22
33
132
-72
589
22
-23
282
0
15
-595
9
977
-86
2
-172
268
6
-87
380
92
46
-504
-54
-10
20
295
13
-80
49
-27
-186
-5
-20
-110
-9
10
53
-5
-14
10
-9
4
-2
13
84
-59
94
-347
-94
-185
-103
-10
-1974
60
26
-30
-5
-16
499
-6
6
223
37
-4
3
-8
6
21
23
-64
-1006
-43
229
0
-23
-42
3
-1
-1
107
12
44
22
-743
-352
-9
-64
-4194
4
-14
-61
1
32
80
-1267
46
-72
-6
142
-173
-80
-1
-2
-2
-14
325
-76
-61
5
-5
44
81
-1702
-207
-6
-19
227
-47
-62
7
-70
-70
3
-6
-199
333
10
987
-296
77
288
-102
65
-570
-9
6
-368
-416
-1283
-123
-9
-148
6
-4
104
2459
0
500
92
10963
2
-59
19
196
-487
45
-7
19
-606
-2172
-15
365
59
1004
-41
2
4
8
-296
-348
77
581
-1
10
-226
-313
-24
-715
1484
9
-88
5
20
-12
23
85
-1555
53
-2
-124
-9
-279
8
-94
-1
7
-50
9
8
-182
718
5
9
-91
53
-25
-21
18
82
16
-38
-16
-25
50
30
9
-5
14
-21
50
-77
468
1
17
1
-31
80
0
50
11
-67
15
-282
-46
357
-138
58
7
11
-11
99
-69
22
26
12
1
-17
37
1
-5
12
441
-45
3
-231
-17
-17
-1
-71
16
-16
206
332
19
-65
-657
2
151
-92
118
-129
5
15
-103
6
-17
-4
44
15755
-57
14
-325
5
276
17
23
19
283
244
-12
-9
-104
-4
-611
3
-129
101
3
65
102
-1
-3
33
-27
-95
1
-19
-21
3
40
267
15
-72
-308
-25
692
35
35
5
5
-97
56
446
-91
23
75
-120
220
-48
816
19
-6
4
902
-204
33
76
3
-7
974
-201
-9
-36
2214
2
1
49
2
-9
-21
545
-6
800
-18
465
-57
60
1
-165
10
428
2
15
1115
-14
9
-834
126
4
76
37
-2
8
7
-1158
0
514
7
58
414
-18
48
-19
12
-125
14
5989
-106
564
-55
-34
24
-98
61
-12
-2
956
-67
-148
29
24
-7
73
189
33
34
9
2
-165
-49
-111
70
2157
64
537
212
-422
669
-58
-4
-4
-16
15
4
9
-101
448
216
4
83
-100
28
1039
346
-358
-36
35
-1
65
-61
6
141
-37
-27
6
558
39
-119
-185
-24
28
11
6
286
43
-8
-5
65
-23
-4
37
88
6
8
95
-64
20
1
11
57
4
213
-569
-5
-10
17
-10
-2
503
-201
7
49
3
-43
-9
23
703
-70
-2
2
308
-35
23
-27
-152
-1665
-228
17
547
55
10
17
48
-304
-2
96
34
-48
344
-194
-13
-2
-9
-34
-3
-18
5
-82
-1
-6
26
-2883
3414
-21
12
-112
7
1
-33
197
-1483
-657
11
6
-6
-6
-372
-570
-63
-1
-12
-190
-18
-432
46
-3
2
-37
1056
9
-231
4
-6
-13
4
-9
-4
-738
-2
11
94
-113
191
48
-232
-109
566
-77
-59
-78
-173
-25
28
84
-459
61
39
-3
-321
-14
207
-48
-58
-17
82
5
-52
-63
13
388
-29
9
4
19
-36
4
441
61
-8
-684
-2
-2
40
61
-7
-374
-55
-39
4
162
-5
-37
100
-39
-3384
-5
9
-195
-958
61
-93
79
-1243
34
89
12
314
-14
17
-11
65
-10
-5
76
24
-93
265
85
-71
-1
-15
9
4
12
-4
9
34
4
153
-20
-243
-1032
164
-388
119
21
112
-65
-118
3
-620
525
62
-47
1546
35
-129
-112
2
25
-688
-16
199
288
-23
6
133
18
0
-5
-107
-27
-470
-2025
260
85
119
-13
-95
65
13
-2083
-19
3
238
8
-258
-111
9608
5
-58
-1
-325
-6
-18
-80
-123
-30
199
-487
-220
479
6
-122
2
-12
38
7
-89
12
5
5
-57
12
-4
-15
-402
36
-38
-2
-89
-7
-1
-774
-32
-4803
53
94
-80
5
370
27
-464
-215
2
-28
227
151
-13
-1
-105
36
104
63
-504
-358
-2
-177
58
9
5
-19
73
-74
47
-3
7
-69
72
97
-20
-16
-8
18
57
-52
25
657
36
9
131
-141
58
-30
-991
-10
-351
-72
-96
-15
35
3
499
-113
-68
-272
2166
-5
12
11
-19
-866
8
13
-13
-247
-5
-21
8
-15
8
-21
57
-12
173
23
-37
70
-600
35
34
-60
10
-25
30
35
-1
26
-39
-50
-62
-3
30
0
-68
113
-26
-287
-350
21
-2029
32
-24
24
35
-71
435
-56
-6750
248
-35
-724
23
48
-16
-58
-53
11
47
213
171
-122
46
11
-226
36
35
-48
-4
4933
-2
-8
-1594
-339
-36
4
-15
7
-30
42
148
20
-3
-165
10
-137
4
197
-311
8
55
223
25
7
47
-674
-11
-10
-17
-40
6
-64
-26
733
3
-1
125
-127
259
273
254
-3
-113
31
45
32
109
-26
361
-5
335
337
-2
-45
-8
9
358
125
239
149
8
2
219
-10
-74
-277
47
39
1
-157
-21
330
-1066
-1
8
-1092
-54
26
1614
-13
390
-319
22
257
35
297
12
150
11
-32
-456
-235
26
-115
-129
-23
0
28
-133
-3
7
3
-13
53
28
1704
4
-8
9
11
-15
-167
521
10
40
1505
360
625
61
-27
6
212
-33
13
168
90
55
-831
170
62
-14
-6
26
99
-16
9
-49
-4168
47
320
-353
-16
-10190
-13
520
-10
-9
-14
-11
34
-457
-7
0
911
-67
45
-24
-8
-4
-283
-310
-42
31
-636
15
5
25
-49
3
2
-387
68
13
-120
-23
-1431
15
-33
43
42
158
-669
3
-994
-47
-403
12
203
9
-167
-2
-10
0
-12
-11
64
-22
-2
-30
308
-50
-6
-144
-1
1445
16
-42
-245
35
31
-256
-125
2
-24
-10
11
19
85
-16
83
-15
113
13
-6
-11
229
64
-235
-6
10
-607
-13
6
4
-4
-35
-4
-117
-122
139
62
365
23
125
257
-267
389
29
-14
32
-3
93
-1543
167
-96
20
21
-19
142
45
137
-13
109
-468
1830
15
2
2
-2322
-3
-4852
-2799
-4
-268
-21
-27
-38
-172
37
-10
54
-104
-100
168
-13
11
1
-357
-42
-18
-49
-20
-176
171
11
2
10
32
28
-5
-15
-27
551
10
-54
3
5
105
1
5
679
-127
-186
-67
26
1047
381
-9
183
179
-4
624
115
30
18
1
7
-139
12
6
77
-83
-81
-190
12
162
-1032
28
-27
-1
-195
3
3903
-205
31
-45
-403
3
-592
4
-4
35
-84
5
190
-11
168
36
-2
-7
56
-25
-35
-329
-31
-1
-394
-1160
46
51
52
163
113
9
156
2
-131
14
17
1
46
125
4
-82
-24
-39
-19
181
106
65
-425
-59
232
-5
33
19
1799
-10
14
7
-154
3070
346
-159
-75
-13
6
360
-2358
20
64
86
16
10
40
35
9
-21
-17
-39
10
-43
-39
220
-7
81
-2
-132
17
47
29
-271
-360
19
6
-82
-106
47
88
-7
2022
1
-26
-2
-619
403
-13
-13
293
-84
-45857
69
6
14
-535
3337
8
-20
-105
-279
5
24
-143
-12
-10
-108
3
-151
16
-171
80
-71
67
-5
29
47
42
-119
-12
0
-72
-9
-178
-104
-12
2
-12
11
11
11
-55
-37
-33
-23
57
-6
50
2735
244
2
238
10
153
-28
58
19
-11
-109
8
-5
17
-1
-29
-26
-4
-36
1
-8
-67
-358
9
-21
233
-401
-13
-2
-4
14
-251
938
-75
25
28
32
160
-252
86
0
-81
208
1
544
-20
-347
1483
0
3
5
170
6
-388
12
-7
-75
-101
-21
53
78
-5
-91
-226
34
2370
109
-6
-18
1
-74
-29
-86
-76
7
-344
3
-13
0
10
5
14
8
862
-3
295
-23
-54
-67
393
-5
6
-31
8
-9
-275
447
-96
3
-11
-177
-3
-2
48
28
155
-181
149
28
55
-1
-1040
2
27
63
15
-548
17
4
-212
674
-7
9
1
-108
-766
-13
-11
491
-3
-9
234
-27
9
205
-209
20
-15
-17
189
33
-1
133
89
59
-23
2
1
-17
5
-69
2
77
667
23
-365
136
52
334
114
-106
-51
0
6
541
-47
43
3
-24
266
5913
19
352
76
90
5
8
-11
-253
366
79
-254
4
6
2045
712
-1
-8
49
9
-123
-9
16
46
-147
-296
5
12
64
37
23
-26
-31
-16
-346
-11
-36
12
-88
252
22
-21
-10
3
14
-158
37
43
1
-462
-114
300
3
17
97
1204
-102
251
-16845
-26
-24
268
-8
702
-63
-12
14
-26
-35
-11
24
0
69
-48
10
-29
241
-178
-127
-46
4
-16
238
4
-5
-14
-10
-6
2
31
-66
52
7
-124
-31
-29
3
51
-216
-8
-22
323
25
-445
-7
-7
-146
32
-235
6
-269
-51
8
520
34
-833
-529
35
-43
28
63
-34
11
-36
-64
0
184
42
-5
-3
-260
-163
1109
-7
-2
3
-17
-9
1
775
-31
-1213
25
-189
-8
-84
-20
-2
-135
458
-858
61123
-60
90
-5
-19
-8
21
53
-49
14
4
-1292
13
-184
715
-93
133
71
-1454
658
-1
81
21
-50
-476
-98
-6
-61
-109
1
2
67
-7
5
11
26
-58
-743
-127
-313
6
-46
4472
-721
-7
-238
-21
-52
185
162
29
-20
42
17
-12
9
-4095
33
15
-12
52
-87
-39
59
1047
159
-227
125
25
-21
-17
-272
11
-45
213
-36
-47
-51
44
0
52
12
-1
67
-16
229
-354
-3
19
-65
-34
7
-2
114
0
531
47
72
6
4896
-14
36
384
0
-26
-26
15
-12
-166
73
129
-359
4
-17
-13
-2
-16
17
-18
73
-16
13
-6
-14
-1
10
-39
33
65
7
718
1
5
36
144
33
-102
-2734
2
177
-7
-96
-9
-559
3
52
340
20
5
-5
27
-24
122
30
-270
196
-123
362
84
462
-7
38
-103
-12
344
-487
20
295
21
8
-9
-199
1
-15500
29
504
-4
-128
1
-17
12
866
5
44
12
-13
-5
3
-12
-183
33
55
-148
42
149
-1362
-38
-30
-37
11
383
20
-332
695
244
0
-69
40
-22
-52
18
-431
-376
-12
-4
-11
55
-68
200
-742
5
-32
5
-266
3
14
55
-34
-506
-19
14
-77
-4
1145
373
-89
137
-505
11
-20
-90
-95
-31
317
2
-869
21
13
-12
-6
-305
337
92
15
22
11
298
-308
-13
-1
9
-4
-17
-1
15
-5
-23
131
21
24
-787
3
1151
-197
-462
-12
-22
48
33
445
-3
13
-2
21
-676
8
-495
-29
-125
-18
-27
-146
-98
-6
-12
-17
63
8
-141
31
34
-13
17
-20
13
-94
950
60
20
6
-32
-300
281
-122
2
-6
529
11
5
703
-244
9
22
64
-11
0
-76
60
44
56
-10
-18
50
-82
-207
-55
-8
-10
-702
6
36
107
120
-14
-7
323
267
57
27
15
1
-15
-50
-201
6
32
-277
16
480
-7
-216
226
2
-17
-183
-105
-143
2928
15
1454
-6
2
-534
18
1
-18
-4
5
-31
137
-59
-49686
-2
8
242
-31
-74
-3
27
95
-3
-29
-8
-19
-8
-15
-453
95
13
15
-24
-50
-1
-660
-25
-33
18
-4
46
666
12
-47
7
-34
-6
-17
57
-29
-881
-70
-292
2
16
151
94
-173
500
141
-14
-60
48
-136
-107
124
-6
-12
31
-11
-9
-55
432
369
-5
435
-18
-5
-20
1
-51
205
226
-9
278
-97
9
85
28
-28
-23
91
-2
2
-2
359
-395
-10
718
27
-19
-3
79
74
27
-117
-1131
957
-30
-17
204
-318
-92
13
-2
-18
-30
-375
23
65
-2
13
-33
56
32
-113
2693
113
388
7
7
0
-6
15
-2
791
7
-124
-90
-60
29
-19
-14
29
-33
-65
-58
0
-83
1769
148
5
-4
-41
5
-519
-105
-14
150
-232
6
1
-28
62
-795
-78
-215
-4
1
1
-6
-1
-626
12
-159
4
-256
8
4
573
-333
9
36
18
-7
28
62
-14
57
118
-16
-4993
-6
5
7
66
-184
-160
71
17
15
2510
4
-295
25
739
-56
47
-1806
268
37
13
-10
7
-287
-115
65
-40
-140
-15
-10
-1
0
-17
31
4803
23
-53
-345
-3
317
7
-599
-414
70
82
-6117
1
-352
14
-333
-19
-2
-1
-51
-8
165
347
10
19
4
27
-151
236
-1
10
0
-8
213
4
-58
-17
1015
1
-13
1
-112
-95
3
15
19
2
-25
345
-91
56
3
1177
4
2
348
-16
-1262
16
-61
-112
12
-5
-15
-38
13
20
-6
-1337
327
3
3
-114
-17
-114
3
-45
-11
-31
670
-3
8
-144
11
-6
1999
44
25
-2
-17
69
312
110
-113
-101
-21
7
7
-62
7
-52
67
137
-105
-169
262
789
7
56
-8
-171
-22
-165
-8
298
-35
-810
19
-67
-412
-43
10
459
-49
-3
-7
10
-26
37
-19
36
-162
39
11
49
34
-110
92
-8
-515
70
4
62
133
1987
-36
-139
308
579
-29
-15
1324
-66
-63
34
-28
86
-63
25
-15
7
-6
260
-596
-2911
-1
-4
-35
-11
13
32
-148
-31
13
-1055
-105
2
57
-2540
1
-13
6
20
-9
245
1499
55
-270
-52
-548
-504
-9
-279
-2
-152
292
8
-10
7
105
84
34
-607
-18
106
79
19
-266
-157
-141
-31
-544
-11
1027
1159
-10
95
-237
-115
-8
-22
-20
40
-31
-95
-78
2
-51
633
-3
6
-5
-27
-243
-13
-567
13
29
28
1528
21
5
104
-19
173
-79
52
-49
3
14
5
-40
-30
84
52
-106
-88
-107
3
-121
67
12
92
18
24
-4065
289
-24
7
1
488
16
-678
11
60
-81
15
0
-15
-4
80
-62
-24
464
-8
67
-15
20
4643
2487
7
2366
11
11
184
3
6
265
-2
-34
9
100
459
-367
88
-47
1
321
2
-25
-39
-6
2
1
-688
35
53
-79
5
-316
5
-20
-30
-65
-165
-773
445
0
-158
29
-42
-44
-10
2
96
3756
3
-40
434
212
362
24
88
-217
73
307
-16
-57
658
-26
-5
4
337
407
59
59
-60
-4
1
-5
132
-356
-35
304
-43
-1164
1
-65
-3
35
-155
-116
-296
9
-2
-225
-19
-120
634
-62
-50
17
29
-311
-17
-47
-69
11
-11
48
-126
50
-271
2
-1
-9
415
-7
50
10
-25
-502
667
14
-11
1760
119
16
-350
9
-9
1
140
-30
-1
-9
24
13
-168
-231
-5
80
208
-46
76
-78
27
-5
-26
6
233
-20
291
13
33
173
-13
56
-15
31
22
-192
42
6
-73
-24
-11
-157
-2
5
52
-1209
-8
10
3
-26
-9
0
541
-4
-420
0
29
-6
64
82
-114
77
9
-48
22
10
-197
-23
-57
244
-244
-51
-14
-218
46
7
6
-34
52
-23
27
-10
-509
-942
128
-35
-46
-6
-33
5
122
406
-24
5
-393
57
-169
-13
67
23
6
9
-323
51
83
21
698
-7
99
-5
-348
-4
-282
4
-20
-53
-54
-4
-100
10
-90
4
-18
-2214
25
-76
-19
105
33
-147
19
988
-1
78
17
339
3
-537
-6
-264
6
-1
-3
-32
-738
-14
2
-994
-44
-88
4
-5
51
-22
-1
-91
-22
-17
-365
-1
-7
11
-4
23
-1
-1
97
764
-10
1
35
-40
0
239
-241
-9
-88
-13
1063
399
-1
2
1
-64
-1
-98
-3
212
570
4
20
157
4
-335
-60
-52
1
17
0
24
110
37
-39
-1
6
213
1270
87
-152
289
-28
34
60
5
-34
915
-17
-16
-455
73
-13
-9
-6
290
384
-45
0
-339
-701
-30
14
-18
-12
-1996
26
40
146
-46
-42
22
0
1
33
13
-75
10
359
383
1615
-32
102
-13
-36
1466
7
67
-226
-224
703
2
-35
-362
-30
31
53
0
27
-69
12
-45
349
5
979
-41
-62
-28
196
-30
4
34
65
71
-2
781
59
-216
-287
3
209
-7
88
-13
-35
1
1
-64
-6
-275
374
-54
1169
0
31
193
-56
-4
-23
15
48
-19
-481
351
-504
589
41
16
-5
2098
32
-101
-13
-5
5
-54
13
19
-15
10
-449
-56
-1
-2
-107
-49
359
-61
-17
103
43
-367
-130
29
3
150
301
8
52
116
1035
-25
98
65
134
17
-51
-44
-471
-311
-40
-4
-59
-9
3
89
-39
-1
57
6
-39
-9
17
8
-113
69
677
-18
25
-2768
-14
-1
-22
141
366
-3
447
3
-230
-6
-9
183
0
29
1215
59
-3
14
-73
-44
-19
-60
14
-17
134
145
-152
-15
-193
-972
529
16
110
-15
-3
-2
-7
-10
-30
5
-23
-42
71
9
-966
-3
-82
-3
122
27
-196
-151
491
383
23
-1
-141
12
-8
12
-31
100
51
-346
969
-13
17
-4
16
-2
-13
35
6
-2
-56
1315
-12
90
-4
-35
-134
-202
-105
34
13
4
-46
384
3
-175
366
-6
21
57
25
-3
9
-230
-33
-11
-4
-4
4
-237
146
79
93
-406
-6
-20
8
252
77
-6
30
322
-1
2
548
25
87
18
7
160
482
-3
-64
22
6
-66
-13
453
-76
7
95
166
-5
-181
-3316
21
196
-5
138
-8
-28
22
1019
-377
-43
-17
58
86
13
1415
204
488
237
273
-149
-7
26
-69
-18
24
-1091
-22
-59
23
4
2034
20
-9
-723
-163
-34
-1274
2
18
-38
828
88
256
54
-148
15
43
-5
-2292
15
189
-41
0
-17
-30
-575
-16
247
30
-13
18
80
11
-4
64
-71
58
16
-122
58347
-1587
-234
68
221
-174
0
8
21
19
26
68
243
120
14
0
590
-35
11
-19
49
49
2
28
84
2530
20
24
43
-543
-3
99
8
2
-2
406
-230
-1714
6
5
-99
-39
-3
-63
-75
-73
12
-272
157
27
277
-36
-1
-29
122
-41
3
-150
-201
-25
-13
-46
2
-85
-39
-6
15
-21
657
-7
41
36
-3
36
10
13
-2
3
324
0
14
-2
-24
3
-67
361
-143
-3549
-38
20
0
-120
-17
120
462
440
-30
-364
130
209
9
-32
20
3
29
-42
58
4
402
-4
2
-96
-35
-43
-371
694
-90
42
6
3
-2
40
372
-129
-81
37
0
15
28
-67
59
-1061
-113
159
18
-2
6
-54
-11
79
-3
64
-148
-3
-23
-7
179
-751
-4
-12
-1
-88
-155
-14
17
-53
-50
4
-2
-11
27
32
-5592
-16
-26
-230
3
99
29
3
4
-332
114
3
-12
-5
-144
-415
43
353
16
-265
-1
-10
63
-35
-40
41
17
29
6
59
796
-397
0
-2
68
-286
691
9
-50
13
-260
-19
1
49
24
40
-141
-15
-11
-122
24
100
35
14
35
-5
-42
-90
-7
-5
488
-5
-2
-71
33
-7
300
21
196
69
18
242
43
-10
-399
0
-4
52
2
46
58
-23
5
-1
425
-1839
-32
-8
269
107
49
1
16
-1
40
63
-76
44
-6
-2
36
-85
157
82
52
-243
-37
-156
2
78
129
1
112
-9
-411
933
18
2
37
-4
-43
264
9
11
-169
-52
-185
260
3
30
-9
399
-108
-115
5
-142
53
-4
-119
7
58
-68
-22
-95
-115
11
21
19
-4
-19
-161
-30
54
2
-24
-15
-28
-167
39
-2
80
-302
24
816
-164
-98
204
16
15
14
3895
-253
37
130
-32
14
217
-73
152
29
-9
537
-38
-69
-21
204
-984
36
54
175
-120
-196
881
10
-46
3
19
-8
7
-95
-7
54
-217
-2
-123
-18
15
-171
3
34
-74
-383
-24
65
-132
31
-15
-20
-17
-33
-36
-61
74
161
-4
-37
36
-327
7
-92
20
-3
-70
-7
48
-11
47
143
681
-384
-4
-86
674
4
-8
-94
-43
35
-167
106
-54
170
34
12
16
-10
16
614
-195
48
43
-25
307
21
-8
47
-410
25
1
-25
-90
32
-1
1
-5
44
32
-92
2
-1
9
-19
0
-11
-1879
-3
0
-4
259
-24
26
-1
62
0
-235
-125
-1614
19
12
7
427
1914
-84
27
51
11
40
11
-219
-3
-12
-17
-1
-351
6
6
359
-89
-36
13
0
20
92
690
-45
-49
-484
-10
227
1838
61
25
-4
1
-4
-25
-1
-52
6
-181
1
-79
27
7
-7
-29
-96
159
2
1373
710
-202
22
2
10
-517
0
6
5
-424
-291
17
16
70
-720
-3
-19
-13
110
3
66
2
186
-3532
40
-8
36
12
-8
-15
10
-295
-15
16
60
-249
199
-923
32
14
321
-1
7
-153
-19
10
29
-5
15
-37
13
17
12
7
-3
69
-26
-77
149
2
16
44
1
18
75
3601
67
-815
218
9
-115
-17
88
13
35
6
-7
10
1
29
-50
-3
292
78
-1
50
2
52
31
-14
363
74
-16
-22
4
17
54
28
37
-47
-358
74
6
-2
-8
565
-655
606
44
-179
-15
231
20
234
-267
-6
59
172
-69
-150
-6
143
-249
547
21
54
-28
-15
-123
-152
8
-874
-18
-2
-52
95
8
-9
232
-204
397
-113
-913
-158
26
309
-17
20
1955
-81
989
397
-356
7
28
-13
-30
-5
49
11
75
-78
-66
35
8
-6
34
110
5
0
13
-14
-28
-42
44
-19
29
-35
0
0
104
21
144
-1
-26
0
-35
-73
33
-54
186
-1
-79
-27
27
-13
-11
201
5
2
88
5
-13
3
-126
-729
98
61
-599
-107
49
-60
1225
47
-696
736
-18
51
424
-958
-291
12
12
145
-6197
-9
-52
55
-337
-14
17
2887
7
74
12
-295
-96
44
9
30
801
3
0
-25
36
-4
171
-7
-30
-7
-19
-18
67
124
-79
6
-67
2
8
35
13
3
112
-32
-750
-89
47
423
2
3
-1
282
28
423
-65
-75
-29
-13
-21
-49
63
1316
398
29
40
457
-359
-65
-4
-9
20
-1454
-439
-17
-49
-13
12
21
-429
-314
42
-31
5
-1547
15
47
-33
-5
11
-1
1
59
-4
3
5
6
-29
2
-64
-22
-30
-208
-18
-14
341
-3
1
95
5
11
387
-2
-723
29
13898
37
341
412
-85
-6
95
-21
35
26
59
-90
-152
9
-144
468
0
-5
-18
-97
364
27
-249
90
168
116
20
222
2
-364
366
138
5
-6
99
36
-32
-16
1207
-114
62
-3
44
137
-15
7
101
32
49
-109
322
112
15
-382
-3
-26
-6
10
221
10
-146
27
-26
-260
269
72
11
14
24
90
101
-16
-75
1
-350
-14
-10
4
5
12
41
-136
-659
-230
10
-1407
17
-2652
6
316
-20
2
-25
4
11
71
9
-181
5
-1
-39
68
-260
0
9
43
1
2508
-56
-60
-7
6
26
38
189
217
2
-2
0
-17
193
-90
-70
-15079
14
-48
322
-82
-17
-226
-15
97
37
-1403
-922
432
-262
83
-3
-3
83
258
-12
11
-4
37
-4
-3
-60
-136
-6
-232
1077
160
-69
550
-11
-82
100
-313
1
-5
-18
0
-137
22
4
257
-720
30
40
129
-9
-6
-1454
-1196
-23
-3
46
339
-258
-41
125
-1679
13
31
-3
-137
-21
-28
-3
16
-5
0
5
8
26
43
-1501
63
-1
-36
-18
21
146
28
565
1035
61
7
95
-813
23
-1565
-32
-11
-31
-18
65
-337
-12
9
-76
-3098
-196
123
125
-2
-87
1909
450
154
-8
-522
-10
-28
-234
12
105
-305
930
-102
-21
-4
56
-11
24
-15
-46
92
201
-27
-530
-13
-9
-142
511
-34
27
6
-6
16
-47
-24
46
30
28
27
-43
763
-964
33
30
66
2042
-3
56
-119
200
-8
-25
7
40
1441
7
-280
458
-6
-9
525
4
-35
83
51
-59
-149
43
-42
-1
48
-31
-31
69
5
5157
8
23
-230
-575
1
-13
1
-1753
6
2210
1670
1258
19
1
2
-365
-105
20
-69
-35
0
68
-4
-1414
1
-11
-145
-91
10
0
-2435
-82
-10
-24
53
1
-72
-99
116
92
10
-13
18
-165
-65
40
496
-1394
-618
-178
-16
29
-469
-19
2084
85
149
5
-859
-3
-24
12
-270
-36
-7
0
-5
-25
123
-15
-8
-48
11
-75
12
0
-248
-19
-45
17
108
15
58
-215
573
66
75
3
13
20
195
53
-143
-633
-37
-13
-590
-35
84
-75
-116
-157
-27
112
147
231
-4
-4722
-16
5
-277
28
18
-75
65
-1
-18
246
-1
195
-17
2
243
22
498
-77
15
-17
-4
2
365
-224
36
-8
-515
2231
60
243
-675
-3
-31
12
-21
33
81
-131
-164
24210
10
-363
3
14
36
2619
2
-39
-5
-9
-5
57
-81
-9
59
1
415
-37
-268
47
-953
17
-15
-6
643
-2
-277
13
-27
213
18
-17
18
-10
113
17
-7
162
48
-1370
-155
11
-393
115
113
92
20
-91
27
-5
146
1
-736
1382
-80
175
73
126
-422
-7
3
34
22
901
314
352
70
5
-4
48
-31
-55
844
1989
-344
-543
130
-19
-28
5
812
-241
5
-142
-4
-64
352
24
-5
16
401
-98
-15
4
-2
-61
-3
-423
78
9
-2
-2
-253
911
0
-2
-46
-5
-6
-98
81
9
-55
-23
-2
-87
21
-267
20
0
25
194
0
0
3
138
1267
32
7
-41
-77
-2
31
-18
3
256
-3
11
1074
-1
0
4
-78
12
-249
-23103
-234
-6
59
6
-360
-13
-23
29
12
-3
-13
-8
-5
-16
-92
23
112
33
57
1
55
13
-161
-24
-47
8
-75
-4
817
-16
357
-17
-64
1054
105
270
1
-120
6
50
-595
-301
-123
10
30
31
-13
52
134
-28
6
107
-2
56
49
34
82
-36
-1101
1
-13
9
137
-188
1
-9
15
111
-91
-15
-44
-22
21
16
160
38
0
-74
78
22
61
4
365
-19
3
-5
0
-14
-2
7
-572
-96
36
-10
-26
1
242
21
44
26
-218
22
193
-8
14
-14
-1
-96
98
-3615
-2
-320
48
34
-21
24
-2
6
-59
-59
-461
-12
-29
6
-12
196
24
119
-2
-60
-40
-6
-25
11
-446
2034
-3
-11
102
0
12
8
-28
-1174
7
-12
162
-43
-6
175
-160
96
49
-95
16
3
-93
-58
15
344
114
0
-53
1259
-47
92
41
11
-963
-116
-11
48
3
-24
182
10
756
-20
18
605
-44
-18
25
145
227
-61
56
-394
-5
-74
-2
489
0
-30
25
55
-781
51
0
21
-16
-6
165
-24
30
36
-74
492
1
56
30
2
27
-18
519
-1381
-3
8
-24
0
-2
37
106
5
-188
224
1
-17
66
-1
18
53
-32
95
11
91
-52
-19
-30
688
-8
-40
-390
83
197
69
-13
54
99
-64
45
-550
13
-5
-11
-5
2
-138
-28
-32
-50
-39
-22
-210
578
-13
-2220
-38
-208
53
5
-1053
-17
-18
-57
-94
302
135
-17
-5
-40
-13
10
68
45
77
80
-457
1
16
0
-11
1203
89
-53
18
61
278
10
-20
0
-4056
-550
7
-210
-589
-50
-30
108
427
-339
-5
5
687
-11
8
619
-22
-1715
-79
-127
-394
-1
554
19
7
78
-2073
-3965
-90
19
7
-13
1
420
-303
27
-56
-60
-5
13
-11
17
-13
-353
4
-16
55
-6
22
30
-44
-11
3
-259
-10
315
-100
-41
-556
-1
-6
-1706
-90
-4
-121
14
568
6
31
201
355
4
708
373
24
-1381
1275
-34
8
4
163
-507
-193
18
-66
-6
-20
-739
29
-10
-4
-50
796
76
-62
10
14
8
19
-15
11
11
46
-20
7
-52
1
-2622
4
3
-4
496
-341
-129
-25
-147
259
9
-233
-228
31
-33
-38
12
-79
132
-422
53
-30
-15
-41
295
2
745
176
-182
9
-231
11
77
-13
3
-145
19
10
45
63
45
36
154
-32
-192
-20
101
16
225
1
-358
13
-91
5
-195
1
-62
-232
-248
-78
28
694
16
-417
6107
-348
-3
242
-118
-1
65
9
-137
-240
43
-10
-266
95
-2
21
-666
34
-136
6
-561
116
19
-24
10
-1
170
-203
-1166
9
19
-43
13
5
-3
0
2
1
-196
38
-9
21
27
0
-89
11
4
-19
-288
23
20
-81
19
81
-186
4
60
48
22
-1
517
-14
-4
1056
-656
-3312
-11
-7
189
17
-534
-78
248
-1
-143
-2
-1249
43
85
17
11
3
32
149
63
1
35
41
-248
101
-11
-1
-184
-15
18
2131
11
0
-365
13
24
-85
10
-432
-145
39
-13
42
1
-52
6
-34
-26
1
-83
-338
-109
-82
-5
383
-19
5
-7
-44
38
-39
10
-16
-481
1
25
-2
-18
-463
-662
-270
-2
-4
-24
-43
939
-964
5
-19
5
-1
382
-237
4
-73
-80
22
21
-14
-9
102
-2
16
-1348
-23
90
-101
-25
-93
-82
6
-2
53
10
-3
25
-6
-49
-13
10
-34
-6
-354
35
-1
26
17
20
-1
-6
1264
-61
-17
-564
-77
27
2
159
58
-1803
8
2
1700
3
-230
704
11
5
-49
28
-119
-9
-1
397
1
-13
0
4
768
6
79
-47
566
5
-17
10
-54
-2
-301
-81
-270
-12
-26
0
-16
49
6
-18
-18
349
-5
-47
144
-64
271
-13
-8
5589
-26
0
3
1703
5
-316
1054
-10
8
66
771
1
-507
589
3
416
94
-128
101
21
3
88
6
-2539
-16
-14
71
3
251
3
6
-155
-16
-134
-309
11
5
-1
7
227
-223
-4
25
10
6
20
-550
-153
-47
8
-38
-16
5
7
17
918
8
-5
131
7
61
80
211
-9
331
29
-55
9
25
380
38
-18
-332
-19
7
39
-13
63
-35
384
95
-2
2
-762
-1090
-24
1098
1
-19
-4
-2
62
-274
-18
-46
28
-60
27
54
-3
-3
-54
-99
1811
-556
-26
1
-38
-21
-523
-59
-13
-11
-6
-97
-12
-62
-2841
-12
37
-49
-78
24
3
-15
21
-852
177
0
-382
-30
41
9
7
194
347
-11
17
14
35
-3
-172
-164
-50
43
-10
-57
-21
-108
-63
-29
-95
60
-3162
-30
1835
154
1
-70
25
-5
-69
-734
4
22
-156
193
137
41
-39
-192
-45
-2
-12
-15
32
1752
804
8
24
127
-135
-53
-134
-3
14
-393
345
343
-8
-27
77
-48
18
-126
5
-157
70
13
17
-9
25
249
6
-15
27
-1
161
-12
-16
1
-6
-56
227
29
-59
80
82
-421
42
3
-254
265
17
-25
11
-13
-5
-182
19
230
479
-51
997
-8
-147
872
-8
-316
-26
-21
1421
33
-3
-3
-29
14
79
-26
-22
5
38
-28
-6
3
1094
-15
72
21
17
-65
9
14
49
69
-40
-139
-441
16
193
76
-124
6
13
13
76
-25
89
-368
34
24
7
-353
-161
-30
36
1837
23
-3504
-7
4
45
53
-131
67
36
-26
5
11
11
96
-45
-19
156
9
-8
-6
23
-1
74
-44
1678
-307
-11
-69
-87
-62
216
364
6
-7
36
67
-16
-37
-410
1502
0
-9
241
78
-33
22
-25
-1264
19
23
-4
1745
57
-5
-25
-39
722
1
4
-1003
809
17
-110
2
-15
-79
84
308
74
82
8
-162
48
-2
31
39
-18
-21
9
-55
-240
-13
-7
9
-31
-116
-29
-419
623
-39
9
-247
3
100
-9
2
-49
-26
-531
12
94
76
-30
4
32
-17
49
-233
10
46
3248
-7
25
57
10
-3
-5
-519
-785
-113
0
-1
3
465
7
0
-10
337
3
176
-13
-51
0
-11
102
-19
107
-4
-8
-15
-64
74
-15
315
10
9
7
4
-14
-488
4
-9
-27
-255
4
-205
35
14
-10
46
-94
-18
-10
-393
-332
53
-19
52
-33
62
124
32
14
-49
1
-5
12
-81
-26
77
117
110
-202
6
-356
18
-296
-6
12
-187
42
-23
-18
2
12
-96
3
-4047
29
1
-14
-57
18
4
44
-17
-7
29
8
38
-122
14
22
-40
128
723
60
-19
11
6
-14
-448
-6
9
-43
-16
-344
-23
121
3
337
-505
-63
216
-240
-273
-9
-48
1162
-1901
-13
5
26
-33
175
-173
146
-25
-101
-978
-86
-18
3
-170
-157
101
188
2
22
66
3
340
15
-17
-2
27
1
-7
-117
51
0
52
-7
134
-129
4
-10
13
34
34
359
129
0
-85
45
8
-21
14
-76
-124
-12
-38
-5
-1
-2
1
-61
-31
-37
27
-1
95
-67
-5
36
7
-2823
12
-25
6
141
4
-44
-9
26
-52
1
3
-245
-31
38
18
-558
-37
-9
25
-201
-37
-9
26
-16
6
-72
-18
-9
-35
12
-254
-354
-96
-28
-25
-6
1
-61
-27
183
-6
-1225
33848
12
-89
140
0
2524
-399
1657
-23
155
28
25
43
635
-1088
33
62
-21
-19
-140
8
10
-493
-23
-6
-4
-2
8
-23
7
103
11
-10
-19
2109
-3
57
3785
8
318
-12
179
-218
1
9
88
-424
5
96
1153
-5
449
122
2
149
-789
198
14
-227
15
-36
8
-6
920
-6
63
276
1
26
51
57
39
18
98
283
83
-1
22
472
166
48
-34
6
-667
83
16
-1356
-19
-19
-9
146
-224
74
25
-24
20
24
-12
-6
149
-9
-3
352
-28
-307
52
-5
8
-5
-817
-39
3
-422
-1
-43
-12
35
-35
-24
-4
-9
-5
68
2
-162
5
114
-443
39
338
12
-256
24
3
172
1085
23
1241
56
11
13
78
213
76
-62
-23
184
-9
-9
-101
138
-63
103
-82
35
-14
-14
0
-30
-16
-210
59
51
-60
-27
-14
34
21
7
-496
400
-10
-6
3
-16
-31
10
-3
65
14
20
5
-20
-141
62
11
-213
12
-370
1
-352
5
72
5
40
-104
3
-2652
-575
-4
-33
-306
-139
-18
-104
-5
-575
99
55
31
-28
354
-14
6
-11
-2
-8
276
34
-1
3
3
5
9
12
427
46
45
218
216
687
-546
44
3
2
-11
-13
17
392
809
39
959
-15
78
-246
11
-47
-1244
18
6
-7
-374
-4
-309
11
-40
80
-14
116
-6
-28
-15
11
429
-29
12
3
-101
190
13
-26
371
-115
14
-24
73
44
-264
42
-18
33
25
-6
-309
99
-12
-89
0
336
14
-1
-171
44
-28
-6
208
74
29
33
-10
0
34
791
45
26
971
-17
-60
-54
-8
235
-35
-39
-26
-2
-12
97
372
2
-36
169
-284
9
15
4
-15
-15
7
-140
4
24
159
15
-4
-50
17
-98
-4
176
130
77
-1
-61
32
-755
-14
-10
-75
-4
-65
-44
-2
-595
-45
61
19
-17
-125
-5
-519
-50
-549
71
37
-352
2
-46
89
23
31
-367
-19
150
89
-8
-64
-37
9
10239
8
104
-197
-73
-110
17
-160
16
-821
105
-1703
120
-19
0
399
-7
-17
304
2
83
481
164
-166
-6
-42
245
38
154
31
-80
-852
-37
-1
-12
-5
-15
144
22
-17
-44
57
-70
-124
27
14
-108
260
52
15
39
183
0
-4
396
162
340
35
2409
-20
-49
-106
31
82
-6
-92
-8
-116
85
-1061
4
1
-16
-5
137
-245
-739
252
0
-384
40
26
66
-67
490
-17
-96
-1145
5
636
-220
4
8
0
28
-32
-54
-120
-253
-20
-2
6
11
-838
14
2
14
-55
354
-12
143
-2
162
-638
330
-11
-206
13
28
-3
-10
-23
-30
39
52
-23
9
-11
12
-50
99
11
1
32
14
-29
31
-14
9
48
-23
-13
24
4
16
-6
-16
27
82
4
-1
-64
-146
925
-17
-27
-10
120
-138
2
35
-5
-913
-984
338
23
-320
9
-4
-66
1138
-4955
1
-58
8
-2
-149
-152
6
89
-37
-9
228
75
19
-1
18
-14
235
3
-68
-532
31
-82
-68
-24
743
26
-36
-135
-57
8
-16
-86
-8
1
8
-24
3
-17
-57
35
63
72
-21
401
21
-314
116
55
51
-1091
80
-30
3
25
733
-16
-868
-2
-66
222
7
187
91
-861
-660
-1356
13
2852
346
-6
-33
-3
-6
39
-73
75
15
-26
-111
1121
-29
-3
-4
32
6
2
-2
37
401
34
0
-26
-760
-52
-177
-26
17
-8
56
-112
-66
83
9
157
383
207
391
26
-519
-10
4
1106
42
310
-12
-32
-382
8
103
-16
12
-3830
-48
-2
-7
94
104
-6
-103
63
-101
6
273
44
-93
-31
-572
-325
152
-11
389
-108
-1
-88
-2
37
1138
144
-1220
-1
31
-2
-272
495
-88
-169
-60
-918
15
-31
206
649
-7
-906
12
104
5
-241
431
-44
145
-20
-26
135
163
-20
9
223
-28
16
-28
-37
28
5
27
1603
-393
-151
0
3251
-170
384
-49
7
4
-158
2
730
-969
92
41
-7
205
-39
-19
-185
13
-44
-258
-19
-77
-30
19
1298
70
8
-35
18
0
2
-13
68
6
-2
-1
7
-45
-45
-199
276
-50
1
-54
-13
1368
-62
23
-722
-69
565
10
-1696
-11
-233
19
-21
-331
-19
10
12
295
-304
9
-29
525
-104
7
56
1552
-3
117
42
-43
-324
-1667
25
-96
11
-23
349
7
-30
32
-531
-404
1
-8
-11
12
51
62
61
-16
13
24
-11
-10
-142
56
-244
-87
4
81
-1667
-12
3
5
128
96
5
-168
-360
-371
5
-8
137
43
-602
-19
-9
927
-55
23
54
-55
5
-22
-47
-42
24
2
26
67
-161
229
47
7
-4
-3
65
15
41
-18
42
13
-36
8
21
-98
-24
850
-4
-98
1
-214
84
-7
45
-590
-5
-42
-130
-628
71
-25
-28
-4922
4
-13
-13
63
-44
-10
-12
-168
-4
-59
2
34
919
-30
-769
-58
57
32
52
-202
-237
-13
-16
-15
-3502
-192
39
30
62
759
0
905
41
12
-3
-61
291
885
-150
-111
-188
6
161
-280
-82
-650
-2172
35
-37
7
-3
-5
640
-50
-2
-21
-9
64
1
1465
-10
-8
5
34
72
375
-5
92
-187
-1
-188
-52
2
-5
238
49
307
1507
-41
227
29
2
-1341
-21
-2
432
918
327
10
-27
188
-107
226
-5
-138
560
190
-55
-12
6
-31
-16
12
11
2
-108
4
-7
16
19
-66
845
5
312
383
9
-1094
-995
-291
216
26
54
-13
-65
267
22
16
-295
215
20
5
21
275
1626
-24
-225
-1959
-8
3
-28
-527
20
-48
35
29
-102
-80
-41
77
91
-15
8
-43
8
159
-43
24
-286
6
-11
-181
432
236
-17
827
-79
26
65
-12
35
-106
55
19
62
-60
-1186
157
-108
17
826
-5
3187
75
-3
-1
-24
32
-3
95
58
-5
191
158
22
75
-112
75
53
-145
-4
45
-42
-14
118
54
149
22
-17
36
-100
12
29
56
-1530
4
-779
-24
8
12
-41
2940
2
5
-34
-91
-49
-1
53
-48
211
-32
-54
-4
-18
47
-12
276
11
3
-2
-190
-484
-256
-191
-136
-38
3502
90
2
-32
-19
-1101
-19
-133
-3
-1
-1128
-67
-27
19
-7
-797
-16
1
-5
426
124
28
274
354
-10
-333
7
1605
-156
16
19
-78
-92
-81
24
2225
39
14
-146
37
-36
35
7
-8
241
305
15
-1076
-173
1408
-115
17
56
1
-44
7
235
2063
25
11
-13
193
-39
-83
-18
-8
6
14
-404
24
53
-173
20
-7
1749
0
-5
15
-6
-67
282
0
12
48
-172
3
9
33
29
-50
-71
7
1270
-429
59
38
4
10
49
11
323
519
-30
1402
13
1449
-50
52
1383
-136
0
182
-13
24
-34
107
-11
44
306
-10
-348
66
-2
30
-3
-43
-1
-373
-8
35
21
-170
-13
-30
-12
-4
-2
-14
-37
54
5
22
-94
-83
361
-43
-14
38
-91
1031
-1
-29
855
376
-24
-1390
1464
41
15
4
-338
-19
7
-491
-69
-116
-50
47
-1953
202
-12
-35
-375
33
30
-561
-881
92
108
-200
8
66
35
-16
-16
216
13
-27
1
6
165
3
3801
-16
-12
-319
28
12
-28
484
21
106
-33
7
24
-12
58
-114
-27
97
-1146
-42
-50
-198
355
14
-300
134
-29
-749
-6
2128
-17
-4
523
120
-221
-3
-109
-14
-199
1656
351
113
-4
132
293
29
-28
-47
-155
91
130
-10
31
21
139
282
-580
46
-100
50
135
-18
-3
-19
-3
-19
-71
152
1700
-27
82
11
-4
-265
-1
173
140
0
10
-32
18
37
-180
-32
35
-13
-25
-212
-3
10
-12
39
-3
-10
4
15
179
-37
-137
6159
52
-33
26
-13
-80
-1
-93
-67
-37
0
12
-2
-645
-3
-88
-223
0
-89
150
398
2467
-1409
50
32
8
-13
-38
-14
69
35
3
3
-109
28
-1216
-7
563
-501
-1
-112
-82
2
148
-19
-1
-2974
-20
166
-11
122
1455
31
42
55
-95
38
-166
34
-15
1
-153
-62
758
6
-46
11
-88
-6
-3
1
-4
-3
1339
359
8
11
39
-87
4
-30
402
5264
-221
30
-17
169
-51
10
8
-26
-5
676
-243
59
46
-10
36
-16
3
-3
-69
-342
-22
9
-6
5
24
6
69
-134
5
-29
12
15
-145
1
-35
-21
92
-14
4
-14
-302
30
26
127
-14
-55
63
-13
-595
-45
-542
100
2
-16
-151
128
9
-189
30
0
3
641
38
-1430
338
-21
-161
0
-14
-13
17
3111
91
-8
-3
-47
0
-17
-151
-2
-7
15
58
-4
-55
52
-31
1195
-75
-21
1
8
13
-21
-6
-34
8
-252
-24
-1
163
-191
288
645
-25
12
1
-16
145
705
2
42
29
36
4
258
-5
16
-131
16
3
3
409
-17
-18
-276
-2
4
65
-40
85
21
-11
28
-563
-282
-97
-45
201
-18
31
-41
13
-7
4
370
-59
8
17
-11
221
-13
-128
-244
-31
-16
29
-91
-9
-962
2
-91
-639
12
9
-18
-23
-43
-94
36
33
-9
254
86
448
1873
19
-1634
7
9
0
15
-10
102
-396
-79
18
-7
0
-61
-1571
-82
-14
18
-11
31
33
88
4
6
6
236
-103
-6
-110
-2
181
36
-115
1
5
1
4571
-19
29
-155
42
43
-32
-23
896
-10
13
-50
208
-142
387
-30
-30
-1
2
-147
-22
-25
25
-24
-174
-2
-12
-17
-16
-214
33
-40
-10
35
-50
88
0
-3
-10
-1
-4
32
-24
8
-348
126
-160
6
185
-20
-23
38
37
-21
101
-254
40
-1468
263
433
6
52
382
-291
-3465
-392
-28
275
34
-7
67
143
-22
949
35
-4
-32
-8
82
-11
72
-55
-7
-1
121
19
109
210
13
-52
-94
212
510
-209
-3
50
-8
11
-12
-21
4
4
-22
-9
-404
400
27
3
-262
66
183
13
-279
-5904
3
72
-56
5
34
372
-7
-46
274
92
45
57
-5
-330
25
-3
3
-120
-57
-88
-2
-2863
132
77
21
37
-203
35
0
33
54
3
25
12
714
-248
13
-4
11
40
-39
-172
1868
-67
-171
-249
-26
-1
-60
33
15
-195
-51
16
30
4
-3
-332
199
-93
-20
-34
20
4
-584
-12
354
-132
23
5
-671
-3
19
11
-53
-445
-20
-6
206
-79
27
1
-2
-13
7
115
-30
-62
-382
28
4
40
98
-201
243
13
5
-1691
-2
3
-85
-1
8
-2051
-4
-58
4
-22
328
63
23
27
-7
-594
-11
-5
2748
-2
-27
137
-399
-63
136
592
-64
-67
-35
1
-607
-12
-35
-129
-62
807
-295
3
-6
8
-30
6
-50
-67
-34
11
10
5
13
78
-171
885
-2470
234
-6
0
30
-4
3
-15
79
214
-5
-31
-67
30
-41
-168
-1
-56
-18
58
8
1
-268
0
5
-134
-141
148
-81
-20
361
35
3
2
14
66
-7
19
-21
21
38
565
5
242
-17
-7
-8
-24
18
986
-8
-8
15
1051
20
-200
58
-43
-244
-1707
-5
3949
41
-8
5
23
-139
50
-4
30
-194
-43
1887
-1
-3
-17
28
8
-7
162
7585
-176
-8
-25
88
-50
252
2
-1
-68
-2
-13
-6
-18
6
526
-5
28
5
247
272
-211
201
-8
644
1
-196
-113
849
183
1
4
2079
17
10
40
2
33
28
64
-104
-35
-10
-8
-11
29
-29
-49
43
51
18
-4
-248
12
35
-2
1920
-176
-14
0
42
-392
76
-73
-9
-488
39
-3
10
-6
-54
329
6
6
-23
66
-16
37
8
-2
18
4
-291
-99
45
-72
62
8
52
57
16095
-17
51
-7
337
-20
2
-40
-206
20
-25
4210
29
-1523
12
1991
-43
-9
17
39
1462
16
5
-35
68
10
517
18
14
9
-281
331
99
13
-37
-53
-325
-29
-63
50
-9
0
-15
-98
84
189
50
7
92
137
627
5
-345
-102
-253
-12
46
-255
-613
-4
21
-1
-434
418
27
-4
-7
22
4
86
9
-13
-389
1710
38
-907
-6
-1
-23
11
-69
11
26
-102
-21
-19
-64
5
-5
179
85
44
493
-4
-34
-149
216
-364
8
-55
20
19
130
114
334
1
-53
-7
17
15381
-101
141
476
23
33
54
13
139
-2
185
-134
95
1
197
-196
1
26
-452
-14
986
11
25
-39
581
175
63
3
-39
-42
0
-31
16
-18
-13
-52
-41
95
52
2
424
-926
-45
86
-5
-6
