17
110
50
36
13
74
170
18
336
20
78
42
23
44
18
21
33
67
4
86
112
22
32
61
19
27
28
75
23
15
13
742
26
26
65
20
35
91
17
128
28
15
15
71
48
50
15
49
49
233
40
48
38
57
7
20
228
34
21
8
45
20
17
37
74
351
33
23
61
28
97
131
32
235
113
11
27
32
22
56
82
37
39
26
25
38
9
31
195
64
46
51
64
34
20
234
97
3
36
240
79
37
25
77
1
15
151
10
55
34
333
21
100
38
32
32
34
56
10
18
19
34
71
30
10
102
19
92
27
50
30
39
18
53
64
15
40
14
33
16
20
25
24
27
23
61
62
50
28
26
37
78
28
63
98
6
105
32
23
8
35
22
26
44
46
283
19
56
24
19
617
216
48
30
38
87
14
32
25
30
19
21
16
51
47
60
153
19
64
34
28
127
17
116
162
17
62
4
5
48
24
6
48
31
44
17
64
148
22
36
16
26
16
16
25
41
33
4
30
20
128
28
64
17
13
22
35
81
39
9
79
14
24
47
76
164
95
73
10
16
17
29
12
19
14
17
190
24
15
24
21
99
54
51
85
23
16
13
54
31
36
25
32
52
35
19
141
58
35
198
66
16
29
37
17
60
46
183
10
34
6
125
165
56
42
53
25
42
166
64
86
13
128
34
24
77
77
43
19
49
39
14
16
38
12
25
18
31
64
32
17
609
191
57
80
38
32
32
57
37
55
16
24
35
20
64
121
47
38
27
24
44
14
105
113
42
15
18
12
30
10
22
25
48
56
30
29
9
26
28
15
7
20
10
27
21
68
26
41
46
127
41
24
80
60
42
18
24
12
25
35
45
100
54
40
27
7
155
78
2551
117
15
64
20
49
20
46
29
105
36
25
25
26
10
65
10
13
6
40
11
25
13
11
18
94
162
37
14
201
45
37
27
263
30
27
44
15
109
23
33
26
35
28
24
51
59
60
30
27
16
34
65
34
15
25
11
12
41
33
10
27
38
20
197
3
477
38
19
39
9
30
42
106
33
38
6
12
58
89
26
18
12
21
10
24
22
34
67
51
19
24
17
33
74
52
761
29
8
141
26
52
13
50
336
29
202
118
53
80
14
6
36
20
35
24
74
41
44
59
17
12
23
21
10
8
35
23
11
199
37
11
17
66
29
10
21
7
28
4
246
22
34
71
4
26
32
68
256
43
16
58
9
48
37
138
173
31
140
47
51
72
1
54
16
95
28
25
26
61
49
23
29
41
20
37
54
14
100
44
26
22
30
38
16
16
44
39
28
98
34
16
25
25
21
98
22
18
33
23
36
8
12
52
11
48
21
12
20
85
16
25
19
27
140
46
42
56
41
28
543
25
124
89
7
19
72
21
36
14
29
26
112
32
20
18
41
25
40
23
35
41
26
10
53
76
28
37
16
23
72
24
90
57
22
76
7
28
21
16
11
17
36
44
22
67
44
57
13
26
39
6
43
25
24
97
35
44
68
34
5
20
16
19
85
18
18
59
15
190
50
25
65
27
29
48
28
40
28
120
36
26
20
67
51
38
29
36
140
26
10
24
18
137
126
21
11
16
18
190
10
10
7
44
22
37
35
37
56
46
85
26
116
54
70
27
36
32
22
39
20
13
102
28
175
29
34
40
30
19
212
35
25
17
20
23
14
46
152
45
123
30
32
30
32
97
90
25
10
53
31
11
31
64
14
291
26
147
25
134
14
23
42
22
61
12
8
59
79
21
28
194
71
15
7
25
34
42
17
30
52
34
26
8
70
6
25
13
46
44
145
51
47
30
9
12
78
32
5
17
22
16
40
68
11
27
44
8
14
17
6
29
28
58
56
21
25
15
61
30
54
7
35
25
10
318
30
106
40
19
128
47
111
48
126
30
29
242
22
41
12
29
28
38
18
207
18
15
22
12
66
166
64
27
45
26
15
19
16
13
52
11
188
44
44
28
28
97
106
96
62
47
68
17
60
13
24
25
37
29
86
14
11
377
227
164
25
27
24
49
26
94
106
24
9
15
107
26
77
7
11
90
27
45
18
26
12
17
15
14
247
29
14
80
27
42
34
14
71
39
474
194
65
26
452
11
13
51
18
22
29
35
16
16
218
27
21
18
11
29
17
14
46
45
75
17
49
25
156
17
70
19
23
9
32
52
49
26
84
109
29
63
11
43
59
19
82
22
57
11
42
102
46
27
93
43
50
51
15
37
9
21
97
7
11
18
23
21
26
58
21
15
228
15
12
328
78
18
11
27
17
22
14
14
32
18
34
14
11
76
23
38
6
26
464
19
26
120
23
22
33
42
23
42
24
25
16
30
75
24
31
8
32
11
38
50
23
17
48
39
28
110
14
21
20
27
20
50
51
50
78
57
233
526
279
25
189
32
10
26
40
14
20
11
32
37
10
14
10
16
66
23
31
111
36
72
165
29
12
30
37
10
14
71
30
62
19
22
16
27
13
22
24
20
25
49
31
42
193
21
29
15
54
30
132
4
26
21
26
31
39
52
34
20
29
43
13
90
50
22
10
25
14
18
131
19
17
22
11
38
246
47
54
22
58
11
18
41
45
30
29
17
22
77
29
19
18
10
31
15
26
15
25
36
13
47
7
56
20
58
26
36
99
44
46
24
17
35
26
22
24
75
92
24
153
53
16
38
37
30
33
27
97
47
34
55
91
14
32
31
34
10
35
187
43
16
27
48
29
34
31
22
14
18
38
58
23
49
61
17
17
21
19
59
28
11
14
17
34
32
65
21
74
30
30
36
45
25
87
13
20
18
61
37
12
9
17
33
12
13
61
30
15
44
545
136
68
75
31
59
27
33
19
30
24
33
38
43
22
1288
80
2
38
21
305
29
30
9
26
35
22
15
13
175
9
32
220
28
32
36
49
31
27
57
13
24
16
27
19
12
21
33
34
76
24
19
20
88
36
9
8
46
36
31
13
35
14
30
31
17
14
702
260
79
25
34
22
56
81
14
24
29
12
176
25
87
19
98
33
41
13
14
49
42
176
315
33
60
112
100
42
10
26
25
325
29
21
12
38
35
128
15
63
32
14
57
18
109
121
35
42
24
24
83
13
81
18
22
40
48
33
34
16
186
59
164
41
14
62
45
39
13
50
7
82
71
57
28
12
47
17
23
32
68
27
24
13
55
41
54
48
75
41
703
13
4
41
22
154
30
7
49
20
104
35
27
24
51
20
69
100
60
51
43
8
22
163
12
69
11
40
177
25
54
25
30
87
57
58
16
42
63
33
59
13
143
33
47
22
10
141
45
53
14
33
6
959
17
14
15
33
30
25
28
41
10
374
15
27
53
42
10
48
26
45
24
54
30
95
11
7
34
35
71
39
32
51
97
11
9
16
22
9
49
52
2
50
59
48
6
26
17
32
52
56
36
43
50
21
46
92
37
134
29
55
20
17
23
91
99
6
18
29
24
17
36
26
24
36
479
19
27
22
5
73
380
29
19
13
18
56
25
54
40
9
18
21
18
29
9
47
29
56
10
58
51
69
67
142
77
363
79
29
61
31
38
12
8
70
235
58
213
21
23
13
27
40
70
37
23
36
15
19
9
27
30
51
28
8
25
28
17
18
11
39
91
7
25
97
24
22
46
50
190
21
12
171
69
13
14
19
19
9
9
36
32
15
23
28
24
63
21
50
24
15
13
10
67
40
5
18
25
24
34
164
13
127
66
46
4
11
83
64
46
24
23
17
88
16
54
70
9
647
19
76
23
18
26
19
223
36
31
58
16
22
44
18
13
137
13
25
10
15
55
12
59
25
52
12
69
81
10
34
24
63
172
44
66
20
10
32
20
9
23
34
42
44
12
23
12
24
7
8
15
36
17
23
26
154
38
32
543
368
10
45
30
18
13
21
100
58
254
19
18
18
35
31
18
30
33
40
40
18
41
117
30
28
15
41
48
35
31
18
9
49
79
30
21
24
6
21
35
21
26
43
21
31
3
11
27
65
14
49
28
19
79
16
18
13
22
74
113
19
38
66
29
26
61
27
12
50
70
250
15
31
145
27
20
27
5
26
46
23
8
154
23
33
25
31
110
42
39
26
27
20
51
125
47
161
65
18
20
52
11
44
20
34
135
34
15
22
15
46
172
7
36
36
64
16
17
52
51
11
14
98
48
21
11
60
23
370
10
20
98
20
11
56
199
58
106
42
9
20
58
13
38
29
40
29
10
8
37
59
36
18
57
37
34
120
471
28
28
38
35
156
43
32
52
31
21
29
13
62
60
36
35
37
45
18
87
109
16
7
11
36
53
120
57
86
47
28
214
21
51
28
44
23
45
5
18
11
26
41
24
414
149
143
41
73
25
10
19
36
35
53
30
39
24
9
22
7
31
178
29
7
168
13
30
11
19
8
52
19
8
26
179
17
19
31
34
17
67
33
60
83
55
145
73
86
29
148
8
94
14
46
20
32
11
60
18
50
6
60
29
31
17
34
30
6
80
40
89
13
48
90
23
37
25
606
50
109
80
30
7
12
18
18
8
14
40
47
250
63
29
4
93
126
45
19
71
49
21
11
22
17
12
35
34
8
29
90
45
7
52
41
10
22
18
29
108
64
29
13
22
71
22
71
26
18
40
35
8
19
82
25
13
34
16
44
18
40
32
8
17
28
4
22
48
36
26
78
32
448
54
2
38
55
39
14
5
94
26
181
12
40
114
112
60
29
34
77
24
21
36
25
6
140
84
50
56
67
55
486
39
66
19
11
8
17
20
56
29
9
103
12
17
193
262
28
61
11
15
97
18
16
7
45
42
15
77
44
62
24
23
11
81
13
37
15
30
41
30
18
40
18
28
41
21
91
23
311
13
71
33
30
60
14
75
47
53
43
53
15
6
41
6
22
20
167
207
33
54
20
9
115
30
37
59
52
19
28
39
42
9
100
2
35
36
66
217
61
102
25
210
30
22
164
183
17
33
6
48
16
30
17
26
27
11
28
22
210
49
12
16
53
135
25
21
24
44
15
422
17
24
23
37
31
9
29
15
30
20
231
44
35
17
29
31
34
23
230
64
24
17
232
63
42
19
24
207
27
17
18
33
18
63
76
29
95
13
5
23
99
53
21
41
34
35
31
20
24
36
17
51
68
114
98
68
32
615
73
9
39
42
66
7
24
20
134
29
10
169
21
59
43
12
36
76
37
33
40
24
9
55
22
25
69
19
18
102
77
13
62
24
19
15
15
75
11
30
14
47
29
41
7
27
236
74
43
45
39
57
82
255
43
27
64
54
11
33
13
21
43
47
40
12
86
16
73
230
18
48
39
28
75
13
19
31
11
100
25
21
32
70
107
77
61
40
226
65
18
31
20
41
13
80
32
43
99
41
28
56
27
13
188
75
39
78
33
241
55
91
42
44
22
38
8
40
108
73
25
88
20
13
25
180
20
43
62
10
76
46
53
26
24
24
20
11
41
14
24
70
17
17
53
36
26
84
21
26
14
28
18
65
144
30
28
33
80
23
66
22
99
31
27
26
21
17
34
24
60
27
17
16
10
175
42
49
41
28
15
15
33
54
10
33
36
96
70
5
25
70
135
50
22
124
18
44
38
10
48
45
27
35
30
58
26
44
21
36
18
32
19
19
11
22
13
35
37
168
30
58
88
20
10
32
32
3722
36
47
104
30
68
33
23
7
44
75
16
58
12
19
54
57
15
23
44
18
16
95
73
12
13
27
95
9
39
26
6
26
7
50
28
34
18
10
70
19
103
16
34
20
41
12
16
15
50
53
59
25
22
65
21
56
14
100
7
22
44
16
31
70
60
46
17
56
7
186
25
22
9
63
9
10
19
13
36
93
13
57
21
62
38
17
32
68
81
30
26
8
18
59
14
12
24
20
46
16
27
23
36
6
10
160
41
50
78
25
20
54
32
24
30
15
10
18
37
20
19
21
201
222
11
33
39
19
33
120
7
31
13
121
27
59
28
10
186
7
6
27
91
31
40
36
59
44
33
16
18
45
13
68
66
39
47
20
16
7
18
6
27
45
16
141
39
75
12
36
52
75
11
32
24
46
8
16
30
17
55
58
54
15
51
112
26
75
29
19
31
26
22
358
18
27
30
41
32
18
19
47
16
112
45
25
20
285
35
48
252
21
37
134
12
65
9
13
50
53
44
276
48
23
28
47
15
28
15
34
115
16
59
23
19
96
18
39
11
72
100
33
17
53
16
176
29
18
371
9
28
24
23
76
33
30
12
19
45
22
19
57
45
25
32
25
28
38
9
193
13
83
57
53
36
13
11
342
38
89
13
19
18
8
33
12
14
8
24
13
75
17
18
45
36
37
34
13
15
97
38
25
9
12
27
8
40
18
40
49
5
74
53
143
18
345
200
9
102
74
27
20
30
48
17
66
26
17
17
19
41
42
94
27
34
14
24
21
73
18
63
16
11
68
76
76
73
241
12
87
119
107
13
13
20
60
21
39
25
41
17
79
45
20
34
45
22
23
16
27
50
29
7
42
99
45
108
14
1508
18
31
24
48
119
59
72
119
111
93
43
4
22
54
13
27
74
15
22
48
22
24
27
94
60
115
55
48
20
32
52
8
16
129
39
39
31
9
77
208
17
104
46
36
26
16
42
64
23
67
166
37
48
109
205
57
43
25
30
66
168
18
52
26
40
92
55
33
6
54
35
33
79
31
19
18
441
13
31
34
56
58
65
190
5
65
39
35
35
35
105
23
34
129
171
27
4
44
36
34
31
21
188
40
384
24
35
35
70
531
19
21
29
16
629
52
4
105
22
12
35
28
124
28
48
78
22
65
17
18
64
32
134
57
39
9
90
28
8
22
24
8
27
55
85
28
117
139
27
26
71
7
19
31
31
675
8
18
35
22
39
16
14
132
16
8
21
68
38
37
54
113
23
64
59
423
23
28
5
8
49
14
26
40
29
8
21
21
163
17
322
7
23
22
9
17
83
19
72
35
11
20
88
20
16
18
29
10
25
28
35
13
25
14
24
75
34
32
112
16
97
16
63
56
13
7
137
42
5
274
5
41
24
31
42
33
4
45
374
27
28
24
18
26
21
33
32
33
144
36
31
8
13
16
47
26
86
60
23
16
73
99
38
24
21
20
23
10
9
52
6
69
85
24
78
23
41
21
48
19
27
53
32
71
36
18
41
45
102
216
192
66
55
8
34
45
231
31
24
71
11
37
46
19
21
33
10
16
18
42
33
63
11
24
16
20
146
10
231
32
101
137
18
55
103
15
105
34
28
87
42
13
11
41
34
30
37
35
43
15
26
27
140
14
29
19
42
33
31
31
24
41
25
65
40
34
111
20
48
24
56
181
17
40
23
116
37
25
42
85
41
23
41
36
19
47
41
34
26
7
66
112
109
36
9
38
8
32
29
65
62
27
16
5
37
170
34
19
25
55
42
104
66
36
12
37
29
18
40
34
1008
20
14
116
76
31
14
32
23
7
11
26
26
18
25
24
9
40
66
49
28
230
11
23
19
17
31
21
314
32
113
12
20
58
40
132
8
24
15
3
63
9
17
30
58
26
792
32
35
144
28
32
59
29
5
85
14
42
19
20
118
29
26
45
35
23
43
14
31
6
82
25
5
31
50
49
35
22
34
40
44
35
1
20
13
61
66
11
48
82
150
13
29
29
58
3261
60
29
37
31
18
45
22
1062
43
310
75
55
15
10
23
14
29
19
42
22
16
20
112
28
11
39
47
23
32
56
25
8
52
50
6
4
219
20
26
53
40
38
13
10
92
44
15
47
56
30
58
46
123
14
43
34
8
7
15
11
93
58
12
10
50
25
38
29
19
6
16
92
97
753
52
88
24
22
43
30
179
32
18
37
184
64
11
34
10
17
29
41
64
21
16
68
26
23
75
19
18
52
41
59
48
31
15
44
26
87
14
23
72
43
30
23
40
22
117
35
41
30
36
7
78
9
28
26
16
120
5
218
22
50
32
24
17
28
55
13
13
68
87
12
24
29
10
13
25
46
24
20
64
17
83
40
30
53
30
18
54
28
13
9
12
43
86
59
27
69
33
19
29
26
96
26
18
47
309
13
68
5
25
10
4
28
597
274
14
25
79
24
30
46
56
22
7
11
92
43
35
45
50
16
12
46
21
13
61
38
13
18
31
36
12
93
72
21
36
11
44
39
39
156
43
45
146
15
65
398
14
50
18
51
73
75
39
17
5
35
23
51
36
31
23
45
37
49
9
8
18
22
104
157
30
37
114
56
31
213
22
25
20
134
69
73
142
53
21
14
49
17
35
324
87
44
19
22
48
77
62
20
107
27
32
52
14
7
13
31
16
87
42
24
55
31
30
70
29
40
47
69
21
208
9
129
36
22
90
7
57
112
21
40
23
32
32
31
56
15
88
51
35
4
119
32
9
43
67
47
721
30
36
43
31
59
395
91
25
68
129
55
19
50
39
75
333
105
74
228
40
52
32
56
70
123
14
18
22
20
275
100
21
53
82
108
11
82
42
20
37
45
13
53
27
43
120
30
13
359
99
21
20
25
64
83
14
204
52
24
17
33
93
37
51
57
13
372
35
85
21
33
16
86
538
33
84
24
113
41
5
16
21
19
53
117
23
29
75
20
12
90
47
29
57
18
51
82
14
93
38
59
47
23
33
11
44
7
26
22
28
17
107
28
17
15
20
30
17
28
129
48
158
54
68
14
28
7
15
27
10
16
40
8
33
41
35
15
27
27
24
12
13
19
16
22
41
313
9
10
19
42
97
46
16
105
18
9
23
29
20
10
17
40
28
214
90
34
24
1397
27
24
43
11
19
11
65
5
116
115
24
168
42
37
35
10
71
28
49
83
13
22
68
167
87
20
43
66
33
44
39
21
39
28
86
40
20
31
17
99
28
22
46
60
53
37
86
47
31
35
13
11
8
19
107
23
20
33
21
44
92
13
57
31
34
16
22
42
46
11
38
13
12
49
220
35
110
42
16
3
16
16
23
8
31
26
46
93
70
14
71
34
11
42
16
49
14
8
27
85
9
44
137
12
18
104
16
41
53
17
51
19
42
10
10
34
86
103
49
50
23
10
35
15
73
16
69
29
104
38
49
15
12
135
55
9
24
58
42
13
50
63
142
20
95
16
47
20
128
20
37
11
84
65
16
47
41
48
26
12
222
72
43
75
24
32
13
62
18
75
27
33
42
29
25
62
93
37
61
33
76
31
79
21
82
10
12
14
22
13
21
20
60
33
19
83
20
3
131
14
33
25
71
46
17
46
19
119
190
48
81
22
14
125
