281
-22
-21
-344
-68
-5
-75
158
-857
13
-32
10
18
32
-85
8
-4
159
23
-34
21
-45
-583
-23
13
15
129
714
-77
-16
-33
-117
-32
112
-11
13
-186
-5
-8
12
42
-36
-22
-127
21
-117
14
46
-28
-1009
-30
-3
-29
1
13
1189
-71
132
-88
-11
-23
135
3
19
38
-285
271
-5
1386
9
118
-18
54
622
-187
-48
-384
27
-429
-73
-470
-3
53
-94
6
-37
165
20
-117
14
-31
-133
28
-102
34
213
-6
6
-18
32
2
-63
-66
-71
-25
-83
-128
1
275
116
31
-22
269
6
-7
213
-265
4
763
-12
-35
-941
-503
285
-29
-21
19
-62
-152
6
99
15
-33
-15
7
92
-4
4
381
-1
-264
21
4
2
-5
-21
18
-4
62
94
-1
-23
-90
-53
-3
-65
-59
-46
7
-5
-1
80
-188
78
40
-39
1780
270
32
-47
43
446
1696
-1
-61
33
-1018
309
-30
-13
2
42
-295
6
15
0
45
-130
-55
-85
50
16
-104
13
1886
-67
-247
27
17
219
45
242
-212
2
-35
-69
602
7
-70
-35
-488
23
113
30
-62
11
3
-29
21
150
26
113
-7
-34
230
611
-8
-481
168
-7
299
-2
-622
45
-745
-103
41
-111
1093
-119
-10
-27
80
373
-21
27
31
-200
-38
-99
-2992
-35
-19
-104
23
11
1318
-7
-3
0
-377
179
-83
25
13
12
-187
-14
-8
36
44
15
112
-8
424
-12
3
-39
6
-15
3
0
409
41
-28
-591
50
147
29
9
168
-642
-8
-31
-25
-8
-66
2557
-106
77
-112
11
60
343
221
-18
89
-137
-42
33
-55
-17
-2
-16
71
92
27
-5
-92
-372
184
-1655
9
-26
1430
15
4
9
-773
-228
24
17
-33
6
136
270
-63
7
3
106
-35
4
-17
353
-35
-2
26
53
-23
-24
67
11
-820
-155
-441
20
-21
-22
5
-26
5
141
3
153
64
25
62
10
19
173
103
-708
527
-30
6
33
-156
-46
93
174
-157
-85
-87
-8
-930
-105
87
1
2446
10
-47
-83
-67
-146
-50
-10
-9
1
3
164
33
-3
70
0
67
-753
43
-257
10
-247
-152
-318
22
-403
-47
-113
326
-169
-71
-24
283
32
-540
201
-427
3
-145
-2
166
-18
-36
-528
-3
-106
-62
150
-1
-31
-23
-58
-36
7
55
-3
34
-16
7
188
193
385
16
16
120
1037
-56
-86
-21
123
-1105
8
161
24
393
-41
-14
41
15
-13
-4
141
-880
-79
-183
83
-13
-51
125
88
-67
-38
-11
6290
-18
-63
-14
12
34
10
-9
36
-35
-82
785
102
-105
7
-29
-37
17
106
84
7
-621
30
-32
-98
-2
70
-68
0
1
24
55
35
266
-73
111
-783
2
14
54
-9
-4
-72
1
-4
62
-135
-636
-10
156
92
-295
12
-35
-67
-72
-81
-21
-7
194
-24
22
-5
119
-15
3
207
721
-5
42
-108
26
44
16
12
-1032
-14
-26
-46
-31
-44
25
43
-17
110
-3
-82
42
-64
506
-20
22
124
72
-209
131
71
89
8
441
-16
-5
136
43
-160
-23
-348
62
101
18
-330
580
385
1
-148
1397
-135
-36
-23
240
29
2
-153
12
69
-26
2
-27
-99
-131
10
39
-195
-84
-129
-251
-14
26
-255
38
-157
-71
-81
-67
-48
66
587
-16
83
45
108
-97
39
-30
-22
-44
-52
49
-40
9
81
-93
-225
161
3
13
-79
39
56
-12
-10
-93
32
63
-8
260
-67
119
8
-1576
238
204
-422
13
-11
5
-3
-269
-17
-13
-1
328
-71
-186
-15
338
2
-17
45
-52
-396
-4
-128
4
352
-6
-61
15
33
-557
-547
-23
9
145
-115
-63
-288
29
-87
-40
171
-44
36
67
371
-12
35
57
24
17
3
-22
1147
-4
-19
-138
-854
2
-174
347
-194
-51
154
18
-25
-20
-20
-59
-10
-139
-118
-22
-32
2
-45
0
-222
-81
-6
320
-4
340
-76
-22
545
-83
1408
-214
156
50
50
-30
-92
593
-37
1484
35
161
-43
-13
5
21
19
41
272
-72
-32
-102
327
68
-21
-428
1
143
-144
-149
-28
-27
399
17
-25
1429
-392
6
-32
-28
-119
-121
-8
9
-27
-14
-88
273
-170
-227
-42
-38
38
-6
-10
-12
1033
133
39
-33
1
-6
106
-9
-31
128
9
43
-61
-173
10
1
1926
144
21
-30
7
110
-2
2
-720
-50
-8
12
142
-48
-523
51
1556
-1447
-47
79
-908
-3
16
-80
-29
-70
1
5
-86
-93
-20
-307
-163
-12
-3
59
232
59
-590
-28
5
-7
116
-21
12
10
-63
-86
9
-2
-58
77
-278
19
120
27
-30
28
213
79
-190
-397
21
-53
-2094
-15
71
5
-2
8
-3
-22
145
-22
41
104
20
32
38
-16
93
9
24
-58
-10
-6
8
-267
302
-32
-8
-804
-158
-10
-5
15
-14
-66
-2905
9
30
-29
-131
-20
3
23
25
841
21
-34
-104
-535
-99
-401
-72
35
164
35
8
-92
-11
-115
34
1
-12
3
356
-43
21
-166
64
56
1
-9
-58
355
80
-101
-171
23
-78
-10
19
-424
-1828
-1
-1
83
-21
-3
-90
27
-64
32
-10
22
-35
-165
-19
-460
-3
-4
93
-7
-13
78
-366
1
62
758
-29
73
39
-46
31
-51
11
-265
59
-5
-28
20
-14
93
3
15
-6
839
-27
-28
-25
-11
18
-2
7
-51
6
-64
-104
-1190
4
71
-148
12
-12
39
7
-2607
19
16
4
501
405
360
-31
-44
-1008
0
138
38
8
-63
-24
-62
-64
-84
-684
-1
33
-280
18
10
34
-47
-13
135
-123
-349
2968
-349
-467
-35
7
-8
-152
14
-12
6
716
79
31
-122
89
331
101
-213
-152
179
92
588
-36
17
7
12
-676
-87
-207
-96
-289
5
870
3
1
-13
783
-191
458
58
-43
-22
47
22
-493
-22
-29
-66
49
-28
-14
-142
-29
3
-188
53
48
30
23
-20
-177
-160
-205
5
-141
-16
-7
-5
-425
1
1248
-21
-276
-5
22
-6
33
27
-17
18
-44
239
-40
536
-16
144
-129
-1
-8
34
-560
29
3
-20
-195
-1054
4
34
33
-14
18
-49
-215
-28
15
60
-6
1538
-28
-18
-9
-189
-164
-109
-30
-9
467
213
-51
-41
-350
-391
17
4
-2804
30
-18
12
-83
14
-883
-14
-1756
-15
38
-20
-7
-268
-839
-1
223
-5
148
7
-19
68
-113
6
441
17
2
-95
105
588
3
335
30
-15
-33
61
78
-28
513
7
-128
94
194
10
40
-790
45
-11
-1517
11
-56
-7
-76
-9
-189
5689
-6
20
16
517
-408
-459
7
-10
-55
6
-718
-44
-12
-58
-542
5
-122
-59
30
-14
-28
-499
-39
36
-18
4
-15
-152
-8
28
15
244
68
216
12
-353
-7
-104
6
-12
-43
2159
-64
-70
1
412
-24
-26
-9
-16
-31
54
-61
-3
142
-10
339
6
8
26
-7
362
2
254
12
-976
116
-44
-47
164
-192
-594
11
-7
2
74
-55
-66
55
-36
34
122
-17
-480
-3
-83
52
-206
4
-1504
8
-52
343
32
-51
10
-691
-145
9
3
228
7
-33
68
-132
100
510
-119
279
-5
-53
19
0
284
0
52
472
-169
-983
2
4
-30
153
132
-23
-230
-51
-2
-1
962
-20
163
166
335
-93
40
-1591
-6
0
-4
-475
29
-161
-36
-11
4
40
53
23
1
3
-411
-151
-76
-36
-9
-202
41
38
26
-7
-7
-18
15
-12
32
20
-105
-24
20
-127
-180
-7
6
1
595
-14
-9
20
-10
28
69
-10
-220
58
102
-27
88
44
-44
-35
-14
426
77
26
-306
-15
1
70
-15
-233
-183
39
-8
-13
-9
-4
761
160
13
1540
18
10
-107
-24
-3
-11
-33
63
-1557
-6
-18
-271
6
7
5
4
8
-120
7
-2706
153
11754
-107
-25
-2
-362
186
47
-56
-113
82
21
-54
1002
-149
136
-331
28
21
9
-252
-12
17
-47
5
-49
-19
176
8
0
-961
-141
-99
233
100
-95
90
79
28
24
114
5
34
20
-22
16
-6
-177
-16
0
-117
-62
22
87
35
24
-7
-9
1
-40
-139
-54
-6
79
23
-10
-304
8
-15
24
15
0
-953
307
-56
-115
-513
-25
73
31
-153
-21
15
-77
-7
8
-228
-9
-165
-154
-49
16
18
3
-43
-36
80
107
6
4
32
-13
13
2342
1
-28
-26
-2
-355
-74
7
15
-1
2
-331
0
11
7
-8
42
-57
273
-116
26
108
-30
-4
4
-27
47
-33
-353
-18
-60
-15
4
167
2
-20
623
-9
29
-26
27
-24
-18
18
126
47
-14
-23
68
40
-1
-169
-38
-78
-110
-467
901
-33
-7
-13
-97
-160
55
86
34
-47
-560
-23
42
-105
-87
12
-43
860
4
-2
53
30
52
174
-55
-177
-93
-18
-50
5
-37
-167
756
-198
-45
-146
39
-22
129
41
18
-35
-974
51
-140
-141
-1
-3
148
1463
-4
-289
-89
3
88
-60
69
522
-400
-123
215
-33
65
-26
116
-90
2
127
12
-12
-190
138
171
-54
-362
-13
-9
-1342
54
-183
1
113
-28
2807
-48
-2
49
152
-141
-28
2
70
-83
-38
-1
-15
-1
75
-117
-128
0
-66
-419
-118
64
6
-169
-41
198
53
-213
-23
1301
-47
-19
-56
12
-45
47
22
7
19
66
-32
-18
-29
101
-22
47
52
44
49
94
184
-34
-44
517
-47
154
1
-59
30
-5
742
-186
16
22
-10
36
-14
-7
-64
162
17
451
33
148
-885
11
-176
-1
1552
-52
-34
133
120
-8
47
145
-43
70
110
33
20
-100
-83
-179
-494
-46
-54
-4
-56
-10
-59
3
20
-643
-28
-204
-28
41
46
163
-4
-763
1
-5
-3
3
17
24
14
-18
40
198
463
50
-5
-12
89
687
1
-86
37
-37
164
-40
1
-63
94
-46
6
-21
94
205
313
146
187
-4
26
113
-22
-365
-15
26
-21
-18
-46
85
-173
182
-1156
51
-29
-9
9
-15
115
-53
-68
-5
25
-31
-9
-404
43
-43
-2
708
-14
36
25
-54
-27
48
359
65
1
-16
14
4
-1006
6
79
-9
44
22
-28
113
-11
23
-37
-21
46
187
29
-390
1
20
-15
47
98
-70
1
64
66
-27
4
-13
30
-100
-52
23
-103
-111
-21
98
190
38
54
134
40
12
74
117
26
-20
211
212
59
-27
43
-9
-1436
-51
18
48
234
-15
41
29
-246
17
-274
8
55
-320
4
-209
-41
505
11
-268
202
-37
-2
-7
31
-97
-107
3
9
-5
36
-165
-39
13
25
-16
42
-17
143
356
6
-8
23
-54
31
-4
-44
-43
101
58
-16
-27
207
-2
7
-1286
-66
-51
-65
-173
-20
-511
-25
392
75
-18
40
37
84
44
2
-124
1
86
-12
-4
11
-31
6
12
-378
22
-25
-99
-16
-47
-240
-35
-91
-26
-16
-1144
168
53
-19
44
65
-81
4
86
-15
-75
-109
-11
74
-33
-550
8
-153
175
-20
27
33
-5
178
-11
-5
-6
-1354
30
-12
10
1448
33
84
-13
-33
20
-107
-33
111
8
67
22
-92
683
-6
64
6
-2
24
-82
2212
-3
146
27
-422
-72
-73
-382
-7
21
23
-49
2
419
36
-111
-7
42
320
-5
-16
174
-12
83
8
-259
-54
-6
-19
200
-96
-12
18
117
-53
3
17
8
21
22
-44
13
54
-3
-157
111
9
28
-1
41
-10
-30
-49
-42
15
-87
-53
-44
-24
101
8
3
-23
4347
89
126
7
586
1299
527
30
0
-182
-15
19
163
39
1
33
28
27
-14
16
65
-31
44
-54
-14
52
1190
-80
-8
657
-20
47
11
-12
39
-3
-74
20
13
-31
71
-34
127
153
-15
-62
2
-123
38
-4
14
1202
-492
-7
-39
-60
-29
-10
-7
32
-154
547
-137
-24
0
41
413
-4
-57
4
-30
24
15
55
-1164
24
-6
-320
-47
-128
6
12
26
600
45
3
30
-15
88
14
5
103
2
-51
28
-30
40
-20
89
-45
-11
2
716
-1952
155
-66
28
8
-200
28
32
-426
-193
-1
66
22
563
49
-114
3555
5
3
58
-2
-171
-108
174
-27
-64
50
584
-202
-39
-32
3
-86
-34
-21
222
100
49
237
17
13
33
-89
46
0
-1
29
-132
28
-41
42
-34
-15
40
909
34
-1
13
2
38
-13
17
-5
-53
-733
-189
-1
-105
-24
-7
-78
6
-16
-8
-110
-17
-2
-4
28
-118
-13
13
-11
183
-184
30
9
-201
4
385
-1148
7
-19
12
-379
-354
171
-37
1
0
-8
11
16
-106
162
-8
6
-162
231
-486
-43
-6
10
-27
10
-45
1
-3048
7
-1134
24
3
-8
-139
-693
3
-27
132
-18
8
-68
5
-81
16
12
-1
-36
-2
8
39
-88
4
91
28
32
5
-6
23
-33
65
-8
-56
6
-73
105
264
68
-72
96
25
-119
-2
388
15
-93
91
-106
-11
56
1745
-157
-36
263
-7
-196
339
-25
-38
-3
26
-356
-199
346
41
7
-7
-453
-88
59
47
-89
-576
7
-13
198
1246
-4038
-104
-1
19
-48
-126
-186
-298
-399
-16
25
-15
146
20
-244
56
-210
-5
124
-51
16
255
43
-138
-50
-34
-8
1
-12
454
-81
16
-1148
-201
-413
-18
-11
-5
12
27
271
34
-15
44
-9
436
25
-29
123
16
695
-70
31
-260
121
-37
-16
110
-53
-9
-275
13
29
-23
-92
-3
108
-3
-138
10293
-57
0
10
-29
-450
26
-71
51
23
-10
6
57
49
-13
-14
3
49
-56
2
-73
-543
152
4
-2
292
2
82
-47
-33
-469
-26
38
-85
-85
9
85
9
-14
54
175
-7
-251
-67
28
-14
-19
280
75
-41
-40
-10
78
50
751
60
150
-18
303
-90
-12
190
313
650
8
-4
-25
10
-132
61
0
175
17
136
1
-154
-91
10
25
234
-6
-94
2744
9
-59
-323
51
6
-142
-52
1
-21
-48
51
12
-20
-114
-8
24
-359
11
20
18
11
-1068
-87
0
-2
-61
413
-34
3
24
1
-1202
0
-37
40
145
12
-962
-40
96
18
102
-4
12
-59
12
182
-1
1
-14
-68
1
-160
-50
111
-16
-22
582
114
498
-9
49
62
22
-13
4
-114
152
8
-59
-13
-397
1429
11
-4
-10
-4
0
-66
-7
-10
41
3
-512
130
-17
43
651
-63
68
56
7
111
21
202
64
880
604
113
30
55
75
-12
-2894
-5
22
47
13
-30
-521
269
-1183
20
-3
-233
4
13
-170
-260
2128
17
124
-364
-104
-94
50
-510
21
28
89
3
199
-99
-273
-6
-18
-624
-381
-80
52
-10
126
-8
-23
16
-6
-301
6
840
-107
-57
35
118
-4
-64
-308
1
-10
-26
5
-406
5
3490
19
182
16
250
139
-28
6
-103
32
15
265
-7
10
-56
-70
119
1
60
4
32
-63
101
-711
938
-8
-12
-2
59
-149
1064
5
143
-78
-150
23
95
-5
51
9
-287
-207
337
-12
7
-1379
-53
34
-27
16
90
44
11
63
24
-1006
-83
35
-5
-25
-14
211
-34
-3087
-243
34
4
-48
33
47
100
20
-16
12
-310
-638
-38
-16
1
-20
106
-1444
7
16
-187
-17
382
9
6
757
17
14
-55
-206
-470
-10
4
197
-391
5
13
-229
39
114
58
-105
504
354
-41
29
598
-13
23
114
19
29
-5
88
-2
-4
8
-76
-30
16
8
43
-45
55
-4
-14
26
37
-20
46
15
156
325
-70
-47
61
-46
30
-23
19
-9
-13
127
-27
-31
87
59
-86
1132
-24
667
-367
-74
30
29
3
18
-54
-42
104
-251
-548
8
-17
-18
10
-77
557
87
-82
65
-24
-43
-48
38
-25
188
-42
-27
5
10
-7
32
-228
658
-45
-257
-353
585
-40
-35
-214
46
-30
-56
-17
106
1143
58
-20
234
39
4
-4
33
-2
-837
61
-38
77
62
-782
-21
-99
21
3
-51
-96
1
175
-609
2
-112
121
9
34
20
10
-346
55
9
-15
9
-155
16
939
3
-17
287
-368
34
-164
-14
10
-486
-30
-27
18
-141
821
9
-650
-20
-99
-126
20
-27
26
-11
150
4
1749
28
344
-156
-177
-90
-1
-49
41
11
21
-35
42
-3
7
31
-55
-15
-42
17
30
13
-37
-23
13
-58
-25
-269
46
38
-195
-647
74
37
1133
39
-329
5
62
103
42
2
-21
-672
-26
-547
42
-1
12
-42
-30
-32
-207
156
-25
401
-32
73
-556
-53
-152
22
1
-420
17
-12
237
-1215
-48
-58
-40
3
128
-304
-69
778
-11
-2
-141
-285
-54
133
-130
-78
3
-18
-21
-41
82
76
-65
117
-36
0
-3
355
3
96
118
104
-11
63
-18
11
59
-123
-191
6
-100
-15
-9
183
90
-10
296
4
26
50
192
64
-26
-53
-53
-27
-9
4
-8
-75
6
26
-17
193
25
18
-220
30
-88
-69
222
-87
775
-50
0
-946
24
-12
-40
1
51
-1
1060
132
-30
-29
19
9
-3
56
20
17
-61
41
74
-80
102
-54
6
817
-2
-117
91
8
162
-47
980
-17
-18
-189
4
-351
37
35
-10
1843
-24
18
-1
23
-7
-400
0
7
2
85
46
-2
8
3
61
232
-12
11
25
-6
40
48
716
-30
-42
119
-112
-14
13
11
19
74
-419
52
923
9
84
-278
214
-118
17
-172
-256
-26
8
-217
3
60
43
-21
16
-65
436
80
13
-79
-70
-496
-62
992
-24
-32
27
-49
-15
-89
49
3
-9
-79
-55
87
2
66
-31
133
-11
-6
10
-16
18
-106
274
546
142
41
255
129
9
60
22
594
4
38
-6
4
1326
-8
197
-11
16
-12
-3
210
-27
-18
147
30
13
58
29
-199
577
82
-900
351
8
-143
422
-606
-345
45
75
-63
6
7
55
207
-157
-57
324
11
-391
6
35
-11
-9
62
46
-1
-10
-52
706
-20
72
-14
75
130
38
-1052
-11
0
2
-23
-677
34
1
117
17
662
12
-89
19
32
281
-138
-41
20
61
-16
21
1452
2
-16
-58
-7
63
18
4
1
80
5
-39
232
57
198
-82
-6
-25
-55
380
-8
-7
-10
-67
95
-80
-53
73
-1
284
117
-14
489
54
-411
-345
1
7
37
58
-1
9
30
-15
-10
-5
130
67
3
753
8
-117
-40
-7
-9
-10
-26
39
-56
-7
38
3
0
107
-90
6
31
-23
-100
-25
99
88
-94
-192
-69
30
-30
50
10
-19
11
-501
124
10
134
-40
-119
680
-18
329
37
-25
-271
-45
103
-144
31
-93
-21
-311
35
-2
-151
-90
-202
-50
9
142
146
-45
-7
46
-538
72
-9
57
34
-2
-14
25
38
-79
15
-21
25
-1
-668
15
-67
-415
-25
-347
16
-6
19
-19
35
7108
-7
-48
-465
-70
-9
20
-434
6
-171
35
57
-54
-72
2
51
49
-63
22
84
-53
-1709
154
19
-8
-5
-85
76
-13
-76
103
22
319
-47
153
159
-404
-181
-3
205
10
-43
-104
-9
-173
-94
-3547
121
-739
-144
374
29
2
6
123
-176
158
-22
-34
9
-424
-25
2
1
0
41
100
-44
46
4
-73
-49
26
32
-1
-100
-197
-20
-196
10
1358
-518
-9
40
-1588
259
92
-841
19
16
-28
1956
29
28
70
-3583
311
-716
-198
-57
-164
630
48
41
69
-18
15
-16
-26
43
-31
-130
647
14
-17
-22
-11
-87
-8
56
13
7
3
165
144
9
2
28
-61
118
-81
-21
151
-66
77
29
-52
-16
-116
-159
-384
18808
24
-2
-287
224
18
107
20
30
-219
-58
-78
-3
-52
107
197
354
25
-69
36
-15
-172
267
3
-17
-6
14
-4
-73
32
9
329
223
-3
-199
-18
-380
-475
-246
44
-52
-136
21
179
-190
13
5
-9
20
-14
13
1738
-7476
-68
-394
9
1516
25
11
-43
26
403
-22
416
-146
-4
-2
2326
-35
132
193
44
4
31
28
3
-8
196
0
-5
-18
7
0
36
-2
-46
54
188
134
-70
-20
-582
197
3
-1154
219
46
73
10
35
1120
186
8
5
1209
50
39
6
-86
-363
-3
-75
-4
48
549
14
1122
-114
-69
739
16
12
-22
-3
30
222
5
12
-12
-32
-27
42
238
-30
-5
50
3
31
11
-32
9
47
139
-43
475
-72
-21
10
506
1
-21
8
-63
8
-72
1
60
-157
2
-139
-101
-25
2705
16
59
30
71
-3
-1151
397
15
32
70
-6
-119
-1
16
5
-35
23
16
5
-60
-1
-4
-46
34
11
-10
5
-7
49
205
-43
-40
85
14
-54
-52
7
538
-46
-54
-4
3
-2
685
-8
-1660
-156
11
47
35
53
11
-4
297
-32
-218
-40
-177
53
260
135
8
2986
100
-2
16
-149
189
22
-144
-36
-12
-24
19
-39
-27
9
-3
-10
-7
84
-25
222
75
9
25
25
-33
-8
48
-5
61
148
-151
1098
-49
-41
2
2
-13
1
16
-9
-10
4
3
-118
-197
-18
149
27
134
-5
-45
-48
20
-88
46
-120
-5
-46
-22
-171
11
732
471
60
-4
-17
4
10
5
11
248
4
-5
-135
-2151
23
90
138
1417
11
-111
27
23
-87
88
-22
4
46
128
9
0
-156
66
196
137
-2
-2
-607
56
-22
-49
-12
-26
14
112
315
-637
41
-38
-2
-101
-331
349
68
-19
-182
16
-306
11
42
-23
-35
-474
-1
-2
60
0
-28
12
-38
-59
47
43
-79
201
-4
-4
-41
193
73
13
1
-26
-16
37
41
34
-8
-1
-109
2089
-35
1067
-3
-89
54
3
-161
43
73
319
-381
119
-29
-21
79
-9
-14
-70
5
-18
-24
-36
-166
0
34
59
978
54
-13
37
20
179
1370
81
-181
-52
2
-559
-54
59
-187
-56
52
25
-11
-41
0
1
-12
22
13
-209
80
851
21
789
-67
0
45
-24
-22
-320
14
-2
3
-829
17
-17
-54
-351
491
20
49
25
6
428
57
26
-2
-7
-786
-184
-13
35
-45
15
9
37
-30
99
-8
-35
0
1738
47
-79
33
11
-1322
25
-5
-12
-88
443
127
-80
208
45
98
9
-82
-6
265
30
-134
-29
1490
-66
-771
-60
-137
19
1378
87
248
-38
1567
30
13
40
0
45
4
20
-409
-470
46
-19
-36
-329
-11
-820
-43
7
-20
19
-9
36
-59
8
-603
-453
-6
-13
8
59
-129
-54
-218
19
83
-117
-51
87
70
-137
505
444
7
-65
-32
46
11
11
2
-4
-102
-5
9
27
-21
10
88
443
9
10
30
-6
4
15
14
93
-27
-5
-10
22
22
689
-138
34
-75
180
-44
50
8
-7
25
-24
11
26
-21
-179
567
-112
-5
-143
-21
48
-9
26
19
30
214
18
-4
-117
80
56
14
16
32
-32
873
-26
-50
288
349
-20
-9
46
-51
-14
-201
374
20
-130
-114
-758
-733
-248
33
52
-2
38
-133
-1
-49
63
18
-186
-547
-77
-75
20
-206
-126
4
-102
43
17
-26
93
-26
-8
58
-4256
-40
194
-457
-44
9
23
-92
-33
-1
72
20
-87
-64
-77
23
-16
77
42
-7
953
-76
94
-13
24
-44
-89
426
387
43
17
24
76
-10
-61
-402
-366
-59
293
171
276
9
21
-12
11
109
797
-67
53
158
-40
58
5802
53
-30
15
-43
81
278
36
159
1
-500
7
-1756
3
-175
-13
301
-66
4
59
1
-245
-10
61
-171
10
8
963
20
704
34
403
4435
131
58
51
-7
28
-57
175
112
9
6
87
162
16
-22
-9
8
57
-12
11
-145
56
94
74
11
102
-78
552
23
9
-11
-314
365
14
-76
-76
3
70
-24
162
139
-34
-22
-7
-667
18
30
-18
-4
29
-3
131
39
-191
-24
-407
-89
6
180
14
54
7
18
-18
-1584
0
-16
-37
190
89
13
-184
-1031
71
1013
93
-252
275
-16
17
11
43
45
-100
113
-136
25
-75
-605
-8
95
-14
16
-280
-7
-871
161
109
-46
-75
-3
6
129
-69
458
19
184
-47
-1300
-38
-135
143
4
-20
-53
-43
-47
-9
-20
13
194
102
-25
-41
-163
13
42
110
73
24
32
1
34
23
306
-50
-2
-6
-38
12
-20
-115
-32
103
1181
235
-87
577
98
1240
7
23
548
-29
-17
-148
-79
-39
30
-11
-80
-807
-37
-55
84
-60
161
65
-2
85
-166
-1356
7
-82
-28
54
3
97
38
-1
-265
6
-11089
-230
-60
21
743
167
-4493
17
39
-72
-4
-58
-3692
-11
159
-135
-40
660
-115
61
-4
-123
31
1
1503
-67
1
-159
-61
22
-113
29
-3
107
-4
-102
-18
-24
13
117
-18
0
-86
-13
-3
20
144
31
36
37
71
-1
-2011
-40
-14
2
-112
113
-296
53
864
18
8
-29
421
7
-237
-402
-8
22
39
16
-90
54
-14
-208
14
20
-7
43
5
-40
23
47
122
-22
-197
-60
2
115
5
-89
-5
37
55
49
-24
24
11
-23
-116
-8
126
18
-5
87
17
-38
-260
-47
7
-190
13
50
57
210
-8
5
1302
17
65
-92
-6
-2
493
699
76
-20
47
-48
53
-6395
13
-9
-23
-6
12
-15
19
17
0
363
4
-56
71
78
217
-33
316
31
-28
-26
-21
62
-32
-2036
54
-112
76
-9
-104
-26
5
-72
-65
0
-112
-9
-6
57
-58
-33
-36
12
-115
-28
7
4
-14
-73
60
15
-3
28
-26
8
1375
71
-23
63
1
-24
46
-24
-496
21
81
-61
28
-2
-154
-73
-2
37
49
-4
15
296
-49
-104
-593
-20
-1
61
-28
1795
1678
-13
1365
2
-49
-705
44
58
19
-25
-36
-26
-45
-20
19
3
-16
-51
77
-5
47
31
3
-13
-53
778
-7
-158
-8
-296
191
-39
-66
75
-54
-70
32
400
-23
3
-19
35
-14
-27
-418
-5
4
26
1466
38
17
78
557
218
-14
29
-180
-2
-42
-31
-84
36
-163
7
-954
0
-10
-137
-3
39
-29
13
-100
35
12
71
-19
-2693
92
23
87
-708
1412
30
-51
39
-1
1
-4
99
-37
44
5
20
-7
5
-178
840
-39
137
2744
-90
83
-4
15
-37
-78
49
10
-294
-4
6
-5
-94
30
137
8
-11
-198
-18
289
161
-44
-91
-276
10
-4
-2
-193
61
-42
-1
24
-28
-312
-13
-135
-55
-44
-77
-6
6
21
4
-10
-101
-300
-1599
-200
-17
-1379
-800
12
-117
161
66
47
12
17
-70
4
-4
257
-1037
74
24
-55
-4453
272
-71
-1143
247
122
-12
64
79
507
49
-92
1
-26
-476
-11
-85
11
1
401
227
-26
1181
687
-7
-14
-24
8
17
6
-6
116
-93
-32
8
8
632
-88
319
105
-70
21
-7
-53
-19
2
-71
-160
-190
-515
-31
-60
70
22
0
-183
-12
-15
6
-46
14096
-10
-2
-65
-109
-70
-59
-469
-136
-247
-8
10
-25
-229
49
-21
-66
-6
-58
18
38
-304
73
52
-73
-3
-43
9
-57
-6
-12
-97
-55
6
189
179
-51
-1836
75
-29
-65
-255
-17
0
28
127
75
-304
932
128
94
-11
-72
-65
-42
334
271
-349
-19
-21
-94
-106
-8
-40
6
159
-16
76
331
18
-37
411
10
-13
-24
40
108
50
47
-11
44
-62
-17
32
82
-193
8
35
2
25
12
-9
215
-5
60
-14
29
8
109
10
-99
19
-29
20
-6
10
-4355
77
8
-282
-11
-5
201
7
65
-2
-1024
-216
-19
-20
-58
2
304
-277
-29
-47
-1
-16
131
8
1
-391
-609
-133
-12
0
-88
35
1087
-13
4
-26
-48
15
-3
-29
-110
298
-35
7
7
-34
25
-151
-846
-83
-42
-65
103
-113
-17
8
1
-579
67
-115
58
-1505
11
21
36
38
1
-72
506
-10
-15
13
-195
12
5
5
-14
-11
64
66
42
90
5
9
-365
7
-720
22
2
19
-28
19
18
-1395
-215
-41
-42
-99
14
-484
-69
48
-720
299
27
378
-19
8
56
-100
-139
-67
-26
-6
8
21
-56
-11
9
267
10
-9
14
1406
35
-2
-203
-533
-96
-844
-43
42
-42
-9
21
-11
-15
45
-16
9
3
147
-53
-23
34
55
8
13
20
-12
-20
129
-281
1
-7
3
17
-174
73
-80
828
17
-237
11
30
-1100
-38
27
97
22
-13
290
-2452
11
15
129
-585
37
499
13
10
-2
80
9
-162
2
-84
4
12
9
1720
-143
-31
7
-10763
-565
-7
-109
-531
-2
34
-186
122
360
84
650
684
12
-5
1468
35
32
-30
-9
-10
-1
-63
-4
-116
-59
23
101
-19
-76
7
-3
-1
2
75
40
-21
-19
-32
-107
-342
48
-268
-92
123
-4
-13
-7
-8
-73
-14
224
11
-2
24
131
0
-17
1562
60
-17
-2
-34
-1657
2
-169
495
6
7
-34
-46
62
-51
27
-65
37
-2
-5
68
-15
10
-122
-69
2
4
-1
25
19
96
-50
9
149
1596
17
-176
-759
-10
41
196
85
-51
1265
742
-4
-351
0
-4
-27
-57
-3
-1
-156
78
50
71
3
2964
12
-223
27
-47
10
186
21
12
-19
-18
11
102
16
9
-784
66
1113
10
-25
-46
-22
1
-305
-9
126
30
284
26
-6
-66
-102
106
-12
10
-238
-950
-102
1514
498
93
-118
-58
15
-15
465
-2
22
-387
3
-184
146
-108
33
1
-1908
-17
5
262
58
7
177
-167
7
-15
-74
847
37
-62
-20
-12
-9
61
-16
26
82
157
-405
3
7
-138
-3
-5
-68
-91
-715
-53
-17
-2
117
-16
-4
26
-2092
20
-100
323
17
-130
21
39
-332
-109
23
23
-1348
1792
-10
98
-157
512
-167
30
-62
1093
-14
-15
-32
134
-1
200
-6
2502
-11
14
111
16
72
-6
37
-96
-7
-77
10
-5
-44
105
37
77
-214
-25
-20
99
2
12
-11
-58
12
62
-1
-40
-15
-17
-99
42
1875
1
-11
-36
-1
-11
24
49
20
1
-21
-120
-256
-1014
40
-67
-4
1608
91
24
-713
335
9
9
37
-23
-74
51
322
3
41
-59
630
8
-18
52
-99
-49
-7
-2
-73
-27
15
-6
139
-67
-30
-359
1
-118
-68
-132
-595
-6
-94
521
195
24
80
-25
-55
23
-30
788
10
-24
7
3
-36
-141
-1440
19
14
1
-20
102
-8
-4
-423
24
-14
7
1741
-56
-141
-61
52
-3
-75
-79
8
-11
-69
-322
1101
-12
-36
-26
-346
45
-82
14
58
108
-18
24
-11
15
37
41
-534
0
-664
-12
-15
-21
131
-58
49
18
24
21
76
-1353
-83
33
-16
1360
22
-27
1
21
2776
-32
-12
28
30
-11
-11
48
99
17
-48
20
-3
-19
-12
-110
80
327
-79
467
-77
17
32
0
5
-37
-134
64
-17
-58
906
-123
-32
-54
36
126
71
4
26
208
-2312
15
11
1
-2
-40
20
32
-727
-54
-53
-49
6
-96
51
40
23
-13
643
-3
440
2
29
14
-2239
4
-2
-44
-138
50
-42
-145
-404
22
216
44
-15
21
-66
-226
5
-7
-106
12
232
55
26
81
-14
105
-13
361
-63
48
3
-9
-150
6
-37
13
-34
154
110
-17
1480
-9
37
-77
-26
-15
-30
135
47
32
-181
-7
-42
-15
-19
-5
-9
-84
59
2
29
7
-330
0
-521
32
35
-3
-32
-14
-88
-1
45
-18
3450
25
205
-171
-265
43
62
119
-831
196
4
381
-101
88
-190
30
48
-91
-10
-207
108
247
-14
3
-37
-52
126
4
12
70
-288
-28
-19
-19
-25
-36
381
-49
1
-519
-113
-28
-30
3
8
-44
33
-85
67
388
42
9
-5
-110
32
27
-303
12
-40
13
407
-155
-5
127
-2
5
-215
103
-11
-98
43
15
-111
-28
-28
-62
25
-18
27
-429
93
-82
205
2
44
-120
-59
147
9
21
34
-11
1261
-72
-87
-74
10
1
36
-396
-188
-14
44
-263
12
-15
110
28
115
-95
-74
-682
-1
-13
119
-73
-61
162
33
45
-115
-54
2
20
-111
6
52
59
7
-56
4
19
4
-9
13
-40
19
-19
84
-1482
-279
184
9
214
-46
-95
-39
-30
-35
-320
142
18
-34
-110
42
-82
79
-89
-21
97
39
-191
-5
264
38
-8
-100
-640
-14
173
-25
11
80
-61
-201
-590
10
18
20
-9
-67
38
-32
60
53
-58
1247
157
859
-13
-36
-52
8
7
60
-51
10
209
-13
3
39
829
10
-105
-67
-1
-1
21
152
-22
38
31
658
66
13
17
-11
20
58
-5437
126
201
-15
-131
-94
-13
-103
26
-2227
5
-147
-186
44
-194
580
3
105
42
150
-79
110
-17
-13
4
12
11
225
-570
41
259
-42
-55
45
-15
-19
253
2
-302
11
222
18
-194
-31
-55
-2888
16
-76
-17
-22
0
13
26
-25
-12
-87
2461
29
20
51
235
-9
15
-96
-39
43
39
-74
-366
106
-5
211
-54
12
2076
155
3
152
20
-280
-13
-19
52
72
112
-10
19
-10
138
-49
43
57
-67
-75
468
-53
12
119
22
2
-329
-21
-20
-9
-88
314
-997
77
22
60
11
22
-33
4574
-7
97
-6
164
1013
17
-17
312
104
-9
-22
6
-16
-11
-287
7
356
-497
35
39
-9444
-31
-550
56
16
92
93
-88
14
-33
603
-48
65
59
-45
60
-141
34
-203
4
14
-118
51
-7
157
-453
-46
14
157
-4503
47
-46
-2907
30
485
1
471
-8
242
-11
500
240
-156
29
19
27
21
102
59
-104
40
54
25
-26
1
41
-37
-77
314
-11
-75
25
10
-58
-1
-69
-136
13
-9
166
-22
94
-7
-30
-161
146
-260
-9
-7
11
52
-318
-4
-4
81
830
94
-15
-22
68
12
-132
-357
219
49
129
18
23
5833
23
-86
18
6
375
-49
1
755
-619
25
-15
-4
-3
-271
8
0
3
8
-396
45
47
-8
146
21
-192
-771
-21
1
18
27
-6
29
196
-71
-39
4
598
1
-402
-42
-61
-29
31
38
-5921
-2778
-9
5
-166
-18
-6
-20
-52
45
-271
3
87
-676
52
20
22
-3
9
47
3
15
235
-82
1
-34
17
749
6
-14
2
-28
-22
-46
43
269
45
164
-127
-32
1412
344
939
23
20
14
23
87
16
28
0
-77
-50
-2695
-80
-217
-76
-15
-78
-80
8
-106
-35
20
513
747
-1
10
110
-32
19
89
-6
-952
-8
228
-179
275
39
3
847
98
47
-39
-341
440
-31
219
123
-26
-57
-65
-15
-2
49
7
-91
16
115
49
1
21
-181
-83
227
-11
158
-3
-81
61
-6
-12
-24
2060
-19
-48
128
15
-409
-61
-33
46
3
-784
20
10
-32
5
7
606
-111
16
-65
31
11
8
-41
24
0
14
-12
118
44
-37
-6
94
-4
-46
90
1292
-19
79
32
-7
-83
337
-80
-36
292
2
113
-858
17
-75
-12
20
-58
62
32
23
-128
-2
12
-14
-253
-382
101
177
5
-899
-73
-70
26
143
92
22
-6
-4
-520
25
-16
19
-73
-59
-5
-8
1
5
31
-39
-44
61
-135
-67
47
-44
-16
-208
260
58
83
-27
-24
47
22
7058
-19
222
-45
-23
35
-10
5
-39
-14
-174
1567
-48
-92
33
-11
-31
366
-16
48
17
-17
168
-35
-367
-462
18
-57
788
5
11
207
48
49
7
247
69
9
-39
-7
-42
-12
17
19
-5
-393
-33
-94
-63
-72
-16
1746
152
-11
57
-31
-2
-102
39
-29
4768
3275
-10
47
12
-352
8
3
3
10
-60
46
-58
102
-8
43
-41
-10
57
22
-45
-483
-44
-41
27
-25
1534
178
844
443
-1152
21
14
131
-9
11
21
-26
-28
-5
656
94
-66
47
389
13
449
-35
-6
-16
-9
14
-19
177
-106
-171
1
-3552
-108
-2
61
-9
-108
76
28
58
25
154
9
207
23
-20
123
35
-183
100
-19
-136
-320
-51
15
16
0
-1547
-965
-10
-601
22
129
362
-260
-134
59
36
-64
15
16
-552
-4
-56
5
18
-6
3
-4
-346
-399
-118
-70
3
280
156
112
71
108
20
28
-25
-17
150
7
-511
-123
-130
222
-963
-39
-224
-267
-4
283
-11
-3650
-35
-108
1430
92
82
61
-8
66
-24
-33
160
-27
-65
35
812
-26
32
793
-9
-87
3
27
-37
39
4
-70
10
621
-6
-142
-40
-17
-80
-6
16
-7
-33
-3
-977
-183
-129
-29
139
-4
22
11
-65
310
42
-94
44
32
150
-9
3511
-391
1
170
-6
-6
122
-17
-49
-121
220
116
60
-244
-19
-11
-45
143
-1
-78
22
16
-49
9
-210
-5
61
-1692
2
107
587
-71
1
-66
8
12
74
-11
64
774
-15
-204
-17
-1798
0
30
-23
19
16
56
0
-10
-86
-49
-13
92
62
37
-1
113
33
5
-22
23
-9
1045
-34
-48
-19
47
-27
7
-429
31
-141
85
889
-272
-1461
-93
-48
45
6
8
-68
-38
-4
110
-7
134
-16
-277
-36
120
110
-158
-37
158
-93
14
48
1
23
76
-182
6
-14
-154
1
-52
6
7
-62
146
-16
-16
10
23
2
-1104
-5
-172
1
-165
-18
661
28
-695
29
-35
48
-83
113
63
21
309
-77
-155
2
50
141
-206
85
-11
190
-2
-137
-9
12
-15
185
-38
344
-227
-55
-283
-14
-57
-6
855
14
-20
-23
-9
315
-81
-365
426
19
-4
-50
-15
-33
11
26
99
3
13
161
48
550
-15
-129
-1
4
1552
6
-227
-39
64
-42
32
2
215
-25
-5
351
216
733
16
15
-23
-14
2
-16
24
25
31
-31
132
791
-8
119
341
-14
19
143
-12
11
-4
-26
646
11
15
-258
47
32
-46
17
-42
-35
9
-1224
33
-36
-12
-35
-29
42
-70
1420
-65
-35
129
-34
13
150
-14
-231
19
-29
-1
-30
137
-1
-169
-149
3
-184
82
10
31
-41
-38
-9
-33
-22
7
-14
39
-35
66
20
147
548
0
-125
-226
142
67
-112
47
104
-34
-2044
18
-45
-515
-13
-3
80
10
369
-12
-1455
-16
-13
-28
147
15
-86
-11
44
19
-214
2276
-27
3
-50
-46
-15
30
-40
-9
54
-35
7
6
10
-34
146
167
131
-221
14
58
-17
-7
-7
1
-21
2
67
-45
-49
-26
40
-34
102
206
-81
16
4
223
-1
-6
13
-2398
-228
-89
-163
122
30
116
7
-35
115
53
30
25
-5
377
-7
49
39
-57
-115
-651
-46
-177
87
1883
-75
-128
398
-3
-31
6
-2542
-183
-312
72
49
-14
-10
65
-50
-39
-28
184
153
129
-40
-46
3
42
-318
-26
-125
-26
-70
4
64
-26
486
48
-23
84
40
41
4
-69
-340
-282
-2069
-37
-8
0
9
-104
151
-11
114
262
-4
-412
9
424
2384
20
55
48
-37
48
-10
-22
-27
10
336
-7
8
-3
55
-129
-27
-62
-4
43
1077
-100
134
-21
-2
8
13
-14
27
36
20
-24
-143
-582
-60
-24
114
-5
16
-58
-377
-110
1
0
73
-11
202
44
-58
-11
-12
-49
45
56
69
-7
-30
30
893
-32
16
-138
-1014
323
-28
33
116
35
37
17
7
-31
75
185
-83
0
-32
80
-12
83
-9
-41
29
-13
-567
394
18
85
38
3
-2
36
-3
121
-14
-23
2836
-64
52
-70
-719
-26
-63
-205
-25
-210
-244
-178
-48
-186
186
-475
-4
-39
-203
-23
17
627
-21
-6
165
8
61
-7
17
-5
-3988
30
-38
11
101
-72
8
-361
-120
26
-133
226
-47
-958
340
50
-29
4
-356
-146
58
-7
-186
105
0
7
9
206
191
24
-49
-88
-220
-97
11
-71
1128
44
-15
23
-67
110
74
134
-40
52
30
687
-48
256
-11
74
-70
-39
56
-27
345
65
-5
-1
-10
-27
47
81
18
51
-32
-24
10
-160
-36
3
247
-26
16
-77
-16
24
-6
-19
16
-136
-18
-163
-45
-46
-5
-39
87
0
-102
-353
1
54
28
562
-48
23
170
14
18
-35
7
15
15
97
-411
-52
31
-83
82
27
324
121
18
676
7
-16
18
6
7
1211
-82
28
4375
114
1
13
0
291
-111
110
50
69
-30
-90
-68
14
-13
168
-20
-50
35
68
5
-10
62
197
67
43
318
28
50
16
-40
-20
2
-100
36
-4
32
-658
40
33
73
1
69
19
-12
310
-3046
-256
49
98
-1156
11
21
21
200
45
-9
378
-64
-21
24
15
-91
-243
10
24
-36
-14
117
561
74
4459
-20
281
26
11
-437
2
-370
9
-18
-2
228
-54
-31
-15
40
38
28
-22
31
-893
20
73
655
1046
-127
53
-283
-10
-17
58
-91
252
-55
5
164
6
267
-101
-26
82
-76
84
-9
-352
-5
11
52
0
-3
95
-64
4033
-39
37
-8
-126
-43
-62
14
215
18
-8
4
-14
-30
-11
12
-15
59
-201
125
-97
-11
4
-37
18
88
-30
-37
-4
-8
-55
-433
-90
789
13
-164
33
-4397
2
60
46
63
-1
24
-113
410
-58
-35
-316
27
39
-11
-10
-8
19
346
54
-107
-696
-4
-222
34
-14
689
435
-6
273
4
15
-114
-87
39
77
35
-1
303
4
24
-302
100
-67
-3
411
-36
-304
-105
-24
-64
8175
1142
-81
17
-88
-18
-70
-3082
-107
-66
-11
-1151
-3
6
-3
1320
-158
4
-108
-88
-62
378
-4
-27
23
-12
6
-6
6
5
-116
-34
1359
19
-88
229
-29
175
-124
48
-22
-6
-29
12
17
539
-857
78
-1216
-49
6
52
-66
-14
47
314
826
49
700
3789
174
72
14
-215
-35
-1639
-6
1580
-21
-84
1844
11
18
-85
-1496
7
-114
-1
38
-16
3071
31
-23
-29
-114
10
-34
-80
-53
-41
-75
6
-53
30
117
17
73
119
1063
-32
-141
27
1
57
5
-642
5
-4
-11
-58
70
-1
57
26
-1
19
63
-9
-55
-21
-94
88
-13
-272
-76
29
323
0
357
-72
-1
188
-115
-316
-196
87
-234
-185
44
13
1360
-171
-57
4
70
124
-1
84
234
-20
-24
-384
6
-109
439
132
256
-8
630
-72
988
-18
-346
0
-36
-249
-1090
5
-8
142
7
82
-875
-167
-30
145
-37
390
-37
-3
27
-139
-38
171
23
-4
-58
201
56
21
-47
-5
58
50
1087
17
-15
18
-20
-68
53
5
-243
276
-30
-19
16
-3
35
125
-72
908
9
-1017
56
2
-351
58
-88
-55
34
168
22
-40
83
45
101
-94
230
24
24
519
108
-63
42
144
-83
-336
82
-39
-40
4
16
220
-250
-2
-13
19
907
16
38
7
4
-18
-295
-12
-125
-91
-4
-33
-10
-25
106
24
16
-422
37
-15
-13
-291
-83
28
34
-3
19
8
-9
-156
13
-29
121
-36
154
-74
16
-3
-147
-56
-65
-615
50
28
92
-10
-8
21
85
-40
12
538
14
8
3891
8
-45
-29
5
92
-1799
-256
56
-51
-84
-55
43
14
-57
284
26
-22
-1
1
-41
11
11
45
-16
-3602
352
-10
210
-6
17
5
-18
-842
-765
-771
28
-44
61
-24
-44
-17
-598
-37
-64
4
93
1
-7
-34
-5
4
-14
48
-60
8
-17
-17
3
-12
-856
5
9
303
10
20
-6
41
174
-464
785
42
78
-46
-1603
-17
192
-723
39
-158
1
3
-10
72
-64
-19
-50
25
-83
28
14
4
-10
-54
-1
-257
-43
135
300
112
17
-2
29
100
-30
-28
9
71
-1802
19
-2
25
827
18
1433
10
-22
-40
-582
11
44
-21
50
28
-67
12
-115
-17
-18
-25
90
26
37
-56
-24
-85
47
78
-12
-1599
133
-3
8
-30
6
236
-99
-82
13
-72
18
-355
16
-1044
9
-42
130
581
20
132
-100
2
43
67
363
24
-20
13
15
66
121
7
25
0
43
312
36
-68
50
0
-48
-292
-126
14
39
11
-48
8
1598
14
-11
-502
-34
14
-165
-26
49
20
-25
-5
-92
-31
51
31
-23
59
-8
-219
467
-13
-27
-110
-58
2254
-231
146
-2
46
26
26
-38
23
-282
-224
-5
126
3
39
-33
18
-663
26
29
-59
73
103
28
-107
-1
-53
121
17
-85
23
-98
13
-307
-248
-70
44
-281
-47
19
16
26
-26
-79
69
57
-2
1088
651
-397
-32
124
66
-2
86
-811
357
17
-5
179
31
182
-75
104
-94
-5
-40
158
-103
31
33
21
200
39
-1
33
12
-5
-111
-1431
32
-18
10
-2
2
87
-1
9
9
200
-608
-404
149
-4
-57
-42
-1
1
-193
-53
-117
-25
1
-172
14
-9
36
-3
-59
-376
-6
-67
-34
170
-24
-24
-40
620
35
-44
103
106
5
-8
-222
-17
21
-163
-101
-561
-19
-59
-134
-546
-175
1
7
-2013
15
-7
-10
-127
-40
25
-398
5
-50
130
-26
191
6
-86
-90
-46
-345
24
23
61
38
40
37
32
-298
22
-26
-40
177
-868
86
-27
-60
92
10
13
-19
-136
-3086
11
46
4
-45
10
-427
-22
-364
-108
-81
92
15
26
30
-62
-14
-13
67
26
-36
-172
-10
-3
142
256
193
315
2925
9
-52
89
97
36
58
113
-274
380
1415
-385
13
31
42
-854
-35
1
39
-12
-9
23
55
-153
24
-33
22
-23
-14
-34
3
-34
24
-35
11
-9
5
-120
-4
21
1865
-10
-40
-84
72
72
-79
248
-73
37
12
-14
14
1140
116
-77
-12
-88
-27
-17
-780
48
25
32
292
-1517
-16
897
-31
551
8
-343
-79
-119
19
761
183
-288
-31
27
-294
-114
-167
-4
2
16
12
14
48
-11
489
18
-11
126
12057
1093
-34
32
137
-115
133
-11
100
206
49
36
-388
-23
53
-10
-84
65
-173
-14
161
19
11
-3
-56
2136
825
-155
15
-27
-40
-17
-33
-2
15
-40
119
26
18
215
-715
25
-52
329
274
-68
-101
-517
3
13
-17
70
49
24
97
-172
-23
-47
-2
44
-21
-22
-89
-6
68
-3
-6
65
-35
-48
78
-20
-55
57
310
-164
-8
64
-177
-29
487
-14
-15
-3
21
-167
41
-151
1098
11
-63
1
76
-4
26
10
35
212
-148
135
272
124
817
-227
-68
4
89
-71
-40
47
-22
41
118
-90
-3
-10
-7
46
99
-8
-31
94
522
-64
11
2
81
294
311
50
-2
-38
-12
2
31
-4083
84
-276
-13
-38
-72
-7
25
7
1
510
-6
1282
-45
-5
-6
6
-3
339
31
-517
155
267
1175
1444
-8
387
-49
1
805
400
21
-51
3
-3
-125
-67
26
11
-269
680
-123
-358
-312
70
19
-74
295
-20
-275
3396
-38
-32
-376
-43
-147
-88
318
-707
5
-451
-1
-9
0
-51
-8
-1103
20
-425
-137
-33
115
94
93
16
-9
26
-235
-126
-2
-105
40
-226
44
-9
-45
-39
9
-144
30
7
57
60
-36
131
22
-43
-57
22
467
-52
-31
43
55
6
52
-32
12
40
10
178
-112
61
-153
5
-67
383
-24
-131
-9
-126
64
-691
25
112
110
-21
-62
3
20
208
-61
-28
-8
65
-46
-274
-443
-127
144
49
25
-476
-191
-53
7
3
-63
41
-139
-82
26
74
2645
19
70
24
34
-263
74
-18
-423
35
-4
77
67
140
-120
72
71
3
-38
149
-1
53
-27
-42
0
7
2923
6
-52
-10
5
-269
-29
54
-32
-44
1009
142
-1835
74
-86
512
9
81
9
-338
-397
43
12
40
769
-3170
90
-355
1
-59
-9
7
-471
-56
93
-527
12
-76
-37
42
-61
72
-136
-94
11
26
-86
126
-7
-110
-1
-17
225
-60
-26
23
19
5
-130
-2
-640
-4
18
28
76
215
18
-13
-485
-10
-38
7
135
-24
-40
-9
-28
-10
14
67
21
-27
25
483
-5
-4
-9
-47
-72
1
26
-2
77
-98
-80
-209
306
-10
49
-31
13
-2
69
-478
25
-28
113
-97
21
24
-420
-52
-60
244
-83
636
-71
34
955
655
11
-11
35
-62
4
58
-7
195
147
-9
54
46
12
-46
-58
-44
-919
1264
-60
467
-2
-17
-13
9
-910
-41
4
2
28
646
-117
26
-9
-8
149
14
-22
1134
-197
3
-26
-1987
28
-56
-1752
23
-44
-23
16
-104
32
424
-3103
-57
-21
-40
26
-10
-116
-42
64
-5
-138
3
-92
-11
92
19
13
46
-2069
-876
-110
-15
-33
2
7
46
-14
-10
47
-64
12
66
86
437
-70
-58
-12
-34
-154
-105
9
12
16
5
-190
115
-279
-23
307
34
-286
-120
5
57
-18
36
72
-181
-9
-6
-55
-67
176
89
29
25
-4
-9
-942
406
-9
-110
38
-39
-82
-16
-42
4
48
-85
43
1009
-163
-3
99
-12
-33
-46
111
-389
6
28
122
-145
1
137
345
43
140
-79
-451
-16
29
70
815
-35
-550
-19
-153
-155
-44
38
-254
-53
-13
57
-121
11
-10
-423
7
-94
-16
-249
-11
-1
-129
-38
-6
-18
-176
15
21
-14
25
49
-38
-120
7
-39
25
-1441
677
-7
64
-88
51
31
268
-42
9
699
-13
-131
36
88
-19
-288
-18
-45
-14
636
-6
-334
-9
-9
115
-11
3
28
-51
75
22
-29
58
-270
121
35
-180
1185
76
6
1
3
-25
126
-747
-118
27
35
22
-47
21
40
473
510
-577
-51
-42
-235
43
6
-20
74
56
173
21
57
20
0
-3
-17
20
31
6
-13
-6
37
-70
0
2
-10
-8
7
-88
17
-12
-664
-22
-408
14
76
20
478
4
14
-65
-185
21
63
-349
30
-172
-46
-91
7
-100
-9
86
72
-131
450
-192
59
-44
7
-8
0
22
4
52
44
76
-99
32
-115
-4
-67
23
567
4
-3
-91
-495
-144
30
125
268
-11
75
-325
87
56
29
-20
-112
-281
-321
-22
-36
-186
-14
119
110
-65
-11
594
566
7
-28
-76
129
30
47
97
-59
1567
42
84
-25
-3
7
53
-30
6
5
3
31
-70
-136
12
46
-4
-11
347
-2069
56
25
8
-14
48
-1
35
-1218
12
-69
-341
12
11
38
8
7
139
102
-41
-3
337
65
-24
-19
-83
521
-37
5
29
450
-21
-94
-4
-210
80
14
364
-73
-428
6
-114
44
-66
548
-87
256
-9
5
400
215
-48
-14
15
200
153
-75
12
6
246
5
26
-5
215
28
19
-292
-705
40
-36
-16
-55
-22
67
-14
-77
45
8
-9
-25
27
6
24
5
-303
219
-13
-12
-122
-3
7
45
36
-850
-7
203
-55
-35
-386
4
1500
-59
-181
15
-34
-3
46
-48
12
12
0
15
1515
-29
87
11
-43
-60
5
11
833
167
1
-14
-87
-58
5
384
1325
20
55
-50
-39
46
8
-1640
16
128
73
-357
2
16
-74
-72
-10
-27
-59
-4
-7
-2
91
336
30
-33
-102
-18
-34
-8
3
21
-36
-15
13
428
33
16
479
-11
290
423
-102
147
-569
393
29
-17
236
241
-65
372
-117
-3
24
-22
-69
30
-40
78
162
-9
345
116
-31
-102
-51
32
-9
302
-402
137
16
0
-31
-11
1
10
-27
-17
81
-17
219
699
5086
-523
-28
267
-6
84
-28
129
-14
826
6
-57
3
-52
-903
1
208
33
33
21
-990
10
-38
26
-22
54
1
-14
47
104
-15
150
-323
42
-27
-3
-46
-75
-19
-15
-15
23
-3
-12
107
-26
524
123
-99
-266
-4
-1429
81
-9
-124
9
27
4
639
0
-1339
-37
64
17
61
9
-101
-34
-141
235
-7
16
93
-746
3
-527
52
-151
-1019
-1
-29
39
-10
-21
85
-59
634
-666
-68
-22
-150
-24
-80
-92
-2
-92
64
100
474
-225
1132
-72
2
-23
3
-66
-660
-1426
-20
-8
-74
264
-1394
-209
-12
-495
687
-30
-36
-30
14
62
-20
-33
8
-21
-47
-4
-373
-2323
-489
-18
-9
56
-51
-9
229
1085
79
-1
5
5
59
138
20
-12
-21
-4
24
-514
-4
688
-15
-39
1
26
18
-19
-20
-7
11
-2
41
125
8
11
-17
-51
40
31
-37
3
-343
65
-14
-19
-245
-1570
-31
985
45
18
3233
1558
-14
6
81
-17
-174
-41
441
-8
150
20
1911
-11
-13
-707
-28
-1
96
-16
24
-14
-12
-31
2
-97
10
9
-40
-19
-1
13
853
60
-81
361
-233
-99
-131
-551
143
-33
-20
-1945
106
412
-37
344
-20
-44
-32
69
-93
470
16
241
18
19
22
-316
-1045
14
7
-134
-2
26
33
-711
4
-85
18
-8
291
-22
38
-10
-101
-91
-4
601
50
-31
-76
80
1
-1283
-15
-143
-16
20
119
-221
-46
-82
528
-8
132
-371
-319
-46
49
-23
75
151
-104
-196
494
-128
-34
1
-13
-8
113
922
-79
-95
-3
-9
-53
80
-8
1335
-65
-261
-171
-762
-180
-40
392
-44
-7
588
-60
-18
27
-17
50
-77
48
-143
-117
-27
-5
-7
-6
-8
22
30
35
-40
37
-30
-147
165
-3
10
850
-358
-187
276
1
1157
415
-9
-945
372
72
-25
45
-7
-4
-171
-8
101
-197
0
38
-30
-8
-216
-198
-14
175
26
-3
72
3
32
-8
140
-49
24
23
-65
-41
-91
-35
-7
39
61
39
34
14
3
-54
-38
-10
-2198
509
-510
-72
-31
-9
62
13
-10
-67
2241
662
3
-60
-46
30
178
-61
1035
586
40
-181
28
-63
18
216
1
394
-100
-15
-36
17
-51
1
219
86
-32
-38
-320
-12
-164
-132
35
1044
8
9
-43
-404
-46
-6
-29
-172
568
-7
-72
-124
5
67
-36
-52
-57
-43
-366
-38
6
-106
-47
-3
-141
-19
33
-88
8
-379
-10
61
138
41
-133
111
2
-4
21
2
29
33
39
2
-124
-102
23
-63
-459
38
-6
1
9
36
24
0
16
298
123
-4
3
-21
69
14
-37
-37
102
-2
-46
-3
13
16
13
-1515
-27
-46
-105
167
-52
-6
-104
35
-327
678
149
52
10
55
-14
-1
-2
119
-131
5
122
-46
-29
280
3
-13
140
22
-59
233
62
-13
-33
1574
-12
8
81
-4
-67
-190
47
-18
140
168
17
-3
224
-91
22
76
-689
8
105
71
273
-28
133
-132
-261
-108
-26
-37
-258
88
-891
17
-1
34
6
-155
9
11
16
-12
99
97
-42
-470
-124
-884
-365
298
-11
46
10
52
17
1772
17
199
-6
-108
243
23483
-4
-15
-3
77
22
-20
39
-28
-58
-26
-2
37
-11
-24
-20
-34
90
-99
-59
-168
50
15
-24
-18
-170
-2254
42
3
-109
162
152
-1
5
-66
-59
-2
-60
538
45
-68
-34
104
-17
682
-233
4
916
-801
-34
-35
20
117
177
155
-6
7
1
3
-27
5
12
7
47
-170
24
-158
-775
0
889
7
119
17
-8
127
-86
56
-55
116
660
-35
18
308
-76
16
-219
-203
-35
-130
101
116
128
0
60
5
714
7
-42
378
30
-92
95
-373
-20
78
5
142
143
-59
-2
-857
-1
-138
-16
6
-46
-16
-52
-1
-16
102
-324
-63
-160
103
-796
14
7
-39
-109
20
-87
1
1068
72
-164
34
13
-15
-46
-2880
-11
-24
8
62
-2527
26
-127
44
-32
94
-282
174
29
120
0
-13
-3
67
-149
-110
129
1055
-2
-610
10
-8
371
-21
-195
2
-390
-610
-1190
-97
58
5
23
1
-116
-786
2
57
34
-22
-51
-85
49
49
-50
33
-358
-1
-42
-121
78
12
-60
722
1
8
125
-47
176
331
101
127
-173
51
82
-93
-10
188
-2
25
25
33
-2
25
3237
4
24
66
-26
50
1019
-84
124
-65
31
51
36
-20
31
83
-34
37
8
-2665
-48
-11
-42
-17
-19
-7
90
36
-71
-29
8
29
16
1110
33
-4
-3233
-1
37
25
13
194
32
43
-16
-4
47
-3
-41
-24
-181
-447
24
-9
-22
343
115
-10
5
2
23
-53
-2
5
-157
52
-10
9
79
-16
-13
35
2
33
-3
-16
-7
-20
-122
-29
-4
-56
-23
10
8
22
-13
27
-80
99
14
-63
5
-30
-38
8
27
20
46
123
-51
26
-370
-78
-23
-142
17
26
17
-35
-18
1
66
47
-2
-118
11
-41
4
15
305
-11
190
41
-14
275
26
-9
15
148
-420
-482
-15
217
10
-12
-14
87
-423
-4
15
45
1
98
-69
0
12
-9
63
-13
-482
20
-532
10
-154
72
-3
-113
-58
-312
4
-1
2
64
6
5
-13
-77
118
16
81
-21
9
-21
6
-19
-311
138
5
-39
174
170
6
4
-1137
243
812
89
-7
-58
12
84
-49
-163
-4
21
-4
-137
-442
-22
-35
54
-106
43
88
-545
43
-415
123
-298
1
573
7
-83
-16
-95
22
66
69
-189
29
-406
1463
-95
482
-154
-505
124
-111
10
-31
4
-47
4
132
-7
-176
-430
-1
-82
-50
-15
-896
-83
222
-82
58
107
-93
112
33
29
-241
14
-1772
18
-152
81
4
10
0
-8
19
-14
13
18
-412
-8
79
5
46
-12
4
4
-959
-2518
-23
-11
20
-8
-21
231
39
38
-66
72
-723
-288
72
-6
900
-1718
-599
-19
-156
-25
299
28
77
-1604
8
-21
-145
87
613
7
-358
-9
494
-40
285
-242
209
9
72
70
328
-5
302
-5
37
-36
399
612
71
-5
2740
10
-250
26
-1
8
-34
62
9
130
200
16
25
-97
-154
31
438
-535
-223
18
-60
-93
5
-80
11
154
32
25
22
123
-9
125
-173
113
60
4
-61
51
47
-745
-22
-232
-3
-5
-203
-267
-40
-32
-63
-29
135
-64
135
82
-4
-106
-11
-22
-91
-6
18
-11
-3
13
-112
-388
404
-1189
27
190
34
-80
491
-5
-8
-7
-53
-1
12
9
576
21
-18
1281
-122
31
-65
289
-22
-71
-32
16
166
42
499
204
-30
14
29
10
-49
136
-16
1655
-25
55
-663
53
-40
-10
-26
-60
-21
-11
139
30
96
37
-7
428
-4467
-22
-52
-44
-4
11
-10
73
301
-9
51
-64
24
4
-32
1
-86
-93
-117
-65
-410
-726
-20
-5
-17
242
-20
23
115
-201
237
-2357
76
13
336
-425
-20
-39
-7
-21
110
-8
46
-106
-106
-71
2939
-14
-73
-9
143
-1490
42
265
-31
-102
8
24
-111
19
-589
-43
-199
18
376
6
-273
112
-64
90
-48
3
61
-37
-300
30
414
110
8
-119
-62
408
266
532
-33
68
-1126
598
20
-50
-27
-42
57
16
-41
-30
-209
6
34
21
-20
21
30
20
15
-59
-188
128
12
-29
66
-104
6
-1
-1022
-147
-16
11
-12
2990
-396
-12
6
1
153
542
70
260
18
-5
10
3
6
-36
126
12
-26
-12
-5
504
43
30
-79
17
9
-159
308
-30
-2
-53
113
-227
6
215
369
-28
-201
2
-1
175
-11
243
92
-34
-386
-39
228
32
-68
92
-12
-12
-234
133
-3
-7
-44
198
0
509
36
-96
45
-7
-25
-22
49
119
18
-6
-120
-69
-9
50
-6
-83
-57
576
-144
-285
-62
-56
-62
-1
28
-53
-11
-41
14
-42
61
-135
-44
112
-5
99
-11
16
-969
-51
3
-9
3
26
-13
169
-30
37
33
137
17
11
-3987
457
-10
27
-46
16
-234
32
14
-4
-599
162
-102
-14
909
81
68
9
-10
-3
-16
19
-2
-35
337
-42
1895
-64
-23
-89
18
7
5948
12
153
34
430
-8
-157
8
19
20
2
-119
-6
39
-373
526
8
45
-73
11
-26
-53
-101
-33
66
-102
-40
588
17
14
-54
-740
-28
-1320
12
55
39
5
-25
-14
-4
2
9
10
15
2131
12
284
28
-38
-30
1
-2
-15
59
-217
28
-55
724
120
53
162
-27
54
21
107
-324
133
84
-249
-732
43
-77
279
26
-829
-54
1
114
97
-9
-89
-10
-25
6
1
-5
-10
2
-26
7169
-20
-9
-20
-5
111
-258
-24
-7
693
-80
136
599
266
227
-90
3
-17
-255
128
-65
35
8
-151
-30
1259
-118
23
-8
48
47
-9
-71
-201
135
8
26
-232
69
22
523
19
-4
-182
174
96
-11
131
2
-38
-981
140
-5
854
-46
76
-62
-3
65
-100
4886
-12
1
-232
-344
9
38
42
3
53
-2
-23
73
-81
-209
11
-9
-207
-35
-130
-46
215
132
-253
-26
100
-36
-16
-13
-56
-3
-70
1471
2
54
-467
16
15
-34
-3
-3
30
38
-15
1107
27
6
-34
-13
-16
16
-3
22
-16
90
-61
99
64
9
2
3
136
-60
42
-26
-1429
-179
-17
13
42
-6
-147
361
218
-16
84
76
12
-69
-232
45
5
6
49
352
59
448
-15
59
-275
11
-67
40
-44
-76
-3
103
79
-69
40
6
858
-21
-1
33
484
-69
24
-16
-911
-90
-112
-89
65
-34
3219
33
24
-17
37
-193
6
-20
-65
17
-28
-16
14
2
-174
-114
54
12
1
-78
-45
43
35
-61
-2
362
81
94
-78
14
-6
230
79
-104
60
26
12
-125
65
511
-60
-694
-17
-44
158
-30
-80
203
40
0
35
125
-36
-408
-28
-14
26
16
-37
-431
-35
1911
1002
-17
-20
-73
176
-63
0
-137
-545
48
-3
-149
-12
-6
14
-11
-94
-266
-139
19
-50
-1204
285
-52
-70
-65
-27
125
-43
-10
-2
121
-42
-19
22
-12
-70
-7
8
48
16
2
-100
-18
-14
26
-38
6
-37
31
-40
-25
-67
81
192
38
12
-2
-2
-2
437
-6
33
-29
22
5
8
15
0
-6
-28
-23
107
-128
51
40
-6
-51
-41
19
25
4
281
-82
18
95
696
15
4374
88
-27
1
-12
-22
60
10
975
7712
2
-26
-4
179
24
-60
-152
-532
7
25
2
113
13
-5
50
9
-34
18
17
-8
-45
969
-395
251
51
98
-19
260
90
207
-6
26
109
-13
4
1041
-272
5
-152
751
-20
-24
204
6
-8
34
234
-2
94
-72
-48
176
41
0
559
400
522
55
12
-2
135
-224
25
-7
-209
-72
-452
-75
15
-100
-1405
22
-83
16
461
-608
112
-53
2
-5
-34
21
-329
143
-16
9
132
-110
-119
6
-47
-111
25
-68
-19
13
-16
-14
19
-1
-5
272
97
-335
617
17
80
-43
-5
0
82
62
-84
2
95
136
-7
232
16
21
63
-1
0
1
16
1
311
220
1295
1184
-242
2
412
7
127
-215
120
-321
-15
-6
610
-36
-74
47
-45
-17
-25
-91
-283
-69
27
-294
3
-49
-27
32
-729
-52
13
1
6
-351
-421
-4
5
-42
-606
-225
24
-87
-32
-841
-488
-26
-389
2
-3
40
-27
-315
39
-28
-67
21
1189
58
-4
-23
47
-194
-44
0
1075
25
-7
3
56
-14
-19
8
-4
-127
-49
-18
-52
14
-66
414
-19
-44
1226
-3
-88
-73
3
45
85
28
-18
-83
58
16
20
139
174
-63
-8
-119
141
-11
26
-24
0
0
4
27
-140
64
-67
49
170
3
-25
-31
-15
4
15
-2408
321
46
-30
-444
21
-23
-50
-11
68
-1102
64
-6
-11
-29
-10
-33
135
-7
264
-679
14
-81
36
-2
-24
-78
-31
-40
-22
-183
-1265
-2311
-17
17
-40
-135
17
-966
24
1132
-23
17
15
121
-1513
215
-46
7
-28
2540
-5
588
-39
23
34
-140
-37
115
514
-47
97
15
-53
42
267
1215
-59
48
256
-65
36
-18
-1
4
96
60
16
-538
-33
-18
0
14
39
-18
62
39
-1468
48
-2
72
36
5
839
8
3
15
-17
-13
46
9
-4
-74
-89
-1
-508
161
121
-13
-7
4
-62
7
315
-15
-11
-23
-5
-60
186
-23
-26
-13
100
-329
25
60
4
9
-244
-10
7
-100
-30
45
-8
-344
53
-64
36
620
-60
35
-2
30
-247
46
-12
-283
-103
392
212
-38
17
-24
111
82
-68
-47
28
29
36
87
142
-36
-186
-10
-5
-914
119
93
51
-64
206
-22
18
74
-26
130
27
-2195
-413
373
-31
4987
19
-156
815
2908
-63
275
-54
1141
-102
0
30
-19
8
-45
326
76
-71
21
-1
-64
-36
141
19
-17
96
-45
94
-2715
4
-71
-184
821
36
-174
271
-3
14
-388
-88
-118
-41
-103
3
348
-236
-20
-1
-36
14
-11
111
34
36
3
-29
-61
2
-25
-701
-8
175
214
148
19
-1215
71
18
-431
42
27
-120
-123
16
55
-1761
61
-364
18
52
9
18
9
172
-117
-49
-26
22
-1258
-5
3
23
102
68
8
251
708
-64
31
-1
-581
-167
-10
36
28
75
356
142
32
768
291
85
-15
63
-133
-1
9
7
496
-28
1315
-4
16
44
73
-311
-143
-1165
-33
58
-33
577
2
43
-391
316
74
-9
9
10
21
-425
27
1
-5
-27
-58
21
190
455
-15
67
-7
152
129
79
-28
89
5934
-52
2341
10
167
31
43
16
-43
57
-23
-36
-33
-9
-41
-673
29
7
-38
76
-79
87
19
851
48
-5
0
-2
-30
-64
124
649
55
14
10
65
20
70
43
360
1616
-205
7
-37
97
74
-16
-3
30
-9
-343
103
-10
-17
59
22
66
176
-203
73
-57
33
63
-30
-1098
28
-3977
7
-80
-102
13
7
-12
-23
-2
115
89
-137
-897
19
-46
-39
48
-148
-22
-21
-10
-33
2
42
43
22
69
38
8
16
-99
2
90
-4
-33
26
-671
36
-9
-13
-678
27
-154
196
1
-187
175
75
38
-21
54
-106
-39
16
-28
-13
-216
-21
12
-16
21
-4
-4
15
-3
4182
-28
291
-123
277
38
-146
-73
1
62
1283
6
45
102
43
-39
-9
-46
12
10
-1141
34
27
45
3550
-12
-56
-38
-341
38
-39
139
-8
-66
-21
-273
-82
32
787
8
1953
723
91
-28
179
-164
83
146
-87
11
8
-17
148
2
49
18
31
65
-316
140
-603
-149
52
-20
-32
-71
7
-131
64
1671
-217
104
6
37
-6
13
52
17
65
7
-113
-32
2
25
16
4
15
4
-8
-44
108
1449
-24
-1455
-48
-57
-272
32
-26
-5
-111
93
-25
-26
-17
-126
9
-27
32
-3
-9
567
-100
12
30
-8
21
10
-51
-255
2
-6
17
-10
-51
-14
69
21
-65
2
-18
378
102
-1
14
-193
102
79
39
-1
5
26
-13
-4
-329
13
-1
237
-32
54
138
-97
73
118
30
-85
15
-1
36
-23
-12
74
101
-21
22
-83
-1
66
1252
-96
-42
-143
65
11
-79
-622
65
1
-747
176
-1900
24
62
65
-71
8
13
0
66
14
-4
134
-266
-37
-43
57
30
-428
-613
13
23
-1
-259
14
89
203
-949
-7
45
1417
13
14
-12
-78
-17
4
-163
55
-617
29
-61
48
24
-72
302
20
-74
-1077
4
1475
388
-545
5
-55
-117
21
-46
-8584
238
-12
8
282
0
42
-6
31
-47
-43
151
14
659
-134
27
32
946
-173
11
-157
-9
155
12
-38
-409
-23
-49
37
26
91
-73
-13
-86
-3
-66
-12
-75
-5
-15
-5134
499
147
-49
77
12
1
-15
-375
-184
6
759
-12
18
-122
-6
-48
-1724
-41
-43
757
-147
223
-41
16
8
0
0
28
40
39
-6
11
65
-29
-1
8
168
-708
85
59
303
-41
2727
37
21
138
-1
10
-58
6
0
-20
6
68
-223
707
-38
-248
-59
361
-66
39
5
32
17
-44
33
35
303
-40
-33
-4
-8
-11
-74
12
-2
57
54
-24
-44
-16
-64
-6
64
53
76
47
1
53
165
-589
-9
27
-3
6
-378
22
-1
-11
47
-56
26
-73
-48
-7
-14
135
-55
-137
-12
1
1
-70
50
-13
39
19
45
-46
10
29
827
-7
-63
-37
-103
-48
-16
47
-89
-65
49
-55
915
3
-44
7
114
54
35
-125
258
97
248
-17
-10
-111
2
-36
-374
503
-31
75
-82
41
18
2
2
53
-20
0
-26
9
78
-716
-178
-16
144
-30
13
28
109
-78
1
711
433
-93
-13
15
0
-543
10226
-19
12
-137
57
705
0
-59
-135
11
-504
32
8
-48
-4
49
41
-237
-1421
55
135
-6
111
44
-167
-8
81
29
17
-23
-1
113
7
146
155
-7
206
34
-24
4
236
143
-93
743
53
-5
-51
-68
-142
-30
-1
-53
-677
20
-204
471
-258
18
-3
-43
26
-2
-80
-3
-5
17
-6
227
289
38
71
239
18
26
23
77
31
118
30
-140
15
-96
-38
-8
50
32
191
15
-38
9
26
-64
-1240
16
5
-1
-351
-10
-18
-49
-101
66
19
-201
116
55
34
-224
-33
-63
-152
40
14
12
10
73
4
7
637
25
-1
-8
1
-6
-140
82
-31
4
31
69
-17
88
-61
6
57
20
-170
-30
10
261
-8
-2212
-18
23
943
-128
10
-5
300
-7
-7
8
-419
-19
84
71
-185
25
10
17
14
61
46
150
-23
114
90
-43
-26
-27
5
1
-1034
183
113
26
-31
1466
-48
130
50
-14
317
-976
48
-10
-418
10
29
-395
137
-26
-368
-754
0
123
15
-19
-208
-5
-54
6
73
-18
7
268
140
-683
-52
-5
-37
-64
383
-6
449
0
33
35
263
-59
15
-61
-75
-11
-699
3351
1057
-9
-15
83
-55
-16
-11
33
36
-196
412
-2
-16
53
277
12
32
-30
11
-318
224
-25
-33
4
68
38
124
23
-12
22
-19
13
-77
-2316
-317
-52
-11940
-432
-188
141
-54
30
-135
-87
169
-10
-14
40
-2
-122
-32
49
3
-22
76
22
37
42
-435
60
73
2452
265
-18
9
-11
-5
-2
8
203
-16
-43
-73
-2
-15
30
52
-8
-157
11
0
227
107
7
1654
-106
-28
226
10
-260
105
2214
-30
-10
-471
-3
-24
-46
311
358
-35
-11
24
38
-148
-55
138
19
3
-12
-5
0
12
-113
-195
-90
15
68
-43
-7
6
168
-31
-713
-17
-508
-58
7
-25
7
146
285
61
148
9
166
-5
-42
-7
-13
-117
-776
21
44
118
184
8
-75
-148
17
791
-568
26
-12
-384
134
26
-112
1408
39
-2
78
857
2
-8
44
3190
-21
43
10
26
385
12
12
0
54
-42
-4
-171
-22
27
519
246
189
-488
-81
-2
22
116
-338
-26
1439
-18
-64
768
-235
122
18
128
-161
36
-45
418
263
10
-28
27
8
2772
-17
-28
8
-688
-50
19
-15
52
-34
-28
46
-112
-5168
-4
-19
-72
-54
-57
-1
-326
-27
-2
-1180
81
66
-313
-290
-173
530
40
-388
184
-30
-12
-1043
-14
-12
-274
-76
125
19
-3
53
-48
131
40
44
1
5
4
-50
40
-92
1075
-36
-20
-66
-33
771
772
-20
5
-757
-580
-37
-19
-57
25
-360
15
52
-19
12
-43
-54
-8
40
-117
416
3
64
61
11
-13
-38
-186
-45
-219
-299
10
-20
52
-4
-158
-71
-37
-59
-255
-21
-35
-73
50
-131
16
102
39
595
66
-21
59
9
-29
-13
109
-30
-19
-2153
72
-17
103
-209
-5
-15
-24
-35
3
64
11
-170
103
37
34
-163
0
5
-71
-10
-23
-400
26
15
55
11
-15
160
-141
-12
11
-4
15
-38
915
13
-4
-302
3166
-35
15
43
-3
-16
125
-12
98
41
239
7
-909
-302
6233
26
106
30
-5
-25
32
51
-112
-104
-2586
201
4
35
255
7
52
43
48
6
-4
401
2
-157
16
12
54
753
104
-30
499
-27
4
353
-63
3
-172
183
-948
-4
278
67
167
-1
27
-18
44
-4
-24
28
74
-14
-32
-171
-31
-749
-918
340
-5
-212
41
146
272
5
-17
-112
-157
51
-11
-59
262
-177
128
-164
-7
-9
-96
-19
40
-448
21
-1020
-1106
551
-7
124
54
-8
-47
105
-3
-1
-213
-7
20
-44
80
2145
-5
-41
-361
-439
147
-51
111
20
-91
-326
1051
6
-23
-34
67
66
-124
-54
6
8
-13
-2
-36
9
-8994
102
6
-39
98
-16
-110
-4
-74
-48
-2
127
86
20
193
-14
539
66
0
-66
-343
-1126
21
152
788
-87
-400
-218
5
27
15
-34
49
25
8
-78
0
9
11
33
170
2
315
346
966
-21
-25
10
93
-52
98
34
3
-30
-206
-502
61
5
6
24
-521
748
23
-7
20
-434
89
204
37
-12
-185
5
-14
13
-865
-507
-9
38
201
-12
-125
452
215
-77
-22
-56
-3
51
-121
791
38
105
57
-24
-218
20
9
-15
-4
-615
710
93
-338
61
-62
-28
-4
1507
410
-44
33
-1
-6
-98
-19
-4
65
-108
27
8
-5
-88
-20
82
21
611
-810
89
-267
-33
-388
-1478
230
-108
5
23
-4
41
59
20
43
-72
-319
-96
-6
-43
280
-73
8
120
395
-435
23
9
-154
-75
-10
-25
-14
11
-44
673
-74
-121
-204
-165
-24
-19
24
4
7
-247
-21
2
8
-301
51
-190
-1091
-33
-645
148
147
-21
10
-2
5
964
-67
76
13
57
-17
-574
14
-34
-20
63
-2
-44
-59
10
-4
-60
-58
222
690
13
13
1
62
-824
-5
14
72
-55
94
66
-593
-6
-1447
-69
30
64
-18
14
552
-117
5
-293
26
-56
20
358
14
647
16
-20
-32
-22
3
-103
190
-71
18
8
-7
-39
5
-16
64
724
-5
918
-9
-1370
-369
-229
-123
-184
134
-101
-147
-119
-38
8
-4
30
342
71
-65
-81
-1068
-97
35
-195
15
33
-101
394
90
160
36
-10
-10
-82
-1406
37
-4
8
115
-19
-2
-8
-20
91
117
10
30
39
191
368
-6
37
69
-194
-81
-190
53
287
-166
8
40
-2
-12
-204
103
-195
-83
6252
51
-4
-27
8
-5
1403
83
-91
-17
-165
63
-12
-36
-34
-32
4
-478
222
-229
-831
-26
-19
13
54
0
1391
-3
602
-112
84
-71
-185
8
18
-1174
-70
-52
-10
6
28
261
-103
9
-1
-1
924
25
-24
-24
-195
9
16
11
15
24
124
-33
-16
48
42
-79
231
16
54
-44
-40
57
5
7
2200
122
15
78
15
-341
24
-15
-36
50
34
9
-40
26
286
1117
-33
-3
-3
35
-58
65
-29
83
27
35
-184
-236
16
11
-470
6
-118
-25
4
-179
42
-3
-170
8
-554
-43
175
53
-41
53
5
193
114
14
-114
242
-35
-6
36
-29
168
-63
148
-182
3165
-78
-19
66
-57
12
190
-189
-68
1033
2
-839
-2
-73
220
4
76
-6
184
-23
29
-337
70
-11
41
-309
-46
-21
19
-2
7
-2
-28
-9
-151
-100
-43
-56
-56
-113
-131
47
-33
91
-126
1098
-24
287
492
33
-9
198
14
-69
9
3
55
4
41
34
-2
-318
13
91
9
-37
-550
22
-10
-12
0
-63
18
25
50
7
399
-166
94
29
-54
205
-11
29
55
22
68
-22
-11
-92
104
-4
96
13
-13
9
46
680
-3
-36
-4
-154
-25
55
-783
44
-1
13
-1
51
8
47
48
-4
344
576
117
310
61
-31
870
20
-648
58
11
8
-105
-8
-76
67
-88
1
305
-53
-41
1
-179
-162
-16
-638
169
15
-198
-293
-13
-455
-32
-85
2
-99
-163
38
-189
-77
33
0
49
-72
-4
-211
-13
384
142
155
-21
197
55
-1330
-36
-158
132
-43
273
649
190
32
51
-43
7
-12
3
475
16
554
-96
4
94
31
1276
1427
-25
-7
5
-29
568
-18
-16
10
-119
1
17
557
36
17
-11
8
17
20
-41
284
283
-693
39
-48
-52
-26
-424
85
57
3
-31
-45
-10
-15
167
1140
469
7
-13
22
184
-169
-6
-14
18
-2
-45
11573
-13
-31
19
183
118
-122
-13
-33
24
-33
53
13
-131
28
995
190
-54
49
-36
-78
-726
785
56
29
-874
55
-100
77
4
157
-8
27
328
-92
-306
-39
327
213
312
44
-2
-6
21
-37
33
40
11
-438
154
21
-26
63
-59
-173
-1154
-5
113
-2280
-14
-89
77
-54
-133
-438
-416
-386
34
-8
-255
49
2053
262
-21
-60
-4
15
-24
6
1351
3
-32
44
63
88
-7
-226
-35
738
392
-112
13
-36
342
-59
-2
-18
-528
-65
-127
31
24
73
-265
-10
721
-112
242
-390
19
78
-166
2
21
-1453
-21
-151
255
156
80
-975
22
3
39
-41
-9
6
688
111
76
-8
11
-74
122
107
-36
174
-22
-48
26
-3
79
-50
322
26
-3
0
23
15
-5948
-207
-15
37
-94
-99
-8
-215
123
-3
19
-386
-12
8
-29
-54
-253
-92
-20
-3
-10
-3
-44
-108
218
23
23
-17
-19
31
11
1
-13
-4
-62
117
-326
-6
-523
-1
-45
-6
-25
0
142
29
-154
-154
-24
26
69
102
-981
364
-30
-22
25
10
-68
134
-310
-43
-170
1002
42
168
-23
11
91
-3
17
-138
191
-23
47
-30
-23
-40
-54
-413
-483
-3
26
-821
-23
60
-39
107
15
31
55
-26
-17
823
-265
-279
11
2041
13
187
-29
-50
-21
-68
-5
-12
435
176
32
19
95
583
-1
-80
1
-149
-85
-6
38
-1287
705
-2
-148
-14
35
-227
-3
27
9
-492
123
-45
9
-6
290
-24
17
5900
-770
-78
-25
24
288
77
-51
46
32
-85
-18
215
-114
-64
-35
1472
6
-5
89
-32
-39
6
-140
42
366
-110
8
-37
115
0
14
19
14
-58
-2930
-3
131
7
139
4
-33
-8
-141
-17
-35
-25
-13
981
10
-984
40
-7
667
-36
5056
-322
113
-120
140
-17
-42
-182
138
10
-31
454
539
4
18
72
234
-34
474
-5
7
-60
-237
-29
-66
-17
841
-47
-20
-53
-19
-1049
29
-11
21
-43
604
-6
95
-59
290
-37
-1479
-3
52
7
-735
-1218
-318
-6
-180
-383
103
13
20
-15
5
-5
-5
6
98
9
-29
1559
2
172
3
1
64
-30
27
357
-12
-651
-107
-193
2
23
22
254
39
13
-6
-70
-6
17
-12
22
-21
6
-10
-52
10
0
36
-1116
-73
109
-19
-141
-3
8
-61
-57
2
-49
-156
-73
1
727
13
-29
-31
179
-1443
-32
-30
933
-24
32
-24
-80
-106
-1583
-298
4
-101
-11
64
-34
-3
-12
104
-364
-368
-13
23
-51
22
3
4
-18
-205
401
-13
-127
-39
-36
-1451
-137
-40
41
17
-157
-82
14
-54
2
-25
15
555
-7
170
-54
34
160
-8
-26
-60
54
-455
120
66
185
-8
-16
92
-56
-10
-1593
167
-28
22
-51
16
20
-4
386
-12
-45
-2
-17
-90
215
-1
192
-27
70
-1096
44
-647
20
-101
55
9
-3
-21
-4
3
57
2652
70
138
193
-7
-5
-64
-1475
79
23
271
-1554
16
-152
18
26
510
372
59
-34
5
-16
22
10
19
-17
-14
-10
8
31
-16
-22
2
-164
535
-110
-73
79
-66
-189
28
-5
1127
-183
-740
-28
47
-3
-150
-23
22
-13
11
10
-8
61
-47
104
-98
-51
-63
-164
401
-10
109
-6
40
42
-9
276
-105
0
-598
-3
-53
6
-31
70
41
14
97
-126
210
-172
51
-204
2782
-172
7
107
-41
57
4
-236
102
-13
91
-62
31
-208
-95
10
296
765
71
9
-31
6
-20
-131
-306
-37
123
-51
-47
-439
78
28
-20
-59
30
-62
-104
2210
-112
365
-113
8
-38
-1470
-7
9
221
8
41
11
1415
-3771
291
1
-8
1332
9
1227
8
-110
335
14
145
57
-140
-102
-20
-3543
-24
-66
-102
-598
-77
20
38
182
19
-1241
-97
32
16
-50
-441
-21
-381
3
-58
4
-24
16
46
28
-12
-36
18
-11
11
-171
45
4
-10
42
56
-28
29
-28
-50
-20
58
82
119
-131
7
29
1135
-45
-20
19
62
-193
3
-24
11
7
-64
16
-109
9
-50
-330
53
5
-13
-1
1920
81
10
27
-90
-78
-36
-16
-24
-134
-17
-80
10
8
144
25
-3
-37
-32
-28
795
-301
-24
-121
-98
63
11
-996
10
-33
135
269
73
-2
78
-26
32
-2
-100
92
-667
-162
-61
24
24
-13
-818
1716
11
-251
183
119
10
5
-20
15
902
-147
-79
-11
-23
-106
-166
2
39
426
14
43
17
-61
41
-3
-43
-10
55
-385
-1
-277
-25
-23
-1467
-89
-3
-13
-4
3
-8
167
125
349
-45
-1223
7
48
-140
-39
6
41
-583
100
82
106
1336
161
-28
22
-6
-24
-2
-1
3
-6
-145
-4
-391
-39
-82
242
3
15
-174
76
19
-3675
25
71
0
874
115
174
5
12
-424
-2
-70
-61
157
17
28
-775
-148
-8
-71
65
25
26
675
4
-18
-154
82
-902
-413
35
0
39
5813
10
9
-27
139
31
-9
-1327
1113
4
146
9
-37
118
-14
3
11
-128
2
122
-23
-84
9
5843
66
-8
76
246
-154
34
-72
-33
-5
-116
126
175
-190
-21
-30
-53
804
18
379
-96
-14
-20
-26
-13
357
-17
-61
-71
1745
-1023
-63
15
-69
78
-136
-21
-202
-20
36
-35
29
-75
3
-20
49
-14
-37
5
-21
136
26
24
-2
19
-17
-6
-17
-21
1
-57
-1807
-12
48
149
-46
-16
13
26
149
25
-102
-8
47
293
-3
17
56
-912
628
28
-33
-12
866
-19
-56
-55
-189
49
-11
50
-13
-21
12
122
709
-407
-4
32
0
-21
48
-35
-36
-6
132
460
-363
-343
151
9
0
32
144
-2543
23
-57
292
5
-27
41
13
7
10
-86
188
26
-49
10
525
-372
-38
-121
-10
-9
2088
-106
-8
589
418
64
9
4
-3896
144
45
-137
-38
-9
101
677
51
25
5
15
415
-722
-18
46
89
33
-11
428
-2
-13
-20
2372
354
23
518
-211
173
16
-1395
37
1688
-2
-75
-70
45
327
-14
-195
71
-39
-76
-136
-222
-7
204
129
51
23
-4
4492
-23
37
-5
316
-108
-75
-27
-564
43
-45
257
56
-425
-49
-11
81
13
-52
-27
-30
-19
-98
-16
-150
-11
-18
28
0
21
-128
-831
-56
10
20
106
-13
-17
-2
-63
111
42
-19
-325
-58
9
41
8
-15
90
64
64
-7
133
-14
3
-13
29
-11
214
-516
-1216
3167
40
-421
-85
48
13
8755
-63
-20
13
-168
-16
-6
-21
-137
54
4
-80
1048
-597
31
-10
-87
-712
-21
-46
-123
-116
10
84
-14
-21
-153
-124
-55
-71
20
-4
23
41
28
50
27
8
-435
-17
10
-31
23
-25
183
-185
-1
9
-134
20
280
-53
-41
2021
8
-356
-15
16
1091
0
21
-128
13
683
2
-115
55
47
-32
17
-1735
-173
17
112
79
-210
-167
-10
-22
142
82
88
20
-11
1
-11
-62
-71
3
43
-82
-10
80
14
-10
22
-390
47
42
148
-42
60
14
28
86
-11
1
138
5
-1021
92
-23
-3
70
-169
-10
-39
3
71
-45
2
-141
-431
-260
186
-62
9
-78
4
106
-128
189
1740
-20
-26
82
52
-75
5
-32
-34
-153
-5
124
28
-15
54
1123
-18
5
218
-106
41
-303
84
2
-65
-69
-47
-27
43
19
-112
26
-71
-133
6
364
3
-76
-33
116
-56
-600
16
20
-18
-9
4
-6
189
98
-33
-7
30
226
842
-41
-1557
222
-157
-55
44
-25
124
65
-251
27
141
-448
-59
-56
397
-30
-5
4918
4
10
-78
-25
19
13
55
1
8
75
72
-2
25
121
-11
1280
33
30
-205
86
-16
220
-13
134
-32
-40
-197
80
411
-79
0
-13
-357
-33
-28
32
-26
-204
-241
2
50
-59
32
-5
7
-71
1
-287
47
30
-20
17
17
104
-21
-18
-6
-31
11
108
-889
-121
-50
-170
-245
28
121
416
61
13
-163
-7
30
65
66
-16
-17
3
39
-3
16
26
1
-29
1101
-2478
27
-8
-88
-82
-844
5
22
20
17
-5
16
904
-10
100
-490
-72
-157
-82
2353
582
19
-8
2
-2256
-13
13
16
-16
10
-22
11
-12
71
50
-142
-86
-691
14
-177
-34
-1169
-47
-94
22
1933
-116
-38
493
43
-23
-346
-16
-28
-10
20
-2
208
17
-13
4
43
-20
-367
93
113
-857
129
-59
3
-27
-455
52
-115
33
-9
-6
28
112
-97
544
16
-59
10
118
140
54
-6
-86
14
67
-324
-84
-70
-216
216
6361
26
69
-4369
-773
11
-4
-65
-10
188
-84
577
-67
-6
-221
478
-393
2
-11
-9
48
150
-846
-22
15
79
-211
-81
-445
391
983
46
-25
-31
168
62
-4
6
-25
-936
-40
83
-5
-23
11
-38
-41
-10
-1
-49
485
37
-9
91
-134
23
50
-4
98
95
14
-15
-924
-53
-4
-22
-2795
1011
767
10
-90
-23
102
14
65
-226
77
-20
-10
-13
-38
5
664
-112
-22
-2
-257
4
-19
134
28
-1
48
-1
4
-585
-57
-147
24
-3
-206
-2
-126
39
568
-31
179
-492
12
621
126
12
60
97
15
-91
-623
-60
-14
162
93
2411
-223
0
-42
82
20
946
-251
-8
-40
45
-172
21
-240
-74
11
24
-41
47
2
-74
-1
653
-5
102
-704
409
-1913
40
2995
-32
17
4
53
-12
304
11
-53
-400
65
68
-14
3
-106
1
48
145
75
-3
36
-24
158
25
-19
222
-15
-83
15
-353
17
-48
-249
-78
-601
-18
-3
-161
-7
18
1922
-11
50
-266
-30
-162
-8
-387
22
17
148
148
17
-67
45
-22
-33
189
1097
71
3
8
54
-22
72
-57
48
77
1
250
68
-4
-64
897
-18
-43
115
-83
-6
-9
-12
-106
-162
2616
7
-15
512
7
-7
-24
448
43
-321
-1516
123
-135
2
3
-108
-6112
-20
74
9
-94
0
-87
279
-296
-72
330
-5
61
412
172
-135
897
90
1789
4
4
11
-51
41
114
34
34
-109
-122
164
13
7
-303
-62
1741
-240
359
56
27
41
80
-45
-24
84
14
35
-18
-1333
62
-12
20
120
161
-116
142
-59
915
10
1430
67
-1
34
64
686
-10
2
64
-74
-79
197
-1229
44
-42
-54
0
-31
159
-464
44
52
-3
-67
-1
45
-495
124
31
-10
-10
449
10
-3
51
22
678
49
-101
4
11
-74
-174
-16
-719
-24
151
2
9
132
-39
-19
282
14
113
-46
599
-29
73
104
71
12
-39
-7
103
-39
-15
104
-174
-40
763
-94
2
-58
-28
-14
84
-13
22
-1245
4
-62
1
-204
5
85
0
69
-51
58
-21
-30
75
180
34
-20
-422
80
-627
9
-14
21
429
2
-26
-636
15
-1043
30
81
91
-464
-320
-435
256
-140
71
-2107
0
-95
3
590
59
62
154
4
-58
14
124
99
57
-9
-31
1346
42
175
-42
-82
-232
-3022
-164
15
-132
82
63
-18
-1284
7
-221
-48
261
2
44
29
-13
-16
51
4
7
-18
-27
-33
-68
1004
36
-30
14
48
58
-65
231
6
4
-57
-228
57
-9
39
-61
-51
-801
6
-465
1651
1485
-213
-15
-24
93
14
17
43
71
58
15
-185
3
92
-12
277
52
-5
-6
-21
-7
-28
-64
-1497
-21
-55
-532
-51
-425
19
-41
34
196
-17
-19
-633
-32
-575
105
-65
-3
73
-270
-22
105
6
7
-6
304
-15
16
36
-817
8
21
-94
-12
-21
15
-43
-378
33
-38
-5
165
-43
100
-71
-8
-30
24
-72
-92
34
-60
-27
37
-123
4
128
-2252
-7
70
23
-229
-240
-432
0
-5
44
-318
3
32
33
3
-25
-155
260
73
164
-741
-69
11
8
13
18
740
-12
47
-37
7
14
3633
37
85
-130
-13
13
-89
136
-267
13
-33
56
-177
147
-183
-180
28
-86
3
-7
-6
109
-11
-5
-59
11
-25
-16
-333
-1261
352
14
-29
-6
25
-29
-187
-23
14
192
7
-5
-4
-13
98
8
21
18
39
-830
-1
-14
-3
1250
103
-15
3047
178
-37
-34
-26
-37
-17
29
11
-35
854
42
-9
-118
-47
-85
-930
-64
88
-5
-967
69
-243
-472
42
-7
-195
-11
-222
