978
1655
2755
2961
3981
1196
1394
1396
7071
2937
4826
2387
3218
1269
2850
1107
3706
4619
3031
7193
1608
1411
3907
2271
1243
2694
3501
1905
1219
2357
3387
1236
1540
5356
1445
2981
5715
1973
7335
3778
1517
2037
1748
1893
3798
1592
3114
1594
1457
1793
4492
4520
1556
4054
3255
3224
1240
6094
1937
3437
1808
1880
2109
1978
1050
1229
4842
4195
1213
2325
2535
2458
1320
2685
5101
8507
1947
3267
14439
2474
1798
2935
3356
10065
21920
3903
6145
1883
1933
1865
2739
3735
6671
2005
2190
7164
3611
8118
5411
5209
4968
2045
1357
1459
2672
2159
3543
6438
3333
3054
2996
7485
1873
1334
1918
9980
2710
3630
959
23132
1499
1674
1700
9428
4940
8573
1770
2080
1462
2421
2052
10619
13213
1278
4084
2336
918
2589
3597
3284
2548
4312
6480
5098
32455
4726
3883
9377
5947
2518
2418
3603
4125
1877
2235
2078
3267
8931
1016
1928
4622
1015
7548
8722
2704
4753
1435
3384
6151
3853
4204
1395
1798
3117
2918
1661
3663
2296
5489
3339
2020
1028
2237
1441
1059
7474
15007
1484
1246
5069
1876
1805
1851
3868
4400
1446
2098
2301
3165
2122
2344
1439
2765
4501
1594
3034
1944
2472
1460
9066
2082
3500
966
1596
4343
1947
1321
1291
4109
831
1066
3463
1393
2014
11067
4509
1910
2620
2459
1348
9776
1243
4097
8140
2558
3112
4517
2174
1347
6282
1684
1214
5445
6812
2671
1536
3563
1265
2967
3149
6865
1081
7270
2706
1864
1580
4629
1140
1463
1098
2176
2278
1306
3316
2425
4578
1294
2806
1219
1274
2281
4452
2767
7948
3468
2305
6080
1876
1250
1137
1527
3352
1873
3590
1713
4694
2084
15508
41900
4182
4824
2767
1440
1424
3377
1979
8670
1421
1237
4264
1749
5126
2953
7685
1354
3367
2854
1319
4010
1997
1464
1709
4870
1616
1452
10315
2312
3364
1704
1897
1813
2984
1331
1730
4091
2238
3713
1610
1622
3366
11418
3727
2644
3133
1436
3069
1612
2209
2042
4741
2913
2876
3046
3402
2367
4363
10649
1290
1478
3608
2836
943
2376
1041
2151
7576
3359
1185
5663
1085
3886
2231
2996
2197
3569
1204
1911
4486
2866
2815
8439
2640
1564
1806
1804
4824
1615
1399
3285
1372
2399
1650
4754
12173
2833
3621
2596
2938
2259
2716
2240
1996
1815
1014
6547
6804
11570
2172
1939
894
1823
1445
3132
3036
3265
11572
2418
1559
1342
4078
1272
2163
2509
7725
2607
3877
5743
3131
3016
5136
2778
1401
4845
24260
3370
4329
2975
9678
960
5148
1883
1693
2078
2097
2395
3363
1418
5179
9137
7514
2464
1311
12189
4166
3186
1462
2260
2578
1519
2936
2681
2008
4466
2733
1983
2316
1393
3986
2926
1545
3493
6738
1502
2111
2616
2206
2965
3262
4578
4922
3988
2224
1032
6851
1535
1989
3003
1266
1810
2695
2231
4284
7373
2168
4092
1965
1569
5405
2025
4366
5160
4641
3113
2414
2294
1643
1940
1716
4134
895
2417
1702
2274
1230
4881
4429
1302
3401
2828
2438
3058
1063
3933
1230
4133
2527
1184
1641
8331
1862
14002
1059
2606
2270
2626
3031
1518
9638
3013
2067
3078
3254
3183
1402
1299
1696
2957
4126
1746
1792
2682
1941
2360
12173
1038
1795
2459
5652
1505
1045
1955
1211
1572
10158
3092
6837
4202
1189
4275
4150
1295
1534
2002
1645
1879
5271
11443
1415
2099
3406
6214
5499
3159
1242
1718
1887
3494
7072
1696
3218
1176
2687
1431
4533
2801
1836
4639
1351
3223
1077
2614
3657
2176
1622
1964
3594
2864
1008
11496
2924
1818
5077
1268
1630
1252
5986
2220
4584
1945
2838
1836
5408
4939
6919
2930
4950
4472
21590
23466
2769
1580
1313
3373
6972
3365
2532
1818
1934
4266
3381
26760
1754
1092
2680
1537
4651
5681
7413
3269
2345
2114
7202
9371
1148
4278
2086
3839
8452
2570
1691
2418
4894
2072
24031
1764
1581
4118
2062
1632
3573
1390
2336
3474
1855
2233
6707
1628
2261
3295
1704
4961
2303
3627
3807
2936
2085
916
1520
2854
1193
8396
3239
2004
1652
3668
2179
4945
1933
11730
1030
1215
1569
1265
1726
5141
1809
2439
3810
3617
2908
1781
3656
2767
1754
11454
1990
1585
4707
1130
3907
4761
3176
2627
2394
4366
2597
14157
2041
1702
4451
4575
2109
2157
1888
5172
6242
5058
3546
1878
14705
2068
2771
1546
18999
6208
1711
1905
1722
2771
1197
2457
3579
1197
1449
6153
2081
6574
2882
1244
1268
1750
1784
4762
7748
1673
1641
5546
2985
7939
4365
6033
1087
2301
2118
1381
2809
1147
1986
1206
1493
1715
1473
3669
7546
2415
1485
21603
2818
1576
4433
1345
4453
2238
5356
5978
1642
2007
1182
3019
2727
1613
1303
2678
6583
1597
3159
2979
10154
7061
1453
7239
2477
1459
4833
4614
3289
1323
1496
1661
1347
2451
2068
3712
8433
3109
1114
5669
9506
5113
2982
1485
2562
2751
1440
8541
3395
2902
8071
1547
2737
2011
5441
1214
1701
9766
13347
1083
1169
832
1310
2276
8237
1283
4063
1679
2104
1058
1206
6276
2053
10695
1700
3344
2694
2780
1703
1911
3506
963
2933
1765
5443
4004
1505
1480
2385
1075
1809
1975
3330
1033
1829
1109
3496
2251
3701
2647
891
4149
4767
1788
1486
2677
1308
2566
3422
2111
2542
4326
1541
2083
3325
1748
1462
2276
1235
2352
4792
1621
5620
5873
12033
2672
1316
2281
3240
3809
4449
2088
2140
1051
10987
4130
2973
2606
2563
3005
3411
2435
1031
4795
5953
2127
1864
1173
2402
4437
2250
2764
1503
4601
683
2145
2021
1925
1596
1027
2462
1073
2652
2082
3114
6171
1342
2920
2920
1868
3752
2170
3875
3560
1458
2432
12579
3923
3292
2517
4370
2923
2575
4175
2787
2926
10861
2816
1052
1688
4302
1067
2175
1070
1311
4840
2143
1507
1656
2335
1214
1900
3069
1701
2376
11953
2916
1409
9380
14150
4479
2889
7143
3670
2270
3161
2894
1262
2573
3059
19292
2065
4767
1575
9980
12518
4292
2636
4195
10342
4657
1004
948
2050
1636
19883
3428
2983
3473
1463
2601
1215
1359
1754
1172
1884
2412
1634
1542
3676
1928
2691
3931
5432
2149
1159
7029
1818
1411
6213
1610
1081
1918
9489
4512
2992
4806
878
2198
2413
1574
3515
1389
1789
5913
2310
2248
3656
6606
1550
2277
7099
6000
2065
1057
3353
1800
2150
9571
1093
5426
1385
2278
1272
1906
1046
1937
5251
3281
1317
2793
1510
1508
1999
1464
2141
3475
1764
2171
2409
1809
3895
14157
4078
18557
1619
2455
10647
3962
1189
2658
1543
4888
1254
2429
11230
4241
2204
1585
6629
3967
4228
1870
1944
2246
2213
2303
2209
4110
1446
1612
1571
1179
1800
1125
6552
1427
1281
5497
4024
4731
2242
1109
1690
1615
2700
2173
2966
3541
2712
2183
2814
1833
7389
24687
2726
3960
3814
1352
3693
3891
3259
1509
1789
3960
2300
780
947
6290
4936
1391
6319
2807
9201
1753
3400
1452
1185
1447
873
2951
3385
4243
2619
1794
1772
22799
22908
1807
3268
1191
1420
5875
2751
1808
4589
2621
4905
11292
1438
2571
1493
1558
1763
2698
1531
5159
2318
1228
2784
2932
2667
1286
1429
3179
8440
1399
1112
2687
1517
7932
3537
2657
1886
3432
1846
3090
1506
2076
3988
2316
4021
4738
4445
3600
1204
10109
2186
1806
2068
1542
1118
5733
5078
6383
5381
2401
2162
4787
2702
13917
1454
1813
2692
1983
1388
1961
2486
1202
26673
2860
1599
1516
2612
2613
1000
2662
4333
1676
5842
1735
1103
1500
3012
1063
1691
5165
1596
2691
1611
1438
2888
7602
2344
2374
2686
3537
3017
3352
2504
2128
11752
1917
8528
3795
3502
1797
1631
3540
3830
1960
1945
1287
1470
1670
3616
3141
905
2435
1883
1536
6311
5269
2796
5970
1169
1894
7084
3850
1306
1319
3042
3688
3863
4101
949
1692
4390
2490
13746
1230
2685
4797
6881
3450
1749
2597
14408
2776
2989
4374
1678
1061
4421
3403
1756
3688
3029
3197
1054
4181
1479
18973
3347
6736
2492
4145
2074
7823
6035
1033
915
2357
1794
1864
18861
1734
10531
4666
1548
2061
1137
5497
1197
3097
2205
2416
2961
1975
2683
1910
2505
2173
4363
2140
3232
24689
5774
3740
1698
1513
5936
1248
3541
2295
8192
3255
1160
4102
1482
1717
14042
2056
11373
2090
1428
2178
1710
1591
5758
1188
6890
1393
2706
6054
5415
1395
4464
2809
1803
1275
6372
1562
1564
1354
995
2799
26371
2298
4253
4361
2338
1738
2902
2332
2646
2309
1021
1076
2118
1663
4711
1661
1282
3845
1955
2007
1695
1791
1811
1496
3822
4797
1267
2950
20159
1780
1983
3017
1843
3154
1285
2976
1897
5467
1650
1459
4026
4852
6138
2064
31243
2896
1655
10182
3275
2039
2152
1590
5414
2735
5418
8375
4984
4577
2844
4706
1740
1034
1532
2071
4534
3441
8620
3865
2325
1625
1406
1361
12012
3516
1156
2518
2967
2122
1342
1326
2550
1734
10176
3602
2064
3156
8702
2942
2248
2734
3030
2676
6767
1064
3823
955
2220
2554
1990
2098
4004
3576
6146
3438
1628
10512
2364
7459
2251
1964
2146
1813
5068
7422
971
1906
6868
6509
5985
1384
1786
2470
4239
1279
3282
798
5251
9664
1715
1802
2652
2042
51030
9421
3703
1382
6977
1319
2600
4754
1669
4692
1119
1313
3356
2099
1868
2219
2714
2607
2627
1202
2161
2549
1149
2254
4067
1974
5553
1416
6324
3411
3480
1513
5768
2586
6876
2015
1627
1566
4899
4607
11728
2236
17489
2103
1753
2477
1310
3693
5081
8509
1239
2680
3459
1555
2931
2344
7346
1294
1948
2279
1354
5126
2047
2374
3862
1370
3693
2453
3319
4199
3784
1771
2054
1499
1839
1806
3111
1733
7863
2249
2459
2020
6083
1442
10734
2583
5114
3997
3195
2305
6275
5051
1772
4733
2315
6511
1925
5312
2444
3479
1766
4832
2952
4437
5892
3896
1673
7391
3828
8166
2385
2085
3818
2775
1588
2212
3982
1506
1380
1509
9131
1744
8423
7038
5373
4368
2343
2979
2815
1259
3850
2386
3795
14092
1453
1962
3241
2013
5316
4932
4959
4457
1750
1656
1220
4176
1611
1795
7995
1175
3753
4589
1450
8655
2746
6884
2879
2164
3579
3076
1503
1245
957
1162
2202
2878
1415
2765
1155
1645
1389
1976
1415
3399
3199
1620
3526
1385
2806
1183
1805
17967
1815
1946
2600
2348
2431
2500
4858
4788
3090
1588
2961
4129
5519
1803
2050
1134
3650
3299
7120
4723
6670
1395
1746
2588
8823
4460
947
7347
1296
1421
1583
1106
2339
6304
2401
3094
3236
2577
5003
3401
5637
4810
1712
1428
2528
2671
2061
2886
3269
4581
1715
2171
4686
4522
6156
9255
1445
4784
1986
5289
1212
2090
3793
1341
6541
4481
1560
1616
2855
2270
3031
2034
12327
2039
1375
7405
3693
3213
2419
1537
41211
1683
2117
1809
2085
1534
2546
1873
1673
4491
3443
2077
1556
7718
1371
6075
3274
1883
1671
10403
4864
2737
2264
1949
1667
1806
4390
1394
5382
1503
2465
3704
11095
6823
2484
1879
3480
1726
1771
5824
6894
3476
3700
6687
1245
1136
1772
3175
2878
2809
2489
1888
947
1674
2426
1503
4356
4305
3256
5629
9000
2556
3382
1761
2841
5248
2289
2972
1842
6180
1695
1354
1254
7097
3941
3600
3679
2111
2165
1801
9261
1254
2467
929
2186
2993
5874
6888
2651
2360
4804
6805
1619
3469
7527
1916
2555
25305
1247
1118
1616
4356
2358
4444
4290
3771
7920
2194
1500
2274
1582
5061
2371
2262
1743
1043
1422
876
7610
2072
6071
4003
1921
5062
1414
2126
2056
1485
2491
5155
14500
1320
2451
2898
6484
7782
4562
12145
4225
2827
1818
3384
885
18481
1566
3097
1648
1930
2369
4793
2820
7537
2237
1392
8253
4278
6041
4171
5971
1331
3036
14109
1181
1409
4550
6742
14449
1321
2655
1445
2466
7936
3074
1722
2477
1108
10303
1584
2165
4345
2195
2619
4577
1236
1500
3991
1691
1361
2255
4972
7282
5812
957
2291
1163
5237
1075
1882
1685
4995
1379
2216
1208
1999
12524
1964
3282
7057
1985
3200
2574
5293
2134
2021
3590
2203
2136
8482
2143
2893
1531
2047
2414
4358
3232
1283
4485
3211
1182
6350
1449
1036
4455
1462
1185
1674
1680
7968
13066
1095
2073
3221
7913
6468
4164
1901
2250
2067
3340
3362
1814
5262
1197
8751
8228
1149
2883
6334
1833
4122
3067
1511
3968
3478
2528
2164
6062
4715
4390
1375
3575
1871
1864
1136
2337
1310
6316
11431
9668
8694
1871
1905
2141
2060
1317
4473
1682
4028
1552
3591
1936
1345
1439
10027
3527
1324
3671
7537
2225
1953
1587
3546
5031
3218
5276
3742
1541
1188
2448
1597
3338
2325
2425
1259
1233
1330
2374
3163
1281
1797
1125
2400
1195
3548
1990
1755
7371
2079
5273
3590
3559
4031
7426
4647
6176
2358
2074
12137
2536
2471
1709
7666
2403
1162
8043
1667
1133
1485
4814
8305
2077
1638
1637
4520
4881
1748
3053
1429
2793
1509
1721
1825
1009
3015
1162
2027
1470
1949
3003
3671
8279
7507
1406
2104
6601
966
4643
6138
1348
9557
1549
2063
2366
1700
1568
4994
11377
3979
8523
4065
4430
978
2225
3575
1320
2482
3406
1990
1178
1640
4679
2268
4607
1493
7642
2279
5896
8083
2420
2504
2447
869
4247
2097
17453
1614
2533
1899
3744
13550
13632
1762
6677
4275
2787
3213
1726
3429
3712
3306
864
5652
1785
1246
3878
3280
3352
2090
4299
4825
3333
3064
1773
2275
1002
5034
1571
6164
13487
2053
1467
3004
3574
18675
10134
1715
1542
5140
3132
3589
3468
935
1199
2343
1775
2894
2003
3633
2873
1807
1323
8054
2789
11322
2082
5252
12312
28843
1973
1666
2044
3334
3218
3173
840
2571
12939
2887
3671
2369
3339
1481
2541
2848
1676
1683
6013
1539
4419
2495
897
2088
1313
1893
1561
7079
3167
2638
4674
7034
5963
1382
3600
1079
2423
2013
2606
1557
1144
2040
1096
6545
2973
3327
8454
2675
9937
1621
1911
3157
1882
4667
7549
2829
4858
2794
4505
1542
3009
1611
2555
4153
3836
1732
2112
10773
6192
3206
1791
7396
5281
1205
2371
4292
2592
3061
2817
1830
3984
13780
1429
2034
3305
2581
1834
1888
914
1675
7699
3289
5306
10170
1478
6541
4238
1147
3873
1853
5888
1920
3050
2252
970
1547
2050
2350
8292
5718
6596
2715
7070
5305
7218
6371
2937
4036
1268
1672
4842
1410
2550
1304
1982
2979
2524
3437
2436
4650
5415
2152
3608
1628
4386
4478
1431
1203
3521
4131
5070
2085
2454
2092
2454
1666
50918
1596
5890
2920
1454
1554
3635
2303
1790
8738
1534
6369
2530
5031
4017
1296
1656
8865
1812
2629
2954
3183
3301
1786
3852
1200
1200
1316
2956
12374
8395
3748
2140
6123
6149
2457
3072
1272
1530
6137
2372
995
2024
828
2288
1594
2072
1136
1243
9775
1256
5971
9551
1723
5923
3299
1191
1182
3181
2281
1674
8822
2931
4083
1771
1673
1516
1576
1587
1316
26202
1394
6012
4963
2512
4589
2458
1054
1800
1489
3707
2916
7068
1748
2087
6995
3261
4873
1713
3390
2290
1640
3637
9083
19451
11065
1718
1080
2264
1507
1284
1777
1238
1559
2944
4833
1375
1101
2218
15281
1906
1333
3479
1506
1592
1889
2023
1213
2129
3115
1778
9310
3443
2464
1312
4208
1498
1621
5262
1326
12460
3290
2073
2033
2811
20326
3360
22116
1975
5206
1446
2776
1789
7120
3908
3217
1089
4112
1812
3969
3022
5194
1404
1047
1818
3122
1169
13072
2639
1087
3292
2179
1792
1831
4009
9414
7553
1653
1313
4861
1091
10456
1373
4244
3536
1253
5557
2586
2690
1817
3535
4012
2888
2258
1148
7706
4732
1563
6971
4749
9968
5447
2325
6371
1690
5124
5080
4755
3581
2000
2123
1519
3262
2044
29398
5259
6382
12772
1627
1504
7264
3254
2016
2442
2110
10211
2592
9653
1211
3261
1338
2993
1205
1876
1658
1194
3779
5114
2458
3111
1260
5472
4300
3555
2189
838
1653
1525
15244
6308
1719
2311
2173
3181
2239
3841
3925
4769
1496
1058
4157
3444
3671
3401
3710
12263
1286
1219
2303
1361
5625
5260
1700
10793
3001
2001
2215
1834
1717
4667
1954
1582
2116
3833
3049
6237
2133
2542
1435
7007
2273
1427
1205
1888
1345
10122
15509
2897
1109
2206
3548
2759
3089
2001
2468
1466
1788
2342
1826
7176
3251
3206
1144
3993
2539
5485
1398
2857
1900
15604
2362
4494
4748
1882
19628
1871
6610
1663
1540
1147
1301
2387
2585
1819
2261
2454
2324
1226
2175
7831
2300
929
1218
1238
3617
18297
2656
1299
5843
1747
1410
5443
1298
26435
1678
6130
2182
1542
1565
3235
2626
3326
2059
6579
2271
4352
4225
1817
8961
2492
1253
1941
1492
2808
2095
3532
1481
1173
1453
1838
5541
6719
2435
1259
1904
2693
4805
2095
3974
2993
17773
9976
1922
1715
1971
4858
2232
2082
13645
1408
2914
7401
2845
3477
1847
2197
2763
1834
1134
12478
5218
4978
4291
4687
1400
1756
2047
1465
3348
2223
1421
1827
2462
1723
880
5814
13374
5698
6140
2592
3153
2246
2637
4532
8571
5098
2803
2120
3198
1562
5166
1607
2534
1710
1367
961
3575
3636
7959
2811
1516
1249
1589
1626
1670
2843
2990
4051
1921
4191
3544
1962
1468
1274
2386
4344
4634
2045
34661
4961
2108
2342
1544
2547
9961
10021
2557
2090
100736
3776
1530
1307
4424
1182
1953
2136
5897
2114
3511
5422
2086
1863
3477
5049
6441
6037
3155
2941
7490
1591
835
4217
5859
1250
112969
2001
1779
3652
4223
7240
8532
3838
4794
1282
2054
2135
6431
2137
2363
3975
4369
2384
987
1356
2097
3315
3055
2988
3239
1402
2757
2900
1816
5386
5410
11597
2247
8243
1644
6427
3941
6554
1771
1097
4334
1624
1668
4802
1641
3256
3978
5048
15622
3855
4875
2457
3193
9067
1593
4216
2216
2199
9139
3659
4607
1925
11071
1298
5892
1260
1224
4297
2149
1855
2119
7572
2778
2309
8210
3741
1368
4148
2406
3921
4391
6695
3367
8097
3201
1964
8303
5534
1670
1377
4529
2656
2137
1433
3466
3801
5201
3892
2905
1383
2311
5219
13151
2215
2166
5199
1547
4739
1848
3791
5734
1606
4590
2901
5743
1475
20598
2125
1825
1240
1695
2258
2072
6522
1616
2885
3359
1135
1137
25378
2612
8410
6094
1635
6011
1129
3621
2510
1848
8508
4589
1778
36537
2246
1968
1340
1573
1404
1123
1732
4508
4473
1179
7095
2009
2575
2777
19528
2342
3280
5957
1044
3966
1238
2422
1205
1325
1592
1393
1358
1247
1823
3044
1355
2900
1766
2484
3991
9752
7155
2871
1398
4464
8035
8516
1028
2750
957
2018
1455
3741
2092
2740
6937
2981
2282
2668
6589
1244
2629
1247
2637
1826
19030
2031
23854
6055
1556
8964
3498
1855
5305
6043
1084
1760
2074
1436
5885
6826
3011
2075
1533
2824
1039
2354
1593
2400
1641
1194
1369
1201
4634
1448
2415
1488
1401
1010
3159
2431
3828
3541
4707
2372
930
1474
3736
1786
1653
3280
2290
3962
6210
1671
4997
3474
1872
1833
2176
1776
16123
3273
3723
3065
2628
6953
1050
2507
4317
2373
4802
4210
2546
9937
5205
16328
1747
2052
3232
1551
7258
1536
3052
1319
1422
2740
4221
4998
3725
1301
2394
1463
1765
966
4209
5019
1003
4839
2960
1227
4590
2229
1756
7661
1111
1003
6117
2694
2050
8433
1482
1246
1794
2564
1539
1212
3322
2649
970
2498
3378
4966
7547
7374
4449
1707
5375
2549
4472
1949
2439
1576
1846
3097
1597
1771
2584
3982
3231
5655
1561
2186
13175
4580
951
1498
1490
4494
2055
2312
1637
1006
1907
1285
2029
5529
3723
1262
4105
5329
3870
1793
4581
5236
1253
7804
1785
1265
5929
2893
5388
6865
1752
3698
3980
1916
6775
5571
4893
2438
3825
1506
5612
5683
5067
1651
7303
3145
5562
2001
4103
3418
4581
1386
1287
1831
2288
2636
1681
3922
2973
2936
3184
1371
2249
2294
2739
1956
1383
1819
4483
3406
2304
15596
2795
1218
1550
1686
1584
4999
3818
3289
1703
3305
1345
2616
2031
1650
2668
3058
1926
4899
1260
2138
1242
3703
2683
2156
13742
2627
3052
9329
2217
2057
14761
2221
964
4135
11736
2367
3415
3835
1019
9706
4221
6535
2085
3385
2565
993
1741
5652
1593
1240
1258
2730
2254
16414
3009
1904
2513
805
2851
1820
6024
2274
2422
1841
6469
1834
4228
3221
1250
1448
2171
4061
3124
2326
9561
3346
4319
2761
5868
4713
1136
1693
1784
3333
4882
1300
2019
1050
1287
2731
1432
1301
3627
1366
2259
3779
6590
2047
5998
2657
1497
2378
1320
2730
3357
5188
1799
2116
1915
3122
9927
2671
1169
3020
2542
887
1150
1457
1526
1162
2761
4466
3395
1510
2298
4673
7907
4723
4760
3898
1393
10996
2068
2170
4840
3601
2166
1284
1078
1338
2837
1547
1938
4183
1353
4533
2752
1806
1461
1436
3264
10819
2718
5164
2898
2958
2609
8331
5645
2483
4374
2019
1880
2677
1732
22755
1607
3859
2351
4309
2424
1509
1627
2276
1981
2687
5145
2600
4951
1694
8118
8326
2772
2485
2989
4860
4402
1100
10570
1908
1669
6214
1585
1985
2536
6823
1389
1090
2146
2052
1690
2190
7240
5848
1657
1899
3777
2128
1210
5441
4460
1745
6676
4223
12166
3329
3584
1011
2269
1835
2709
2404
4709
2037
1191
3527
1678
932
1799
5337
3480
3949
1409
8635
3355
1114
1883
3052
1962
3646
3038
3500
3761
1836
2966
2115
4891
5115
3433
5990
4968
960
6475
1306
5110
1036
2202
2098
4188
1428
1132
5975
6422
2218
10155
3237
4354
1806
3709
10005
2683
2723
13483
2343
6664
3621
2598
1814
2253
2172
2368
3861
3146
2557
1884
17427
2474
4393
2084
8752
1023
3094
5408
7075
3089
22842
1318
2635
1461
2785
2677
2799
6769
2340
1684
11806
2569
2009
4235
2272
6520
2762
1802
4227
2495
6793
3783
2216
1175
1415
2758
8166
1975
4970
4769
13666
1000
5283
3286
5395
3207
1515
5296
4475
683
2219
2496
2186
1891
2676
18520
1309
1411
1368
5178
1709
2961
2164
1787
35611
3302
2022
10246
1491
1466
1524
1452
3726
3460
996
4184
6815
1155
4815
1509
2161
1634
2963
1783
1571
6909
2705
2845
1192
1251
1115
1732
1042
5118
3135
5024
8042
1233
863
12589
1337
1180
3711
1000
5955
1850
3767
2994
1907
3684
7340
5270
1800
1661
3603
2208
13705
6369
1521
4355
7990
1344
4060
1057
1296
1937
4243
3413
6777
3479
2729
1950
1748
1887
2832
1091
2374
6292
1839
1169
5537
1881
3733
1050
1565
3884
7138
2020
1633
2771
4377
2859
1681
5568
4533
2687
2078
2511
1508
3195
1166
2304
1674
1444
2760
2585
10075
2975
1293
1275
3707
5354
2347
1475
1555
1952
1548
1319
4842
7492
4092
5010
1851
1351
2528
1757
1976
7790
1557
1165
2134
7024
7165
2168
1237
9550
858
7148
1471
1671
4499
1820
2311
2072
3836
4044
2594
2611
13559
4027
2692
6907
5428
1752
1005
6155
5166
3572
1893
4379
2253
3910
15036
3746
5264
2981
4875
2279
2531
1870
2275
3956
1567
4248
1333
13412
2560
1791
4105
4454
7212
2807
1651
1966
3434
1577
2179
2503
1576
2593
1332
21600
3196
983
1891
2356
5107
4188
2038
2138
732
1448
4383
2873
1767
3484
1565
1739
1100
2230
1201
1200
2281
1197
3221
1474
14758
2291
17342
3527
1676
2816
2107
2511
3455
2202
1584
3020
2526
1133
2797
3644
1363
24359
2010
5083
2023
3003
2529
1632
8486
5339
8701
4301
3123
2623
1992
1046
10165
1720
3037
2570
1633
2550
1514
2410
1204
4776
3075
2078
2513
2215
4092
2349
1247
4009
3286
646
1127
7196
1388
1526
1400
4053
3191
2103
1959
5151
6636
1287
3275
3775
1926
1020
4528
3761
3314
4817
2993
8088
41261
1727
2187
2413
2221
2642
1891
1747
7215
2387
1938
2230
7408
23641
2496
3733
1860
2144
2744
1183
3885
4049
1267
3607
2738
1883
2534
1620
2197
6644
1779
2149
8419
1299
1934
2454
3522
1435
4469
3672
2128
1581
2338
4860
5243
3530
1405
5261
1739
1362
2354
1438
1922
998
1553
1305
1266
3423
4935
1766
1310
5008
2926
1884
783
2727
2006
1406
2542
1804
1906
1792
1407
6245
1569
1719
12568
2594
6721
2134
4043
9543
6047
1266
1861
2274
2615
4143
1192
2852
1804
2496
8358
2722
2944
1338
2674
1550
2650
2336
1587
7373
3518
1173
1994
1076
21327
2504
1081
2211
4820
1257
1753
925
1426
2848
2958
3145
2699
2077
972
2475
