-10
15
-97
53
9
-34
1
-46
22
-17
4
-39
-15
43
-7
-52
-43
-10
-511
-122
23
-60
-34
539
877
0
-75
-169
16
2
97
1
-491
-9
24
-95
-31
79
-2
-740
-10
4
-4462
-196
11
-116
315
242
50
-4
12
35
2
329
81
54
12
-118
-115
-31
-434
-26
-23
5
26
15
144
-15
108
3065
-53
-479
-13
25
-3
145
243
-574
-358
-366
-34
136
8
-258
1174
-176
4
-109
-31
-12
-121
-31
-24
-5
41
-5
534
92
3
77
-318
-24
-22
113
-335
-47
-5
42
-40
-107
23
-5
-84
3
-72
12
-299
314
1
-1752
-1
-181
-5
-221
257
-27
181
-100
-228
12
-2088
-23
443
-2
-617
159
66
41
11
377
26
14
-27
-319
249
16
-5
-148
-25
93
3
-1013
3
84
1000
-9
-196
-28
-3
-11
110
2
-222
11
-1314
-54
408
53
-36
-4
-48
-625
-4
1225
7
-16
12
-72
2
46
374
49
-13
-451
19
-226
-33
0
-16
4
194
-61
-1
-3
-2422
-85
2299
-97
-34
10
-40
-646
-20
5
10
-1424
81
-149
-265
-2075
-1760
-585
107
37
-38
15
6
18
-339
-4
45
14
-68
7
206
21
1
2
52
-19
107
1
27
14
15
146
-53
14
-6
56
7
-1114
133
33
-24
122
98
-1117
-67
38
-9
44
14
-6
-10
-9
80
-63
7430
170
161
9
41
217
-41
-451
-716
55
-99
-85
-6
-1832
-369
-2
-27
1
80
-429
-5071
-13
321
1
-12
1
-97
41
0
368
-7
184
55
-8
-34
32
-199
447
123
-3
-8
13
26
21
7
457
53
8
439
-8
9
47
-29
326
27
-8534
-96
-23
76
132
-466
4
-298
8
440
-1017
5
-30
-855
500
38
15
-144
-66
206
-65
202
-54
19
3
3
51
206
10
96
39
-3
505
-1669
-290
-21
2
4340
3089
-138
31
1
239
-311
-104
-13
-36
3
49
-42
-285
572
-18
135
349
-449
90
13
8
12
3
20
863
131
-11
115
-1560
21
7
222
-268
-10
-101
58
-43
-80
-575
1435
551
2
241
50
-642
1488
31
75
-9
16
-194
-3238
-14
82
-4233
537
316
4
-23
1
-19
-18
23
125
429
58
-92
-28
42
376
24
36
-11
107
0
-525
84
382
-30
-11
-19
61
8
29
245
75
6
-435
-428
340
-178
-100
-100
241
-6
195
-78
-110
415
-7
20
-3
-11
27
-21
-817
336
-1
132
-51
-69
30
-710
82
57
-17
10
6652
-211
-200
4
5
-107
5
-210
-295
-5
134
129
32
4
4643
-83
-5
-27
9
58
-15
834
30
-7
-12
-2
-6
33
-3
27
-479
-7
-72
-73
104
-1299
12
475
-388
6
40
41
-261
2
88
-826
703
-137
329
432
-49
-110
4
-210
-33
-306
-226
1063
34
-584
-3
748
-8
-8
3
-5
23
-589
6
-66
163
-20
-3056
-98
-12
-13
-4
-5
-265
2
-758
183
41
-32
0
-12
-3
-389
273
7
132
-984
73
-678
1584
-13
48
-4
799
-7
-6
-52
10
185
-108
-282
0
0
234
-42
-50
161
-3
66
-5
-216
334
-35
-203
187
6
-14
49
37
256
-2168
-2
-156
-25
-61
-324
7
44
8
845
48
-15
-3598
-1
-27
-2
-5
58
-3
18
-23
19
97
-88
-701
22
135
502
-32
-60608
31
-337
11
-55
3
-156
-83
-79
30
-768
5
-128
14
7
33
14
-331
-26
-1218
1689
0
3
-166
40
16
-860
-98
-270
-1
-4
108
20
1119
15
-1
139
-759
1
33
14
4
70
88
470
411
-2
674
51
-1282
-651
-20
35
-32
1
834
61
15
-865
-503
-10
-7
-603
-415
28
102
-1
-310
-8
79
739
23
-25
-264
36
107
37
-220
57
24
57
-448
-169
-4
-13
2393
-25
458
-4
8
-62
279
-5
-267
604
-5
382
65
-9
8
-48
-5
-213
5
-2940
1
3
-48
364
-16
-60
279
193
381
533
-273
-51
0
-57
28
-223
-22
-1595
43
235
-63
11
-2057
1
105
304
-157
2
-1
334
-22
-4
429
447
526
-155
-164
-7
608
421
-8
24
53
936
-9
-215
120
397
-7
-42
-8
-4
-7
-43
1230
-824
6
-38
-517
23
-5
-50
-26
-3
7
103
-1
-15
203
-6
-70
1459
-49
-33
4
-3
-21
1105
-27
-627
23
154
-28
-10
27
-8
1700
-2
-51
-409
140
401
-44
17
-1
-15
1
153
-1
30
-89
-1
-109
37
1
-25
-74
0
166
6
-149
-9
371
-13
-84
-108
21
-41
315
-23
0
-23
-45
-53
1
55
14
-42
17
-267
26
8
29
-90
35
-21
-27
-1
-809
6
-54
-152
3
98
-129
68
-3
7
165
144
-188
-1489
-220
-14
113
-3
-53
0
-700
-481
-19
-475
74
0
-32
-21
486
-15
9
-3
-462
-124
279
15
-134
5
11
20
-136
60
360
-8
325
-241
46
-432
9
9
-1094
-6
-304
-7
-566
-77
-7
79
0
-17
-252
-42
13
-65
514
-7
-13
-6
-6
2
16
12
-53
180
-1
-1
123
-38
-65
62
23
18
-172
-275
12
-2
-46
-259
-542
64
104
11
34
176
2
15
-32
53
-205
771
-2
2
-1
-2
80
6477
48
6
-94
-1586
-283
-1
-8
-2
-94
-4
5
-1
241
54
-266
13495
234
178
-150
-7
-10
-9
-55
306
-208
3
26
5
-6
-3
-147
96
-1473
-2
-1165
-1
-59
-1452
-7
6
-21
-88
378
-167
73
-11
-10
301
-12
-454
82
-234
-32
-16
336
-602
11
21
27
4
-11
-169
-9
-1703
20
-6
-39
34
57
11
3
-90
2761
-617
-3
-1
-604
1773
47
87
-8
-176
-110
22
-17
-9
144
35
-333
603
-1
-78
252
8
-183
-1784
-21
27
605
-6
57
118
-28
45
-25
6
-29
120
-7
10
-59
12
-3
-238
331
-308
35
12
56
0
837
-7
15
-30
208
230
34
153
-960
33
298
-137
-6
15
1662
57
36
-105
50
191
-55
14
-132
129
-2
78
-511
-5
159
-18
142
16
8
94
2405
-28
-14
614
-145
163
243
-304
-484
-30
-2
-164
-320
334
217
-475
-53
69
32
-2304
-5
-1709
-51
654
-41
-21
1
-103
16
135
3725
6
151
38
-35
4
1946
19
-9
0
-2
30
113
-211
-5151
-136
-519
-2
-11
-75
65
95
-1110
-644
-57
-18382
-47
7
153
348
-259
-36
-1
466
898
41
17
16
-55
32
117
68
-9
-39
138
-82
-82
6
68
-50
-19
-2
75
-1262
962
-356
-19
42
-12
-158
2
1446
-50
199
325
77
-93
-5
2
-492
-50
6
-19
-17
10
50
638
11
-497
-1
209
2
-23
78
-3
-684
-406
-305
-3441
12
-874
-53
-155
28
12
-3
63
-19
-143
8
16
-200
12
-192
-7
54
-20
-553
-15
-90
27
114
6
123
154
26
-6
-320
-29
-5
13
-13
29
107
-6
16
1047
-67
143
177
8
207
-3
-25
200
23
39
119
-3
-7
36
-48
-97
553
8
75
-5
830
75
-21
2135
-86
16
-32
12
10
-176
25
19
-14
48
-23
36
3
-221
-128
555
10
-116
335
98
-306
22
-792
-7410
-136
-9
1
3
-3
75
23
-4
69
-8
-55
20
39
5
-4
420
6
-97
-428
4
16
-319
387
-77
96
27
-23
-31
-10
-60
-151
-120
157
13
3
-850
5
-63
-984
-132
56
97
71
-268
1958
-1712
-1
460
85
2
-30
-314
4
804
2
-6
-68
-22
4
-3
7
3
-280
-32
-3
-305
57
250
-239
1090
44
130
68
177
-20
-193
64
66
-32
7
-35
26
26
130
-33
2
-37
-16
0
12
-50
-4
85
4
27
-89
-153
-329
-2
-130
-52
280
-221
443
0
192
57
-480
70
-93
-143
-2128
45
16
162
-33
73
113
-105
199
-30
-18
-4
-4
-18
1
-24
33
4
-2525
732
59
-89
-217
-144
-39
27
33
-85
49
-51
-17
128
6
-69
-13
94
-4
-349
17
-10
-7
95
-3
-5
-6
-16
-199
-1
-21
-90
-15
73
338
1030
-70
6
58
1285
152
-1163
173
2
175
78
-199
532
-8
-6
-373
12
1
5
-429
258
75
-21
7
2
-176
154
-497
98
473
616
-144
45
40
30
-21
6
302
-30
109
-165
-3
-158
17
-459
182
0
-291
127
-4
12
914
1111
-49
405
4
-131
42
-256
-55
-97
-357
36
17
-211
-4
31
-64
43
-23
-129
-23
-75
90
-10
222
10
-52
-644
-41
-8
226
2
5
2067
167
44
-70
-47
37
-273
-266
-55
8
-18
-91
42
-81
-293
-3
62
-58
-19
174
-237
-111
-7
-221
-30
-122
61
-3
16
9
-83
217
-235
-3
4463
-99
-22
-19
-917
-118
-382
7
-335
93
-26
-40
-315
124
28
295
599
175
248
0
57
-11
-17
-91
-1
-1622
28
-50
-55
-76
-36
-33
1
399
-364
4
9
-109
151
106
-62
34
-35506
112
-2
14
-140
2
3
399
-43
203
13
-981
-97
13
18
-9
154
-189
-1589
39
-174
18
71
-2
-22
-6
-1042
-24
2185
-82
6
-1385
-22
8
-102
86
-10
21
1068
21
-9
-148
9
35
-257
-2493
-17
57
-92
-373
-51
14
71
165
25
-365
158
-8
8
113
2
-88
117
1
8
-5
-10
565
95
3
-13
-52
-3
22
339
57
24
57
-1068
73
69
-65
6
126
82
6
154
-369
6
-146
48
10
1
-33
-142
-1
-9
78
-1
-1519
31
-874
9
-53
24
-318
43
142
-5
-6
-118
7
-1
-251
856
32
30
0
-65
-808
75
0
55
-142
29
-649
-48
55
-22
57
1
477
-60
-55
-7
-26
12
-52
13
2436
-25
635
-96
-1
-123
-150
0
-28
23
-117
-284
-1999
15
39
-2501
-68
109
-46
-697
-357
0
-13
-149
-651
-44
-66
38
-490
-30
-97
8
10
191
-1
-4
-101
-6
-134
-109
14
0
235
1081
934
82
-873
30
1
28
-2
-13
-822
694
-4
4
21
96
-33
-198
6
-39
82
-301
78
2266
-8
100
16
-281
183
-99
-57
113
19
84
-1088
-22
-2
46
117
-16
22
-117
5
-1
-8
-86
70
-862
5
29
-396
14
-100
-880
-188
1310
-7
-112
42
-7
-205
-97
963
-1
517
-35
-103
-1822
19
4
40
17
4
1
-53
1142
2
-32
-23
-29
797
101
9
-84
-835
-115
-3
9
540
5
-37
-220
12
-252
-1653
10
48
60
-18
74
-3
104
2092
-58
-5
-1102
56
-17
-443
264
-386
-222
-59
11
53
25
-42
0
71
-5
-6
3
-7
28
126
1
9
1742
320
0
-40
-3
-59
38
1
18
66
-6
21
102
352
72
-18
70
14
249
-2193
-11
-588
-23
23
60
-82
-32
48
-35
96
481
10
5
-29
-99
330
-426
-53
-990
-7
-83
-15
338
5
-36
710
217
-364
137
-109
56
7134
1792
-535
-3
-160
-10
52
9
-20
223
-40
-7
120
8
-33
-21
94
6
-233
-167
-3
-427
133
-12
592
-16
60
-16
-131
69
21
123
1
-299
161
-159
2
-29
1072
-20
32
-99
-294
-375
-237
182
27
40
1
-20
-1166
-1
-49
-1
30
-78
-18
-1359
37
9
-43
-2
-502
48
-39
16
-325
-2210
145
4
16
563
-69
19
29
-414
-22
95
21
-102
-568
100
27
1106
-6
-12
7
208
-593
-269
-18
44
125
-70
-55
-251
-34
136
6
165
1
-23
335
-272
3269
-170
-259
483
1009
-61
597
2
510
-246
-6
28
-374
527
-312
-31
30
50
6
-222
262
-455
1
17
-318
-26
3
28
16
7
125
-1437
-28
212
-15
-79
2
-489
201
121
1
18
-9
1
3
164
6
-72
4
149
-3
1345
196
-23
65
8
-274
-43
8
114
-33
20
923
-9
73
-3115
-18
-211
-160
-223
498
11
15
872
3
-743
-119
-226
67
-20
1594
1004
13
-162
182
2
395
-390
9
375
5
-22
-4
34
-5
167
2
73
-9
-70
1
-6
-3
434
38
1
101
79
96
217
9
-58
-300
-3
475
19
5
-137
60
-22
66
42
69
-4
441
48
4
-1425
-5
-415
235
-25
163
4
-1874
322
85
48
-35
-31
-10
505
-1969
9
5
-14
-7
-3165
-48
-19
-10
10
0
107
1
-23
-205
-5
39
15
82
11
410
26
-13
-473
-28
-9
8
-131
-38
-5
-65
-214
280
44
80
690
170
-10439
-13
-21
-991
12
-269
-755
347
-37
63
2
616
-306
-109
437
0
12
24
-143
16
-10
-12
80
-19
-81
232
46
-17
-118
12
44
-1
-99
-938
45
-323
103
-1
-8
3
-878
-500
11
4
-446
831
-285
102
84
20
91
-54
67
-4806
-21
-247
-4
-4
-12
-181
17
-49
-19
-111
2
-218
63
-670
120
-860
16825
-534
-8
242
580
538
-26
-1
217
25
184
8
-94
6
2529
509
0
157
82
-429
-4569
-49
19
-194
1
-30
-3383
91
-47
-25
32
31
28
459
-11
-17
15
81
10
369
37
-14
-37
-201
-20
-254
-357
57
69
40
-305
-1025
-15
69
395
-127
267
15
-99
5
10
310
100
-30
-20
-24
-76
-24
-36
-18
23
-4
-218
-427
-113
573
10
-489
-162
-36
181
3
21
-12
-38
4
209
245
26
456
-12
0
-235
86
45
-1206
-786
170
-21
-91
172
105
28
-4
-114
106
11
-134
-1
-289
-19
-6
-475
-74
-128
-105
-18
-11
-350
23
-89
-3080
-56
-292
158
-98
-7
-4
-51
-63
424
51
-3
48
5
11
-88
165
4
35
1
-598
417
-217
-84
-142
7
-73
-237
-101
-17
-1489
-555
-302
-43
-79
13
27
814
93
-320
-312
188
22
3
359
-637
11
-3107
2
-53
-93
-23
-29
-112
-31
3
130
-519
27
16
25
12
-2
6
0
1
34
263
95
-979
3
-120
-18
23
41
-248
34
194
-4
-338
-786
-8
6
-70
375
-34
-31
348
-50
7
35
-433
22
-36
1915
513
-21
-91
35
663
-12
1
65
129
-6
-69
-79
-26
-78
-925
-3
-2
97
287
554
-147
24
72
636
-28
-6
-9
73
-2
123
4
-240
1136
529
-17
-1036
-40
279
-7
17
81
42
-20
563
-1
-3
95
-17
-3921
-56
454
161
-10
-1289
20
-9
-15
41
140
-455
105
295
3
833
2
-725
31
-11
-5
-6
-11
-43
112
-26
-15
-272
5
128
137
3938
8
-3
-1
-41
3
-1117
-89
-60
0
26
40
-8
-3
-1885
-449
8
-59
61
11
0
3
-62
-310
-109
-2
134
-8
-17
-23
4
-13
3
-25
-7
156
19
0
-128
327
101
-1
-239
-367
-1190
19
-76
-301
-6
-428
-561
-58
208
-82
5
5
6
-19
1
-76
12
-156
71
0
-67
4
-2
-50
23
68
-44
-4
-12
-9
6
652
1918
229
-27
734
159
-65
3
10
-94
149
-26
-4
-64
25
1
306
112
-37
12
-75
-255
244
-4
-4
-59
-8
232
-22
6
-9
1277
723
20
-22
84
1015
15
466
106
-220
464
-7
1
-124
-173
-1
-40
-32
-64
4
-99
147
22
-612
389
-2175
-39
55
117
22
24
-40
170
-82
-183
25
-366
-7
989
-3
-12330
-89
120
17
15
36
29
163
-2
-130
-103
-5
-2
-10
3
3224
-402
-39
-7
14
-18
-64
-536
-27
-231
249
-177
-2
7
19
148
-111
0
4
-3
535
14
88
-69
4
0
-18
-55
8
2
15
22
-11
-60
-29
-62
310
-87
30
-18
-896
-353
154
-89
75
-74
-142
-60
3
-768
-1
175
-115
-859
437
-548
-83
-150
-13
41
19
-1
75
96
-22
-4
-43
-31
3343
602
-2
-110
11
-209
7
5
-8
608
407
-276
3
-68
-195
39
474
-29
-17
-10
-58
-30
5
459
-95
127
47
-344
-69
53
-63
4
-14
303
-81
-345
-77
134
63
7
-986
-861
52
41
-41
142
-53
-369
48
29
-3
13
122
-625
134
831
-1
-69
377
62
-50
-86
-90
-256
-5
-195
-3
483
133
707
-27
197
-85
-816
9
-7
-1
-5
7
240
15
218
-9
-20
444
7
-11
0
256
275
-56
-205
-3
-2618
-67
-39
55
-136
-45
140
174
-14
-7
-4
-326
71
9
-8
-14
-20
-53
39
-75
68
-50
4
-13
-6
-130
144
-459
99
4
73
-24
75
-25
-82
397
11
-54
-34
-51
0
-31
-4
78
-13
-121
-739
-32
185
-30
-245
-88
1826
4
670
311
-9
183
-18
-2
8
-22
-67
-895
-9
106
-166
-290
69
-6
-2
319
-22
64
-748
-46
679
-60
2498
-6
-696
22
-17
16
-453
185
50
-474
-441
-169
-162
81
-37
94
78
5
13
-153
88
-411
0
727
37
27
5
18
-450
329
-29
8
41
-608
-180
-70
32
-11
550
1
-15
2153
-46
-219
827
691
-260
98
8
-1236
328
129
-17
18
111
-23
1041
61
-50
-84
3
9
44
12
-36
-22
-93
733
-9
-76
-143
-917
258360
36
316
1
-93
-128
2158
-29
-43
7
-78
205
-748
-7
-407
73
23
-167
-13
6425
37
-175
41
-16
78
-30
2
-3
746
7
-736
3
-303
714
755
-69
-8
82
-6
-2150
-11
-10
204
-372
266
-231
-22
25
168
717
47
3
-569
9
277
-20
2
-9
83
2
-167
5
-453
17
-19
-12
-350
0
2
-145
-95
83
9
-17
127
37
13
25
-261
-459
-67
23
-272
-11
60
-3
651
374
-948
-9
-153
44
-5
-89
-11
-63
4
-216
180
0
39
24
-132
-15
40
8
1354
-107
22
8
-16
69
-5
10
-80
74
438
3
-4
-130
130
10
-1
1
40
-4
41
39
1717
-451
88
-45
68
-14
6
-89
18
126
-92
-43
-35
129
80
-12
-13
830
-49
-16
13
-205
-25
-4
-193
-1039
1
70
93
-78
-3
43
-178
-51
-1
-1
16
-63
8
4
-10
199
20
-4
41
-15
-20
296
448
35
-2
-21
241
1398
308
58
-42
-22
-192
-3
-24
217
-592
115
37
183
-116
-40
2
56
192
-1202
9
872
564
-284
33
-2
-238
-4
-4403
66
39
18
18
70
121
-634
-34
77
-6
-4
-102
7
118
-111
-5
-1113
14
2354
54
1
-109
-2
-141
2
-2306
-21
39
-39
-281
10
105
1132
-81
3
249
-18
-242
-335
-13
11
9
46
6
-22
32
-142
-114
-556
15
-206
3
20
-7
21
-306
132
-7
-21
-92
78
31
2
377
21
35
-2870
-617
-503
-730
3272
-5
-2
-79
47
-23
-1
-62
-21
-197
-35
-156
-34
-153
540
802
13
0
-25
300
11
-49
59
4
393
83
-202
286
0
46
-201
8
-214
50
1802
17
47
-14
-64
110
-145
-844
-13
6
1805
596
255
164
35
20
185
-15
194
-64
-32
-10
-12
-25
-2
-1
-7
2
-428
20
-32
-11
490
1
-442
165
-10
-451
-440
-33
-2
-40
-518
-426
-355
184
4
-555
-157
0
-24
-48
-28
-172
-61
118
5
-498
5
-26
171
95
-142
-243
-27
-37
-466
-113
-691
-9
15
-17
296
909
41
605
64
-146
10
-90
107
-115
-4
320
-415
-56
153
-43
-146
-14
-820
-24
-57
-1
92
14
-2306
4
-31
73
236
46
77
-10
-15
-27
-41
101
-77
-102
-2
-6
33
-202
-254
684
-227
32
15
-18
-359
16
885
4
22
8
13
-3
-64
-303
-46
21
-10
10
718
-125
-50
27
-29
-19
-15
-19
25
-581
36
131
-3055
-7
36
519
1120
19
-79
176
2
-42
59
2900
40
25
2
29
-22
-62
-97
-52
4
-59
-103
-5418
9
-73
-187
-170
-38
-39
-32
-31
145
271
-19
152
3
-2017
-208
-86
-116
31
19
-1
7
-109
-886
-727
335
-204
14
164
201
-10
-259
-34
-4
-97
-73
-61
9
-189
-737
166
7
-216
-130
33
-36
56
2201
-10
302
-1203
-7408
-94
-53
-19
-3
32
6
2
-4
-41
18
407
-29
-21
-146
103
-150
14
5
-61
-5
19
5
61
5
-92
427
-22
-15
-6
-90
-2
1940
-8
-14
7
-684
-2
-1
-147
-13
1
-5
16
17
-31
-350
-28
-3
-13
640
-146
-43
2
-25
549
70
-19
-21
-256
15
-34
-1
-511
-220
191
102
9
22
165
2
169
-12
15
2
-2
-59
-170
-5
30
-206
23
-32
54
-43
-21
-240
1611
145
-5
-57
176
88
49
-118
-33
750
-331
20
7
-148
22
-58
-10
132
-12
-20
-51
444
16
-1166
-62
-5
4
-211
-15
6
-2
-16
58
-17
90
-240
15
17
12
13
28
21
159
-2
-281
-28
-52
-96
52
-48
-323
-1191
-301
-118
98
-1713
-457
-8
-3
-369
-172
-98
20
-18
-130
13
-2
-24
-3
-44
30
229
-13
-439
219
-29
-1
-14
-137
22
-5
-176
224
384
-10
1
4
-96
-95
39
-20
432
35
2001
40
-347
5
-456
-10
341
-402
13
-30
-3
56
116
35
34
2204
1657
-567
29
-16
15
12
18
11
20
-22
401
69
-8
-92
-109
-18
-218
-4
-399
-16
306
670
-204
6
-242
708
-404
29
-473
113
-7
-16
0
-3904
280
0
203
98
-47
21
-580
21
-12
-65
11
22
46
16
2195
213
-53
112
48
9
-332
-11
-1547
4
88
11
-706
-9
4
23
-414
-416
8
-426
-95
227
12
742
66
-14
-7
-116
38
-5
-206
364
0
622
-1
-360
-99
-41
142
-188
-64
198
-107
101
202
24
-10
-13
329
43
-538
-95
-5822
5
154
-168
1478
13
454
-4374
120
-736
-270
8
-13
-1
102
-343
17
-8
97
23
-589
-1
-12
-69
-101
14
458
154
-274
10
68
107
0
1427
-889
-10
52
-1
0
8
11
16
3
743
184
-1
115
-903
90
31
-15
95
-14
-69
4
-14
959
-24
-316
-30
384
-46
-204
-156
-11
291
365
84
24
459
3
-1
416
-42
-18
298
6
-749
2
4
530
44
738
-10
-6
169
-3
103
-44
-5475
72
-25
38
9
-332
-14
222
-7
-36
20
-529
7
14
159
39
-678
13
731
-9
152
10
-56
200
-315
209
-46
301
236
10
-238
13
58
-59
-606
18
-105
22
-180
1
241
12
414
2
14
-4
-11
-39
24
-65
-70
-60
-33
-61
1
3
-35
-38
56
-25
-9
52
0
-3
16
-1
13
1624
-7
-916
-3
-49
21
115
-16
-24
7
116
-17
-337
14
680
3951
0
-1
1509
37
-164
8
-210
-56
-11
440
21
0
304
-7
80
2
24
873
780
-453
-4
-148
19
11
5
-173
-296
-63
9
32
-179
116
83
255
14
8
9
-132
-65
-695
18
17
10
-5
3
-23
-182
-609
-142
164
-61
-404
-49
20
-72
8
2
-144
-10
5
-6
-53
1334
-29
1
272
-1443
128
130
-548
36
85
-4
2
23
-15
6
411
-18
564
73
-87
-2
47
-95
-700
-13
483
88
-744
1300
27
-13
1208
-14
1787
412
-52
-11
88
2
-147
-800
334
-9
-349
-10
-331
-173
151
-11
-71
103
-573
12
9
34
2653
59
27
0
-476
728
19
-740
-11
407
-18
17
-228
3
27
92
-88
-12
-464
-3
93
-17
44
287
-29
-5
159
435
-4
-23
725
39
-576
61
55
131
77
37
-12
7
-490
-98
-453
46
16
-49
-6
-13
15
5
63
348
32
-18
-118
20
15
4726
371
-168
70
240
20
-4
1
59
118
-488
-18
162
-74
8950
5
-23
-2
50
10
25
-108
3
20
48
62
23
-4
37
-767
-2
-44
-86
539
-101
-8
-613
264
7
1124
-82
-39
-3
-15
101
15
-4
-1
12
-10
40
196
16
-88
-569
44
12
587
25
-71
65
21
4
23
-598
1
-441
37
-9
82
17
-1
10
-23
98
-41
-472
350
22
-2
-7
26
-56
175
-2335
60
122
-82
-3333
-81
0
33
-6
-9344
-3
31
-6
6
-51
-124
23
-133
-2
-4
-138
-157
8
-66
-51
-98
-13
675
152
-13
-21
-28
-11
-19
11
-564
-31
27
-95
623
-26
-284
-1634
535
11
14
-12
9
476
24
63
-16
-2
-5
-169
25
0
-79
-2
1
0
37
7
-2
-620
-42
-34
0
13
-1241
5
-443
-70
310
29
-143
133
2536
-11
152
-134
517
21
252
-12
20
25
-1210
74
21
16
6
-369
-6
-65
-300
169
-70
15
534
40
214
-9
39
-173
2441
4449
-2684
-4
67
-575
-12
-42
57
58
11
-516
0
-476
-40
31
7
1193
-173
-254
136
3
16
427
-3
-14
747
14
-10
2
-176
-15
67
47
-49
7
91
115
48
2
-64
9
68
8
-88
-1
-15
-17
73
-91
1665
8
-7
24
-558
-15
36
71
83
9
-3
-99
-1228
-14
2
-567
-21
1619
-19
1
-2
17
402
527
-3931
-216
-16
-9
-14
38
-201
-23
157
-35
-10
6
41
85
7
142
-1723
366
-337
0
-31
20
-9
-97
6
141
-29
10
12
-23
8
-64
452
31
174
-2
-10
141
-1226
229
-10
1
34
0
-24
290
2
-133
394
-149
184
365
-1
110
85
122
-22
0
8
-41
-238
-4
-11
-9
1
98
445
-2
-9
-10
4
-29
-540
39
2
-67
44
-219
-23
6
24
66
-341
-31
29
445
737
37
7
59
5
-1998
-81
19
-90
-636
-37
89
39
27
186
18
-81
23
-16
63
4
177
293
-14
-316
32
-96
-46
88
39
-303
1
-200
162
-46
21
-38
5
-36
47
23
130
20
-14
16
-408
3
3284
-465
-200
-3546
2
9
-98
-82
-35
-4
5
-22
-285
-6
140
58
-16
4998
-4
1
14
-34
-27
-12
10
-5
-3
-94
1
45
636
1
12
183
18
-2
33
23
82
-108
15
67
-17
-12
7
2
3
-272
-110
14
-284
9
-17
-162
-24
83
710
2
5
86
0
1651
900
0
-1
-6
182
1618
-15
19
-5
-1461
4
444
-1
4
-3
214
-56
27
-8
-12
6
12
2123
23
-13
-1505
-61
-91
13
-38
8
-128
-9
72
4726
77
1
-3
436
342
17
65
7
-20
-11
7
-4203
10
-3
-27
-212
38
160
838
-184
3
-4
58
-222
4
-86
4
147
0
-26
-40
74
-106
15
14
8
-33
104
-57
563
-14
304
953
0
-15
5313
5
185
302
-541
-18
6
29
2
-255
-1246
15
-242
-163
-196
176
183
-7
8
-16
14
-1
-1385
-14
-69
-5
83
24
-2
27
-14
237
18
3650
-57
-510
2060
-77
-176
-76
-15
38
52
26
-35
-7
80
-21
105
35
-119
141
-70
-65
-294
-80
116
11
31
400
67
-55
11
60
6
1
214
-11
-24
696
707
-59
-89
-33
88
-9
-49
0
-1132
2
695
6
69
-97
-7
213
-63
-90
1
95
-64
71
83
-16
-32
-21
176
9
77
-46
4
1068
2
260
128
49
-17
188
-465
72
-242
-99
7
-157
-145
-10
-47
31
2171
6
-6
-43
8
-6
9
307
10
107
-47
-3091
885
-11
-39
39
-21
-146
120
-6
-7
-85
-250
29
-88
43
-799
-385
18
92
-280
367
623
4
60
-449
-2
-19
199
-1
5
-64
-66
-32
-1388
17
-618
53
-11
47
-829
700
179
873
-36
-27
35
-377
-3
37
-465
21
-23
-4
-72
-524
-270
27
-10
-48
9
9
-76
-14
-8
22
-18
40
8
-679
159
-78
-72
-82
-23
-30
191
64
-904
386
-1
-15
30
8
392
-36
-100
52
29
19
23
284
-1
20
-811
-77
456
-9
-245
34
-3
-18
286
84
1
640
-16
1
30
-13
19
-23
-913
-1079
133
18
-80
-111
-179
94
-36
770
15
569
-7
-11
-27
182
0
0
29
-128
-10
56
17
-9
77
73
-415
120
-4
-198
78
-50
-775
-31
37
-188
-153
140
-22
-272
-416
0
-185
-140
-38
198
-4
-167
346
4
4
2
-36
79
-3
10
433
561
7
-120
-15
-4
-41
186
28
148
198
-32
69
377
-2
63
-59
212
-21
61
-21
-3
80
-272
1725
39
-57
11
11
-17
108
-482
-17
-41
-16
-1
74
114
-91
-37
3
-29
-52
-155
-28
148
1093
-27
-13
-7
30
-39
-11
-119
-11
-875
-9
2
116
-92
-13
405
81
-9
-34
71
76
-47
120
-152
83
-4840
-5
19
6
-154
-6
-6
36
14
14
-29
-22
398
8
155
-66
84
-32
238
-22
-3
-20
-747
21
-6
121
461
28
-96
-694
-10
139
-72
19
3
-45
297
13
-778
1374
-82
-60
2596
-38
119
18
55
-8
5
17
30
-104
6
-137
0
146
-156
4
22
-9
7
-8
53
-830
-452
-26
6
-160
102
-56
6
-53
51
-20
-69
-485
-24
-24
267
-23
101
19
-25
-210
28
-307
-5
-550
-1927
-58
233
282
4198
-22
-189
-632
362
-182
42
44
134
-249
26
-25
-1222
-47
44
12
-29
12
-37
1
0
-13
-3
-8
274
-15
41
1
394
-193
-289
50
-344
-6
802
3
1030
8
98
575
2
111
3
-30
0
-65
348
17
-12
-147
80
919
-20
-18
195
-3411
6
278
-21
-460
-3
-11
-493
3
40
23
-9
76
233
-23
-36
-20
54
-15
16
3
114
46
-39
-32
-8
-108
182
36
-13
66
-1177
474
137
9
-129
105
7
-14
281
-935
-277
189
-14
-1191
4
583
-90
1991
125
869
-16
188
2391
380
-146
-5061
-35
-41
7
119
-2
-8
4
230
-176
6
-161
-80
-4
-246
3
-62
-146
-382
-14
6
-11
754
-1
-730
3
-433
15
-133
-2
-10
38
8
17
3
38
-242
-8
64
15
-3
19
-18
193
88
-21
78
-215
7
342
102
-69
-59
18
-35
414
1
-217
113
20
211
-281
-28
1111
-101
-10
120
-19
-10
18
2
-2903
-6
-102
-2
-12
-431
-9
-4
166
23
-95
-270
0
65
-138
47
10
-224
229
-3
43
1521
-12
-56
-1316
-12
13
-51
96
68
104
32
19
175
-236
155
159
-63
3
-12
-2
-10
-48
1098
-5
-470
474
-30
122
-303
-1
171
-14
676
6564
28
-186
8
-16
20
-1
-13
473
139
-9
2436
-493
-13
18
96
125
-521
-380
-92
1
32
-1
-65
0
-7
96
-11
15
-1
-101
-178
24
3
313
-224
-383
423
-104
161
237
25
95
47
-1603
2
-72
349
-32
43
-1
-38
-373
76
56
3
-41
69
18
116
-26
-46
32
-6
-197
121
1387
1193
-2
-2
11
2
-1
-36
-46
80
-22
5
77
-920
3
-10
9
28
-584
-38
8
41
15
-4183
153
44
-12
362
1
4
115
47
141
-153
-117
-6
-2
173
-19
-296
92
450
5
8
0
-23
7
-30
-3
129
1507
-560
20
66
-1
-4
120
-15
115
193
33
212
-119
291
257
42
957
71
-41
26
-8
-966
-3
10
121
-527
1033
-4
-522
-561
149
106
-224
-11
53
62
-28
-609
140
-387
283
-606
33
-1
12
132
0
109
-58
-1
129
-18
-43
19
503
-25
234
-366
765
-66
-13
108
-6
-264
-5
4
4
98
-89
13
-57
-96
-786
-1
1
-1
-22
-8
-1279
-531
23
308
27
-95
39
0
4
14
-171
-1
-92
-306
456
-20
-153
-2
-36
-148
120
-174
19
8
-33
128
196
18
1634
11
-1
-294
-365
-44
2
-16
-6
-3
-676
-250
-1751
18
7
-173
-37
-183
25
-216
299
-5
42
-210
23
23
76
46
-201
-190
-60
17
180
592
193
1746
56
72
65
32
-2497
15
-2
3
8
-895
-7
251
-144
-108
1138
15
2216
9
645
-3
-8
-39
796
0
-219
-904
-11
496
-483
8
345
-22
-354
-155
-266
4
3
-486
14
-4
28
33
-453
-4
12
-210
51
-87
57
-131
20
-97
-96
81
54
34
8
-4
225
-3
-239
-22
-9
357
-28
-144
-35
154
210
-1706
2
-37
961
37
443
-677
18
16
2
-1955
126
129
-10
141
649
18
-2
4
262
21
153
-16
-2
-114
17
-535
-59
373
-187
-263
204
14
43
-65
-27
-86
-6
2
-18
-3
-8
3
118
18
43
46
3165
17
-134
76
1397
2161
-1897
12
106
-53
-2
-92
43
1273
-1477
226
64
87
41
-23
-6
-331
-28
91
-221
3
4
41
208
35
55
217
10
148
13
21
-2
-1
-3
-143
17
267
-551
771
-48
70
21
14
7
227
125
-39
-261
-19
-8
-752
-108
8
-106
2886
461
67
29
-44
2
61
83
-11
96
-51
2
43
39
7
-76
26
-2
-659
1
6
-7
93
311
28
123
-59
42
32
297
49
-136
8
12
-3
-6
104
-8
-3
-4
311
-214
-116
-10
80
-24
-2042
126
309
161
112
-273
5
-16
-13
34
-1690
14
-190
-196
-93
-1
60
-16
-301
-9
-183
0
4
-91
-118
-28
-2
138
1124
-169
-11
3
17
21
-24
-59
-4
-10
-3
-40
42
2
-11
-984
242
-4
4
2534
4
-25
-55
-4415
336
-207
5097
-417
-8
1
0
-59
-42
135
-79
-1
186
56
97
2
-228
-44
788
-2
-630
9
-34
-538
-7
-78
-1
216
9
-7
292
-444
34
-37
14
246
-2524
-4
-43
-97
3
-225
613
13
-86
1
-562
-171
-22
-19
-15
544
41
-49
-3
-474
76
441
103
-28
-30
20
-39
13
4
2
112
196
-28
-2
1738
-134
-14
-468
106
172
-54
-1
-3
258
92
203
1
-7
22
4
62
203
172
-10
860
48
-20
-29
219
300
66
16
12
20
13
-29
-2
-233
-353
-5
1
1
-3
-258
17
9
87
138
-343
-45
255
-7
26
-371
71
-3
-6
106
21
39
-3
15
-271
1209
-16
12
-65
-503
-5
-133
3
-11
69
-8
7
37
-183
-71
-15
4
-45
0
-492
290
63
-248
-21
463
8
-259
499
-11
-798
-1
-297
2
286
10
-51
-25
13
6
-39
8
9
21
20
395
86
-156
-24
-9
28
132
922
-13
21
27
-938
-4
-227
520
16
152
177
-10
373
198
-4
-29
18
1028
-98
149
-1236
34
-3
-223
42
53
113
-154
-13
1952
-32
69
3
-294
-210
-106
35
-85
6
-10
15
0
-47
890
-14
340
-190
-24
12
8
-1216
-21
-242
-29
59
553
54
2
57
103
257
17
-41
-1
-12
5
34
13
40
87
-19
-1
1348
74
-31
-12
-102
-55
-389
2319
82
-12
-607
313
23
24
-25
251
31
25
78
80
-104
33
-162
-744
291
8
-245
1275
1
-6
64
89
-6
269
259
12
27
-4528
275
-12
-24
-142
7
-1
1114
-37
-15
-453
-7
-268
1
-159
292
12
-835
-7
-13
215
201
66
-27
-17
-5
27
4
-3
-68
-19
-503
-13
25
-4
-1581
-389
-810
-26
-264
-12
-22
36
-289
205
118
-41
8
198
-3
590
-168
12
-14
-2
460
-17
-7
-4
35
178
-3
-366
-4
-6
-30
46
3
54
-47
1254
0
-62
-80
83
-50
-212
-110
105
-72
-554
1
-11
-505
-122
-131
14
1
170
-88
960
12
497
82
-42
157
2432
-1
-186
-9
-18
-56
143
2
-28
-66
24
-2
455
47
18
6
-1
-4
114
26
134
-48
475
-458
17
12
693
-2476
3
-68
-2
-15
-43
-14
112
-11
9
523
73
18
958
-120
-21
109
-24
-217
5
7
-118
110
-143
3
353
21
-90
-12
46
21
-99
15
59
21
3594
53
73
-6
-8
3
-159
-604
135
54
44
-35
-17
-38
36
12
-360
-9
-30
141
-42
-11
85
9
-15
7
-118
48
-334
-340
-116
-29
31
-293
-215
-594
0
13
-4
4082
92
-3
222
20
20
-54
-3
7
348
5
-1594
76
-8
-82
165
-1
-27
19
463
132
46
2
-8
8
30
-14
-45
18
243
810
0
-3
8
1
-3
11
1
-18
-55
22
-2
-21
18
-54
216
-124
-651
427
2
19
-6
-27
1394
79
324
13
-78
-4
892
243
5
49
-113
176
137
-12
70
17
125
215
-6
-43
-645
1168
-5
-7
-6
-3
-4
-27
26
-349
-172
-2
6
7
-73
-319
-2369
-698
-182
103
-10
-106
-433
-403
-8
38
-2
11
38
13
-4
3
15
-873
230
50
185
-37
-1769
1
957
50
-6
1
-685
7
83
20
-21
124
-35
-1
-2078
2
-128
-78
-74
-9
560
-64
10
8
-177
-57
-1402
-24
-4
43
-50
-1
3
-65
764
-1
49
6
2
27
500
-32
206
41
-3
-212
-3
1733
3
-24
338
-332
-733
-6
-1
9
-33
142
-29
70
-19
217
5407
52
-349
268
-64
-11
-199
-316
-1834
-18
-29
18
-17
0
-65
23
-1208
-8
-48
23
-2
-45
32
-25
-12
172
160
-7
11
26
-18
454
-50
-2
-16
-1318
-13
502
-5
364
430
-176
0
-521
147
-51
-34
-669
-3
38
-3
-13
21
-546
-1
-140
-515
-14
-989
-100
1308
25
-15
4
14
129
-298
-38
0
-4
-79
-72
10
-39
4
-18
4
-12
24
2
-32
-19
1
-190
7
4
-3
-3
-279
-131
-53
11
-528
6467
54
30
-51
-13
23
-102
-5
-4
505
-493
8
457
-535
0
11
-33
25
103
53
-27
-156
359
0
459
-6
56
4
-2106
42
-35
-8
33
-149
115
-44
42
-25
-29
-18
-170
-2020
22
-413
302
-9
-409
-147
-708
101
-86
21
-7
160
907
410
-324
-5
-13
3
307
-115
18
569
-2305
1090
41
1
17
53
55
-326
285
347
-6
113
450
-51
-340
-16
-605
-45
20
14
-10
175
5
-29
-2
6
40
-24
-1
1478
261
2087
-22
-447
8
251
-6
8
-156
500
-5
6
-258
-25
-1641
103
35
-74
18
-199
-12
-4
-5
-2
10
223
1445
3
-51
2167
96
-70
-5
37
6
-236
-50911
-4
37
-143
-435
76
-24
397
-4
-62
199
-25
454
-217
141
-8
-2
234
18
27
1356
222
13
-63
6
20
-72
116
308
9
3
-17
341
-47
-3
-163
104
-2243
-10
17
-6
-4
1
-12
120
-213
-1446
-17
95
-198
-293
25
79
642
93
53
-3
-129
-6
-5
702
-47
276
1
14
-439
-4
-75
0
-58
-8
363
419
-33
-3
-200
11
-334
43
51
-283
-86
6
72
80
21
-17
498
69
-475
4
-56
26
1
2
-46
23
-50
424
164
-584
-75
79
481
54
107
1487
18
-10
562
-172
-25
40
-210
4
4
-97
4487
-407
-46
-1
-71
1655
-194
124
-38
-368
-40
2785
15
-27
63
24
-177
558
-14
13
-34
10
-6
3
-25
-175
206
1598
-68
-45
-88
-186
564
29
31
-405
-221
12
-51
-1849
222
712
16
-11
-1875
-34
154
-18
-198
-24
-3044
-630
11
29
-43
30
-22
-5
-590
8
999
-51
184
836
-13
165
-927
-2
-37
-1898
-292
0
-69
-379
88
-4
641
403
26
-174
94
-2710
-1059
12
19
-12
-20
-138
-132
0
-67
-33
-786
-76
-105
-499
-686
1506
301
-1
36
-1290
-3
28
-13
13
-36
14
-3
-16
44
-106
-508
-71
-15
128
8
-104
-12
445
-315
-131
57
261
6
16
-347
9
-86
-272
-1
-136
18
-53
4
-40
63
907
-2
-1
-16
-454
-59
296
8
155
-34
6
-835
123
-41
98
-12
-1441
-47
1933
-51
2
19
-215
623
-661
15
-84
-57
4
129
-7
-40
900
-25
-6
29
36
-24
16
-391
-214
-9
7
-36
421
-5
8
-5
379
678
370
-1366
1039
-14
-19
-161
6
-121
5026
283
-382
695
238
5
1145
-64
-6
523
60
-29
835
-3
3317
10
91
-150
-155
-1363
-12
-31
302
-139
4
12
-289
41
7
54
5
-6
124
-404
177
28
1897
111
-1
-11
-146
14
-131
364
-414
-1
50
-1
64
17
44
33
-6
-12
-22
-5
-35
-50
-118
-728
-6
-177
-20
-2
-2
-188
1178
-1796
1256
64
398
146
907
-17
-48
55
-413
-18
225
-4
-28
0
-5687
-59
-115
18
-34
565
12
-310
-106
9
-11
-349
-11
-31
34
-1
-707
-240
-448
167
-154
-5
93
-1
-547
14
-1168
-48
-6
17
1509
30
1293
-2
2
-10
-17
66
-139
44
-5
80
-2991
7
-42
-17
31
19
-16
90
-29
-10
22
118
12
5
-343
-255
-273
-3
-182
-5
44
-96
-26
9
-91
793
862
-43
77
-15
-12635
64
17
-708
-33
-10
166
7
-48
-88
-254
381
483
-48
-5
-858
-209
-2
-9
-1438
-56
-124
-15
-32
18
33
15
-3
93
-1242
-571
-2
-114
702
500
30
27
3
49
-256
247
19
43
1758
292
7
122
-29
63
86
-12
-110
-52
156
12
-485
167
-36
-21
-19
30
54
56
26
-34
5
-34
-14
-9
-3
888
3014
1
-1982
15
-21
-28
-79
-18
142
13
8
379
21
99
367
36
-16
16
55
7
-67
-5
-20
486
8
2556
-80
-1563
-126
-9
8
1507
-137
23
2627
-137
-366
-68
70
-2
-63
-630
-157
-3
9
30
7
109
610
-54
-17
145
-22
17
-96
-90
298
-4
-5
-1
-8
222
-125
26
-188
-19
-215
588
39
19
87
-45
25
43
0
-12
-258
-49
-119
-100
-95
13
-370
-52
-7
3
43
10
-527
237
-2
-40
-43
89
386
-139
0
-19
11
-402
1577
-743
96
-19
0
-32
-265
7
83
-2
-135
-23
102
30
169
-904
520
-31
2
-4
184
516
354
85
178
-130
24
52
35
5
23
-106
253
-7
-25
-51
9
-88
14
-46
17
-327
20
88
11
-980
-8
29
-2
-61
662
-15
-90
78
-2
239
-52
-58
-151
111
-46
-607
0
-78
-440
91
367
17
58
84
-188
-125
-65
-15
-180
-56
5148
-16
35
-228
10
-10
-591
916
95
-249
49
-5
1378
-6
653
97
17
-15
-14
-56
327
2380
-70
9
-29
42
-35
19
-19
-56
-2201
1491
39
87
-14
-3
153
9
145
-7
84
-38
75
-89
-17
47
63
-381
22
-460
-19
108
2
1164
-1
-2
26
-69
72
4
-18
44
-19
-307
-6
29
-16
96
12
94
-99
-41
-959
-9
-27
12
-515
-119
35
4
-1
-129
-4
-7
-586
-636
-26
61
-123
-13
-73
24
-161
-119
1206
-14
380
44
-29
-7
188
31
-229
20
-13
26
8
48
-21
-22
16
230
519
-461
-1592
59
38
-95
389
-36
289
-14
14
159
-126
-82
-24
348
63
-119
18
5
-76
-273
28
126
-192
-1470
-13
161
6
20
138
-854
-1
-32
0
3
94
-377
7
1
6
-144
91
575
121
-22
-54
36
-86
-29
195
-6
-37
-70
10
-14
-32
315
-3
347
-9
-10
-208
1801
-72
143
-1
58
8
-120
381
66
-261
-160
10
60
-10
29
-2754
281
-22
-10
-5
422
4
10
-47
-453
-19
-540
-4
9
-306
768
-4
-1
-706
-41
-243
4
112
232
-97
-213
-161
84
-1
290
62
-66
-24
339
68
-124
-14
26
-187
-12
-240
0
48
-6
6
-39
12
-21
-9
-6
34
31
-7
2
2
-7
5
-450
-240
386
331
7
16
4
-3
-10
4
81
-2
-36
72
68
-682
0
-4
6
-90
-310
-4
-61
0
-85
-191
-242
7
-2
-110
41
48
855
-19
-1621
-24
63
-289
-1062
-10
-10
-20
-2
-20
27
122
134
158
1914
-25
186
514
159
-5
16
278
-8
31
5
197
40
76
-4823
2
-687
-585
604
87
-45
1
-2465
-307
-1089
169
177
3
-41
2488
456
-173
160
32
6
40
277
-31
-15
38
-6
-54
-100
-19
190
614
-3
-40
-71
-2
-18
-74
-78
8
4
36
-623
-75
-10
177
3
71
-67
-9
-1
20
-7
-36
-4
-44
286
72
1676
-109
805
27
143
15
3
-12
13
-342
100
-2
-12
8
-71
84
546
266
-164
-482
2
10
13
-88
29
218
-268
-15
-67
54
-1518
-76
-1
-11
517
188
53
-48
-1022
5
33
-462
-266
-4
276
-1
218
-47
1381
8
51
149
592
-1056
-110
52
-417
11
109
57
3
7
66
211
-30
-35
85
11
21
-148
-5
304
-5
-21
-38
-7
3
-18
45
536
-26
3
8
-136
22
57
-385
-103
-4
-249
-8
-34
-30
-54
-4
-605
-48
1326
244
-45
25
384
-24
-51
40
-159
-16
-104
-602
9
-10
829
-86
-2
-1066
-56
564
-272
-132
-385
-201
-77
-6
-342
-58
-132
-610
-1
-637
6
-5
-152
-17
2924
-175
-37
-110
-2871
264
130
-43
-3
9
254
-83
1
128
153
41
18
-56
-2956
-124
0
-33
-18
-2769
-163
-54
146
64
-102
153
-19
-27
-97
-3
292
-14
-6
-33
115
270
-148
7
-47
951
49
59
-2306
-12
-206
25
597
-235
18
8
11
449
-270
74
-3435
391
212
-19
-14
196
0
-336
266
448
5
-75
12
1
-411
127
-77
135
-74
1
-71
24
23
386
34
4
-102
-484
-30
13
-16
13
-5
-11
-470
-40
-19
-22
24
-62
-141
-158
-32
37
0
109
-16
8
36
-459
-600
9
-10
42
435
-16
11
-268
4
-7
-41
-998
627
-39
5
-6
-11
110
412
-181
12
115
-169
-145
-26
-16
12
-24
-72
29
7532
-19
34
78
4
0
-15
0
19
-2
-175
-82
4268
-200
58
-7
-57
-4
-50
-1
24
-2
36
-287
42
44
22
267
-2
292
6
48
2
-2
-89
-4
-48
1
15
3
43
12
2
0
140
-58
14
-87
163
40
-30
-403
138
120
49
-1
-21
8
18
98
-6
5
187
125
-407
-544
-578
-6
45
16
13
-45
1337
-110
-562
-40
-59
3197
-9
-11
5
-6
-2
-1
-14
-16
-105
-125
-19
274
23
-53
-9
-25
-443
370
1
-21
-100
-5
-31
18
7
-76
-162
-43
-134
501
-341
-9
21
-2
-408
-3
2
-29
-151
-23
-18
8
110
1610
64
37
-110
-10
-91
210
-1782
-28
72
276
8
-25
-1
80
20
-64
7
2223
-9
-5
-1434
42
-33
-453
556
-6
70
3
16
16
-120
11
-69
-13
126
-8
-12
-119
-479
-332
8
615
550
9
43
0
1351
70
-37
480
99
110
158
1
-1610
-27
17
-932
-13
-86
1
-84
1436
47
-49
23
469
-4
211
-84
-49
987
159
-427
-824
10
12
-35
-4
-10
-260
-5
-10
-89
1
-718
331
-323
41
22
-643
-34
-2
-10
-572
-351
583
367
90
-15
-214
203
-10
-369
-24
141
-330
578
3
-232
-187
-25
-20
1117
428
299
170
7
-203
1
-65
23
36
4
-607
-7
89
34
5
131
410
6
0
-10
-22
-141
33
874
206
-92
-52
116
131
18
92
512
-961
2
5
0
-1050
-18
-7
7
-29
-9
-34
6
-2855
38
6
-287
-435
-3
-235
-51
43
6
23
-69
-58
49
7
-989
108
16
47
5
1
18
-24
-303
528
10
-71
-469
-71
7
25
353
9336
-6
211
-4
81
-1683
-2
435
22
-45
-159
-432
36
-13
-240
-517
3
65
16
21
149
81
-111
-140
-28
69
-96
-36
-205
3
0
-37
508
10
-26
-1
-67
72
36
9
136
5
-9
7
-15
-272
294
-157
191
-125
-15
-54
-2
532
-290
-255
-65
837
-13
-202
96
1100
-50
384
221
35
23
-17
-81
-16
-57
27
-106
105
-74
455
-27
-11
24
-23
-16
-13
155
1809
-27
136
-50
-48
-24
-10
3
-37
27
-18
-652
4
0
-22
1210
102
-199
-52
-15
17
-3
-739
-170
-3
-310
-31
56
-28
143
-391
-20
-112
71
-30
64
123
-170
402
-34
419
151
-21
-1
9
209
6
-19
10
28
31
27
1
52
-107
-74
-33
-114
-53
125
-12
159
31
87
24
-303
9
25
-89
-11
-67
-53
-5
3
-170
-149
-29
112
-25
-219
-15
-14
196
11
-42
-24
-139
48
102
-18
-33
-57
42
331
95
-1280
741
129
-5
-11
-57
-44
-117
64
1
33
-3
-103
51
-60
-44
46
142
118
-56
-11
-30
90
-215
-6
373
7
197
25
-33
31
153
-133
12
34
28
114
-44
67
-150
2772
-7
1
-62
34
57
7
-779
25
-10
51
6
-103
-70
-7
-130
12
246
74
383
-17
223
-24
699
-75
1
-27
-14
125
-109
-1610
-334
-58
-78
5
3
120
10
-172
35
159
-39
-942
5
34
-2372
-6
332
113
-253
-566
8
6890
17
-20
-499
-7
9
134
174
-21
-21
60
30
-65
-725
-5
164
-11
760
2
70
-13
-2
-418
-63
9
-64
-74
165
5
554
-354
2363
-275
-8
-603
64
-29
449
114
-38
-667
69
-10
1164
-311
-22
-3
150
15
4
23
-22
-12
-1008
8
-6
18
17
-27
-67
357
-231
112
-54
-49
169
12
5
-141
26
221
815
-35
307
-1239
-431
54
-2
1088
50
456
-1557
-11
-15
479
-17
0
135
-13
1
-29
-1
-117
-11
-7
-37
25
-174
7
-1141
16
1
2
261
83
-134
-26
-254
28
-18
77
18
3
-74
106
13
-297
-16
-38
-628
-134
69
178
-86
438
-263
198
-1071
-493
52
60
-48
263
11
10
6
132
5
-6
-1992
48
2
28
-3
1593
-21
-289
95
27
-166
-1327
-104
-23
5547
7
229
-115
-373
4485
10
20
23
65
597
0
-136
147
97
209
-149
35
-19
-83
-113
651
-3
-55
450
116
-168
50
-5
-99
1961
-293
102
-16
51
-6
-35
213
-6
113
43
18
441
-4
27
-4
-1347
11
-81
266
-11
-8
-2
73
70
-163
20
-193
270
32
-274
2
59
-151
-32
0
-497
2
-62
25
1
106
7
44
25
208
16
-8
440
12
19
-1
73
-18
-40
-27
-564
-25
3
-28
25
-14
119
-223
-1994
2
25
-16
-4
85
391
-12
-6
-2
-1000
28
-12
-34
-4
1
6
6
60
-4
171
21
-114
-135
-4
3
239
31
262
24
20
410
6
225
57
2360
222
8
35
-17
-2
-25
16
-13
-3799
13
-6
1879
-14
-181
1
820
-19
-60
-19
319
-1532
12
-31
-63
-3
-4
118
77
53
4
20
600
-255
3
51
48
-1537
210
-5
35
232
184
-47
-78
-516
20
-60
13
498
-11
-1
-16
81
-401
930
-31
11
17
-39
222
-38
29
20
-2160
-139
-10
-385
88
-2
-49
5
-9
-338
2
246
81
23
-119
-29
595
-36
53
-14
1087
-45
-4
-2
77
40
0
8
144
-109
-576
176
-1
-221
-11
358
129
-46
-4
-39
-77
-9
-54
-12
10
-1528
39
129
-34
-25
-8
240
4
24
58
1401
1471
-1585
42
91
53
-951
0
-270
38
-26
-77
-33
124
-12
-1447
-92
24
7
-10
-846
-4
565
-116
-27
6
-5
-1
6
-137
5
-1343
13
-196
-401
-6
25
-198
350
979
74
1
106
-25
100
7
11
-21
17
-5
-81
-34
40
40
-336
2
-2
-45
-70
-128
280
5
-29
638
-185
-98
5513
153
55
-192
-714
-20
1
157
104
-38
138
6
147
-35
-4
27
-114
-209
-18
7
-21
89
-66
113
33
10
-3
-982
22
71
-1
25
521
-61
6
-32
-67
-238
-13
-248
-51
48
6
-1
-37
-39
-3
-1797
7606
-246
49
-135
-191
-1
0
-43
-25
-633
37
-29
67
-42
-113
2
613
-1
22
-117
-76
-75
-2
-187
-117
1466
-179
-14
684
-34
223
37
-49
-3
21
1158
-18
-5
-7
-19
-85
-14
-690
19
632
78
-46
-3
-127
10
3
1755
-25
-12
-25
-2194
190
-20
-217
-4
-42
83
14
-18
105
-23
-711
390
-8
-13
7
1549
-220
-439
40
-38
384
-4
22
-102
-19
-459
-4
-19
42
-88
13
1
-1675
-4
-101
74
-136
26
-83
-3
-319
-53
227
6
-245
17
1
9
-410
-83
-69
71
2890
-3
-10
12
36
275
-245
-852
33
-36
293
-22
69
-29
1
184
-26
-50
86
-6313
-13
-170
-17
11
193
-3
-36
-113
58
20
375
-139
-17
43
-4
17
-87
31
-21
-118
-452
-133
-10
-897
5405
67
19
10
1527
-113
-41
-1
-12
21
24
298
2
-94
-22
-12
-82
9
35
3
79
11
558
-2
96
24
-35
-33
-1765
-18
-3
109
331
-714
-5
206
463
51
491
-532
24
-1526
65
-360
-4
-288
-2522
76
-1058
-258
346
-88
31
-4
13
16
3
-28
-217
-42
-74
-8
-135
969
559
-25
-39
13
-5
32
228
29
-1741
1
72
-19
28
-46
376
-97
1272
0
-50
-3
-136
0
-732
50
-2
-12
39
-231
181
64
-9
466
-23
425
455
8
38
-23
-2
13
7
37
-20
6
-562
-5
35
-10
142
-4
8
49
176
1
-330
391
-451
805
-23
48
-25743
-172
133
17
-18
8
2
-959
-254
1878
-131
-3
78
1730
127
-35
-25
81
3
67
110
278
-37
66
-68
-14
31
-9
-211
-26
11
402
450
-825
-89
-50
-136
383
11
24
28
58
87
-1
14
-74
-36
-20
204
971
31
0
-1372
-4
-28
-211
-2
0
1536
-1
589
328
39
766
46
-727
0
-71
-6
-75
115
-6
-2
-94
20
3
-16
557
1
89
84
-225
254
22
-48
853
117
3
0
-1221
0
-1
572
-677
-71
18
57
1848
0
28
120
10
79
477
160
37
3
-4
25
-8
19
15
-47
-35
24
574
-198
152
-398
-472
1
39
3744
-558
3
-78
41
-25
14
22
6
-10
2
25
-330
-5
-219
-120
8198
1934
5
-47
-5
-102
-608
-12
27
-9
-11
42
-111
6
-29
1
134
5
303
14
99
1038
57
-707
336
29
29
-9
807
3456
5
-14
-9
-1679
-21
-276
27
-20
-24
78
-50
-189
28
-4
1232
-74
39
11
-85
-5
-451
-26
-965
-157
30
-257
-95
192
-109
-9
-115
99
-60
9
-20
12
245
-373
28
-11
439
-28
434
9
81
-58
-6
-14
32
49
-23
-459
36
-5
-2
-614
-40
289
12
-82
6
-14
15
32
-64
-14
21
-328
-132
-283
-87
21
-17
-76
878
-153
-46
-20
-330
17
-28
87
-112
-21
-1
11
-46
36
9
-575
-134
346
1
3019
-37
-1487
741
-46
353
6
-42
-18
1196
-108
36
56
-203
347
-15
1
41
7212
-89
1
-13
1369
-374
152
3
3
125
66
7
2207
0
-1090
-33
51
-425
-203
-462
81
7
-15
4533
276
18
11
4
-100
-227
-82
-107
-1698
5
4
-4
8
257
-79
-38
72
32
-8
4
51
-11
-75
-30
-1122
40
-197
219
195
-10
3
-39
176
75
34
47
-1115
530
-31
-16
-18
125
120
-10
-5
-69
-403
-39
80
78
-132
-392
-111
-115
-59
5
28
-23
-3
8
58
-70
-16
-787
-4
5
-708
-460
79
-30
402
-17
441
63
-45
8
29
-192
-14
82
-16
4123
-12
803
-7
278
-23
95
44
-4
-11
-22
41
11
-135
-782
15
85
390
143
10
9
-51
-1875
-79
-10
-11
0
-126
-93
150
802
-763
-23
118
47
-183
-61
18
-1480
-10
-39
1
247
249
384
175
-3
82
0
-255
539
19
134
-333
-5
-160
39
-74
4
-33
-38
-14
749
2664
-250
34
9
-18
-18
1
-14
1157
-1440
110
-2
32
-8
-3
-421
-6
217
99
20
-23
18
-54
3
-162
-329
-176
15
-5
290
1
422
5
-60
88
7
14
-2
3
32
13
80
-30
6
-9
-7
-46
1
104
41
-105
-56
-23
-22
142
-17
91
5
70
-59
-43
293
11
18
141
-72
-335
-8
32
-1034
-201
366
-222
120
47
-1873
-18
36
63
-19
351
-2
-33
15
24
-18
-1029
-149
-340
113
-29
57
66
-43
-17
18
-465
88
790
16
-9
-7
-2343
242
3
7
-11
70
-25
5
22
77
389
1665
-89
5
-126
-34
-45
-28
66
-759
-552
5
-365
-5
-162
-8
-93
0
92
6
24
-94
-88
11
-28
9
-22
0
9
-88
-81
415
19
-85
-2958
403
-1
127
41
-119
-16
11
-56
108
-21
70
52
-67
-10
31
-9914
-57
-28
599
-22
-168
-146
5
416
-120
-158
369
145
-116
-227
7
-28
-27
-887
-859
-133
-55
15
-79
-19
-11
-48
-283
74
-7
-406
59
-632
-12
5
704
87
-205
1586
-31
-32
-291
-65
-78
-53
69
3
-257
-249
-23
-4
-273
-1413
42
1125
-1
71
-89
-887
-5
256
30
6
-5
-7
-78
1369
-2
109
8
8
-903
-110
-14
448
13
4
-59
-21
58
365
-6
-20
-55
-2
21
23
12
-1813
5
-10
11
-20
12
0
22
-391
-185
-19
57
-145
68
124
5
-11
-313
-3664
107
-180
-113
7
-6
-33
-40
23
-45
1077
208
47
79
1272
308
-451
126
-188
-39
-191
-1310
-1
-1
-168
-156
361
-3
39
-9
30
127
5
104
-15057
4
58
173
-15
44
-260
-42
75
122
884
-158
-61
1
7
363
69
131
152
-3
-12
-6
175
328
774
-55
-474
0
8
-110
129
-26
35
953
210
24
18
-2
-30
-465
3819
-27
-84
-1
-23
-94
-1039
-29
29
158
-2
-352
-751
-48
-11
-16
-81
3
-2167
-295
-278
10
210
-18
-23
213
-918
-18
-160
91
-7
3382
-3
-2114
-7
-39
-22
-189
-115
-7013
-20
-785
1774
21
7
-4
56
286
-251
-2098
6
-195
-16
20
-171
35
-21
-81
10
3
-9
163
273
23
306
107
-80
21
-118
-178
37
-3
2
586
448
-524
-200
26
-146
10
563
17
-135
19
-5
184
-375
-7
47
98
24
-1406
-20
-39
-22
18
-5
53
-112
-121
-14
10
7
-219
186
-13
-23
468
3
10
-5
-1
-20
1123
92
17
-83
9
-1746
1079
83
-941
-115
788
-88
-172
24
-6
-58
-2
-288
-9
31
16
534
-8
-45
-16
-475
1593
-11
-18
1
22
-5
62
25
100
6
138
199
486
-18
2
2196
13
-81
754
-12
-148
48
25
-25
111
-83
-3
-299
224
2
-49
286
86
-20
1958
-13
16
114
182
15
9
16
-4
728
8
-680
81
-17
-127
-2
118
-21
125
60
7
58
60
116
141
2
-162
-245
87
1045
-45
-24
-86
323
10
-964
23
-2
225
-3
0
-12
-51
9
812
-882
-39
206
-5
39360
-4
-3
-193
21
-127
11
-20
24
12
-11
3
200
2
81
-66
-368
21
2233
38
-38
72
-268
-20
170
570
510
2
606
-100
7
-8
49
-60
-23
438
-191
31
11
-72
35
-21
-13
15
-65
-551
6
286
210
-2
-105
-262
-151
-37
76
-36
-17
205
-372
-26
1097
-6
-16
3
168
0
-48
48
2069
-4052
52
-130
712
-372
-696
-2
-42
-810
-139
745
-12
-8
-46
18
176
-12
55
1759
-1
4
-21
10
207
27
-313
126
38
44
12
-8
1
109
-94
11666
739
0
56
-76
447
26
-636
-713
-69
-361
-288
5
155
6
-9
-113
-12
-34
71
-53
-2192
-5
43
8
-1
13
-22
3
4
49
-18
810
177
-38
1
-23
-300
24
47
2
134
7
-46
-198
-159
7
10070
-142
-84
-145
-39
-270
654
-227
287
30
18
-283
61
464
44
162
-256
-107
2007
9
-433
-11
-210
5
-26
26
-25
94
22
-112
-1
2652
-166
-2
-7
-171
25
345
746
9
112
47
-29
-1759
-12
3
-10
48
-33
17
20
-1752
14
227
102
83
-183
-49
0
-195
-25
-193
-450
72
0
20
74
-3
0
-53
-651
-11
6
-277
99
-510
51
32
54
5
19
-21
-78
6
463
287
-408
179
-27
-510
33
-71
29
12
326
-36
-22
14
-15
-19
90
-122
31
-217
-6
15
7
39
-719
-264
-163
565
168
26
21
-3
22
-170
48
18
-250
-39
-882
8
447
363
-13
-30
631
-23
42
148
-142
-92
-496
27
64
-58
-42
-69
-68
-339
-240
-109
17
7
28
-3935
145
-4
265
-29
50
-11
-3
-36
439
172
347
-110
-190
26
-66
-28
-388
125
-16
6
29
-21
-15
258
-28
8
-3
-54
-19
-40
151
-43
-44
278
-527
-3
-160
-62
-252
-294
3
-10
57
-154
14
-176
-502
72
121
8
9
-67
38
-40
7
-622
112
862
-799
-132
2
-28
-367
266
1
17
51
8
15
3464
13
-9
-10
-5
-16
51
177
-236
39
2
34
211
-642
-8
-33
27
-224
1385
13
5
-492
-23
-368
232
-1125
836
-100
-20
-54
4
14
113
498
-17
16536
-557
-12
-1558
183
-303
-19
5
15
958
-74
18
-114
-1240
53
17
24
-4
6
18
25
1073
-8
-54
509
17
70
-2861
-12
-34
-368
116
43
-1
-5
2
-67
318
-2
-59
-1
-176
2
4
-46
-151
-249
-6
148
-9
-59
-10
26
8
-227
3
72
-10
-70
156
-15
12
5
-9
-216
-150
-4
-20
-2
-88
-15
-400
21
-2
-213
-145
-20
-1
-43
-9
549
-191
-112
-15
-17
5241
-8
-61
-1040
12
-3097
-2
0
-6
-53
1245
2740
22
-5
-12
-172
1071
-12
-627
18
-1418
293
-45
313
-1181
-37
55
52
-716
0
36
-2
-20
23
7
48
-28
229
553
-27
-15
-158
-340
59
294
47
3
-8
-71
5
0
-24
11
-50
-17
-218
-726
-9
10
-7
409
28
-44
45
16
-77
-31
-36
112
-6
102
5
-78
8519
1359
-38
141
25
108
1255
560
-4
-150
-11
1
-73
82
1
-848
103
-9
-475
139
-18
-148
-144
18
46
167
432
-18
8
7
-19
-77
59
162
-606
-2
6
942
-12
21
-18
-757
-169
-599
28
8
-157
-121
-19
36
-105
-260
1
-11
9
-64
-48
41
-139
850
29
-59
-385
-1041
1038
165
-16
613
75
591
-261
6
3
97
11
10
0
4685
-107
21
412
48
25
10
155
-41
-952
-349
-307
-252
211
26
-3
100
12
-17
-1
11
947
-68
11
21
-4
2
-58
-1545
74
1087
43
445
-35
-11
238
-62
56
91
-680
54
9
100
-3
-24
5
1051
27
-23
34
316
11
-21
3
-404
2179
-154
-178
-12
16
209
-1
-181
-2
-260
10
-9
63
100
512
7
62
2
-22
-6
89
411
32
363
-276
3078
199
60
-93
20
-167
154
-76
-440
25
-15
-34
-43
-52
-11
-6
-12
1514
-8
53
4
39
-2
1
2
-16
-36
-31
-375
-16
64
16
-128
-28
-358
769
11
132
14
41
-165
823
-151
14
-22
173
44
-133
-8
37
-6
-3356
315
73
11
368
-750
-8
-13
-300
-77
43
-442
-240
-4429
183
17
17
6
-1
-59
-13
255
-37
-1
-75
-56
12
-119
-99
-128
-28
33
-144
-67
12
-47
50
-696
49
79
7
-375
40
-218
268
-140
-154
-1
-21
-62
-7
94
95
-238
35
-8
1
-26
-21
1
-90
36
-13
-6
218
148
5036
18
275
0
89
-214
51
7
-37
-69
13
9
-63
47
10
284
21
14
1
-2
83
-17
839
-26
-147
11
-51
-105
398
21
7
-15
34
8
18
-44
331
-82
59
200
-784
-12
-138
-123
-16
77
36
318
28
-7
-7
-36
-69
-10
-191
79
-52
-9
11
-10
118
34
-46
710
-3
3
-510
-18
1646
-60
9
1
-17
7
-30
-12
341
-18
4
290
-282
20
340
-204
-11
2
62
59
-600
-38
-13
-829
189
4
169
-50
-17
-72
-243
0
673
908
-40
-2
-3
95
5
-122
22
55
41
14
-31
-4
6
122
495
-176
-1965
-1326
44
30
132
-282
-95
65
111
-60
-7
12
-90
-11
4
-6
426
-262
16
34
48
-669
-61
-10
1704
3
604
-19
1676
-759
-20
15
-1196
-487
28
-69
86
5
-83
453
-14
56
-82
-156
10
-52
29
423
-29
5
9
2
159
21
-108
-20
148
-1
-14
-122
8
6
1125
4
-19
-8
47
-8
-29
112
-13
1
360
-392
-38
-45
116
-14
-215
-1488
5
21
-45
-23
749
-104
-930
-3
1615
-42
-102
-9
49
242
298
79
-27
-9
338
-37
-246
-25
-28
1092
378
13
-165
-30
-68
-1
102
-35
-24
-116
142
-55
35
-57
-13
78
371
9
203
935
5
-494
42
263
-80
158
3061
213
115
-150
169
15
-36
54
39
-12
624
-23
14
97
-17
31
-1099
-4
-6
-2
-3
-220
-5
-38
-1
-54
-13
437
43
-1435
8
276
20
-6
-74
30
8
254
-43
951
91
395
49
808
-110
-27
46
-6
-36
53
-40
8
417
72
662
-15
-36
172
26
-10
22
48
232
-8
-282
16
-4
352
-52
137
7
-5
9
74
39
-5
134
17
1000
3
-20
-258
-2826
4
267
-3
-5
-169
-120
44
-3
-86
-71
-24
-754
8
543
-25
249
41
-22
839
-366
-13
24
114
-46
-151
42
-1
67
-26
-15
-216
-9
-9
9
-54
252
1660
58
-19
16
95
84
-746
-246
6
3
-11
-9
-404
-10
349
8
300
28
7
1
-111
8
7
-10
315
144
41
-68
-45
-21
-129
-517
1517
-14
-190
107
-15
92
-9
92
6
100
-5
16
-1
-155
8
-41
16
-651
106
10
4
22
-10
86
21
29
108
160
17
36
11
104
-106
273
16
9
-12
58
-300
4
79
-16
-1474
62
-125
-168
138
324
-190
-37
3
7
2
-12
4
103
-96
-22
-42
64
-72
-2
37
96
34
-51
189
-16
1280
-937
-445
-51
34
-616
-7
-6015
16
61
0
328
6
288
5
1
-4
22
160
8
176
-18
-1
-356
-42
-44
8
-9
-2
36
-5
12
-29
70
113
-103
34
-765
104
-549
-24
-45
582
37
0
29
-4
-3
-134
2
-62
-85
-225
-169
-20
374
119
81
-57
-21
-7
6
1202
34
-67
9
-248
6
-431
-264
-114
-24
-445
2
68
347
-2
-168
-914
54
-7
-79
43
26
-19
276
83
-3
-55
26
289
-64
-2
-9
-109
117
361
-25
97
29
5
408
5
-134
0
-86
4
180
2708
42
-1
5
-197
-11
-24
53
44
70
-95
-16
0
32
-996
-3
1
5
43
8
-309
-47
-47
-10
262
449
-29
-25
-17
3
159
-2546
19
-36
-10
-33
28
189
-47
-62
59
5716
-484
52
-24
5
1
5
-46
-450
-115
29
-9
-200
-33
-50
-6
21
-463
-351
-96
5
-3
-10
10
451
4
-69
7
-168
-19
58
-606
-60
-15
-36
4
42
2
-18
-2
4777
-133
110
339
-11
-4
-123
106
280
-4
-514
67
7
11
57
-6
123
-91
18
32
-424
-565
-7
43
-1
-1390
48
-37
137
66
-309
-181
27
-4
-156
13
50
11
-24
-486
-802
-10
-18
-228
495
11
-1056
351
-248
-1
-15
107
0
-182
1594
10
-17
-68
-2
20
28
14
-7
-332
-7
106
-36
-176
-26
-14
84
235
-394
-530
36
-89
-9
-36
-202
290
623
-24
423
-6
163
2
-203
465
12
22
17
-55
-3099
-643
612
-26
37
-796
276
22
485
-440
37
22
220
-296
160
-130642
-9
-5
-102
3
-1
-305
-205
-422
68
1403
-518
10
17
396
-32
31
123
657
-3
-59
375
452
-88
-2
42
9
32
1
-87
-234
-38
-4
7
113
-314
-6
6
291
-7
7
-604
-182
135
0
9
-46
6
-389
24
-6
-6
-375
394
-198
5
-13
-5
28
-154
19
5
-404
10
-6
6
-100
-69
-13
-77
-73
17
-14
6
0
26
-6
170
100
780
581
-18
-16
248
140
-110
-9
-3
-15
2044
-103
24
31
633
608
28
-243
-263
665
-1
362
73
40
-93
-18
0
24
-62
-13
377
81
-11
12
-281
458
-203
-3
11
-280
52
1
98
-3
5
1
-386
29
278
313
-28
23
-2
95
51
29
-54
5
-1395
-3
228
-523
17
5
219
-192
88
319
16
2
122
-92
-1010
-4
36
137
80
-29
-50
-16
-2
7
1
11
-33
43
-550
26
2
-3
5
-33
166
-67
-112
-150
49
-176
328
40
-22
-27
173
36
59
-23
-363
54
-4
7
62
3
0
-11
29
20
32
164
3
22
0
-92
-37
-180
-20
-3
74
2
74
1
-31
-90
-6
-62
66
-9
-177
21
570
-343
461
0
107
20
-24
16
-11
1
6
-418
83
-69
-107
137
1430
-171
19
-13
-160
-19
1
48
862
-459
7
-235
-211
3075
65
-196
-55
0
1
351
231
51
-264
-13
-10
-111
20
70
-21
779
-159
-18
86
-25
-367
-44
79
-710
100
-292
-1089
-73
21
7
-5
22
26
-5
112
44
-9
45
-91
-118
443
-5
-9
-29
-184
-163
46
-28
2
111
79
-3205
-75
37
14
-238
781
-404
-151
67
49
86
-4
1
-398
29
2
1
-37
-2072
20
-303
33
32
-2
-3
883
-14
-27
-84
72
-29
-12
-24
104
-39
48
316
-57
449
-947
-71
-392
-12
-150
-75
127
65
6
34
22
-868
-159
5
-48
-14
3
94
279
-24
39
-336
357
25
182
-6
-30
-17
-91
279
2
-925
-72
-66
-437
-289
237
22
-77
29
858
-61
9
38
-9
-1749
0
290
4
216
32
-3
-10
3
1657
0
24
713
26
-713
385
-1042
463
-32
69
-136
-105
-64
-838
-50
432
-104
-192
-30
248
7
2
326
-46
-12
8
44
-100
-41
21
606
-44
-5
10
62
-38
-2
83
456
12
7
17
43
-5
31
105
-480
-51
-393
35
39
-126
190
-110
574
100
-47
-68
-42
24
38
147
42
-2
-24
-33
2124
11
-148
133
-958
-216
164
-26
-34
54
-10
-46
4
3
288
-11
-330
-24
9
296
-8
231
-60
7
-17
-12
12
-4
234
-763
-143
-194
11
152
-10
-49
96
-24
652
-5
-26
5
5
-12
7
1110
-75
9
103
42
-16
-110
216
-20
-28
648
-38
-101
-22
-25
-232
12
-93
-2
137
99
377
-237
-240
-38
-305
97
40
-299
-3
1
-47
-36
207
-8
25
-33
275
423
10
24
-236
-134
53
-279
28
236
3
0
-16
15
-406
-4
29
-4
97
9
15
48
-10
11
0
197
22
270
114
-769
-37
-31
-11
-11
-1
-114
179
147
-233
112
-7
-71
-122
67
-7
42
-111
37
12
29
-6
0
264
13
470
-4
8
53
460
9
-5
323
36
-878
-303
-671
-19
-660
-1
45
-428
14
114
-2
11
18
2
-7
48
-37
342
1
523
-162
201
-375
1297
14
34
197
4
-7798
-4
-48
137
-222
17
161
680
278
64
-61
-22
-108
55
178
-15
89
-23
-19
-203
41
-256
8
-15
16
8
-51
-72
-30
-13
15
-62
3
-12
10
-202
16
-38
137
-94
17
2
-125
35
24
-110
-77
-6
-494
4740
60
70
470
458
-108
-48
116
3
41
-61
154
28
-29
-2
-29
21
85
-1045
-141
3
-118
-18
-19
-840
-187
-2
-13
-358
21
252
375
-390
0
166
-927
-5
-5567
16
-314
-10
4
-135
-17
-359
-1
-6
67
3
17
881
221
21
13
-50
-19
138
-13
101
356
-2
-357
-7
264
15
-16
-321
-325
25
-8
30
-179
45
-15
176
-1234
-198
-16
-174
9
-28
28
79
150
25
-14
-124
1848
-2
52
-50
-360
2
-108
328
-455
-43
-70
93
18
-51
758
12
-8
-5
-533
30
-5
788
156
475
-78
0
-11
2
203
44
-903
12
22
1
483
28
-2
-62
-107
42
-203
6
11
-13
-104
-2
303
29
-130
-14
-335
47
-138
4
22
-1657
19
-164
-211
115
109
-7
-62
-391
353
-16
-2
-36
-431
89
2
422
-26
-101
-535
-9
38
-1
44
-22
-1844
-184
950
63
1026
-1641
93
-7
-27
30
5
-22
276
-632
-98
62
-28
-115
12
112
-41
-3
-28
44
0
-9
28
106
40
8
-657
-24
161
8
-8
54
-7
4
-31
-4851
24
136
-186
-4
4
55
13
325
31
47
104
98
514
-17
-54
63
377
-10
-18
8
3213
-8
-147
-75
-144
147
-742
-5618
27
-254
-242
-1695
15
-151
-12
20
222
-67
4
-31
144
-172
168
-795
306
365
9
907
35
-121
148
315
18
56
-36
4
-64
522
-72
-18
-213
687
-86
-20
-150
-26
-117
30
-776
-134
360
507
-11
-65
1043
38
10
-580
-18
-24
134
-664
-22
1567
563
-7
-147
-121
66
16
-14
18
4687
-545
323
-40
141
5
-1
-278
12
-1
155
-19
-3528
-1
62
18
-249
6
72
3
11
385
-36
0
1
-4
686
453
-28
81
11
-27
-268
17
94
-3
-42
23
238
-53
-10
-9
147
-9
-60
-22
-20
45
-10
-10
-955
83
89
33
-5
-100
1
0
-502
-9
-9
1
-31
91
356
50
56
-10
65
-887
8
150
-193
-247
-48
4
-4
-720
-275
52
-1
65
1062
10
46
61
559
228
25
-1580
12
89
1
-38
-208
3744
312
71
374
-286
47
370
-4160
-146
145
216
-78
10
0
41
44
-19
-2
-27
-143
933
495
-51
-33
-44
-15
4
-31
-14
169
145
51
-145
-4
-992
-35
-2
-1562
51
-47
3
-652
18
-27
-734
39
108
-1549
-456
13
3
-18
701
-43
278
-2
1337
7
-1946
21
-4353
-12
39
198
447
107
-35
-610
-8
-22
-90
-33
-8
208
-294
16
314
-55
60
-46
-4
4
-15
-2
-304
-58
-159
79
-322
61
-105
23
295
-14
7
-6
-180
-159
12
1225
-7
7
94
104
2145
-1453
-69
44
0
5
30
336
-208
213
55
-1167
-124
-62
12
6802
-611
249
-139
55
9
-6
1226
39
3988
547
-280
-7
31
194
-85
-571
-121
4
-79
55
568
-8
-135
-10
-185
-15
304
1
-5
-23
-103
9
1
303
-125
100
6
-606
-27
-106
-5
3324
744
11
-5
142
30
-9
7
11
49
-27
-288
234
-18
346
-9
80
0
-256
27
-336
-2
-37
34
-418
27
165
76
4
13
31
-7
-319
-194
-22
11
-83
5168
-50
2000
-44
-19
-48
326
61
-9
4
257
10
100
-80
-246
-710
55
-8
-367
-313
14
441
-1565
-13
-848
-97
10
83
-37
146
107
-2268
2
0
-117
57
-9
72
-15
-489
-13
-124
4
-39
-75
-3
-100
-325
189
-188
654
113
-528
-17
270
-187
230
405
-14
19
-63
3565
-36
-33
-36
-413
-599
-472
-8
-66
5
-75
-3
-11
147
971
-2
40
46
10
-36
-811
116
527
531
36
387
-11
5494
-6
63
87
54
-10
906
129
9
66
6
25
-134
40
1484
489
-15
537
78
35
-18
247
-48
-24
230
48
-86
46
61
2
-277
-90
590
-2
-38
3
1
39
3
16
8
44
-11
-26
-109
7
58
5
-1254
115
-12
-86
-8
-61
7
85
36
1991
5
-2
103
-1
7
-4
705
-270
15
-7
10
-92
23
3
-198
1
-27
-18
-125
-1545
322
-407
10
40
3
-3
356
176
337
50
1679
-29
2535
-118
-1551
9896
-7
3
-30
10
-20
80
182
67
-55
-743
-1
-15
-15
692
-725
9
231
-1
-29
278
-643
1318
-10
-3
-15
-35
-6
-1192
206
284
-85
1
-483
-54
-350
-268
31
82
9
-2
239
-8
152
11
159
51
-72
-6
10
-51
-14
112
-33271
20
-21
-5
-4
1
-13
155
35
486
3
-13
299
15
-87
-61
-11
-325
-86
-121
-142
722
-37
54
5
-12
-55
488
1
10
-29
40
88
-22
-1
36
-11
13
-90
-107
12
-48
4
751
33
-12
-165
16
95
-691
0
107
-110
535
724
86
-3
-2
-84
109
81
-536
18
242
109
-3
1
329
-15
-23
4
480
35
26
79
-164
372
-28
-118
43
-174
22
-303
-69
-4
197
11
32
98
-794
-220
24
-191
-9
82
-3
80
-94
4
68
-577
-1384
-813
4
0
-34
-467
-59
-900
-326
197
33
-1
-15
-70
-4
0
-110
-14
-102
154
3
-919
554
21
-58
-464
175
-1118
-135
-161
-49
-261
8
15
58
-11
80
-86
-598
40
904
-168
-382
-79
-45
-851
17
-10
-329
-9
1
-1
-541
-109
-14
-350
-10
-173
30
-2
-604
-1
-121
-515
-21
-73
4
13
-3
93
-1099
212
-175
-37
2768
402
-18
150
-292
-190
-13
9
30
-114
-17
37
-4
-73
-33
38
-102
-15
-6
-29
-575
-4
-70
-5
-1
14
-124
-116
-4
76
116
777
2734
-47
1318
108
-16
710
94
-5
-93
-8
67
375
-13
56
-4
-78
28
0
-5
-4
59
36
-23
189
128
181
30
-31
167
1
-88
-82
-11
23
104
-41
-501
47
-4
-236
-14
1879
-553
99
-56
-78
-559
-1
-125
207
-567
-105
-34
342
15
318
-5
-6
-28
33
-5
201
11
3
104
-446
-142
387
856
-7
-5
57
-9
-450
1
-445
8
1
-1342
224
707
-290
3
-37
20
-16
256
-2044
-10
-46
101
-22
-45
-2
-81
-37
37
-2
246
-90
7
-193
0
-38
34
114
-21
18
-9
-206
807
-19
-20
217
6
169
504
-25
-13
-223
98
110
-9
-245
7
-26
58
14
-604
100
195
77
262
0
0
-30
-127
8
-1
-21
33
-6
1037
-137
-3
-15
195
12
6
30
23
35
220
102
39
7
-12
-77
-1
0
-297
61
-138
-32
-89
94
5
31
13
-7530
66
-2
223
51
63
-42
22
46
0
-66
-197
-22
-10
-19
-68
70
-43
32
-1118
8
12
39
-68
-91
-360
-16
-6
-12
-3
83
-36
46
-100
61
233
-82
120
186
-234
-53
199
17
10
110
39
-50
-872
67
133
-33
3
-148
-13
14
-21
-2379
71
-4
169
189
-226
1
3
1
-232
422
-279
-1
7
-4
-256
2430
-15
11
28
-23
115
-56
-2
-36
21
-77
-91
-27
2117
-6292
-37
125
-832
82
-17
87
524
-445
-6
-22
175
-40
-13
-416
-69
-4
-9
-56
-25
995
15
-19
29
-104
-94
-5
48
-103
-5
-1505
340
0
1
-1452
34
5
-218
748
-69
2
-82
203
-45
-1132
1
1562
-69
18
-112
2
-1
94
-107
-10
-752
-5
152
431
103
87
211
14
-52
81
-12
484
-10
-14
861
-332
-136
262
12
-47
-18
-13
-114
-222
11
-872
-61
54
13
-623
20
-2
24
-378
26
-333
133
-20
57
6
-1
15
-1539
3446
-5
-181
53
-321
-15
14
-1343
-14
-9
3036
0
-2
89
-29
348
540
-5
20
-434
-22
18
-58
-46
-74
-38
9
-113
2158
11
1
-110
16
-1335
-1815
53
-7
-7
-6187
22
669
-111
-54
-296
-560
3
-145
-50
-363
27
-60
2
-128
-105
67
-11
-169
8
-404
-117
-1
-42
-201
143
21
35
262
-120
552
-93
-33
864
1184
-35
-22
-627
-42
16
13
-177
-7
-83
-82
-219
64
-40
2
282
12
-8
-5
53
-7
-35
-1
270
-465
246
12
-9
-5
2
-35332
-96
340
-36
3319
24
60
25
14
-2
-40
-193
378
3
69
82
3
-38
8
-893
18
-9
103
-35
-232
1517
-29
-1
-531
15
36
-333
-29
-1223
247
-532
9
-54
14
-11
-16
945
-142
45
-412
66
-122
-13
-20
1
-26
-516
357
29
1044
901
-84
3
-37
-9
20
-57
-49
-34
19
-65
-32
135
-22
2035
22
2080
8
-200
-263
-4
-208
-37
-147
21
-21
177
69
-186
-17
-6
-30
-786
555
-19
10
-16
-166
224
-1249
9
-304
5
-3
15
-73
1
-237
-4
-4
1
-935
-4
-89
-18
17
-56
-110
25
371
6
132
-39
-267
420
-104
244
33
4
-150
2
61
9
-415
-45
12
-100
-134
-7
10
-22
1
-21
-7
74
23
-28
-49
490
-4
-136
-10
-425
-78
-53
-16
-105
-10
263
145
90
44
40
-34
6
568
-9
-27
86
81
42
164
538
-19
83
-207
-10
30
332
359
603
-6
-17
-12
27
44
15
-676
29
-12
15
67
-587
-18
-115
1
-90
-39
-366
-25
2
-4
-181
-30
113
21
1
-6
-27
-677
388
-56
-2
261
3
-16
-1
70
994
-1
-46
494
-1
254
4
-13
74
16
-180
125
30
-36
-4
-3
103
-2
-175
345
2
-10
1
28
-11
4
-27
8
-3
-9
5
96
-139
-4
-390
38
-7
-8
411
274
-9
361
-20
71
92
36
-170
387
-78
-44
-11
6
18
-1657
-1023
28
98
-3
75
104
15
-603
555
-219
-54
-24
78
-16
7
29
35
257
-19
-382
5
-23
36
-63
25
5
99
-4
17
-93
-110
571
6
-126
-73
89
32
7
-1031
4
-18
3
252
0
-16
-39
-87
2
-5
-13
103
527
-194
9
481
48
-11
13
-188
-257
-148
74
-59
34
-149
-23
-2
-253
-7121
-444
0
23
1
62
-12
94
528
-16
3
653
12
-13
247
-563
-214
16
-47
-44
78
-60
-661
-20
80
-29
53
-99
140
0
78
6
4
-1022
-141
-140
96
-36
-12
166
-30
130
-8
-63
-193
-9
-418
-7
-11
41
-35
185
53
-104
-2724
-3
-136
-184
-11
4
-1
-12
-1
6
804
35
-29
-313
8
25
14
443
-101
-315
-56
-18
74
-74
-2
-10
-470
660
-67
152
-153
-8
1657
10
30
57
-4
371
-2
-9
-15
1034
-7
90
-320
-9
-21
-52
2
-33
-143
6
-47
3
-1
10
-167
-9
-1642
620
1391
177
107
44
-78
-53
-12
-795
8
-604
867
-7
-11
-80
0
-25
232
-461
1340
-50
12
-658
-6
-384
-4
-13
-123
-1
323
-134
25
-13
222
84
-271
-26
-27
-4
-156
-13
19
-116
67
3
-11
27
20
-71
-7
-321
66
52
15
-7
-1
-52
-8
-21
15
-1
-403
-57
-359
-11
1
36
8
-166
-22
96
103
184
-1389
-523
-31
-18
252
245
-9
-32
635
-208
96
-186
4
-27
-20
13
-2689
12
-128
-216
192
62
472
111
77
12
20
0
-20
43
0
85
575
-458
61
56
0
25
-114
4
-73
1116
-41
8
-86
-7
205
8
14
-8
-59
-225
47
231
-244
26
132
-409
3
-20
-228
-15
74
-74
-2
77
67
5
4
-75
-12
-49
-27
-179
-63
4
220
40
89
100
97
35
132
-5
1
-36
1
-19
189
-52
7
-78
-272
-53
62
175
9
1905
-85
470
-156
46
-273
-36
-2802
1667
-223
-10
0
0
-8
21
44
-73
2
9
-46
250
-4
18
84
-21
-130
-364
-35
-75
-3
-54
9
-323
269
-452
-50
-10
-47
-11
127
10
45
725
49
87
-53
8
0
2
-192
10
-126
-4
98
-18
42
412
22
95
3
14
2
-14
16
76
7
-3
-13
-4328
-584
-1156
-22
41
-9
13
6
48
-7
21
3
32
3
452
-196
414
265
-107
-1
0
33
-286
77
-67
369
-13
-453
-427
-23
96
2717
33
112
-4
-15
-29
34
2
-18
-13
-318
2
-1
656
187
1
5772
20
-149
2
273
105
-370
14
-30
-116
48
-344
-14
3
-1
-6
-838
-17
1027
-6
21
409
6
-98
-895
11
-353
58
-4
104
17
59
-13
-946
231
1
-6
-78
-3
1833
-484
-3457
-625
65
-8
24
8
-28
16
-43
-19
223
27
4530
42
30
117
22
-47
-43
740
13
607
146
95
22
5968
31
995
2
501
26
-2
1369
5425
27
-71
4
-1108
43
-146
-78
-179
105
2753
3405
-461
-240
-13
-324
6
33
145
2060
-15
295
-26
-125
-275
-8
-26
-9
-46
65
-35
11
-86
-4
-27
-2
5
-113
19
20
-23
142
58
-1282
8
59
-157
70
-2
-6
-2
-273
85
-4592
4
5
85
-147
48
1495
-20
-7
160
-1
78
170
360
-247
11
68
501
328
-336
-515
-9
10
-127
-392
74
-45
216
494
-6
-40
8
34
-45
-719
-461
19
88
-4
-5
71
-197
11
21
-585
107
610
-288
74
-8
693
1
-62
23
2
45
-8
-179
-976
-99
-13482
61
-691
-1
119
15
-262
-23
33
11
16
-113
-8
-407
883
302
39
-70
239
5
-244
608
-385
-88
56
100
-7
915
-147
-10
25
-57
672
23
50
-20
105
-34
-394
247
278
-115
-4
-39
205
-183
-49
36
4
-36
-469
-63
15
810
1336
-2
-256
-3
-22
95
-46
260
-34
68
-198
-3
-3
-33
7
-27
11
-114
220
-99
330
68
49
36
16
-8
331
-320
-520
11
168
-841
-49
11
-130
8
-1696
48
8
-27
-75
-15
-42
-36
873
-505
287
-60
43
613
-13
-325
1
-38
3
-38
11
-38
29
560
-113
10
33
-79
35
201
-281
-2
10
-345
33
64
316
2
-13
229
0
-233
5
-6
-757
-18
-39
49
-20
51
-20
92
40
37
-5
-104
195
-21
-62
342
50
-99
22
865
-16
-40
428
2
-75
-1130
-272
2865
-326
-316
-3
0
17
-253
-39
-22
-9
-181
-210
35
-6
-74
187
0
-1929
714
-14
402
0
2
-68
-5
-541
-17
-87
32
49
-723
-9
17
41
-4
15
-40
-2
-65
10
-102
-9
-1102
33
43
28
1
860
65
-11
113
-162
-56
5
9
109
-407
289
-4
-40
-481
-15
-56
-42
20
-17
-262
1895
-1
56
244
-159
1862
94
-3
29
5
899
10
5
-315
-6
8
-22
1119
-159
-28
31
-2276
-18
-11
116
87
-5
-19
12
-24
-28
110
38
-4
-127
-481
13
25
193
5
500
28
-55
34
-75
148
426
361
-5
-19
20
44
77
-257
-790
-377
63
-26
5
2
48
46
-417
-45
27
-214
-37
-34
-26
37
75
-448
-7
-29
129
7
111
254
428
-12
12
435
34
0
-4
18
6
44
-103
-62
-36
-1
179
-505
108
-3984
114
-184
-42
-84
419
-8
158
286
-26
710
-959
32
10
-3
-7
1258
5
-1927
20
-93
-47
230
48
-32
9
114
-27
1
42
-6
-6
124
42
-442
208
708
-4
-5
-631
37195
34
27
146
35
-36
9
-32
-68
63
5
1237
-12
305
243
11
-37
-179
-529
8
31
56
334
13
-185
19
-1255
-17
-4
44
-101
9
-9
22
73
41
876
-10
-36
51
64
-10
-96
-15
-586
-19
-261
1
3
118
-19
-59
57
321
-10
75
36
-465
-9
304
-2
-24
15
106
-705
17
-5
-30
967
-16
-11
114
-6
-72
-7
-197
2047
-18
-78
-55
151
3
221
-1307
-17
-6
129
197
2243
-2
161
-92
11
-723
0
1590
-33
-253
265
-14
1025
22
-77
-439
378
-18
71
3
257
250
505
-43
184
-22
-44
1210
13
-8
3
-40
1
11
-2986
8
388
32
-661
41
-720
168
14
-81
45
-461
-271
19
-20
-72
33
-100
6
-3
218
92
-37
-271
20
98
-8
-264
65
8
-107
-10
97
53
-1695
-148
-112
2
-66
203
40
17
-22
-61
-19
465
16
-92
332
0
11
-22
11
20022
-385
37
-786
-2
-48
-47
79
2
-58
-46
-62
93
-95
9
11
-459
16
-9
77
-713
131
335
20
44
10
-20
18
847
64
-922
13
237
-51
91
165
-361
6
171
348
-4
-124
-4354
1739
46
-36
10
102
43
52
1
-30
-28
2
33
-108
-18
-15
15
-14
-3
69
-22
-19
1251
-361
2149
-89
-492
24
-577
-15
29
-17
22
-10
170
-3104
-102
-6
-71
-11
31
1
44
-52
90
22
10
207
-1
-22
49
202
-29
-15
913
36
26
76
-11
-3593
120
-22
-45
-9
37
10
455
-61
-516
-109
-239
-241
-39
112
65
-9
14
-326
-216
19
161
-9615
808
-441
330
89
-104
-65
406
109
77
61
-32
-17594
-30
-1
58
-24
-2
-176
-96
-1713
60
-38
-1240
-798
673
23
-31
5
-9
-37
-165
-4
64
33
-5
322
80
443
25
-86
-82
-500
-4
-3
-9
13
4
4
45
-3
-48
-7
2224
-2
-7
12
-18
67
-4
-25
3
-290
336
-1566
-455
-389
-94
25
-65
67
-18
6198
-712
-60
26
-1321
-40
-31
-205
-172
-102
-97
5417
4
32
-33
-471
100
15
164
25
-176
-403
-22
-49
8
2
4
-64
108
473
19
3
371
27
-35
74
3
1
28
1185
-2
32
39
-40
-95
-161
-19
-28
-3
-890
32
-249
1770
170
-19
-7
115
-2039
-11
385
50
-2
-310
13
-40
-75
-170
60
213
-108
202
-93
-34
-527
-14
-14
-33
201
52
289
-129
-512
279
-257
265
66
25
112
-14
327
10
149
-9
1
34
-1
1608
99
-563
604
-2
-72
-6
-9
-4
49
-116
-12
-14
-1439
1829
-90
34
59
-80
-269
81
-325
172
49
0
29
2
-41
4
8
155
-226
-6
21
-14
1
88
11
-64
25
1
-68
-1
-4
-349
633
35
47
32
13
-262
-106
-197
-65
160
44
-333
-52
536
28
-144
0
-5
118
121
-35
-56
29
24
4
75
35
175
-609
120
-78
-118
-637
81
-179
93
4
246
82
-5521
-23
61
2996
-698
380
-346
63
-9
448
-215
65
-64
-56
-35
5
-33
21
14
-16
818
43
0
11
268
-10
-8
1
-16
6
-744
2
15
0
75
159
-106
-11
20
36
117
231
268
-73
178
13
-453
2290
-66
-26
45
-117
-25
-357
464
-18
195
-2
155
283
-876
-21
-3
6
3
-102
-15
-108
-88
-166
688
-12
91
-9
-35
-261
3019
333
-8
151
7
-311
54
8
258
-432
156
23
-73339
-102
-229
-1279
-6
-13
-6
-7
133
