0
25
138
0
0
0
3
0
1
2
162
35
12
0
0
2
6
0
0
2
0
0
3
2
0
0
1
4
5
0
0
0
0
4
1
7
0
1
1
2
6
0
1
5
12
27
1
0
0
1
0
1
0
1
0
0
3
1
19
6
36
0
0
38
9
0
1
17
33
0
0
15
0
0
0
1
0
5
1
63
0
3
18
15
3
940
5
0
0
22
22
0
1
2
0
0
5
0
0
0
0
0
1
27
0
4
0
6
0
16
0
3941
0
0
0
6
3
0
1
2
0
0
2
1
1
0
0
47
22
0
0
0
6
2
0
0
883
1
1
16
0
0
7
68
0
0
0
0
3
0
0
0
0
1828
26
2
23
44
1
0
0
0
0
195
2
3
0
58
3
1
1
0
3
0
0
15
2
0
0
292
11
0
15
3
1
0
0
24
0
13
0
0
0
0
0
0
1
0
20
1
1
35
2
3
4
6
0
0
20
21
0
1
450
44
0
1
5
0
0
1
1437
1
8
0
2
2
34
0
0
94
0
0
1
0
0
0
0
5
0
28
0
0
1
0
0
24
192
1
76
0
0
0
1
59
11
0
16
0
0
253
3
0
0
1
3
4
0
10
15
14
3
1
0
0
0
0
51
0
5
1
52
13
0
3
0
4
70
15
0
0
1
0
1
0
0
0
0
0
20
0
0
1
0
1
0
1
0
3
0
5
7
32
0
12
2
227
2
0
0
2
3
2
0
0
27
26
0
2
0
5
5
21
17
0
12
13
1
0
0
0
105
0
0
1
0
0
3
1
25
4
7
3
0
0
10
11
2
1
0
7
0
60
0
0
101
3
8
1
34
1
0
15
56
2
883
1
0
1
0
0
1
0
0
0
1
6
2
0
1
3
4
1
22
108
2020
0
5
8
0
0
14
5
2
4
3
33
0
0
0
588
0
0
0
0
9
4
3
79
0
132
1
12
1
2
7
12
4
0
0
1
1
7
0
0
1
0
71
1
0
25
90
0
0
0
0
0
6244
676
0
0
3
11
168
0
0
1
0
1
3
19
0
26
0
0
27
0
1
0
3
3
3
27
0
0
0
7
0
1
0
3
1
8
44
0
1
16
6
0
8
1
0
0
21
27
1
0
0
1
0
1
2
0
1
4
7
8
288
0
28
9
0
0
0
83
66
0
0
0
1
0
0
41
0
0
0
0
3
3
0
0
0
0
3
0
6
0
0
29
0
11
3
78
3
0
0
1
1
11
0
0
1
33
0
18
0
15
0
0
10
0
1
1
0
0
8
0
1
0
0
14
1
0
0
2
0
8
0
2
26
1
1
329
1
5
6
189
0
0
1
1
1
54
3
1
0
0
10
100
0
0
14
0
6
9
0
0
0
0
0
186
5
3
0
43
106
0
0
15
116
2
0
58
5
250
100
41
0
0
25
0
5
0
2
0
1
0
3
1
0
0
0
16
21
33
1
159
0
0
0
2
1
29
122
0
0
3
5
1
0
0
69
0
9
4
0
3
26
4
0
1
5
0
0
33
3
0
0
4
1
0
0
0
3
41
25
2
0
4
0
0
0
2
3
1
0
8
0
1
3
4
101
9
0
0
0
1
311
0
15
1
0
0
40
8
1
2
4
20
18
13
8
4
0
0
69
274
0
1
76
0
0
20
3
21
108
6
0
0
12
0
0
4
8
24
1
1
179
1
0
1
1
0
2
6
1
133
6
0
6
23
0
0
1
1
15
0
0
0
0
0
5
0
0
0
0
27
0
0
3
0
0
3
8
0
50
318
6
0
7
0
4
1
0
1
0
0
0
27
1
0
0
31
0
0
0
0
0
0
0
0
0
0
0
0
0
0
0
1
7
0
0
0
0
0
24
2
6
1
55
0
1
0
17
1
0
0
8
0
0
8
2
2
1
4
103
4
0
1
0
1
0
6
3
0
0
0
1
2
0
2
1099
6
0
2
1
2
14
0
0
5
0
0
0
1
0
2
0
0
46
2
0
10
49
1
4
0
1
26
0
0
0
0
25
1
39
12
4
1
0
0
0
5
17
1
0
1
0
10
7
50
0
2
5
2
1
2
88
11
1
11
1
1
0
0
0
3
2
0
0
383
0
88
0
3
77
0
0
0
2
20
0
0
0
1
0
122
4
0
1
5
0
0
244
13
317
0
0
0
2
0
0
4
18
0
1
0
0
0
0
644
0
10
64
0
2
0
18
0
28
9
0
4
13
0
0
2
1
1
0
4
11
1
33
30
11
0
3
1
0
0
0
0
2
2
4
0
35
1
1
3
0
24
7
0
47
8
761
0
0
3
248
5
5
9
0
0
8
1
3
0
12
16
0
2
7
0
0
0
133
0
80
14
1
1
0
25
0
152
0
1
2
1
0
3
0
1
0
0
2
0
283
2
3
3
0
60
3169
7
1
10
11
0
0
19
0
0
3
1
0
46
0
2
12
0
3
3
15
32
0
0
0
0
0
0
0
0
0
8
1
0
0
3
2
0
59
0
2
0
7
3
0
1
1
17
1
2
3
0
40
0
0
1
20
0
117
9
1
88
0
7
1
0
32
3
2
2
204
54
1697
0
6
1771
3
0
18
0
0
0
7
7
0
0
6
0
11
465
36
17
0
32
0
0
132
1
2
3
0
6
3
1
0
0
0
0
5
4
132
0
9
0
6
1
16
114
3
2
151
0
1
0
1
4889
54
5
0
5
0
35
633
10
0
0
0
21
114
0
54
0
1
182
0
0
8
0
0
0
1
2
0
62
27
0
1
24
18553
20
0
0
4
1
9
26
0
53
0
70
1
1
0
0
1
0
60
0
0
0
0
0
0
11
6
0
0
0
0
1
133
1
11
9255
4
3
0
2
0
3
5
11
2
276
5
0
1
3
12
6
6
0
2
136
53
68
0
21
0
49
8299
4
0
0
0
3
0
0
38
0
0
0
6
0
1
7
0
1
1
0
3
10
0
1
0
1
3
1
7
0
3
0
198
2
6
308
0
0
0
4
0
0
3
3
2
0
0
0
0
1
91
0
0
58
0
0
0
0
0
0
2
4
0
0
0
369
1
0
1
97
0
0
7
0
3
6
7
0
1
1
1
0
0
0
6
3
11
40
55
1419
0
1
7
0
0
0
0
0
1
4
5
5
1
1
12
0
2243
21
39
0
3
152
16
1
1
15
0
0
0
4
0
11
179
125
7
0
0
1
8
0
0
0
35
0
39
29
0
2
1
52
0
1
2
0
11
0
0
12
0
36
12
2
12
7
0
1
39
4
0
0
13
6
95
0
1
0
51
16
0
1
16
11
0
0
0
0
1
19
1
1
0
0
20
926
29
1
8
24
0
45
40
0
15
1
0
0
0
1
3
46
0
0
7
0
0
11
0
0
59
0
1
1
0
5
0
0
7
0
1
1498
0
0
0
84
0
2
0
0
0
0
0
17
2
17
0
1
0
0
0
15
0
2
0
54
175
1263
4
0
0
37
0
26
6
4
0
2
0
0
12
14
7
0
3
3
0
0
2
6
9
0
108
0
0
0
5
1
3
0
2
0
1
0
1
0
0
1
0
0
37
1
13
1
16
1
203
5
1
1
53
0
10
0
0
0
3
0
108
4
0
21
0
0
1
0
45
0
4
13
6
0
4
0
0
0
0
0
0
73
5
0
166
0
2
0
15
0
1
0
0
2
0
0
0
0
2
0
8
0
42
0
0
0
1
0
11
1
5
0
0
1
3
0
38
0
4
0
3
0
46
0
2
0
0
10
78
3
3
28
4
3
1
0
0
86
29
11
0
15
2
2
32
2
4
12
16
0
0
1
0
26
0
4
1
0
0
0
1
11
24
1
3
3
0
0
3396
2
0
1
0
8
0
1
10
0
27
0
0
0
0
1
0
6
0
49
13
11
0
1
1
9
1
45
10807
19
31
0
0
1
118
33
88
0
19
0
0
19
0
0
1
1
13
0
1
5
14
1
3
0
0
1
2
85
0
1
1
1
69
0
536
0
8
4
1
0
0
1
433
2
6
1
6
11
0
1
6
0
1
1126
10
7
0
5
1
5
21
0
2
64
6
7
10
0
15
0
0
276
104
0
0
0
0
0
0
0
0
0
940
1
0
0
0
0
2
1
2
0
28
0
0
12
24
2
6
0
18
0
4
1
0
242
0
0
0
62
4
0
14
1
0
0
7
0
0
1
2
0
0
103
36
0
0
0
3
27
0
1
0
7
0
1
1925
0
3
0
3
3
20
0
0
0
17
0
0
1
9
0
4
0
0
21
2238
32
0
0
0
19
0
0
0
0
0
2
1
0
365
10
3
12
0
0
0
10
0
0
3
54
0
11
0
1689
0
1
0
8
2
0
1
0
0
0
1
1
0
0
1
0
0
16
8
17
0
0
0
0
27
7
3
25
1
4
0
22
26
6
5
4
34
1
14
294
11
0
481
0
4
13
1
0
14
0
0
1
0
1
0
1
0
0
15
0
1
388
65
0
3
7
1
11
0
1
0
0
0
10
0
43
3
22
2
0
1
1
0
2
0
0
1
31
3
11
33
0
1
0
0
0
28
16
219
0
68
0
0
0
50
2
1
1
59
9
0
0
11
1
36
39
0
1
1
0
0
7
2
0
0
0
4
0
0
0
26
0
24
19
0
0
0
0
1
0
1
1
0
0
5
0
0
2
0
1
0
0
4
3
1
3
15
0
0
1
0
16
0
2
0
0
0
1
1
0
145
2
3
0
0
2
1
0
0
0
0
0
12
0
46
0
0
2
3
15
1
7
0
1
0
3
988
1
5
0
162
0
1
0
0
36
0
2
45
18
1
0
0
0
0
1
2
4
3
0
0
0
0
0
0
2
1
0
0
0
1
0
0
4
3
1
0
11
0
25
1
3
0
0
0
0
0
1
40
0
0
3
0
6
2
0
0
45
0
2
5
0
0
2
0
1
0
3
17
0
13
0
10
0
0
1
0
7697
13
0
4
677
0
522
5
43
1
0
0
2
4
12
1
0
10
0
0
24
209
0
186
2
0
0
47
0
47
0
2
1
2
13
20
0
10
0
5
0
165
1
0
0
4
3
0
0
3
3
0
4
0
1
0
1
3
0
2
2
4
0
3
0
0
249
14
2
0
150
2
1
0
0
16
1
0
0
0
0
2
0
4
555
31
0
0
0
8
0
883
2
0
10
0
1
603
13
0
18
0
6
11
0
0
4
161
1
3
12
0
0
0
1
2
1
1
197
0
0
4
54
19
0
0
0
0
38
4
48
0
7
0
70
0
12
5
0
11
2
7
0
9
16
3
0
0
0
0
61
1
0
0
80
120
4
1
1
0
5
16
0
11
0
1
0
16
0
0
0
16
0
5
0
1
1
21
8
1
0
0
0
0
0
510
4
49
23
0
0
1
21
0
720
0
5
1
5
0
0
15
7
17
0
1
3
1
0
67
66
2
1
3
0
0
0
1
16
3
11
12
66
1
1027
745
0
16
0
134
1
5
2
6
0
70
138
0
12
6
5
3
154
1
1
14
430
0
0
0
36
3
12
930
5
27
0
175
0
0
0
0
0
0
10
0
1
2
1
0
16
0
0
0
2
11
1
2
0
69
0
1
0
13
0
106
0
1
40
1
1
0
144
4
276
0
4
0
228
10
11
52
274
4
0
0
5
32
16
1
30
1
46
3
1
0
113
1
2
0
14
0
5
2
1
1
138
0
0
0
11
200
0
1
8
0
0
0
13
1
0
19
0
1
0
0
1
0
18
45
125
3
3
29
2
7
1811
0
5189
112
21
5
0
107
0
4
0
10
1
0
66
18
0
4
6
1
0
0
11
5457
3
3
0
5
85
4
42
1
1
13
1
0
72
0
193
13
2
2
0
19
0
0
0
26
3
0
0
6
2
3
305
1
0
6
60
0
5
20
5
65
1
1
0
10
0
0
0
0
0
0
13
0
0
4
0
0
0
0
10
6
0
24
10
6
4
0
0
1
12
0
16
0
0
1
10
0
4
1
0
0
836
3
0
0
39
1
7
0
0
2
58
0
1
2
3
48
0
1
1
0
3
1
2
0
0
8612
8
1
52
0
2
4
0
0
0
0
3
1
0
0
4
1
67
111
1
1
1
0
3
1
44
121
0
2
2
0
2
0
0
0
0
2
5
8
7
8
6
0
0
0
0
0
2
0
1
1
0
0
0
0
0
0
0
0
0
15
0
21
0
1
0
5
0
64
44
24
0
0
0
0
3
1
0
7
14
0
0
1
0
52
11
6
128
1
0
8
11
1
0
0
949
0
22
12
1
0
0
1
2
0
0
0
0
74
3
5
47
0
167
436
0
1
5
9
0
0
0
0
0
0
16
6
6
4
19
0
17
0
20
660
0
24
0
0
1
0
0
0
335
1
0
0
13
14
0
0
1
1
0
5
0
0
0
15
0
7
0
4
1
75
0
3
0
0
10
1
0
2
657
0
0
0
0
0
0
8
13
0
17
23
1
3
0
1
0
0
0
0
1
1
0
0
0
16
1
2
17
1
1
0
0
19
356
0
0
0
0
0
3
0
0
46
0
0
116
0
2
0
1
1
13
53
120
0
0
4
0
2
1
21
0
1
1
0
0
0
1
0
0
22
0
0
0
0
0
1
0
0
0
37
1
0
16
0
0
54
0
3
87
0
36
19
0
7
1
62
0
0
0
0
0
0
100
0
1
1
359
0
1
10
0
0
5
3
99
1
0
0
16
0
319
0
2
9
94
1
1
0
2
0
3
0
0
1
0
0
9
0
42
0
9
0
3
0
0
5
7
10
61
1
0
14
7
0
0
4
0
11
0
1
898
7
0
0
0
35
16
3
15
15
0
27
0
128
0
0
0
12
0
0
18
0
0
0
1
1
8
45
0
1
6
1
0
0
0
0
0
8
18
19
0
0
1
0
0
0
0
0
2
8
19
62
2
0
8
2
0
125
0
1
12789
0
10
0
1
1
0
194
44
0
7958
1
0
0
7
0
0
113
1
0
49
8
1
1
0
0
35
0
11
2
0
0
3
0
488
238
120
0
0
0
0
0
0
5
0
0
1
2
0
0
0
5
1
2
2
0
2
12
4
1
86
22
0
24
0
0
2
2
0
0
6
0
1
1
1
1
2
0
6
0
0
0
1
0
3
2
4
5
0
11
2
30
4
4
0
0
4
1
7
0
60
0
20
3
8
2
0
3
0
14
0
0
0
0
0
0
0
0
3
0
2
28
1
0
29
4
2
8
1297
0
1
10
8
42
2
43
0
0
0
3
0
0
42
0
0
7
0
21
0
0
50
14
71
2
1
0
0
0
0
1
0
0
18
0
11
2
0
3
202
10
350
0
0
64
1
17
0
0
1
80
0
5
0
0
0
0
0
3
27
0
22
0
0
1
0
1
0
0
0
67
1
26
0
3623
0
102
5
0
343
0
0
14
0
1
137
0
0
0
0
2
0
0
0
0
0
2
88
4
9
4
1
6
0
0
14
1
0
0
0
1
0
9
0
1
0
2
0
0
752
0
1
0
0
19
8
0
16
1
0
18
1
4
0
1
177
2
0
15671
19
7
6
0
6
9
0
79
0
0
65
341
17
0
0
1
0
4
3
0
0
11
0
0
0
6
5
2
0
0
6
35
1009
5
0
1
8
26
11
7
22
0
0
18
20
0
19
1
0
1
3
1
181
0
349
24
0
11
187
16
3
0
1
1
0
6
0
4
5
1
15
0
27
14
0
0
0
0
0
0
5
2
26
0
0
1
0
0
0
0
3
0
0
0
0
22
0
322
14
1
2
7
1
1
5
0
0
26
5
0
1
17
1
1
0
1
6
0
1
0
3
1
0
15
0
4
1
0
1
1
416
0
13
12
29
0
0
0
0
0
0
13
0
0
0
11
31
2
5
1
3
2
0
387
1
4
0
0
9
0
0
2
0
0
2
0
0
1659
0
1
1
0
1
15
28
0
1
0
0
58
2
0
0
1
0
22
0
116
0
7
1
33
0
2
36
1
2
0
83
0
0
29
0
0
36
0
14
0
1
1
0
0
36
8
1
1
0
0
0
0
0
0
4
2
0
2
0
0
20
1
1
223
0
0
0
12
0
28
0
0
0
0
10
0
0
3
1
1
19
0
0
44
0
0
6
0
13
0
3
0
0
21
0
0
2
0
2
18
0
3
0
0
1
4
0
0
1
0
0
3
3
1
1
0
1
0
4
0
17
0
123
0
0
1
3
0
46
3
0
5
0
42
12
4439
0
1
8
5
155
10
0
0
0
4
16
6
0
0
0
4
2
524
0
0
42
34
0
5
9
17
0
0
2
6
0
0
7
4
1
0
0
15
0
0
0
37
0
420
12
7
5
0
0
0
0
0
13
10
0
1035
0
1
11
63
74
0
0
0
1
1
12
8
1
0
0
2
1
5
0
0
0
0
0
17
7
11
3
0
0
0
0
0
6
0
0
19
0
0
5
92
0
7
1
320
6
0
0
6
0
10
0
0
1
0
0
0
32
3
0
0
1
2
0
104
3
7
0
0
0
224
5
6
0
0
2
0
1
0
3
6
0
0
32
5
0
17
0
0
26
0
0
0
0
0
29
13
0
3
0
0
0
0
0
11
0
0
5
7
0
15
22
0
17
0
5
3
5
2
0
0
0
0
1
84
8
0
0
13
0
17
0
2
0
0
0
8
0
0
0
0
0
0
5880
127
4
0
0
0
0
0
0
2
80
5
6
1
0
0
0
147
17
9
0
0
0
2
1
2
0
14
0
0
0
0
0
0
1
0
2
0
0
6
9
0
5
0
2
0
0
0
23
0
2
0
0
0
17
22
0
2
1
10
2
1
378
9
115
3
0
0
29
0
18
41
65
32
0
10
5
28
5
0
0
4
7
0
23
19
3
2
33
0
0
0
0
1
0
0
0
4
1
63
1
0
0
13
0
0
1
7
11
2
0
6
0
273
20
0
0
0
0
4
10
20
0
1
0
54
0
19
1485
0
3
2
6
1
0
17
0
0
27
0
2
1
0
1
0
28
0
7
0
7
0
3
0
0
2
9
3
2
10
1
0
1
0
78
0
0
0
2
104
1
0
0
0
5
25
5
5
98
0
14
36
0
0
0
0
5
0
31
8
0
0
1
0
0
0
2
0
23
11
0
408
0
35
8
0
0
9
17
0
9
0
0
1
0
3
654
44
17
0
10
1
0
0
1156
3
1
9
0
0
0
1
0
1
0
741
0
0
1
0
0
5
0
0
1
4
4
0
0
0
0
0
0
242
0
0
16
0
7
12
0
0
0
0
5
2
4
80
4
8
2
0
0
0
11
0
0
116
3
0
35
41
0
0
4
113
0
1
0
1
30
1
1
1
0
2
0
1
5
0
0
0
30
301
0
30
34
26
0
0
0
1652
54
0
1
0
0
6
0
0
4
1
8
0
0
160
0
1077
1
0
11
0
4
0
453
0
0
2
69
0
0
1
0
124
1
20
0
3
228
4
28
0
2
0
2
0
3
1
0
1
8
1
9
4
67
0
0
0
12
3
5
1
0
35
11
0
2
12
0
0
1
1105
0
20
25
0
298
0
1
0
0
10
1
1
2
8
0
11
0
2
10
2
111
0
0
1
9
278
2
4
8
2
0
0
0
0
0
2
0
25
1
0
1
1
36
0
5
0
586
0
1
0
0
1
6
5
0
162
28
1
1
0
0
22
1
0
0
0
331
0
11
0
0
6
1
0
7
0
0
6
1
0
0
1
138
1
0
1
5
3
0
2
5
8
6
1
0
2
0
2
0
0
1
0
0
14
7
0
0
11
0
1
9
29
0
1
0
146
0
616
0
2
61
0
0
0
1
0
1
1
4
0
0
23
6
2
1
6
12
0
0
0
0
0
9
40
17
0
0
2
1
1
17
123
6
1
0
0
0
1
10
0
1690
0
2
3
0
0
0
0
0
1
0
13
9
23
1
0
6
16
0
1
0
33
9
3
12
7
0
0
0
2
6
3
0
57
0
0
6
79
2
0
0
68
16
18
0
0
14
0
20
30
1
52
0
0
0
0
1
0
0
0
322
0
9
0
1
13
0
5
11
35
0
1
0
2
0
0
0
3
0
0
8
0
0
28
3
0
1
301
9
11
0
7
1
0
3
0
0
0
1
5
2
1
0
1
1
0
0
3
0
29
1
7
0
0
6
0
0
20
11
91
0
0
0
0
0
0
18
0
2
7
0
0
0
0
1
0
0
3
2
1
1
0
0
0
42
0
4
0
21
21
0
4
0
13
3
0
96
0
1
40
0
0
4677
0
0
4
51
0
6
0
0
0
0
1
0
0
0
3
12
14
11
1
3
1
8
0
3
3
0
0
0
909
3
0
0
0
0
17
0
11
0
10
1
1
47
0
0
3
15
14
0
67
9
0
3
1
4
0
27
1
4215
1
3
0
0
4
0
1
0
1
40
401
0
39
12
1
0
0
0
0
0
0
2
0
2
0
2
287
1
3
0
1
741
0
0
1
0
13
0
0
1
2
0
8
0
0
0
0
0
2
0
4
1
0
30
105
0
20
5
0
17
0
0
3
1
0
40
0
1
1
5
6319
0
8
0
0
14
30
0
0
0
4
0
0
12
0
0
2
3
0
0
2
0
0
6
0
0
0
0
1
18
0
0
0
2
3
0
2
19
3
95
88
2
0
0
26
41
0
0
0
0
3
20
0
3
2
6
0
0
0
1633
0
6
0
1
1
0
1
0
0
14
682
53
9
0
0
27
0
0
1
2
0
0
1
19
0
1
8
0
0
0
4
0
0
2
74
1023
41
2
2
9
3
0
2
1
30
0
0
0
0
0
7
10
1
2
134
2
2
2
19
0
0
2
0
0
0
17
0
21
4
1
0
32
69
0
17
0
218
0
3409
2
0
4
1
8
0
0
0
0
0
0
6
107
4
22
3
6
0
1
35
30
19
0
100
3
20
0
3
869
0
0
0
29
0
0
28
0
6
0
6
1
48
2
63
8
3
15
0
1
1
0
0
4
0
0
0
2
0
0
13
1
0
31
0
0
0
27
8
0
0
0
140
35
0
0
1
16
1
0
0
0
0
0
3
3
0
3
0
0
15
10
2
0
0
0
6
1
7
3
0
8
2
0
0
0
0
0
0
1
0
0
11
815
24
0
1
0
0
0
0
1
1817
4
0
0
0
0
5
5
0
0
0
0
2
17
1
36
0
250
0
0
1
1
1
0
1
38
0
0
1
19
40
0
2
0
9
98
0
1
37
54
2
3
0
0
0
4
1
2
0
0
9
9
58
0
2
39
12
0
1
2
0
3
0
0
1
22
0
98
43
1
3
0
0
0
3
0
0
80
0
2
44
0
0
7
0
11
1
0
3
3
5
0
2613
3
0
16
0
18
0
166
14
0
209
0
0
0
1
120
6
97
3
1
2
11
4
0
0
5
3
0
14
0
3
14
7
7
0
0
0
0
5
0
0
0
0
32
2
0
0
1
1
0
3
0
8
2
0
2368
2
0
27
1
1
45
0
57
0
0
0
21
6
73
0
1067
0
17
0
21
25
2
0
0
1
0
0
0
2
0
0
0
84
0
1
0
2
1
0
0
5
31
1
31
53
1
0
9
26
38
32
0
4518
0
0
0
10
5
0
0
30
21
226
0
0
7
2
3
0
0
22
39
7
1
0
0
0
3
0
0
2
0
0
0
0
30
0
1
0
0
1
14
172
0
62
0
0
75
527
14
2
0
0
0
0
0
0
0
0
24
81
1
2
13
0
0
0
1
0
34
0
0
2
0
0
2
59
88
1
0
0
1
31
104
11
0
223
3
0
3
3
6
22
0
74
6
6
1
0
0
0
0
2
4
8
1
1
0
79
2
0
823
0
36
0
0
1
11
0
0
1
11
101
0
2
0
0
0
1
191
0
4
0
0
5
1
0
3
90
0
1
0
0
0
28
0
0
0
3
41
0
5
5
4
5
1
0
33
0
1
21
2
3
0
0
0
0
0
4
1
25
0
0
10
4
15
0
76
176
50
1
26
0
15
0
2
17
10
7559
0
1
0
0
4
56
16
11
0
620
0
1
5
0
523
0
5
4
32
0
41
15
6
0
0
8
8
4
55
0
12
0
0
0
3
56
48
0
0
11
6
3
1
0
0
0
0
34
0
3
4
2
7
7
2
0
0
2
4
0
32
16
13
9
40
1
366
142
3
6
136
0
17
41
0
0
0
0
0
0
3
0
5
0
0
0
259
16
0
3
15
0
0
1
0
11
5
3
116
140
1
0
1
19
14
0
0
1
0
8
10
0
2
0
0
1
0
1
0
182
40
1239
5
1
295
0
23
10
9
0
3
15
3
5
151
15
0
0
0
126
1
0
12
0
0
2
1
0
12
1
2
12
0
0
0
0
1
0
0
0
26
1
0
10
19
0
1
4
15
0
2
0
20
0
1
0
3
1
0
0
13
1
1
0
2
0
2
0
15
0
16
0
0
1
0
2
65
6
0
11
0
0
4
2347
0
6
1
0
10
82
6
2
4
16
30
0
1
0
1
0
0
0
6
0
6
90
0
0
7
18
0
0
7
16
1
351
5
1
0
0
1
0
4
0
4
30
1
0
21
0
0
0
45
0
1
10
0
25
0
0
0
4
1
0
3
29
11
1
9
23
0
8
21
35
0
0
0
3
686
12
0
1
11
0
24
3
6
17
35
1
0
2
17
1
8
47
1453
75
15
0
1
1
5
1
0
0
0
35
0
1
0
0
0
0
0
2
49
0
11
14
9
0
29
0
6
1
40
1
0
0
2
7
0
2
24
4
12
1
0
467
2
4
0
0
12
0
1
0
0
1
0
0
5
0
0
37
1
1
33
5
3
0
6
13
23
2
4
3
289
148
0
7
1
0
0
8
0
0
31
0
5
8
8
0
15
8
0
0
4
80
16
3
29
0
32
0
16
301
4
0
0
4
0
26
5
0
25
26
1
44
1
7
0
2
57
0
3
0
1
8
7
13
0
1
1
3
5
0
1
31
0
0
0
69
0
0
0
0
1
2
1
0
0
0
24
8
43
42
5
18
1
0
0
0
0
78
0
0
17
46
6
1
8
0
1
87
1
0
3
6
2
0
0
0
0
0
0
0
0
254
0
10
0
3
1
27
12
0
7
0
0
1
0
4
9
0
3
3
4
0
1
82
0
0
5
35
1
35
6
7
0
10
1
0
1
7
11
0
17
0
2
0
1
0
33
37
120
1
16
5
1
5
10
3
0
1
0
0
1
3
0
226
1
1
0
0
0
0
18
0
2
6
3
14
0
0
4
0
3
6
0
3
7423
0
10
1
1
0
1
48
98
1
2
0
0
0
4
0
158
21
257
0
2
1
1
16
0
81
153
389
0
8
1
0
9
0
21
10
0
4
15
26
68
1
0
3
75
0
147
0
0
2
0
0
219
12
0
0
0
2
2
0
0
0
0
0
0
0
0
0
0
1
0
7
0
3
23
0
2
0
0
0
0
7
1
81
26
0
15
2
1
0
8
0
13
7
9
10
4
10
29
4
0
1
0
38
32
0
2274
6
160
6
0
0
1
0
0
3
0
1
2
0
2
0
0
3
59
0
0
6
20
0
0
0
0
1
9
77
1
1
25
0
15
0
0
70
0
0
4310
0
0
32
1577
0
0
38
0
0
5
0
0
0
5
0
0
1
2
6
0
1
0
1
225
21
183
2
4
1
2
0
0
0
0
6
0
0
0
2
1
290
0
0
7
0
33
0
0
0
0
1
17
0
0
1
0
2
0
24
419
16
0
0
0
0
44
1
0
5
2
0
1
0
0
7
44
805
3
1
0
133
1
25
1
0
1
0
0
2
0
5
0
155
1
2
0
0
23
0
39
26
2
2
0
0
0
2
0
12
0
0
0
0
4
11
0
7
4
0
0
1
0
0
5
0
2
4
0
1
0
11
0
0
1
0
0
12
0
0
0
3
561
0
3
4
1
0
5
0
18
0
0
0
0
4
0
27
0
129
0
5
1
4
0
1
0
2
0
1
0
0
0
0
0
0
0
9
9
0
6
20
0
0
11
0
2
5
0
0
130
1
0
1
0
30
1
0
0
0
1
4
2
5
0
0
1
0
11
17
0
0
7
98
129
1
1
0
2
0
1
0
1
0
0
11
28
0
55
0
4
0
1
0
13
0
0
0
0
0
22
0
597
4131
0
1
2
0
143
0
1
0
1
1
0
13
1
2
0
0
27
105
1
1
0
230
1
3
10
2
0
0
4
0
3
10
0
5
2
0
4
0
12
0
1
2
1
0
0
4
2
0
0
5
21
2
25
0
0
0
0
34
0
2
0
90
6
15
0
14
18
0
0
11
5
2
0
0
662
0
0
0
0
0
16
0
0
1
2
21
0
0
22
5
0
12
0
0
0
0
4
1
3
77
0
5
52
16
0
33
42
14
38
0
30
13
0
0
9
0
10
28929
11
53
253
0
13
0
12
102
0
0
0
5
37
2
6
1
10
0
0
1
1
4
45
6
0
2
53
1
473
0
0
0
3
117
0
1
0
10
0
0
0
1
1
0
0
0
5
3
1
14
24
0
2
0
3
37
0
0
1
0
1
5
0
0
0
14
6358
1
0
4
0
0
17
0
0
0
7
120
0
0
3
0
0
0
4
0
0
1
0
0
0
86
13
2
14
0
6
8
9
7
11
2
0
1
10292
4
252
1
0
0
4
1
5
1
0
0
0
0
15
9
0
3
8
0
0
0
1206
4
0
3
36
0
0
0
1
2
4
0
206
17
0
5
1
0
0
0
0
39
0
9
17
0
0
1
0
0
0
175
1
1
0
0
541
0
11
17
3
5
0
2
78
0
2
0
8
1
0
0
0
2
0
7
1
2
0
24
2
0
0
0
2
0
0
48
0
46
0
1
0
3
4
1
0
2
0
0
34
51
1
0
4
0
0
4
7
3
23
14
0
1
0
0
12
2
0
51
0
0
1
48
6
0
0
0
0
33
1
3
4
82
0
0
7
0
4
41
0
0
14
0
0
0
5982
2
0
0
0
21
0
0
0
0
0
0
85
21
4
237
0
1
0
7
1
0
0
1
1
1
13
6
287
0
7
13
0
36
0
0
0
0
0
1
0
3
0
0
0
0
0
0
0
0
4
1
12
11
0
5
1
0
16
1
3
5
14
0
0
149
11
3
0
0
4
0
5
0
35
0
0
0
0
0
2
37
0
1
1
1
0
5
1
10
0
0
1
0
0
0
3
0
25
0
0
2
1
0
0
62
0
0
2
465
0
10
5
0
10
2
13
0
2
2
14
0
0
12
0
9
1
0
26
1
0
1
820
5
0
0
0
0
13
22
0
0
1
0
0
0
0
0
0
7
3
0
62
204
4
0
1
0
0
0
1
0
0
1
0
35
2
15
0
1
9
0
6
32
0
0
10
40
0
11
28
0
1
1
281
89
0
0
0
0
1
8
2
1
0
18
15
0
0
0
1
0
2
1299
11
0
116
88
5
2
442
0
21
0
1
0
0
0
0
0
0
1
30
0
15
1
6
3
0
2
13
0
11
10
3
0
3
0
0
0
0
1
70
10
0
1
0
0
4
0
0
12
0
0
23
0
0
59
0
1
9
1
0
1
0
0
0
0
40
0
0
0
0
97
2
0
0
0
24
14
285
115
0
3232
0
5
0
16
36
23
9
3
0
10
0
6
0
68
0
0
0
0
0
0
6
1
0
3
9
37
1
1
4
0
0
2
0
0
19
6
2
866
0
0
0
41
0
13
0
0
0
114
1
1
1
2
0
4
9
0
1
0
622
4
37
0
0
0
1
1
12
114
0
1
0
93
0
6
6
0
0
1
0
0
0
20
31
0
0
15
141
1
29
2
3
2
5
0
0
10
0
0
1
12
0
9
1660
0
0
4
1
58
66
6
110
0
0
4
0
15
0
0
82
0
25
0
1
0
0
0
0
10
0
2
6
0
2
4
1
11
5
0
0
0
1129
0
1
13
1
1
0
78
0
0
0
0
11
0
1
0
5
0
3
0
3
0
0
1
0
0
0
0
0
0
254
3630
1
0
0
1
0
1
0
0
0
0
8
82
0
6
2
21
0
0
10
0
1
0
4
9
78
0
63
0
0
1
138
0
0
2629
0
0
1
4
2
1
0
0
0
7
18
123
0
0
0
0
252
0
103
17
0
0
2
0
12
0
0
0
0
2
0
148
1
121
70
200
0
0
0
0
0
670
2
2
4
5
5
0
0
0
51
0
0
1
0
59
0
0
6
53
5
10
0
0
0
83
111
10
0
1
1
0
0
1
0
5294
0
0
2
0
24
4
0
1
22
0
26
6
0
1
0
0
4
0
1
0
10
5
1
0
0
7
0
1
12
2014
461
0
11
7
0
3
27
0
0
98
5
14
1
0
16
90
0
347
18
10
8
0
0
1
34
55
0
5
0
0
6
1
0
2
1
5
0
4
0
1
2
19
0
0
8
1
0
0
19
6
0
3
5
0
17
0
1
0
7
0
3
1
7
9
0
1
8
2
48
17
2
60
1
2
5
3
3
2
0
3
0
6
0
1
32
604
21
5
8
1
1
11
0
9
0
141
0
3
55
1
0
0
8
0
0
4
2
0
1
2
176
0
2
0
1
428
0
44
1679
0
0
6
0
3
87
1
6
0
0
0
6
1
97
1
2
38
0
2
4
2
5
34
88
5
0
0
3
2
4
17
1
0
1
1
7
0
3
24
0
0
0
1
24
1
1
0
47
0
0
17
4
1
89
1
0
3
18
0
16
0
0
14
0
9
0
1
0
2
3
0
26
0
0
21
1
3
0
20
1
0
0
0
19
2
70
0
0
7
0
0
7
0
0
0
14
0
10
16
1
2
1
20
186
0
5
5
18
9
3
116
1
0
1
1
598
0
3
16
0
12
0
0
2
1
6
5
0
20
0
7
16
3
23
64
7
0
0
470
0
1
3
1
0
1
1
74
2
21
0
0
3
0
0
0
0
1
26
96
8
0
9
1
127
0
0
17
0
6
7
0
0
6
44
0
3
0
0
8
1
0
0
1
0
15
1015
0
30
0
8
0
770
77
23
0
1
0
16
1
0
22
0
4
6
0
12
0
162
1
2
0
11
2
97
1
0
1
3
0
1
8
2
6
3
1399
0
0
1
0
0
0
3364
0
0
0
14
0
0
13
0
0
42
0
80
3
98
0
8
0
0
0
0
2
0
4
1
1
6
0
0
0
1
0
1
6
0
8
0
0
0
0
0
0
6
0
5
26
0
28
15
0
0
1
12
7
3
1
1
2
10
3
9
0
10
26
0
1
0
4
3
4
0
8
1
0
17300
2
0
0
1
1
0
0
3
0
1
0
0
2
0
1
0
0
1
0
0
7
1
30
0
34
0
0
5
68
0
3
13
0
0
0
4
0
0
0
0
0
1
5
0
0
0
297
87
27
0
5
0
1815
4
1
4
4
0
1
1
0
45
3
0
35
0
0
12
0
3
0
0
30
2
5
0
0
0
7
2
11
13
66
0
1
0
1
0
0
0
0
1
1
1
423
1304
5
26
2
9
27
0
2
0
0
18
0
0
0
2
0
5
2
1
2
620
0
923
0
24
0
21
0
0
0
0
117
0
1
0
7
0
2
2
2
0
5
79
0
0
0
0
11
47
3
0
0
0
0
7
2
1
0
0
2
0
0
1
0
3
0
11
1
2
11
0
4
0
2478
3
0
13
0
0
2
4
3
2
0
0
0
4
2
15
2
0
40
1
22
21
23
0
0
0
392
0
0
46
0
0
0
3
12
0
65
0
0
6
1
3
4
1216
0
13
6
16
0
0
1598
11
0
1
34
0
4
0
23
3
26
12
67
0
192
0
0
0
210
5
0
19
0
0
2304
0
1
0
0
0
0
1
3
48
0
1
67
0
1
0
1
4
0
0
2
4
0
4
683
0
0
2
1
0
1
1
0
1
0
0
71
11
3
8
0
7
0
0
1544
22
59
113
54
132
0
0
1
0
212
35
0
24
18
0
2
0
1
0
0
1
507
1
0
1
8
0
0
0
0
1
54
16
0
0
0
1
2
70
9
0
12
13
0
2
0
0
0
163
4
185
244
0
17
3
0
4
0
0
1253
1
0
7
30
5
0
0
1
48
0
10
10
92
0
0
0
1
1
0
4
0
5
85
0
121
0
30
25
7
4319
0
0
0
20
0
10
0
0
0
0
12
2
0
0
0
0
0
0
1
2
3
0
0
3
4
7
0
0
5
0
0
7
18
10
0
1
1
1
11
144
0
0
22
2
0
482
1
0
0
0
942
0
640
0
30
17
10
4
337
14
13
3
0
12
1
1
0
0
21
0
5
21
2
1
0
6
28
0
1
1
0
1
0
0
0
0
1
0
17
3954
13
0
0
0
1190
0
1
0
2
10
0
1
0
0
10
13
9
10
0
0
0
0
5
1
1
0
0
397
0
0
17
0
0
1
1
0
0
0
0
45
2
0
10
0
3
0
0
6
18
4
0
0
0
3
597
4
0
4
2
2
60
0
320
0
856
1
6
1
1
799
0
22
0
0
7
8
1
0
0
0
2
10
0
0
504
13
32
4
43
1
40
0
0
0
0
0
3
2
2
0
10
0
597
4
0
0
0
16
16
0
0
1
53
0
24
1
8
30
4
0
0
2
0
3
2
67
792
0
8
16
0
1
2
0
1
2
1
0
0
3
6
1
0
0
2
11
276
14
211
0
21
0
0
3
0
1
20
1
0
14
0
0
0
2
0
9
2
5
4
1
0
12
31
0
1
0
0
5
0
36
3
0
2
5
0
0
137
31
0
0
35
1
6
4
1
1
3
1
0
0
0
2
0
1
87
0
1
0
28
10
27
0
21
27
1
0
2
0
0
1875
0
1
0
1
22
0
18
2
0
1
10
43
12
0
0
0
0
9
0
0
5
0
0
66
2
0
3
15
0
0
1
3
0
0
0
0
0
3
14
0
36
0
0
30
14
2
4
146
0
17
0
0
111
133
0
0
1
109
3
11
183
2
6
2
4
13
0
4
8
0
2
0
1
0
0
0
40
8
0
476
1
0
7
1
0
3
0
0
0
11
4
56
40
7
0
38
1
1
0
1
0
0
0
13
32
0
1
21
0
0
0
0
1
2
0
0
0
0
316
0
4
1
4
0
160
7
11
1
3
2
77
70
0
241
1
0
0
0
0
1625
4431
0
0
0
39
3
0
0
0
0
2
1
0
0
1
0
2
10
33
6
121
2
0
0
0
3
0
0
0
1
16
0
18
1
1
1
2720
0
2
0
16
0
5
0
0
0
0
0
0
12
1
0
60
10
0
13
0
2
1
0
0
1
0
0
0
0
6411
0
0
0
71
0
0
0
1
0
0
11
0
0
1
1
0
0
0
20
2
18
0
2
13
1
69
0
0
1
241
19
1
14
0
0
55
0
0
2
0
0
0
1
1
53
0
0
0
69
24
0
4
0
0
58
61
0
0
0
1768
1
0
0
0
0
0
1
0
2
0
0
60
1
0
0
4
0
1
0
0
0
0
2
0
5
1
15
0
1
9
0
4
17
1
0
7
0
0
1826
153
1
6
8
0
0
107
54
429
7
0
1
280
0
3
0
6
1
0
3
0
4
0
0
18
1
24
3
0
22
0
1
1
0
0
26
532
0
3
27
2
0
0
0
0
109
1
3
15
5
0
0
18
61
0
0
0
0
1
5
0
0
0
0
0
0
0
0
0
2
32
3
10
0
17
4
619
29
1970
4
24
0
31
0
1
0
0
3
0
8
2
0
3
0
0
6
0
1
393
15
0
27
8
0
1
1
5
2
0
80
0
0
3
0
10
0
567
28
0
0
0
0
0
4
0
10
5
0
0
69
3
53
1
0
36
11
1
1
309
22
3
0
0
0
0
2
0
2
7
20
1
0
1
2
0
0
1
4063
0
14
6
1
43
28
3
18
4
0
0
339
1
0
3
1
1337
0
0
0
0
0
38
9
0
1
4
0
1266
0
72
0
2
3
8
251
2
1
21
0
0
8
32
0
0
0
1
0
1
59
9
30
0
6
0
1
4544
6
11
1
10
0
0
0
0
5
0
3
15
1
0
1
0
0
0
5
3
5
0
6455
0
0
8
0
6
0
0
14
46
0
0
11
0
1
20
1
0
3
24
0
0
0
0
8
2
1
0
0
0
0
3
4
15
0
1
3
2
3
0
0
0
6
13
10
1
0
0
0
0
0
0
165
0
0
0
0
3
1
3
0
0
23
0
23
44
0
0
4
0
6
0
2
0
0
1
2
0
0
12
1
249
0
0
25
1
2
0
3
2
0
0
1
5
1
48
2
0
99
1
9
17
0
4
1
2
0
1
0
8
41
8
34
0
0
6
4
3
2
0
0
0
4
1
40
0
0
1
17
7
1
9
2
0
1
0
44
0
0
0
51
8
4
0
16
0
0
0
0
29
0
9
18
9
3
4
17
5
0
0
0
1
8
1
21
0
0
0
30
0
51
0
8
0
0
0
0
0
0
0
48
1
0
5
0
1
15
0
0
1449
0
0
1
0
1
0
5808
0
0
4
1
0
11
0
322
0
3
0
0
2
252
0
0
3
0
3
0
7
0
0
0
2
1
2
1
0
150
6
1
7
4
0
0
0
0
6
3
19
30
34
0
14
7
7
7
0
0
0
1
3
3
6
0
0
3
50
2
745
24
34
0
0
5
0
0
0
0
0
3
0
0
0
22
196
2
29
1
1
1
0
0
0
16
2
1
0
0
0
2181
0
0
0
0
2
4
0
62
0
3
271
1
1
7
0
0
0
5
2
490
1
20
0
0
0
1
0
1
1
0
0
40
0
1
28
22
0
0
6496
0
0
0
3
15
5
170
0
1
11
2
0
4
0
432
3
21
32
0
517
0
507
5
64
20
2
2
12
27
84
5
16
1015
2
0
0
2
19
21
10
95
1
0
18
0
71
0
394
0
0
1
27
9
1
36
2
2
16
15
0
0
11
0
1
3
105
0
0
0
3
45
3059
1
1
1
0
0
0
0
0
0
3
79
13
1
0
0
2
0
0
0
0
1
0
38
4
2
0
0
0
3
0
6
0
11
38
0
0
0
16
1
3
0
0
1
0
3
60
86
0
9
14
0
2
1
0
2
3
0
1
1
3
0
0
0
165
0
1
0
37
3
0
1
3
0
1062
17
0
0
0
0
10
5
46
0
2
8
244
5
0
0
0
1
26
0
0
12
2
0
0
1
0
6
2390
5
17
6
4
3
0
57
0
1
3
0
0
7
0
0
0
0
0
0
1
0
28
1
49
1
0
0
0
12
0
0
0
25
0
42
0
2
1
0
1
211
1
3
0
6
0
0
0
0
5
0
0
11
14
1
1
1
1
3
0
0
23
6
0
0
14
0
3
2
8
0
2
3
8
9
0
0
6
83
36
0
60
0
28
10
14
2
0
58
9
23
0
0
2
4
0
23
0
0
2
1
1
11
7
0
0
0
128
0
3
0
1
0
1
5
5
5
0
0
0
4
0
0
1
467
0
0
0
0
0
9
3
0
25
0
0
33
1
1
5
1
0
49
0
3
0
20
6
0
0
15
0
1
0
0
0
0
10
12
2
0
0
0
0
0
0
4
0
2
0
7
0
0
6
4
3
1
3
1
1
0
78
1
0
0
0
0
21
0
308
0
80
0
0
1
0
2
0
6
0
0
1
0
1
42
0
4
0
21
0
6
13
0
0
0
482
16
0
1
11
14
0
0
0
0
1
0
0
0
1
2
10
1
122
475
3635
20
7
0
11
9
0
16
0
0
1229
1163
14
0
0
27
0
0
1731
28
1
37
1
1
1
0
0
1
0
16
43
6
1
163
71
0
29
2
1
0
0
0
0
0
0
0
4
1
0
140
0
0
1
15
5
78
1
0
1
0
2
14
2
2
5
0
1
2
3
11
0
59
1
1
0
0
4
0
2
0
0
31
0
0
0
0
155
0
0
419
0
52
1
0
0
0
0
42
5
0
0
0
9
0
0
4
5
0
2
0
0
0
7
3
0
0
1
15
19
0
1
0
12
15
11
0
0
2
1
0
160
28
11
0
0
1
2
18
0
2
4
10
38
2
0
0
41
10
1
3
252
13
6
11
17
20
129
0
18
6
4
1
1
0
25
0
7
1
0
0
1
1
2
62
0
0
0
0
0
0
1
0
0
0
0
1
0
10
2
0
0
1
0
1
66
0
1
0
0
0
0
1
8
12
0
5
0
0
1
0
0
1
4
0
26
0
0
4
260
1
4
0
0
0
0
0
8
0
0
0
0
6
0
0
13
18
1
83
0
6
0
2
0
2
6
2
0
211
0
2
0
7
1
1
8
78
185
0
0
3
0
0
1
17
0
16
0
0
1
0
9
10
6
1
4
0
0
0
533
0
3
2
1
0
0
0
4
71
1
28
1
4
0
3
1
0
0
9
1
9
0
12
0
0
9
4
1
3
0
32
2
4
0
7
1
2
3
34
0
4
49
193
0
5
0
2
18
1
1
0
9
1
2
0
0
64
0
18
0
4
1
101
43
1
0
1
195
0
9
1
35
3
1
2
1
0
85
90
70
1
0
2
0
0
15
5
4
4
19
0
6
4
0
4
0
0
16
3
16
0
4
0
4
105
6
0
10
0
752
0
165
1
1041
2
1
0
0
1
17
0
3
0
79
0
1
0
0
393
0
0
3
1
0
8
2
0
0
0
0
53
10
0
0
0
1
0
2
2
1
0
83
0
2
0
0
0
1
505
0
0
123
0
1
0
0
0
32
0
18
0
13
0
27
0
11
7
1
1
0
4
2
1
0
13
1745
0
0
2
0
0
5
1
4
0
1
0
0
0
0
0
0
0
10
4
0
0
0
0
14
0
0
0
27
0
0
3
0
1518
1
0
15
3
1
9
0
2
0
5
349
1
8
0
2
2
0
3
0
0
42
0
0
13
0
0
27
2327
16
0
3
75
12
0
374
1
8
0
0
0
0
0
6
0
0
1
0
0
6
0
40
3
0
21
1
1
1
1
0
0
0
2
46
1
0
1
0
6
9
1
6
0
0
2
723
0
0
0
0
0
3
0
0
1
2
11
5
0
5
0
0
1
0
0
1
3
0
8
1
0
6
0
0
7
19
20
4256
0
1
0
0
7
37
0
12
1
0
0
0
5
12
23
5
6
0
22
15
1
0
0
0
0
22
29
0
16
4
1
1
0
3
0
0
74
0
1
14
3
19
32
0
1
22
1
0
0
214
3
1
0
0
3
0
1
0
11
14
1
1
10
0
13
0
3
2
1
50
0
0
33
0
3
1
0
4
0
0
0
2
1
54
27
0
0
4
1
11
9
1
8
0
0
0
3
1
12
0
0
5
0
3
6
0
0
0
0
0
16
287
3
0
0
0
40
12
11
862
35
2
0
0
0
417
0
17
0
0
5
193
1
1
0
5
1
0
0
6
0
0
0
4
0
0
18
0
0
5
4
1
0
3
0
0
0
28
0
0
455
0
1
1
4
1
1
24
3
0
0
1
0
0
0
256
0
0
0
1
0
0
0
0
1
39
1
0
1
82
1
4
14
1
0
0
1
4
87
0
1
5
1
0
11
6
0
13
1
224
0
0
9
54
419
9
0
6
0
0
6
0
2
0
7
0
0
0
1
0
181
6
0
26
15
13
0
0
0
0
336
1
0
1480
0
0
1
1
4
6
1
1
5
0
57
0
18
3243
0
141
6
5
0
0
33
0
0
0
0
0
63
12
2
0
0
0
0
25
0
0
4
3
4
8
0
0
0
0
0
0
0
0
0
0
3
1
1
0
3
0
0
1
2
276
0
0
0
1769
0
15
13
3
3
0
0
4
319
0
0
1
0
0
12
0
11
8
0
0
0
0
8
3
1
0
6
0
12
0
2
0
5
0
20
1
0
0
4
77
0
0
3
1
1
0
0
0
14
1
2
1
0
0
11
0
0
5
0
0
0
0
2300
0
23
3
0
0
1
15
3
60
0
6
10
4
0
1
0
91
40
56
18
1
2
0
0
11
0
4
0
0
1
2
15
13
1
0
15
0
0
4
0
6
0
11
0
2465
0
3
6
0
1
1
0
0
8
0
1
0
0
0
0
0
0
1
8
1
0
0
9
0
0
0
24
0
0
0
0
20
0
6
144
0
0
5
352
19
16
0
0
0
0
0
7
0
0
0
0
1
1
7
0
5
0
254
0
1
0
0
636
0
0
13
14
0
0
0
0
2
2
2
299
0
1
3
0
0
0
1
1
1
2
46
266
0
0
27
2
0
7
0
0
1
0
0
0
1
1
20
0
0
1
0
0
0
508
3
4
3
0
0
9
235
0
3
0
1
1
0
145
2
6
0
8
1
9
121
0
1
0
3
0
0
10
0
368
101
24
0
19
0
2
5
0
0
0
10
1
0
1
0
7
3
4
0
27
0
1
4415
0
0
3
0
21
17
0
12
2
1
27
1
0
0
3
0
26
1
0
2
50
0
14
0
14
31
0
0
0
39
0
76
1
0
0
13
1
0
0
2
5
0
188
0
0
34
0
1
5
0
0
0
1
4
303
0
2
1
0
1
0
5
0
0
0
2
3
2
0
0
29
4
0
0
0
2
0
3
17
0
0
0
1
0
0
0
391
0
0
0
0
0
0
0
1
6
1
1
2
93
248
0
0
1
0
0
5
0
0
1
2
14
0
1
9
9
44
303
0
0
0
0
3
0
2
0
0
0
10
0
143
1
3
11
3
0
23
155
0
5
9
65
12
1
0
0
0
0
11
0
6
0
0
0
0
3
2
7
13
0
0
0
0
23
24
0
2
7
0
0
4
3
5
0
0
0
0
52
0
0
8
5
0
0
0
2
1
0
5
0
281
107
2
0
4
0
5
0
44
1
2
0
2
1
0
11
0
0
1
0
0
1
5
3
0
0
0
6
3
48
5
1
0
2
0
0
0
0
1
0
19
1
0
17
0
1
0
28
0
57
0
0
337
10
0
43
0
3
1
0
11
0
0
2
3
0
33
0
0
0
0
1
10
71
1
0
0
0
0
0
2
0
5
1
16
1
0
0
0
0
385
194
1
12
5
0
29
1
0
6
17
1389
8
13
12
2
0
2
48
0
92
77
0
10
4
12
0
0
0
0
9
0
0
10
22
0
0
66
3
4
3
0
5
39
0
0
8
5
0
1
0
3
16
6
107
1
0
8
0
0
1
199
0
39
1
2
1
3
5
0
0
0
0
0
0
20
2
0
21
0
0
0
0
14
0
0
10
1
903
0
0
5
0
2
1
0
1
21
0
0
0
30
0
0
0
0
0
23
0
1
3
8431
0
0
4
1
0
5
0
22
5
1
0
10
0
2
0
28
0
61
0
0
1
6
0
0
0
11
1
1
0
538
1
11
25
1
0
69
64
0
0
2
0
0
0
0
1
11
0
6
23
12
1
0
0
0
7
0
0
1
1
2
24
1
16
0
1
0
34
150
0
0
6
36
0
35
0
0
0
0
3
511
2
0
7
3
1
1
4
198
30
1
0
0
0
71
0
16
0
1
0
0
5
2
0
8
1
14
0
1
2
207
206
0
24
8
0
14
0
1
33
1
0
2
0
0
1
8
587
0
3
6
0
9
1
9
1
0
103
4
0
1
0
39
171
1
1
0
2
70
1
0
0
14
0
0
0
0
1
0
0
100
2
6
0
0
1
0
0
573
0
1
12
0
0
0
8
0
0
1
1
0
0
24
0
1695
1
0
8
1
0
16
1
38
7
10
0
25
0
30
2
0
1
0
0
0
1
74
0
1
18
0
9
0
20
122
45
0
19
0
5
3
0
19
13
103
0
16
0
0
0
0
4
300
9
0
0
0
1
0
0
4
3
1
0
5
0
1420
0
0
19
0
30
0
0
0
7
0
0
17
0
43
0
8
0
0
0
0
6
2
16
5
24
1
0
1
2
0
7
0
403
1
2317
2
2
8
0
3
3
0
1
1
0
70
68
18
8
0
3
47
3
8
1
0
0
1
0
0
0
41
37
0
13
4
2
0
0
1
0
0
1
0
1
0
0
0
2765
11
2
1
0
0
3
10
3
0
0
0
1
0
0
0
5
25
0
5
2
7
0
0
0
74
16
579
1
0
0
3
0
2
1
0
0
0
4448
0
3
1
100
0
19
0
0
0
2879
2
9
0
1
2
0
0
2
81
1
0
0
10
0
0
6
4
0
0
0
0
0
11
0
0
2
28
96
14
5
0
1
40246
0
6
0
0
0
16
3
35
0
0
6
0
6
3
2
0
0
1
11
0
8
2
0
1
0
0
17
0
1
0
0
0
0
0
1
0
0
6
1
0
8
0
14
5
0
0
0
677
0
0
0
27
532
0
8
1
0
70
0
3
0
1
0
1
1
0
0
21
2
153
1
0
0
35
0
0
7
0
1
12
11
0
13
0
3
0
0
1
0
0
400
0
14
4
9
1
0
0
1
28
6
0
0
19
0
1
3
0
1765
0
0
0
27
0
5
53
0
0
8
13
11
0
0
0
0
0
0
0
0
0
2
3
0
0
0
0
4
0
15
563
1
0
0
0
0
1
5
7
1
0
0
0
16
11
1
9
31
0
11
0
20
4
726
2
16
0
0
2
1
0
2328
4
5
15
0
1
0
5
0
103
29
6
0
0
3
115
0
0
0
0
12
2
0
0
10
0
0
0
23
0
196
0
0
1
3
1
1
15
1326
14
0
0
3
0
59
0
0
2
4
3
1
1
22
1510
0
0
0
9
0
0
12
26
35
12
0
0
0
0
22
136
0
61
1
2
0
0
0
3
2
1
0
8
0
0
0
674
1
0
2
18
0
0
46
3
0
0
0
0
7
124
0
4
8
3
1
0
188
0
32
1
0
0
0
0
2
5
2
0
2
0
2
70
6
0
0
17
0
15
4
4
1
0
38
0
9
0
0
2
7
0
3
4
1
0
0
16
1
0
0
0
169
0
0
0
0
0
38
4
1
8
32
0
0
118
183
15
6
12
0
1
0
0
0
2
21
467
2
1
1
0
0
0
0
1
0
0
3
1
0
0
3
2
3
0
16
0
3
0
0
0
0
8
0
0
0
0
1
24
0
3
1311
0
0
221
0
5
0
0
0
0
0
8
0
0
0
0
35
0
31
346
0
0
0
0
1503
1
3
0
18
1
0
0
7
0
0
45
580
48
0
0
0
14
28
0
1
4
0
88
1
1
18
0
4
1
3362
1
0
0
0
1
0
2
1
0
0
4
1
13
0
0
3
14
1
5
2
1
0
0
4
0
39
0
1
180
0
46
1
15
4
29
32
0
0
1
1
0
0
54
0
0
0
6
38
105
12
0
806
0
1
2
0
0
4
0
10
86
0
1
13
0
0
8
2
0
50
0
459
16
11
0
0
0
0
4
2
0
12
23
0
14
0
0
10
5
0
0
1
11
0
0
0
0
0
54
0
0
0
22
1
1
76
0
0
24
0
0
0
0
0
0
4
2
0
1
36
0
1
0
0
7
0
303
24
0
21
0
0
444
1
6
0
8
3
597
11
0
0
4
2
0
0
10
0
5
0
0
0
0
21
0
0
21
333
6
0
7
102
0
0
0
194
1
0
0
0
0
1
1
0
0
2
0
11
12
1
7
17
30
0
0
8
291
0
41
25
1
0
0
0
1
86
4
1
0
0
2
0
116
1842
5
0
0
0
0
0
36
0
11
0
1
55
26
1
102
0
0
0
24
0
0
0
2
9
117
44
0
0
4
0
0
3
32
377
8
0
237
0
255
1490
26
0
1
3
0
69
0
5
0
2
1
3
0
53
8
271
0
11
1
0
0
1
18
7
0
19
0
60
9
1
1
2
0
0
0
3
0
0
0
1
9
47
1
0
15
12
9
0
0
0
11
0
0
0
1
0
2
1
0
0
0
1
0
1
3
0
0
0
13
0
0
9
0
81
0
4
0
1
71
6
0
6
1
1
1
0
7
0
2
2
0
1
3
3
0
2
0
68
36
0
15
21
299
11
0
4
0
3
16
0
0
3
1
1
13
0
6
0
0
1
24
0
86
0
1
28
0
0
22
0
0
28
1
0
45
0
0
0
1
1
21
0
0
0
0
7
41
0
1
132
3
1
0
10
7
8
1
0
0
1
0
4
19
5
20
0
0
11
0
0
0
5
12
0
0
30
0
1
0
0
1
1
0
0
2
1
0
24
0
69
19
1
0
0
5
3805
52
9
0
0
8
5028
0
7
0
3
7
0
6
15
0
2
4
0
0
8
2
289
2
0
1
0
2
1
0
1500
0
24
2
0
0
0
0
0
7
0
0
1
0
0
2
0
0
4
1
3436
1
2
0
24
26
49
0
340
0
16
13
0
0
1
2
2
2
0
1
6
5
11
5
0
13
14
1
9
3
21
1
0
0
33
0
0
1
0
1
15
0
5
4
0
26
987
277
23
0
8
8
0
0
0
0
0
0
11
0
57
1
1
0
0
0
28
0
11
3
24
2
0
1
10
0
0
0
21
48
5
7
1435
5309
0
0
0
10
2
0
39
0
7
0
0
0
0
5
0
21
1
0
0
0
0
0
0
0
0
3
58
0
6
11
0
0
3
4
12
1618
0
0
0
2
35
0
3
5
62
2
0
134
3
0
0
19
1
25
6
0
19
3109
127
0
0
11
9
2
0
60
1
37
0
12
2
221
2
0
0
0
1
0
1
1
6
7
0
525
19
0
0
434
101
0
3
0
0
0
0
2
3
91
7
47
3
11
0
2
8
4
4796
3
23
0
1
0
0
6
61
0
12
2
10
1
0
0
21
26
1
23
1
14
3
0
4
0
1
3
11
0
2
27
0
13
24
1
1
4
0
0
1
8
0
0
0
3
3
4
0
0
1
14
14
1
3
1
1
0
4
0
0
1
69
0
11
0
0
0
0
1
3
1
0
0
0
109
0
873
0
12
0
1
15803
0
17
0
7580
4
6
1
652
4
0
3
3
8
0
1
7
3
34
2
3
1
0
0
0
14
9
0
4
0
0
0
0
0
17
2
19
3
0
0
1
0
0
0
1
0
1
0
16
9
0
41
0
3
1
1
0
2
0
0
0
1
8
0
8
0
0
1
25
0
4
0
0
37
0
0
0
35
79
14
0
0
4
23
1
43
4
0
0
0
2
0
193
0
214
1
0
0
246
0
1
11
15
0
0
2967
1
20
16
1
0
0
1
4
0
0
0
3
2
4
334
5
0
0
4
0
2
0
0
1
0
0
30
0
9
0
3
2
13
2
0
36
9
2
0
1634
0
40
0
5
1
225
0
3
15
0
0
459
2
0
0
14
1
9
1
0
0
6
0
0
0
0
0
1
0
0
5
38
1
0
1
14
0
0
9
0
381
0
21
6
664
5
0
0
33
0
0
3
4
670
0
6
1
0
8
0
1
3
3
40
0
0
0
49
0
0
177
9
7
0
12
0
193
0
33
8
0
0
1
0
46
0
10
3
0
2
0
5
0
0
0
18
0
1
0
1
1
1
0
120
0
0
0
1
0
4
3
10
1
0
45
66
23
0
18
0
0
3
116
0
16
1
1
21
1
31
6
0
0
0
119
24
36
0
0
0
83
0
0
0
1
857
7
1
11
27
0
0
12
29
0
1
1
3609
28
1
0
23
0
1
0
0
2
0
4
0
0
3
0
0
0
1
20
17
13
0
0
71
0
0
1
4
153
1
17
0
1
0
0
0
1
0
0
12
0
0
5
0
0
0
1
0
2
0
2
4
7
1
0
1
0
1
0
199
3
0
0
0
0
0
0
0
270
1
1
0
0
7
1
1
3
11
0
0
4
0
0
0
0
0
4
2
69
0
0
1
11
2
0
0
0
0
0
437
0
0
0
7
0
0
0
31
0
13
82
0
0
3
0
0
0
4
6
12
0
0
0
1
0
5
102
0
0
10
0
0
1
14
430
2
1
0
0
4
30
1
0
0
525
0
76
0
1
15
0
0
0
274
12
1
1
378
0
0
0
0
0
0
2
3
0
0
17
2
81
0
365
0
3
0
8
0
0
0
3
0
0
0
0
1
6
8
0
70
127
34
0
0
4
0
0
0
0
10860
0
4
259
50
0
0
9
0
38
1
15
1
0
15
0
0
0
0
1
3053
0
144
0
1
0
0
3
34
87
0
0
3
0
19
3
2
497
26
127
167
0
244
0
6
4
0
34
6
2
0
2
2
3
4
40
2
0
0
107
0
0
1
0
28
0
0
220
1
12
0
0
2
0
24
1
0
1
40
22
1
22
2
2
9
3
0
47
3
193
0
25
0
0
18
0
0
0
94
73
0
0
0
0
0
0
0
39
0
2
132
0
0
19
0
4
0
0
1
1
0
10
3
3
0
0
0
0
0
32
0
0
3
0
1
33
1
1
1
0
0
5
0
0
10
0
10
0
1
1
12
65
0
0
2
0
0
0
0
2
0
0
0
0
465
395
0
11
2
242
1
0
0
0
0
1
4
48
5
0
0
0
0
1
3
0
0
0
0
1
0
0
0
11
0
2
137
2
0
1
5
24
0
2
347
0
0
0
0
41
3
5
3
9
0
0
11
7
2
0
0
6
1
5
0
0
0
0
0
0
0
11
70
0
0
20
0
42
20
11
5
7
12
17
6
6
2
0
0
1478
7
1
6
0
0
11
2
6
0
8
0
0
19
4
111
3
1
4
0
1
1
0
0
56
22
0
5
1
0
0
1
1
34
3
0
0
0
0
1
0
3
3
24
1
14
3
2
502
0
0
0
1
0
1
5
0
0
0
1
11
0
0
0
1
0
0
4
21
0
0
22
17
12
3
1
0
0
1
0
0
8
2
0
6
0
0
1
5
0
0
350
0
2
1
1
0
5
0
0
1
0
7
12
0
0
0
10
0
3
1
0
0
0
0
0
0
73
3
0
5
0
0
0
457
8
0
0
0
47
0
0
4
55
0
45
2
0
318
327
11
8
1
1
0
0
0
0
0
5
0
0
0
1
28
0
0
515
194
13
16
0
0
35
7
0
14
12
15
1
0
0
0
0
0
0
82
0
0
0
6
7
0
2
21
2742
1
73
0
4
17
1
10
0
16
17
0
1
2
0
86
14
2
0
0
800
0
132
0
0
1
26
0
0
3
0
2
0
0
0
7
0
0
1
0
3
1
0
361
31
0
4667
2
23
3
3
6
4
0
0
5
0
34
0
0
22
1
0
0
0
9
1
6
0
1
99
16
3
303
1
1
0
0
1
5
0
3429
1
0
409
0
125
0
0
11
5
1
541
10
0
0
51
158
3
0
54
4
34
3684
0
0
134
0
58
0
210
0
2
3
1
43
0
0
0
2
15
10
0
35
0
14
1
0
0
2
0
4
0
0
9
9
1
0
0
0
14
0
0
0
431
136
0
0
0
1
4
0
0
1
1
5
0
0
0
3
0
0
0
2
0
0
8
3
4
2
3
34
0
0
13
0
23
6
0
9
0
37
14
1
1
38
0
1
0
0
12
40
10
0
0
3
57
7
1
14
10
0
253
0
1
0
0
0
4
0
0
1
0
438
1
0
0
0
0
0
2
0
10
2
3
0
0
3
0
0
3
3
0
8
4
0
0
0
0
2
0
0
0
45
0
41
1
0
18
1
0
2
0
0
0
0
5
238
258
1376
0
0
7
8
126
11
1
34
0
0
2
44
0
19
3
49
1
25
0
0
0
0
1
8
0
1
1
12
0
0
3
235
0
15
0
12
0
924
0
2
0
0
0
24
0
0
78
3
3
0
7
1
0
1
0
0
0
1
0
0
1
0
0
1
1
0
9
4
29
222
18
2
0
0
1
2
3
0
6
1
0
2
0
0
5
0
0
2
0
0
1
40
10
22
2
0
0
1
71
0
0
0
25
0
0
8
0
5
30
0
0
0
0
0
0
1
5
0
0
0
5
0
0
2326
2
18
1
60
0
0
18
0
1
1
1
15
20
4
0
2
4
30
0
0
1
1
0
4
4
1
8
1
1
0
2
0
4
3
4
0
0
0
0
2
1
0
0
1
1
1
0
3
0
0
0
38
1
4
0
1
5
5
710
0
3
4
2
0
1
0
1
3
27
20
1
0
0
1
20
0
84
0
0
0
32
0
0
0
0
1
346
1
0
18
0
0
5
0
1
0
0
0
0
0
1
1
0
0
0
2
0
1
0
1
9
26
0
105
13492
2
0
0
0
0
0
1
4
6
15
6
10
9
3489
0
313
1
1
4
0
0
0
0
0
4
42
12
0
17
10
11
0
2
0
0
0
10
0
0
3
0
33
0
0
3
0
1
1
0
3
6
0
135
0
0
4
13
3
12
0
0
1
1
5
2
0
0
0
8
0
3669
7
0
0
0
2
0
0
0
25
1
1
0
85
10
0
11
3
1
0
3
0
2
14
11
10
1
1
0
12
0
121
76
51
0
6
2
36
1
1
1
0
0
0
1
12
1
1
0
0
1
1
0
1
0
52
0
7
1
0
42
75
2
0
0
0
13
9
5
0
3
0
0
0
179
1
0
9
0
0
16
18
0
0
0
234
0
8
13
4
3
4
39
0
0
0
81
22
17
8
9
0
0
1
0
0
4
0
2
2
305
0
3
0
56
2
0
0
2
48297
7
0
6
0
1
0
0
7
1
4
0
0
281
15
0
22
5
1
0
0
2
0
39
0
3
5
0
4
0
1
0
0
0
0
8
0
2
15
0
0
0
0
0
1
0
0
0
0
2
3
2
7
0
1
0
1
0
11
5
171
0
1
0
10
4961
59
1
1
10
0
21
3
3
9
8
0
0
0
33
1
8
0
0
0
0
0
7
0
7
0
3
0
0
0
11
0
6
4
0
0
2
0
0
0
14
22
0
17
11
9
3
67
0
4
1
0
0
8
2
1
0
39
1
0
2
1
1
9
6
8
0
0
16
2
0
11
3
438
0
6
0
1
12
0
0
6
248
0
0
1
16
0
0
1
1
3
2
0
0
0
0
0
1
0
0
0
3
0
6
0
0
0
0
2
0
0
0
4
0
29
0
3
4
0
0
3
0
0
15
0
3
2
0
74
3
8
1
0
0
293
10
0
0
0
3
4
2
7
0
0
166
54
0
3
2
81
0
18
0
0
1
12
17
1
0
0
0
0
0
16
5
0
1
1
6
0
7
0
0
12
4
0
1
1
13
0
3
1
5
0
69
0
333
0
0
18
0
649
19
0
9
1
0
0
0
0
0
4
2
15
0
1
0
0
2
0
1
0
0
0
0
23
0
4
0
0
0
1
2
795
15
0
8
19
8
0
64
0
5
612
6
569
0
0
6
0
0
0
1653
0
1
1
0
1
1
1284
54
4
3
0
1
11
2
1
1
5
2834
2
5
1
0
18
1
18
5
41
23
4
302
0
1
0
4
1
0
0
3
0
0
92
0
1
0
100
28
0
14
0
2
0
0
0
1
4
477
1
0
1
0
0
0
9
22
9
1
0
0
0
7
0
0
5
0
0
60
1
308
0
245
2
0
17
0
0
3
0
0
0
0
0
97
0
5
229
5
4
1
1
0
0
0
5
0
0
8
28
0
5
1
0
0
29
0
14
11
4
0
1
0
3
0
6241
0
0
0
348
2119
1
618
0
0
16
411
0
10
0
8
1
0
4
30
0
3
2
69
1
15
2
0
0
0
20
0
24
0
65
0
1
221
0
1
1
95
213
0
1
5
0
0
0
0
12
0
62
22
0
13
1
64
2
1
1
2
0
0
0
2
0
2
0
3
2
0
0
0
1685
0
0
0
1
10
42
0
0
0
17
0
2
0
0
12
1
12
1
1
0
18
0
1
24
7
2
0
8
0
0
28
0
1
8
1555
7
11
1
0
0
15
50
2
27
0
10
0
3
0
7
1
996
16
53
0
0
18
0
0
0
1
0
1
1
1
1
0
0
0
256
1
561
3
50
1
1
0
0
11
0
2
0
0
1
6
0
44
2
3
0
6
0
8
0
1
111
5
0
2
18
5
0
0
4
16
0
3
2
0
0
39
1
338
83312
3
0
4
189
21
242
318
4
0
25
1
1
0
17
0
2
2
1
0
0
0
0
0
5
0
2
0
0
0
0
0
11
0
0
0
0
9
6
1790
4
16
1
0
0
0
0
0
1
41
1
12
0
0
0
0
0
2
1
0
0
1
2
15
17
0
3
0
1
7
0
6
1246
1
11
0
8
1
3
8
5434
0
0
92
1
3
0
3
0
0
0
0
3
0
1
6
1
0
9
2
1
4
0
11
2
0
0
3
0
0
2
0
2
1
0
0
7
1
0
0
0
0
19
111
0
5
0
1
4
0
4
0
1
1
2
5
4
0
0
1
2
3
60
3
28
0
0
2
0
0
15
0
1
0
12
0
0
33
10
0
0
5
2
0
0
0
8
0
2
0
10
1
0
9
7
10
0
3
0
0
23
0
0
0
0
2
4
3
5
0
14
0
0
14
1
54
25
6
1
0
2
0
0
5
0
0
1
0
0
2
16
8
0
1
12
1
1
0
1
1
0
4
0
27
0
0
0
2658
0
11
3
1501
29
110
0
40
0
63
13
28
1
0
0
2
0
30
383
1
1
5
0
43
0
0
13
0
0
0
29
0
0
0
0
0
1
8
7
0
0
1
0
0
131
6
0
0
0
19
0
3
123
89
0
3
3
1
0
29
0
0
7835
1
8
0
0
121
0
14
1
1
0
0
3
0
1
17
3
9
75
0
1363
1
3
13
0
0
0
44
2
0
1
0
0
0
0
1
177
0
5
4
0
27
0
21
8
0
5
0
3
0
11
24
30
5
0
1
0
1
3
0
0
0
0
0
0
0
0
0
2
39
0
0
16
1
58
0
0
0
12
34
7
0
5
1788
26
2
0
0
25
0
0
12
1
1
1
0
0
1
0
0
11
0
0
1
1
8
0
1
0
3
0
5
1
0
2
1
0
7
2
3
235
0
2
0
4
31
0
0
5
0
6
0
0
6
0
0
0
0
23
6
0
16
0
0
21
2
0
7
216
3
13
0
0
12
0
0
0
198
2
1
1
429
0
101
0
162
0
3
0
15
3
0
5
0
0
25
20
0
0
0
0
0
111
1
2
16
0
1
1
1
7
27
0
610
0
0
6
0
12
0
0
2
2
0
0
0
3
0
2
1
0
0
5
1
12
3
0
0
31
7
1
0
2
13
0
86
0
0
110
0
0
0
0
0
4
1
0
109
0
0
0
0
0
2
998
41
38
1
21
1
12
0
0
0
0
0
0
1
2
0
47
3
0
0
0
0
0
2
0
0
28
201
10
1
9
0
0
0
0
1
24
0
0
1
0
0
26
2
0
0
0
5
0
3
0
0
1
0
1
0
1
4
0
1173
0
15
1
1
0
0
136
0
1
0
34
0
41
0
1
1
3
2
0
0
0
0
0
0
1
0
0
57
0
57
1088
1
0
2
0
12
0
29
1
0
0
36
0
3
1703
2
3
3
0
3
0
1
0
0
1
11
16
0
0
3
0
0
0
0
947
0
22
10
2
0
3
0
68
0
1
1
8
2
0
0
0
0
1
0
0
1
0
35
0
57
0
2
0
0
0
0
15
1
2
0
184
1
0
0
0
0
1
1
1
1
6
5
0
0
26
0
0
182
0
0
1
0
0
0
0
30
2
0
3
0
4034
5
31
0
10
23
7
4
0
1
0
1
142
0
8
1
0
0
0
25
0
0
2
0
1
16
0
0
2
137
0
0
0
1
12
6
2
2
645
0
0
0
3
3
33
32
1
13
0
0
1
0
0
0
0
6
4
3
1
0
0
0
26
269
0
5
2
2
7
340
0
0
1
0
0
0
6
0
26
0
0
7
2
0
0
1
0
0
0
0
1
0
2
0
0
0
0
28
0
0
4
0
0
2
23
16
1735
0
11
144
1
1
165
29
1
2
32
0
1
0
3
0
785
4
255
1
17
0
1
0
19
28
4
0
2
0
0
1
0
16
56
22
33
4
17
0
1
21
11
0
0
1
0
0
0
0
0
0
0
0
0
7
4
1
0
4
0
0
1
6
5
0
0
11
21
0
0
0
0
0
0
0
1
0
40
6
3
2
5
0
688
3
1
3
1
0
4
0
0
0
64
3
0
15
1
0
0
2
0
0
0
0
0
2
0
0
152
0
2
8
0
226
0
0
1
1
0
11
32
0
1
46
1989
16
1
0
31
14
0
43
0
0
0
0
0
8
805
0
2
0
2
0
1
15
27
0
0
0
0
0
0
1
17
1
21
76
7
1
11
0
0
0
2
1
0
208
0
3
3
0
467
13
0
1
0
0
5
11
9
1
0
0
0
0
0
0
0
0
19
44
1
0
26
8
6
3
0
14
0
12
45
7
0
81
23
0
0
13
20
10
0
11
1
5
1
2
1
6
4
430
2
0
22
0
0
0
54
0
0
0
38
1
87
0
3
0
4
2
5
2
0
4
1
2
0
0
0
0
4
19
0
1880
2
123
0
1
1
0
0
1
4
7
1
2
13
1
1
0
104
0
0
0
0
85
0
0
0
0
0
12
0
8
11
1
341
0
0
0
3
57
17
0
8
0
0
0
0
0
0
225
0
0
0
3
0
0
5
0
1
18
9
0
0
6
0
0
0
2
131
0
0
2233
0
10
0
5
0
0
1
125
0
17
0
6
0
8
20
0
0
0
1
1
0
10
7
0
0
1
0
16
12
0
0
91
8
463
15
0
67
0
3
0
1
1
1
0
6
0
4
3
816
6
0
0
3
3
42
0
1
1
1
5
0
0
1
0
0
10
1
1
0
25
7
1
0
3
0
624
24
2
2
0
0
60
30
0
6
74
0
0
0
0
4375
6
0
24
0
0
0
16
19
0
32
0
4
0
0
6
0
0
2
0
11
1
3
0
0
56
0
0
44
127
1
3
0
0
0
21
0
6
314
5
3
19
0
0
10
2
0
0
1
2987
0
0
20
21
10
0
0
1
0
0
0
2
0
2
2
2
0
11
7
1
16
1
1
0
0
0
0
0
1
22
0
87
0
1
1
0
0
0
1
12
0
0
1
0
0
0
0
1
0
7
0
0
1
0
0
0
1
9
3
3
1
0
1
0
0
0
0
3
0
15
0
2
0
65
0
0
0
0
0
1
1
15
5
0
0
0
0
3
12
6
0
0
1
0
455
0
0
0
0
1
0
63
13
40
1
1
13
0
3
272
11
1
4
1
32
0
1
0
1
0
19
0
13
12
0
0
0
0
0
65
2
0
0
20
10
0
0
0
0
0
0
0
0
13
5
9
0
0
1
16
1
0
0
2
3
6
3
0
0
0
9
160
4330
301
0
0
14
0
0
10
13
0
0
4
0
37
0
1
0
1
5
1
1
1
1
96
0
1
2968
6
0
0
0
108
2
0
0
0
0
0
0
15
0
0
3
146
17
0
0
41
1
0
0
0
7
186
0
0
2
2
0
2
0
16
0
0
0
133
0
0
0
3
5
0
0
0
0
0
10
0
2
136
1
588
5
0
0
2
752
6
4
0
0
25
36
1
0
1
1
3
0
5
0
0
0
5
1
12
0
2
0
45
0
0
6
0
1
18
819
1
8
0
8
0
0
7
0
1
65
0
1
1
1
3
0
0
0
0
0
0
0
908
1
0
66
13
7256
1
0
0
0
0
0
2
0
0
0
0
0
1
11
25
1
0
30
0
100
0
8
7
0
1
0
0
11
0
0
1337
1
15
28
0
1
308
0
3
0
1
1
0
15
0
0
1
0
0
5
0
0
0
0
2
3
0
39
48
13
9
3
4
57
2
3
0
4
2
1
172
5
3
7
34
0
0
14653
2
1
1
0
0
0
42
0
1
0
3
0
0
2
2
1
1
1
0
1
0
1
205
464
55
14
10
0
0
3
0
2
0
13
0
7
0
2
0
1
23
0
14
0
0
0
3
1
1
2
0
1
2
0
1
0
7
0
0
1
0
0
5
15
7
0
0
2
0
1
2
392
15
61
2
0
1
1
216
0
3
0
0
1
0
291
21
0
13
27
9
0
4
1
6
6
0
0
1
2
0
3
0
24
0
4
0
0
0
0
4
0
0
6
0
54
740
0
1
2
0
0
0
0
76
0
5
0
7
170
0
1
5
0
0
0
84
0
4
2
87
1
0
6
0
0
2
0
68
0
10
0
23
1
0
10
67
2
0
251
24
0
0
599
27
0
0
0
36
15
0
8
0
0
0
0
0
1
0
0
26
4
0
4
3
1
1
2
0
7
0
0
265
0
9
0
0
1
10
21
4
3
1
0
0
1009
5
134
1
2
0
0
0
0
0
0
36
20
0
114
0
2
9
0
3
259
38
16
0
2
3
5774
3
1
0
0
0
13
0
6
0
0
2119
9
0
0
4
44
170
6
0
0
0
0
6
2
10
2
0
0
19
13
3
0
1
1
0
0
0
0
0
0
140
0
0
495
0
1
0
0
7
0
0
0
0
116
3
0
0
0
1
18
0
84
0
4
0
1
0
3
0
0
0
35
9
12
0
1
0
303
0
0
110
2
0
15
21
0
7
18
0
0
51
12
0
713
0
1
0
0
0
0
0
0
4
0
1
0
0
3
0
1
0
2
0
8
0
12
0
12
1
7
0
25
0
1
1
65
3
6
0
0
1387
2
0
0
0
0
1
12
1
5
0
1
0
6
2
3
1
928
44
0
1
0
0
2
0
5
0
19
0
4
1
40
6
0
3
10
0
7
164
0
5
1
0
1
0
0
0
1
0
0
0
2
33
30
1
1
0
0
596
1
1
5
3
70
0
0
0
1
0
0
79
1
128
15
0
20
0
6
0
1
4
8
0
0
1
0
0
0
0
0
2
0
0
1
9
28
65
0
18
0
2
0
4
34
60
5
0
5
11
1
0
3
1
0
2
4575
0
0
1
0
0
0
0
0
32
0
3
1
0
0
0
0
0
0
0
1
1
0
20
3
0
121
0
2
0
0
0
4
5
12
3
0
0
7
0
0
1776
12
2
1
0
3
0
0
0
0
12
0
486
58
5
2
1
0
1
44
1
30
0
36
6
0
0
1
11
0
0
0
19
2
1
2
0
2
1
54
0
35
0
20
0
0
16
1
1
1
0
58
16
2
0
45
0
1
4
0
0
3
3
18147
0
0
185
0
0
1
2
1
23
0
4
0
1
1
1
0
4
21
0
0
0
0
0
0
1
0
0
6
3
66
0
1
75
8
5
0
5
0
7
0
1
1
24
0
0
3
2
5
0
1
0
3
4
1
2
0
25
5
3
0
4
1
0
0
0
1
1
1
5619
1362
0
4
0
1
7
2
0
0
7
0
0
0
13
3
3
1
1
205
0
60
2
0
0
8
177
10
0
6
19
2
0
0
0
0
1
36
0
13
13
0
1
0
0
0
22
0
0
4
1
2614
7
13
1
0
0
1
0
1583
0
2257
5
0
0
0
0
0
1
0
0
1
41
1
1
0
9
2
5
0
3
8
13
13
3
101
23
0
7
0
3
1
0
18
0
3
100
0
0
0
0
0
2
1
4
0
13
0
6
6
0
0
0
20
1
0
0
87
0
1
3
80
0
3
18
0
53
11
20
0
0
17
0
8
579
0
13
0
1
0
0
1
0
1
31
12
0
1
1
0
2
124
0
0
0
26
33
0
0
61
1
5
0
1
1
0
0
56
65
0
0
1
0
64
0
0
8
5
0
1
0
9
51
1
2
62
13
0
0
0
0
0
2
0
1
0
4
0
0
0
0
0
3
13
2
0
1
294
0
0
0
18
0
13
34
0
0
14
3
0
1
0
0
0
0
0
13
9
6
10362
0
0
0
4
0
5
1
0
0
0
1
18
0
0
740
0
34
1
0
0
9
2
1
12
16
0
0
13
8
96
0
10
44
0
1
0
0
1
2
0
0
0
0
1
1
1
0
0
86
0
0
3
0
0
20
0
0
0
0
0
0
0
0
0
2
0
2
3
10
4
0
0
0
0
0
2
0
20
1
6
0
0
8
1
0
3
0
0
0
0
108
0
1
2
0
1
1
0
4
0
0
0
26
0
0
3
1
0
3
2
0
60
1
0
46
0
1
0
35
100
0
0
0
1
0
0
6
4
5
2
14
21
2
29
0
0
1
0
0
0
254
7
0
0
191
16
0
0
4
8
0
0
0
0
0
31
1
3
11
0
19
15
0
81
2
0
13
9
0
0
0
0
59
0
0
83
1
2
0
1
43
45
7
0
0
87
0
0
12
3
0
10
0
1
0
13
0
0
0
3
1
0
20
0
5
0
0
12
1
0
0
30
2
12
44
4
3
5
2
0
1
0
6
0
468
6
1
20
0
1
0
0
0
0
0
37
15
1
5
3
21
5
0
0
0
0
122
1
1
12
0
1
0
2
0
0
2
0
0
0
0
0
0
0
6
1
2
9
0
0
0
2
95
40
1
19
1
824
104
21
0
1
2
0
0
26
0
3
1
0
0
0
9
71
45
427
0
0
31
1
8
7
166
2
16
7
82
0
33
4
5
0
1
0
2
2
0
0
1
0
0
0
0
0
0
1
4
1
0
0
10
2
5
0
6
264
3
0
0
0
7
11
51
129
0
3
1
246
0
7
10
0
3
1
2
0
0
2
8667
4
0
1
139
34
0
0
2564
12
0
11
1
1
4
36
2
8
165
10
2
1
1
1
0
1
0
1229
0
1
1
157
2
0
0
2
29
0
0
1
0
22
327
3
0
3
0
0
2
0
0
0
0
266
0
0
0
2
89
10
0
3
0
1
1
15
0
0
0
78
0
0
0
22
0
1
0
1
11
0
36
0
1
0
1
3
4
49
3
7
728
0
0
0
23
4
1
2
1
0
879
5
27
1
11
0
0
0
1
0
3
211
3
163
0
0
29
0
1
3
1
0
0
13
1
1
14
248
50
148
0
0
0
0
3
0
0
5
4
1058
1
0
0
4
0
23
1
9
1
0
1
0
14
0
0
0
8
9
3
0
4
0
0
19
3
4
5
1
0
0
2
0
1
249
7
1
14
6
138
27
77
1
0
0
6
25
27
0
0
0
1
5
31
0
150
26
1
0
38
1
0
23
0
188
0
2
0
0
1
11
13
2
34
0
15672
1
0
1
7
0
0
1
11
0
10
0
0
11
0
0
0
0
0
2
0
20
0
10
26
1
0
4
17
5
0
0
0
4
0
8
557
156
0
0
45
0
0
8
0
19
0
0
0
1
0
0
1513
0
0
1
0
247
0
0
3
0
0
36
8
3
0
5
0
20
0
0
0
4
1
1
1
3
0
0
0
2
0
0
21
15
2
14
0
0
2
0
26
1
130
4
117
0
0
53
1
0
5
0
1
18
0
1
0
0
9
473
1
3
8
2
0
0
35
0
0
2
4
2
0
1
0
0
0
0
1
0
0
1
21
22
2
0
22
48
1
11
22
0
3
11
10
0
0
0
0
11
1
2310
0
1
0
1
0
42
1
0
2
0
0
0
2
0
8
0
0
0
0
16
4
30
1
0
0
1
9
1
6
40
0
0
5
43
41
0
13
21
0
0
2
0
0
9
0
2
14
10
8
0
102
0
1
2
15
0
1
0
0
12
3
0
0
0
0
0
0
3
11
0
0
0
21
0
0
1
0
15
3
2
3
4326
18
57
0
7
0
74
0
0
0
7
0
0
6
0
0
3
381
91
2
0
0
0
3
0
1
3
0
26
1696
4
0
2
1
7
1
7
0
1
0
0
4
5
0
0
4
150
0
0
5
0
0
1
0
1
20
0
7
0
1
0
0
4
2
15
0
1
0
4
0
0
12
1
38
5
23
1
0
4
0
57
8
1
0
0
1
0
2
10
9
4
10
5
0
1
9
1328
6
3
156
0
1
2
18
0
0
19
28
0
19
1
0
2
0
1
11
0
0
4
42
0
0
1
0
28
6
2
0
0
0
2813
0
0
6
0
2
2
0
0
0
0
0
0
5
266
16
0
0
0
0
0
15
5
2
1
0
0
3
1
31
0
13
2
37
3
0
1
4
10
3
14
1
0
19
0
13
2
3
8
15
0
0
1
0
2
0
22
1
0
1
1
1
8
0
0
0
9
0
22
12
1
0
8
0
3
2
19
0
29
0
12
1
2
0
0
0
3
12
0
0
0
0
0
8
0
5
0
0
3
0
6
0
2
4
0
3
983
0
3
243
0
4
0
13
0
5
0
0
0
0
0
2
145
26
43
0
0
0
0
0
2
2
0
30
81
0
0
0
1
0
1
0
4414
0
1
0
1
0
0
0
3
0
0
1
1815
1
0
0
1
5
1
1
0
2
47
0
0
0
1
0
14
0
17
0
1
0
2
1
4
10
4
0
0
0
2
0
0
15
1
10
303
3
1
50
3
0
0
0
0
11
4
186
5
0
4
0
1
0
10
0
84
0
0
0
18
0
1
0
0
1
2
1
0
17
0
0
0
1
0
6
204
0
9
0
8
1
19
1
35
48
0
1
3
0
4
0
2
0
0
0
0
4
0
0
0
1
127
1
1
28
0
3
192
8
0
1
1
0
0
0
0
2
10
77
0
1
0
0
696
13
1
0
11
2
2
0
9
0
0
9
0
20
930
2
0
44
56
0
4
3
0
0
1
69
38
1
0
5
2
15
0
0
34
0
18
7
7
47
3
7
0
0
2
0
0
24
62
1
1
13
1
20
0
0
29
3
0
4
10
0
3
2
1
4
0
17
9
4
0
93
20
40
0
7
3
104
4
1
0
1
0
13
0
1
47
1
1
4
8
0
0
0
0
14
0
0
35
0
0
0
43
3
0
5
0
0
0
153
0
5
2
1
11
12
451
0
0
0
18
24
6
114
0
9
0
1
1
0
15
181
0
0
0
34
0
2
34
0
19
0
0
26
0
0
0
0
0
8
81
0
17
7
0
15
0
0
0
2
0
73
5
2
0
0
0
0
0
1
4
18
0
1
0
2
6
1
1
1
2
7
0
0
0
3
2
0
11
0
0
1859
1
64
1
17
6
17
4
20
18
28
0
1
0
5
0
1
0
294
1
11
3
27
10
4
4
1
0
11
2
1
10
1
1
2
0
23
336
1
10
0
68
17
16
0
0
0
1
161
8
1
1
0
2
0
1
0
44
12
0
0
0
1
0
6
1
8
4
11
2
0
0
0
0
0
228
2
1
10
2
1
0
24
10
2
3
1
0
0
0
10
0
0
0
16
0
0
18
0
2
0
2
25
0
0
0
0
0
10
0
0
0
0
7
77
14
0
0
0
0
2
0
0
1
15
1
1
0
0
0
2
0
0
21
0
0
36
1
2
5
37
528
46
0
97
0
1
2
153
9
10
0
1
4
5
0
16
459
0
12
0
0
4
0
3
0
0
0
2
1
17
3
0
15
6
0
1
0
1
4
0
3
0
0
0
0
198
0
2
0
0
0
6
0
2
0
0
11
0
4
0
59
6
14
0
5
1
0
16
1175
0
2
21
1
9
0
0
1
0
12
3
0
1
37
0
2
0
323
46
11
0
1
6
6
23
1
2
354
12
5
2
0
0
0
0
9
1
0
3
491
0
11
1
0
59
6
0
0
42
0
56
5
1
403
0
61
1
0
1
0
0
0
8
11
0
1
6
6
0
6
0
8
0
31
2
11
0
6
1
0
0
3
10
0
0
0
23
1
0
1
1
105
0
28
0
1
35
715
3
29
0
0
1
0
11
35
0
0
0
1
31
0
0
0
0
1
0
0
1
5
4
22
0
0
0
0
0
0
32
682
1
1
58
1
0
5
20
6
0
0
4
0
3
0
1
19
5
0
94
0
0
9
61
11
91
4
0
31
0
0
1
0
1
0
37
0
0
0
2
0
1
0
2
0
4
293
0
0
0
0
1
0
17
1
70
0
10
346
36
1
0
0
5
0
18
38
0
0
4
0
483
0
0
3
1
0
43
0
0
5
0
0
1
7
16
0
0
5
0
5
0
0
6
0
4
0
0
131
109
0
0
1
1
8
0
5
0
0
0
0
0
0
0
2
0
719
2
3
0
3
3
0
0
596
3
22
9
39
0
0
0
0
17
2
0
4
0
10
1
2
14
1
247
57
0
4
6
0
0
0
0
31
0
126
2
0
0
11
48
0
70
0
0
0
0
0
0
0
2
0
3880
4
1
1
0
0
6
4
0
0
56
2
2
0
0
0
9
50
7
15
28
0
0
0
1
563
0
0
28
7
0
0
1
0
8
5
1707
0
1
16
11
370
38
0
0
0
15
0
0
2
21
1
15
1
6
46
1
1
6
0
6
0
52
5
0
428
57
0
9
1
0
0
2
3
13
7
76
2
18
0
133
15
5
0
0
1
46
3
2
0
1
0
9
13
0
0
36
0
25
1
9
0
2
0
6
0
0
0
3
0
0
0
38
1
22
64
0
40
0
0
0
0
0
0
0
1
38
0
0
0
0
0
0
0
0
1
0
0
6
0
0
30
21
0
2
4
4
0
0
0
1
33
0
1
1
6
17
14
10
68
0
0
0
6
0
8
9
0
1
19
0
383
2
0
1
1
0
4
1
1
0
11
0
1
0
1
0
3
0
0
8
221
7
17
0
0
0
1
1
2
0
0
0
1
49
0
0
17
58
1
9
2
0
0
3
5
14
0
0
0
0
0
5
0
1
32
0
0
184
8
0
92
6
0
0
0
1
32
22
2
0
5
0
0
6
0
0
0
0
1
0
0
0
0
0
0
0
0
0
0
520
0
0
0
0
0
0
1
0
6
148
0
10
3271
1
292
19
0
13
3
0
0
3
0
0
1
5
0
64
0
0
2
6
2
1
0
3
0
0
0
10
8
0
0
0
0
0
27
44
0
0
0
0
2
1
0
9
0
0
17
87
4
0
0
0
52
22
1
19
33
1
0
0
0
16
0
1
2
1
42
22
0
0
0
2
1
0
11
0
73
1
0
85
14
0
0
0
1
3
0
0
19
0
244
0
0
0
0
0
14
0
0
0
42
3
13
0
2
6
1
0
0
8
0
7
11
4973
1
0
0
0
1
16
0
4
22
0
1
1
0
0
0
278
0
1
8
0
0
1
2
1
3
0
67
96
0
0
0
5
0
116
328
1
2
0
0
0
10
0
1
1
0
1
7
19
0
2
29
1
0
0
6
1
1
18
2
0
42
4
0
0
0
1
0
0
47
1
27
0
0
0
1
0
186
4
216
0
652
98
0
0
0
1
1
0
286
0
2
0
1
53
15
4
0
8
0
0
0
68
0
2
4
0
13
28
0
2
2
0
0
9
0
0
0
10
0
38
1
16
0
1
1
6
6
0
0
0
2
164
0
0
14
0
34
3822
0
0
10
1
4
0
11
60
20
1
2
0
0
3
0
4
0
0
1
103
3
0
15
0
4
0
0
1
0
0
421
0
5
932
217
0
0
1
0
0
2
2
0
0
1
0
1432
2
0
1
3
0
0
3
4
17
12
0
7
0
0
0
1
0
42
0
35
1
0
0
3
0
0
2
56
95
1
0
0
104
1
0
2
0
17
0
0
3
0
115
0
5
18
0
1
6
224
4
0
0
15
0
2
0
0
0
0
1
0
0
0
4
0
1
16
0
2
2
0
3
5
5
87
4
0
0
0
0
305
0
1
0
0
0
1
0
4
48
0
2
0
19
1
4
0
0
53
12
0
701
0
0
7
1
3
11
0
0
0
0
122
1
2
103
2
0
0
0
0
0
1
0
4
3
0
3
0
2
0
58
0
0
0
0
3
8
6
2
511
0
0
0
1
0
0
0
0
5
0
3
0
15
0
370
0
6
4
1
24
8
19
7
0
11
38
226
0
5
0
0
0
183
2
0
3
10
0
21
0
0
0
0
0
6
0
0
0
0
3
5
5
0
29
57
1
7
0
0
1
1
3447
4
0
2
4
0
1758
5
0
0
3
1
1
1
0
200
2
0
6
0
1
1
43
1
3
1
32
9
2
4
4
34
0
0
0
0
0
5
0
14
0
0
717
1
1
373
5
0
0
0
0
0
245
0
10
182
0
0
16
8
2
0
0
0
0
0
11
87
0
0
5
0
8
0
0
6
0
4
0
1
0
0
77
0
4
3
3
12
1
1
7
1
2
2
1
0
6
98
0
0
46
36
0
696
0
0
1
14
916
0
0
153
0
1
186
0
22
859
0
0
13
23
0
96
0
3
0
0
2
0
19
2
0
1
2
1
1
1
0
0
0
15
0
0
2
2
123
54
47
9
28
0
255
6
0
57
0
11
2
12
4
0
3
0
0
0
2
93
1
0
0
0
0
5
0
0
1
3
0
2
1
3
11
0
0
0
0
60
2
14
37
3
6
1
0
0
4
0
0
0
9
0
0
7
0
0
0
6
0
2
0
0
5
1
1
1
54
1
1
0
0
0
4
5
16
0
15
82
2
0
195
10
31
1
0
0
0
62
8
9
0
0
43
0
107
0
11
0
0
0
1
10
7
4
0
1
148
0
0
0
3
0
2
1
0
0
2
103
0
15
0
1
38
0
0
0
0
0
39
0
0
0
1
17
1
0
0
0
0
0
21
1
0
23
0
23
0
0
7
0
9
0
0
2
18
26
0
0
0
1
7
1
12
2
0
0
0
0
2
0
0
7
1543
131
1
0
3
0
5
1
0
0
1
0
0
4
0
0
16
0
40
14
1
11
1
1
17
0
0
0
11
4
0
7
4
1
0
0
470
3
0
1009
6
84
0
1
3
3
12
20
13
0
5
639
0
0
2
0
9
23
344
3
149
38
3
3
3
14
0
0
2
0
0
157
1
0
0
20
2
22
0
0
8
0
20
1
14
58
0
0
1
1
0
7
2
17
1
0
12
13
8
1
0
5
0
0
1
11
0
18
7
0
3
37
0
1
4
3
3
0
24
0
1
0
2
0
0
20
32
0
0
16
41
7
5
0
16
0
0
44
11
0
0
0
0
0
0
1
0
4
12
1
4
0
0
31
0
0
0
1
2
0
0
1
34
0
124
61
1
0
0
130
1
1
0
14
0
0
1
677
4
1
0
27
205
0
11
0
0
6
11
0
0
19
0
1432
15
0
12
5
9
25
125
0
5
5
0
0
0
0
11
0
1
1
18
0
1
1
0
91
0
0
2
0
0
0
2
8
4
1
18
0
1
0
1
1
1
3
23
4
1
38
6
0
0
0
0
0
20
165
10
0
4
0
23
0
5
0
23
17
5
2
0
0
1
0
0
0
15
4
0
1
129
12
18
0
34
3
13
1
13
0
12
0
1
0
10
0
0
1
32
0
131
0
2
1
19
0
930
19
0
0
1
0
0
0
0
12
1
1
0
3
1
0
13
1
53
0
5
1
0
0
3
1
1
0
22
9
0
0
2
0
0
0
2
29
1
15
0
288
354
0
0
35
24
14
29
0
0
0
3
0
7623
0
0
0
0
0
1
0
8
4
2
3
0
0
3058
1
0
0
2
0
0
12
0
6
68
2
1
18
0
1
0
37
0
9
1
0
0
4
28
3
79
0
2
0
0
120
0
3
17
10
10
0
971
1
0
0
46
8
6
0
0
0
4
191
102
0
0
4
0
1
15
0
1
0
1
0
0
21
0
0
0
0
0
94
32
0
0
0
7
0
8
12
17
1
1
0
1
162
0
1
2
0
3
0
0
39
3
0
0
0
1
31
1
1
0
1
14
0
732
22
6
2
2
2
0
0
0
119
0
73
419
0
2
0
42
2
0
0
0
3
0
0
70
0
10
2
0
2
0
0
0
122
0
0
0
0
11
0
0
1
0
0
1
0
2
0
8
0
2
0
0
0
15
0
0
6
0
226
21
1
2
15
0
0
17
2
3
145
1
13
18
0
1
0
24
0
1
0
4
8
3
0
5
17
0
6
0
0
0
0
0
0
16
2
1
35
351
0
0
0
0
7
5
51
0
0
9
0
0
0
0
0
6
2
0
1
6
3
487
2
0
0
3
0
0
3
0
1
20
0
0
0
0
1
0
0
2
27
4
0
0
15
0
0
76
0
230
0
25
0
8
0
0
5
26
14
1
0
89
0
4
5
2
428
1
2
0
0
2
17
0
0
0
0
1
0
0
0
3179
2
0
0
3
28
0
5
0
21
1
0
129
0
0
2
0
1220
59
0
167
0
0
1
0
0
0
9
0
16
0
0
0
0
391
4
16
20
3
24
0
0
0
0
3
0
1
0
4
6
10
2336
0
6
4
3
0
0
0
16
0
0
0
17
3
12
9
0
0
0
0
0
0
14
0
14
0
39
0
852
0
0
0
0
1
0
1
2
6
0
0
0
1
26
0
2
31
0
0
0
0
2
0
0
0
0
9
15
2
56
1
0
82
8
0
0
7
0
3
0
8
1
0
1
0
0
0
0
0
0
3
12
0
45
1
1
4707
8
0
2
45
0
0
4
0
21
1744
0
0
0
0
0
0
0
17
2
105
0
8
5
0
11
0
0
382
0
1
0
1
1
0
1
0
7
56
1
0
2
0
0
0
0
87
1
0
11
13
23
249
4
0
26
0
5
1
3
32
4
0
14
2
0
0
2
50
0
21
4
0
1
96
0
0
0
15
6
1
1
0
0
1
14
2
6
4
0
30
0
0
796
0
0
4
5
3
0
6
1
0
1
59
0
1
0
0
0
1
0
17
0
0
18
129
3
0
0
3
0
750
9
1
0
0
134
20
9
7
2
0
0
7
0
0
2
7
0
0
0
3
0
0
0
0
0
0
0
10
5
63
6
0
0
8
3
0
12
0
0
8
112
0
0
0
20
0
0
0
32
2
0
0
0
0
0
0
2
8
1
0
0
0
12
0
0
0
43
3
0
0
36
0
26
0
1
1
1
20
0
0
1
0
24
1
3
1
29
0
2
0
4
6
0
434
0
10
7
15
8
0
15
0
0
208
0
0
1
2
0
4
30
14
0
0
8
2
3
0
4
2
0
1
3
11
0
184
10
0
0
25
1
209
0
153
23
7
86
1
0
1
1
2
0
0
2
0
0
0
1
0
2
0
9
1
0
0
33
0
0
0
0
24
5
0
0
0
8
2
0
41
14
0
0
1
0
221
86
139
30
2
1
11
10
35
2
159
0
4
8
2
707
1
0
5
10
0
2
0
0
0
27
0
0
1
4
4
2
3
1
0
0
0
4
2
243
17
0
1
12
1
0
0
0
0
0
0
0
0
5
4
0
13
0
2
0
2
13
1
14
38
16
10
2
23
3
2
17
3
0
0
13
13
15
0
2
8
0
0
0
6
0
11
3
0
0
0
0
0
221
1
0
0
2
0
0
8
0
0
24
1
0
2
28
0
2
2
0
49
70
0
0
46
4
0
7
2
0
1
20
0
2
4
0
0
0
0
6
0
0
1
0
0
2971
1
0
0
0
0
9
0
0
0
0
1
0
0
0
10
1
0
0
0
1
316
0
4
1
5
2
2
0
0
11
6
25
218
0
0
13
0
0
2
1
9
23
1
0
0
0
1
7
0
2373
0
4
0
9
282
9
0
0
0
2
3
15
0
0
8
4
1
0
0
6
0
0
0
17
2
33
26
1
186
0
7
0
0
5
7
0
0
2
0
0
0
0
178
4
0
0
10
0
0
1
93
0
0
0
0
0
8
3
1
0
1
0
4
2
0
1
1
0
0
1
42
37
0
0
2
30
6
0
1
0
8
27
0
157
14
5
335
139
4
3
0
3
29
21
2
28
0
8
102
44
18
0
0
2
2
35
0
3
23
167
0
33
3
1
1
1
48
18
0
1
2
4
12
3
0
0
0
5
0
3
19
0
0
1
0
0
3
13
1
0
3
0
2
0
3
1
20
0
0
0
6
3
2
0
0
0
342
1356
1
0
0
1
0
146
0
1
0
1
1
3
0
2
0
2
0
1
66
5
13
41
0
1
6
2
1
0
0
0
13
10
481
0
0
0
1
1
2
0
0
0
0
0
0
4
5
0
73
10
94
0
1
0
235
0
4
16
0
2
5
0
0
0
0
3
1
5
259
0
5
0
14
3
1
0
4
2
0
30
1
6
22
1
0
3
216
0
0
0
0
29
1
18
0
0
0
14
0
0
0
13
4
14
14
0
23
5
0
8
1
7
0
0
3
6
6
6
2
0
0
0
1
0
2
240
3
2
0
0
0
1722
2
0
13
16
5
0
0
1
18
0
9
18
3
1
1
0
5
3
1
15
5
0
1
0
0
3
0
1
0
12
6
0
327
0
0
0
49
0
11
0
0
2
1
1
0
0
262
42
0
11119
22
0
0
0
14
1
1
0
9
0
6
0
15
0
0
0
5
4
3
4
8
1
0
6
0
0
0
0
0
0
0
0
0
1
11
0
11
0
3
0
0
1
0
49
6
49
17
0
15
0
0
0
136
965
0
0
9
11
0
2
11
1
1
1
3
29
2
0
1
0
17
21
3
0
0
250
0
1
1
0
7
6613
1
0
2
0
0
0
0
0
3114
2
11
5
0
21
5
0
1
2
0
2
17
0
0
8
2
5
81
0
0
2
532
0
0
1
4
5
78
0
76
3
2546
1
4
0
0
0
0
0
2
0
9
0
0
0
7499
1447
6
2
0
0
1
0
0
20
1
0
3
3
255
0
0
3
0
2
0
0
0
1
0
0
7
27
0
1
16
18
5
75
0
127
0
0
0
1
0
3
0
0
0
0
0
9
0
0
74
3
1
57
0
0
0
5
0
3760
2
0
1
0
10
37
0
7
0
1
1
4
2
8
29
0
0
0
25
3
68
1
0
0
0
92
8
0
0
0
5
0
0
0
2
0
6
4
0
25
2493
2
0
1
181
3
0
0
24
54
9
1
17
5
0
0
3
0
0
13
80
0
0
0
0
1285
0
0
10
1
1
0
0
9
0
0
32
0
0
0
1
24
0
5
0
61
0
5
1
9
1
0
35
0
2
13
0
1
0
0
0
2
26
0
0
1
1
1
0
595
0
0
30
3
0
0
1
49
2
0
34
60
258
1
0
6
6
21
0
1
0
15
11
4
0
7
6
22
0
8
0
1
0
3
0
251
0
2
1
19
47
9
0
0
4
0
0
955
0
0
0
0
0
27
0
0
1
2
0
0
0
201
2
21
89
17
9
2
0
40
19
48
11
15
4
7
0
0
1
23
0
0
0
155
1
7
11
11
0
0
642
0
2
0
4
0
1
0
4
0
0
7
0
0
14
0
0
0
0
0
1
21
0
0
2
5
0
7
0
1
1
0
2
0
0
1
0
11
0
10
3
1
2
0
1
0
2
10
3
2
0
0
1
0
0
0
1
0
6
14
0
1
31
1
5
0
0
0
12
63
5
1
0
1
0
11
1
0
0
0
0
8
0
0
2
0
7
0
6
3
9
1
0
120
1
0
0
1
3
0
111
7
9
0
0
112
389
4
0
0
0
49
0
99
1
1
0
8
4
0
1
0
0
0
2
0
0
0
0
0
1
0
1
0
1
1
1
1
0
4
0
53
0
1
0
0
1
3
3
0
43
0
9
0
0
1
15
0
0
0
48
0
0
0
2
0
9
8
43
2
5
4
4
120
2
0
0
1
10
0
0
243
0
2
0
1
0
2
159
12
0
35
0
0
96
0
0
0
0
0
0
0
35
0
2
0
0
0
4
74
4
0
2
4
1220
0
1
0
0
0
2
0
0
0
47
1
0
2
0
57
0
0
16
0
0
11
0
2
7
8
4
9
1
0
0
0
1
0
1073
0
376
4
1378
0
28
12
1
15
0
0
0
11
3
1
0
11
6
0
13
0
0
2
0
0
1
0
323
99
0
5
4
166
8
0
0
1
124
13
1
5
0
76
0
1
0
20
0
0
0
0
2
2
25
1
19
22
0
1
4
0
0
1
0
0
0
0
1
6
2
128
11
0
1
0
3616
0
3
20
1
0
1
39
28
3
4
0
0
0
6
1
21
311
0
0
1
0
0
84
2
1
0
0
12
0
0
1709
11
95
66
0
0
1
0
20
17
0
4
2
10
0
0
0
6
0
0
0
1
0
0
1
0
0
0
207
0
71
0
0
3
0
0
1
0
16
0
6
85
0
0
2
4
30
2
0
0
5
1
0
0
5
0
0
80
35
10
3
0
59
32
17
0
1
0
0
12
6
402
4
3
0
0
0
37
0
0
0
0
0
0
2
21
20
13
161
0
1
1
106
0
29
9
2
50
1
0
0
0
0
0
4
56
1
1
0
35
7
0
0
0
18
0
0
0
0
0
0
0
0
16
4
0
49
0
8
12
0
1
6
11
0
2
5
61
14
39
1
0
0
1
0
0
0
0
14
5
1
2
16
2
1
0
2
6
1
0
0
4
3
2
0
271
2
8
2
0
1
3
24
0
186
3824
2
0
219
1
0
0
6
2
1
0
0
0
0
1
1
16
0
0
6
165
0
1
60
19
1
0
19
164
0
39
2
3790
0
0
0
5
1
0
0
3
0
0
1
2
18
0
8
0
1
16
0
0
0
3
3
1
0
1
0
0
13
15
18
0
0
0
59
6
206
1
1
1
8
0
0
0
12
0
0
3
70
14
0
52
0
0
36
6
1
0
0
11
1
0
4
0
8
0
319
0
1
4
0
0
92
0
0
0
5
0
17
0
0
1863
0
4
0
1
1
1
2
0
1
1
1
0
0
1
0
0
194
1
0
0
0
5
0
1
0
0
0
0
6
58
11
1
0
1
0
0
0
0
0
131
0
2
1
1
4
1
0
0
0
0
4
1
1
230
3
0
0
0
8
2
2
0
1
0
0
0
11
0
1
0
0
0
0
0
0
0
1
1
0
21
4
47
17
8
0
0
0
0
0
0
0
0
0
1
31
0
7
0
1
7
63
0
9
0
1
0
0
28
0
0
1
10
0
0
14
0
2
1100
2
0
2
1
150
0
0
0
1
1
0
0
6
0
0
0
0
12
5
522
0
878
0
0
23
2
24
0
2
95
1
11
6
77
1
1
0
0
14
0
0
1
11
3
0
0
0
15
8
13
12
0
1
46
1
0
0
0
0
3
11
0
1
9
262
5
0
149
0
15
0
4
0
1
0
0
0
2
1
125
0
1
0
14
0
0
2
228
0
227
0
1
3
1
10
14
0
0
8
0
0
0
6
5
1
3
16
6
0
1
1
1
0
2
3
1
1
0
3
1
0
0
61
0
0
0
0
4
1
18
0
173
0
4
0
0
6
2
0
4
3
0
16
23
0
5
0
0
1
15
0
0
59
2
10
98
8
18
0
0
7
11
0
0
0
0
3
1
49
1
2
3
10
0
1
24
9
5
0
0
9
3
0
0
9
1
0
0
30
0
0
5
0
1
21
4
9
0
28
220
0
4
11
53
10
0
9
9
0
0
2
2
1
0
1
0
24
0
0
3
0
0
0
1
74
0
2
0
0
0
0
9
4
84
40
1
0
14
40
44
39
51
1
2
0
1
0
12
8
0
0
1
0
1
53
0
0
0
5
0
1
1
0
0
5
13
2
4
41
40
0
0
13
4
0
0
40
7
1918
10
64
1
0
1
4
15
0
2
0
0
228
5
1
3
2
0
0
162
0
0
2086
0
1
0
12
1
0
0
15
2
26
8
202
34
1
0
1
0
6
1
10
43
1
0
0
28
2
27
0
0
14
1
0
0
0
6
1
2
81
47
2
5
0
6
3
77
1
0
0
0
1
0
2
0
0
0
0
0
0
2
0
0
2
5
0
0
0
1
5
0
0
43
0
2
1
12
7
2
13
43
0
1
19
0
118
191
0
0
12
1
7
10
0
1
3
0
0
0
0
0
1
699
0
26
3
0
0
2
7
0
4
12
20
12
0
1
0
1
1
0
44
150
2
0
0
2
0
65
0
5
0
0
0
0
3
2
4
0
0
14
6
0
0
0
0
16
0
8
0
0
1
81
44
0
2
0
1
1
8
0
0
4
11
1
0
1
1
0
15
84
17
0
1
12
4
2
1
0
0
0
0
0
0
3
5
0
2
400
0
26
0
72
0
91
157
0
17
4
0
0
0
0
1
7
0
733
14
201
1
0
0
189
53
0
3
10
0
8
0
2
2
0
2
0
1
0
0
59
0
0
61
0
39
1
0
0
1970
1
2
1
42
30
1
0
0
0
0
13
5
1
25
0
0
637
0
7
0
677
1
0
0
0
0
4
0
11
0
0
0
1
0
0
1
4
0
303
0
24
1
18
0
7
0
1096
101
0
0
0
42
0
64
3
0
0
0
0
6
5
0
1
3
15
0
18
1
0
51
5
31
7
0
9
3
8
0
0
0
0
0
0
0
0
14
11159
0
0
142
1
0
1
8
1
2
1
0
0
0
0
3
2
0
0
132
0
1
0
0
4
0
1
0
1
0
2
0
0
0
2
0
0
3
61
0
0
0
0
0
26
9925
8
0
2
0
1
2
4
1
177
0
7
0
0
1
0
0
0
1
4
1
3
0
0
93
18
0
0
40
3
24
0
2
1
226
3
1
0
0
1
0
57
0
0
12
65
27
0
0
7
0
0
81
8
0
0
0
0
0
4
18
0
1
11
0
0
17
0
1
25
3
0
0
0
0
23
4
1
0
24
0
7
0
0
15
2
9
7
0
0
1
4
2
0
5
18
0
1
2
312
0
10
74
0
0
0
7
0
0
0
1
0
0
214
0
8
0
10
0
5
144
30
0
1
0
0
0
0
0
0
0
0
0
0
16
0
1
2
5
0
0
0
12
101
40
0
0
5
2
9
1
1
0
0
0
59
0
0
1
4
0
0
0
0
1
0
0
0
5
0
1
56
0
0
28
1
0
10
0
0
0
1
5
1
3
0
1259
0
75
4
1
0
0
1
0
49
1
0
0
476
3
0
19
3
4
0
0
1
0
2
0
17
2
0
352
27
1
0
1
122
0
0
19
1
1
1
56
789
275
3
0
0
89
0
0
0
0
0
0
14
0
0
0
0
0
89
0
0
0
1
5
5
0
0
0
681
5
0
1
2
0
1
0
2
1
23
12
0
0
0
0
144
0
4
1
0
0
0
1
0
6
0
93
0
293
0
5
3
17
0
0
1
0
0
2
24
0
134
0
0
0
6
17
0
0
1
0
0
6
512
249
0
0
0
1
5
5
136
0
0
0
0
0
3
3
0
0
0
1
0
0
2
0
0
1
0
1
0
7
0
0
2
2
0
11
0
0
0
0
0
8
0
0
4
0
0
1
0
0
0
4
28
0
0
0
1
0
5
0
0
0
0
0
0
1
2
26
1
1
19
15
11
0
0
0
1
0
0
11
368
2
1
0
0
0
0
0
1
6
0
0
0
0
0
0
8
0
27
3
0
10
0
6
14
0
0
2
0
1
2
13
47
2
3
1
0
2
10
0
7
0
0
3
3
20
0
0
0
0
1
0
1
7
0
0
0
19
0
0
1
3
0
71
0
0
0
5
0
0
1
35
3
1
19
674
15
0
0
0
0
39
8
0
0
9
1
0
1
0
7
2
14
1
0
0
0
0
46
0
1
0
1
1
0
2
5
823
0
0
1
0
0
3
564
0
0
0
1
0
0
0
0
0
0
3
0
3
2
0
19
23
0
1
17
5
51
5
0
2
0
32
0
1
42
9
226
1
1
5
14
1
0
0
33
0
0
0
0
1
1
1
1
0
11
0
0
1
0
4
115
0
25
0
2
15
12
12
1
1
8
0
0
3
1
42
4
10
0
2
3
5
0
0
11
0
1
24
17
5
2
2
3
110
5
0
0
3
0
0
1
49
0
4
2
11
1
4
134
0
5
1
2
0
0
12
0
0
312
0
12
0
308
0
8
0
0
9
0
505
1
1
1
36
0
75
3
28
0
0
0
0
0
0
0
2
4
0
1
26
2
1
4
6
0
1910
4
0
1
4
0
422
15
31
9
0
0
11
13
0
0
12
0
2
0
0
1908
0
1
5
0
0
1
0
814
0
0
0
1
79
1
1
2
17
0
52
3
13
1
0
90
330
153
0
10
0
5
0
0
0
751
10
53
0
1
0
49
8
0
0
0
0
942
6
0
13
1356
4
1
0
230
0
33
39
1
4
1
3
0
0
8
0
0
1
1
1329
0
0
5
1
0
3
366
0
1
0
13
0
0
0
1
0
0
2
0
22
0
183
0
7
1
9
545
0
0
1
0
213
0
0
0
9
1
10
46
0
0
0
27
5
0
0
0
2
5
0
0
0
3
576
0
0
2
0
35
0
15
0
0
0
1
0
3
4
205
6
0
0
22
0
1
12
2
0
2
3
2
1
1523
0
0
109
10
0
7
0
0
1
0
0
2
0
0
0
3
4
0
1
0
0
0
1
13
21
6
0
0
1
0
28
0
34
3
0
2
5
0
3
0
2
1
1
569
0
9
1
0
14
8
0
827
0
8
799
32
43
0
1
0
2
9
0
0
0
0
3
24
3
0
0
0
1
2
0
59
7
0
0
0
12
0
0
0
0
0
2
0
13
1
3
0
6
0
0
0
68
0
0
11
222
21
1
0
0
5
0
8
1
0
1
6
28
22
0
98
0
11
1
14
2
0
34
1
178
0
0
0
46
5
6
0
0
2
0
1
0
0
0
1
0
0
4
0
0
0
8
5
11
2
0
1
46
0
0
1
1
0
288
0
0
0
10
0
0
1
0
0
0
0
0
1
1
111
0
0
1
1
11
0
4
2
0
47
1
0
7505
2
0
7
985
0
4
12
207
1
10
25
0
6
0
5
0
116
1
6
1
1
0
1
26
0
24
5
1
0
10
28
0
116
0
4
7
35
0
0
0
0
5
3
0
0
0
8
2
0
0
3
7
5
701
6
0
0
0
0
0
21
0
70
21
6786
0
0
1
0
2
0
24
0
0
0
9
0
4
0
0
4
1
0
0
0
5
49
4
0
0
0
1
0
0
1
0
0
23
0
0
276
0
0
1176
2
0
2
0
1
3
1
1
0
13
1
59
9
0
1
0
0
4
0
18
0
2
0
13
0
3
36
0
1
0
0
0
0
0
0
52
1
4
2
1
3
0
0
11
26
0
5
0
671
1
13
0
0
0
36
88
10
1
3
0
26
0
1
17
2
0
0
0
0
0
22
0
2
7
0
7
0
0
0
687
0
0
18
2
1
1
1648
1577
241
0
0
0
50
0
0
0
1
2
6
0
29
6
0
1
0
1
112
80
3
14
0
0
1
7
5
0
1
0
129
1
0
0
0
1
0
5
20
2
0
0
2
1
0
6
9
1
40
0
0
12
2
1
16
208
0
2
0
2
1
63
2
11
0
10
674
0
3
13
0
0
0
1
3
2
0
0
3
1452
0
6
0
16
11
0
0
0
69
21
0
1
0
0
592
0
0
8
1
1
0
0
6
3
1
0
21
0
85
36
1
146
10
5
121
7
0
1
1
0
8
19
1
2
50
0
0
3
0
0
6
2
8
2
0
0
1
5
0
0
0
0
111
0
2
18
1
29
12
0
0
0
0
16
0
79
28
3
1
0
0
0
0
0
4
12
1
9
0
0
68
0
1
0
1
0
0
219
1
1
0
0
0
0
0
0
0
0
1
49
1
0
4
0
3
3
230
1
0
2
0
14
0
0
24
0
0
13
63
42
6
0
3
0
0
34
1
8
10
0
1304
6
1
0
1
0
14
4
0
1
0
37
2
0
0
6
0
385
0
0
4
1
27
1488
8
11
0
3
0
0
0
29
0
3
0
22
6
0
9
13
0
0
0
0
21
0
0
0
0
0
7
3
0
0
3
0
0
0
3
1
0
5
0
11
0
7
2
0
0
0
0
29
8
0
6
2
0
0
15
0
0
1
0
0
0
2
2
18
1
3
0
1
16
6
0
0
3
0
14401
0
53
0
0
0
0
0
0
0
4
0
4
0
0
0
4
14
0
0
2
1
10
34
2
3
4
76
0
10
14
129
0
56
14
462
1
0
14
2
0
0
0
612
1
0
0
0
1
1164
0
0
0
696
0
0
3
0
425
3
0
1
0
32
11
402
674
5
0
1
0
12
0
0
58
26
0
1
0
1
17
0
3
1
1
6
1
47
0
3
74
0
0
2
0
3
0
0
0
6
0
6
263
0
44
10
3
1
0
32
2
0
0
0
0
0
0
35
1
6
0
1
960
0
7
1509
0
6
0
10
2
38
8
0
18796
0
1009
0
0
0
1
0
619
1
2
0
0
10
12
21
0
160
0
37
32
5
0
4
1
0
3
28
8
0
42
0
11
5
7
1
0
0
1
5
21
2
3
4
0
3
1
0
0
0
0
17
3
0
75
7
0
0
0
0
0
0
0
20
3
0
3
11
0
247
0
2
125
8
0
30
33
799
0
0
0
0
1
0
0
0
1
0
199
0
1
0
0
0
0
97
1
43
4
0
3
9
3925
0
1
0
29
24
10
1
0
1
0
98
3
0
0
0
0
1
3
0
1
7
16
4
0
75
0
5
27
1
2
0
0
2
0
1
0
0
0
6
2
1
104
48
11
207
6
63
20
1
0
9
7
0
1
2
1
43
0
0
0
0
0
3
3
26
0
0
1
1
13
5
2
0
0
211
2
26
16
0
0
14
0
0
30
0
0
0
0
0
0
0
0
0
0
0
1697
0
0
0
0
0
3
56
1
0
4
8
0
0
30
0
0
1
7
0
38
0
0
2
0
0
1
2
0
0
6
3
0
10
118
0
0
12
2
0
0
1
23
0
0
0
22
1
9
1
0
0
1
1
0
1
3
3
1
14
2
224
0
28
10
0
66
0
8
84
0
14
0
0
0
0
0
0
10
0
3
6
1
0
0
10
21
0
0
1
13
7
3
25
0
0
5
0
0
0
0
1
0
11
6714
0
0
0
0
0
1
6
0
0
3
0
0
17
15
3
9
17
1
0
3
7
15
1
0
0
2
1
1
39
328
0
0
0
0
1
0
3
34
0
2
92
7
922
3
2
230
0
0
0
0
1
0
2
0
1
5
0
13
1
0
0
0
2
0
2120
7
0
0
0
2
1
32
13
0
2
0
7
1
0
0
4
0
0
0
3
46
0
18
0
2
4
13
1
1
2
11
13
0
0
0
0
1
0
6
1
0
39
88
6
12
16
0
0
0
0
0
0
0
0
7
0
9
1
0
1
1
0
0
0
4
2
0
1
0
6
6
0
1
0
0
0
0
2
4
0
439
0
0
1
3
0
1
49
7
2
3
21
533
4
3
1
1
0
0
0
1
13
4
10
0
5
0
1
1
0
12
11
7
0
52
4
0
19
22
8
3
0
0
464
0
42
1
11
0
5
13
0
5
2
0
0
0
20
0
0
0
11
0
24
2
0
2
29
92
1
1
8
42
1
0
5
23
5
0
0
0
0
0
0
1
0
0
0
0
34
0
0
0
2
0
0
19
3
3
0
1
4
17
0
0
0
0
0
42
1
0
1
0
0
2
3
5
145
1
0
0
0
1378
0
7
70
0
0
3
0
0
18
1
0
15
0
1
491
0
2
0
1
2
1
32
3
0
0
3
0
1
14
374
2
1
653
0
64
2
0
10
0
0
4
2
0
1
0
21
22
1
0
0
29
0
3
4
22
1
8
1
0
0
28
1
0
3
3
0
0
0
17
1
0
0
37
1
1
3
0
4
0
0
12
11
8
0
0
0
1
72
5
3
0
3
0
32
14
1121
46
0
3
1
1
0
1
2
0
0
0
5
0
248
0
179
32
1
1
44
1
14
0
0
5
0
10
1
0
9
3
0
0
0
2
0
0
2
21
0
1
1
1
0
4
227
0
2
6
14
0
0
0
1
0
17
9
25
0
64
26
1
0
0
9
2
1
3
1
0
0
4
0
21
0
10
1
5
1
0
8
0
36
0
22
2
0
0
0
0
0
0
2
0
0
18
6
0
3
0
0
1
0
0
8
0
1
7
0
0
0
0
0
0
0
0
2
260
2
0
1
2
13
0
1
1
3
1
1
0
3641
22
0
0
0
0
4
1
0
2
0
1
0
1
39
0
0
2
0
0
1
1
0
1
1
9
1
2
0
777
0
0
79
4
0
1
3
4
15
8
0
0
13
6
29
0
39
0
37
69
2
1
0
0
4
6
0
0
106
13
1
0
0
0
0
6
1
14
18
1
4
0
0
0
0
0
1
3
255
13
0
1
0
1
0
0
1
12
0
1
0
6
1
1
1436
0
13
0
0
0
0
3220
1
0
0
0
113
6
0
0
1
0
1
0
1
0
1
0
23
66
1
8
1
4
9
23
0
0
0
38
7
15
503
0
1
1
0
7
20
8
24
0
28
22
1
0
17
1
0
17
0
0
0
1
0
2
3
0
0
0
0
4
4
24
7
1
0
0
0
200
44
1
0
0
5
7
0
15
0
0
25
0
3
0
0
1894
21
12
1
0
13
22
1
0
0
0
0
408
0
0
0
25
11
0
0
237
0
703
0
0
0
1
0
3
297
0
0
34
0
2
0
0
4
183723
0
6
2
0
0
1
3
11
0
0
0
0
12
0
2
0
0
7
0
0
14
1
1
0
4
1
0
0
0
1
0
0
6
279
4
384
7
18
5
0
0
0
2
1
140
0
0
10
557
0
0
1
0
0
0
0
20
0
0
0
2
3
14
2
1
0
2
0
1
2
8
3
0
0
0
16
22
0
1
1
2
54
0
1
13
149
1
0
13
1
0
279
46
0
47
0
0
1
465
1651
1
12
0
2
0
0
14
2
73
0
0
0
0
0
1
0
0
1
2
0
2395
1
0
90
0
1
10
0
0
0
46
292
0
0
9
0
2
193
5
87
0
31
0
0
73
10
1
10
5
0
0
2
0
0
5
10
0
0
0
0
72
0
79
2
1
19
0
0
0
20
0
1
0
0
0
0
0
0
2
2
0
1
0
12
2
27
0
0
5
67
4
0
0
9
0
0
0
0
38
14
0
1
5
0
411
0
1
0
0
0
35
4
0
1
0
0
0
0
9
3
3617
0
0
0
22
0
2
0
0
10558
0
0
0
0
4
3
1
0
1
1
0
0
0
13
0
2
0
2
1
4
0
2993
6
0
33
0
0
0
0
295
1
1
0
23
1
1
220
7
0
5
10
5
0
0
36
0
0
0
0
0
0
46
0
44
109
1
0
1
28
768
11
0
7
1
0
46
0
3
0
0
0
0
1
1
2
141
258
0
1
44
0
0
1
1
0
0
0
1
0
64
0
0
4
0
0
0
973
0
2
0
0
0
1
18
0
12
0
0
0
0
0
0
6
0
9
1211
0
1
1
0
0
3
0
1
6
3
1
2
0
38
0
3
0
0
6
0
0
2
11
4
0
15
8
41
80
8
15
8
1
0
1
0
12
15
0
0
2
4
63
0
149
0
67
3
1
5
0
6289
1
0
4
0
0
0
0
282
0
19
0
165
0
0
6
1
0
76
0
1
2
0
1
0
0
0
3
7
0
1664
0
0
28
0
10
1
0
1
10
23
333
0
0
4
0
0
0
13
0
0
39
3029
0
0
0
21
3
0
10
0
41
0
95
0
0
8
1
0
0
1
64
0
1
0
0
0
29
0
23
1
0
8
2
4363
17
2804
1
10
236
0
1
3
180
0
0
2
0
12
0
0
2
0
24
2
1
3
2
1
0
1
65
0
0
0
3
4
1
0
0
1
241
0
0
0
0
2854
0
0
5
3
0
0
2
3
0
0
0
1
181
11
0
0
16
0
0
4
0
0
0
4
0
3
0
0
0
120
19
233
0
0
9
32
3
2
1
2
1
0
1
3
1
0
7
2
0
0
23
5
0
0
3
0
0
43
8
0
0
0
1
2
4
0
299
0
6
3
13
1
5
0
0
1
12
0
0
0
0
3
0
12
0
0
2
3
0
0
141
0
3
27
1
0
1
23
0
0
12
13
6
0
1
1
7
0
114
0
0
3
4
3
0
0
0
7
0
3
0
1
3
0
0
7
6
42
1
69
10
0
0
0
9
0
1
0
0
0
20
15
0
3
12
0
13
3
0
0
25
12
1
0
0
4
1
0
190
30
2
0
1
0
1900
0
8
1
0
0
0
1
1
0
5
6
1
0
0
0
1
0
13
27
0
53
0
2
19
0
0
1
275
40
1
0
0
0
0
0
0
1
4
1
19
6
0
193
497
600
0
83
111
0
1
0
0
50
0
9
7
1
4
1
1
0
11
0
0
2
6
4
0
3
0
2
6
0
0
64
144
1
0
34
16
6
3
2
0
0
0
1
1
1
0
1
0
0
0
2
0
1
0
4
2
6
0
0
0
13
16
0
2
0
3
55
1
166
0
26
24
13
0
1
0
0
65
99
5
0
1
0
0
2
0
0
1
9
0
8
10
0
1
0
0
0
1
299
1
0
0
11
0
15
580
0
0
0
12
4
95
0
0
0
0
36
134
3
0
0
2
1
1
0
0
1
0
9
0
1
0
3
1
2
1
8966
31
1
1
0
1
0
0
0
3
0
0
0
0
0
0
0
24
0
0
1
14
0
7
0
1
2
4
0
0
0
1
4
1
3
2
19
0
0
2
0
0
4
18
2
0
10
0
0
1
0
2
4
1
103
4
0
0
1
1
0
0
40
0
0
27
0
0
0
53
0
1
8
6
3
0
4
0
0
7
0
2
0
11
0
1
18
0
5
34
3
17
0
0
5
0
3
3
15
0
154
0
29
36
10
0
1
0
0
13
0
0
0
0
1
210
1
45
2
0
0
2
0
7
1
0
0
0
1
1
3
8
0
0
0
0
0
0
21
2
2
2
1
0
1
0
3
0
88
0
26
3
112
19
2
0
294
0
0
31
0
0
7
95
0
16
1
8
1
0
1
0
1
0
0
41
0
76
6
0
1
1
0
0
0
4
3
1
0
0
123
2
0
112
29
37
1955
0
0
0
3
4
0
0
5
0
10
0
0
207
1
3
0
0
0
0
3
13
0
0
0
3
0
0
9
3
0
0
1
0
0
0
5
3924
0
0
2
962
36337
28
0
32
4
14
0
1
0
11
0
0
2
1
0
0
1
14
1
0
0
0
0
4
0
0
359
0
28
4
0
0
125
8
0
0
0
0
8
0
1
52
0
23
0
1
0
0
1
0
2
0
2
149
22
0
0
1
0
0
0
89
0
0
0
0
25
0
0
6
6
65
4
0
35
7
0
1
0
1
1
261
0
9
4
0
4
24
0
72
27
0
0
1
0
0
1
0
0
7
3
0
1
4430
0
7
0
16352
209
1
1
10
799
49
0
7
3
0
75
46
0
13
1
66
0
1
1
16
0
0
2
5
0
4
0
0
0
0
0
1
0
0
0
0
0
653
0
15
49
1
25
1
47
3
105
1533
26
0
0
6
9
151
5
0
5
1
160
0
0
0
14
6
0
2
0
0
6
0
0
3
93
15
61
0
1
0
4
2
0
1
0
0
0
0
18
0
2
0
0
1
0
0
0
0
5
451
0
2
0
12
0
1
1
0
16
0
0
0
0
119
0
0
0
0
9
0
0
0
0
0
8
7
139
0
0
0
0
0
7
2
5
0
259
0
0
0
0
0
189
0
0
0
0
36
0
0
9
3
0
0
8
34
0
2
2
6
0
1
2740
6
1
0
5
0
0
11
0
0
0
0
1
0
2
0
0
1
0
13
13
33
0
0
0
0
0
3
22
6
0
0
1
2
0
0
0
7
0
0
0
1
9
2
0
1
0
0
0
0
5
4
2
0
1
0
0
26
1190
5
0
0
19
71
895
10
0
1
4
0
2
0
0
74
4
0
0
13
1
1
0
1
0
0
0
0
0
2
2
2
1
1
26
1
0
0
5
0
2
267
1
0
0
0
196
0
23
9
0
1
65
424
2
201
13
6
1
4
0
2
3
0
1023
0
0
2
3
0
3
4
3
3
0
1
2
0
0
2
8
3
0
0
0
1
1
1
3
0
0
2
1
0
0
1326
36
4
2
0
0
7
0
0
12
1
0
1440
0
0
2
0
18
0
0
0
0
1
0
0
0
0
2
0
0
1
0
0
0
3
0
98
4
2
0
7
0
197
0
125
1
46
0
0
94
0
0
36
3
0
0
2
1
5
3
0
0
55
1
4
4
1
181
0
0
0
7
0
0
1
1
0
0
3
0
0
0
0
22
0
0
1
1
0
0
0
3735
2
1
5
5
4
1
0
0
1
22
0
7
15
1
1
36
0
0
0
17
0
0
0
1
11
748
4
27
36
0
25
2
0
1
3
0
0
57
1
0
0
0
1
0
0
2
3
0
13
0
0
10
30
1
0
0
4
2
0
14
0
0
0
0
1
0
107
0
8
67
0
2586
7
0
0
0
0
0
2
1
0
52
6
92
102
0
3
0
7
3
2322
0
0
0
1
7
1
0
9
5
0
2
0
2
0
0
0
0
0
0
14
0
4
0
70
0
1
0
17
0
4
67
13
0
18
0
0
2
49
1817
2
2
5
24
0
1
0
2
30
17
5
323
0
5
3
1
0
4
2
40
568
1
14
30
11
0
15
28
0
1
8
0
1
1
0
0
0
91
0
37
2
0
3325
40
0
0
11
43
359
7
0
7
1
2
3
0
1
1
2
0
3
0
0
0
4
0
7
0
0
1
424
0
12
2
5
3
0
57
1
0
0
0
13
0
0
0
0
0
0
12
3
8
0
4
0
13
0
5
0
7
0
2
10
0
27
4
0
0
13
9
0
0
18
0
1
0
0
12
0
6
62
128
0
14
0
9
3
3
0
0
1
6
0
5
1
0
0
0
0
0
7
1
0
35
0
2
2
0
0
0
0
0
1
19
0
0
0
0
0
690
8
0
16
10
23
2
1
0
0
0
0
0
0
0
0
29
25
0
0
0
0
11
5
0
0
0
0
0
0
0
0
0
0
0
0
1
0
33
811
210
2
2
0
0
0
4
1
0
6
30
4
0
0
0
96
0
1
9
0
14
9
0
89
0
1
142
0
0
0
0
12
0
4
11
2
0
6
3
0
265
1
0
0
496
0
0
0
0
78
7
8
0
0
0
1
1
4
47
16
47
0
0
0
1
216
0
0
0
0
0
0
0
1
0
7
144
0
3
7
1
0
26
0
19
0
12
1
1
2
3
0
1019
1
0
31
0
2
5
1
0
0
0
12
0
59
2
0
4
1
0
4
25
0
0
1
1
1
6
179
0
4
0
2
5
8
7
1
0
7
1
0
4
861
36
0
0
2
15
294
7
17
2
0
0
26
0
119
0
2
49
0
0
1
6
0
0
1
0
0
0
1
0
13
37
176
0
0
149
0
0
0
0
0
0
0
0
1
8
0
0
0
0
0
0
1
1657
4
0
0
0
0
0
30
23
40
31
185
2
665
6
1
15
4
0
28
0
10
0
0
25
1
0
1
0
11
51
0
6
0
0
0
0
5
0
0
0
41
0
0
0
3
0
3
0
0
2
0
9
11
0
0
180
222
0
0
1
0
7
0
0
0
0
0
83
2
0
0
0
0
0
0
23
0
0
10
0
0
0
1
32
0
1
12
18
1
1
1
11229
11
12047
0
1
0
0
0
0
0
1
12
0
0
4
0
92
1
0
2
0
0
0
0
0
7
1
0
4
1
62
534
283
0
115
2
7
0
0
7
4
1
0
3
1
0
643
1
0
0
0
1
16
26
203
0
2
0
0
3
6
0
0
0
1
2
0
0
0
0
8
7
0
0
2
2
43
0
1
2
11
33
12
14
16
2
0
9
28
72
57
0
5
42
0
0
0
3
1
0
0
1
0
30
8
0
11
12
0
7
0
323
0
141
45
6
1
18
4
2
8
0
0
0
0
0
0
2
0
0
0
1
7
65
86
1
0
185
0
14
1
66
3
6
14
15
0
0
17
0
0
2
0
0
45
0
0
53
72
2
5
0
1
10
0
4
0
0
0
0
1
82
0
0
0
0
0
0
1
0
4
1
1
0
0
2
1
10
0
7
0
15
0
1
1
1
0
28
2
0
0
1
51
11
0
1
0
1
7
2
1
6
0
3
10
0
0
21
0
70
2
3
5
7
0
13
4
0
3
2
167
0
0
1
1
3
1
0
0
1
6
246
0
3
11
14
0
200
0
1
2
1
7
22
12
44
12
0
716
0
0
0
177
1
0
0
136
0
0
0
0
0
7
1
12
6
0
3
15
8
0
11292
0
21
0
0
35
0
0
0
23
72
5
0
0
4
1
0
1468
5
0
0
0
2
0
144
0
1
0
2
0
4
36
32
1
3
1
0
0
13
30
0
0
0
9
0
1
0
2
5
4
5
30
0
0
0
0
1
19
3
0
0
9
1
2
2
5
0
5
6
282
0
5
5
14
2
9
1
4
0
0
0
0
17
2
2
8
0
11
3
13159
20
0
24
0
13
261
9
11
0
0
0
2
1
1
0
0
0
2
0
7
0
0
1
2
17
3
6
23923
1
45
0
28
1
0
0
1
54
5
8
0
7
0
2412
102
0
0
0
23
0
6
0
1
0
15
11
25
0
0
0
3
2
48
1
0
7
0
1
0
0
0
6
0
0
2
0
0
1
0
0
0
0
4
0
12
0
3
0
28
5
0
72
67
1
0
0
11
0
5
3
2
13
210
0
0
5
0
27
0
30
4
1
0
0
58
0
136
0
16
0
0
34
0
0
0
0
5
1
0
2
1
4553
1
1
0
0
0
1
0
0
1
0
1
0
0
363
13
0
0
3
6
0
0
5
0
0
0
0
28
0
0
0
3
1
1
0
0
8
49
11
4
0
0
0
0
32
0
8
80
1
11
0
0
0
3
0
0
301
0
3
0
0
1
52
0
0
2308
0
0
1
0
1
0
7
0
0
1
0
0
1
0
18
20
0
2176
0
2
1
0
0
0
20
0
0
0
0
0
1
0
5
5
0
0
0
13
0
2
0
0
2
9
0
3
1
0
30
0
0
0
1
0
0
14
37
0
1
0
2
8
0
14
2
0
4
0
13
0
1
0
0
1
0
6
1
0
3
13
1
0
3
0
0
804
0
0
10
4
0
902
2
4
2
100
10
8
2
13
14
5
1
0
0
1
1
0
1
13
0
0
0
16
1
0
2
0
0
0
0
1
0
1
0
19
0
5
7
0
0
0
2
1
0
26
3
0
6
0
24
390
23
40
0
3
0
0
0
1
1
1
2
85
0
126
0
0
3
6
0
0
6
0
22
17
0
1
0
1
0
2
128
0
0
24
1
5
22
0
37
0
0
0
0
0
2
7
3
0
0
5
0
1
0
5
44
0
0
0
0
0
2
2
0
3
1
2
9
29
2
0
4
0
3
589
0
0
0
1
3
1
12
1
0
2
1
5
0
4
0
0
35
7
0
43
0
0
6375
0
0
3
18
1
0
20
0
0
1982
0
2
6
0
4
29
0
3
0
0
0
10
0
4
14
10
0
7
1
7
11
21
16
1
8
2
1
1
108
0
0
0
0
8
6
3
0
6
54
1
0
3
7
5
0
1
0
0
1
0
0
0
0
0
7
0
0
6
80
7
1
0
0
2
4
0
1
1
0
0
0
0
0
60
0
2968
10
0
3
0
0
0
8
3
8
4
0
0
20
5
4
14
1
0
0
6
2
0
0
1
37
1
0
4
0
3
3625
11
0
0
4
0
0
4
1
0
0
0
3
8
1
3
3
1
0
11
1
0
3
0
21
0
1
0
0
59
3
0
47
0
0
0
0
3
11
0
1
0
1932
0
0
0
1395
1
0
2
1
0
0
3
0
5
0
0
2
2
0
76
0
1
0
0
0
0
1658
0
1
2
120
1
66
6
0
0
1
0
0
0
22
0
4
0
1
0
0
1
39
0
2
0
2
125
0
0
0
0
4
0
0
0
4
0
0
22
11
42
0
51
5
12
2
0
53
0
0
0
0
1
2
0
0
1
0
1
1
28
1
3
0
2
0
0
10
0
0
1
0
1
126
0
0
19
113
51
1
3
0
24
0
3
0
1
0
1
912
2
2
2
0
11
0
41
11
3
5
251
91
13
0
0
0
3
561
1
13
0
0
6
0
3
0
20
6
0
0
111
8
0
7
0
0
0
0
5
16
8
0
0
123
1
0
0
0
0
19
8
0
18
2
0
26
0
3
64
0
0
3
0
3
0
0
3
0
0
0
1021
14
6
1
139
50
0
3
0
9
0
2
4
5
0
0
15
0
0
0
0
0
0
0
0
5
1
237
0
20
1
4
0
0
0
1
0
2
55
109
9
0
0
0
0
0
0
0
32
12
0
0
0
0
4
4
0
0
2
2
3
0
10
0
1
7
0
0
28
0
10
1
20
13
4
1
1
0
4
2
0
0
3
0
13
70
1
1
0
268
178
3
4
26
0
73
0
1
2
14
1
0
3
1
7
51
0
0
1
0
90
0
0
0
2
0
0
0
0
4
3
0
0
2
15
2
0
0
5
1
0
96
29
50
32
2
7
4
0
0
0
20
6
0
0
30
22
0
4
0
0
1
0
4
0
19
110
2
0
0
1
1
14
11
28
0
0
0
0
12
4
0
0
1
0
0
1
1
207
10
0
15
9
0
1
1
0
4
0
0
3
0
6
0
0
7
0
4
0
0
4
4
7
0
0
193
3
0
5
2
0
8
4
90
4
0
0
958
0
362
0
43
0
0
1
4
2
0
0
0
9
47
50
0
1
9
9
2
3
0
0
0
0
0
1
1
1
0
4
24
11
15
4
2
0
0
0
22
6
2
245
1
2
0
0
5
0
0
23
0
8
18
0
0
0
44
38
0
0
40
0
2
4
0
8
0
11
6
3
0
4
21
0
0
2
0
8
0
11
28
1
0
12
2
0
0
4
106
4
2
0
0
5
51
0
0
157
26
4
0
0
30
0
0
13
0
0
1101
0
25
0
0
0
0
0
0
8
9
0
1
6
0
0
3
85
24
15
2
0
0
0
11
0
0
9
1
3
5
4
57
746
6
0
0
0
0
0
0
1
0
6
0
1
0
0
1
9
6
1
0
11
5
2
0
7625
0
0
55
898
1
1
6
0
0
2
1
10
5
1
0
0
12
6
0
8
35
33
2
1
0
0
2
1
0
7
0
2167
2
0
5
8
10
0
2
0
1
0
57
0
0
0
1
7
0
89
4
2
4
3
0
11
0
0
3
19
14
0
3
0
48
0
7
0
0
0
0
16
0
3
9
2
0
23
28
1
18
0
0
1
1
0
7
120
0
0
2
1
2
0
0
39
0
13
115
0
0
1
1
0
567
0
0
0
0
334
0
0
0
2
13
0
0
8
22
187
1
0
0
0
1
2
7
0
3
0
2
10
0
0
0
3
0
0
0
1
190
4
1
3
1
0
0
47
2
0
3
0
0
0
1
0
0
0
8
1
15
0
1
10
0
1
0
0
0
0
0
1
0
1
18
0
1
0
7
9
1
0
0
0
4
0
0
3
16
0
0
0
0
124
0
6
0
0
22
0
571
0
0
0
109
0
0
48
0
0
1
1
25
0
4
0
0
0
163
5
1
0
1
0
0
22
1
4
0
3
0
0
0
0
0
8
3
0
0
0
0
1
0
0
71
0
0
0
1
0
0
2
0
11
0
0
0
4
0
15
0
3
33
3
2
0
0
1
7
0
4
121
10
3
3
0
0
0
0
55
1
0
0
0
216
2
0
0
0
0
18
1
0
0
14
0
1
7
2
0
0
3
373
0
22
0
1
3
0
0
0
0
0
6
35
0
2
0
0
5
1
54
7
24
0
4
25
0
38
0
2
9
25
0
0
0
0
0
10
0
0
1
0
1
4
4
40
213
0
1
1
0
9
0
1
0
9
2
0
7
0
42
4
1
0
0
50
1
12
62
5
2
1
0
16
0
1
0
0
0
12
0
0
9
1
1
0
0
0
0
34
0
0
1
0
8
5
26
0
0
0
3
1
0
0
40
0
3
119
5
2549
0
12
1
0
13
0
44
0
11
0
0
12
0
26
0
16
0
1
4
7
0
0
10
3913
0
0
1
5
232
0
0
0
3
0
0
1
31
1
0
0
0
2
5
14
0
0
4
0
4
0
0
0
0
16
2
0
6
1
0
6
0
54
24
1
11
45
0
0
0
0
0
0
19
3
0
1
11
0
752
0
0
36
0
0
1
108
0
45
17
1
0
1
0
1
0
0
0
0
1
107
2
4
0
1
1
0
0
3
0
154
0
0
0
5
1
2
27
5
0
0
0
4
0
1
7
3
3
1
81
46
4
2
0
0
0
4
3
1
3
0
8
6
0
1
2
1
0
7
0
0
29
5
31
0
544
0
0
5
0
0
0
3
0
10
209
7
0
0
148
10
0
50
31
18
0
10
0
5
1
4
0
0
0
0
0
1
0
12
74
2
16
0
46
1
0
507
2
1
0
0
0
0
1
0
0
2
31
1
4
0
0
0
0
0
17
0
108
0
62
6
95
1
7
1
1
0
0
0
0
21
0
0
3
1
0
9
21
0
67
0
2
0
4
0
0
3
0
0
14
33
16
25
0
0
0
3
1
0
0
0
23
8
0
1
1
11
1053
1
0
0
0
0
0
0
2
0
0
23
0
0
425
1
6
0
1
4
22
0
14
11
16
1
2
1
0
5470
0
0
6
8
73
0
1
0
1
13
2
0
11
4
1
0
69
0
4
16
0
0
43
4
3
3
3
0
10
18
0
0
0
1
0
0
0
0
44
5
1
26
2
0
12
1
0
0
3
220
12
0
4
8
0
1
636
0
1
27
0
1
0
0
17
0
0
4
0
0
3
2
0
0
0
0
0
0
5
0
7
0
6
23
1
0
0
0
16
14
1
2545
0
11
0
0
0
1
0
0
0
15
1
33
14
15
1
0
13
1
0
0
77
3
0
1
3
1
3
3
905
0
1
0
0
242
0
1
3
0
20
0
302
0
14
4
0
0
4
3
1107
0
1038
0
27
21
1
0
0
1
6
68
0
1
1
0
0
20
11
0
10
0
0
0
0
0
0
3
27
37
4
3
0
86
1
1
31
0
3
13
0
8
29
0
5
8
0
45
7430
2
0
15
1
1
4
1
1
0
0
80
13
91
0
0
0
0
0
1
0
3
0
1
19
1
4
1639
14
32
0
10
2
54
0
462
0
2
0
37
0
3
3
0
7
1
17
2
0
0
7
336
0
238
0
16
4
29
0
0
6
1
0
9
4
29
0
0
0
1
0
9
25
1
0
0
4
0
4
6
0
0
1
0
0
0
41
0
77
0
1
0
1
2
1
19
17
104
0
0
0
4
2
0
44
0
0
0
0
0
1
79
13
8
0
154
0
49
0
0
1
28
106
789
8
0
6
0
6
0
7
0
0
14
0
24
0
1
0
0
2
1
0
0
0
0
9
14
0
63
9
0
0
5
0
28
0
7
0
22
0
1
6
1
0
0
1
0
173
3
7
2
0
0
707
0
13
30
0
0
17
20
13
1
1
0
0
2
1
1
0
10
0
24
0
16
0
0
3
0
0
2
8
31
3
0
265
3
64
7
1417
1
0
4
0
0
2
26
8
11
1402
29
0
2
3
5
1
0
200
1
8
0
0
2
1
0
10
0
0
0
0
8
2
0
0
0
8
0
0
7
379
1
11
1
2
4
0
1
31
0
0
12
0
79
0
1
0
0
10
3
2
2
0
0
6
5
1
7
3
0
4
0
0
0
0
1
3
1
3
5
2
0
0
62
76
8
2
0
0
1
0
0
37
0
0
1
27
0
14
0
0
1
0
5
1
1
0
4
0
1
1
1
0
430
0
0
1
0
11
0
3
22
5
1
0
0
0
0
1
13
0
0
2
0
0
23
741
40
632
2
0
0
0
1
0
91
8
0
0
2
0
0
0
0
20
1
18
10
32
8
1
0
0
0
1
1
0
0
0
0
0
0
0
13
1
0
128
0
0
14
5
2
27
3
0
29
950
0
1
0
15
10
53
2
0
0
0
14
33
0
0
0
2
1
10
0
0
1
9
1
12
3
0
0
5
0
9
0
0
5
28
105
3
0
0
1
5
7
5
0
6
5
4
1
30
5
44
0
291
13
2
0
0
0
1
3
1024
1
0
0
98
25
0
0
0
3
5
0
2
0
1
146
4
0
14
2
0
10
6
0
1
16
22
17
7
20
54
5
8
0
3
20
0
48
1
0
108
38
1
3
0
48
21
0
0
0
18
2
0
3
0
6
42
13
0
22
0
0
0
1
17
3
1
5
1
0
253
4
0
1
0
1
10
3
0
132
4
0
9
0
0
0
8
1
0
0
0
0
213
0
0
92
1
1
0
3
0
1
0
15
0
10
1
0
0
3
3
61
18
0
4
0
0
0
0
0
21
1
2
0
0
3
0
0
34
0
5
5
4
33
437
0
35
18
3
0
0
0
0
0
47
0
20
14
252
2
130
1
12
1
1
0
4
0
3
1
0
0
0
1
0
2
0
3
0
0
19
0
0
0
69
0
1
3958
0
1
0
1
0
0
175
0
1
0
2
0
0
0
1
1
3
3
0
0
0
11
0
1569
2
3
0
0
5
0
0
0
15
2
19
53
0
141
0
0
19
6
0
0
0
2
0
42
0
27
253
68
2150
0
0
0
0
1
0
1
0
1
0
87
0
15
0
1
0
1
0
1
3
0
2
23
2
0
0
767
119
178
0
1
1
2
43
25
19
1
0
15
2
0
1
0
2
5
0
0
0
0
0
0
1
0
14
12
0
397
0
2
16
8
0
13
3
0
0
0
91
0
9
41
0
0
0
0
0
2
4
12
2
0
2
3
4
0
2
30
32
0
9
0
0
1
34
29
0
1
0
0
7
2
79
0
0
0
6
5
5
0
1
108
0
0
0
0
24
0
0
104
0
0
1
0
0
7
0
30
2
2
0
0
0
3
0
1
0
1
0
89
875
1
1
26
1
5
25
0
14
4
0
0
2
1
7
0
2
0
2
12
0
0
0
0
0
1
1
0
8
0
0
0
20
9
4
898
12
49
1
1
0
0
0
1
1
0
15
106
1
0
1
0
0
23
0
1
5
0
1
4
3
0
10
3
14
0
0
13
0
16623
0
4
0
0
2
30
0
0
1
0
1154
226
1
0
28
0
6
0
12
21
61
4
77
0
83
0
0
0
0
0
2
21
45
0
14
107
52
0
0
0
0
0
0
0
0
0
0
0
271
13
0
0
0
21
0
3
0
9
2
123
14
13
0
7
12
0
3
319
60
25
0
0
3
0
3
2
215
1
0
37
47
15
3
8
12
0
0
0
0
0
0
0
2
329
0
0
45
0
2
119
10
106
0
4
0
2
7
4
5
21
0
1
16
14
0
1
3
0
5
0
13
0
6
0
0
256
0
2
0
0
88
2
0
0
0
13
0
0
13
0
0
0
0
0
3
11
0
14
50
199
1
16
17
0
7
0
0
22
215
3
0
0
1
0
6
20
2
0
0
82
7
0
134
17
6
423
1
0
0
0
1
22
0
0
1
0
1
20
0
12096
0
0
2
0
533
20
106
0
0
0
0
79
1
4
220
599
0
19
7
77
19
1
0
0
10827
0
0
0
219
0
20
0
15
0
5
13
0
17
0
3
7
0
248
0
0
0
0
0
1
0
0
109
127
1
2
2
1
16
0
79
1
0
0
2
1
0
1
0
0
2
12
0
1
1
199
48
8
26
0
0
0
1
0
0
1
34
11
0
40
26
5
1
5136
2
0
0
17
33
23
3
0
0
1
3
2
0
0
5
449
455
0
8
0
1
0
0
0
65
0
35
1
0
1
6
0
1
1
0
0
0
1
0
0
1
6
1
1
0
0
0
5
56
0
0
7
0
1
1
0
0
0
408
0
0
4
1
9
0
0
2
0
26
0
0
0
0
6
1
2
2
0
0
32
0
0
0
4
1
6
18209
0
14
5
0
0
1
5
0
0
0
18
0
0
0
39
1
0
0
0
10
0
13
0
4
37
0
0
15
0
74
1
0
0
0
5
0
0
92
0
19
4
3
1
1
1
0
2
0
168
19
15
0
1
0
0
0
0
75
174
0
0
0
0
4
0
0
65
132
0
2
1
1
0
1
0
220
50
0
389
5
656
2
0
30
20
0
5
1
0
24
479
0
0
1
12
2
0
0
9
