44
4
61
1
7289
514
1
4
4
3
0
87
4
6
1
0
0
0
0
12
0
0
278
2
1
3
0
8
960
1
516
1
9
2
0
3
14
0
34
1
5
209
52
33
1
0
329
1
1
0
3
33
18
10
7
17
16
192
4
1
8
3
1
73
5
66
23
7
0
3
156
44
0
0
4
4
0
12
20
1
2
238
5743
16
3
17
8
16
1
3
1
67
16
1
0
0
21
21
0
14
0
0
16
20
0
5
2
27
12
3
3
3
6
3
5
41
1
3
1
0
21
1724
398
0
19
45
6
15506
29
12
26
81
0
0
0
711
19
6
3
15
0
70
5476
53
125
13
0
5
64
0
239
8
26
73
30
5
3
10
0
1
10
0
39
1
8
5
0
1
1
14
48
140
1
38
22
0
0
73
0
282
0
8
5
43
3
20
0
0
2
1
1
13
15
2
0
2
1
2
3
1
2
138
13
13
1387
41
212
2
6
53
14
1
1
5
0
42
0
23
63
5
0
6
3
6
15
8
2
0
8
2
9
0
581
1
11
29
0
8
16
1
19
3646
59
0
3
8
55
9
1
3
63
0
0
160
0
0
6
3
1
0
33
0
10
0
26
0
0
0
0
0
264
164
12
1
0
11
29
20
4
9
10
0
2312
1
4
1
240
1
0
2196
112
1
98
2
34
4
17
24
9
13
51
1
94
2
13
495
2
5
24
3
133
2
50
2488
13
1
384
46
10
0
9
7
0
12
27
0
1
2
27
1
3485
4
15
37
52
86
6
5
0
57
49
11
5
69
154
0
47
15
13
8
5
4
12
8
0
2
2
210
35
121
0
6
71
0
55
2
7
53
12
35
33
0
46
20
212
0
0
3
9
4
5
1
11
0
4
57
16
11
512
21
1
16
37
253
2
0
5
1
0
19
0
0
261
2
0
7
215
0
17
3
0
6
0
29
11
37
5
31
40
0
4
29
0
144
5
52
1
41
31
3
4
0
16
17
346
5
0
174
31
1
0
4
5117
0
40
1
29
1
9
953
231
1
4
7
8
9
6
56
1
32
141
3
8
12
954
3
239
0
0
0
0
0
0
3
37
7
1
7
127
1
7
8
0
24
149
28
10
267
12
47
5
1
11
6
6
0
2
1
150
0
0
1
1
0
6
43
2
0
2
0
11
33
23
0
5999
2
87
3
3
1
29
4
2
2
4
10
20
0
18
86
10
0
1
11
22
0
3
0
0
3
1
0
140
41
26
38
54
287
25
12
1
4
2
81
2
3
3
10
1
1
28
0
15
0
0
125
44
5
17
7
0
19
11
43
7
6
2
4
6
342
65
8
26
11
24
63
14
4
105
11
20
93
3
5
0
1
4
5853
0
10
21
15
19
180
264
7
0
2
2
2
1
50
5
6
3
9
0
51
7
7
1
0
1
5
0
0
31
3
0
1
101
3
10
1
8
7
85
302
2089
7
8
1
3
16
1
0
18
3
23
0
10
1071
15
0
1
0
5
1
4
3
3
0
23
3
1
0
1
4
0
31
13
0
0
0
41
123
32
1
5
4
2
21
52
141
1
1
3
34
327
27
23
10
2
1306
23
4
0
4
815
24
742
2
1
8
1
8
0
264
0
1
15
25
62
2
35
7
1
14
37
0
2
22
163
0
0
53
0
4
11
105
0
4
10
0
141
1
4
7
59
12
8
636
0
2694
3
48
3
97
10
0
1
20
1
5
258
0
17
1
22
0
2
7
0
21
292
16
1
44
0
7
151
0
0
138
7
155
0
5
38
247
0
41
1
12
4
0
3
1
12
7
2
1
0
2
40
292
18
708
20
206
181
0
9
2
31
3
2
11
18
19
0
36
0
11
0
6
56
0
8
12
4
19
28
4
0
11
61
1
81
0
6
7
127
29
3
1
923
22
115
1
0
237
41
88
356
31
10
2
1
6
6
7
2
5
0
347
0
3
0
80
0
8
1
17
1
37
1144
10
18
15
10
7
5
16
4
22
24
5
4
7
68
2
10
122
41
1
7
1
4
15
16
0
5
10
6
7
81
6
424
0
14
1
94
36
117
21
2
13
1
17
97
13
10
5
2
1
223
78
308
683
4
34
1
10
1
1
0
1823
10
4
0
1552
1
0
4
14
2
0
400
15
16
4887
39
1
5
0
13
1
19
0
1004
18
0
28
0
1
19
0
10
54
3
11
1
11
8
8
17
0
18
100
10
6
9
24
3
15
2
0
72
59
0
9
0
273
0
2
109
46
14
1
27
1
1
2
32
0
1
4
0
4
83
311
11
0
1
0
0
447
1
2
4
1
13
145
1
76
0
1
5
837
38
16
0
0
26
3
79
1
15
102
24
0
54
1
11
2
0
15
0
1
4
1
47
0
6
367
35
3
10
1
3
0
0
1
141
14
2441
3
16
15
0
3
5
7
10
1504
2
4
0
7
22
13
274
45
1
971
114
32
30
9
10
0
27
44
1
5
16
33
3
0
7
2
30
271
2
41
2
2
0
24
3
2
72
0
5
0
13
31
14
1
0
3
177
50
9
0
2937
1
204
3
57
9
1
0
1757
5
2
11
59
0
6
71
1
6
2
4
0
4
2
44
1
8
30
14
70
17
0
10
50
2
290
3
1
3734
24
35
0
1
3
40
660
1
0
6
1
8
20
1
23
80
12
3
149
13
7
16
45
8
0
1
0
16
6
353
5
0
9
92
1
26
56
2
145
0
63
5
1668
92
1
0
139
24
0
67
15
1
10
7
0
0
78
3
43
5
0
44
441
106
3
17
5
1
1
60
0
6
0
0
1
942
11
1
492
3
2
0
1
14
11
53
2
594
7045
1
10
0
7
37
4
7
0
27
0
1
2
0
0
18124
263
961
0
2
0
36
259
15
2
41
5
4
1
8
0
21
25
1
2
128
13
0
18
37
4
2
5
4
0
0
1
2
0
170
101
20
48
1
107
70
0
16
129
703
1
2
3
79
0
0
1
0
317
6
1
227
1
0
14
311
34
0
141
4
1092
0
8
3495
6
13
357
36
0
80
0
0
0
0
0
218
2
0
112
483
3
0
29
4
15
4471
40
0
21
1
0
167
0
12
1
0
4
132
10
0
5
14
56
1
14
124
35
20
9
31
0
19
0
86
9
173
33
0
0
15
4762
64
18
6
12
23
4
40
159
0
179
97
101
2
10
78
57
1020
39
46
2
45
195
1
0
9
3
8
9
5
11
0
0
0
10
926
1
0
0
7
51
2
36
2
52
1596
2
2
105
0
17
4
94
352
3
14
5
272
0
0
4
0
0
1
0
0
1037
1
6
2
2
6
0
90
19
4
6
1
0
24
2
16
9
769
4
11
4
16
31
5
33
155
1
1
115
3
38
28
10
6
7
0
441
1
1
3
0
24
5
30
0
6
3944
41
4
2
76
0
2
6
36
9
1
72
49
37
0
3
8
0
0
0
1
2
218
379
5
0
16
5
1
13
0
0
3
0
5
12
2
2
12
58
0
1
0
0
40
7
4
6
31
3
16
0
3
5
2
0
60
1
1
29
7
14
0
0
146
105
11
58
1
86
34
2
0
17
36
0
3
0
4
730
267
2
1
476
3
4
0
1
2
10
8
2
4
298
25
2
345
22
31
4
6418
23
17
1
1
123
1158
1
54
8
2
24
0
6
79
2
2
964
15
3
9
28
0
595
26
5
4
1
38
0
5
42
28997
7
9
26
0
28
1
11
5
0
7
21
8
63
21
1
40
10
1
17
0
10
2
35
9
18
6
1
25
36
754
3
6
2
1
44
10
30
32
199
6
2140
75
0
5
2701
1
0
0
0
0
4
0
17
1
0
822
5
4
43
8
20
15
1
1
4
1
1
33
103
1
6
11
126
0
2
12
19
28
6
0
2
8
82
4
10
15
3
2
1
50
7
16
3
0
47
5
12
0
11
30
0
0
0
3184
5
0
14
1
0
39
5
0
1
254
14
17
7
135
8
1
6
0
1
1
0
21
1
714
4
2
0
0
4576
17
0
11
234
1
1
72
10
6
36
6
371
60
0
6
12
5
20
0
418
840
5
19
27
176
78
0
154
3
0
3
2
1
65
0
0
6
2
140
0
9
6
1
60
32
2
29
7
65
22
0
0
536
38
706
24
3
10
51
17
12153
0
0
1
7
3
249
18
1
13
27
12
894
0
4
3
0
5
28
6
0
3
37
1407
47
11
183
4
13
0
2
14
97
3
5
852
42
18
4
3
0
7
11
0
4
8
0
7
8
54
22
0
2
17
0
13
206
36
6
0
30
0
3
252
94
0
13
0
3
200
32
1
49
1
319
0
13
6
9
139
2
2
15
81
17
0
5
121
1
1
0
5
628
6
9
8
11
46
65
27
2
0
613
3
12
411
0
414
5
0
1
0
321
15
1114
0
2
2
17
7
0
92
1
18
0
168
6
55
4
3
6
160
3
18
0
66
13
0
25
0
1
1
1
320
0
1
16
1
0
0
34
0
2
4
1
0
0
12
1
7
732
0
1
10
4
19
34
64
11
19
19
1
4
30
0
52
0
419
7
0
7
566
277
9
2
59
3
11
66
35
0
5
33
20
73
65
8
1
0
1
8
26
7
90
7
10
6
28
0
1
46
0
0
3
36
16
296
2
0
1
738
3
0
1
9
1
1
0
34
49
36
644
15
1
1
2
1
4
142
3
0
1
181
3
21
8
483
10
4
1
1
7
970
0
83
24
17
2
0
345
5
376
0
170
6
1
10
5
73
655
1
2
26
1280
0
1
40
1272
23
25
0
12
0
38
55
38
0
14
90
1
2
22
38
0
2
0
2
2199
6
103
8
11
1
9
2
1
8
0
86
14
7
588
0
20
484
251
17
1
0
5
3
14
10
40
17
12
57
16
1
0
33
40
67
19
4
5
37
13
0
190
23
0
4
0
10
0
46
0
1
2
0
180
47
17
5
0
0
12
433
2822
549
3
26
0
3
9
8
506
20
106
10
2
0
660
28
86
0
1
21
5
0
2
2
0
4
668
4
8
0
34
0
2
0
0
1
0
1
39
10
20
18
14
16
77
4
1
125
1
0
7
89
12
25
93
3
5
1
10
0
156
0
8
22
2
0
15
52
8
13
1
23
805
2
284
10
0
1
15
1
1
1
4
16
0
301
3
3
1
834
0
1
9
7
24
36
46
12
19
0
23
51
2
1
16
140
6
175
9
6
19
3
0
0
0
3
29
16
2
79
0
1
6
0
26
7
20
6
32
1
126
0
6
52
1
0
0
0
332
40
0
1
26
6
7
17
1
23
16
7
22
21
453
1030
0
15
55
2
0
48
0
8
1
3
8
18
12
54
5
7
100
95
77
12
3
4
0
1
0
23
661
11
219
55
0
2
3
18
57
4
0
1
1136
0
19
4430
4
4
0
0
225
13
1
1
20
1813
6
1318
11
15
6
3
1
100
26
0
120
26
0
47
2
1
7
39
0
6
2
2
9
0
0
2
144
6
0
85
20
7
3
0
83
26
0
5
0
0
76
0
40
77
4
2
0
0
50
0
16
3
6
0
0
15
2
161
2
0
112
22
6
436
0
1
14
7
22
8
0
10
6
1
19
1
1
0
16
70
0
160
0
0
13
2
1
54
1
2
12
26
10
6
0
9
0
2
25
40
6
416
4
3
56
0
255
0
599
63
4
23
0
1
3
0
15
19
21
2
11
25
2
1412
2
0
2
7
3
18
5
16
10
40
12
0
0
142
3
0
289
1
16
2
3
4
0
18
0
0
7
16
56
55
7
0
17
4392
0
3
14
32
3
22
604
995
0
0
1
0
19
45
6
15
4
0
66
1
1
2
2015
1
2
0
13
4
4
0
9
18
68
6
55
1
140
26
23
2
10
3
2
4112
212
4
0
3
1051
0
7
625
9
78
0
24
1126
0
17
32
51
2
122
12
29
0
11
48
7
0
14
10
1
0
3
3
0
2
0
0
0
53
19
18
48
1
32
2
39
66
66
108
1
2
7
63
11
347
259
374
89
1
35
0
0
2
14
1
0
2
4
3
383
4
18
3
2
5
8
13
171
10
333
2
1
50
7
1219
2
3
14
1
0
0
2
10
14
1272
0
0
95
4
0
41
2
3
0
5
0
10
0
0
0
2
20
0
22
1
6
110
3
293
6
24
3
0
0
185
10
27
130
4
732
0
0
6
2
1
12
5
74
24
6639
0
24
55
10
1
24
33
2
1
0
0
6
0
0
2
2
0
210
0
198
0
1163
0
1258
9
36
0
5
3
13
6
0
309
32
23
6
13
1
4
22
1
463
1
4
4
3
63
27
4
122
43
4
328
1
23
8
0
69
1
1
59
2
27
2
10
0
3
6
0
45
32
2771
2
3
3
35
18
3
0
4
2
184
6
85
0
0
0
14
2761
1
18
0
1
4
0
26
21
4
909
1
0
0
0
5
36
4
1762
59
2
0
0
14
1
51
1
621
20
0
0
0
1
0
2
38
0
19
28
7
7
16
0
1
38
2
16
3
2
0
12
2
1
0
65
2
0
29
6
580
23
5
169
44
8
8
2
39
27
0
6
1
0
4
1
5
2
4
1
0
3
17
5
19
4
4
5
5
295
180
0
7
29
8
16
3
0
3
2
13
0
28
3
0
45
631
4
6
0
0
0
2762
14
2
0
0
33
3
9
7
24
327
5
6
3
5
15
31
3
14
0
1
2
42
28
9
165
1
12
69
0
6
1
38
3
64
1539
18
19
12
49
23
2
2
1
493
25
727
204
1452
0
6
357
1
10
71
15
82
106
37
3
7854
0
0
0
4
3
0
129
4
6
97
351
0
4
0
0
10
11
3
25
1
14
1
1
22
0
0
3
2
121
1
36
1
1
10
12
10
3
56
1
2479
0
0
1
2
39
0
26
0
17
0
12
2
37
12
284
14
2
35
0
4
9
7
1
0
0
42
26
73
25
44
3
3
132
455
7
5
3
1
20
3
0
3
0
257
0
20
23
1
12
15
51
6
2
0
0
20
1
12466
4
1
0
40
2
110
20
2
6
0
1
4
8
2
441
1
39
2
4
1
4
0
648
9
4
4
8
2
20
1426
2
8
104
33
983
5
0
0
1
2
20
0
3
0
0
54
1
0
2
2
36
0
13
27381
72
5
97
0
16
0
1
1
1
4
2
49
4
4
74
20
1
5
0
18
425
0
4
7
90
1
0
3
1
3
5
73
155
18
2
30
1
0
5
212
6
0
2
0
1926
44
32
3016
32
40
0
15
0
91
1
265
52
24
11
1
49
2
0
12
8
3
157
0
6
2
314
180
0
0
3
3
27
1
2
0
0
2
1
3
99
0
1
29
0
0
52
3
2
8
0
124
35
275
28
157
13
1
113
0
1056
6
0
4
5
49
4
5
6
950
11
1
1
4
1
3
11
1
42
146
4
6
0
14
31
40
5
21
5
1
81
0
905
0
26
603
0
3
2
14
0
0
1251
5973
14
4
9
2
0
0
16
3
3
67
103
14
3
115
270
9
9
62
9
0
15
2
0
6
0
127
0
0
16
26
15
1
48
0
4
1
0
0
20
3
65
19
4
0
3
5
466
1
11
28
3
1
7
40
1
1
0
15
13993
121
6
0
86
507
6
7
10
3
14
10
16
1
10
21
0
2
65
68
505
0
6
44
54
0
11
1
0
1
2
11
1
1
1
0
10
19
1
1
27
0
2
817
9
0
31
3
7
0
0
4
16
0
7
1
30
16
3358
1
1
0
7
2
0
90
0
3
262
2
38
2
0
1
8
28
53
2
10
11
2
50
1
0
6
4
1
0
1
4
10
9
36
1
1
147
0
0
11
0
0
0
4
2
0
980
0
3
26
1
1447
1
24
0
10
374
0
18
0
4
1
3
0
1
1
10
0
40
1
23
707
8
373
1
331
0
15
18
405
37
650
0
23
3
7
8
19
0
1
0
3
151
3
24
2
57
5
57
90
0
44
2
0
35
4
3
0
36
2
0
2
108
108
7
5
130
110
45
6
5
47
16
12
17
1
67
901
5
104
0
47
0
3
451
5
1
2
4
0
1
6
59
0
0
1
4
40
20
917
0
763
16
445
0
1
0
0
0
1387
4
74
5
2
0
13
8
0
0
24
7
0
10
2
2
35
4
0
4
0
0
1
0
20
213
12
15
8
4
45
1
5
19
56
42
1
29
5
2
0
4
2
0
5
1
0
1
0
3
12
8
1
2
33
37
0
42
32
37
0
0
35
13
250
2
15
6
45
11
13
2
14
217
11
4
3
1
2
1
50
248
5
3
8
8
45
0
24
2
24
0
1
26
4
15
0
2
3
14
12
0
125
0
3
91
0
0
1
0
63
0
0
491
1
4
462
10
3
33
1231
0
6
4
46
5
32
1041
36
159
11
0
0
0
1
63
8
5
2
27
26
0
7
2
7
0
19
0
21
26
2
2
0
2
2
43
17
18
274
1
65
5
5
9
166
18
23
0
8
2
0
17
60
5
1
90
13
30
11
51
4
19
15
16
24
0
0
1436
42
16
11
78
27
4
15
10
1
0
45
3
113
199
2
0
2
1
76
33
7
55
53
0
48
30
6
647
10
2
16
1
39
0
8
4
0
1
0
33
3
0
1
600
3
131
0
2
12
0
0
3
3
0
8
10
0
3
29
2
20
15
170
0
1
0
500
0
41
1
1
9
0
2
0
11
0
0
6569
26
0
2
12
1
3
14
18
0
10
0
18
1
7
11
0
4
0
3645
20
0
2
1
1848
0
136
41
0
15
2
35
7
0
1
231
12
302
1
0
28
20
791
24
35
422
592
14
0
31
7
0
227
0
38
15
22
3
8
12
207
16
303
3
268
154
0
7
511
1
0
6
2
11
3
0
0
1
28
1
1
304
178
13
34
7
22
0
3
0
19
2
22
0
91
1
3
229
0
1
10
87
0
220
2
33
3
2
1
1
0
3
21
12
3
0
35
1
57
1390
0
7
16
0
1
14
9
0
5
1
0
56
2
22
28
0
11
5
1130
0
3812
4
4
5
11
15
31
3105
6
2
4
260
14
1
2
8
48
17
65
2
557
9
0
58
3
14
103
0
25
790
9
21
0
225
2
0
26
16
4
3
7
0
0
19
24
6
3
7
235
20
23
0
0
2
8
18
0
37
9
17
6
15
25
14
0
0
3
9
8
0
0
10
11
5
0
13
17
0
3
94
68
324
5
20
0
0
25
8
0
0
3
37
7
3
2
9
1695
16
6
3
63
16
0
370
1
8
2
5
0
103
975
12
0
2
1
173
1
5338
69
4
0
34
33
1
12
2
76
284
3
3
164
33
46
217
12
50
152
9
316
52
1
0
0
5
0
3
0
581
0
1
8
13
1
1
8
30
91
0
2891
3
0
0
196
167
0
906
10
170
2
13
0
6
19
0
40
316
48
6
57
2
10
9
0
0
21
12996
0
11
0
141
6
8
1
236
79
48
5
27
0
0
13
3
0
38
0
28
3
11
9
4
0
58
0
11
7
3
18
16
91
253
3
14
11
6
10
1
28
4
14
11
2
0
1444
1
22
2
3
77
1
3
6
5
924
1
3
56
4
12
50
303
0
0
5
51
0
4164
202
7
14
0
3
1
1
42
1
1
37
1
0
21
1
12
0
1
454
0
6
117
27
105
2
2
6
57
922
4
14
8
0
16
11
344
42
2
36
1
0
2
9
79
0
1
0
8
39
61
7
0
394
217
0
12
7
101
0
65
3
1
0
0
0
0
8
7
31
4
13
29
1
122
45
0
2
16
51
1
0
17
0
3
56
2
2
0
1808
0
3
23
738
180
17
6
563
5
307
0
7
5
178
16
4
170
0
748
1
10
0
56
11
8
37
13
22
165
0
23
5
0
1
29
27
7
4
11
22
32
1
8
0
875
132
0
1
4
272
37
1
35
0
3
0
15
21
15
0
0
18
50
2
4
2
0
124
10
16
404
0
1
5
3
3
1
3
2
1
0
7
11
34
1
1
1
0
0
12
146
0
0
34
0
82
12
4
3
11
0
62
63
6
60
109
7
53
0
0
224
51
2
1
1
4
0
0
11
0
1
10231
5
22
0
131
9
2
1
4
1
10
80
0
1599
9
3
2
6
174
0
2
2
1
118
42
29
29
102
3
21
133
16
2
8
32
23
66
3
1
2
2
1
37019
0
86
5
1
2
1
11
0
2
0
1
49
0
2
195
253
55
0
14
3
0
9
1
7
1
6
3
35
40
0
9
2
93
2
3
8254
1
2
4
12
1
38
19
1
0
0
26
16
16
0
2
3
0
39
19
26
5
156
11
0
1
1
11
4559
1
0
0
5
20
1
19
2
11
17
6
0
0
0
75
0
12
3
7
3
0
3
3
26
44
6
0
57
0
7
0
1
4
0
6
0
65
0
0
200
696
39
4
7
9
5
1
34
2
140
1
9
5
0
6
5
9
39
2
8
278
279
35
45
318
0
149
251
0
31
11
16
1201
271
1
5
46
5
14
15
8
1
0
14
36
11
52
107
4
0
0
0
0
6
18
0
3
78
45
0
1
0
2
3
305
13
0
35
1
13
1038
4
24
0
0
24
18
45
7
29
12
0
8
8
55
2
18
29
1
2
11
5
19
0
74
1
8
30
275
340
2
0
90
2
6
107
6
72
0
29
1
0
0
201
2
0
0
11
1569
0
0
1
0
1
3
4
2
4
14
3
142
4
10
24
32
149
1
10
9
156
3
3
23
40
59
0
1
16
1
242
283
8
0
1
0
5
5
1
18
5
57
9
1
0
13
0
7
0
0
2
0
0
0
65
2
10
9
297
11
2
1086
0
13
13
0
830
30
9
0
1
0
74
4
26
155
15
38
55
3
1
7
52
10741
5
0
1
7
2
13
1
53
6
1
232
19
3
0
4
111
0
173
39
60
1
12
40
67
88
0
46
0
14
30
716
24
1
2
0
2
0
0
1
65
37
0
68
1
0
11
6
1
71
1
0
2
25
6
30
50
1
0
9
137
10
108
4
1
18
14
42
35
4
3
0
76
90
1049
3
0
1
2
12
1
50
1276
0
8
95
0
61
8
1
24
0
8
1
1
12
70
6
0
91
80
899
3
1
42
8
14
357
0
203
16
2
8
0
0
677
51
1
0
18
3
27
769
67
0
1
11
11
0
1
1
15
0
208
4901
96
3
0
2
34
10
2
1
4
0
10
15
0
14
17
2
6
92
1
0
259
14
56
5
0
10
8
0
3
1
30
2
5165
10
186
1
213
0
0
0
0
643
4
5
301
2
1
1
760
5
0
59
2
20
0
0
15
716
2
1
1
1
21
0
55
6
8
21
9
0
4
8
20
223
1
1
15
67
60
10
486
2
95
2
3
19
25
1
400
2
73
2
5
13
1
2
3
0
73
59
1
4
1
0
8
40
1
3
18
4
3
41
4
23
10
1
1
63
1
2
7
1
2
1262
170
0
0
1
0
2
0
110
1
0
14
0
2
24
2
366
1
5
15
12
10
26
5
0
0
1
0
248
357
0
361
0
2
12
0
0
3
0
2
2
30
14
0
46
1
0
0
9
4
26
22
9
1
1
162
4
13
3
107
0
0
9
7
36
1
54
15
1
0
3
1
0
5
22
40
1
17
6
31
14
1
0
42
4
3
35
0
3
4
10
4
900
0
0
1
1
30
8
6
20
0
0
2197
0
874
22
5
7799
7
1
5
0
508
11
14
23
2
0
3
6
1
26
1
0
7
10
0
0
12
438
0
0
22
1809
3
42
30
6
286
209
150
509
5
121
17
106
144
225
48
4
225
1
3
3
0
0
0
13
6
86
29
0
12
3
0
3
5
34
119
0
11
36
10
0
1
43
2
3
2
5
2
2
8
1
26
1
4
22
0
0
77
3
17
13
1
3
74
0
19
14
10
6
1
51
4
3
4
0
2
7
0
2
919
3
4
0
5
10
24
1
0
20
1030
2
1
5
16
0
128
2
1
0
50
5
3
6
0
0
6
4
47
8
19
9
1
0
48
0
26
13
0
9
22
4
4
0
94
7
0
0
15
0
2
4
0
11
0
231
10
5
12
1
0
25
12
46
663
0
330
1
3
37
3
27
4
6
1
1
690
17
91
2
3
343
1
1
0
6
722
6
5
19
42
1269
5
6
22
4
38
1
2
1
1
1
1
40
1
24
3
55
0
0
0
5
40
4
1
2
22
17
124
14
16
18
63
22
1
0
5
17
20036
0
1
4
2
4
1
1
356
3
26
101
1170
0
20
0
10
16
13
2
24
1
1
4
1272
0
0
50
0
2
2
0
159
4
50
2
5
9
0
0
8
3
7
0
0
0
7
70
1
0
1
1
0
39
5
116
3
1
2
96
0
26
435
0
18
3
5
1
620
18
0
1
2
20
8
4
9
23
30
1
46
0
213
375
13
0
4
1515
2
7
69
1
0
27
0
1
28
21
1
1
957
0
0
10
342
768
83
0
466
3
20
8
164
0
253
36
2
4
11
12
0
10
3
10
1
0
136
1
0
6
4
505
268
0
18
0
2
0
0
0
1
57
12
1
4
5
18
739
9
0
0
5
0
74
25
60
115
0
29
2
20
2
3
20
10
20
1
6
2
0
38
1439
1
3
2
2
25
25
4
8
0
30
2
1
17
726
0
111
16
5
12
13
213
0
0
7
4
1
2
1
1
2
0
1
1
95
2
39
1
2
2
0
169
0
3
4
8
5
7
14
1
15
61
3
2
26
15
4
1
4
1
10
4
16
0
0
14
14
4
3
2
159
103
17
3
1
1
12
2647
8
1
560
21
1439
3
6
7
4
3528
76
91
0
12
2
1
0
4
0
0
10
1
1
32
5
66
5
9
105
4
6
199
5
2
12
0
7
3
5
0
25
82
67
4
21
12
0
15
0
1
18
7
285
365
42
375
2
3
0
30
5
806
33
1
18
103
149
4
2
10
45
0
0
1
277
39
0
101
42
56
96
2
3
2
8
0
25
1
2
3
4
0
39
2
8
21
0
18
1
24
0
0
11
57
14
2
0
0
38
0
0
0
2
15
31
17
0
0
1
0
10
0
43
2
31
31
37
1
4
1
13
179
1
54
234
4
277
12
0
95
26
4
221
0
7
2
4
298
2
10
0
7
13
2
418
16
1
132
30
10
0
2
73
3
2
1238
8
7
13
4
2
0
2
403
0
11
30
1
12
4
35
1
11
20
15
1
0
4
2
0
1765
92
0
0
137
1
2
7
3
19
2
30
15
1
15
151
8
2069
3
31
3
0
1
1
12
137
20
14
43
5
2
0
412
3
14
7
517
0
363
4
10
10
5
0
37
4140
7
69
313
10
1
1
6
0
30
96
3
4
32
622
0
1
0
71
0
6
0
1
3
0
0
0
25
3
6
24
0
17
0
3
18
1
7
0
60
3
2
159
0
1
7
5
1
0
5
1
0
511
0
17
0
2
0
3
24
2
1
0
161
6
0
6
35
1754
0
368
0
20
35
1
0
0
1130
0
5
3
0
3
0
90
2
41
3
0
6
0
242
4
0
1
6
0
3997
3
0
19
6
233
19
201
2
2
1
3
5
17
10
234
0
2
98
9019
2
9
5
24
3
4
10
0
3
13
12
0
754
366
9
37
69
8
11
0
0
1
2030
0
2
15
0
0
69
5
24
3
0
37
1
12
0
15
2
3
19
0
10
0
18
0
35
4
11
11
0
2
0
0
10
19
2
2
0
1
108
2797
6
6
0
0
0
501
33
18
28
49
1
125
0
2
13
6
4
15
4
19
1
3
24
5
113
12
78
0
3
0
62
117
15
2
15
8
0
11
0
0
126
13
5
3
0
0
0
0
15
7
2
0
33
471
5
1
0
0
0
8
3
2
3
26
231
28
11
0
2748
143
12
0
1
0
0
4
9
4
4
0
2
1
8
26
9
3
0
6
17
2
33
99
1
7
119
0
1
124
18
1
0
0
284
5
3
35
1
241
36
32
11
22
31
2
0
0
0
4809
16
2
0
15
7
48
13
0
0
0
9
3
0
19
1
4
50
3
98
1
18
0
14
0
105
2
100
1
361
27
328
5
13
0
0
0
3
19
0
0
22
10
8
1
1
42
150
28
0
21
314
33
6
8
14
7
80
74
6
15
1
3
20
12
27
48
41
5
24
1232
17
3
3
162
1
0
106
3
0
0
3
3
13
8
0
25
0
33
2
756
64
5
29
0
28
4
6
12
16
12
21
0
1
35
13
13
1
2
4
1
0
22
7
0
0
3982
1
0
505
20
8
0
2
5950
20
44
18179
4
1
7
1
10
95
43
23
19
24
75
0
1
7
0
6
0
37
1
0
0
2
0
0
4
3
22
219
17
4
215
0
53
15
1
2
20
6
1
1
5
2
0
22
4
903
965
1347
17
1
53
4
406
2
4902
27
28
1
0
0
0
73
0
12
355
17
94
4
23
5
12
42
0
8
77
1204
35
7835
1183
170
6
20
5
197
6
0
1
9
9
0
2
46
1
6
0
1
7
1041
1
579
6
1
7
0
0
2
33
5
2
42
1
84
0
1507
0
3
0
34
2
50
11
8
35
6
93
7
332
0
831
4
14
0
41
144
27
66
15
56
26
4
0
29
1
63
19
0
2551
0
53
448
7
59
2
0
140
12
1461
11
9
4
7
157
5
115
1
1
23
0
35
0
0
3
0
134
6
5
0
22
7122
11
6
3
0
16
13
1249
1
3
13
3
0
20
0
219
3
2
25
0
8
21
11
34
1
28
3
11
182
2
106
7
88
55
0
8
109
25
0
27
5
9
1
8
0
16
1
5
7
106
10
38
13
1
5
2
19
0
1
25
0
1148
0
13
8
26
0
172
1
26
7
16
4
2
3
173
6
58
12
3
3
11
39
0
3
2
1
8
0
23
11
1
75
4
1
0
1
0
15
40
5
9
203
1
29
1
39
2
1
7
1
1096
161
0
83
19
136
23
33
3
292
0
18
2
0
0
2
2
13
25
0
2
0
0
1
15
5
6
5
0
26
34
59
2
1
3
15
3
1
4
0
1
31
7
19
20
0
10
261
20
3
9
2
67
4
2
4
0
3
7
5
1
629
0
1
133
1
4
4
67
3
1
29
45
0
3
2
7
251
8
68
0
2285
1
28
14
159
866
6
0
75
1906
0
4
44
5
67
2
74
1
8
527
1
19
7
20
2
34
0
36
21
92
2
2
100
16
39
2
0
1
3
16
62
2
22
6
2
33
0
17
23
3614
2
0
0
36
93
97
0
3
0
0
0
11
1
30
0
33
31
0
8
0
0
0
6
6
12
1
0
0
1384
1451
1
29
2
3
54
0
0
2
3
5253
27
0
5981
33
1
1818
53
2
0
3
496
0
0
5
0
48
1
4
0
1
1
8
6
2
1
1
154
0
4
8
3
3
6
0
358
0
17
17
6
2
258
9
0
22
0
1
31
186
17
1988
3
22
50
6
1
0
75
9
356
89
2
3
7
0
8
0
0
16
95
81
2
42
1
17
0
2340
0
5
1116
19
0
42
55
40
6849
5
1
91
2
0
20
11
137
3
0
2
14
0
8
45
0
11
47
276
7
15
8
0
4
6
82
3
0
3
462
30
10
4
0
0
1
6
177
0
8
1
0
3
0
2
2
1
0
94
1
1
3
15
39
14
0
0
27
106
0
1
1
12
6
4
5
2
1
30
8
6
0
43
14
34
0
90
376
5
4
0
3
6
223
0
57
15
0
1653
2
3
35
1
213
53
1
124
0
10
0
8
10
5
8
5
3
112
4
12
114
6
5
2
21
0
0
12
7
6
4
10
10
6354
2
39
1
17
3430
55
3
46
10
0
17
25
2
1
172
1
2
0
1
1
8
200
54
16
0
5
1
26
0
0
6
4
2
16
15
14
50
5
1
1211
1
26
1
0
1270
6
135
12
0
23
220
1
14
7
2
414
0
89
3
0
3
0
2094
3
72
1
2
1
0
0
16
10
1
9
9
9
0
103
12
20
0
3
0
304
203
2
55
18
14
3
23
4
16
0
15
67
41
10
59
3331
6
447
22
0
26
61
20
0
17
31
15
5
16
16
1
1
4
3
0
1
6
87
1
1
2
4
5
34
16
1
403
13
3
9
245
0
0
92
49
93
2
1
27
133
42
1
22
2
2
6
24
15
5
3
44
1
866
5
29
46
43
1
10
3
2
58
2
25
6
16
0
1
54
19
0
601
57
12
1
8
3
0
8
20
0
0
7
6
10
1
0
2
0
152
114
54
0
0
1
4
38
3
89
292
92
1
0
113
118
2
2
2
0
2
54
6
7
0
31
0
0
23
805
0
86
18
4
293
0
4
6
3
1
1
9
24
21
11
2
71
36
58
1114
15
1
0
0
3
4
3
8
19
0
12
3
36
4
6
11
24
2
8
1
12
4
282
0
1
5
9
5
44
0
6
2
12
30
4
2
12
11
52
5
60
85
133
0
4
0
0
1
29
3
0
806
1997
10
32
29
0
534
8
370
0
2
16
35
10
7
34
4
20
129
1
2
1
7
2
1
18
0
54
14
7
70
981
22
0
1
2
5
9
1
44
1
1
18
97
5
6
15
13
0
2
0
1
10
23
3
7
5
1
1
26
3
334
4
1
621
10
724
8
458
37
0
85
0
162
23
4
15
0
5
5
0
11
13
24
44
78
35
27
10
32
1
2
4
13
1
1
5
50
0
19
3
7
2
63
20
3
0
0
10
6
12
26
1
167
5
3
1
6
6
0
2
6
11
201
18
6
3
32
1703
3276
294
2
3517
12
0
8
267
31
14
32
250
2
1
1
23
106
8
16
32
8
21
0
554
9
4285
3
6
19
3
41
9
0
0
1
16
2
8
59
0
2
14
26
0
1
5
3
0
8
1
5
6
0
0
3
52
0
21
4
0
8
14
1
125
0
14
95
48
2
123
149
0
109
1
4
13
355
0
0
0
2
41
33
1
13
222
0
1
4
13
73
217
13
18
427
37
19
3
71
0
0
3
0
911
55
36
16
292
0
0
46
10
234
75
1
20
7
0
3
6
3
19
55
4
0
0
24
1
26
511
1
2
0
0
6
2
13
1050
32
8
2
7
45
27
0
2
22
0
1
1
1200
28
0
1
4
274
0
0
17
19
90
0
11
0
0
1
109
45
93
7
157
180
27
8
95
4
0
0
556
0
16
3
10
18
6
0
1
86
0
14
2
2
1051
1
24
8
1
12
27
0
14
8
1
1
23
11
0
0
2
3
8
52
48
11
19
1232
12
109
6
0
71
17
10
14
0
1
2
2
20
0
447
0
1788
3
14
2
5
0
32
368
0
11
0
0
11
17
4
0
6
8
37
33
21
4
0
0
1
92
1
1
4
13
0
1
0
6
18
5
5247
0
0
3
576
1
0
17
26
0
26
0
1
27
55
22
20
54
157
30
27
44
43
16
1
0
2
0
1
20
16
15
46
14
39
31
1
0
2
0
10
14
2
23
2
1
206
2
14
19
87
0
11
1
2
4
0
19
1
5
0
21
31
45
8
4
41
4
0
5
6
0
34832
83
4
34
5
13
357
902
6
34
0
0
113
0
0
0
180
16
13
47
404
94
36
25
6
16
2
6
52
1
0
0
42
2
3
0
2
4
448
6
3
22
0
54
3
12
5
199
12
49
5
33
0
37
61
0
28
1
13
4
11
21
0
10
0
25
4
0
29
7
213
19
0
1
30
2
3
57
29
0
0
1
14
1
4
377
42
9
1
24
583
23
9
0
1
1
7
648
29
0
70
7
1
8
149
12
1
2
13
5
74
0
33
32
850
36
29
1
5
43
33
0
2
4191
0
28
72
0
121
4723
19
0
3
4
0
0
11
16
36
20
0
147
3660
9
0
71
0
1175
70
218
3
1
15
0
5
0
2481
27
2
1
1
4
10
0
19
0
0
7
4148
2
10
3
203
1
0
7451
11
10
4
2
1
9
18
0
6
0
21
1
0
0
6
48
2
12
2
4
6
149
21
36
10
0
115
16
11
2
12
4
0
8
0
16
451
3
1
1
9
421
5
2
7
15
78
161
4
52
22
23
4
5
18
32
46
236
1
0
20
7
5
3
113
0
3
750
0
0
124
76
2
6
0
5
3
0
254
0
1
78
0
0
5
2
0
16
31
60
4
1
0
0
0
41
6
1
28
0
0
0
0
1
8
1
0
128
84
0
0
33
961
7
0
4
0
4
3
60
23
0
49
360
0
5
2
2
10
5
47
4
12
4818
684
64
17
0
4
8
2
0
25
2
1
45
14
178
30
2
98
228
1
996
0
5
3
0
40
18
10
2
1
2
0
36
1
0
0
4
57
27
7
172
9
773
10
0
34
1
13
0
7
1
7
16
5
4
4
0
4
3
14
2
4
0
0
1
0
118
6
1
535
5975
276
0
39
17
55
0
0
0
2
10
116
0
3370
8
28
54
6
485
27
28
0
8
1
0
30
127
3
232
41
3
16
0
10
7
0
16
0
3
0
2
2
1123
12
859
3
4
8
4
2
2
2
0
10
0
19
1
11
7
34
84
4
4
4
8
120
0
5
23
1
2
5
3
1311
1
1
112
2
6
0
30
1
19
0
2
171
150
1
24
11
53
6
