570996
1100258
532001
3984384
393010
1077602
501444
915583
1276374
588256
1904729
1077638
1822035
1599593
1026487
1583777
816975
708267
3364611
871329
7756077
793013
661976
1139821
2259627
16616526
706768
1014290
3347978
794571
525210
7513602
798708
969725
282497
1165508
1917371
1474547
843736
3311559
9082372
938311
2924518
13614390
352054
1051419
908615
763541
23168325
1063064
1322595
540597
987625
692162
515671
527973
1150338
24199597
2678547
1276871
823543
534593
450944
420245
12140419
5108860
661136
544803
14558460
3842464
9523020
544830
8975155
1601203
7687208
3862754
1123924
1259220
3488312
621856
11468817
924265
688419
978180
4320154
711370
1550016
2593697
2226981
859439
286666
1078757
1724971
1673390
341338
1571632
725370
2810719
547081
4818457
884438
812901
1202711
576878
5605229
38827319
494004
614581
801241
524273
820280
1612166
350204
3296022
2715824
1709433
5728606
468666
1774696
1832095
390172
747874
1293236
927354
1162414
9977855
1476668
465601
1007386
3060184
1534396
492518
2720058
1381915
4034966
1269377
1752457
2119061
869214
654449
1972596
527229
689867
2315672
3451029
1197837
645803
2876976
795942
1455095
8909051
2860787
2331492
9041624
490782
763110
1491281
1029718
597834
1622421
1193202
326532
5380855
1108015
4267689
6653450
1765071
1768181
983700
765454
292909
5845007
588333
3175802
337155
1145474
9958527
430081
13340641
1824700
3933030
3997131
724120
6126693
3356764
1089104
3481713
1499701
2326385
1084450
1448054
295013
1091304
3761765
777326
2067165
1484268
684737
1573848
536902
1137274
1004790
2192042
661598
536324
407912
1939888
847376
832859
2059625
1447159
488747
7424974
2768229
2870269
1188325
1209954
10964318
473265
518868
2186330
438446
4613308
872191
3424082
9712100
848994
1812894
1831592
1349440
488168
3838239
2816257
10442211
553177
4788860
392401
6011710
875312
1551917
860197
1708701
228501
937470
701739
20401805
9751616
270018
391751
807728
950716
26862887
613455
1000856
1154249
621903
5018393
2749761
400765
1166006
965151
9160928
721016
667187
721721
787207
132844
4213230
429853
1794662
2620266
747286
578093
2329207
616682
295783
713287
1606030
1588758
11352812
406863
1051913
422437
544850
13417205
1795757
497747
5801536
1211482
1773506
906734
321842
1232072
1139228
4170843
8184080
1151389
739147
2632106
1012215
392475
2547695
615918
1383986
2637722
7246979
688732
3239570
709270
751326
1258607
2779085
697632
12199110
1723739
4911496
924619
1377509
691745
605415
1844315
1884486
16937152
5711259
1971745
1008071
987744
375238
6373527
13327840
1825728
634161
574972
1138785
524785
748383
8286930
1191910
1585584
403453
11339253
692412
1350777
615844
4499461
877051
1799903
1701658
1164580
766439
783139
684484
258360
1618606
14630899
424328
651590
5188067
365033
927286
1222537
5558696
2416406
939935
6912568
712814
744618
1394713
265068
12523510
315046
2460941
1427201
8623810
6711873
2778838
336066
444643
1175684
1354368
1755761
1369516
6644430
1197058
10034767
1391791
26587803
767571
1659597
3952494
3204515
2956651
335318
1439318
714555
890164
313896
2625177
2164655
1021472
3850764
3698478
798316
4463792
9582251
3601091
911461
6788519
1169489
3136709
3191381
784472
3185536
504235
698923
15641744
1968826
2088421
1365058
395148
4870933
3289200
509602
3582623
2492090
2395456
680130
8614523
1033786
8484056
1560013
981046
2866488
1782090
535088
797949
428373
1031263
2252713
1107346
1935941
1025812
2070132
18739009
7035798
867736
1528355
4519888
1369597
522637
235679
653658
1006721
233508
973245
5252737
995187
4223597
13177745
2597287
1601582
2457789
695097
2341227
47464128
1600444
2361199
805047
744734
4672478
3117284
879574
263950
748010
870108
1065779
608742
574381
563217
5630508
4771898
490993
194910
506866
1951097
1195644
1033435
633163
1322104
3907657
1184325
694962
796406
2030475
428666
2659317
940466
886612
959675
1250217
7035807
922050
1239067
15394628
385984
1280821
601517
4638779
2162910
2949142
2092009
811537
2872633
1813430
1128870
2948800
3504671
871719
991415
1470869
3071181
4256428
2538386
2495878
1847564
3880624
2648268
1083429
6518979
2155110
2428895
2911450
5040048
333755
791348
2252315
7371353
458179
5988925
5623493
1823110
7914270
22497771
1297087
698638
1542395
294121
14465128
951361
5611164
2099808
2513524
851054
21078537
681788
1077574
610953
567795
719059
3670412
990924
1009702
337572
1971293
17124573
1233003
668232
883992
3941431
259531
2245419
358976
889010
5878968
3953475
5241865
393998
1260607
553736
497806
1882972
878090
1185293
3531308
4057290
500440
3401654
1865027
7912617
21353921
603076
1259453
3966289
19472073
236370
470166
1653958
28638019
891186
689166
1905368
528761
3382055
1323864
11199663
472049
695086
2180150
866581
700071
1015442
712869
470889
4156635
1329505
1046581
707284
3672001
1123564
1434340
516765
313726
7005665
1320058
594109
2579295
1137797
1251884
1904655
1195064
207728
5315346
4428271
1892086
634576
2324170
10932707
1032236
524625
352098
1750623
320619
8270733
1079472
2473738
499780
890062
807467
553928
3036577
6568257
2211188
997193
191883
723250
1713138
2554610
178561
1119209
3127264
1785310
1026552
3404738
498122
301423
596280
1605093
488251
1545600
1031001
414691
9457164
520593
1167284
4875323
512386
2189089
483984
2189815
535282
2444745
986480
422483
3421421
3162031
490515
7604861
5460684
752256
1562699
1406441
2898930
4841925
13888077
801788
6754298
2474423
4573559
1135860
5919695
532961
445509
2293161
5240464
788028
454610
2368339
871743
1851211
324847
7552932
1249044
15004088
2830069
233115
738713
1415552
2109260
1292236
479439
1721526
856021
4484439
541435
1699426
353156
1395670
850664
4231044
1889738
1803263
376046
1551392
997367
1472971
4548866
1384655
2949331
3886279
1151765
2226279
12905258
6046471
1605781
7653594
386582
2867773
8257217
1243472
1029577
4315696
8189670
966457
584533
7597773
1674635
1378039
1429948
789677
4341276
1334968
825682
1503905
8752362
2239381
1352280
699565
3897900
3891827
11072850
552843
1344902
604343
6169193
2390121
1094811
2001672
1554099
1886273
384627
4038510
2023814
981300
9215309
1783510
250904
1167390
952565
1243411
493282
1984196
1697727
8617663
5393904
3090831
916482
4460793
1443947
259564
294865
1750662
1017363
676041
13568363
5824177
29011677
765457
317949
262154
408993
3109581
817896
3251525
3141753
1644039
858349
1103366
1010628
950963
1637129
758895
6328352
8134005
4309250
1307925
680949
1420614
308298
4731662
2864380
219098
571949
2372670
1209827
1418034
952624
6998088
1954213
723539
2597894
7244831
5969600
551198
2444813
2833678
3582466
1868117
476785
4480327
2387240
2327774
2729669
603635
577923
843426
817771
2467888
2614020
2400451
374819
9024117
2552724
1794545
633800
857368
3528628
883813
438680
1124579
622838
1169836
968038
726315
414419
8323435
2007591
2161510
509112
659472
454867
467636
973812
635940
3234622
16954981
1261201
1249046
7455757
5387596
3966760
3365022
4028690
768492
115337
510633
25019074
860921
3289855
2692726
1522712
1493397
3237061
738381
850534
1199805
2124802
1592715
705943
637135
18606185
418734
2423895
673923
1746940
356043
3655774
1806238
2774459
7745749
1429157
2976721
2132532
280321
268476
487168
407770
737330
720531
955276
460673
2717711
199524
6237896
11892547
754411
483867
1716481
1824927
1081886
1050032
1499462
487429
1982776
6055411
2222816
3019434
4372302
3006214
2535530
474640
1076366
557729
8651928
1255992
721666
1854939
3248923
638949
3543542
6058680
1593213
1907048
2985332
1607344
8299929
4638158
1925331
13234335
471250
1844380
1284505
2036025
7841182
169488
1521791
960498
1721772
1106231
5373608
3390657
6746205
1183167
452711
1297308
1321432
2147702
25835709
5052870
749939
959650
868269
526576
1631993
4268690
1925482
993724
1516851
581749
785427
5034940
4053030
3243059
3336383
600719
2183565
15800687
483063
742003
1495798
5487188
814860
2424167
7648555
1008278
631254
645594
1650894
634900
556758
934725
709956
14128309
1366543
523361
251342
1456831
1495740
1520836
618601
656885
2158076
5354331
30176007
3334888
656643
2764724
1625439
2884130
8956599
1127020
2585874
1822502
233891
3679790
3852859
3999580
408190
840331
672228
3200925
7860486
2494318
434388
541766
582219
1637987
589672
713290
3167089
367141
518066
585350
534256
622429
1456609
1060250
555091
2806907
3188517
1268711
3599540
1064404
2995119
4533570
770077
2956819
3295248
2217716
400536
11913355
2581449
944806
1702515
2578482
765601
3596819
526683
703432
3400028
2627715
2156398
6745320
269941
1523325
1522885
648211
3070163
1180913
895453
6370652
9346880
391148
7873473
783812
990937
1564993
4119754
6341452
7053433
852563
5945629
1839618
11718684
5725775
1019951
849788
466360
881636
703181
1785069
2037168
1438091
398735
2155905
7576849
1119386
10931344
2229935
1316187
1181880
581835
1522991
2733244
4064337
688070
1575754
978519
5362195
1842810
1104298
758414
1198093
8114573
563348
3473770
4410855
804079
738455
1792013
1102464
2913482
1678386
2814773
1391122
4078913
9735985
1057851
1493140
290614
1264936
1943783
2323708
165709
4615050
6703979
1897112
1472459
792630
13468705
456156
418600
412061
18086360
8509550
3756827
391570
1933053
15805634
563384
2784454
412351
1562940
389771
617397
5739130
718370
1373150
838706
515312
8193987
1200444
4336388
661319
8010352
1427347
456881
27772270
4338613
656073
5176142
1257489
4279501
463354
9311566
8801915
963589
1048718
6504658
1191985
5011193
3633427
795674
2638964
21871251
3604738
11705959
1281248
625648
807117
1755276
887872
1511203
595169
667170
1363339
1996548
1419909
1032099
579453
1153103
3013407
3117712
3888838
5317926
863237
8389869
1462848
1569311
985577
5238366
1572279
2464693
1783532
4023880
669312
5870652
667443
4237784
233615
1754910
1330152
304477
3731656
362941
1774598
802284
7278266
346205
8120431
9967774
10115881
1863161
2119841
2983000
11241158
3413937
744201
5880489
2567611
7518247
730388
254609
645790
2585392
1558255
390373
1543274
444668
851661
4195073
826579
758491
2354621
761016
1303590
851903
2874717
1475134
1168074
699129
1151288
545228
2703785
1230425
1445663
685630
549635
4371356
5077845
4078331
1173056
1665070
1564028
149019
643713
433597
2073127
625077
4855399
2054133
977353
794007
554825
1384805
3950757
2657492
438099
1472255
1253741
3475729
1316922
507024
780796
1089558
439285
590533
6765832
2361491
692157
3234378
4084567
3943163
2508245
1717602
1990604
6791842
6110894
2138363
2043197
2218334
5287852
592228
1762649
1199368
2515843
907740
961305
4249594
241839
4519665
1223878
839481
1450548
2188094
832298
788010
4467693
2126502
3192318
656253
10326616
923438
12634532
4325006
600094
12650042
744227
1162276
552949
5779866
734663
673222
1550205
878731
3069511
631321
1292397
1472478
1937245
802422
892192
4908781
1599020
699409
696560
8148279
2068003
524726
5063809
941316
452432
29376777
937519
651851
991526
582930
726674
689817
593874
762744
1969402
2152083
981240
15499064
2792795
609265
4846357
287995
17474340
3735306
1074889
559579
1954487
3217463
1125086
2057069
6881790
590952
377852
417583
16268357
4253164
2105353
1280527
601263
707730
2423956
18673320
1974665
677850
1167711
788957
6699060
6312759
1220005
1194210
5631877
946205
2649190
3874497
1829629
2073098
1899337
4644039
5050431
665875
4778248
9383156
4588909
4307810
2859846
847345
1738331
2989475
1903643
5412365
1759737
4833462
1690016
572723
937966
7479547
948644
4550407
491192
1433443
3650279
1908644
799421
760125
602266
526582
466220
2332658
302044
3781304
3254832
3308231
4819804
1600762
3593308
3837644
5918145
2965861
1340288
1965510
519457
1778221
719133
1195814
1963752
1415367
842347
8242765
5573280
353924
582065
5044124
2319792
7164084
864750
1321219
1170372
1684335
869046
3588604
2139719
635401
520044
1587577
1479901
1156040
1993688
1940685
6124629
669452
1956890
315357
473589
4211186
284993
4179796
4055532
951063
515630
361784
609083
1452435
1426169
3969732
10279495
5840940
460532
5545534
503492
15965912
754563
2629298
604752
2720101
1128601
1636790
3365116
6653231
1894146
2532558
551352
498752
1238808
1271651
1788075
895959
4229247
719931
1047904
804329
1203496
8009779
1432990
1716667
5283353
434505
658264
1362031
2449742
8551404
9735159
1920798
786415
3810945
686840
2283595
6102035
5655953
1550040
2848724
3375950
1579345
11306569
8180202
588533
1613756
892040
786271
1559855
1424286
9608457
265031
1452071
1738906
396326
530798
1169230
2487976
4985742
13983146
3155365
439885
5153732
1865592
2078670
2980573
529239
17305214
997363
1357586
321697
1276524
656523
1142141
841559
566216
732507
740961
1308891
2734741
408179
2255863
1023542
336506
149468
1085570
5632580
16549676
6435923
1340745
709009
2573232
6400818
5892678
1658281
3221392
1369739
5559720
1015015
3440470
11700756
10654229
883022
3129997
2061473
1004831
2280282
14034153
414633
663728
1156890
3130373
385776
1475983
1145672
900352
1956619
5396288
1276639
5158531
402355
1819143
479850
515142
2458495
531565
2412896
343180
497967
230097
1341568
4436471
514324
7103992
2389993
3518412
4844360
10716603
2629344
2660497
4338735
933645
1020468
657213
1154885
1976128
611427
215435
833269
4549500
9736129
8261264
855232
2429838
1753841
4171023
4870259
304379
582583
731624
1761417
2163964
914877
1961566
13746759
323869
4325139
1215000
548073
1506837
501983
2489999
1200584
22125369
4254753
4134369
1413611
1134353
1573486
1729965
3777939
8974063
1318191
573886
1758155
4234304
488957
1447487
1942461
974632
508298
711296
1709695
1472882
3210393
5255138
4203198
1262888
2365739
22710233
1021948
1775146
895937
1692377
733643
659616
9935140
11511109
3952211
1077200
1753603
1309934
471361
420778
628455
5172839
5445693
4204945
997338
820090
733873
653085
2467484
653290
639066
758316
727845
1493241
708930
825070
824112
409347
7911275
1956560
14937925
920859
523829
814909
1725069
1452996
4132025
1172750
413810
5009885
1692303
307862
1998076
3959308
645644
2930788
4357660
5111582
572841
5926151
577442
547198
1991305
3698552
687509
1113289
1120572
1289214
408045
714568
3113626
2573015
3914111
22347457
740782
460736
4669937
529319
12065524
10904189
3275896
1483445
361527
529442
1206087
681676
643055
490198
1534998
1397415
2290367
1219676
705933
2090121
729032
1519011
1215579
1217725
732091
218152
2907336
734883
1061607
4804780
485971
2915405
3551890
395583
7085849
2270616
1505802
1570000
2253216
1284166
407367
3578139
1389603
1762343
1778513
5712227
1984039
5037015
1200380
684432
3231042
1127860
525663
733235
21316998
42586164
894733
546319
1993998
2724238
843902
889385
2120585
452063
1201316
3526045
352457
1822666
1732400
4246114
1689706
5520329
451964
599163
2257267
16867507
5672845
567619
1330893
814006
2168395
1541661
695041
457058
292325
1868609
1088299
23678055
3165069
844641
970248
451616
1285366
292022
4355977
4558090
3472832
1072549
4479300
3000364
2209715
7522163
902627
2712668
2040479
623854
4266022
3016685
1090858
1504566
11678642
475244
3914567
7518397
320889
745959
3581076
6053138
1069759
3718193
251640
720063
411379
532538
1059940
714809
825360
179203
3259502
1853716
590196
1710744
580729
970728
2549468
1971429
1018170
11902774
912970
7002391
1575032
2348206
3121509
449325
1244351
499625
1044025
2297169
1868704
1120754
2892745
487703
5482851
646501
731583
2413608
637775
7094191
678196
460548
3314483
676132
1194951
875604
1254845
6027271
2671989
1020418
4014494
1254445
4098338
21915679
471920
1460074
635537
1575464
3866914
1250166
627254
640482
1168270
2587238
5444762
350642
1228572
5191182
3909794
4444086
2990394
1824281
1115943
533411
2975064
579135
853160
1060363
572116
6973569
125446
3102214
606945
5557673
7257867
11978106
2005219
701817
4885027
3239261
3153740
758438
906251
926582
569467
1206500
1657145
10314760
304870
3319767
3754301
1789385
928638
746869
609088
924548
2129333
905422
3156317
7126129
3522242
13379004
5980585
620148
432505
2245007
664887
764466
608519
1411543
2054294
2386052
2720735
2551978
1723125
3691900
4395604
2931678
1108985
1340505
1299553
290004
3468891
6821193
1136629
136236
421560
1271962
2022977
1678155
2472076
1559398
684802
7253324
6869949
9755058
1613274
2005930
511134
411539
1099879
351009
857244
679747
658706
3871228
464955
1190192
3051039
669451
1448921
438109
475773
1005009
11535343
1587407
5248756
6741662
407436
29260795
471226
2468622
1689397
1819889
789129
1401648
679993
907794
277301
7417498
1219500
4716188
762421
10427484
1097860
1760183
734937
324993
1769109
184070
2815482
831592
16296104
4234629
2751369
2765511
2382966
1991810
664649
3640958
739876
2128421
1296343
563264
517359
817112
944969
14120179
390267
511522
3649911
1050496
896573
4570637
1114523
3073385
685256
1460131
331513
2409703
2420284
524326
816981
668485
4466081
899175
2615317
3513220
2013720
2072453
866524
396521
1306371
10802936
1187310
2960325
2958152
376774
2151818
1479255
3892131
5085187
2336479
3377610
1289645
1054068
990567
777992
505303
3257993
1175639
1433891
1030853
614191
1697618
1274098
2680530
25557936
430926
1524607
252650
542467
6348330
276967
1630533
507407
1184928
577010
797935
5247867
474462
2549330
2743477
434381
989954
4229528
1301501
3147638
498890
14332631
1856017
656442
2055721
782631
3026482
981854
3618625
191531
1327311
752970
405057
656723
3204239
559309
2856409
8115352
882648
744899
688916
895303
1108341
1583646
925060
2277846
406691
5438091
379657
378592
561462
1502930
1069214
3754472
3514667
1687760
1168832
925959
1054588
766122
933829
593883
348869
408665
614303
1672415
8075401
1301095
562109
1400766
813553
3021718
6004891
6685058
1819213
1120710
743598
547317
1706621
377567
10229401
620923
7276109
441704
1279493
720546
736748
1105515
622480
1606077
3624375
836457
772599
5569144
1203554
1957440
1844403
358956
1490206
327121
1896638
150746
886921
1098973
825097
638212
5109474
7866553
947403
854300
2862788
2652784
1772664
1814857
679138
893224
5854623
1969324
1039698
1191043
608477
437531
748800
3257250
1866152
5463921
571759
3046621
2169991
344139
14574169
1795530
433944
682918
2848696
714615
972352
1254035
2217531
7556789
903487
2951423
1245234
1266938
934851
1909320
1001894
906907
7608656
705608
9371359
853410
364307
4376141
583115
20793968
4394969
450603
3190893
3260394
5736199
5754284
1872383
2215080
465412
1478896
529563
2434702
640137
4630169
820411
3632435
1381213
711970
418689
2633384
1609178
1126548
291637
5087254
1051349
573759
1107182
11487813
1270238
1554671
12024834
4213416
1147340
4331841
4447248
715716
817140
942126
786800
1157839
224184
722031
1092489
6303351
1263130
481618
2358335
993645
3972424
1588408
24437941
1012749
2331600
532018
1769136
16534877
2758096
952563
3060301
2772258
528223
5131787
2314062
1230287
562896
979381
7382401
436932
321872
4656517
1086134
5889394
3030468
5671160
1264965
2254437
6450070
2012354
7913602
1296579
124237
433172
5599110
5648838
1231316
573167
5402848
3079602
406463
14547380
1857297
1982560
4831184
1196096
6406986
952530
8373950
677351
1708463
3698962
5041293
2547074
560345
478502
5954959
439965
904250
446079
5032024
291746
399015
1118880
1473356
2434802
7701754
2940847
1401793
1020294
700635
7068159
1323912
17862703
4155049
8040476
1820340
1815025
1548740
1069075
11028867
845397
4473869
1974370
1345831
725149
1594348
1206392
335435
1383440
537458
586167
582964
1885740
1951538
1645628
1968985
2237790
1136594
475752
9148186
1720480
1567104
1386157
1431122
533476
8422730
1702348
654998
834663
1593592
14215867
13368463
341601
1014015
1934106
3147356
3095273
1223437
4749601
862240
183020
1259991
1380630
3379156
475614
1405864
836497
660972
1309326
2859799
2685720
3847826
1896984
2234289
4976543
945058
3158875
1362536
351375
4833197
1760972
8324940
528260
1974713
15263206
6202321
480543
395062
2378585
516947
1731869
9701858
306792
261720
952816
2530776
1408923
959250
5242062
639880
8604802
1852198
1601699
4330753
416607
1900744
458066
819650
1352662
1317084
1200289
1716878
1583192
268727
1961794
2758026
513895
594291
4387886
1365178
4208859
855431
707938
1091550
1393479
903519
354122
561816
372406
829816
1283808
426219
1479610
371750
8114051
17006789
916214
715609
461882
6501847
6454861
475253
582274
1061733
1928518
587553
7167692
3517251
773670
893144
1180526
4243100
1284773
890637
988959
400090
2410746
1079765
3433265
597280
580448
911690
2147569
6826397
1494946
653729
1350153
1219880
2364464
1509580
1454842
5397647
1736212
483298
715048
1627375
1446591
1613418
860499
1928263
1672700
615822
4253671
958890
4159040
805064
734796
1960121
314575
3005594
5351086
637467
1044731
1705518
6416646
782680
2164244
2804567
4122283
18632365
2075224
844926
718592
1926675
2982614
775162
1499845
1508593
1573996
5728731
1188159
665890
7098998
262834
2621218
950498
380895
8117639
4204348
3942843
2293182
976330
1572188
1270322
1707059
402918
4522295
6324047
1290668
2126254
2639035
4070701
626519
1523692
3388838
1452156
2325054
5582286
464042
10963384
3071303
1086457
836896
701151
4484357
888735
868907
420921
1614027
5091245
2553245
1309869
490152
5108452
2415858
1479629
1403144
13020555
461695
201185
1349302
10439613
14422657
10874579
1223316
414783
888276
5700260
1735906
1758641
2407840
1481889
714500
890600
6480379
5906373
6336554
1388787
623535
1103999
11689616
2561430
820977
649198
384537
1360164
993942
1124884
2086272
1525336
816629
4337566
482903
15283128
3912490
244558
2338012
1755969
455571
1212789
569502
732878
14023642
4248052
2459958
901708
5942944
1843576
2861951
1282035
695697
359231
1527607
56095841
720775
5921960
1759736
598776
293246
25536948
2095287
3073261
614576
4112472
778391
906542
4912854
699815
1465687
762819
942254
879171
1733253
564513
1892241
582726
1326679
650184
7186050
8429337
2764554
1906588
531519
669756
2216508
13671354
2880751
389605
806823
230582
1036508
641850
779936
3409147
2767853
345465
5352478
1661998
1174932
4381011
8555842
11282220
3272537
10724710
659888
539685
1753830
324161
4193645
3933029
213535
8945313
1244986
1265688
534433
22890243
1214476
869406
607035
1679999
3962820
13951542
2803468
3250858
433363
549883
677009
4140653
341905
968488
1396794
832860
1186925
490974
295731
22272195
1417440
424344
1777831
665142
1339311
2547035
1057825
2865682
1254768
553880
1134691
397490
12951332
4224631
1509164
9142411
2468374
1210693
873863
1028274
1628746
5005098
1793162
1074758
1424446
1739967
719513
1245151
1216291
2797111
583245
574071
5741963
2703035
701519
6611017
567060
1161033
2317096
550059
5304762
416243
21451735
478624
1641919
3043228
3273767
1615612
5027350
2585025
547820
730945
2805665
30927523
723401
3931026
14777213
5587820
1011427
4584007
1166076
38868393
6758421
2608526
321355
982014
2214857
2273089
2357671
1184350
551456
7170330
2335618
219346
4362523
1159280
2581400
3581487
3884768
29696862
1885361
2373729
741978
3501044
1606817
1710434
1030419
684131
5766890
857465
1912524
10764599
460241
2971777
904699
55153319
1137188
610587
2149216
1213728
968695
891186
292953
1223497
395910
6105985
413606
2096182
1465124
2093522
12409194
16750029
1111205
2478222
17851471
3374101
1238819
754095
1171293
345283
1851603
1376502
6267242
2551832
860511
1008760
4904094
4430867
556470
4068189
1304130
1219294
2105312
3916072
2110891
558416
1382672
5243609
1360172
1521798
893259
4283896
700601
2419983
1624057
493276
1439990
4009881
2287860
5801654
703437
1114511
3127226
551356
1202284
1823443
1393040
632307
315737
2361320
20267583
227790
5937611
1630780
2640316
14834185
2016059
1001086
920963
1475203
1119909
221617
2315827
750282
434684
703646
942117
2119021
5303887
765298
1309674
734592
3950826
1001824
564080
674771
5189007
2491576
432436
5452287
2985659
1258853
418564
632656
676926
6099797
1253825
1545846
7076639
459361
637641
2230576
1236840
2308717
511556
4646277
1058180
9054535
4733952
4877954
17139152
21210843
234238
21465238
797991
5581614
8949214
437998
922613
621111
1350298
307698
1054948
2966385
502558
1198381
2328159
1759293
19648120
2347569
550620
1634878
466565
1632023
6536386
1101132
13525856
9914961
6963833
4044761
266491
1315925
364348
540904
1095752
589476
2479091
915843
1856278
1338119
664197
2770925
367103
3728526
2046158
1903028
1117705
20774138
1998612
1708986
317890
1600878
6018288
2093736
1101249
670861
6601892
495411
675798
3261228
23194179
1017418
1318123
665518
2249165
390888
2592731
766520
1849335
5942106
29994654
10096012
1060845
656523
1126683
2004171
359688
409454
833633
4711747
591659
1236941
570818
844069
1094311
2772936
4781106
1192343
1004012
1256872
12105783
339882
851083
2263273
874906
754295
1441910
484966
1000543
986072
4894627
2484644
262686
902609
1718271
941309
9841170
796635
467293
2679709
3192951
782196
1730405
1094548
4351288
1488898
1181961
3212631
427524
1024112
1667323
1493262
412822
984262
1571594
24749814
2048180
859755
3060266
1662428
1614867
599269
1188569
1466354
524919
5691750
3130388
1547164
665118
578872
4899037
6125068
2150736
2070129
1023999
1040083
6688330
587349
1782555
2956850
1629374
637016
1531708
4765888
1423619
1716155
788193
1298932
1713338
856222
516516
4849767
2078160
1373267
867451
1994268
916218
4868268
1654681
2714605
5745129
650467
1055835
1735283
1049123
1762217
2179182
872379
3657969
1941475
1721320
1606482
697371
7127365
1218124
2216183
3295169
4367367
1113647
5893133
557730
3653253
1501417
875359
1394005
8079100
2419595
1129497
551141
911647
1629290
1608726
2589516
3814680
2430664
1489329
802070
4027640
2727114
498991
3038283
1030581
871831
297582
954901
722293
1392623
1201728
3399195
713475
10716467
856529
2665251
2905886
1267820
4245345
3302778
759114
569855
679915
474899
724286
917096
960906
3536252
348308
796399
1016586
2873053
1974595
454417
1465804
1143217
1051804
2131315
17096243
609588
1001526
2238409
1756586
1346379
784274
23323712
2840144
772834
558598
414609
921373
494520
858410
4118061
6641047
3277493
1013905
2107503
543168
423370
1455064
309733
823088
213587
2107892
3255088
1928284
7194967
1446620
9359557
846182
1248251
386847
789348
542153
1515089
136294
22200390
267887
801873
8802238
900537
49839737
436110
1493964
710870
724954
5333514
703219
539232
3230634
380047
251621
2128282
6140900
274094
1498427
3636164
595265
629985
1031967
985484
28703155
2131154
2594889
1104719
610605
4272080
2035946
1549240
1610473
732107
588775
2293369
5796810
2211886
169074
481558
92672
1614809
948915
2039402
932188
7339104
7021484
788108
418066
824979
834056
3089981
725577
579600
1906125
5433065
1374411
525135
1281321
1003814
1188055
718098
950354
1817988
720452
832674
6650311
573050
545689
414368
1051521
1437648
659656
556709
3887411
687488
2695975
680470
799996
1073869
581736
5713123
4382380
792695
16566865
1342754
868634
1580647
1084537
7936268
366442
1655525
2338705
2762752
806647
969946
956533
5041623
2892463
5588348
5695570
1384180
8627413
1087920
263598
663242
2201505
6591464
792196
19116309
434696
810563
6414907
2485208
2969023
1265750
1237205
554773
1077939
593085
1105669
2027294
18579196
388842
3767953
1326414
2053804
849564
1309205
451023
342260
1562712
723289
1550854
417502
283289
1172604
1469120
1006269
3770897
1463657
1891666
523893
866023
385146
9411506
886381
1970281
735614
2157063
1626987
914081
487421
798121
426925
772146
9408561
10781025
2424370
7512231
4336415
10062472
6388969
817271
1358378
7642953
1877465
836378
1959035
5731789
640615
610007
12733186
773703
1122965
645675
3305504
652544
3073858
475662
2648131
185550
3559464
1392141
381969
3043262
1677389
956646
4312966
5594002
617693
2233178
5020576
720799
1179733
969600
438949
1607001
2558961
879064
1732321
707298
2800950
964661
18294190
2727466
957973
6639926
1672697
9658381
3398073
1602442
1331797
2634232
1244132
2958719
5644477
2837003
4418688
762282
308588
448845
177970
2488898
925459
3327963
886204
764368
532450
3462728
938923
1379204
1026374
742001
3102987
1420293
2622104
1455758
2493234
4977896
417072
1583066
424074
742025
551576
797274
957892
1522459
702507
717728
4198344
5380200
782673
347130
1623856
13791887
19194551
741737
5538050
7732287
1816588
596372
1000540
443594
199601
1497812
4015825
5793377
1118232
6414380
1221204
2878090
3254283
4567188
5189081
2948772
2994368
4603931
3314307
816970
592898
2802116
283498
48033024
1917981
6062401
402421
23950295
2629240
756697
3285066
642989
1829061
503629
2615732
841754
1152998
2823055
878923
505170
4603657
1762964
3089211
787966
1349773
2283431
458559
4954707
461077
1273632
314826
4447728
2373258
728102
1895611
4933761
3253596
494865
473681
812684
1557154
1582976
1673355
517998
618547
1451192
3209372
6951404
873397
558122
1329650
1271337
3554679
238078
672043
1939698
545009
12726240
3470537
1431996
1334305
6168513
706536
749017
2782333
1127686
1114864
830215
831477
1159158
1114489
1349879
5957652
6339485
6160282
523329
679339
594962
933086
516368
780650
3980168
2470189
7579741
4108200
8261723
1085712
397420
808693
579129
241435
4338575
292653
1038903
1455351
2662238
522757
1615965
6773430
4854782
2591321
7325641
1468725
1803740
554006
8548685
3084166
4276679
1944935
3264775
1082293
571758
980172
582358
758256
14379110
202830
2038453
1905723
1977188
828522
600244
593912
3929607
1718935
1413508
1506401
1016771
2903961
2475026
1697592
824388
1151176
870476
771042
839935
493027
3202806
2401377
1016624
1209521
2180628
463210
2262416
27498660
848197
2793270
907195
868304
298349
469664
120201
21625646
1642800
3069175
1023121
9126301
692841
3917310
453577
2144393
894804
707654
283949
3540317
245152
601589
1011269
4625358
763459
1212474
2309212
2343235
342448
727811
2769071
568119
7527704
1148960
1412263
5504153
465434
9642594
1519666
393625
1741720
1088534
7429471
2046495
1649979
1435428
7193031
447216
1984411
1264761
1035879
1760569
296483
1132879
4565083
1629848
4227411
1527467
2245437
1382959
6143613
1239783
1880023
351634
5227647
327110
1257806
3903339
496103
2147011
2790320
2160409
483136
3723685
12286321
1250447
1464304
19013854
727904
3145818
595796
2113900
1942851
1733698
309442
325149
2661456
607955
3010333
1148224
800842
2312722
4423859
1029379
1706827
1112251
583415
3833348
3444648
5190883
3618298
4036787
886132
5904225
64249449
844795
705296
9084861
1892293
403412
808942
1569807
4011407
1028738
1174551
8161409
1424317
398662
2880713
139986
13369327
5272194
3029634
879348
788918
1017323
632550
379251
4889427
4185089
3114867
647868
726712
1275379
568871
4977204
3309457
595293
7788241
472384
2222084
2710104
1160069
867440
1165353
1139449
1025831
899096
1176362
3920782
1543791
1682891
3050319
656154
14030621
452516
1480709
9155507
5338448
502313
1211148
230576
413951
1204482
270795
3006021
6108598
572213
666845
2867367
6726469
1274102
729218
523580
3117595
1626402
2591747
556690
1889530
2078847
1656475
1956033
231692
936731
1299156
634937
626094
1522255
497514
875144
952346
1142268
1905795
443974
354299
501138
1072420
6170935
1561078
4011935
2717521
4933070
2170873
963699
4405203
1719603
748288
248108
281843
1869673
5753490
412308
1106299
22088543
677839
1199683
942740
1106523
8202950
1334669
3943882
605124
951800
458149
1125383
2146088
2158340
967677
3540903
1470607
12034762
1455196
1254356
3154275
2395850
1272210
3285296
781582
2617378
1207643
5938765
737859
881126
721580
3271685
22426893
748337
1601097
992232
1043843
551420
1248547
2180315
787715
4399031
2567019
870049
5047255
8730906
14656911
1197421
3951971
18204206
2711922
732495
4711206
2509142
6075115
848687
464430
752354
357513
1805635
365344
5194990
482693
838011
383408
1128612
713518
896788
5764689
884550
511270
725964
816866
539607
397227
678365
1724168
4771797
2263001
661310
368371
2758415
1803976
6427472
2299448
10337090
62571116
14497187
763914
8241143
2550945
21379253
1144015
1950621
2172075
1629863
1159000
289957
3398762
391219
3798864
7567815
1357319
2919117
573216
739723
1738987
3920012
597066
3780807
399288
8380605
1674614
1042507
10957489
154110
823431
2874579
801986
1067893
10702846
20409105
