2344319
34642
32183
31086
33399
39805
2065245
714112
18441
109841
290957
204500
50661
4219414
55458
91014
168715
136221
313156
680117
26625
46409
71950
37242
1830079
1484227
120141
16031
79600
743595
91336
1299451
16466
91921
157572
302174
70263
44497
536444
83285
32985
147513
121504
5734374
2128738
46984
29500
90744
57394
196934
23830
7988333
32204
267550
493740
3057532
64606
104122
30036
74172
1192815
37413
2515032
2203656
49304
443800
168775
544947
65480
954668
61539
287716
21076
20353
53846
19093
246274
168917
205366
179525
40972
90831
15928
537259
44323
355257
49952
116084
269430
167199
2180815
218790
2306946
35080
228449
31208
1851950
3055693
55286
69012
160686
777765
168826
103337
54983
88954
37425
764936
44349
29533
164128
45149
2005254
110051
1685507
301170
1429204
1193952
24366
505448
98343
726607
139529
79476
22751
106963
142344
151582
488432
3159937
176324
22560
60151
43812
32624
47764
22781
57582
69590
51963
52257
6032123
124900
67804
19145
1007807
1778111
19132
347455
53225
196353
1444750
259308
117993
666176
39436
25001
36187
911515
233646
41110
219770
257257
49132
5866520
171351
349771
39731
316899
229050
151400
96776
318181
268901
20124
498074
128214
196304
329733
539533
12908664
741101
24336
66706
102359
165779
18678
65386
84953
242004
3665643
220816
68567
100244
21682
256099
2210638
4115548
32950
1809286
2943360
300173
110993
179355
64502
4441184
33381
108553
202179
235908
38645
31240
28481
68623
44721
31427
120290
159259
158409
85283
37151
21851
82011
30108
1246873
336674
225735
133604
25500
30286
74347
86629
57983
153508
45385
117621
101460
1701429
42397
59070
28663
266793
4340160
53244
134710
52519
58229
103760
167312
480336
92877
517708
115005
100193
2826524
1193684
346553
59985
2090416
25942
74763
712682
39070
117626
608039
188206
46401
247073
600293
170089
194795
75190
142354
25104
25969
1587384
33342
504111
32730
502218
47613
1414075
35763
1884538
565236
307143
294249
49797
3461689
349286
194568
11195491
138529
2310225
176886
69958
5917433
570014
48315
874865
96903
164214
205803
185137
155098
159046
3427101
54082
88204
16311
50044
27533
18423
92049
52315
21626
269549
33948
196575
191706
4060817
675170
66473
757608
41093
78255
1915004
35643
256365
16800
63624
996069
201790
146715
88854
1625601
321212
26343
1685013
71195
21118
180202
68527
75209
467340
19320
726705
194498
1540862
500034
32880
164642
116211
74343
1118369
61335
95670
335670
3241901
150024
228719
25941
132005
21148
161070
136693
424550
324161
463402
837686
196297
1180068
154292
57799
14592
46024
328968
55557
26411
48093
81849
21488
36054
42761
1009962
869218
48420
392281
69844
57486
104511
115932
43423
482139
41679
41057
2590418
255241
309234
6049
167393
894802
175970
103498
71648
71945
63767
46435
775859
121031
65090
23182
860894
81351
104006
85130
106386
98997
66219
24462
409719
352440
9417947
1192483
602515
123915
33405
160705
26367
150368
1550738
30934
854050
48850
493508
81847
71399
191269
176779
680743
225234
1389852
288382
33543
42245
1474018
46998
36731
251578
33876
179514
27280
1521777
214255
325244
32160
36193
67459
73008
302519
30515
453135
13379
138961
24346
2828013
110149
19184
825399
604212
31425
7465094
46007
170892
35947
103910
257163
350928
115723
100486
41983
146933
77887
71541
2294603
247892
24564
691125
38777
11102
82074
73186
233109
26041
550146
408920
65040
53664
22756
288600
541321
532172
403086
27996
150381
7477430
677284
248197
42232
767743
50520
595887
75547
50417
114595
222171
757578
69283
68587
98486
60310
134550
150239
53235
870029
1458626
385274
168612
470047
11944533
1034708
253074
40564
183484
319958
104778
211849
197035
305505
73368
57854
84197
129156
10852240
466257
7388814
55110
629567
158610
371936
1074155
330626
1272050
16411342
379888
121270
3470826
391993
53158
39288
495940
81438
2666548
1637001
150146
52123
603816
50497
33547
124922
39276
36127
3816100
1366536
114394
453544
117814
188218
138168
16143
127089
495788
53931
1388742
281116
164100
29683
144012
208100
64350
122991
52680
69268
271089
65584
1828789
273703
115065
174899
43839
167423
100800
1784262
40879
1922718
406040
499221
330940
39732
36506
37066
927035
53301
62755
3207430
3648204
63911
11603
32531
233018
4182826
342350
93593
174126
6281927
42264
26164
1025548
524263
2467037
69871853
396700
1510647
214037
180782
350123
8266
126926
654622
73351
2283590
104538
27325
28964
58839
68421
87396
24500
323738
323992
189191
227499
132772
261899
3629242
40702
371152
513281
573040
431131
57143
1843599
593609
47035
39875
1846300
56801
243395
51396
67921
314582
1190880
4991823
24599
190677
2896418
79755
70612
82015
122524
19543
488463
88896
65768
237793
2932092
729816
183971
185864
35993
74974
37233
70194
43760
67171
60204
84886
32496
428870
368390
24905
33624
25403
48996
309676
18528
836413
117343
42121
962337
2598788
685372
20890
213879
75300
107202
612162
5412995
312858
154001
170326
49642
144984
37863
2693489
19641
1988618
287788
196390
359423
1554768
2170195
23626
31226
72316
696106
134163
51261
36117
112501
3486836
131697
371462
943426
4118669
77267
67480
15060
4422756
22444
1444655
151432
3041061
39165
40332
346595
89384
2871985
144662
137736
2039194
40251
42279
18493
219492
1627703
167740
270689
98049
142728
2953504
21265
194606
38576
235313
62067
115551
61134
91726
70048
2918008
545472
614068
1281438
31314
29028
185819
71087
3679713
779388
43392
29489
31832
1143514
567573
116605
185674
26950
1269576
237336
346722
211648
2070857
270410
185163
396058
198156
364169
171147
196461
27902
82732
230467
1583404
48136
83736
61076
1770881
89122
1942457
36248
391331
119174
138744
96809
689275
111368
38463
625259
21873
572357
31805
96562
16690
48944
98803
23037
347098
72023
35741
215102
3173432
738100
52543
912764
84750
223814
88475
1723093
58683
22325
1358123
682534
24994
1085430
115809
938796
3433765
128112
362085
42498
26532
71908
23922
608922
2212991
247841
287302
20992
47184
124522
257858
56187
13633
549052
820804
230987
147198
552125
62487
95871
26094
230572
185326
797679
8036434
420046
342256
5395619
80567
5964415
86881
99276
41873
42342
40055
2889498
246397
205754
12123
2243752
34100
65331
82477
24731
581509
1151231
158245
149888
73506
49104
90920
49873
234227
2683485
603696
872554
21483
86852
908168
263645
126126
32891
72519
2048879
112226
66122
192102
19488
2421214
79988
106518
25027
304228
58722
70067
15425
68650
207070
57064
3825212
216302
1358448
2734178
138103
685204
527183
56480
80990
260365
73041
135908
186425
459774
66329
3385800
99120
135948
487127
448209
75283
922442
32158
515068
3038952
488110
98992
2073169
36936
126514
16023
230035
78334
18239
5273026
159464
280664
391799
46621
4931471
67495
170059
67328
1169443
166595
143781
33064
48847
84202
36603
357100
62346
337056
24687
34337
37686
95193
34896
798443
44414
189746
1047611
1380679
108490
103400
74783
29142
437465
1520419
99311
4288558
70099
175566
194953
117047
175027
104543
686304
20848
184515
104047
121405
40782
555007
30711
3009381
1489403
26680
168769
451687
123969
59273
145125
2680082
669374
192235
157871
160373
226125
192532
92999
30593
392269
72181
113428
202453
4019205
1265843
41934
55107
23976
86812
1206247
30011
266703
171710
403512
292540
1731356
3875421
78645
83199
51120
342493
182141
34538
399565
27722
44332
202397
2432053
141331
311905
435230
83519
21992
158495
1985460
91727
13759570
397864
244363
501969
150813
184695
61271
38038
550674
200415
74411
84764
76861
302680
6199155
40215
53260
136713
1498296
527893
43273
356996
24565
373993
152367
14312
387992
268512
206416
1006547
162579
474955
1341981
874643
603328
32130
26256
9016861
111124
33372
48659
26239
28145
119336
42882
13381733
20575
96772
176746
110663
896952
246286
1098960
27070
4581062
50708
4104046
27530
53494
4474053
81649
1098456
54162
167743
328334
34581
32695
26238
311349
29131
12956
18175
5168972
238309
29650
1928692
2200679
67490
68623
28753
42590
64917
208207
41954
41792
6781355
90518
37525
1970460
198251
80142
29038
79746
152043
160415
44011
96078
81805
4287261
59651
106335
880594
1895706
30385
113019
291391
407293
39808
61859
26090
687713
293680
2101027
275267
46654
132196
149589
202516
42787
22263
8090624
5456793
138917
303175
76476
252028
181939
73537
985177
111087
21217
54529
121137
45164
195471
150141
61010
23583
24173
20424
241020
1336764
1895068
930489
4472234
49219
93757
2097367
278722
160822
5277463
1842563
45402
30052
203926
22424
3015048
25860
146807
21694
493653
169587
275637
204074
41953
269409
174075
1916626
826795
159103
100977
51891
437453
359155
30345
50049
164459
27624
896815
244567
54456
274767
1149325
368196
1451727
60340
190417
67720
21818
18993
125295
3643495
101459
728343
105896
29430
173976
179902
221429
260469
25855
80371
354306
1529516
1989409
1219107
1025326
378160
162380
4728405
273300
142714
112326
153725
32566
74626
809881
2854468
3001532
2473716
969281
28602
126748
1711851
103867
51344
182951
54157
62866
142898
37903
296504
38115
62134
60608
25368
128391
31073
124403
21718
665234
71179
283703
32557
798903
134834
1371542
66321
910324
215399
2112570
48349
65175
71654
359091
4924227
78749
10674221
394397
127495
587740
1385272
2652942
32577
255943
1387952
58737
87218
44971
45559
42186
31879
40276
33471
5301624
45652
37129
20397
147573
33897
70470
135859
43760
90379
24690
579412
47986
113753
135264
71655
49146
57523
142009
200668
107232
27474
1904693
1110024
34953
23821
59794
28650
59381
274457
94517
1121101
254514
171683
119188
55511
20594
203287
160959
66002
50805
13410
66789
78036
132688
134436
123518
20335
387110
2552410
1491444
135314
41178
624450
1611530
1339205
261061
94981
5171318
60005
39565
191319
36084
78022
1907775
46329
29492
75892
306874
1179705
62998
44453
426119
349864
111287
52544
442107
13025
293381
32930
181831
675285
435067
36916
57078
214794
106310
474418
134237
1892526
704145
29940
122836
2420608
240302
26613
904036
1359355
96766
257836
380473
38237
38223
4625755
79285
182725
3120409
12064
51127
1053742
20066
28541
45736
1179827
6310513
166114
977280
450051
81171
41250
150508
120402
29052
4520533
57770
140588
25646
73194
251735
322303
20506
53005
102217
1127158
57146
335139
181802
145938
58752
55253
274462
516175
755667
44540
26010
108899
2286071
351640
321872
4344501
195805
255396
103176
350102
817737
27054
50566
88382
19212
447917
22189
77811
53594
4222795
358439
3231872
34347
5600949
83280
88116
82111
240025
33435
52606
52208
408220
25916
1018518
34773
398858
47622
30609
144912
60995
1727097
44382
2026329
4097058
201638
38834
555788
698447
41807
25838
36295
659645
535486
176135
34682
37193
889581
54717
208288
63637
215990
21970
70915
40715
249682
658933
672136
52282
117342
35630
927919
32638
46659
67068
160339
27226
234020
35439
44272
155481
1297341
401600
87143
35687
347851
127956
55078
167689
43333
6143368
228400
28559
191786
67709
34825
40263
1300753
40049
343784
676188
1168754
2833016
192523
52727
17490
278189
55440
35405
2017062
63726
409511
204774
270115
546054
73788
81234
63336
103077
415264
109512
92041
355772
153272
22758
53427
486909
62330
425881
58996
90224
72072
280107
89809
535818
37102
176641
25460
102311
919780
192164
276359
120022
67097
2046135
27051
89912
31958
471431
507705
6322640
178608
92669
822725
79308
11469
123377
71829
51996
481693
70329
136828
84711
74790
4705970
2555318
23219
60407
239721
298538
27624
31247
113555
890694
65867
49606
1299569
36705
2964800
253889
194661
109894
621354
57594
1264082
469757
264443
805402
24454
366517
39094
1315907
36107
43242
37932
81222
46978
43804
401883
91738
407825
215568
364327
28143
905036
439505
297147
48838
38320
48382
33311
51746
82706
69041
94637
3325223
67204
124972
22848
22234
411786
153128
3008366
25658
39117
24658
50602
6951427
237138
476799
70481
838890
41098
35855
34524
1696913
536905
78657
19809
36985
25337
24063
27716
37385
219405
154992
7703127
48720
174663
1495440
38639
288674
904942
60459
1057528
176790
164688
265100
125918
83632
732792
681465
374609
24650
52735
45378
32150
45020
829472
560660
27278
30043
456768
83726
86294
405447
61040
326883
19634
269732
522744
98421
93413
2981140
162370
189087
23346
3988257
162162
95092
38389846
172538
7386723
24282
788964
946871
1085797
317733
235072
51669
66698
156601
40577
292961
4017426
358691
387221
44274
240402
26510
21095
813950
77502
17232
18814
19701
78494
306605
19543
46078
5908049
129744
35521
309466
62048
131048
39231
71677
76754
61813
77108
57621
65454
115481
170204
118707
92563
87322
48448
266929
75005
315244
32485
110396
32428
15877933
38815
1298795
76442
153112
122688
161392
161027
13986
117124
36583
612429
226392
281491
482056
37694
17216
2439742
217200
44464
37637
155569
19534
163725
29462
1233740
161390
37419
41703
47754
225876
55204
562550
228815
200086
24468
45362
179713
104826
43041
67489
184890
153761
24652371
448740
395769
127884
34669
64688
157623
64132
71913
33127
105843
425630
1283744
159383
673042
110801
458063
59183
214362
168539
123979
228883
30312
115932
419229
22082
454355
65345
398663
54235
3129418
299172
44450
2381875
203553
67407
83765
46454
305385
91827
297236
42320
24551
42593
122629
145441
141894
1896948
122569
43939
42512
53717
64877
156068
26176
755081
680530
19685
151151
1636828
117624
117935
852288
60834
1571356
149470
22057
275348
30423
74602
64203
1852685
46042
82436
4077785
29484
44615
120177
34978
27644
64036
487087
38068
136310
402266
2600105
2226528
33623
2658263
4155760
3381511
372617
153752
21224
863444
109897
1219662
111702
78996
194519
90757
55773
31919
145892
165945
190900
816422
91189
28087
49081
48204
207913
6669550
20737
1816509
7287
14472
47516
212714
91878
655222
35620
307681
2218928
78935
275976
51020
98032
274198
3835964
58846
368386
285051
83793
72580
55444
526250
22525
926503
105477
418725
145634
46763
92570
56610
51689
486055
951459
1975029
76829
70873
266761
216015
50048
393092
1818345
59277
57740
35568
181520
1468113
222180
84497
1253726
503338
784175
3743168
64086
131188
332786
111749
13580
56232
22202
71741
95319
36935
45637
287317
25155
96156
159456
35735
247389
218255
343727
3972150
2308032
52906
40006
6839074
17787
854031
208023
3779865
67647
28482
24651092
43890
152850
147787
119581
115629
388452
215358
311822
254495
493096
123121
47330
175643
85614
1546943
47399
569010
292717
62143
180180
263177
70757
31725
603618
58655
484596
69425
283465
63884
88135
42842
303452
361209
10357
180590
180717
11702655
33461
127332
200057
60957
523566
39002
53331
35727
66100
229481
51199
306528
984124
58483
662202
3839480
90127
26032
42973
123855
6547446
11120
47974
388305
848551
204303
115179
1754720
4755903
40568
179031
22673
60526
50393
21328
150129
49962
408229
500636
164019
62169
490397
273540
37485
73398
2212616
36453
234868
436468
104619
997215
227485
27310
130985
345734
96609
27246
171900
26400
92691
60808
71989
132653
55738
50403
2739969
4727035
35557
54361
130429
28644
79338
2584643
85017
5488086
6580
2784861
754898
332498
422476
81178
271377
51893
44442
1382065
141188
348468
561118
381716
147033
47375
776831
157266
1063179
12254
20714
202779
561089
111662
503674
60347
868088
192418
715613
10235129
2722037
1191138
256276
2721120
38471
297101
60881
13587
49798
3005490
1380267
1649033
444510
28689
62757
55952
40280
26284
1148823
45160
221571
21450
96169
31769
33368
885702
853902
29631
817432
320183
93185
418115
86270
413381
49854
45073
2457345
191306
71412
61322
36452
64576
35866
89383
39851
111473
400713
284467
25398
1875244
32618
70729
155852
1472513
235613
86569
82861
218398
282133
9362473
45463
31941
225068
5380413
1053407
751667
173354
761874
10129
157474
106538
72439
81014
81534
354108
54405
6311278
75093
44463
143211
249211
1497913
186844
63633
961330
46222
27509
1187058
33604
22746
16960
47405
28556
468756
102617
6149701
768111
1192399
142934
297246
2790497
490822
64155
399336
131285
4113344
232014
850829
57145
129746
193341
1694144
46162
354221
1403730
1400003
33191
2678153
127016
31266
251530
809759
1792511
639490
30839
120131
2264733
67597
33204
49374
169727
60196
315658
61490
29511
322631
31741
14839
234514
61500
598717
383799
62254
190203
46996
98449
60110
67251
143872
3329882
192846
47993
202947
176768
80038
23296
911355
100302
54241
516273
825107
748926
348526
415971
26819
54989
139091
89598
36974
136446
136560
103557
36918
146420
364215
21010
31945
594177
1000694
105659
91104
52367
286781
327338
9083056
89161
45661
20780
40515
146386
591555
25015
114427
86470
91886
56158
92150
6654623
75847
19411
127950
2254757
1819051
1178207
43328
571967
39230
81848
32181
103161
27121
54221
1353097
69017
1397736
278936
174637
34897
37124
310145
26495
16886
891463
3554776
132461
17682
1119925
311593
99077
45588
144574
18317
920281
42771
87723
634853
95632
1367930
1287939
197895
823391
537468
124277
81322
39639
177097
161308
23825
79193
254515
63744
49348
84093
53959
127373
249482
93828
70044
51035
133180
207010
150238
203956
163365
479127
26049
102875
276443
197530
60894
27144
18083
43196
299647
59657
1053241
20005
137759
19676
94155
45168
90181
125189
25853
195581
273042
8736668
189010
43333
85101
72182
324405
167310
430775
169293
41350
125187
420865
51106
168794
142760
26798
208460
25194
55014
37297
456138
49593
3058105
44254
494678
1478769
22197
7880826
30335
106418
27128
49629
50276
106954
3801860
68357
2963508
68438
154924
37988
154830
6647419
79135
303717
65371
1135309
131971
156927
461740
70380
30939
462597
105836
94152
764662
1973138
60806
338422
456089
50298
64357
38988
248888
236601
20315850
3784490
11437615
121417
133094
148361
90789
33675
587134
108828
543316
28930
2201759
144762
31776
67596
64927
89610
568124
277127
64458
105936
3824688
913499
30810
107588
716467
291365
33474
86758
1552596
21095
40320
79341
33352
96738
102689
79597
616512
57251
101382
96253
231715
80461
204247
186951
27410
19855
1563681
426518
53583
404483
112510
1052399
646383
1161045
79381
137169
174580
196730
49571
30383
635836
28718
138063
35753
462301
497240
576236
95483
122567
63088
127358
329568
563957
228113
332070
37703
53520
29817
24196
30458
26817
239550
461606
1177148
283037
255934
79905
359274
21428225
751762
450046
139947
343772
52624
76913
95800
30446
37472
123407
19475
27334
160931
704767
228752
162792
186092
71921
122121
796906
1365580
204188
212286
101536
16041
72627
88396
286089
31958
157937
134298
28900
122461
29208
98557
69386
2007532
50947
111401
3178715
9587
56869
66391
149429
147931
729559
89093
185612
45952
224464
21055
220400
166852
32496
41628
111318
555051
20031
207971
94362
2233141
17425
88697
627244
567326
101156
79242
28153
1508558
2553086
51555
419644
125666
72573
197118
58933
57529
710099
453791
92504
78490
32831
31663
163706
82370
184813
114197
42620
32548
163110
163328
92498
184985
626388
160600
874582
347161
2381092
18235
75516
502511
83030
144952
279154
2416245
30566
24751
155367
242842
86640
39398
66629
2680261
404652
82191
1885003
101022
23755
1150273
1748580
194195
1810809
1261154
132933
64691
26799
26867
63232
210616
424197
190085
552515
250157
46139
180755
1160802
24310
52579
1232615
31215
203146
771270
2413886
37199
69760
33060
63601
211190
125224
67354
47264
336948
178708
102876
526517
1820675
1292920
42630
1210043
27518
44205
98638
81244
86582
42950
164779
33442
79679
310605
49204
305821
164074
131563
187019
94281
269368
148456
79033
50314
757458
574608
220384
115611
1186392
194163
540144
55300
248331
37745
88937
92904
2047527
1065132
897170
73500
334686
160014
1102291
392571
291876
19064
336927
42303
1605748
6861850
60718
31011
444730
4063696
90012
705453
48482
28994
53431
41051
149465
6702644
133047
4443528
58531
287409
76250
1326756
27363
76215
30335
28888
373745
81245
615201
116839
162341
281746
576519
118221
78533
2512772
419061
1300751
466791
37472
40221
272003
22326
72565
197217
75796
114336
37210
771857
89885
159162
2981353
632263
85358
395105
164384
1414130
19796
56507
748924
51426
11369159
653712
26727470
1303521
41938
213037
136555
2065326
65771
84499
887713
265239
27699
102562
57626
243395
8687974
104214
41983
1570611
96007
150948
21083329
300683
181995
754624
5758798
25898
587160
1146477
1306228
55231
560484
237166
73367
23333
112744
75553
68031
40626
4859661
4501329
166040
22232
207713
90195
108656
326134
45846
156610
42131
484792
7581904
3210895
1394977
78970
346754
227463
104308
422732
82244
187061
37309
69508
344902
103227
37683
298413
176437
29911
27714
63605
1938927
52979
2439666
244949
92951
238160
3097550
50121
217472
84014
1724676
163566
64705
161865
70142
37104
73879
99082
797746
291887
812434
25151
27756
503658
414588
317001
20008
4196967
28764
32475
1367393
613107
17561
32831
51192
106602
54956
236221
65438
109211
863393
13520
629972
539538
103728
14432
2614736
8457386
468970
261707
945152
283927
163199
16521
50188
60773
272131
40629
1753225
24724
1361161
199525
376503
432428
454412
175144
85459
968950
27951
44384
221298
59385
26034
31624
1618366
86475
82773
112672
71858
96047
96526
20707
82182
307677
20313
503707
11975842
18242
342978
168075
244766
61086
138220
1434162
58364
1812345
3308956
1926952
856630
532283
259561
74511
131598
562709
621443
1033508
47267
28097
212576
1619348
567755
1804365
26088
26516
286360
22538
303380
37214
34999
9645163
264245
255327
136637
218322
137983
2260843
887117
35239
18814
67588
86200
694628
52783
47917
3665005
27345
43680
63511
39206
760383
9931
27600
730405
944900
111277
121003
912761
10159
68550
2785687
21307
56715
52913
50314
36085
1482590
32139
7712
31317
44907
58391
979562
2655308
143574
436619
7096530
88232
77104
53051
28437
93118
2419986
1807887
38049
119693
54225
574531
1579965
25311
1110339
33290
124020
64495
177595
2671699
54988
24985
1080564
1652321
22733
91934
88042
458119
2824622
288498
22613
14928
87424
27038
304829
44167
50954
60106
163327
88912
186004
71113
82905
213613
99071
35120
253356
162474
242047
50009
45465
58733
308687
211294
781592
1124884
56567
132793
136268
236890
266671
4075609
45279
38631
599114
22011
552475
28760
927693
1579050
1829953
254982
22415
29450
31155
41801
57935
34181
554570
2551778
86520
420679
53444
38000
21761
115176
79090
63550
4348986
42230
280162
556413
56564
3542330
3835907
131767
550252
33508
7761
419889
357037
86866
1880570
35845
45517
48170
333044
45809
72945
531977
36599
188590
31615
143956
35656
63653
57041
56795
2107446
87428
166543
151747
74055
296038
62461
108233
21674
130556
32790
116402
4065860
1705184
376657
79908
116748
662733
35006
1686089
937852
710510
1775079
326712
1082535
481717
31146
45102
39100
42594
67345
525666
567379
3937308
252366
375454
117774
54352
78003
71621
75085
72551
1576627
494088
31784
41595
1757906
68518
215887
844026
1221802
237988
82395
31299
329580
165326
29901
1820819
130928
176527
1805472
127673
27706
55731
50982
19388
40222
495845
67422
192212
31091
104975
427236
2434908
219936
54743
17389
925581
15439
77077
68317
75062
433067
248845
414856
4570049
83257
580610
174805
26144
63453
43039
18464
160408
294390
386062
300273
760448
107785
342250
24951
1743785
255731
997398
56575
679347
26741
55729
43265
109399
9856632
127829
421576
36384
69301
92962
1295239
137426
202604
176963
24697
40560
478741
284150
56105
46300
111262
836036
43568
67312
306668
230532
42432
53635
46100
335118
27434
207454
68331
225135
917967
2098520
99767
817195
37637
40326
43833
41947
208641
27202
137202
242037
118719
151202
105896
34143085
14590
166469
21382
2354258
272972
87476
665899
25818
1775030
424440
42050
144555
288652
47712
167583
59972
149583
1101092
1304170
934353
1085364
68590
292380
356140
3549093
270560
23333
26229
118979
21406814
23333
171500
52493
16773
1216167
27638
49868
20209
37324
5105010
41797
1638527
131565
35405
25478
72919
202924
63672
24168
260394
987165
1697300
61247
157093
64593
1224647
1863358
107980
20196
54924
632246
80160
1166277
23198
670216
319843
510394
160395
384711
59446
241251
661905
25953
52206
380091
34352
788072
258169
63877
1489699
214828
413856
5378936
190246
184208
257585
39834
64072
81137
1989040
55588
117449
128143
18342
197575
107828
3873136
5315062
1069380
41595
162380
629057
738922
419362
441400
256612
333652
116643
34421
103165
816800
233386
3108992
3112350
102657
27761
169454
1869824
264004
218450
165532
200287
137204
157206
26335
271000
1318706
799869
33164
1484739
139447
53630
24824
152425
90978
38442
112398
23386
34385
51552
59719
120104
20516
52247
42903
24874
7064830
75265
38367
1309200
333268
90288
2063823
64197
410395
256662
712695
850027
91121
146084
104709
376113
2555145
295011
202407
343675
1471134
660947
138383
80582
61561
75341
263096
198840
215775
17661
10989228
1728571
61720
150585
51824
25495
229951
61340
37749
1305882
26109
380057
85678
2260322
59881
25100
715199
539908
35958
72396
28080
90207
364434
144396
84218
437489
50598
542300
264078
24076
33648
80703
127427
51986
395129
551785
186312
2311913
29728
47736
367645
86272
118511
398607
310799
1510936
271337
37431
1257824
136142
403405
148292
49609
202023
606262
17779880
333938
23677
2139779
91796
174810
401299
428917
691773
118740
722648
733243
1350708
33403
91470
258057
32885
78973
94195
344980
92052
27268
728198
13648
1826679
107929
233151
1208914
32473
1149408
7360331
18321
1366467
1211008
106780
652940
44750
2219360
218781
16452
30222
2524611
262172
96000
145006
62149
70905
89177
24754
155242
254009
39874
52876
97438
21226
45973
306190
94526
49822
29648
173188
46189
27713
152569
3012118
2167965
178052
1501278
14705213
218890855
56820
744044
368932
78063
130967
56140
222528
29308
87318
9854915
730779
150329
36202
121266
25139
52564
233932
199118
33508
131001
155101
27998
1730509
125288
14522014
130560
34824
32702
26956
274832
244003
55557
50394
1172212
34550
330084
66983
71730
80705
479381
113867
238786
287034
473895
62661
112490
12938
167323
79192
1534665
32152
406285
26896
291165
77197
20241
4568850
5990545
129265
31259
107903
75910
62778
77590
67413
63741
286980
24577
44273
162714
58667
48075
59266
17948
18686
170075
39291
243313
273412
49726
1281903
782492
419090
280812
425121
102431
471507
75192
14158
140209
4011872
33534
148390
7616932
2223764
180279
351629
47799
97892
60229
110304
2222059
1095996
225462
26082
80192
426942
15778
66662
559041
450321
1173770
93747
727185
699012
127325
339466
26588
404165
776566
322948
249798
44363
174176
31286
1219504
26228
1995878
114036
19658
61386
28230
310164
64065
2197158
197247
511761
64720
69329
49072
362623
136460
49063
44145
145449
27390
128601
450114
138726
355309
1633197
2238147
89346
101270
140114
273902
248859
28557
129743
70050
5035269
24267
490921
23705
423333
266206
26872
61248
98984
775755
45426
187272
1380238
961832
61937
190155
1228448
542036
496857
935993
176013
105950
181020
96281
62210
1072985
44704
63294
4355575
227649
251105
327960
81086
7128107
94932
204199
610140
1161500
936432
80786
110719
3503536
159505
96700
236293
251375
41116
80379
24357
159836
63456
80252
52259
65838
151392
45001
116579
3164669
18086
31376
420506
405932
112090
28655
766707
127320
67900
62687
59313
1411078
91211
74426
2543096
62348
61565
31279
1379593
60549
18717
1892914
132847
33406
61269
721223
361339
6494354
36643
9652
669765
2253685
35159
49636
232176
1542680
129916
35071
840501
45748
140202
72953
78539
39258
175412
79104
395532
69908
66801
88069
51439
273003
1123548
61960
131453
3893093
795916
28008
113612
84254
281805
49971
63611
323518
3026694
1749711
63181
38244
860562
627145
53407
190642
451819
143276
1461596
9914
6151535
294548
125819
19978
541853
395003
131690
27546
56406
106852
273464
24713
179265
102451
22375
710350
589516
404254
5063368
4505688
173660
145870
493640
34692
255393
24047
168603
163601
13200
55324
3260080
794817
350193
120041
108208
37244
67687
37884
1383284
28660
49296
882491
22739
1146146
23476
1132105
25072
71980
95481
115749
831728
42441
1382383
70467
43305
491312
1106052
539560
228531
89794
43808
25853
43106
