-23
-79
-2
18
21
-56
792
-78
-112
40
-25
-14
-201
650
-17
-103
-14
-78
-166
6
7
5
-20
22
20
21
48
-56
236
-22
23
-340
-12
-2
98
-8
-54
-10
8
453
316
889
-90
-1564
1026
-216
80
99
-5
5
-20
0
-60
-23
-8
5
-5
-1423
-400
204
-15
115
-127
-180
-2435
-69
15
43
4
3
29
-1503
-47
-47
-17
-4
164
392
26
21
-120
-1587
-2
-39
-680
-43
-86
2
-208
-178
-157
-150
35
1
730
25
-111
13
14
-33
-6
770
49
-1054
36
-1624
-115
100
55
13
12
30
-111
18
259
-140
80
362
-210
-155
34
-69
1884
216
-37
-71
68
366
-169
44
-5
22
-11
4
-41
-334
64
169
7
-5
-53
-244
-7
26
188
-7
958
-14
-4
32
596
-22
-106
59
256
-40
-99
-35
-152
2
65
229
-22
40
50
-257
641
-2
3
-12
-22
-25
7
-4
-154
-1252
9
-111
-98
23
18
-95
-17
-2
11
156
-187
-368
-125
51
500
-22
-14
266
135
-86
-283
1
289
49
-89
-205
-40
-27
45
1996
-45
36
545
-2
10
-14
-1237
-6
-464
-362
-47
415
42
-24
-10
8
29
-296
-145
57
-213
-17
140
-42
-713
226
484
-42
-106
-44
-592
-13
-74
-39
159
65
-27
66
55
273
15
423
-18
-75
1962
1737
31
-2
209
654
108
-4
-71
-69
277
431
-1
-57
-169
-2
1436
-99
5
366
692
25
6
44
-34
28
50
16
8
15
-92
113
227
-259
7940
76
-408
98
218
66
2
72
-13
-22
23
-208
-12
53
-22
-881
-5
120
137
-341
1
178
-58
-1
93
-324
-30
89
95
-56
1673
56
104
27
-19
168
75
136
-311
-15
-455
33735
11
50
95
-370
-44
473
-295
-16
2
1
36
100
1
-45
-1289
415
2
-6
-149
82
204
-212
3
815
-72
-30
142
-28
17
360
-10
-171
-20
10
82
38
81
2
68
-42
-2
-253
821
-2
295
-20
117
-48
11
3
-34
22
34
33
-58
-82
-120
26
7
-78
9
4
35
384
-3720
34
2650
-4
-58
-1150
65
-470
-12
-8
2
0
-31
5
8
72
658
-12
-1621
82
-5
-8
-975
9
-6268
33
71
2
-43
118
-8660
-6427
73
-29
-603
55
-4
-59
23
214
11
38
174
-5475
-76
9
121
733
51
-16
76
12
-32
19
-39
75
-19
11
1080
-42
29
-11
-29
140
-760
-17
8
546
-17
-7
-12
9
36
-1945
-511
-142
-21
-27
-102
261
-275
5
-133
-7
20
-20
-120
136
-12
19
462
-12
-151
1184
79
6
-55
-58
34
10
-2402
107
162
-67
-4
21
118
2
-6
-1429
-39
-50
-226
7
8
-55
-85
620
453
38
-74
-81
-45
16
-9
373
-3
-10
123
-49
-47
-161
-2719
-109
-1
-100
123
-5
6
7
-101
40
-2333
-4
30
11
15
261
-5
-13
-25
417
-3
7
-23
147
-3
-2213
30
166
13
1
-1539
49
-142
110
8
105
158
719
86
367
1301
26
-38
21
22
-93
-4
-108
-182
-20
-12
674
2
6
-26
-254
-317
101
-485
1720
-14
29
-17
26
13
-169
20
-51
77
4
-89
-1482
423
62
-24
40
10
-4
180
1
-84
53
37
1091
746
12
-114
63
-5
107
-295
19
24
24
354
7
-30
35
40
-5
72
-51
49
-1090
-1197
35
-43
25
7
258
-12
-241
-277
-148
226
-252
-140
-86
-345
-533
-83
-42
-101
107
-24
-291
138
356
0
241
63
282
-9
31
4
-16
188
50
11
-43
-14
-36
-201
2
-23
16
14
-538
162
144
1
931
170
-924
1
-17
25
14
-20
297
78
23
140
3
49
-375
-1
-22
-265
312
-82
91
-14
-760
63
25
61
30
230
1657
-95
-22
4
24
-15
-141
24
-980
-1
4
69
100
-74
-18
97
15
154
-36
-214
3
-7
-4
-99
264
-13
465
0
-77
-656
-5
-98
-326
-859
16
-172
37
1
501
10
176
-21
-11
-149
45
284
-54
-3
560
-150
-23
0
-35
-122
-38
38
-189
-764
-19
78
569
63
-114
98
-14
141
-67
-1
1353
-68885
164
12
10
23
-93
9
-10
-296
1254
-26
-910
-34
14
9
-193
-46
-97
-20
-26
62
93
-38
-581
0
-105
15
75
24
501
-3
71
24
54
1
4
16
-240
76
104
8
184
-1
2
38
-2643
-3
12
-137
-1
-68
23
4
-136
359
19
-1288
11
-853
33
-43
743
-7
-165
-207
11
-191
-19
40
-5
-1
4
-119
-41
57
-116
0
-5
-958
107
21
-6
145
22
275
649
22
-17
10
-64
33
-41
-36
191
-927
101
144
-541
-6
-15
-87
-5
11
-659
-11
158
-6
68
-55
6
-7
-39
-8841
11
32
147
-16
4
57
-44
-48
-623
1574
27
509
13
330
2171
134
-595
38
324
-125
-336
-18
31
-3
175
-1059
-1074
-858
73
-12
-33
-32
-6
306
-92
-15
210
891
30
8
-9
14
640
-77
-2153
-5
141
-41
47
-32
-6
116
-87
0
177
-1
-812
-45
104
-4
-191
-74
-71
87
-1
69
6
-69
-1
125
-28
-67
-525
-75
3
47
-25
-229
-20
2
-6
3041
-38
77
169
-245
272
69
-72
-1
28
47
13
279
35
3
-183
609
-7
12
-5
-23
8
15
-29
-6
25
-51
5
-47
-465
-3
334
-41
-36
37
-11
676
-49
-1185
62
-103
-12
-37
-42
-444
33
-1
3
97
-30
279
3
296
46
5107
-271
90
-49
619
-68
-1550
44
-785
66
-74
146
-45
-21
21
1085
-164
13
-49
349
-32
-49
-17
-737
-22
-76
-36
-1810
-33
-14
1154
298
-5
310
-1
58
1464
-37
264
-666
-29
5
-559
-183
19
86
-46
10
-26
393
-75
63
-48
-855
-10
-18
17
-27
-19
-954
-33
-27
-80
7
-2222
-3
-122
72
70
-71
22
-154
-2
4019
50
-443
-318
10
-110
7
277
-34
-86
-74
-5
-560
1
-6
1266
-2633
-715
-1985
-23
-199
41
34
112
93
-7
225
164
2
-176
-90
54
39
55
522
-80
-55
-357
-35
210
-1334
-202
165
425
402
54
-581
-108
-1677
123
1275
-12
30
137
-992
176
-12
6
-882
155
55
-172
29
-69
27
367
83
21
-299
507
-19
-22
-55
-12
50
3
-91
-219
-24
80
5
13
6
799
39
148
-2
-24
-84
7
-192
-1775
-120
-80
36
-367
-13200
-4
-45
-38
-132
-38
-21
-5
-4
-102
121
-12
6
-51
-19
-10
30
-53
-6
-5
13
40
-466
-34
4
-11
30
-571
9
31
62
17
40
-11
6
491
19
-63
-1192
94
-8
-555
1987
371
-3
-9
62
-90
-81
-5
-10
-32
-1056
-731
10
-2
-16
199
85
-400
1
201
3515
-18
-517
594
5
5
-52
-23
107
-121
-29
47
-113
129
-58
94
68
65
35
-114
54
-578
2
330
-123
7
-576
-347
3693
-3
-301
28
76
63
372
-92
1057
79
-77
80
-25
-811
-85
-64
-394
-5330
-24
2
-1739
10
37
2769
-16
3
178
-288
-9
60
-63
18
-94
-51
-95
38
484
-6
292
77
2
-602
2
-124
-9
-597
-7
1400
22
11
6
41
71
-100
-83
39
10
26
163
-52
-25
-22
-4
-1025
4
14
66
35
36
-2
49
22
3
11
-889
-97
20
-11
331
-8
2892
37
-209
-82
85
-36
80
140
12
-10
-21
22
-5
143
282
-76
252
2
175
-21
555
4
-175
-52
29
-6
894
-14
-929
-129
18
7
39
191
-371
219
6
12
2
76
-646
35
-151
15
7
-78
5
1090
260
9
-93
-83
-119
130
788
95
63
-33
-24
-15
29
127
28
-101
0
39
37
-424
28
14
4
107
50
284
192
-3
-20
-8
928
4
21
10
-8
2782
572
-29
6
-290
-140
-5
1
5
4721
-185
-17
-11
23
63
-1
98
47
246
-213
16
-5
210
131
6
-150
-16
126
-1
-18
-13
-12
-128
-171
1383
-99
37
-255
194
525
49
-1
10
-1319
-279
3
1062
18
291
6314
-549
71
-63
196
3
-22
-194
-114
17
20
-1498
-44
1315
234
-168
14
127
-5556
-45
46
-8
-100
56
-2
3
70
-18
79
52
470
190
-381
52
-328
10
63
2
-82
-16
-349
14
1
-16
36
19
-9
-4
69
251
0
75
13
164
-308
-429
-7
30
1
-4
14
-15
-12
2
938
-204
-3
-1
779
-3
168
-176
-10
-19
8
25
1080
-16
-194
-1136
8
-14
-40
-165
-68
-460
3
-12
137
-151
33
52
16
-20
111
571
50
49
-267
-339
70
-214
-382
145
-43
48
33
386
-920
0
167
-19
18
559
185
-57
39
28
1
97
60
48
-912
55
-6707
63
-2247
-325
64
22
11
363
-147
-82
464
2
-112
-9
612
-9
1196
-524
813
-65
-9
-222
-220
143
-5
-137
143
186
16
48
-225
44
60
933
-1066
25
36
190
-63
34
139
-88
241
-7
-14
602
-138
21
95
-52
-4048
-493
11
0
488
286
-220
-4146
13
361
403
3
-73
-9
6
-679
10
103
-64
7
32
212
120
90
-553
34
577
-1312
-15
-331
-152
-32
104
466
18
243
2
141
291
19
3
113
-612
-2
111
48
-2210
-28
-17
-12
65
-533
72
-12
159
487
18
4
32
-26
9
200
25
-716
6
89
-114
2
5
106
-9
-15
-180
124
2
-1
-98
-38
24
-390
-55
-784
2371
-28
-13
89
-582
-25
190
-23
645
-138
-2
1293
27
60
-21
-20
4
-23
54
-2187
4
11
-231
7
938
-221
2385
52
-91
-1446
-11
63
2
-34
-37
-4
-318
-128
28
-464
3
-9
185
13
55
22
212
-2
29
-20
5
-67
-162
-286
-755
-36
-62
-363
-873
16
-733
-65
-4
-384
18
12
-80
10
-28
-255
-5
-33
-8
76
-10
-1618
-42
-8
-107
-2865
-285
38
-2985
61
16
1
-51
200
-36
-27
-276
-2510
-4
-2294
-80
1276
304
-102
-338
1
-26
34
-17
-28
2
26
-19
90
-67
24
-534
-67
1750
-35
-31
40
-3
291
6
5
-30
-32
0
-20
-8
-281
13
759
815
3
-346
21
-129
-3
-180
3
-1
-29
25
9
-294
-21
-219
2261
7
135
-198
-1
23
-1049
23
-19
8
0
1
-445
-20
-7
10
198
-9
690
-28
-56
38
16
-9
-40
-4
230
166
-8
-8
227
-144
-113
-92
-26
414
-83
14
313
-858
-17
57
344
-43
11
7114
-835
-157
-74
-204
-75
25
-2
-34
-13
295
-19
-468
15
-2163
-4
67
31
-74
-449
10
25
81
15
3482
-24
396
-40
13
344
-50
-33
11
-473
160
-10
628
0
-150
45
-244
112
7
-18
123
37
-138
47
-402
-184
-221
19
-36
-2
-14
-11
-20
-363
-2098
-49
-5197
-1135
6
657
145
-3054
21
52
-126
-7
765
32
100
-390
-126
37
-234
16
13
-8
58
68
124
20
12
-131
-17
3433
11
30
371
-38
25
-692
1153
-285
-240
2254
103
757
-342
513
81
24
269
-167
28
7
-181
-451
-250
44
-3
243
-989
781
-24
-561
395
-120
-61
-300
-884
190
34
43
-7
96
-12
585
-484
2
56
14
-14
99
225
7
133
68
415
-52
19
90
228
-13
-253
61
-271
-105
-10
11
-17
1
-98
47
-4
-50
34
-1212
47
-12
-8
118
279
-351
120
-147
-12
-169
12
-185
30
450
413
117
153
35
34
-11
-1121
-12
-164
147
21
104
9
2508
-38
17
5
461
140
25
-3
2
-10
-124
31
-141
-886
-512
44
23
-4
754
152
25
459
58
16
54
-2
368
441
21
-53
18
-7
236
-6
-23
-26
32
-107
1197
-9
5
51
15
-34
1992
417
-104
68
10
240
11
5171
148
45
5
-15
269
81
-100
-8
9
-576
-130
55
-29
158
-2
-107
-23
-194
-3
211
-17
34
6
-170
-495
4
-5
-148
185
1609
-1321
-67
-22
30
-32
-162
111
732
25
-21
11
11333
-218
-20
605
-6
34
6
75
-46
-273
-405
531
-17
-18
98
-70
8
31
-127
-38
-8117
-15
-260
-12
-32
405
-27
38
122
-79
-27
216
-3
-67
-21
56
1865
55
-2
46
-18
-45
1
-16
55
7
91
76
8
-16
-33
-33
3
399
5
-14
95
-3
-251
-316
71
126
1821
-17
10
273
20
280
20
142
-265
4
9712
391
-25
417
93
-1908
-127
16
-82
103
-8
161
-13
456
-40
11
-6
10
471
-15
9
-110
-18
3029
-18
12
46
564
11
-38
-42
-1
-10
-2
-22
13
526
-86
-39
-165
167
129
5
-479
0
-25
502
-3
396
-92
-14
-59
18
-183
1
35
67
186
16
1336
-50
57
42
5
-504
7
458
11
283
-158
-141
-478
-13
-127
-375
5
-74
-242
13
-284
-8
25
-37
13
-95
-72
-28
-5
2
-13
-3
69
-66
11
-17
-8328
-1611
-35
-11
-15
-3
-32
65
91
-2112
-17
10
-26
-4
52
637
-24
-9
235
59
23
-37
-15
18
1517
-107
-101
76
-275
1892
-6685
-19
380
-26
87
-286
-23
5
2
-110
-1182
-77
18
-87
1030
988
34
401
12
160
49
-4
2
1059
-940
2
-445
15
-8
44
12
-14
401
-9
62
-1403
10
-51
55
90
397
601
6
-1429
-27
24
-151
-14
-6
12
32
16
755
-107
-82
-4007
365
-24
28
-16
-8
-1114
-3
-122
-33
17
-32
9
-5
-2
76
6
7
-24
-212
-19
601
91
-235
50
-24
750
-51
-14
-2
-19
-2
-179
-48
-170
17
-363
-137
-58
-146
-35
12
-31
231
-2
-4
-482
81
154
-32
1596
-1978
343
-106
8
-205
-392
-91
-33
25
-1356
25
34
168
579
221
-1881
-32
26
5056
-47
18
26
41
94
-51
-311
-149
3
57
6
-24
-67
29
-1054
3
440
211
5
-77
53
-28
-22
46
-51
-1
138
-60
556
-51
-674
-162
10
628
21
-42
0
-379
-995
3
-63
15
741
-212
96
-263
-2223
-135
88
-26
-65
-1346
-94
-76
-30
-31
22
-311
71
-407
165
173
-104
-57
18
8
146
-15
13
1137
19
70
-2
-34
90
-40
200
-5
-3
396
49
10
-427
8
2
-77
27
-140
-28
-4
25
-80
136
-23
-30
-182
-40
1
22
64
-184
329
-26
16
75
-67
8
-195
-4
6
-62
-9
-22
129
-287
31
-70
56
-686
666
20
-15
-41
29
24
-1393
-3
305
38
216
-1270
28
-14
-7
-556
-219
-12
-13
-320
-103
31
13
23
52
79
-41
-38
-82
-603
-106
-2489
-39
-908
-374
8
89
-218
47
393
-99
-1
-13
41
-5
72
-53
258
-52
-23
32
8
7636
22
-837
29
615
-1
100
0
23
-273
-27
-40
71
42
-42
287
-53
-14
-33
-30
-26
-825
-274
-121
102
-27
-6
2
-27
-39
-21
-51
16
-17
12
-30
8
561
62
-10
39
31
23
165
-51
617
-24
314
2765
-1219
-9
1
139
-4100
-13
-503
3
-256
-16
6
62
24
-53
-21
-96
-100
-977
1191
6
-5
-23
-23
773
-29
-18
361
59
-95
-18
-449
-29
3
180
-28
-135
28
7
152
9
-45
12
2
-756
-18
32
-164
-42
-3
-13
50
-7
-2295
-1697
-3
910
-44
3
-25
-24
-107
-14
25
54
31
-27
-1
479
-8
11
4
2
-1
-57
-43
1165
59
-61
2768
-46
315
27
250
-175
-125
-52
-21
1005
-60
51
34
-176
-48
68
-25
-152
2
-38
-13
-84
186
-17
82
-21
186
13
-1
-5
-1
57
18
-18
-542
-9
-9
-343
-38
-9
-556
-10
338
153
-15
-188
-55
42
125
870
-37
-699
-621
-10
-7
-16
-21
6
165
1334
-46
-28
-503
42
-23
-48
-62
74
-1
92
-32
543
-2575
410
-67
-91
-54
-40
-183
625
-197
16
324
-279
-39
-536
-42
57
12
970
-98
-7
-28
-443
-170
-99
-14
-28
-1
-270
1180
-7
-29
257
24
-10
-103
29
-25
-9
-27
-77
-85
-17
-45
-54
12
-80
769
44
-37
-11
0
575
54
-847
26
-4885
131
69
-1834
10
-44
-20
180
52
-13
-20
-1
18
97
-49
-40
25
95
-580
-16
3
-34
-709
9
43
-2445
-33
-35
30
-50
-94
103
-93
249
-249
-6
5
315
-3571
608
48
-344
2204
8
-26
4
-6
25
674
78
-10423
177
884
-18
84
10
-444
-11
4138
79
48
-87
254
-420
-1131
19
39
0
212
-2
-138
-55
-102
-1505
759
-36
15
-104
857
-356
-352
-316
-1514
828
-161
322
-2959
-133
9
-15
-6
2
-870
-77
-605
-15
-442
-43
3
-106
87
37
-636
40
-1273
32
95
-7
444
-1126
-308
-26
9
-16
-25
-570
-21
-55
0
10
125
-319
329
20
-25
11
34
-49
-6
-411
-465
-92
-40
53
-43
11
1509
46
-433
6
548
68
1
341
121
38
-179
500
212
-511
-7
55
430
38
-1
2
205
-6
570
446
27
-2
-77
105
82
-2
62
395
418
330
-99
89
-4
16
262
-58
9
111
-26
-3
1524
10
-369
175
141
2
-24
36
-5
-26
-61
-3
-14
-49
9
555
43
1541
397
5
63
55
2524
-94
-105
49
26
-3
214
112
-3934
-280
-908
-478
10
-41
-19
37
63
380
-13
-521
140
-36
16
28
95
7
-195
26
46
7
0
1
-18
-380
148
13
-18
57
-4763
5
-213
-274
16
0
-16
-29
-14
156
-186
-37
-93
26
-220
-46
118
-127
-346
28
5
-210
-430
-3
24
-133
-9
-1086
15
-98
-212
108
-474
53
-68
170
-84
1361
11
600
147
258
-4
-926
8
86
15
250
-148
0
-42
-207
-10
-1482
96
-149
-13
-101
-27
195
-64
141
-32
-38
50
-19
438
-630
-230
2325
13
-259
4
197
-10
142
10
111
4204
-15
3
271
-34
-6
15
-23
11
-92
-224
-491
-3
51
20
-17
240
-10
9
-1192
-298
-18
428
41
-12
70
-803
-26
120
-3
248
-1
-179
-408
72
10
280
29
323
-85
0
-388
4
-11
-196
3
65
-61
-25
3
177
180
16
163
46
30
277
49
-28
10
60
-318
-347
-69
-17
-12
-912
-450
9
180
-3481
60
-28
48
928
-12
-683
-336
-108
-2
-27
4
-11
-82
-2
19
-22
184
241
440
87
-223
-12
-78
0
306
298
-121
43
8
11
103
-693
57
40
-1239
-1573
95
-205
-169
-1290
503
25
468
38
0
77
-20
2
-106
0
-24
55
429
-188
-162
404
18
-56
-53
-17
1704
-29
106
45
-30
-61
-18
-2
96
33
-7
30
387
593
-20
-242
-71
20
-60
86
1
-669
-31
55
-42
-8
-325
84
-789
805
-194
-90
11
37
-682
21
-509
159
10
155
-24
768
-14
-99
464
22
-36
2
-28
-28
3
-4
-105
63
-122
-575
96
-17
-4
-70
-5
22
3
447
31
-21
-3
-21
1961
-15
-7
275
-8
20
-125
-119
-298
-2
-191
-70
335
-187
-8
308
1084
-244
-554
92
1015
-318
541
-205
-17
-31
-58
19
59
-98
11184
-54
625
-29
-475
-13
-17
-180
-399
5
464
-4
-768
383
15
-81
-50
55
-332
-673
16
-24
19
-3
364
46
-317
-34
-11
-54
-149
475
-62
-37
-1215
271
-72
32
-428
28
15
290
19
7
-21
2
-3
-419
-598
-39
27
-87
45
-68
7
4
-17
-2
37
-46
221
-17
-32
-172
-560
-8
-432
6
-31
46
-1330
371
2
-7
107
-55
-515
527
647
149
-157
-89
29
15
4798
-24
-9
18
-11
30
-9
15
-105
-39
-2
-7
408
558
386
-168
-1234
-1287
16
-115
11
17
-1004
-3
97
699
2594
-120
0
-64
-2005
-1
-2
85
-73
-1700
-150
-41
710
0
-109
-2
27
149
17
54
-47
-520
5
-7
108
-11
-139
328
-3080
511
2
19
11
-107
-12
-930
-110
-454
-4
-1
-52
-654
55
10
-8536
-69
56
-274
7
-342
7
-177
-72
-84
96
-8
76
-34
-8
-52
355
204
-4
127
-299
-7
-326
-24
4
696
36
498
-170
25
-33
46
-53
123
47
-2616
-897
158
95
-371
45
1192
-688
76
433
-169
-33
158
129
-63
-29
-1364
-174
-45
101
3901
35
168
-477
14
77
-11
676
5
-11
-17
159
42
-16
27
8
33
-4
-359
-31
-155
348
45
-252
-1409
7
-87
-51
-129
-880
346
-18
-4
-392
-4
-753
6
-2400
43
-298
-78
25
-55
58
-6
-177
107
7
3
-13
-8
2955
-2432
-161
-64
-101
143
-37
-14
62
-98
76
-1293
102
58
19
-26
-511
34
16
-64
12
4
-74
42
-395
6
607
0
-51
19
-21
6
-679
25
-3341
-65
-475
99
3
96
-755
-29
-36
4
-998
95
69
5
-9
-29
9
18
-2154
43
-37
23
13
-57
-123
-16
-8
129
10
-333
-30
368
-563
17
47
-19
668
16
7
742
-79
291
88
-41
0
98
-20
10
34
106
-400
5
-13
82
-1868
-62
70
8
1444
-5
-13
234
-10
-17
256
-106
0
5
-34
-20
-7
231
-162
-266
-1508
-83
18
25
-26
-16
-26
46
29
164
-269
-66
0
-2
-521
-2205
-238
343
-246
108
-1507
209
311
128
-12
12
232
74
-10
-35
26
16
-343
55
-20
38
19
-24
-11
-22
-5
-36
23
-26
13
-14
-20
31
-52
671
2707
2437
-45
-52
-1
-17
-61
-16
479
-4
-9
-66
2
-253
-26
82
18
-41
-305
25
-16
-359
67
26
-23
8
-761
-52
3
-16
2
1246
-840
110
-88
4
-476
59
14
5
8
-2
-5
-3
29
-731
-25
31
7
68
28
-10
0
293
-277
134
-101
177
-43
-23
121
-903
38
-2
-41
32
947
-89
34
514
-569
-1
38
-5
-46
76
28
-31
-7
-39
-202
0
48
1044
-46
-72
606
-47
33
-379
66
-506
17
2
127
354
-35
5
-616
6
8
-16
790
5
-296
-905
1517
-68
-187
-16
-5
454
-74
-107
14
2
-4
-25
-36
-50
-119
-28
-379
42
194
1
-71
-2
-20
-71
-16
-81
-363
-4
-14
11
389
504
35
-10
-125
958
17
671
-26
17
-28
-162
-50
-18
16
-121
-13
112
-1079
-51
8
-61
18
-26
395
-138
50
-160
-134
-41
201
-4
4
-452
-12
40
-2
-986
6
-9
10
93
30
-63
146
136
-209
198
276
18
2582
125
6
-131
57
-46
-4
-1252
-11
100
819
-922
-10
49
238
-100
-94
-9
-113
310
-6
170
11
13
36
46
3
158
-122
-30
-10
-170
-24
-76
-846
-6
92
-1
-7
-790
16
7
222
5
-43
-556
-513
7
65
345
6
205
920
-52
-144
2
6
-333
1
4
35
-66
-564
26
-721
-68
9410
54
-131
308
-109
-426
-110
58
47
-161
-82
-46
275
52
163
21
18
42
924
22
56
-204
631
-1
-7
-1163
-149
-25
-42
580
-3
-1576
89
-21
699
66
338
-36
-491
48
90
110
-53
-67
46
49
-25
-1
1486
6
1933
5
-26
52
-5
12
155
-8
229
0
-12
44
-729
-40
-22
30
20
-38
-85
72
11
408
-400
118
208
-6
-1574
-389
-43
-498
83
75
-4
140
471
-43
227
21
-51
54
2
12
521
832
30
224
36
33
41
61
3
-150
-872
-16
-69
-379
-496
4140
10
-436
-13
189
-1
12
126
-224
-125
76
-51
124
-21
16
-125
-13
-269
-102
7
14
-647
-16
462
7
-18
-66
-35
-116
-31
-511
375
4
-241
200
-7
190
-192
571
34
-18
-348
47
-97
-137
106
69
76
-103
-80
47
3041
139
1
30
9
-42
-1041
-1515
-7
1054
0
282
-132
4
0
342
-2
-11
526
402
49
58
0
-66
-33
-79
-24
18
-39
26
-229
16
-2
-172
1
-75
16
-11
-227
-32
326
2
27
-9
24
50
-296
28
26
41
8
-2
7
-14
-153
-19
-20
-21
191
-6
18
-17
278
-62
-2100
1662
-36
-21
-1503
-51
-9
-18
-308
-140
34
-17
-1
-108
-8
146
-905
-1
557
38
-5
28
-89
7
-25
41
57
34
-13
-6
-23
18
-16
-8
23
-4
-6
-1
2
0
318
75
-18
112
66
-33
-56
-14
928
-41
311
-55
10
-262
43
8
13
-152
85
-593
195
-94
2289
0
26
-6
-187
11
118
-1950
-368
107
111
38
-8
-15
-281
-16
79
-1
-420
-113
-3
46
32
4
-182
1
-33
172
-5
72
21
477
36
60
-80
121
216
217
39
-5
-98
-4
-65
0
-1615
611
-59
533
-16
99
71
254
51
156
-22
18
-2
-736
36
256
83
56
-1
-49
264
0
-167
24
24
-69
220
43
-20
11
-24
1436
251
198
8
-54
-23
113
-28
551
-990
24
31
30
-23
461
-96
-649
-2054
67
-117
-56
23
197
39
-23
132
-11
-101
-1
185
30
-67
-391
-29
-125
-15
-155
874
34
-121
2069
10
-17
17
28
-8
20
28
-24
48
109
-23
265
13
0
45
29
-26
3
63
-267
41
-382
295
-241
-304
-48
24
-5
21
-124
284
-395
-22
-135
-13
5
3
-44
21
10
-3
63
-50
-58
127
-2
3
27
56
-18
77
2
-2138
2
-91
7
10
-4
-248
-50
-16
42
-297
22
-16
15
-18
27
24
108
-262
-1
205
-284
-6
162
-1230
-438
-5
-1026
23
-343
-6
-8
-1
18
-2
369
18
-48
-116
17
917
-12
-217
71
25
174
24
34
18
-9
59
190
10
206
-477
109
-38
26
30
-12
25
52
-1286
930
-33
-105
290
108
27
1
60
-69
933
43
61
-20
9
18
0
-11
152
489
3198
3
264
-298
343
8
-220
-178
129
-1
-3
52
-94
33
-18
297
16
4
74
-135
-54
27
-503
-170
7
722
36
14
-349
1368
-4
-77
-59
-343
81
347
28
-377
-332
36
-24
5072
-9
9
151
-103
28
32
-40
-2
46
29
87
63
23
-26
-25
8
-341
157
-47
-33
-29
18
-442
-89
3
-67
2
-5
-2
-54
-455
50
-44
44
-21
-150
-99
163
521
24
290
-13
-5
-9
-277
-242
39
-1015
38
-4
-376
-17
3
616
0
50
1
10
16
-18
63
-985
-4
45
85
639
1327
39
113
-5
-208
16
26
-37
40
12
-82
-23
0
-7
-903
3
-72
551
-17
25
63
-131
-477
179
113
-86
1491
-15
-1099
-14
57
-25
26
657
100
-38
69
186
20
-10
10
220
-96
-359
1
-2
-157
12
0
36
-27
-28
15
23
-389
0
-152
-149
7
251
-365
477
50
-24
11
107
-10
-14
-217
1247
13
142
198
-84
479
5
26
-48
10376
-525
6
-293
-60
-2
203
-60
0
-481
578
107
-42
-18
10
572
-91
-4
-15
465
-3
0
84
14
35
45
5682
71
1
-100
532
-1581
40
13
-31
-60
523
-83
11
-27
740
50
-232
4
645
3580
-573
-3
5
131
92
-7
-106
-1464
-23
-82
119
-11
-1408
5
-2538
-112
30
-775
-209
-30
-10
13
-16
49
-43
-24
-3
-25
52
-2416
13
-173
-95
-60
-106
-35
116
462
12
-1
-69
152
-17
-50
-200
-35
808
46
18
-102
-76
-349
-1439
-23
-16
-122
-38
-1038
36
12
1627
0
11
65
489
96
-281
222
-80
13
1
45
-14
10
-17
245
113
-243
-537
25
67
40
-173
15
-67
-57
-6
487
21
-23
-62
-1136
9
-59
-33
-194
-55
2930
35
64
5
-461
-152
973
-109
-702
-3
468
11
109
32
-1
7
2
34
-28
441
5
1
-119
323
-8
-63
21
478
8
2614
-16
-51
0
-64
207
-153
-9
-10
0
44
-3
207
86
27
-252
12
-24
-95
2
25
-381
54
-5
698
132
99
10
-30
193
18
-322
-52
-4
34
-48
4
-77
45
84
-52
103
121
-10
-26
200
-6
-7
-3
-85
-26
5277
41
-11
3
-1
15
-66
-57
-103
-144
180
-930
40
228
-37
-286
-7
3
-12
10
211
-247
-4612
106
74
125
-299
-108
-15
-6
-67
15
-139
-128
39
1
-27
53
147
0
-6
-27
-714
-41
101
63
-20
-12
-10
18
-75
-80
-2
-28
368
-240
-146
2
46
32
3
119
0
437
-469
19
22
-2211
-56
16
0
-10
-12
198
-185
1972
-580
17
-94
621
-9
-413
7
-12
5
-230
42
-753
959
-1939
1
-7
-4
251
8
-8
-45
121
77
11
-100
-17969
-66
-95
818
38
-34
-4371
-84
-4
1179
-15
185
14
-7
45
150
61
5
-360
153
-33
-154
-27
39
65
-89
-57
-77
-100
-273
1223
159
27
-7
30700
-94
-82
665
1005
4365
15
509
13
-75
-110
39
-18
-197
-442
148
-114
233
-76
-7
97
15
-8
116
-87
70
-17
770
628
67
192
-475
-159
443
-7
287
-920
-39
-309
-19
-532
-5
-1773
-20
11
-202
18
-40
189
-82
162
-5287
16
652
15
-111
-146
-29
-237
-10
-373
1511
6
-73
-1
5
98
-74
20
51
-115
1
1
1
-1
-14
-40
302
-8
-150
-1339
116
92
-194
141
-242
-61
17
75
116
-2
-2
-41
1549
271
-5
1
-421
-27
-2
-58
-9
-2164
153
24
12
36
-216
0
0
26
3
480
-1
2567
710
21
9680
-325
-23
256
-5
106
151
-117
-125
333
-4
40
10
-14
-267
-2109
-2
90
12
-178
-454
660
-12
-69
-9
-71
-3
-110
175
-66
-47
0
-2050
95
651
229
0
2
569
-14
168
29
-335
40
47
25
-23
5
-103
13
16
-65
-20
48
-5
22
31
129
-291
-128
-275
38
-8523
-42
5
4
-2552
0
313
-82
-56
1852
-104
-470
100
90
-132
45
-58
64
-972
-91
-556
-69
-13
-49
-4
596
157
-51
6
-1
-29
46
-8
-35
9
-910
-492
11
4
99
140
-142
-118
3125
-34
-359
-2
-5
-107
14
-4
68
310
4
-126
-80
2
4
-76
-1
6
-44
-503
62
6
-321
52
-19
1
-420
24
-105
-205
948
-34
-199
-48
114
614
49
45
294
1164
30
17
-14
-178
-154
-116
234
24
-505
-113
-857
-498
20
1186
-501
109
2
-331
18
-81
-183
55
-38
7
1
-159
90
52
-144
803
-27
-4
558
873
481
-18
-20
-15
-720
41
-43
-3
21
79
173
128
-19
-13
-29
54
11
881
181
-88
-18
126
26
-45
-4
485
27
-37
-28686
-28
-26
-2
-122
-48
-21
-332
-279
175
2
-89
-4963
-223
-3
485
23
-4
-20
-50
37
34
-5
2205
-36
41
-612
51
-70
-17
52
23
-126
-46
55
-50
-465
10
-6
782
-464
77
17
128
-12
-122
-38
-6
10
2
24
-18
-23
-2409
0
-11
-297
6
1074
308
75
-27
-11
13
-71
116
-45
-22
215
81
-1133
44
0
86
356
110
-844
-23
-27
563
-31
201
-4
1
-1
-28
303
-1163
-10
-71
-155
25
-18
40
-102
-17
-2
11
93
-1019
944
525
-86
371
-32
0
12
-7
325
-1636
-18
601
-1620
-45
42
-49
-24
23
-14
-240
19
82
143
9
-856
-30
-260
-18
-175
720
7
2
-312
5
-8
-60
-19
-2
-601
20
-37
-24
-33
-4
212
1018
64
-17
-107
-147
-51
-487
-20
1
-25
-258
-2542
-7
22
-235
45
-6
-458
-161
-55
-79
-1
-3
445
-18
-213
7
27
4
1168
-8
148
-14
-22
3
91
-325
3335
72
-900
-8
-9
-82
222
-2961
-233
-2283
-92
-229
14
-35
404
16846
-84
-9
-6
-135
60
-74
72
-59
11
-24
365
21
-30
-145
257
-949
14
70
-194
155
11
-204
190
0
-5
80
488
-3
4533
-786
-229
4
-24
-325
32
72
61
-69
1694
-51
54
61
1
1
3
-351
-201
6836
-85
73
-712
1
-36
80
16
-38
137
459
-102
-606
1292
-76
1
946
-21
-27
116
8
17
-15045
54
-12
7
433
-26
-44
-14
15
651
397
-4
206
-36
-123
871
23
-83
121
-68
163
86
-39
84
63
-30
74
174
38
63
325
-10
-644
506
-24
-19
-37
7
-5
42
-297
9
720
21
-24
-189
-169
-86
4
-2634
-4
-44
-269
-7
-27
228
4
-282
-53
17
-5
-19
545
33
1456
-203
-52
1069
-23
-141
-27
34
5
56
-17
5
33
-14
111
-24
-123
-2
-294
-20
149
-6
-12
-615
16
-49
2295
-6
103
-2
-3
-45
22
128
3
-84
-22
-31
-6
119
1092
-124
63
-122
-1663
-47
-37
-32
8
-3
-726
15
-33
1086
-4
-22
-6
9
3717
85
-16
-55
-24
75
248
-5
-43
6
907
187
119
-794
13
17
-269
-268
-114
-273
11
34
527
70
-164
-52
2
15
-102
-18
564
-64
-430
10
-150
13
-37
265
-9
594
47
-14
150
-530
-28
57
-513
24
-94
0
-110
-569
-119
18
-954
990
15
-696
246
4
-4
-53
-207
-67
-6
303
14
25
-800
-63
-500
17
4533
441
-122
-65
44
-855
-28
-458
-1
-3
-40
8
30
87
812
16
13
-28
-7
21
-1
-72
795
-87
77
-42
-42
109
-173
85
-2
-23
371
23
58
-1325
180
1197
20
-90
247
448
-39
-7
47
-161
-68
3
63
-35
13
-405
-280
163
93
3028
-311
64
-31
26
-87
48
145
-215
732
-209
-77
-314
-3
-70
30
-770
-19
1131
-15
58
-1583
-28
76
-23
-47
-12
-8
3
620
2781
22
-52
-14
56
129
545
-517
-116
4
15
1979
-226
-24
479
22
-18
-941
-462
12
-2700
14
209
109
-39
-65
-7
225
86
59
-66
45
-7
1
122
-53
-256
-197
93
80
114
-157
-236
-360
500
256
56
-70
87
20
-29
32
4
-17
1
-100
-105
-82
-23
-15
18
982
-1
541
-592
20
1395
103
-383
-96
-591
3
-336
28
642
482
15
-1
-274
11
27
-27
59
26
1
103
189
-4
-51
165
-283
-62
58
3
52
15
153
-43
680
6
-253
111
-65
-14
11
-5
-270
-76
2
615
-11
38
-8
-20
156
-23
-111
40
-68
11
-18
-60
2045
-143
-4
-7
-10
-97
-47
-378
578
46
-14
33
22
-1701
54
-23
1345
11
-380
-4516
36
-20
-276
-680
281
-28
65
-33
2
-1
-616
-9
-6
-31
-29
426
-15
-305
5
-140
186
-10
366
554
164
-383
7
29
-72
53
-299
284
6
-65
-2
-83
8
260
2
17
49
-23
-20
-171
531
-164
12
5
-92
-519
-2177
1842
-671
-36
33
-12
69
33
-117
1299
178
-5
-678
-49
2230
4
-82
-16
161
-571
3
-37
-4
-78
4
869
-28
5
-114
-454
161
-17
154
29
42
-18
-216
-2
-20
-3639
274
1746
-7
498
-3941
8
85
-48
-63
147
-2
-509
-1
9
-9
-2
-18
183
-18
257
30
-18
4
-27
-447
-21
-1067
365
2
-435
35
-13
-154
61
-303
1053
591
-357
-6
-76
-6
-504
-38
-573
-117
-15
-248
25
11161
12
-128
-35
147
68
-18
19
9
-120
-619
-9
24
-5923
68
-59
195
-21
0
-952
4
-21
-10
-60
-219
-379
124
39
16
-48
22
2
361
47
-109
-1
-3
-12
-11
-7
-11
144
537
-1
-378
-11
27
-869
807
-18
77
-24
1441
-14
-177
-28
32
75
385
25
-300
49
-64
7
114
6
-20
-127
-85
-3
-347
-12
6640
526
14
-9
27
-72
60
37
32
112
-1990
-75
545
57
-75
58
4
-133
5
-1
-176
-342
-219
854
-121
-495
59
-7
-1904
7
2
-104
-68
320
200
-124
1580
0
569
-1
25
-10
-55
-66
-20
-331
-173
-38
4608
-57
1319
55
-260
25865
64
20
20
-29
41
43
-21
-4
299
-54
-399
-101
-42
191
-46
39
8
7
-19
-10
18
506
-95
-7
-31
-22
-124
38
439
-78
9
20
-2881
3
12
-351
-226
-197
-2
-1
9
250
-80
98
-124
39
28
-17
-13
1768
10
3
8
34
13
52
-202
-76
-26
-148
22
-133
11
424
-763
-84
-54
297
-28
-35
-775
112
-17
24
-99
-22
-1
48
-31
2
-3
1427
0
-194
30
-32
-1376
226
803
-68
9
226
-2
-13
-68
-32
20
0
-2
14
-872
9
651
-337
-32
359
44
5
46
364
361
50
116
499
-4
-1793
88
-651
24
-10
-523
17
1650
-64
-598
36
111
-133
0
-486
27
157
-7
31
-15
-13
-334
-12
-8
8
98
20
0
-544
173
38
-1
27
167
-9
47
30
360
-11
14
-303
18
6
-186
-52
16
-111
-5
-3
61
-11
140
36
44
590
-34
2177
-62
20
-30
-272
-116
34
-56
30469
379
7
46
23
32
-11
19
-41
9
874
-42
-6364
-764
27
-40
8
828
81
-53
-114
-11
8
100
-309
-522
8
146
-33
-264
-169
35
-945
-11
97
2
200
35
9930
-9
-156
-28
-17
-143
-111
-11
-47
-21
-73
-12
-29
52
-702
74
211
-24
-78
-28
-42
-514
64
20
-175
-2
501
-19
315
-29
274
-100
0
-567
211
-460
15
-196
2035
-1
2161
-15
8
-35
-32
-91
52
-6
62
28
-13
-1221
-373
-124
-66
102
169
-1264
1
55
255
-1021
-506
2131
127
7
13
0
10
0
-36
4
83
510
2235
44
-107
606
17
-4
-10
-3
596
55
-5
516
48
-193
-66
33
-106
4
4
-645
-89
428
-975
153
33
60
2043
19
12
-98
-28
28
-39
-877
-19
311
0
-5
-51
-22
-389
40
990
1060
67
977
-83
27
-23
42
-25
-9
38
7
43
30
6
24
117
-3
-11
-7
-842
98
-52
-46
-252
128
-44
-34
287
35
242
-815
-14
-143
-375
52
-15
5
-7
828
-179
-14
-105
-5
-37
40
1389
-484
10
304
19
25
-24
-14
-145
-8
-97
-204
142
91
6
149
44
-67
40
-13
-679
144
45
-86
-21
55
31
24
-26
26
331
-277
195
-82
-55
356
104
-273
4490
333
-57
-85
113
284
-69
108
2
52
-67
-4
-76
-42
-55
699
191
8
-13
631
-129
74
-1108
-796
-37
-34
85
122
1523
-705
255
1
-12
37
66
1
-318
213
140
69
-275
176
144
0
-1
2
-85
299
11
-194
26
-2075
18
-30
5
-496
-655
-16
-17
-65
328
630
82
67
-205
-9
-282
-51
-48
-52
4
60
40
48
-98
-9
19
-26
-935
-516
-17
-162
-4
39
-3
-28
140
-61
-27
-3599
-172
285
-5
2
-1
-99
22
249
-188
38
24
786
12
-10
-795
199
-113
-252
62
-2
-5
-462
3
20
-85
2
-17435
-151
-16
26
-95
-33
-123
-88
23
33
571
-24
19
-282
54
0
-1897
-88
-533
468
-472
68
17
98
3
-2
144
-56
33
-3006
854
101
-5
-8
-1744
-83
-4
34
25
86
-11
-10
466
25
-67
-403
57
0
241
-613
-7
25
162
68
-7246
0
-22
-45
1037
-741
45
-18
1206
1
14
522
-116
27
15
73
959
23
-38
-15
-13
7
1
-17
-9
511
-112
-154
1
75
390
0
3
356
-26
-2
641
-6
10
30
381
32
26
-49
42
366
16
23
-19
-7
98
97
6
501
34
12
12
24
-19
-5
9
-307
-100
-54
299
-118
-5
-23
-58
8265
-123
4
42
56
51
6
3
-12
-155
103
-1104
2
-245
-93
-313
-701
0
-485
-55
40
138
-84
-32
5
-216
829
1
-6
-23
73
-70
-13
24
6
1
7
133
-32
1432
-4
31
16
297
-2
-112
0
-625
-104
-10
21
-122
819
329
44
-92
151
-31
-19
40
-2
-823
-63
-43
-8
-433
4036
-19
-14
316
-5394
5
1
179
-19
-491
-52
390
-8
66
41
-64
-325
-19
23
-14
-32
2
-14
31
1557
-24
-5
44
35
114
0
145
-1213
-24
-487
7
-902
-190
-388
4
-1
-26
-199
-40
-15
-21
-56
-4
794
304
8
15
4
-51
-131
11
509
-34
196
1
-2180
186
522
-24
455
35
0
-2683
-6
-193
14
-110
-51
74
90
38
-72
554
512
-24
-8
9
-10
-70
52
-42
-3
-1
2579
-10
14
3
2
8
-34
-2008
15
20
20
542
-37
-99
-32
-280
9
69
29
12
-9
-5
34
-114
941
-492
-14
-12
843
-100
-963
17
-2232
-20
40
-49
-97
211
-35
242
129
-5
-3
130
-228
-7
8
103
1
93
-33
-8
566
-26
-21
26
-20
542
9
-710
-49
318
760
147
37
-32
74
13
-16
-7
-7
2
35
273
-505
-2
-20
-405
-1006
26
44
193
-73
-4
8
-482
-403
-5
-520
349
-70
154
402
-1
433
-367
-350
-139
1292
-26
17
11
-52
-4
14
-100
-5
-42
1
11
5
8
-32
-135
-2391
206
-217
-591
-141
-12
20
-8
-193
37
-27
50
-105
29
-22
-156
282
-18
81
11
-19
-735
-3761
-445
-29
267
50
154
-1069
-8
78
104
-76
240
-109
93
39
-18
1138
-26
555
204
62
59
45
-4
-33
-315
-266
17
81
385
-137
-8
-10
-22
-465
437
179
-99
17
15
-10
237
423
-70
-4
457
1060
18
305
751
3
227
-91
-156
-10
-21
4
3836
-239
4
-11
155
-35
42
1495
168
-599
-151
-639
-41
316
107
-51
20
-55
-510
42
418
1132
18
-81
13
-193
1903
18
-32
-14
-82
8
53
24
-6
-11
71
52
74
-19
39
-42
136
168
29
109
-62
-5
40
115
11
-40
-523
-95
4
270
18
41
305
-244
-12
-108
-63
-18
860
40
-41
-249
127
104
-37
-72
-186
7
-38
46
-1112
-8
686
-843
8
-317
-5
65
-388
7
69
-24
29
-576
-18
99
-429
868
-520
-329
-3
-529
-10
140
20
8006
-1471
-4
-93
101
784
50
29
-354
-135
-139
-12
14
10
3
-84
62
-52
971
-63
17
-164
115
37
-1053
96
-18
-271
342
-11
9
211
-26
-169
6
275
-380
58
280
2785
-19
-65
20
37
0
134
18
-23
-20
42
-48
-16
-337
-59
8
-81
375
31
-21
-479
88
-2962
-43
-25
316
-92
-119
124
136
-55
-3
-125
1632
-101
28
32
8
-361
17
56
2
17
1
2
-11
313
-33
108
-14
-23
-183
1
20
87
78
48
-18
-109
-29
423
-422
3
28
541
-697
19
-614
-31
-590
-16
-25
130
-905
-240
-24
71
21
1393
109
167
-104
-37
-41
-12
-985
-40
17
33
-3
-1055
-12
-4331
-3370
-16
-479
10
-125
4
-19
-268
-130
-217
-9
-71
-1958
-18
966
-2
-3505
-54
-385
-3
-86
-11
-47
-106
-533
-19
2
21
-331
-64
23
-1799
-14
-115
-56
-561
958
-3205
10
-2083
-35
-3737
-23
-6
-38
-43
-14
-1232
18
-106
25
-113
62
-21
401
-1
-10
-14
-116
-82
-543
192
-172
784
-63
-109
-152
-476
26
-358
29
-52
346
25
-46
75
2200
27
-14
-3
-116
-20
39
10
-9
-100
-19
-21
99
-97
57
1448
-527
-19
-137
-4
-13
-1791
148
-281
215
-29
-6
-29
3
6
11
170
44
-124
6
-14
6
1
-56
-3
171
-51
20
-3
0
27
150
-609
144
-472
-894
-1356
233
150
351
5
43
17
11
-212
-36
39
91
-169
-365
151
87
546
56
-51
120
-12
560
1661
349
1
-15
15
-622
-20
120
-28
546
1619
-7
-509
7
-1932
-55
17
18
-3
2
677
-5
524
93
-78
480
-32
42
-7
-5148
-2
-884
67
104
-19
113
227
20
25
117
-15
-3
-4
457
-429
-70
-24
-118
-930
73
-98
-288
-204
19
-41
151
2
-14
-35
26
13
14
-15
3099
-101
-3
-20
145
-113
-12
37
38
-15
8
0
24
91
917
117
-1873
-387
-3050
-57
-429
-6
-1500
203
33
-37
16
102
11
-493
0
-14
-28
113
15
54
14
-1096
-333
-21
-5
-22
-37
-27
27
134
24
180
423
57
227
-67
-52
525
3
78
-93
-3
242
98
-3970
-4
14
-217
20
10
-123
-84
-666
-248
25
-43
93
-9
28
64
1
-63
-2122
-129
0
10
-6
-2
152
-6
58
-19
-53
330
4
-1582
19
290
-7
-1326
5
125
-27
-25
34
9
-2655
115
1
5
81
-12
-117
-1
-24
6
-19
75
-7
-29
-9
-134
83
69
-13
-342
-258
5
830
14
57
-118
125
-186
18
-1821
-227
531
21
24
-169
213
386
23
-32
14
-8
-85
14
-8
-1755
9
-3338
756
-57
71
60
149
12
327
14
18311
-50
-129
-1
28
-1239
45
178
-465
-504
-3485
-55
263
-4
758
3
6
50
-670
5
-283
-141
-21
-58
-21
-223
13
14
-2312
35
-1500
-14
8
116
6
-171
179
-1964
27
10
-7
9
50
-10
-38
36
53
-23
9
56
54
923
-33
489
-6
43
33
6
21
93
-34
-31
-1454
170
32
1
-725
20
79
2
740
62
513
-6
53
930
-14
26
-42
34
20
-13
27
-122
-66
767
-98
84
2
40
108
577
40
-3
-48
-97
2323
32
-95
-18
18
31
458
-211
981
-36
-19
-73
165
-66
38
12
60
-121
-5
-197
19
42
-26
8
23
38
-33
-4
1
18
-34
-45
46
22110
66
36
-774
-21
299
175
-123
-81
1613
33
-4
-44
-41
-37
-277
53
175
220
-1
20
8
23
77
-65
-3
32
14
-20
30
-35
-654
-28
25
62
-518
60
1016
-8
-29
224
-67
-2
154
-1590
-78
182
68
29
53
-66
-554
-37
-6
-16
753
43
21
-8
-1
-251
1361
-118
-2
24
-17
-3
575
32
239
-69
-27
-3
-1
350
-487
18
0
-4
21
77
15
-11
-37
50
-13
7
-12
-668
186
-184
0
-2
-9
34
14
2363
-12
1
-7
119
556
72
-84
19
-12
-85
-169
8499
772
209
-52
0
6
5
0
-1
6
2100
1
-36
-87
-267
-28
67
-89
-480
10
-280
807
-21
-866
372
316
1648
-23008
545
66
-180
2
-8
961
-46
1
4
-1183
8
-40
23
-50
42
73
-98
47
-563
1
-500
-55
4
-8
-72
-62
-24
-6
-75
-8
38
421
65
-18
-157
-59
-10
4
91
878
25
45
49
-138
5
7
64
-150
-12
111
-57
-135
-26
86
-8
83
298
618
-1668
2
7
1455
-32
-28
1549
-310
28
-40
1
-114
1
36
14
-21
-183
-14
1483
-32
-32
-66
-24
-2475
365
-301
286
-2
-172
-16
37
-524
-18
100
156
-181
785
-4
-6
-64
1
-72
-10
-59
29
42
-5
-71
-8
-1618
-171
22
-40
-147
-507
-6
115
269
-16
-17
-8
5
-172
82
-7
-615
1
34
-88
-108
-51
-658
-31
-693
-16
0
2965
45
-273
4
52
124862
-11
-103
19
-90
18
-2
7
-4
376
-144
-550
-3
386
291
679
-52
7
-78
-317
63
-402
-6
48
-11
-54
3
-3
-253
-10
82
-72
-82
39
108
883
380
-25
-271
4
3
2
5
238
111
15
-976
-147
-34
146
29
-23
-498
71
-656
-30
13
20
22
2569
-78
-1485
175
-43
-70
-15
-70
1063
-20
-227
534
-1742
2
-127
-87
-22
37
58
-52
-519
1
11
-2646
19
-8
-106
0
-383
-90
354
-12
51
269
-74
16
52
122
-303
68
376
13
171
-1
4
-74
-70
13
-738
222
-245
-2
5451
-60
-63
316
1
-103
-793
-76
465
486
67
-835
-438
650
1
12
-6
-44
-71
-3107
302
166
140
8
150
-88
-16
-4044
20
-8
-65
1054
18
114
14417
19
3
21
15
58
18
-5
96
14
-73
-315
-246
118
843
1169
-24
29
46
-70
-100
14
0
48
59
-48
-173
-18
-526
-2096
-85
-1
-360
-185
-6
-618
-16
-5381
-72
15
-92
-93
397
25
-1747
-10
-439
-9
-21
165
-3
31
38
-54
-40
73
-16
-362
12
-495
6
-43
-45
64
15
-164
24
11
-306
477
110
-178
29
-40
-110
24
4
-806
-8
-208
-45
11
-68
-251
176
10
32
-40
-437
-8
-160
4
90
-22
1822
-289
14
33
49
2094
60
-75
136
8
-10
-3
2
-3
-4
10
0
-61
640
-25
71
28
211
89
67
15
-177
11
-23
36
11
-54
26
-53
381
-887
-550
8
53
3
-15
2
-101
139
-20
-217
-589
60
-274
-38
-9
49
-49
-2
-3
-43
-10985
-152
-16
-21
-23
-526
-4875
207
-74
5
50
199
36
52
-89
-51
22
103
-14
-12
113
74
38
19
-12
474
-47
-543
-4
8
100
-76
283
-38
-54
-173
-84
-576
12
-27
-830
-106
23
-21
-8
109
21
-1746
-116
1042
-457
5
-65
298
-47
722
9
-7
398
17
-3
1
26
15
149
-10
398
-20
199
18
51
-109
14
17
-64
17
-13
3
-281
83
538
-10
-1156
-13
343
-903
-12
-208
40
27
-9
51
-1231
500
-32
-12
-551
-640
24
5
-28
6
510
-617
-350
6
91
-10
-34
369
8
13
-669
-108
54
1645
-465
-19
-34
6
-343
-195
-11
9
-116
-30
-2
1424
8
17
976
-30
-5
17
332
23
10
1887
34
-86
58
-21
-55
26
-76
25
91
198
75
-1055
292
-200
4
-9
75
99
-5
-133
-136
216
13
-119
-501
-6
-237
-65
-16
5
-153
-1
48
5
13
517
17
1183
-41
27
130
40
-1234
-78
328
-109
-52
-699
-1194
-1
136
-37
6
-4
276
292
-19
-710
26
-3079
-28
-76
58
22
-9
-5
15
7
-188
-654
11
32
-5
-54
-159
6
4
-11
582
4
-216
5
-14
47
-116
16
-205
-60
674
-31
-396
192
43
207
-37
-24
7
-1
-277
-8
18
88
-55
-490
-56
-7388
-148
-27
-706
-12
-11
-1747
12
29
-893
2230
52
57
-15
29
-31
32
-181
334
-12
275
-64
-687
143
-203
552
-112
-73
643
-12
508
-55
578
-708
35
-66
36
67
54
63
44
251
-4817
2293
63
9
10
-1601
-1
-6401
40
81
-369
127
-67
52
-267
-285
-1
88
3
36
226
-2
1
41
-350
-17
-9
-35
-83
25
4
84
6
4
-568
253
6
325
-23
1538
23
2
38
-99
5
-19
-6
569
57
-12
6
1
76
292
-3
-1053
313
-55
427
-770
35
101
-33
71
-63
21
175
-52
763
-28
-295
28
6
36
58
-44
-3798
-210
-9
3071
-9
92
742
178
-8
154
-3
-321
248
-85
-11
229
5
41
55
3
-126
679
-211
11
-1115
2
-115
-368
-1141
162
95
91
22
-684
-15
442
-15
-292
-39
-22
-8
48
369
42
-166
-63
-75
64
58
198
5
0
-408
171
16
-106
67
629
102
85
-7
-42
3140
5
5
-127
-23
-7
428
-163
126
138
64
73
-9
132
-2
-7
-59
-29
437
-6
7
0
243
-16
36
14
-85
0
21
-9
-210
-30
-84
0
9
-7
-11
313
20
5822
-751
16
85
-642
30
-13
-10
229
-61
-62
25
3
-2
168
4657
12
14
7
-91
427
32
-229
5
-25
-133
44
-190
13
-152
-8
-43
109
1346
62
71
25
-34
-5
3
-178
-24
-326
183
17
30
-5
-38
-638
-208
-111
-39
39
-51
43
23
3
-329
43
-78
143
33
160
22
244
-49
-26
10
-74
-17
71
97
-1423
19
-15
0
100
-3
56
67
129
-72
311
-624
855
16
-32
-59
-446
4
207
12
-35
4
316
-288
73
-139
-26
471
5
742
25
-25
738
226
44
-3
-63
-1
277
151
-21
-238
-7
-26
76
21
6
811
2186
29
1782
23
-122
-463
44
-234
-63
-12
20
46
4
6
55
-1
10
-23
1410
-1
1152
9
156
8
93
-68
886
3
-681
15
-55
4
-420
-3
-7
35
118
-701
260
-33
11
23
1
-5
43
77
2
-26
-2392
-275
47
21
-157
-404
12
16
-39
-3
284
82
35
-13
-404
8
-3
29
-4
98
28
3
-51
47
-14
-2
-79
13
-172
175
56
32
-52
-21
-6
-54
14
99
437
6
-4
327
2782
32
-114
336
-34
595
67
-157
11
-9
-255
-81
-456
79
-10
13
529
1038
2
616
-32
41
-21
2
-44
-266
-84
-22
151
-32
-1048
732
1510
-1
-31
-235
9
-69
526
10
98
-212
-390
0
23
44
87
93
187
12
-24
-429
-34
-11
-153
-224
194
41
3849
-7
11
-20
-1992
95
10
-8
-873
-70
-6
-5
54
190
-5
-87
337
-23356
-13
-40
-11
-9
234
-78
-97
4
-63
-66
37
118
-11
-25
-67
-15
-919
-21
-217
234
-48
-1110
1
17
31
-17
2483
-803
-3090
-3
-14
39
56
-390
259
19
-72
18
-18
-90
-427
-14
481
99
-1171
-6
-6
70
78
-416
-39
-222
-21
107
502
-132
-1036
392
-21
-73
49
2
9
14
-11
-12
-18
-30
13
29
4
-383
420
241
-3
2
208
-38
10
-13
855
-279
-159
23
10
-46
487
4
-53
-195
8
-37
79397
-609
46
25
21
-14
16
152
-65
1
108
-1283
1
169
1087
84
547
21
-1573
1181
-164
-5
-8
-88
117
-16
-547
3
-66
27
-8
108
279
153
59
-4
-150
-1224
27
-45
42
-6
4489
-9
-4
-335
-326
-59
293
-35
-26
7
20
66
-323
88
-191
1
874
-20
26
-201
237
24
1775
17
18
191
25
-5
-36
-170
12
18
325
-1552
4
-14
-16
13
40
2
101
-4
-8
-12
-480
5
-166
-245
9
-49
-116
-10
-727
496
1157
-36
-28
24
-132
33
33
17
-92
-34
33
109
-34
108
-24
323
41
1623
-23
-56
-47
10
-83
42
-78
20
-33
-165
-19
98
-120
-2
-432
-5
778
-750
364
567
-73
-46
-243
49
-21
32
-206
6
-60
-98
3
47
112
-12
-59
-4
-365
-7
-167
109
111
248
38
616
6
289
-3
36
-18
-771
499
7
-12
513
-470
38
-17
-455
-17
-19620
48
135
29
-3
5
-48
132
334
-124
-1421
6
-155
-56
27
-14
-25
-6
-4
-154
10
397
49
-978
-2
11
-263
324
-101
2
1807
-36
53
-10
98
-72
885
80
-19
-426
-11
13
-12
-53
101
463
-504
-11
0
86
-704
-53
-143
109
-40
-296
-2
40
-39
3
-164
169
-151
191
-677
-153
0
-27
-213
-50
478
-6
-1432
-11
-25
-19
-316
-5
501
98
-79
8
-37
562
702
100
-1
-1
-125
194
309
32
10
-26
392
-2
-37
0
-4
1576
15
-629
-4
71
46
5
-22
64
-43
-20
-32
1019
27
-554
149
-200
-108
-112
913
-18
-7
-787
24
-659
62
-925
-535
-358
3
9
-18
28
-1018
1142
172
95
3
13
4
219
-63
2
-45
645
-373
-2315
41
-302
21
417
25
31
0
2
67
2
20
182
22
91
192
-191
-11
18
4
-580
111
19
81
285
-11
62
899
-7
44
284
19
-3
-14
-471
-333
31
-2115
-48
-76
-35
-204
-264
68
48
-73
-597
-165
127
4578
46
113
-39
-4
-504
0
-30
-88
223
-27
-100
-41
-2
-66806
-5
136
322
146
-77
-2
11
-87
-7
-55
32
89
-7
83
-643
372
-189
30
8
-3
9
-37
229
-101
-58
-60
1115
1029
-11
-79
-29
-112
-31
5
76
37
-747
8
-92
-28
-69
135
1
-468
677
-8
16
-20
56
-86
-225
-14
28
65
10
-563
22
-54
1085
61
34
24
5
24
-3
-9
-271
92
32
33
341
-75
-2
116
17
299
-15
9
16
-30
38
-1
-212
1
23
48
37
-53
-15
23
13
32
-609
1086
56
51
36
-15
-3
-12
32
88
204
121
37
3
-1172
-13
-1
81
-36
-634
951
161
-440
-23
-5
-97
-46
-54
-3
941
-2057
-6
-134
42
-69
-56
-6
922
-16
37
-166
-30
-907
230
3
-58
281
-41
-49
-928
-530
16
269
-207
-306
24
5
301
100
-6
-297
-11
-37
23
-1
1
1447
21
0
-62
-218
176
-214
544
1
-33
24
50
-21
13
-3
2
262
-864
-45
-8159
-36
-15
-10
-979
-76
-1349
1
-10
-110
-34
225
-873
80
-409
-13
25
-3193
241
13
-42
-27
-53
-550
-141
-6
1
-57
-16
-13
-18
-2
87
-4
3830
39
-13
-3
-527
206
-6
15
-301
-266
280
-9975
-8
-17
33
-419
-827
13
-771
-21
19
-33
431
4
-32
26
-13
-582
413
-60
6
-322
-36
47
15
-110
-11
2819
28
17
630
-41
-3
62
-23
6
-623
-43
499
72
45
-4
9023
-5
32
451
-29
-2034
-104
-108
-510
-186
45
24
-40
18
-17
-5
12
836
-281
3
43
-74
4
18
-21
-22
-11
950
1389
1321
170
-26
16
1793
0
62
-2
26
-1244
430
72
-9
-6
-7
-12
22
58
-107
-454
219
1783
440
-1
12
906
17
61
-222
-145
-22
-165
8
421
51
-10257
-824
-172
-319
-151
10
726
-2
40
9
3
-33
-480
-11
117
-3275
7
16
122
-480
-40
81
-38
-2130
423
6
-27
111
1071
87
-60
-9
-109
-36
-62
2164
-134
-643
-7
-142
317
-41
12
-5
23
7
207
30
-209
-14
11
3
-6
-8
-6
-91
40
-9
-1014
448
13
0
26
336
-2317
-480
385
-23
181
188
102
553
-875
-4627
-1001
-45
-410
4
-24
532
6
-73
-13
-36
-1
-195
-884
-40
40
72
326
-1521
-74
-562
-21
-874
-25
185
1070
-30
187
-1353
-32
-2
-31
-42
-5
-54
-149
-142
-14
-24
73
63
-198
1
45
-486
-20
-464
11
49
7
40
-3
-31
120
187
50
31
-53
-161
261
-5
14
-188
-12
-144
18
-99
76
39
-310
19
11
-8
-71
-62
-188
222
522
-48
-4
37
422
-90
54
3
-84
-2
24
20
-20
15
66
-1
-34
-33
-115
-936
10
0
2444
1927
-179
230
-72
-5
-103
-18
5
-29
-11
-82
5
211
-76
-321
-32
-1144
589
-4
8
-34
-15
-453
-9
-2
77
-332
27
-137
5
-6147
8
-3
-82
7
-80
-926
17
40
-252
-229
-40
-138
-11
89
284
4198
24
14
-40
101
-4
3
-90
-77
-12
89
134
-3
-6
-1
19
16
-35
336
-9
21
5
-6
650
-5
275
561
35
726
-69
-360
-755
-65
-64
107
-94
2076
-72
20
-6
-198
82
-114
10
0
-17
508
-5
-34
-489
-113
120
-2
100
-1
200
11
-530
945
-66
-6
1199
-55
6
92
196
-481
909
-39
776
1186
284
-11
71
0
-16
-6
0
-130
-49
164
-4
29
18
24
-9
87
58
-1
6
-96
-56
-26
2672
-25
42
61
292
-3
11
185
5
18
44
-337
75
-21
4
5
-140
-6
12
-344
-57
19
-3
-1269
-638
41
3
-33
294
-67
887
48
-397
-7
3
-152
16
-296
48
-9
42
1
-81
28
-199
-129
-5
82
233
-29
178
-252
-23
-717
-50
-4
17
-20
-10
84
68
-485
-3
13
-23
22
431
21
30
-18
284
-109
42
4
1105
152
-41
105
19
-105
-210
-97
-62
140
-73
-4
403
67
1138
-1112
-6
153
-35
-1375
9
10
58
-5
-483
-18
-31
-6527
72
-102
182
14
35
-10
17
741
-18
-17
-18
237
-2
-271
-6
-425
-37
-58
4
35
-45
3
-13
401
-54
-9
-361
-167
40
-297
70
-5
1284
-135
-434
-5
10
24
-5
21
-17
-36
185
422
195
-14
7
-34
13
20
-59
-292
-58
10
109
941
65
133
31
-35
582
57
129
254
736
-64
66
-13
41
-25
144
26
9
-6
3
142
409
339
-100
6
-12
249
1534
37
-107
541
56
23
89
-27
1280
1817
-42
39
-311
968
1
3
-164
-482
382
102
3
-140
47
55
519
15
-443
-2391
-26
0
40
-42
19
-4
-14
-34
-15
81
-104
54
165
3
2171
3
185
6
8
-27
-13
47
-247
91
956
-4
-7
-484
-5
304
-37
78
-6
3
55
22
477
-1
1435
15
31
-71
1149
-60
-24
22
81
85
2
575
90
-3
-43
-289
9
3
224
-1
5
-95
9
-82
-13
141
79
-98
2
29
829
203
-66
-7
-59
37
3
33
-1282
109
-343
1
9
-750
-9
146
73
11
-7
-20
-77
-20
55
-152
30
267
-27
-25
40
-5
1
-62
14
-105
-5
49
31
167
-41
93
9
-17
337
114
-3
122
1700
-93
-35
35
51
7
-6
99
75
-25
5
1
-88
-39
-4
29
-31
-124
325
-67
-20
-44
-1
25
-277
67
65
23
-50
-6096
-169
48
285
778
1847
-15
885
7
10
-41
39
3
66
82
1511
-3
9
19
-40
-69
8
-41
-9
196
216
-11
-9
-35
-487
-1242
470
-1
274
-30
3
-5
735
20
39
68
-7127
33
142
65
-1055
-2
-48
-18
-1
20
32
-485
-9
-193
19
-22
282
33
-8
-33
64
17
-5
-6261
1309
776
-54
151
-204
166
-318
-13
-24
-6
-23
1311
13
79
75
-212
900
-320
-709
48
-16
22
-24
-217
-39
0
490
-6
-10
-2
-49
804
103
-361
5
-20
-9
170
3
-381
331
7
9
477
70
23
118
683
-779
7
812
591
35
6
21
51
-2262
138
-4
21
472
-338
-222
-64
708
386
-1315
76
-61
13
8
167
-41
-75
-4403
-2
-146
710
-1
-147
57
-15
1348
-2962
-43
-20
-312
331
84
2
-92
752
401
94
-354
-12
-62
26
-10
16
-23
-121
-529
-47
85
2925
115
-156
-613
-6
-221
8
-123
-27
-141
1315
14
458
30
-6
-261
-6
-9
-1129
22
71
-11
32
568
29
-806
-6
153
9
-35
22
94
4
-10
-16
19
-773
-114
-321
748
-3573
11
6
2
-3
17
-6
173
1065
1
481
403
-96
63
8
836
-25
-8
2
244
271
43
142
93
1514
3
-17
-30
-204
5
109
31
-110
-9
69
-24
-2659
78
7
-111
89
-95
-18
-146
-69
-87
-465
263
-67
209
32
-15
939
67
-8
-1
-392
-2
11
-97
-38
47
-20
15
15
66
-217
1454
108
-549
-1
-31
13
-41
13
9
-46
-11
-95
57
5
61
-41
-54
197
-10
-1420
7
425
164
-115
-11
31
606
35
-88
-561
16
137
1
-17
94
-13
39
-55
47
27
-45
-37
-15
-218
46
219
-898
-31
48
-50
-1
-2
4
-278
30
-292
83
54
16
-2
-10
-32
-142
-604
-635
46
17
2
1
28
-204
5
-9
46
46
-2
-10
-10
459
-652
-198
-68
51
-41
-147
-30
1016
-117
-355
2
-7
-3
-7
-15
-3422
376
-8
269
-202
112
81
-2
98
-336
410
1393
-2
16
-235
56
110
512
-1053
-1999
-5
23
147
81
-11
39
4
-1
57
-16
817
-10
14
-2
-89
-175
522
47
-16
-22
-571
131
1
72
-32
-34
-631
79
-233
-19
183
5
41
-69
-8
3
-4
113
3
-22
208
6
7
-4
-38
-23
293
-16
32
6
37
406
-25
-29
-266
-147
-61
382
-20
194
-4
10
4
-97
528
834
-9
-35
-75
148
253
-25
12
-15
-16
0
213
-56
45
29
-503
-943
80
102
106
-555
-66
-153
-1
72
-11
77
27
-45
-317
2007
-892
-70
73
-9
-43
221
204
-1
-21
454
-104
11
45
61
-66
7
-195
-20
106
13
59
-3
-211
43
-45
-28
42
-41
-207
15
-1
20
31
-26
474
-80
-54
13
-1003
6
60
-447
-14
-26
202
-425
-131
983
-218
-72
132
-6
4
26
3438
37
-3
208
-5
7
-8
-28
100
-30
931
1175
34
21
-14
22
-1640
11
-37
-1158
-8
-461
1335
-3
-26
34
-48
9
-16
-66
-554
19
-28
-24
-313
1
22
-158
-48
14
-735
-541
11
91
-152
1
13
-35
-876
-31
28
36
26
240
-16
-22
786
-34
-20
395
21
-1
-685
-16
97
21
-353
239
-7
-387
5
29
1004
2540
-18
55
-34
40
-253
-3
-71
-2
11
1
306
3
566
4
17
-65
240
52
78
75
8
-6
-784
71
51
-62
-1348
173
-51
19
-1
266
-404
82
1
28
-42
-78
-110
1594
-1595
-6
-2
-6
182
-7
235
-22
74
15
367
-435
-2027
9
5
-110
-31
1303
1
100
-46
-165
-15
24
-308
-321
-117
61
-1
2
-20
-488
13
3
-212
-23
23
7047
791
-11
-32
51
-43
-17
25
2434
-493
27
1589
143
-1343
-224
7
-176
2
358
-6
189
61
-21
-2
-55
-225
162
8
2276
691
-174
15
91
-97
-819
7
-92
-313
-446
4
416
-35
7
-1124
22
11
-48
409
-226
55
-99
2271
-835
11
20
158
-7
-107
-71
-24
-439
-54
11
37
210
243
-206
-72
5
352
-2
-22
-331
-31
10
45
-918
79
12
-37
-21
-27
4
413
32
261
2821
23
157
-12
-2
32
-25
-49
4716
9
-860
201
6
-47
48
334
-4
140
104
15
-35
32
-4
-36
704
126
-14
-3
-51
-328
23
-1
-34
-106
31
7
50
52
-5
-37
-277
3
14
-484
56
1
158
63
4108
-402
62
-86
518
-90
188
151
-10
-373
18
955
4515
-36
-245
13
-51
-22
60
3
-2
19
-61
49
-251
73
-330
-9
15
-159
-37
-19
33
107
2225
434
-13
-11
-458
-160
444
-5
71
169
-506
1975
607
179
-3
14
-12
2
-8
43
-391
-7
-90
-108
107
34
-25
2168
59
-9
36
-55
10
23
18
-15
-31
99
-405
-695
15
230
-84
109
-109
86
-408
-84
-178
-18
57
195
61
49
-128
7
-56
32
310
-1095
-3
-2
80
-38
-11
90
-1144
104
44
2567
3
96
-101
2235
-82
-895
-6
36
5
110
22
716
-6
181
-23
9
-46
19
34
10
44
240
2921
20
85
85
-715
-100
-40
164
-29
-31
-19
-13
-12
-27
-17
155
1899
5
5
-106
11
-10
-21
-98
72
27
3
10
11
111
15
-26
-122
-720
-79
21
499
-5
153
-66
397
51
72
-17
12
-50
1
-333
20
105
25
630
51
-221
-109
-106
-3
846
4
282
-2506
-302
4
-32
-37
-70
-63
-522
13
-22
-17
-77
120
-3
67
17
-3
556
80
-123
175
1
7
-19
-761
-3
13
-64
23
-51
101
-12
75
43
-1
24
-16
-3
35
299
1
-1618
-1
20961
0
232
377
-9
-38
37
-30
55
74
13
-785
-290
64
664
-40
17
-22
5
-61
-103
25
-403
-187
268
-9
-5
128
112
-642
491
200
-3
3
-108
125
-20
-11
-2
-171
40
-25
-68
197
3
-23
24
-38
20
-60
523
124
35
-178
-60
0
14
-129
43
12
-96
17
-173
-267
1124
128
16
152
104
922
5
-56
-94
34
-7
-7
2
-58
-18
19
72
-34
-918
-244
314
-847
29
-58
-1077
163
-14
-9
265
5
-155
130
4
-164
0
29
13
22
-1259
-11
-57
-1
974
912
-3011
-56
-10
-14
8
-2
1018
208
-14
-9
-5
-19
180
-2
-54
-19445
-1
-178
638
-33
-198
-1904
-11
-4878
-40
-81
-815
-15
-22
3
-16
-14
99
25
24
-16
-18
188
-54
35
-404
-117
18
-366
152
448
-238
91
-12
-92
-1512
-521
26
-81
2
0
-399
2
-16
-2930
-887
1466
10
120
133
36
-9
-1214
103
-61
133
488
-375
-54
6
-1558
-34
-31
-40
-284
-76
27
-1263
-5
11
-1
-173
-64
-178
52
-1101
37
49
-10
10
4
38
-1
667
-9
-61
-45
-52
-1
-47
-3627
-94
35
262
20
1
117
10
-11
212
-69
-228
-20
21
-37
20
-7
633
19
-397
-70
-3
1
-20
12
196
-115
-3
-103
-143
-31
-24
47
724
-73
-237
-146
-2351
-278
-1685
-9
1610
-459
976
-167
236
-439
57
0
9
-9
360
-176
-2
-15
5
58
18
43
89
118
717
25
-24
-173
-197
-84
-30
55
2495
76
52
-468
-524
-13
3
494
108
527
66
-314
-2
-533
108
-2
-8
-645
-100
-297
112
16
4009
9
30
-1069
59
3
68
-15
-2721
105
3209
22
1012
-5
-43
33
-813
-136
-130
-154
3
-39
170
-2
-1884
354
11
-672
-9
-323
-3
0
-81
7
-35
17
1560
-185
153
-101
135
19
-26
287
-220
-104
-6
693
-2093
-3433
-315
-43
234
-505
32
2002
-278
131
18
36
-36
-4
166
70
-32
10
2
-38
-16
53
-6
2
4
-322
57
-9
9
-212
8
-78
87
144
39
3
-353
16
-4
147
-20
-443
-5
216
29
-75
-17
-42
-34
91
-14
287
-9
-191
-116
411
-107
-46
-152
-25
-322
113
11
-208
-43
25
-259
-82
26
-111
-48
-22
-2
759
-102
0
-15
409
36
-38
7
283
-34
130
39
50
146
-70
1354
90
980
-1233
-32
9
10
-46
-22
66
-68
128
23611
185
-523
391
-34
247
3300
2
-1
-231
-2
13
-182
188
28
-7
46
-29
12
74
-12
473
3
-21
33
2900
-3
79
8
-20
119
106
19
-353
4
-779
44
509
24
-23
-46
504
-163
-240
104
-9
179
-89
-138
125
32
185
-169
-1778
-127
-45
1040
-12
76
-10
-2
-3
867
91
191
-10
423
31
1
-14
22
41
16
1264
3732
-264
-20
-90
-5
33
11
374
-322
473
-9
68
-263
763
11
4
61
73
-557
-61
3
-47
-560
23
-24
167
100
321
7
67
578
-1
107
352
-22
-68
-300
68
-26
-147
-52
-3
6
-11
24
40
11
-75
219
-206
-18
1
2316
799
74
-61
-59
-141
11
88
123
16
-6
64
1
-25
98
3
10
425
-187
86
-29143
-517
-12
50
-4
-342
-48
-39
-9
-17
0
-13
368
467
314
15
25
6
-473
341
-29
-20
3
16
-26
-1612
112
-237
-101
772
19
-27
329
-11
10
5
95
-26
-91
7
1
30
26
-21
91
3
2
-10
-15
221
58
-15
145
0
467
18
-57
91
-4
-275
-5
16
-24
161
445
18
50
-194
89
10
-1
17
-15
-275
-103
-28
102
-20
-46
39
-37
-14
-140
1515
10
-28
6
5
16
-25
7
-73
-54
70
138
-85
-479
282
9
1438
9
-487
20
8
-80
25
70
9
34
17
-689
23
-1966
-12
18
-13
42
46
-4
40
-62
-577
73
10
26
-18
4
61
133
12
-45
-294
58
1451
638
-60
1866
-15
-70
19
103
276
214
83
0
-4
-269
475
57
86
244
289
-377
19
611
27
16
96
-70
2
214
196
10
-9
770
-352
409
65
52
-427
-110
31
72
14
580
179
48
-91
-47
10
549
-230
13
172
209
401
94
83
30
19
28
68
649
24
-28
-48
-4
55
63
-16
-38
-963
-5
40
36
838
244
-511
-141
-81
-3
8
21
-68
439
457
3
2
-542
16
3
42
-1321
167
5
-114
290
-13
-31
-2
30
85
-24
-156
33
-23
-171
10
-111
-153
67
-12
-3
-568
32
714
-116
-2
96
1394
-14
41
657
80
3
-17
13
-23
2002
63
-4
21
-9
-6
56
493
5
152
94
-1988
27
-3
-80
-16
167
127
-72
336
140
-31
85
-36
80
-46
6
438
13
48
-77
-46
-40
-16
-189
970
4
1
-28
68
109
-24
2
5
-882
-693
374
-357
-611
-40
-93
-30
687
-1
-30
-7
471
66
-72
998
-70
-3345
-17
-271
-9
-5
-37
19
-2
95
-2786
-156
-82
-1664
-63
-12
70
8
-195
-18
56
-29
-2020
37
-17
-53
306
30
54
-542
90
18
10
-90
0
-10
12
-3473
-104
350
-185
101
-14
-1422
-41
-17
-143
-37
-6670
64
999
-5
5
-19
12
-98
328
21
54
-3765
789
36
619
-148
-131
-71
-306
78
67
28
-5
-449
13
-31
-39
-130
662
8
121
299
102
17
-528
-21
245
-50
-10
-11
-59
292
257
-517
-888
-283
957
252
-549
-349
-102
-317
-5
-12
-493
-354
241
47
-23
-1
-287
3
-1000
-1
-268
-6
-938
384
15
966
290
-254
359
-263
3
7
84
-8
-16
4
343
47
38
38
-32
69
-13
-174
-45
22
27
38
7
-505
16
29
33
12
-7
-32
-318
-100
-12
-4
-23
46
-921
199
-465
-33
343
3
3
37
17
1
-504
215
33
-331
-51
-15
10
-42
116
-155
-18
-29
84
6
-28
-83
7
1581
-766
61
18
38
1511
-58
109
-87
-8
-13
-21
103
-624
-77
-7
175
-108
-9
21
33
15
-1468
46
-7
-85
-206
122
-175
-25
69
59
517
10
-99
221
-53
29
-146
-4000
450
-2
69
-4
-104
-22
887
-29
-609
72
-1140
134
135
68
-5
11
-8
139
-29
0
18
50
-77
42
-97
4
-283
0
6
567
-14
72
-160
116
-27
-73
0
-484
24
504
22
-534
-62
88
35
-25
-6
-75
60
-301
-130
42
-3
1035
-2016
0
-76
133
37
23
-5
-185
-30
-76
54
-16
-7
-13
-32
-348
46
-18
-43
-46
745
-938
-14
-5
21
-1013
578
459
-351
7
428
31
-1
-110
31
68
-158
49
-74
31
-45
-31
92
-3
165
208
1
502
125
17
-25
-27
-201
28
22
-13
49
-449
-404
11
37
120
14
21
3
-6
-119
-1
-758
-37
-217
4
171
208
-177
57
9
2230
11
-303
7
-4
-4
0
-18
-139
-1
-4
207
-84
152
5
4
693
2
119
151
808
-11
12
37
197
121
-91
-605
-1
106
-70
-2
-54
31
-13
11
44
627
187
-216
56
567
-23
-87
-8
20
35
39
18
-70
91
-262
251
6
-117
45
-1775
13
-943
45
21
1116
-51
25
389
-26
264
164
15
-4757
11
-89
2009
-11
-30
136
430
-34
-66
789
-1675
-45
97
-23
11
216
235
-267
689
1063
-1
198
-26
-30
-960
6
-296
29
23
0
78
2512
-77
-9
93
-164
109
-241
1
-9
311
88
33
105
108
-802
50
32
-15
21
-101
-431
63
73
15
218
3
-5
14
956
3
-62
237
34
-45
20
-39
-490
-10
-160
-1
48
-62
659
-143
-52
27
-28
727
945
-582
21
1209
-34
25
-7
-19
-34
-14
19
-53
0
-167
-522
23
-18
38
-58
-625
-42
-31
-10
-949
102
64
-484
136
-14
4
-9
1822
658
3
67
12
-10
11
-113
-180
-17
11
0
-69
28
-83
-23
-31
15
40
-166
7
1833
250
4
-8
-17
-86
-27
-186
0
10
21
483
109
52
-18
2232
1
-35
12
3
8
482
20
6
111
148
-546
-32
14
-82
-10
-487
34
1663
-39
-74
45
-107
-1187
-253
4
-705
31
2020
239
-34
35
170
124
-515
95
60
202
-12
-18
-108
-12
-327
-16
81
128
-7
51
-79
30
49
-313
-148
-2
1443
-9
-307
5
-239
4
-431
91
-137
1392
-24
-28
-52
13
-451
34
98
-116
55
62
1
2
32
168
-54
-275
-1
-227
-2
55
-217
1220
-39
-13
0
-10
33
18
-67
164
24
-34
-242
-826
24
-127
-1213
-189
-515
24
-30
-26
239
178
-613
67
1479
11
-489
34
-224
-27
2870
2
-8
-4
-43
-85
145
-205
305
-2
-74
72
137
58
-13
-21
20
-8
-19
1001
-74
-1300
92
327
8
767
-288
-75
-34
-12
-57
251
211
-77
-126
191
-289
2
77
-957
1509
-3
1
-95
-487
-206
41
-17
-119
-10
-254
4
6
162
-11
46
-62
314
-305
-24
-11
1
23
-103
140
7
-112
38
78
1563
68
-669
-7117
1054
209
7
126
-57
-18
24
-76
-70
-36
17
55
-93
5
507
13
528
470
492
-314
56
18
17
-35
-67
27
17
11
127
-167
-15
6
-61
-44
-29
109
-2
19
-110
124
29
9
534
-74
77
-52
-868
-133
-26
94
-21
538
223
-7
-39
564
293
-821
-3
-41
40
-134
-11
7
9
26
26
39
-6
159
1522
378
8
236
221
-1
8
1451
24
-21
3
-58
12
-17
-129
-606
30
153
-248
-15
-11
-44
-542
164
-47
-14
44
60
30
42
36
18
-351
-1364
-13
261
72
-353
127
-82
-70
112
-441
-12
-129
67
2
-197
-22
-584
144
32
-22
-275
-55
-1978
51
48
-58
-106
112
571
-26
-7
-17
-965
27
25
-203
40
57
66
-36
658
-139
21
-27
-91
-509
-6
26
623
2551
234
-46
-128
99
470
305
-119
21
33
-300
-367
35
-171
230
807
5
2
326
15
95
-59
291
-38
-131
-21
-53
9
27
-20
-9
70
18
-259
7
20
1735
-6
-5
-60
148
76
4
3
-105
-439
132
34
-118
327
-9
0
96
90
49
-6
-278
-35
-51
-105
103
-19
-14
-2123
-150
-899
7
7
-9
4
-2
398
64
279
23
-38
-21
126
-86
-8
-15
12
-950
3
662
-45
159
-8
44
-244
-94
-4
3
-6
-248
-87
-35
-61
-692
78
-949
15
-53
-14
1
-45
-34
22
-57
-24
2
951
1
-373
-446
39
15
-64
1
-101
-423
1398
278
-71
-171
41056
41
-50
22
0
1147
-67
1047
33
191
25
-73
51
-7
-33
4
126
-28
-185
-40
516
14
-610
5
-5
-11
-166
-1
-33
-15
196
135
47
10
71
27
75
-21
-15
1460
-289
374
-457
32
-17
47
310
-1
28
-879
-42
331
70
205
692
-230
-6
-12
-136
127
-54
-39
-10
22
-17
-23
594
67
7
175
1097
71
-54
259
13
-79
3
-51
728
145
48
-33
15
-2248
120
-69
-389
298
-17
-16
349
-238
161
215
-25
-53
-1597
-34
65
365
-6
14
452
-95
-486
165
-7
-207
5
-1593
-79
22
-609
6
-13
-35
-29
1
365
-529
14
-23
71
-74
-86
272
-4
6
26
19
36
261
234
-20
-10
1187
36
1618
-2
21
-50
-682
28
260
-76
-254
-133
-2
48
-137
27
-87
63
-147
150
-95
21
38
1
-88
-222
31
92
68
8
-29
20
-23
10
-244
250
15
11
11
-120
-74
-18
3
-2355
25
-141
13
-99
-137
-47
-16
-93
-10
-449
37
12
0
47
2
511
1
21
-3638
2
15
-433
13
-170
-55
-1
-423
-1043
30
-36
-58
39
-4
95
8
-613
-9
1
2
96
1
47
12
-224
-30
-25
457
241
-30
999
982
22
-81
117
-470
3
-41
8
71
226
1060
-38
286
-33
141
-310
-26
4
153
69
-6
215
-18
0
152
-54
-19
21
55
-27
-7
-22
3475
-900
-9
-22
-33
71
7
74
-13
-3
-973
-12
-46
-104
41
5
-2
-32
42
-256
-10
-3
116
28
-43
42
-12
208
-6
8
-49
-250
-8
-72
290
362
-26
-52
26
-283
-58
1519
13
48
501
218
108
-36
5
279
12
215
12
175
13
58
452
5
-245
-1
-70
33
44
339
-22
-200
12
50
30
22
89
-48
254
6
-54
-58
-12
55
-52
713
-99
-111
-1
-5387
40
-16
23
6
21
87
-14
-817
-11
28
97
-10
-803
558
6
-123
-498
352
-10
-635
571
-73
-7
86
73
-178
-34
224
44
-6
136
106
-4
9727
2
148
29
-32
-193
-31
-337
61
-657
38
-136
13
19
182
1799
-154
-3
208
-43
26
1128
138
-21
21
2
401
-6
-13
-1
34
-976
-96
-13
38
1
0
59
3
-18
-67
201
-105
-26
2
-88
-91
426
9
104
-85
-128
-10
-9
-21
98
392
186
4156
16
658
-9
144
-125
-9
-211
-3
-455
-44
-349
49
-6
-36
-502
-164
-144
94
-44
-843
-41
65
12
34
-181
123
21
-120
-1161
13
-1028
-249
235
5
-8
403
69
125
-8
-402
-94
5
-32
10
-944
309
-153
3238
-3
533
17
-55
-4
-38
-588
-267
25
62
-279
-24
-28
12
-82
-68
46
46
-9
-9
43
19
1314
91
-88
-3
68
-375
-542
23
0
-103
-22
-3
10
69
25
7
176
-30
7
277
228
-24
-168
16
638
-12
10
-29
-53
-289
47
-3
1301
-31
-1720
-6
7
-77
-39
199
-116
1976
-6648
16
-83
68
195
20
-11
37
86
-21
-22
254
-925
18
19
15
101
366
26
-693
-1134
0
-242
-52
-60
3134
-156
-15
25
-40
46
7
-40
-31
-8
54
-66
0
70
-95
-24
-326
-80
-18
31
-7
34
96
-21
76
-555
24
160
10
-77
908
-27
2678
51
-37
-361
162
273
68
-1183
88
-4365
18
1363
512
47
-452
13
-12
428
-42
182
-118
-49
9
-124
-60
6
-1108
27
237
-7
2
85
-56
-6
-29
-55
-84
-8
-111
105
59
193
23
-9
23
59
-22
312
474
1065
365
210
-954
-37
138
1501
2
277
-18
0
-617
-43
-61
-10
-33
-1513
-65
1114
84
273
113
-33
-354
-351
-3
1
335
-4
-86
-2
-575
-421
271
-70
506
-11
70
60
-48
207
-638
177
-1178
85
488
-21
-448
7
-144
-271
-17
-1394
6
-60
505
306
-27
-1983
24
-4
18
-364
-1739
27
-32
21
-73
0
419
58
-172
51
59
297
969
-8
3
-28
47
147
-1069
-295
6
1430
-955
13
265
394
-39
740
-16
5
-1425
125
139
61
44
-140
-6
-354
-7
62
-31
-2
-111
-121
15
766
-157
-1142
-166
157
9
-55
3
92
-9
-4796
-5
-1
-122
78
6
512
37
39
-80
-15
-64
-43
-9
-785
9
763
95
-16
-230
107
-6
-28
21
-513
1297
-2
296
-105
-11
374
1361
7
-50
-51
133
-1
90
12
-15
15
-2181
8
-191
-38
-169
-42
-114
15
61
-4093
-571
-49
79
-122
-21
-20
-20
143
-183
-202
-14
-1
106
-225
16
-32
-1
-453
-147
-3889
61
25
24
90
4217
-1627
782
20
-486
17
-4
140
2
33
22
-5
1369
83
-13
-31
-685
37
-53
0
-23
7
-44
154
77
-39
-16
3422
7
601
53
196
16
-119
-59
104
20
-12
-9
45
86
62
-81
-13
-67
-24
-282
-10
-1042
105
996
45
8
-12
-772
16
-61
-530
14
-1
-184
-53
-34
-196
207
-18
79
-99
149
26
391
2172
-1254
-315
-225
59
-34
-45
-461
-119
-21
-36
-57
-3510
45
50
110
403
1163
-32
655
20
-33
651
-258
7
1967
19
-255
-84
9
2
-2
475
-1039
-3130
25
-13
76
7
15
7
-764
-9
633
-5
69
39
-369
2
-12
-804
-5
32
43
-389
77
-132
-18
-227
-52
-472
-176
137
-7
350
-5
-40
368
-10
37
133
-93
122
18
-8
479
-18
-14
-70
6
-37
-11
-154
511
-3
341
4
-13
-61
-84
-13
5
13
9
-28
-28
-1
27
-27
-1
13
383
-71
36
-42
-460
-632
215
-5
256
-24
-341
64
-17
388
-514
109
348
71
-1854
108
29
-264
-309
-2493
86
-89
195
-315
1143
111
3
51
-3
24
90
96
193
-1071
-51
671
74
-6
12
122
-13
-110
-201
-7
690
-61
10
-10
151
1372
107
-466
-11
-43
-1
63
-12
-131
-191
-1289
-30
-12
1066
43
5004
-42
100
42
51
-14
44
1008
-5
15
362
721
-2429
-210
-28
308
19
-2
-146
7
79
-66
14
-13
275
21
-61
11
-11
-25
-2
73
-1950
-57
161
5
-1108
-105
16
404
-6
-322
-1
-6
50
-38
31
-4
234
6
-46
47
21
63
3
6
1
-579
-13
-485
13
4
9
-100
0
3412
49
-1072
1
15
-1540
-526
-352
23
85
-2824
-8
-1
-37
-100
-157
-2098
6
-45
578
143
11
462
382
-7
-2
19
324
20
-3
41
49
-100
-54
-9
38
1114
22
-180
48
-6
132
1
-9
-28
32
312
-1482
-187
11
-253
-34
-27
8
-9
28
-91
3526
291
-51
33
2138
-63
-13
-135
8
-16
112
158
45
194
-230
-8
4
1423
-1
11
-445
2
-41
-179
-63
33
161
-168
-5
-5
13
484
-24
-66
-22
1303
-164
15
20
-21
57
44
8
480
1756
-11
7
-106
0
-193
28
15
-82
-87
619
-10
154
-593
425
-16
-40
341
-11
-105
19
2
-15
1628
-31
24
-38
52
-23
608
117
-392
12
10
-21
-29
3
81
-73
-5
-35
61
17
594
792
-2
-54
-92
-21
-6
-19
28
11
-44
-738
1709
1
80
-2589
-476
6
-97
-112
-439
31
-568
20
-2062
45
-14
-967
34
13
-2
51
-1990
132
151
-99
11
-29
39
19
-6
239
-6
5
-9
155
198
22
6921
41
-94
158
40
97
-6
1459
163
277
936
56
252
-2
60
2
150
167
44
-120
-172
-113
-112
-113
-11
-147
-41
-913
-7
406
7
6
3
59
-1394
-93
1054
-8
183
18
465
162
-22
-189
964
31
-261
-1275
37
39
228
345
18
65
178
-88
-1330
-24
-89
258
20
22
24
296
4
-38
-153
2
1235
8
-37
2
-36
-426
31
225
174
-449
-461
-44
-1
43
118
-53
-77
122
232
-606
23
153
43
-60
-931
4
-13
61
310
-9
34
8364
-1
16
144
-31
74
383
-54
-55
-207
197
-158
-293
-1076
-12
-19
190
-584
-39
10
88
13
-2089
26
265
133
-96
-140
63
32
-7
-3
27
-302
54
-1738
-139
539
-159
-3
48
-5
-2
309
134
-20
-79
-36
410
4
286
3022
71
39
6
-210
-66
-59
-28
-6
-225
-16
-61
-17
-92
-33
4
-42
1483
0
74
-559
39
1276
-20
63
-667
-15
-88
5
-36
728
17
-66
-3
-5
8
2266
43
-10
63
-4
2913
-115
84
26
300
52
-10
4
-7
44
235
-178
-29
-77
11
-15
-2
2
-351
10
-29
-8
78
-188
-291
36
-84
4
3
1
-15
-367
-77
115
-19
8
2785
270
88
-418
-68
-2001
-836
211
-87
-41
-52411
-3
31
6
-129
-6
479
6
-994
-194
20
-427
14
-474
-61
189
4534
-1
-12
0
-38
-13
-34
-10
24
2
24
20
-13
87
-448
-29
-27
-219
105
1471
8
1
-49
-22
-36
-28
-44
-24
54
74
33
327
355
-39
57
-15
-35
105
9
1
50
-20
-11
-11
185
-1639
44
108
33
25
104
57
33
-2
-35
-7
12
-71
-10
-4
-56
140
97
-698
-407
-7
2106
270
-14
-77
-323
2
-540
-207
295
-17
17
2
19
203
-7
-15
-245
2
-27
14
23
1326
-6
-575
37
-695
-36
92
7
-19
288
-256
15
51
5
-463
115
386
1388
6
-58
12
38
-150
5
-2
53
411
-2
10
-10
-4
-108
-379
172
-15
339
-1
-165
1
165
882
-1
14
448
24
-2
-12
47
225
29
-50
7
-95
-23
7885
82
-7
-130
9
27
-66
-14
950
-17
6
23
264
-174
284
-15
-41
1797
-128
-92
-120
16
-12
-47
-422
26
-13
-13
92
-35
-26
-6
-14
0
-53
-24
-8
15
-7
1500
-9
-23
-120
3
-332
28
142
4
-38
57
15
2
6
-4
-74
-371
34
117
-32
855
24
-10697
899
-172
-770
267
-9
-112
30
33
31
831
-7
325
129
-60
-69
-14
113
-5
-2
2787
-23
7
42
32
177
226
14
-103
-40
290
-48
-199
12
74
296
-58
-91
12
165
-35
-67
-229
-1109
583
80
-46
-269
124
32
60
-433
-10
11
623
11
11
-884
441
-11
888
-15
99
51
1440
-76
-378
50
-28
188
-15
92
114
-96
342
168
4
385
9
33
7
-134
485
-74
340
-14
-8
404
-1725
-102
-117
-25
-62
-61
-22
4697
2
34
1
693
-110
38
5
0
-23
-21
-96
416
19
5
-433
12
25
-24
-2
14
8
-799
-41
96
-62
-105
7
-1194
11
-86
0
-156
-419
-66
-43
-5
-6
316
134
38
1634
5
358
-133
1
-128
-52
-20
32
-737
33
33
-10
-7
-2132
-4
1
-32
-173
-29
1
109
-201
-8
-119
-87
259
3
160
9
-180
9
-4
4346
12
-67
256
-116
-92
-34
480
-24
-220
127
9
-972
64
18
71
-14
1387
-477
-23
20
-74
-84
-20
-339
-8
288
990
-407
228
11
73
-99
1466
-7339
27
-7
9
-46
2
-24
-6
500
237
-5
5
-13
89
-62
3206
12
-7
-112
348
2
42
-933
20
111
12
-67
84
-5
1
-124
-22
-12
141
650
145
-132
-4
-20
-27
2
656
-53
274
192
-38
10
-12
22
2924
-497
-2
25
1026
-1115
-7
24
73
-28
-2408
4
-174
-62
9
13
2
-483
269
-26
-16
1053
-165
33
55
1473
-6
20
53
119
85
12219
-209
65
-44
144
56
-34
-110
62
232
8
33
-24
0
699
-4
2
3
-412
2710
891
-259
76
-67
-38
-18
-4
-342
1063
165
-416
70
-679
22
-162
10
-232
38
333
799
-25
-236
-20
-297
15
61
28
5
119
83
37
-67
-12
37
-32
-4
1781
-14
21
30
-101
-494
73
16
141
-139
87
125
44
-74
371
381
43
-28
-7
-49
-69
78
-14
-13
-147
10
-248
1378
114
-70
1276
7
89
116
21781
-6
36
130
96
-59
-10
45
31
-490
-123
8505
-8
-866
5
-72
17
-26
-18
37
540
83
-91
313
79
20
624
-68
7
41
-78
546
186
1501
-1
-38
5
-53
-25
43
193
41
-498
-48
44
232
552
-58
88
-28
830
104
-24
-45
26
-208
-29
-163
-578
365
29
8
-80
205
45
1
52
28
16
-301
-1
-1195
-517
6668
35
143
-184
43
-116
37
3
77
80
7
-60
8
-395
-33
13
285
189
1
111
605
-38
-42
646
-763
19
-103
367
303
527
312
89
41
-144
-543
-11
-25
-154
-215
13
10
29
0
153
162
-3
117
-220
-13
-557
310
-593
-32
87
0
54
1159
-86
-10
-55
12442
536
24
104
-319
89
21
-38
222
48
87
-20
-15
121
42
-24
21
-4505
-137
-1539
99
4
