2256
765
1594
2138
842
1236
879
3760
3338
3109
712
547
1680
9529
1722
1920
2456
2414
5072
18992
4107
1028
1325
766
739
1349
2119
1399
1586
803
1058
1179
2016
3655
2119
2488
915
5121
1050
2077
8648
1393
3379
1319
595
1055
2060
691
555
2317
2627
5581
645
2624
1503
4052
1234
2442
864
1972
7035
2764
1712
1281
3467
1663
1975
1534
1718
13692
602
3071
913
832
2454
2733
893
611
851
4515
3823
8735
632
783
1056
644
2852
1213
1251
1251
497
465
1051
1792
4684
3139
1679
921
1092
5309
2128
1223
999
911
2436
1909
3306
2821
1228
942
994
496
1027
3460
799
705
8529
3077
1918
1335
2591
1060
2344
1144
4565
315
1853
1453
1461
2717
11163
693
1239
1147
1057
1455
923
3917
4641
4457
920
916
2070
1173
531
1781
738
4105
1007
935
1211
735
1404
1775
3130
2360
2083
1221
1299
3403
2475
814
1086
1467
1004
1340
1209
1482
3600
3120
4512
4873
1356
1512
5178
1077
2576
989
582
443
766
2607
3353
6215
401
927
1449
2564
2111
1153
1101
3260
1813
5887
6042
6276
981
1220
3217
1210
1320
3332
609
11641
3507
1911
2593
3730
1711
4163
1103
2954
1805
822
455
883
1094
827
4246
1358
1827
2137
882
2118
1232
1294
1493
732
1254
5002
981
5652
1008
1447
2902
974
1061
2304
3624
1829
2788
735
2283
1453
653
884
1456
1099
1428
999
835
683
1701
988
1317
14959
3285
3982
666
2038
1758
1376
2770
4321
783
3544
2989
2611
1649
725
1610
1082
1571
1401
14797
3097
7039
4666
6094
604
2763
1560
591
1568
967
4928
5448
3885
1346
2253
1710
2587
2678
925
845
3929
4009
2136
580
1272
1886
3446
1128
5749
2785
813
2004
725
1602
654
2103
331
826
1198
2938
1994
3717
3276
3306
3546
4495
2493
2165
5569
1176
1551
674
2181
722
835
1058
451
892
1603
2472
1924
1167
1101
613
704
1212
3400
3208
858
5249
2714
1143
1444
4971
805
4175
1246
1450
4835
3376
1920
665
1151
3015
615
1364
1140
1458
1643
2208
7657
1632
2780
1838
432
2938
2710
905
2330
803
1671
5526
1348
893
1066
4371
1129
2623
2168
832
7219
1364
1162
1266
1250
872
2059
933
2845
2115
2821
1907
3336
2193
1273
1253
2081
5552
1295
1262
1769
2023
2144
3945
2607
1188
10649
2093
1741
9537
852
1237
1592
672
1298
1104
2776
2342
2847
1860
806
1418
3819
487
3820
878
1276
577
735
1435
2011
1922
1238
1423
1801
787
2106
904
1217
1413
1880
3657
1057
9899
567
1518
1006
8121
1431
479
707
1819
1392
1599
10440
531
3182
1187
1195
725
1668
2110
1050
595
1712
2661
1539
938
3326
2293
647
1269
5302
527
1300
931
2848
4271
2033
1730
354
3152
4446
1037
4584
971
598
2402
7588
1416
1115
1471
1814
1897
4447
1255
1530
4690
1117
2158
1984
3334
865
2372
2001
3744
8733
984
1221
6772
3869
806
1110
2708
2549
3122
759
1544
1179
2744
1274
1014
3893
11650
1387
2208
1558
4663
3049
1198
1548
3204
2454
839
5108
824
6608
11722
655
707
3580
1361
2295
2297
2338
2146
3616
3407
16976
1295
623
1032
1395
1499
2651
1770
1278
547
1145
3961
1487
14634
540
4618
1051
869
2255
3970
1122
1264
2831
2065
1408
2393
2617
1490
702
2684
2140
3709
5377
556
745
1309
1642
500
2841
40121
1162
1226
1188
2562
2868
876
754
1430
1657
875
791
4753
2897
960
1292
2022
912
664
1355
1218
1673
435
709
491
1097
1111
812
2026
1772
4408
5258
2251
4290
1156
849
618
1435
1029
3629
1438
1043
723
1268
1126
2113
1232
1830
2072
4273
3271
2293
3052
668
1725
1406
4446
789
2098
5882
1741
1769
1106
1079
1554
6189
1389
8223
2488
7386
1235
5687
1283
1906
1098
1231
972
4311
1439
1036
2402
601
1373
2967
700
1465
1347
10422
1496
2487
2742
9951
1066
2547
1751
14324
848
723
1276
1682
2698
3310
3148
709
2817
1207
796
1097
3054
1214
2325
832
937
2487
1018
639
3625
808
4145
12903
1226
1209
2597
1827
1104
823
893
3187
954
2570
1538
2247
892
1008
1247
1099
1683
1166
1039
19803
1782
1075
4028
1186
737
2007
5902
1142
648
3640
1293
734
2165
3312
901
2723
1394
1212
911
9690
751
1411
870
881
3422
1815
3883
1491
1597
1414
1675
2002
1453
3521
937
779
794
1652
643
612
6434
530
3066
1457
1887
1995
1400
935
1896
1305
716
2136
1676
2787
749
2122
10054
951
1467
2506
1391
1872
1696
11732
5348
669
1894
1827
2060
645
1983
1085
5877
7422
1327
2435
367
1539
1624
1470
3252
759
2085
3277
981
1562
799
2955
2221
608
1593
3344
1558
3819
1314
771
20283
1485
638
939
7649
1081
4889
4286
1106
2906
1025
1157
5344
3963
2597
3277
1472
4918
3633
1390
629
2677
2315
712
4713
709
1421
5972
2635
3015
1461
626
930
3730
815
1110
756
1283
2895
4230
970
460
3044
2940
2982
1153
1097
1790
2073
698
943
1748
926
4060
1033
1396
1518
721
4706
1035
996
980
5848
1149
2571
683
1821
5766
612
1367
2272
588
1618
1731
857
1215
687
3191
742
1817
992
3554
1097
1862
1195
2115
1761
1115
1969
808
6517
2293
2041
1722
1998
8891
4146
2213
1012
2287
776
971
12902
3378
702
1536
1203
4834
3492
2408
1878
2796
1942
1126
2325
2340
6897
2739
1016
5243
4386
873
892
672
1227
888
7833
17070
911
1175
1357
917
994
1063
849
883
3536
1438
992
2151
3167
3194
3532
1019
940
7584
1681
1014
2387
2085
872
2955
1528
1499
1883
817
2097
3556
3189
2072
2830
1170
1803
2104
1910
1644
1581
1023
1215
895
3333
2098
2210
935
669
2840
2742
706
9462
992
3694
1465
7519
8120
445
769
2213
1367
11993
3100
1515
2657
3530
1536
1526
12506
1420
3486
4197
2465
1138
5311
2505
1874
620
1417
2392
12660
1326
3832
618
4244
3275
2421
1924
1425
1718
1459
1677
455
612
6757
1306
922
2245
1522
1717
1570
633
542
2967
1921
3866
7087
2754
1134
1833
1386
3664
1249
1846
2549
867
1470
2682
2013
919
1967
1467
7649
499
3884
3272
1508
2075
2510
1258
1234
729
897
1772
782
2431
1025
973
2029
845
923
3626
1462
965
1153
3080
2256
1432
2384
1301
2367
2819
2137
1604
4780
1698
1699
6862
686
1757
1474
3985
518
3190
1365
4333
1363
2983
754
2113
941
1288
1190
1773
903
10217
2948
812
878
1577
2479
3286
872
2075
2858
1738
653
2868
1097
1726
2094
2303
646
812
560
3931
1100
1017
2008
1449
1006
754
2235
4791
1153
1657
3504
1878
2098
6647
951
908
739
1249
985
539
2241
5840
1485
1950
947
3967
1320
2954
1352
1682
2934
924
1597
1639
1213
2459
1279
2520
1478
3965
11550
603
505
2478
1946
624
5097
894
1005
1381
1715
1595
908
555
2613
1562
634
5444
849
2556
1804
21784
2264
2197
681
1671
763
3098
1779
1497
1681
2491
1753
2085
622
1198
1936
882
2191
2698
3126
4374
930
1147
735
844
1883
1393
15152
865
1560
3022
1274
767
3851
1267
574
1524
1212
1240
5468
1555
1637
3718
1596
2572
1916
708
2521
1135
998
7007
2943
2719
1010
1595
4333
3553
2642
1431
1547
1061
931
1519
697
2395
4308
1224
3758
777
3240
2797
3192
796
2399
7529
2090
2809
2679
755
686
1658
4268
772
1408
1473
893
2012
667
7956
1428
669
1109
3236
1332
1722
1616
3624
2765
1526
818
2256
804
581
5090
1211
1176
2919
623
3158
1797
951
2857
5314
4439
1792
2252
849
509
1281
2134
1614
533
903
1919
5633
6408
3693
3317
712
2620
1332
3012
2211
566
1126
717
2906
2697
1049
517
3206
1292
2737
1037
3104
1077
1011
2618
1513
2954
1351
2960
795
2024
1230
3154
1583
934
670
1028
1653
2190
3550
764
4210
730
1257
2543
4089
4019
15375
2933
7255
3166
636
976
868
17863
1647
8359
2887
3574
765
4516
1045
1475
2436
1252
815
2662
7026
1964
2263
1458
24782
1478
3922
1019
829
4907
1347
1769
2604
1140
1532
1205
6146
2866
371
2055
2372
2177
3881
5905
2812
5399
1138
4514
2332
5197
1800
1405
1615
3996
2770
934
2172
1148
606
584
901
1971
2173
11547
7228
1601
815
995
608
4322
2514
4903
1380
932
3249
1787
602
4274
2891
1719
550
2287
1393
536
796
9631
1152
44380
1146
4570
1748
914
2278
1304
2311
1988
1223
2579
1294
9704
731
1150
706
1736
2493
4166
1433
879
473
752
2304
3635
3735
647
2091
4830
582
5104
1073
1522
1066
1610
1196
3207
1410
494
1802
3374
522
948
741
1303
1008
665
3304
795
4141
2633
955
868
841
3562
1574
4780
1891
817
4720
1822
1051
874
2832
1594
535
1374
1729
2382
881
797
1483
2594
1696
4483
4179
2396
1673
2178
2580
2764
664
2218
1854
1699
1921
1283
3493
3123
1409
719
2795
1204
1454
3799
1546
5772
1402
4303
1722
3422
479
5380
2076
4349
1007
13622
1209
7119
2010
3934
2612
806
1002
1390
12457
8241
711
4430
933
609
775
1241
1552
2838
4211
703
1785
1518
881
810
1491
628
1958
1038
4003
1169
8723
824
1029
1189
1706
2453
1353
1329
1304
16173
2374
1281
2492
2195
1316
424
866
4682
2805
2438
1779
1616
1162
2847
3905
1605
4376
5238
1346
777
2909
1472
1103
2707
2992
1032
464
537
1559
815
737
1882
945
1157
12541
1855
4565
729
748
1037
9976
795
2780
1183
1167
1023
3799
2433
882
2234
1272
3270
2402
3365
1402
1549
1437
2279
7866
4297
2678
2974
2855
2266
670
3671
1426
2678
1620
1102
794
1267
4190
2120
2642
757
3435
1555
1968
924
1072
3977
3683
1311
805
1324
5738
3039
1588
2039
8685
849
9629
1927
2221
1326
1302
1632
1532
4432
1456
889
1076
982
10887
862
907
3997
2478
663
1242
843
1021
846
740
5367
1198
3674
1577
2055
5870
2691
2227
18623
1730
1279
786
1650
3696
2771
10281
949
1103
1965
1294
832
4372
4557
2196
2234
910
4148
1050
1824
3395
2975
2002
1210
569
3422
741
818
2390
18490
6439
5055
534
909
2287
13807
626
787
4538
3514
886
2173
2222
1430
3292
2163
1212
2521
739
1228
1507
1958
4231
1744
662
866
1066
4825
1049
1812
440
862
3727
1138
2342
2458
1875
4006
3619
848
1358
2533
4163
1646
1176
765
1465
1275
2179
4251
2051
1373
3587
1319
879
1314
2494
438
4353
7723
4770
3509
1256
4153
1237
1793
2551
2342
2164
1356
1157
2132
2496
947
1316
2251
1396
948
5162
5025
1330
2341
2073
1308
1216
991
1688
1361
1673
1640
425
2306
2403
1089
3287
5006
9836
1499
1384
1638
619
1397
1724
1503
875
2438
1905
2068
714
2469
1280
2028
1448
2159
1140
1034
1747
1274
2689
2861
1348
5403
4675
1672
5278
580
1099
1221
1559
2876
1426
809
2617
883
794
2360
1382
762
1092
693
1789
1447
5736
2232
703
2039
3720
1897
1650
580
1654
1850
3378
2969
909
622
1240
1083
4453
1274
499
1678
1678
2498
4020
2425
1811
6927
847
912
3171
6347
2756
491
2709
2940
699
2272
944
555
6245
3779
6671
2421
537
2247
12381
1676
1067
619
826
1529
1545
880
1831
1094
965
890
1041
11252
2877
3827
2887
2454
3429
1168
993
1095
1133
2974
2392
656
3528
2478
5119
1038
628
894
1613
3285
6466
957
1169
1192
1073
1306
895
832
2811
2165
3519
2241
1050
1039
408
1480
1224
2328
1507
2622
5863
654
1260
16039
1700
1413
723
661
2615
1363
505
944
2491
1056
1968
2208
773
753
1203
1888
729
1012
2372
3305
1633
4621
5598
3157
582
2243
3633
779
1734
1032
994
2493
1462
2813
2087
436
193
828
11131
239
1030
1097
1561
3817
243
1670
680
7640
5140
336
409
466
322
244
2066
704
1763
1125
699
1220
444
429
2113
502
328
290
533
652
715
1188
649
1262
265
853
335
422
3225
464
789
1613
599
220
1346
164
388
769
1459
2241
542
3067
474
617
1190
383
1096
2171
284
4130
1135
435
628
2901
520
272
531
345
637
2177
309
994
4845
441
730
605
592
250
1644
1171
234
680
720
4795
1755
539
932
699
1042
1202
892
1295
1065
380
1490
5393
223
230
832
812
1986
518
684
237
2244
865
712
1503
445
557
380
416
240
887
506
202
315
884
331
610
680
402
642
1805
1130
415
222
246
475
2647
234
500
4428
703
709
237
621
628
704
398
336
1931
564
617
668
1120
214
947
393
12272
260
1105
992
612
2566
319
4251
477
1915
374
402
695
574
270
630
968
1037
166
896
1076
420
592
661
503
554
954
759
374
433
253
216
325
995
336
343
491
3038
987
2465
3968
1188
360
1396
841
830
867
416
266
213
388
1170
419
531
2247
647
4716
197
346
891
896
1696
685
238
1857
455
608
6300
1243
882
303
237
817
1283
997
1495
939
537
441
196
250
2560
852
551
849
2261
342
433
1279
3852
651
1116
684
12328
1375
4125
2401
3746
2409
986
1362
716
359
856
769
307
273
1370
925
625
240
923
257
1037
1121
2639
463
654
539
326
254
355
360
968
504
1367
375
410
257
2146
1267
3247
406
1929
362
290
728
1422
1163
250
480
523
817
497
500
7161
303
5415
597
393
739
890
1408
302
517
232
368
721
933
680
2121
464
4208
274
405
1874
3009
2732
423
236
3223
412
4731
293
1285
1201
1295
552
883
543
563
646
2452
592
463
716
328
1315
370
937
563
2191
1590
351
689
384
349
327
641
796
902
337
275
382
14847
182
529
626
353
591
892
2549
398
2121
381
147
1027
3613
862
654
1588
239
1712
1925
554
1051
334
1180
437
484
183
323
999
1422
266
2483
3039
859
1700
752
391
433
2383
819
460
1903
327
469
639
841
519
537
787
346
3497
2311
371
518
488
298
1058
540
1922
435
730
529
546
695
754
2862
2668
801
745
581
473
204
471
522
597
1451
421
900
470
306
275
1158
737
4957
427
1136
189
427
2574
397
1686
655
1068
1380
515
1303
722
214
342
1169
1367
2266
486
357
471
654
427
422
280
598
5100
2297
840
517
2260
1980
1674
435
380
874
231
328
3132
259
356
2131
12730
560
401
1022
286
679
1831
542
205
3297
722
533
406
418
527
827
1316
5930
340
1847
1636
226
278
1130
630
5358
282
485
784
312
344
247
1832
319
306
172
480
1054
436
695
1824
573
391
1564
847
300
334
6530
312
270
807
609
1782
868
922
399
1429
757
361
613
1173
378
551
648
1454
217
436
524
393
841
796
402
213
1736
681
1644
822
822
1893
656
912
360
846
478
372
298
558
2361
524
439
457
295
185
17085
648
344
546
3616
329
431
413
1582
339
3726
973
258
553
219
214
425
703
790
385
387
816
744
1059
479
2100
630
1051
1379
1383
667
489
353
1114
650
4206
294
227
299
554
664
733
217
367
612
241
630
2029
796
866
926
428
735
475
378
166
789
481
254
305
974
8310
355
299
174
576
739
1373
395
1310
714
580
2878
473
339
369
2499
695
372
176
613
445
369
1547
320
1382
1059
607
1525
1016
277
451
1093
458
277
1060
2205
489
1836
1272
1346
657
236
965
502
384
1737
496
874
423
476
3256
2163
976
2151
1422
223
2588
818
985
1426
316
217
991
381
1397
552
5890
3714
1027
771
132
456
9322
562
492
2867
196
329
672
214
2414
485
2228
997
230
263
315
216
1087
510
447
964
1115
924
2131
382
774
1032
344
478
4328
673
767
590
989
3236
948
288
424
1548
589
1425
8159
8158
779
522
877
339
1385
329
1524
310
10914
1091
1806
988
650
280
4671
774
719
414
550
957
632
5165
1141
366
863
361
2692
399
383
489
627
483
2349
361
494
244
300
1460
797
1838
883
230
476
412
638
194
1360
1837
1033
500
3490
192
553
2279
777
429
2307
865
298
1124
433
2029
771
522
403
502
369
802
232
2222
1118
2988
569
257
1213
899
2080
646
249
283
388
857
867
4065
415
3303
920
231
2118
1292
936
893
1873
460
347
394
4158
387
750
636
462
385
413
1116
555
510
1116
318
493
3357
2898
296
10522
468
250
700
4703
1010
193
347
281
750
1742
383
513
337
474
424
814
623
1973
1353
689
1050
840
914
406
445
1060
1825
2242
808
314
1194
656
781
304
256
4284
1471
1014
338
276
219
558
2487
821
1003
420
467
403
216
382
2762
1345
419
266
303
1367
1175
471
417
346
520
415
1595
658
1323
4297
11243
385
327
1227
383
1908
497
3056
358
4216
376
392
1583
333
481
2244
2589
1649
4410
385
337
1680
319
4620
891
1095
922
1062
2351
1947
1030
457
3586
352
283
999
491
564
478
371
434
1043
644
566
601
352
1052
974
510
2398
313
558
1039
1388
336
244
2092
896
1267
650
389
1384
820
810
589
997
197
961
189
465
821
948
382
925
412
795
646
1220
769
475
621
571
698
341
2544
1316
903
730
435
260
505
2639
270
5129
1752
352
266
283
521
1732
385
657
755
363
406
1422
786
2866
990
550
218
1893
1824
1027
2006
250
914
1948
1077
541
8527
285
492
496
1876
269
237
584
665
583
876
416
415
801
1791
2943
869
786
484
440
336
1071
775
234
2817
665
3685
2200
925
1851
587
321
1885
1034
535
414
814
516
1020
322
665
518
360
229
1849
259
3573
327
489
226
790
434
783
434
647
2093
553
446
1701
1177
276
221
262
407
606
427
2860
843
1201
4659
1052
1024
1735
397
596
3606
435
342
612
468
265
529
217
1387
922
447
3483
249
280
843
3026
173
837
323
755
401
674
2213
1433
828
719
324
3195
1028
1443
916
349
2441
1667
11489
672
1095
191
2488
493
1728
3487
423
401
579
2275
1360
799
249
3741
1190
221
1924
654
814
232
265
719
197
741
507
250
1883
771
420
1621
825
307
322
815
979
278
503
2147
326
235
336
322
1087
2236
254
663
414
304
408
2474
853
1171
265
371
592
373
4363
342
206
944
259
278
382
508
797
574
2459
382
501
282
1020
971
655
7051
724
248
413
1611
2501
2735
804
1367
805
900
9026
401
511
253
487
915
1369
290
335
8218
999
1100
370
503
452
395
587
361
405
1195
2146
742
1918
969
437
3168
1813
1292
1798
193
578
675
3276
713
517
1289
208
447
215
709
409
862
492
311
640
220
1257
720
544
1216
1008
527
732
287
397
1057
529
768
1075
2460
643
683
2355
11775
350
589
758
253
724
1804
631
397
1400
199
787
603
312
2414
494
755
364
861
2320
635
344
384
1605
269
7602
288
1230
1579
879
426
6384
8520
521
1079
1022
186
1013
246
275
472
2912
341
597
644
362
1023
431
322
581
1550
886
5714
1150
699
595
310
256
674
306
342
1811
472
5896
779
1174
331
758
408
428
364
816
359
297
565
622
786
844
241
577
1937
447
2446
3008
208
743
596
638
413
1392
362
345
3080
2663
1368
739
254
427
828
1477
982
432
4759
1700
228
889
875
1095
550
2025
346
972
639
2262
1002
305
402
266
1280
699
208
366
657
734
924
639
601
621
224
972
285
300
224
316
542
1378
522
893
2187
332
458
2015
316
1290
245
1380
5949
537
1250
453
1923
652
1271
882
1758
173
380
302
3023
414
756
257
567
3899
939
1067
1572
1493
720
449
2176
1985
1038
644
4673
945
13656
506
289
825
2199
772
704
416
1580
819
1159
176
945
325
1067
2762
258
414
1170
711
996
4436
1271
294
635
811
858
644
448
894
602
1141
1093
304
1277
560
230
343
14945
2068
614
221
328
186
3354
452
160
1414
805
588
264
380
614
679
2477
353
428
342
293
1348
1036
664
442
532
543
342
4245
395
4630
692
393
878
1335
1979
9080
1348
365
172
3964
751
968
527
1097
451
611
727
259
422
1428
946
7234
3826
798
1935
1533
582
280
138
385
689
965
299
1587
2139
844
180
956
2262
731
435
796
724
355
851
371
1488
506
3035
921
266
1112
884
532
354
517
4157
983
3216
580
177
1900
773
752
281
840
3640
245
372
2683
493
1610
533
1806
599
1429
2822
477
339
1058
338
656
412
320
343
465
1526
767
240
333
1240
828
923
681
1770
1852
585
1952
299
556
489
899
1245
1726
259
1591
1724
694
273
7285
600
435
474
302
626
800
3475
352
407
198
2631
2426
350
1004
559
581
2410
385
917
285
1135
648
687
329
731
197
562
1203
229
566
654
211
613
531
318
480
730
1948
336
1159
340
3418
717
400
573
620
866
423
645
533
5757
3929
738
397
848
299
3763
444
1109
1767
539
580
379
830
271
1191
959
445
11234
2166
2204
331
1908
287
727
385
993
3504
2612
151
1624
1658
798
653
2654
289
1683
348
419
681
3240
735
530
235
619
515
2694
675
6212
395
682
707
587
840
2207
867
730
3472
541
252
675
297
408
1431
1742
689
1968
363
337
1479
175
488
599
881
246
826
1476
652
296
990
1522
355
242
348
2334
1723
1111
1487
887
449
2637
302
1813
357
540
1402
205
777
893
742
399
353
200
430
493
186
232
3196
719
2198
477
744
464
655
1566
449
7888
3823
431
463
744
660
185
386
2415
948
1736
899
1544
550
2074
189
852
1523
1002
368
324
515
748
2945
334
677
483
2075
178
567
624
182
497
930
968
2922
1176
241
3456
689
537
584
789
366
349
755
286
13124
2421
390
619
412
1198
575
681
253
1874
955
547
1230
1848
313
214
909
1476
294
413
363
163
248
205
336
533
2101
504
385
4915
1447
784
2556
534
409
502
647
413
327
267
948
2687
272
368
1993
938
382
664
179
282
409
486
624
1408
264
182
3731
1144
328
228
787
464
472
370
313
2913
618
1839
406
337
350
659
264
1588
1410
681
379
686
3090
270
1078
2462
659
1088
267
300
705
535
3715
563
3259
270
1478
986
894
1314
546
460
387
477
653
1218
214
1670
1020
1599
203
1000
760
579
1086
512
550
351
798
4169
592
373
2278
1242
1725
261
1099
423
511
2512
2426
893
212
309
4722
498
354
482
366
503
366
471
1119
234
957
1748
467
2231
501
1227
866
313
424
389
234
341
397
1032
1833
209
3006
888
343
273
339
349
413
409
2109
376
372
3959
455
590
958
10697
158
122
536
521
488
174
155
229
183
225
502
161
513
331
218
97
64
366
1913
89
324
507
66
672
1330
80
171
165
922
571
128
1888
405
299
1145
11146
479
3478
94
273
99
162
744
378
277
153
4372
14864
185
376
170
1110
855
40
688
238
119
281
119
185
566
215
307
84
413
94
201
1676
166
85
157
1914
129
102
71
242
194
1213
121
197
161
269
375
210
172
143
397
125
2917
1009
192
150
998
446
276
4766
162
118
102
96
1428
1287
165
173
4613
532
139
151
211
173
262
193
360
1608
5395
1944
167
327
116
391
310
242
145
344
1006
197
1115
283
986
668
175
235
502
2004
3409
230
140
84
2308
1966
318
586
1277
250
126
151
133
795
170
543
3728
183
126
13796
514
169
837
705
119
165
538
315
242
178
1722
88
126
3051
321
1293
318
63
210
130
83
157
197
420
380
457
833
312
307
317
190
90
11741
232
117
80
392
194
273
121
1617
537
227
273
393
521
290
1110
129
94
311
302
89
234
318
699
278
197
489
437
152
432
139
4169
470
175
2954
75
112
1681
869
348
66
260
72
184
401
116
194
121
218
491
170
64
1065
156
308
306
225
300
1405
68
119
344
517
198
85
311
1007
100
302
391
319
340
153
165
185
159
139
445
110
4022
403
163
139
136
366
108
1233
857
393
594
132
562
86
96
312
679
447
310
215
584
110
3171
119
273
181
193
124
109
3857
606
622
1219
95
264
414
1047
834
183
213
115
234
52
129
798
72
134
133
333
150
433
308
129
217
351
192
130
117
88
1567
604
1783
250
325
148
307
181
247
374
125
586
396
295
1261
154
106
114
178
122
386
185
183
173
157
1013
226
196
1384
205
143
83
763
249
794
125
37
114
767
786
319
111
4004
201
2665
188
354
270
176
170
166
96
799
71
813
114
319
181
220
721
404
209
249
918
480
793
92
113
361
2422
186
354
502
2233
128
121
263
197
1899
231
366
2718
81
943
56
959
501
250
326
340
1101
373
572
311
674
125
614
418
120
1537
68
348
74
640
137
612
282
158
268
241
817
284
502
135
118
748
264
105
122
82
195
501
237
138
757
186
84
210
160
500
1568
612
337
1494
643
925
349
367
176
330
874
109
1700
543
48
78
1026
112
271
217
108
99
671
762
426
130
112
187
103
111
370
300
372
145
427
503
648
1039
533
671
82
129
64
367
97
444
142
208
111
279
119
338
305
330
126
104
246
309
431
662
265
251
279
189
103
132
467
1098
344
538
115
9631
299
344
266
140
480
108
97
2476
205
348
2500
208
203
234
361
750
124
485
237
213
188
105
247
2405
297
110
149
356
78
93
159
262
114
119
987
96
178
268
2324
10176
134
260
193
183
352
477
126
463
289
143
369
142
230
266
539
96
330
8552
248
163
68
99
3868
2798
2977
280
99
77
271
71
226
110
554
334
72
101
127
891
390
486
1137
79
388
305
118
103
645
169
110
690
92
56
213
179
179
133
116
160
248
150
443
194
128
1372
191
245
173
381
846
78
595
447
215
200
180
118
174
414
147
304
86
175
2253
162
439
173
272
454
248
650
324
493
210
88
401
238
60
100
190
119
423
151
125
142
224
250
202
86
82
507
136
211
2985
721
79
200
757
184
542
1360
97
216
291
237
445
73
109
44
1103
238
124
122
160
143
172
202
1156
100
149
192
100
495
361
168
164
1263
91
2053
1705
616
941
149
113
293
1453
534
5095
948
104
713
1924
268
411
1178
409
99
284
119
676
77
295
225
635
301
118
207
1250
122
99
32255
453
110
334
450
235
834
287
239
369
102
1154
525
136
178
62
1200
1993
515
139
249
185
254
356
200
261
688
581
194
391
102
8487
396
248
85
226
244
275
64
109
100
231
426
201
155
1437
225
665
146
1177
2270
213
157
137
294
489
843
841
126
403
5643
160
118
184
199
4687
1035
194
93
309
1355
103
389
444
173
146
153
252
324
640
263
390
76
121
3151
171
740
301
106
147
992
1589
116
187
4636
116
125
1436
343
704
193
92
76
516
136
123
1575
924
1761
1988
353
377
335
115
377
419
297
278
132
102
750
432
119
209
173
641
342
184
243
179
277
1003
218
148
119
2068
135
337
152
369
208
114
540
105
75
333
4169
123
4332
159
504
316
315
165
118
741
134
245
194
1217
76
675
328
257
108
112
272
74
984
108
231
104
1944
284
407
68
228
252
330
115
1082
139
180
94
96
435
868
101
111
136
1249
379
220
172
135
1122
437
655
1692
316
423
147
213
128
990
103
133
130
196
1075
443
182
65
78
387
309
154
246
296
326
170
725
94
700
283
111
1578
234
579
132
104
326
691
309
220
345
598
169
130
118
116
635
2012
115
269
124
175
410
837
442
126
212
1760
100
99
141
792
568
327
2571
392
414
142
258
3104
375
292
134
212
691
279
239
160
73
347
293
143
94
357
131
174
178
942
317
88
89
100
114
464
1563
39
604
124
5038
152
3058
2606
281
218
53
177
979
243
315
140
298
133
347
313
221
22081
1445
86
141
198
177
832
107
186
684
235
275
202
204
207
103
125
955
182
93
395
1605
637
137
212
65
658
1469
2243
211
53
831
1341
80
294
7818
495
65
195
2080
1177
338
405
306
2272
1890
366
243
1921
1865
1567
893
782
78
208
1234
658
99
2078
4487
498
622
397
545
579
1677
293
126
618
276
1355
686
196
160
1203
10561
183
127
202
170
57
287
1469
127
226
120
212
265
430
114
166
120
91
193
479
498
2897
265
448
227
162
119
224
1190
616
121
626
103
274
1417
467
214
97
2103
306
580
834
53
494
1707
773
127
673
106
483
278
666
338
817
67
846
177
5115
4872
174
104
112
92
235
585
1534
62
283
804
178
228
103
164
234
491
874
1290
225
463
381
55
288
1023
190
554
273
94
347
198
108
76
640
80
1648
96
94
125
257
894
143
136
231
311
225
1945
308
761
162
789
1093
285
463
134
115
118
455
191
2022
129
199
1682
74
215
286
156
231
168
118
141
312
2540
249
145
102
278
352
108
150
1821
126
124
79
721
397
243
6732
353
199
2245
269
359
425
369
7338
233
55
396
697
235
636
293
242
2814
465
1486
213
487
264
356
336
347
361
139
178
892
135
132
118
162
495
192
905
145
243
187
217
1546
150
123
272
309
173
768
723
44
400
1524
154
120
271
204
305
109
183
215
228
664
198
157
1946
122
208
381
579
630
1448
345
260
101
150
145
123
343
661
132
284
739
174
1344
109
80
106
449
207
139
147
703
253
246
265
70
709
1429
341
1450
183
178
146
330
357
107
378
384
191
136
461
107
150
313
197
195
690
157
389
86
167
274
1260
1135
205
347
246
280
304
146
142
445
343
208
86
376
1970
584
458
176
113
529
81
82
193
425
1580
1216
293
216
105
1403
174
228
120
880
149
108
393
125
130
213
242
95
1056
190
181
314
4202
1935
160
402
99
235
226
362
220
296
2363
165
297
931
203
1329
1095
467
340
474
99
673
175
86
155
248
168
2316
407
86
1560
433
1417
860
84
226
98
92
286
59
1142
644
191
943
569
264
840
85
530
152
162
1758
461
298
466
243
436
153
451
332
225
765
341
1685
221
164
471
621
468
438
1018
247
560
633
346
1041
150
113
796
225
103
3408
119
108
244
156
52
98
221
276
967
290
851
154
938
126
588
290
141
1374
630
125
254
84
361
390
351
8489
209
1661
443
188
702
308
273
351
93
922
166
986
189
169
280
624
470
87
695
995
480
86
155
128
1712
194
161
99
448
230
91
187
247
145
229
436
199
158
83
292
110
139
261
100
89
271
863
964
139
2365
534
393
203
240
317
525
423
193
208
241
134
90
267
806
285
295
405
676
2251
155
77
700
104
474
978
56
324
163
756
132
35
147
110
377
1039
222
922
4657
271
527
239
268
772
185
2974
193
143
15780
363
245
174
629
17269
304
482
1809
102
259
493
108
962
470
2297
791
2151
111
303
224
341
134
2742
130
405
154
301
101
185
185
954
87
310
101
312
63
90
190
2330
121
652
243
476
1345
187
1727
171
1403
876
1641
417
182
223
82
491
177
278
555
726
119
102
420
163
327
91
197
277
252
249
204
170
259
73
5245
1544
860
138
590
481
80
1246
727
1374
208
64
192
205
3534
508
80
184
288
330
189
232
402
1118
170
4621
391
237
712
140
754
254
248
213
1883
138
2366
1183
111
812
183
143
265
107
425
273
673
55
944
222
92
3587
127
209
1592
230
380
1015
106
101
4590
195
146
830
147
654
1350
508
83
186
640
189
299
285
443
507
5392
110
375
570
368
631
113
451
694
85
141
3737
923
268
349
630
1391
279
380
1547
356
376
88
396
366
314
775
284
707
898
68
297
796
360
1849
11061
203
176
442
126
106
7912
2610
773
155
2390
332
306
271
82
451
2605
353
732
828
137
260
120
13246
168
414
276
1093
110
391
1026
421
647
125
535
733
127
1007
768
66
78
223
45
369
218
478
1486
4785
196
72
2223
301
287
463
236
296
3694
198
75
361
437
941
119
727
81
149
341
72
84
218
549
176
105
308
361
174
241
107
519
279
171
245
293
479
436
481
7307
350
199
105
883
85
1199
89
165
480
207
641
844
179
1008
1293
119
1072
646
262
126
120
3527
1203
1763
234
139
1064
130
301
473
314
80
221
774
424
157
236
377
526
182
158
292
160
324
969
176
212
450
153
280
269
339
103
1740
527
104
287
2108
1550
1274
342
1223
1174
143
206
542
43
472
1590
190
282
141
227
54
357
307
1374
167
444
139
302
104
3478
564
195
383
511
134
93
108
205
105
780
141
175
165
111
186
548
163
131
131
210
170
170
1260
237
202
323
383
559
344
452
777
93
300
267
216
1244
131
90
99
180
326
74
340
351
77
117
92
56
53
67
261
30
2139
47
63
135
81
45
359
440
26
833
54
25
34
37
85
35
205
147
69
27
47
61
212
128
37
278
154
124
37
401
47
42
339
97
20
102
126
69
117
96
340
454
288
138
120
136
63
206
211
191
41
42
53
29
53
91
1005
165
262
56
76
600
247
29
164
92
27
981
204
397
247
81
345
99
1918
159
323
88
127
110
86
702
55
39
89
219
2421
34
60
128
347
50
59
11208
178
68
36
396
4047
314
487
563
91
128
128
324
391
39
102
79
51
89
30
124
16
238
87
41
36
107
70
31
227
65
80
281
106
439
37
76
220
63
400
174
46
350
61
52
272
427
285
105
42
53
91
61
270
22
12
535
40
106
127
32
57
625
67
80
57
71
49
2104
147
422
353
61
126
613
50
13
64
154
244
81
1493
139
711
634
46
185
65
105
1387
70
74
95
89
98
732
828
156
91
863
81
237
67
115
84
326
30
119
131
566
72
141
1186
71
66
93
82
213
81
144
387
49
248
561
1499
143
26
42
174
373
39
82
76
26
1140
61
133
50
61
189
22
226
412
1088
53
135
45
108
190
296
49
245
348
80
64
163
42
58
123
61
1562
36
115
40
1195
48
638
56
67
95
1302
25
2962
60
147
15
59
73
240
681
194
146
35
119
71
89
69
226
72
87
81
23
81
33
24
201
243
93
553
179
45
57
97
124
49
146
113
58
31
74
55
63
32
287
32
352
79
87
36
899
22
83
1824
77
256
58
52
25
175
91
119
251
56
94
311
71
162
80
81
186
104
314
164
335
74
123
38
283
383
23
70
45
245
59
157
70
491
277
95
69
22
66
57
47
73
24
473
157
31
170
275
62
30
51
67
67
86
357
161
30
318
295
56
42
4634
1647
40
77
134
94
47
219
64
58
80
52
306
22
403
47
174
41
617
69
107
94
65
36
42
108
259
89
56
101
1335
163
59
215
21
80
108
196
28
110
65
33
64
42
62
17
34
16
18
304
120
241
52
121
6374
188
2952
62
43
178
63
68
24
105
179
118
63
66
64
37
91
80
194
40
141
251
39
47
111
68
54
59
52
1958
57
68
263
93
79
86
77
65
171
49
624
56
44
24
77
76
55
80
489
97
109
465
1569
396
235
80
92
166
163
147
167
13
97
69
80
50
59
3474
34
243
101
209
90
61
403
160
209
53
255
517
148
87
179
187
1506
91
47
72
38
119
214
13
126
150
141
566
111
86
475
92
708
124
86
52
45
98
33
24
178
47
651
218
310
23
84
890
53
1021
4793
81
955
65
2043
53
64
97
79
367
60
66
48
40
31
28
39
45
74
444
690
469
189
57
1570
2029
46
42
191
770
195
24
53
92
46
114
47
307
71
71
29
151
287
82
154
62
110
77
136
99
43
265
3262
499
148
835
53
318
49
211
36
28
435
124
736
241
56
88
697
115
50
5966
60
56
284
63
1023
73
91
204
99
24
80
82
33
30
1039
73
1140
100
62
1038
41
43
200
73
2294
52
66
42
69
1792
260
1297
176
60
222
105
101
191
23
35
86
3135
136
112
62
76
1341
61
221
93
91
253
1047
145
54
18
89
59
194
276
34
79
149
26205
10235
1518
3617
53
1965
99
42
246
349
124
104
102
22
692
19
1958
74
83
942
174
85
113
2608
220
104
164
177
18
78
104
75
121
50
28
113
229
74
122
23
122
92
18
32
30
143
74
96
36
61
25
227
86
167
309
143
174
306
78
41
95
331
127
20
159
1301
15
57
326
75
65
112
103
49
49
111
61
72
228
76
755
2957
137
42
128
1036
90
371
740
58
67
41
59
1485
282
23
291
107
2159
98
29
46
63
35
240
52
408
28
39
100
234
66
158
566
660
56
1977
153
168
46
1297
43
70
1544
736
344
95
113
188
27
69
61
40
39
1182
44
31
68
1651
48
274
152
961
75
69
413
65
54
125
169
163
193
145
74
88
2803
134
114
220
18942
157
64
36
75
124
44
52
70
43
593
111
71
80
83
59
133
44
118
53
26
115
107
471
249
58
304
33
181
135
178
78
109
34
53
75
134
154
60
50
56
63
309
46
191
49
51
90
96
19
204
308
46
48
95
416
142
220
521
45
32
296
49
71
64
176
132
123
78
42
385
48
85
307
64
566
34
93
90
64
223
56
218
25
513
74
185
239
876
89
185
272
176
219
222
159
87
208
127
190
32
297
128
137
215
163
87
1508
59
213
177
118
47
149
192
49
48
1177
171
192
74
103
191
21
38
138
2146
426
95
100
226
108
52
1024
117
2394
74
48
25
39
1218
156
29
35
63
55
885
113
37
22
42
72
82
212
187
64
123
81
22
14
57
2407
308
179
134
36
675
139
51
27
949
179
799
144
435
41
1153
173
4967
224
397
40
26
821
81
176
186
86
352
36
103
112
235
31
91
139
333
32
25
54
143
1003
1385
122
58
50
586
251
79
324
37
152
32
428
64
317
81
83
169
1124
39
68
181
95
49
34
100
1252
103
61
150
2054
109
352
25
53
411
185
49
64
172
180
760
2430
84
62
98
2466
90
106
99
71
277
31
69
39
30
44
202
111
25
333
164
29
67
317
266
510
130
652
154
54
21
81
410
46
344
26
49
190
167
182
85
62
243
127
25
25
944
69
47
1638
95
73
331
125
35
135
179
514
27
216
64
122
409
311
33
64
91
279
99
51
540
220
49
397
136
59
44
48
36
88
83
60
244
58
89
43
78
180
60
95
46
77
36
498
86
147
117
121
49
122
68
10500
234
287
49
49
237
213
45
566
134
144
504
82
67
407
66
11956
349
55
35
93
88
88
36
1386
84
254
303
100
63
153
30
31
133
244
45
46
214
893
315
115
180
78
924
12053
84
308
55
77
16
92
35
218
545
70
75
143
59
66
731
1481
62
196
60
4291
21
82
390
59
109
66
332
1332
40
34
124
210
86
472
84
49
1375
243
334
29
93
90
63
148
78
79
51
293
250
70
99
162
35
68
627
292
51
120
78
37
51
54
89
2969
57
25
247
52
131
42
85
71
2397
72
142
179
60
196
793
99
129
119
172
44
48
43
119
52
876
335
51
74
211
2322
80
24
54
193
242
476
57
155
56
309
98
6
2170
668
4843
399
79
330
90
43
64
467
9392
44
3786
82
19
460
57
48
82
71
213
216
178
76
38
80
67
213
105
234
36
100
44
38
430
407
42
50
36
1845
57
118
94
80
1120
85
65
77
639
340
240
279
76
34
985
42
113
69
41
28
68
1027
435
61
239
143
53
97
153
124
41
63
114
48
316
82
53
849
85
223
222
68
97
884
231
203
75
95
226
64
57
779
368
42
229
374
90
2148
215
241
660
77
67
144
41
74
975
159
106
57
483
158
35
64
29
23
309
368
915
76
639
73
92
180
46
88
74
151
138
85
65
391
121
238
23
72
83
208
328
31
46
444
39
241
35
65
87
84
6052
84
109
37
24
39
130
27
164
1078
76
101
56
241
62
18
118
697
1262
77
28
93
720
309
26
139
90
88
51
375
31
152
88
89
43
37
284
154
31
72
238
25
51
295
205
31
37
123
35
158
49
37
39
753
62
1945
232
263
33
42
129
27
51
111
258
652
560
168
184
254
382
48
37
2960
170
1555
80
81
595
75
210
100
49
43
107
70
294
56
31
28
1230
455
188
90
64
123
36
72
63
520
70
111
63
184
144
66
62
50
113
72
137
74
107
27
52
85
51
51
50
164
89
108
68
35
18
612
230
72
95
1097
82
166
225
229
31
60
2553
178
35
21
88
33
258
214
56
39
42
110
1335
52
281
118
275
136
51
105
55
62
166
67
123
634
873
63
79
216
891
63
29
116
249
44
331
60
840
2880
88
42
66
1322
64
162
52
370
454
255
193
378
68
292
288
61
56
149
277
2228
109
45
67
53
132
160
92
45
64
172
249
63
2063
109
46
74
158
1753
203
173
14
99
125
2080
59
575
219
77
53
1734
133
156
33
459
336
133
95
95
241
98
4226
53
73
325
124
164
120
105
2002
374
174
50
49
79
51
58
75559
134
48
62
92
178
145
63
176
186
205
40
72
26
152
150
37
294
176
89
87
255
824
103
75
294
402
114
78
52
11877
84
33
295
347
386
27
237
47
828
94
117
222
796
374
3188
93
133
1045
33
54
77
357
34
612
59
293
25
82
1273
146
68
51
19
137
62
155
245
165
33
595
577
494
64
74
30
75
38
73
98
69
4508
56
93
189
45
407
1592
90
185
98
103
93
32
28
305
80
90
31
62
344
187
39
251
51
19
128
225
4437
43
25
321
1070
58
104
176
42
141
61
119
59
52
93
78
113
3001
70
623
86
78
41
78
86
63
4544
31
164
111
73
123
206
36
1049
20
48
345
53
4741
61
1031
59
36
12
1079
195
101
155
70
389
110
146
40
207
86
123
49
66
110
187
1664
18
54
51
176
69
32
1128
88
303
152
97
55
202
216
356
921
76
124
54
119
21
79
60
263
22
87
212
73
73
368
190
240
687
1907
94
93
334
61
47
98
102
119
1526
88
63
23
126
1604
243
408
85
376
175
17
74
207
76
65
72
99
161
70
312
62
105
89
335
39
36
70
321
82
977
505
250
212
587
40
53
70
29
124
114
56
82
51
98
477
321
95
75
1100
994
296
223
35
24268
52
68
73
53
30
29
44
179
2709
70
536
106
152
47
79
81
192
73
44
38
82
161
65
31
44
35
257
201
163
172
207
266
262
123
146
66
30
7
48
90
5
17
33
48
2765
16
17
34
30
55
12
13
3
309
248
37
26
4
32
47
13
281
30
20
16
38
7
28
66
206
265
313
48
42
142
18
17
24
51
196
72
192
162
41
64
24
10
53
52
20
12
11
67
43
35
1132
41
20
286
33
39
42
12
81
16
47
474
6
81
1113
84
38
94
31
15
37
24
54
12
23
52
27
63
14
71
31
53
358
498
113
27
1
113
79
21
28
46
24
25
771
55
7
25
25
48
7
165
65
52
37
22
6
5
193
500
14
29
145
31
4
199
31
194
22
215
37
54
359
26
288
162
24
28
23
384
3
58
28
37
2707
22
36
618
214
197
25
38
19
98
11
27
2927
6
358
1
18
44
60
20
683
36
22
73
12
35
36
36
645
34
904
8
10
48
17
37
39
44
711
22
2
72
59
39
16
36
59
68
16
50
80
41
19
159
84
36
7
13
15
11
49
11
18
78
8
64
2711
190
39
15
61
19
18
36
16
36
327
42
29
46
53
240
37
345
554
36
45
44
40
23
19
153
7
174
26
48
332
68
27
19
30
17
24
6
20
384
27
46
61
20
9
98
89
18
22
40
12
17
152
42
1228
29
77
25
589
56
40
368
16
31
32
18
52
135
13
15
62
30
12
8
61
10
4406
54
52
249
14
58
76
51
20
27
37
2
189
701
32
21
351
190
68
35
6
8
12
9
56
30
149
26
46
38
84
24
95
53
47
525
69
13
60
54
27
866
11
895
30
349
41
54
47
208
31
29
293
119
56
48
8
294
17
20
456
54
20
11
27
30
42
23
41
37
66
20
14
26
423
33
4
61
203
30
28
530
152
19
93
33
74
21
30
14
116
61
187
91
14
28
35
47
14
176
102
15
75
47
25
325
14
256
41
264
14
66
12
154
15
30
14
38
255
11
141
42
718
20
663
13
29
1130
105
3
46
28
177
19
50
28
188
113
36
18
142
21
260
30
165
15
87
32
23
108
147
19
9
142
31
83
4
33
22
34
24
43
28
18
37
86
57
30
23
70
667
151
38
3
81
74
199
43
54
18
33
46
19
65
18
210
13
28
10
20
5
19
55
76
14
72
14
13
52
29
1000
30
85
70
23
29
17
67
37
50
65
29
27
40
18
23
11
573
18
39
46
41
50
43
21
57
75
59
46
39
7
16
5
81
105
24
28
16
69
42
17
352
38
217
136
21
15
51
75
59
24
50
62
177
65
25
50
26
29
2317
2
15
53
16
144
55
2136
104
38
176
50
3
33
7
58
8
307
258
13
20
12
340
35
14
19
418
154
376
12
5
55
35
85
72
17
11
540
303
209
175
8
21
28
15
33
87
12
19
132
61
25
280
25
57
29
33
68
72
32
15
241
89
144
23
15
1195
28
2
19
3530
9
133
55
294
76
42
16
91
19
490
25
10
44
58
790
1296
155
1231
168
245
3528
4
117
66
50
37
16
16
28
29
39
16
32
34
30
325
12
605
3089
24
287
51
14
16
86
26
225
22
13
91
8
7
14
0
33
11
22
15
30
251
13
8
7
16
26
32
295
16
223
130
52
33
8
24
40
22
45
46
57
12
17
8
63
72
45
38
13
87
478
92
28
39
27
709
43
28
16
13
12
8
207
20
7
29
6
723
29
82
17
98
19
12
30
7
88
98
19
71
44
617
29
17
115
16
6
184
61
5
53
125
202
58
55
47
18
3
679
17
16
36
2204
171
189
39
3
12
50
16
23
29
28
21
8
18
15
10
30
12
1332
20
66
70
50
16
35
33
12
7
304
24
30
42
20
61
4
134
22
24
107
7030
37
32
24
27
44
13
34
163
41
4
49
35
70
2157
35
48
6
23
38
461
104
38
25
1936
203
143
42
26
21
72
234
79
27
41
34
19
22
183
65
67
21
21
72
43
100
13
60
18
324
12
471
40
20
19
8
27
59
41
10
38
7472
65
72
9
210
32
13
16
28
117
16
8
12
211
14
26
36
9
36
667
39
20
9
286
168
20
38
79
25
11
440
596
33
206
167
6
36
18
23
81
5
24
36
16
26
27
130
13
20
26
13
61
25
50
3
33
2413
29
113
28
9
20
19
17
52
8
72
10
8
14
42
41
4
37
17
886
30
4
14
142
24
13
51
23
58
6
65
18
8
27
18
38
5
13
183
19
71
17
13
42
132
10
39
31
100
21
73
61
86
35
24
59
35
31
110
61
13
26
24
19
22
23
311
46
19
9
25
26
796
54
147
20
14
65
1316
43
38
19
48
8
12
105
47
10
13
60
12
11
32
22
22
30
40
20
19
18
31
41
224
17
21
71
41
84
75
81
287
20
17
5
29
32
44
48
31
59
19
9
899
18
6
857
16
156
45
33
41
55
58
9
32
14
1712
8
44
13
29
10
383
47
46
34
12
137
31
27
20
8
394
42
25
20
318
12
1037
206
347
19
8
242
81
102
50
11
17
48
29
45
240
57
30
153
233
16
230
151
18
27
43
34
36
101
33
153
4
18
39
37
41
25
26
33
40
2768
54
1079
24
68
51
23
103
12
24
58
26
41
17
59
19
2247
190
37
31
18
148
36
26
78
15
19
37
31
43
18
46
321
27
38
33
34
14
40
23
11
19
1976
144
37
15
41
119
38
21
28
926
34
46
39
13
19
103
11
576
5
44
160
128
23
68
102
183
14
11
35
81
154
54
221
134
2
90
6
48
45
38
73
64
7
85
17
228
56
18
48
27
25
219
23
206
87
69
54
218
200
506
137
69
30
29
73
13
6
145
67
55
36
69
25
87
3854
47
18
48
21
19
44
13
34
27
81
28
63
31
38
30
272
163
26
19
186
14
12
18
17
70
4
83
38
4
1
23
371
75
29
50
308
138
25
36
18
15
25
686
23
64
227
12
86
317
18
39
34
20
11
28
37
10
60
56
92
28
24
48
19
18
116
25
57
20
31
10
41
34
324
9
13
104
83
30
55
51
16
13
31
37
19
145
30
39
25
15
5697
102
10
42
28
3
16
23
28
12
27
135
141
306
18
11
45
12
35
18
367
163
213
133
78
36
31
18
33
122
15
861
28
46
265
6
14
1160
13
16
34
16
19
24
11
12
30
2643
32
22
90
112
27
63
42
10
2498
63
375
25
67
22
622
591
33
35
99
50
255
28
11
17
12
236
40
11
80
4
15
498
135
163
32
23
539
57
7
38
228
23
64
105
36
1293
51
28
44
39
135
24
33
34
58
89
33
68
41
110
36
286
56
47
59
56
20
209
10
26
113
22
24
36
31
40
12
21
15
22
283
25
38
256
16
35
29
30
16
192
17
12
74
49
21
5
21
48
26
10
15
139
3
22
43
62
99
179
695
17
5
53
145
42
27
53
624
231
164
14
40
140
85
167
14
59
14
67
25
35
59
7
44
24
24
47
42
9
230
87
28
58
375
47
28
154
395
18
18
19
15
25
159
852
15
53
7
21
7
29
4714
14
21
134
26
165
13
35
98
24
40
45
253
55
73
8
246
29
23
451
39
24
179
26
114
38
19
20
70
45
53
568
41
72
14
18
40
20
41
107
22
63
83
5
37
26
12
8
10
27
12
246
45
69
142
12
10
7
6
14
21
65
11
61
48
25
12
10
64
19
52
27
26
16
19
39
24
55
191
15
30
41
18
58
37
17
153
1499
135
19
93
34
12
13
36
80
40
27
51
32
88
27
187
60
87
6
29
1193
102
25
166
22
10
25
380
20
194
75
48
11
26
62
20
25
30
34
103
76
193
28
429
6
43
1183
27
95
29
587
35
126
19
14
26
30
25
31
10
21
25
12
3
25
106
19
666
189
221
25
167
16
30
42
19
22
25
11
350
23
16
78
37
11
10
25
111
17
7
14
22
27
139
29
20
80
31
78
9
70
138
149
10
7
25
7
30
30
2
9
20
22
589
55
31
32
234
15
60
28
52
25
16
18
32
19
42
148
110
157
75
53
15
11
58
25
53
16
284
11
12
37
51
18
245
20
22
751
51
62
54
23
287
14
13
120
43
16
3
111
27
22
19
31
25
28
44
40
24
586
33
8
20
17
48
66
1291
1537
36
26
21
27
536
195
29
23
18
237
12
54
36
215
33
32
14
17
204
19
8
24
49
189
28
33
14
194
4
67
468
52
26
171
3
10
64
386
19
45
67
22
13
60
44
1888
25
20
16705
25
14
146
32
10
33
30
57
11
10
4840
52
9
50
13
119
30
204
54
23
29
4
11
11738
59
37
34
32
205
75
53
20
37
26
17
32
23
5
2204
81
17
56
124
20
17
12
96
47
280
489
1054
78
18
11
13
71
39
47
18
165
30
46
3
28
75
12
13
16
35
15
41
39
57
201
72
42
102
34
445
6
53
376
52
3181
608
516
21
192
20
36
41
16
9
44
135
20
14
23
406
16
436
949
24
13
22
24
12
217
44
19
4
31
142
38
52
49
42
42
167
212
40
37
151
38
18
33
7
1388
22
67
184
35
52
231
15
27
194
158
43
335
17
54
35
61
14
9
689
158
1482
124
35
27
26
9
1713
38
12
8
31
24
53
21
26
31
26
25
25
40
91
6
25
54
18
41
38
13
28
14
16
4
93
19
297
79
44
21
218
32
1265
14
114
62
10
133
45
42
19
39
11
15
14
18
38
79
57
53
31
9
51
9
2
1543
6
411
12
2
413
19
121
8
9
11
20
7
150
2
12
76
19
6
0
5
34
115
26
15
12
1
80
11
66
184
131
15
1218
4
10
44
9
14
9
22
46
23
969
15
7
16
13
28
4
22
6
18
2
5
3
1500
31
15
1291
18
2
48
0
13
22
9
7
11
6
4
36
21
14
18
18
12
12
28
7
21
3
361
8
15
21
15
15
17
8
95
203
119
4
9
5
10
13
51
12
24
50
3786
11
7
24
12
13
19
20
3
7
13
2
6
31
260
54
22
1
7
5
10
3
13
12
6
26
47
12
12
5
97
26
51
24
16
220
55
5
8
51
2
12
3
17
14
175
19
8
15
16
19
9
3
111
314
5
3
8
96
44
6
8
15
66
5
9
5
30
34
263
2
40
5
24
10
4
33
160
16
11
45
19
8
8
19
5
121
48
3
113
6
26
12
15
36
296
63
17
5
35
4
16
948
7
7
7
1
28
10
12
10
3
17
60
8
5
212
15
3
12
2754
17
124
30
94
0
2
16
1
11
12
6
9
3
12
10
110
4
9
192
974
4
11
7
11
63
19
15
4
7
2
0
4
7
1
15
18
3
9
4
237
6
8
862
15
13
37
13
20
14
10
55
344
10
7
6
23
23
123
17
10
20
16
75
28
38
3
2
14
7
47
227
7
5
1
76
6
28
1
15
16
12
38
6
4
32
64
1
19
6
6
20
34
6
23
0
3
10
142
7
21
3
42
18
11
19
23
11
11
32
12
6
4
84
237
18
10
17
6
7
3
14
5
12
77
4
23
6
13
21
71
343
2
11
65
29
25
4
7
7
31
9
1
196
25
10
12
8
2
2
4
8
33
31
82
31
3
22
11
22
6
2
8
31
2100
17
46
6
1
17
8
11
2
10
2
74
2
9
14
6
173
10
2
694
13
14
5
73
22
7
5
7
11
19
10
2
4
15
26
10
23
6
4
27
198
784
21
12
438
18
8
3
1
5
4
0
1
29
158
3
5
5
110
8
14
1
19
4
37
15
12
31
32
0
4
21
148
0
4
523
15
26
14
28
24
26
15
19
757
133
36
3
4
5
14
23
61
167
9
7
12
97
18
74
111
75
1976
660
7
1
253
1
17
8
6
40
52
19
34
325
4
0
8
105
11
14
24
8
266
1893
15
13
9
12
4
2
119
8
8
16
10
16
2
16
23
2
21
133
4
19
3
26
1
115
5
23
19
4
1
47
12
31
8
12
16
10
0
2
19
456
5
25
5
40
33
5
31
74
27
93
36
15
13
0
11
140
3
6
17
1
16
6
23
1
3
27
13
7
89
4
1
254
13
8
12
27
7
4
7
9
5
14
9
129
3
27
55
5
12
15
13
13
4
7
28
11
93
29
20
16
11
18
1
4
24
1
21
1310
24
10
28
63
12
15
3
5
42
29
85
8
44
13
1
282
5
88
5
1
8
4
7
14
4
3
2
14
44
6
23
10
35
5
2
3
45
15
27
14
10
2
19
18
19
125
12
1
2
14
3
11
12
5
6
17
3
1
17
35
1038
29
4
44
9
22
33
8
116
8
240
1
6
27
18
9
131
13
2
29
2
4
4
27
3
20
1
331
2
2
15
12
39
9
12
10
3
5
4
16
6
147
104
12
30
7
583
3390
20
2
353
17
63
4
8
3
6
26
19
8
14
7
3
56
11
6
15
23
2
31
45
179
15
0
22
32
14
31
167
9
4
23
221
7
14
2
12
5
7
2
1143
8
2
21
27
89
9
4
15
22
2208
4
17
3
76
13
7
19
18
33
16
3
7
171
0
102
48
22
195
2
10
0
1
10
6
0
8
36
5
120
56
32
4
7
8
2
19
15
15
22
7
10
3
4
22
44
4
155
6
9
20
76
17
8
16
3
850
7
2
40
10
54
48
269
7
16
262
1
11
57
17
48
31
31
30
31
164
10
45
0
3
24
24
1
9
4
13
3
11
10
8
6
2
13
146
7
4
14
5
26
1
2
19
15
11
11
109
10
5
140
6
4
0
11
48
1
3
10
2
28
1
257
47
10
9
15
20
114
4
12
74
8
5
5
13
13
3
4
17
18
331
9
434
14
17
3
33
21
91
16
42
4
385
17
4
16
218
8
15
13
25
37
2
9
8
2
91
28
130
13
2
1
379
20
12
1
5
11
391
16
68
156
1
8
14
47
4
91
16
4
5
10
11
29
39
23
4
4
0
14
34
12
12
5
9
4
17
31
35
6
7
16
29
16
7
3
1
16
2
8
7
19
9
6
35
6
1
7
14
14
14
10
51
14
24
41
21
31
0
15
103
8
5272
3291
4
11
214
47
4
7
1
4
3
18
9
5
83
7
29
7
1070
44
18
1
4
10
13
15
9
12
31
1
26
25
75
7
67
25
8
96
1092
52
11
5
11
1
6
7
11
13
35
10
30
15
6
17
31
18
150
11
3
102
4
9
9
30
20
4
31
9
7
1
16
32
8
7
10
7
10
2
162
4
27
6
63
8
4
60
333
10
3
3
15
23
30
29
3
29
20
6
8
6
0
127
33
16
18
758
7
57
13
24
2
3
19
13
1
22
9
8
9
18
13
65
3
1
154
92
4
16
5
111
2
14
118
24
29
63
7
8
3
4
18
2
13
21
28
60
3
5
13
13
18
9
25
9
9
15
30
15
71
12
43
19
223
2
3
52
20
8
3
18
23
154
22
28
12
25
48
3
4
1486
10
5
11
7
102
6
33
29
8
25
24
13
18
38
19
24
406
38
17
257
19
2
1
1
29
1
2
55
13
20
12
3
25
5
2
8
18
31
25
7
5
24
48
23
41
44
35
13
9
16
27
11
10
18
15
21
6
4
16
9
76
825
35
15
25
10
203
11
10
34
2
16
11
20
19
19
21
3
3291
30
12
0
22
34
6
19
26
78
22
32
8
3
70
134
6
28
34
19
17
10
8
1933
0
14
54
5
49
38
172
21
177
17
18
32
8
132
77
7
22
16
60
30
5
34
10
2
414
3419
30
11
2
18
11
16
10
20
8
7
27
3
30
38
19
12
26
2
32
27
4
3
51
1
15
9
78
6
9
15
34
12
18
18
23
105
19
6
3
146
35
4
10
28
2
4
7
13
13
12
14
25
21
6
41
16
4
8
3
3
4
20
28
119
4
50
11
25
40
7
15
8
3
11
20
184
4
3
212
10
16
1
15
22
1
16
3
6
25
18
10
6
18
110
11
6
163
11
7
5
7
58
43
20
9
6
20
75
73
8
2
8
80
96
52
33
8
16
7
61
22
29
75
9
25
57
33
14
120
8
28
5
33
17
55
59
27
11
32
5
24
42
6
4
3
1
32
17
12
18
24
3
19
1
9
9
18
3
3
11
23
17
11
16
11
63
75
3
12
2
6
22
86
15
2
3
8
32
14
27
13
15
26
20
4
119
118
62
3
45
29
27
4
25
10
5
9
6
70
18
22
745
12
8
9
3
0
1
13
14
14
34
18
14
13
32
1
68
45
2
59
14
10
1
6
81
14
39
185
13
5
5
8
12
21
4
57
957
181
1
9
9
4
9
13
1
1
9
37
20
14
46
6
10
16
71
3
18
38
10
16
20
13
15
29
22
5
35
15
41
14
0
1
16
3
12
16
1
47
2
26
31
61
6
17
318
7
22
55
0
47
51
35
3
12
11
17
15
10
15
27
20
2
14
40
4
12
12
4
126
2
19
50
8
1
4
4
19
56
7
18
284
22
27
7
0
13
9
13
21
1
152
66
19
7
7
57
223
230
9
87
12
506
12
2
6
3
21
175
17
2
11
20
15
13
7
5
128
3
10
20
3
6
5
15
8
7
6
19
10
19
22
264
16
5
1
13
416
22
36
70
302
10
13
141
8
130
85
9
8
20
2
134
35
4
39
12
4
1
291
1178
123
5
10
15
9
5
24
24
40
2
20
18
40
40
10
39
20
31
299
4176
13
7
1
19
9
19
6
4
36
14
11
33
35
5
15
21
7
3
81
8
2
53
36
4
9
3
6
212
27
7
7
104
25
2
0
12
169
117
2
47
5
46
3
16
31
20
27
17
15
7
28
193
137
4
243
23
5
20
17
13
2
45
4
8
21
6
10
47
11
41
35
24
32
20
16
20
9
129
25
6
59
11
10
21
14
21
27
12
99
22
5
83
4
77
3
12
11
26
5
872
2
5
22
9
13
3
26
7
4
158
14
6
18
239
48
6
4
3
5
10
9
5
3
8
6
11
8
33
46
21
4
29
4
27
196
22
3
3
6
10
19
4
0
2
33
12
9
9
71
4
3
5
4
24
18
18
21
11
3
18
178
10
28
18
1
73
41
2
5
24
6
63
4
338
154
2440
7
20
4
4
3
67
18
4
4
44
14
9
155
3
19
10
216
14
32
49
7
7
11
23
20
5
11
46
18
23
29
10
6
3
20
9
10
4
11
7
5
28
96
12
1
22
7
10
75
204
18
38
10
20
5
35
122
3
22
43
81
6
4
15
9
6
30
1
7
3
23
22
32
5
32
62
39
10
6
4
33
16
7
27
2
12
18
23
13
10
12
21
4
22
6
16
8
3
6
2
38
59
42
10
75
120
4
0
1
11
2
2
57
37
41
15
36
15
3
24
5
0
35
14
20
7
1
2
14
22
2
11
5
2
3
3
24
4
4
8
1
8
15
33
194
5
1
1
2
1
2
4
1
3
4
17
4
1
124
2
19
51
31
0
1
11
40
8
3
11
12
1
12
29
0
0
17
11
11
12
6
42
74
4
5
15
1
0
7
201
0
16
4
0
6
0
12
13
16
1392
1
4
7
2
31
12
89
6
161
2
5
16
24
12
12
2
0
0
865
3
10
0
0
32
647
2
0
0
0
2
5
1
0
0
189
11
48
132
2
1
72
0
2
0
1
20
9
1
0
41
19
124
23
2
0
13
0
0
11
9
3
6
7
9
4
3
15
5
2
3
25
0
3
6
1
2
6
30
0
4
36
17
2
0
5
1
7
81
1
13
1
0
270
3
1
12
9
74
3
67
24
0
0
19
0
0
3
5
0
43
3
2
669
1
2
28
0
0
10
0
15
15
1
0
4
0
16
6
17
937
0
1
7
2
10
5
16
6
2
410
1
1
5
18
3
309
24
7
43
15
8
0
4
2
11
1
2
2
52
2
2
4
0
8
8
1
21
4
230
2
3
7
38
6
4
3
28
82
1
2
1
2
18
17
4
2
0
4
2
4
6
12
9
5
12
6
14
0
10
10
10
29
3
0
13
2
445
51
3
5
10
59
2
5
7
922
1
2
0
0
159
1
5
2
6
13
10
48
10
0
1
18
0
16
2
3
7
5
0
4
2
23
38
2
2
0
1
0
37
1
31
5
5
4
2
113
2
3
3
3
17
8
0
3
0
7
2
0
6
5
5
2
9
2
1
2
3
27
3
120
28
6
10
8
6
2
12
12
18
26
9
41
0
9
17
16
3
0
7
0
24
59
48
6
9
1
6
7
2
0
3
88
10
0
5
0
1
23
1
2
9
20
5
3
17
1
1
3
5
26
3
51
1
242
0
98
131
9
0
8
5
109
0
13
37
4
1
0
2
4
8
0
17
4
12
9
3
0
6
1174
5
2
8
35
7
21
0
5
13
0
1
0
0
4
12
14
0
5
4
20
9
6
48
9
3
7
13
23
0
17
10
32
76
8
3
1
31
5
3
0
13
26
4
8
1
1821
23
2
2
40
18
37
5
153
752
314
1
1
5
3
4
0
1
0
4
7
7
60
14
9
1
21
4
2
1
4
1
13
8
5
29
2
8
353
2
0
0
35
7
16
11
19
1
2
1
7
0
1
14
3
0
5
197
2
0
4
22
3
2
1
5
2
8
14
59
23
7
13
23
43
2
13
11
8
2
4
2
6
10
1
26
9
4
0
6
3
9
2
2
1
1
6
14
2
184
5
2
8
3
58
43
3
18
3
3
9
11
35
8
1
1
1
6
8
4
10
1
0
5
4
4
1
0
837
0
3
1
6
1
3
79
5
0
5
28
2
49
4
23
7
19
79
5
18
4
11
5
68
2
73
16
0
0
8
4
4
10
12
0
1458
1374
2
0
2
18
2
22
42
2
3
8
3
7
2
112
10
2
6
6
4
6
2
0
9
10
2
2
0
94
19
37
10
0
1
7
6
269
1
41
2
2
0
3
14
6
74
28
7
14
0
8
8
10
1
5
2
0
9
4
14
5
1
8
20
9
16
0
3
1
21
3
4
10
3
14
27
55
6
1
10
45
20
7
23
0
18
10
15
7
0
4
2
40
109
4
3
1
13
7
2
4
13
3
2
10
0
37
1
0
4
45
2
17
3
9
8
0
2
1
36
0
5
10
0
1
5
0
3
13
0
2
41
1
8
3
1
7
0
0
2
2
3
0
67
0
6
1
0
55
24
67
235
0
48
21
8
1
10
2
3
4
3
13
0
19
2
3
61
9
14
8
4
2
10
0
1
0
1
3
32
7
25
180
0
0
4
0
0
3
4
2
2
24
2
3807
4
13
194
3
3
10
1
86
1
5
10
20
14
13
0
5
22
0
0
3
8
97
18
2
6
0
1
50
17
9
1
4
15
0
32
19
1
22
173
369
1
1
1
33
12
1
3
12
28
1
14
1
7
1
4
20
0
1
12
0
10
4
51
2
4
15
2
3
119
4
4
11
3
1
97
29
6
0
1
206
6
11
4
1
1
13
2
5
15
470
3
3
56
2
1
25
12
24
6
3
27
10
13
2
0
3
5
2
2
34
25
1
1
2
1
0
9
2
2
2
3
200
1
1
7
3
3
1
17
11
65
12
9
1
4
1
4
0
2
20
11
37
36
2
5
1
2
22
6
3
15
67
20
0
1
11
250
1
1
1
5
6
0
1
4
4
5
1
2
14
99
163
6
8
1
0
2
0
189
6
5
16
2
1
290
8
733
0
1
3
8
10
15
189
33
0
9
18
28
23
31
29
3
6
23
0
4
0
8
6
10
2
1
19
15
22
336
6
0
0
1
461
0
6
0
11
10
4
23
0
1
16
1
1
0
2
0
1
1
0
27
640
3
0
125
0
1
21
13
10
12
1
8
10
9
3
3
3
0
77
1
14
1
9
3
4
2
2
74
2
1
1
2
2
10
1
45
19
0
0
0
11
380
7
72
1
72
0
6
2
0
0
2
0
6
1
14
0
0
2
8
15
0
13
85
11
3
2
24
28
17
0
3
0
0
1
253
0
3
5
6
1
3
38
2
7
0
5
3
0
1
3
0
11
13
9
7
23
9
296
4
0
18
4
26
14
2
5
17
1
2
0
2
9
1
5
5
19
27
11
1
6
4
2
10
0
2
5
1
19
9
4
1
13
13
2
0
5
0
7
2
49
3
1
3
17
12
2
20
2
1
91
201
1
11
68
11
150
1
15
1
7
30
2
12
9
61
6
7
8
2
4
7
0
5
5
9
1
5
4
61
22
25
68
10
991
3
1
17
198
3
6
1
1
1
0
0
0
1
1
2
1
22
6
27
6
25
0
0
20
16
4
1
49
2
0
4
2
151
17
1
0
303
0
1
8
16
5
18
14
18
0
8
0
1
8
12
0
9
2
6
28
40
34
0
1
74
1
2
4
1
2
6
0
153
16
0
75
34
6
1
25
12
23
1
20
16
3
34
726
2
21
2
7
60
3
12
2
1
22
5
3
1
2
0
3
6
1
1242
3
38
4
2
1
9
10
143
0
12
1
7
2
0
24
3
2
9
0
0
3
2
19
2
0
11
7
0
0
1
175
2
4
6
138
13
1
4
12
25
13
31
3
6
6
1
2
7
3
2
16
111
8
4
4
9
0
2
3
5
0
10
3
4
0
9
3
2
9
16
5
1
11
0
4
16
7
4
0
2
0
1
8
3
1
1
1
3
12
4
2
12
4
12
12
20
1
1
2
15
1
4
1
7
16
0
26
124
152
2
4
811
6
0
0
1
1
1
2
3
12
1
12
13
2
8
9
1
12
632
3
1
1
0
0
28
5
0
2
4
3
17
1
1
6
1
0
14
13
2
0
50
14
0
52
11
1
1
35
0
0
0
91
11
6
12
1
0
22
5
5
5
0
0
1
2
4
4
6
13
5
2
1
0
2
53
0
13
2
5
175
3
4
3
8
15
4
20
4
1
12
30
7
4
3
2
61
1
12
24
41
0
4
8
0
1
14
6
33
18
30
24
2
1
6
1
9
7
2
1
180
7
6
21
11
0
16
2
4
83
6
13
10
18
8696
4
8
2
21
0
26
7
11
5
0
19
2
1
23
18
10
0
2
2
1
16
3
0
2
8
0
0
0
1
1
35
16
2
328
4
16
25
0
0
0
8
35
3
9
0
13
6
46
2
15
65
1
12
10
1
4
1
3
22
0
25
2
17
2
4
3
27
5
0
14
10
0
13
0
2
6
12
15
4
28
172
1
18
4
0
3
14
1
4
8
9
2
11
20
9
2
2
54
1
3
0
1
2
4
14
307
17
5
1
15
0
0
5
1
1
5
17
60
0
2
8
3
3
25
12
0
4
21
23
20
0
3
1
0
7
14
52
0
5
0
6
5
3
10
1
11
3648
2
7
6
0
1
28
1
6
1
3
6
0
9
9
3
2
13
5
12
3
1198
2
17
6
3
1
1
0
2
3
4
6
2
4
2
5
383
1
6
1
9
18
10
10
38
870
55
15
26
2
0
13
8
0
13
1
1
1
24
0
1
31
20
14
2
24
3
29
0
15
3
123
14
2
2
2
1
1
2
0
2
0
10
21
15
1
9
3
10
0
0
1
0
2
17
1
65
0
18
5
19
1
11
2
101
4
1
0
6
5
0
3
1
5
13
1
3
2
0
9
195
5
17
6
1
5
11
4
9
0
0
36
6
7
4
11
15
11
4
6
3
3
324
4
5
18
7
4
10
4
2
0
152
6
214
16
1
53
18
28
0
2
17
5
89
6
1
11
3
0
2
6
2
1
4
11
15
0
3
11
1
3
11
10
8
4
0
6
1
1
10
1
5
327
1
10
4
28
1
10
3
44
3
10
0
1
93
99
5
0
0
7
3
1
6
25
0
2
5
155
4
20
14
109
18
1
2
2
1
15
167
1
2
7
1
6
2
3
3
752
0
6
24
14
2
11
27
3
9
2
10
0
1
0
28
4
3
56
2
9
50
45
2
21
1
0
0
0
42
2
113
22
5
0
9
10
11
8
0
12
2
2
79
16
2
3
10
1
14
112
2
6
4
14
4
0
3
0
1
7
0
91
5
3
1
0
11
7
26
8
6
3
1481
10
3
7
17
14
39
564
11
169
2
1
5
0
1
0
2
0
0
2
19
2
5
1
5
3
2
1
11
1
16
5
1175
5
3
20
15
6
42
0
0
3
11
12
8
37
16
10
34
2
1
3
9
1
2
5
0
115
7
1
3
2
1
15
25
7
0
5
3
11
1
135
2
5
6
1
10
3
1
227
5
14
24
9
1
8
7
3
3
10
0
1
3
9
9
25
19
26
23
6
1
4
5
95
1
22
1
2
171
4
16
10
15
27
15
33
5
20
5
4
30
3
6
7
4
3
14
27
0
1
3
10
12
12
26
0
5
3
0
9
2
42
64
27
8
72
1
14
1
3
3
1
60
1
1
12
2
65
4
0
19
9
1
3
11
1
1
18
0
11
1
2
2
4
3
0
10
6
1
15
9
0
1
4
10
2
3
0
26
1
15
0
5
11
19
2
3
1
12
6
1
3
1
209
2
18
14
0
0
5
1
1
3
15
1
9
5
6
17
51
3
0
1
3
28
1
3
2
13
36
5
5
4
1
1
8
6
14
7
0
9
40
30
83
9
3
1
8
1
3
133
14
5
0
16
1
7
1
6
0
3
1
21
9
0
5
16
0
8
6
39
26
2
1
1
7
4
9
25
7
1
7
0
18
2
2
9
3
21
0
17
2
1
0
7
0
508
0
15
1
0
2
696
2
0
5
71
5
17
3
16
21
1
6
1
11
16
29
5
5
1
1
164
11
3
9
13
7
1
2
12
4
0
169
2
6
3
6
2
1
0
0
4
16
17
10
10
2
1
8
0
2
11
4
3
0
5
18
10
5
30
3
5
3
11
6
9
10
16
2
7
3
10
0
6
9
11
180
1
7
4
4
4
2
6
188
1
1
5
5
7
0
7
26
45
3
4
15
1
16
16
5
10
28
13
4
2
56
12
3
5
110
1
13
11
16
1
5
1
0
7
6
38
1
2
1
8
30
13
9
13
5
2
7
2
6
14
77
9
15
11
24
24
4
1
9
9
2
0
2
1
1
4
2
2
6
53
1
701
11
3
9
1
1
1
6
21
1
8
13
4
0
86
7
10
3
7
3
7
0
8
1
1
15
0
4
6
2
3
6
4
58
20
490
4
2
4
3
2
20
11
0
5
9
6
1
36
0
2
2
27
53
0
13
4
2
3
21
4
3
6
28
0
16
49
1
1
0
2
263
3
9
2
6
2
5
0
17
1741
1
1
6
9
2
4
2
33
7
147
5
4
10
132
1
8
20
6
0
12
0
9
2
4
0
7
10
87
1
7
26
0
3
7
5
2451
5
7
9
9
2
0
1
15
0
4
17
0
1
3
14
0
21
3
0
0
4
3
63
3
2
22
25
6
0
10
0
36
1
35
3
5
9
4
0
9
6
3
7
1
3
6
35
2
9
2
227
2
2
6
3
0
3
39
11
31
32
0
184
9
4261
12
816
10
14
51
0
1
3
1
2
0
9
4
82
8
2
3
4
1
2
3
5
107
11
10
211
30
13
8
41
4
5
17
37
2
5
11
0
6
20
1
20
1
3
2
5
1
1
4
11
1
2
2
1
8
5
11
104
9
13
0
23
0
12
4
9
12
5
5
9
24
18
0
1
16
11
11
2
2
47
3
783
0
1
14
26
3
36
22
1
5
27
9
1
0
3
0
2
0
3
75
5
1
13
3
34
20
19
5
2
9
85
0
22
8
2
45
1
5
5
2
16
6
27
17
6
2
33
7
1
40
0
0
283
0
12
0
1
11
0
16
21
7
0
2
10
4
1
4
8
24
7
3
15
0
2
8
18
17
0
32
29
8
227
2
15
0
1
1354
1
1
4
1
2
118
2
0
20
1
25
20
7
21
1
2
32
1
0
2
2
3
4
1
2
5
7
0
1
10
2
16
0
21
35
4
15
11
6
1
1
1
1
17
2465
3
4
21
12
5
2
4
23
6
2
775
12
6
1
45
3
3
5
3
828
16
12
2
0
19
3
65
6
1
4
18
16
3
0
13
10
4
9
2
105
8
2
3
1
14
1
5
11
4
1
13
36
13
6
19
7
24
15
0
2
0
4
6
11
602
6
9
4
19
11
38
2
1
6
0
188
2
1
10
18
2
9
37
1
4
157
15
16
31
0
1
41
1
0
5
3
2
1
29
1
0
38
8
21
6
6
12
2
1
94
1
159
4
4
11
12
44
0
5
20
3
6
11
7
0
6
12
43
2
0
120
15
14
7
7
5
2
1
0
11
2
6
6
30
0
1
25
18
0
26
8
7
4
3
784
44
71
2
1
4
9
0
1
1
14
2
25
17
1
11
0
7
1
10
24
0
1
3
4
178
10
5
6
5
0
2
2
3
4
1
2
1
2
1
2
30
0
1
21
0
0
11
5
10
12
2
12
11
2
2
5
35
4
9
2
12
13
1
2
19
1
10
4
5
15
9
7
19
5
0
4
2
4
5
6
2
23
18
7
2
0
3
10
3
7
2
0
4
10
25
1
5
8
12
8
5
11
4
15
12
0
6
21
9
1
7
42
0
4
0
10
7
0
282
0
0
641
13
5
4
9
13
0
1
10
13
23
55
46
5
6
1
1
1
2
4
1
6
5
96
2
20
21
20
197
3
11
8
13
0
4
4
5
3
1
7
5
4
34
382
6
10
15
11
9
3
3
7
95
2639
22
0
2
1
7
88
1
2
23
45
2
17
138
4
11
8
7
14
0
3
2
2
3
3
2
1
7
24
0
11
2
1
6
0
14
8
2
32
37
2
4
5
14
0
4
10
6
10
6
0
2
1
2
32
12
13
29
10
127
0
22
1
3
3
143
10
10
5
2
462
0
6
84
28
3
12
3
9
8
362
1
3
7
2
9
1
52
54
5
4
12
9
34
19
1
9
5
2
0
23
8
9
39
24
2
1
6
1
9
101
2236
6
3
11
2
0
183
0
1
1
5
37
3
8
8
2
1
4
0
1616
186
2
2
4
3
1
11
4
0
0
91
6
19
45
2
13
7
0
72
6
1
8
16
3
1
5
0
1
0
4
0
14
3
18
17
5
12
7
5
18
413
21
1
410
4
3
17
7
0
20
18
4
12
1
1
2
14
57
2
11
203
0
0
1
4
7
2
3
13
18
116
0
2
32
10
17
3
3
152
24
50
0
12
9
1
26
28
8
359
4
0
2
16
7
2
0
21
0
6
5
9
13
10
1
2
1
5
2
0
3
0
18
1
14
4
2
2
34
28
27
3
30
1
4
4
2
4
41
1
0
8
4
394
9
5
7
3
29
0
0
2
12
1
16
0
60
6
5
31
5
21
170
2
90
23
1
1
3
0
2
7
1
0
8
15
6
6
5
3
1
2
16
135
12
1
21
5
0
15
2
0
1
6
4
10
4
5
6
8
1
3
0
1
3
47
11
11
0
5
0
2
20
28
9
5
5
18
1
2
1
3
15
3
0
1
8
1
19
21
1
5
22
60
62
9
1
20
3
0
0
23
0
24
13
0
0
31
13
24
32
1
3
2
2
1
6
9
0
1
39
2
6
2
36
31
2
43
1
3
29
17
19
4
3
1
27
5
2
3
4
0
7
1
0
22
9
1430
5
119
2
13
4
0
1
6
1
0
1
3
0
0
19
0
1
4
2
6
2
8
1
14
5
3
24
25
19
49
1
0
3
1
0
1
12
6
0
62
4
3
12
22
13
2
3
1
0
2
2
16
0
50
11
3
1
26
4
4
3
12
1
2
3
12
0
5
7
3
0
27
201
7
1
10
3
0
4
4
44
9
1
5
2
2
5
4
9
17
13
0
4
0
11
21
8
15
14
3
2
53
2
2
0
0
0
1
10
549
0
2
6
11
231
24
23
77
159
4
1
11
0
0
3
3
2
5
59
4
5
320
18
9
98
3
5
33
2
78
49
98
24
78
0
5
10
4
0
4
48
5
10
6
2
60
6
6
13
3
34
1
10
28
1
0
7
8
102
117
6
6
42
11
1
9
12
4
3
0
1
11
1
3
32
2
2
0
4
12
1
6
3
9
1
222
0
10
13
0
2
0
12
12
2
23
0
8
0
74
1
1
6
4
1
0
5
7
1
8
7
4
4
3
155
3
11
3
19
5
0
3
10
2
3
4
14
15
7
6
5
3
1
21
0
1
16
29
25
3
3
0
13
1
2
0
19
8
12
0
1179
11
4
1
25
9
14
2
1
69
19
17
5
0
10
1
21
2
58
0
3
1
9
11
17
6
5
15
7
9
7
805
48
2
2
138
2
32
1
2
18
146
6
8
0
1
22
4
7
0
47
2
3
461
3
1
3
9
3
2
15
4
1
14
8
6
6
16
6
0
0
13
2
0
0
1
30
3
1
1
20
1
90
9
19
2
2
2
0
0
189
4
3
18
0
9
3
1
323
8
2
7
0
14
2
1
25
1
20
20
1
5
34
2
10
16
15
4
13
1
60
200
3
7
2
3
3
4
14
8
1
104
2
5
9
18
1
2
6
2
0
1
6
1
12
0
7
2
21
2
0
8
13
12
10
27
15
2
1
1
8
7
4
1
11
16
5
