975
330
2978
572
1269
18120
3425
451
4011
2425
20563
623
672
802
74189
35954
179
1864
1477
357
391
429
2031
92
372
28919
2200
11874
208
37760
304
1406
549
31731
391
122646
52
23931
6008
562
1715
244
3431
10656
4861
827
75
3699
164
239244
3380
667
1725
16511
349
271
4641
767
6777
0
60
468
14001
3284
4531
11935
132
156
3200
149
670
30152
4199
4678
132
384
2167
13230
174
56222
0
182
3768
3068
582
54046
811
2416
969
13277
3319
60
11995
260
131
552
224
3112
2598
1128
2828
6832
104
243
52
0
122327
304
0
2432
3350
2231
3960
492
0
8513
312
2647
468
1875
3072
712
17687
60
1585
4538
1565
2065
1704
414
80
52118
236
3521
1854
4669
1500
3214
776
44786
43747
52
1328
1206
2468
1129
303
580
3416
5705
342
5077
6868
8047
3098
88308
560
22376
444
38655
4928
26897
4733
179
14974
664
460
15890
584
34556
663
232
104
993
6743
390
301
13107
287
260
1087
7945
1385
208
115
1567
532
1409
8952
312
1571
5692
1165
1313
34068
13772
13900
790
43823
7584
660
10846
2474
16529
386
170
41
211
311
20318
4576
16552
1681
287
2698
769
409
1671
91021
4546
336
5203
629
2422
245
6831
240
3177
1164
3129
4624
320
233811
231
28276
2110
1938
1370
422
818
311
918
7269
3201
2155
1237
11196
2608
5427
396
277
5503
451
1278
846
23213
4758
104
1961
556
454
6708
528
2022
863
1083
7000
356
836
5854
4329
1615
5204
180
31064
5341
0
1753
4458
147
462
142061
3260
1730
33898
6458
40
268
6062
2835
10435
11797
1932
1327
748
16089
5777
4150
7740
202
5131
139
51879
1548
5160
2288
1307
104
324
1657
0
620
1374
3215
890
9376
700
1315
44520
3200
640
78021
58947
3649
1105
196
116
4251
0
921
654
663
2025
1217
196
452
3343
929
2068
3907
22925
921
208
276
15746
52
2236
156
12740
20356
343
1709
278
502
3818
2201
332
4477
258
191
890
48
30799
64
1684
588
2518
330
156
12900
4853
74466
1171
2024
241
1762
191
2222
377
518
994
2298
5047
2970
52
3543
0
37605
64
862
332
1308
1232
220
929
0
75
692
5151
605
14268
40
815
632
28104
1679
7124
6171
2093
222
505
312
1009
1657
87
1511
2271
1382
6711
144
364
10424
495
120
1852
3429
1031
2103
92
13326
544
218
2815
4194
481
728
2180
714
1580
3878
2566
4279
634
5822
4901
848
7405
7388
577
1087
3631
384
194
280
584
127
624
834
1052
29122
2668
5133
944
0
313
260
1788
164
514
0
66014
12055
7815
603
1223
179
199
236
1583
560
1304
7332
535
460
1589
3758
7987
4673
272
3397
0
2906
22248
48109
30022
6398
679
3631
1303
1676
469
3409
2149
0
2573
885
955
545
324
40
311
689
355
5604
5230
305532
0
1267
120
698
0
239
87
13690
4420
1186
162
25960
219
46710
164
336
2213
92
1769
1209
703
241
112
295
127
2994
12856
3331
1554
3465
1538
1300
52
1395
1353
755
108430
518
8289
1217
478
351
278
5885
200
1935
6331
9631
3139
5783
1186
6834
20350
4283
2080
2827
712
267
1696
24974
1803
461557
288
0
5624
92
411
146
4396
310
115
718
60328
16349
1906
1102
695
33886
4926
3513
1396
18344
1276
81
4904
37680
28873
2496
283
454
47653
2734
1492
669
575
2039
5097
708
2789
325
742
156
516
300
85377
399
311
0
100
164
1792
463
797
2726
452
360
1298
420
6497
71658
7231
4416
5507
1184
1811
1339
4294
167
10698
1420
422
164
1454
3141
13837
2388
1661
135692
52
6123
2098
1324
74149
167
1750
1858
775
208
1483
5829
467
335
528
975
1090
17959
25855
201
3631
0
1474
1659
1440
936
312
584
1789
353
716
1638
289
383
4160
236
4869
6427
312
32263
5656
273
1256
427
0
846
400
5795
189
17538
1417
303
51423
452
1033
2180
3796
9161
435
5897
2766
202
4264
1050
847
2347
1240
978
1297
758
356
4084
633
81708
2018
1587
1337
2487
2977
313
27140
3812
2036
58813
3331
2311
0
268
5132
10801
3876
536
1659
801
268
163
3484
3603
278
2969
2539
959
1472
2741
384
1952
1115
6812
2854
385
1080
144
1548
1067
347
456
3610
390
190517
28885
104
786
647
2291
17013
1244
178381
4311
828
217
1584
144
1114
324
379
104
232
2194
40
22668
617
774
246
501
9722
174
8385
563
92
720
663
2031
42938
1400
359
3235
335
172
2620
2335
1126
2464
408
920
3264
4212
5052
156
1403
925
1036
3388
469
17899
641
8328
140702
15765
638
2894
658
1814
1898
16681
515
3002
15344
511
2342
832
4551
34813
325
376
1820
415
1395
10715
192
8562
1283
2135
8828
192
137796
4775
0
2176
6114
406
15012
139
337
238
69220
2388
15174
1160
3003
112
48481
6494
1612
18651
540
6822
60
3422
0
220
7801
237
844
3690
383455
248
432
447
243
722
572
3798
730
6012
5777
73676
388
4030
264
237
52
1256
700
5325
605039
2674
762
1733
312
1369
1455
569
16267
939
866
4907
1124
917
155
5825
2959
4493
1049
5577
11181
2190
4210
2576
5377
432
637
127
1242
179
724
1097
6893
4579
735
604
319
6209
18048
978
5837
1648
35158
3278
9343
28771
93571
922
1562
1329
1364
421
706
387
40
0
386
112
1149
1681
1050
1513
22121
1550
1446
208
1154
31529
22360
1649
370
2412
1362
748
5598
385
1140
196
3543
482
4404
144
196
21168
14472
1303
1474
4422
4241
1368
168
500
3758
969
2564
696
501014
2044
24746
1526
6472
0
4495
0
104
1106
108297
451
903
82013
17197
216
2299
80943
208
1661
3703
56639
3525
6958
477
2008
138222
0
4507
40609
755
995
2198
412
1270
2299
4112
244
1712
304
1029
692
1930
12789
2783
2601
1816
540
29720
80
552
26788
1864
2157
45338
2295
774
47986
774
3100
2107
1354
607
28858
1964
649
426
451
2808
1885
19544
8226
0
297
411
5192
4760
251
3838
4792
52
1054
957
7932
1985
8774
1152
453
4230
728
199
2876
64
816
104
1768
2016
642
7936
1882
1281
40
1769
87
104
620416
987
2729
693705
456
898
8278
937
266
660
5897
674
3824
154
315
2920
3090
838
144
84760
387
2758
819
387
60
40
317
749
53658
2900
403
1651
707
3359
4348
509
224
331
31562
52
139
5768
52
3387
12905
1982
306
4594
41
1408
384
15144
3798
940
3159
6392
979
1872
5777
2423
2083
1835
1058
1212
3512
971
5395
303
2031
459
10526
2067
1116
24918
4204
215
733
4223
2706
364
89828
2248
9139
2831
25445
64
1349
538
13984
1563
1130
127
1078
660
0
2533
0
2469
605
1521
127
47375
487
92
2807
1083
2720
0
1055
7542
112
276
7055
2831
1061
100
112
1866
563
611
3542
9166
52192
320
456
12025
3465
3163
6187
1004
520
3687
310
375
687
214
204
4619
664
572
4626
104
164
5040
80
336
1082
493
2159
4967
485
419
816
112436
0
2209
3153
5070
4842
443
15556
2260
1121
500
171
1369
567
75
2060
6123
0
1393
216
21619
244
3688
1809
1150
1897
1773
17133
483
1019
4573
7210
1385
746742
19484
92
703
6476
1421
507
1884
6862
1710
0
4095
955
130556
19804
179
4714
40
4719
2074
1343
4584
245
15091
7104
560
5380
1691
4069
508
2350
1500
4373
693
21243
8698
899
30923
1058
1537
381
1504
5918
3588
3185
207
283
2530
794
2294
58648
1274
716
187
2396
536
104
1377
2000
5323
369
564
241
849
5804
1162
1204
523
2816
11553
812
33459
1943
628
1106
6953
953
861
129
2418
3445
224
647
1605
4330
135788
651
52
52
356
4479
156
0
930
60622
179564
3992
1202
1351
302
474
202
66644
975
3564
3066
11252
318
634
800
7555
135
87158
776
17899
904
4411
1631
12471
1666
1780
2448
1463
104
1698
705
3663
243
164
823
31355
2095
2585
251
4156
1059
3874
3358
2162
92
268
1846
21883
2228
166912
412
2928
1980
87
57088
1353
52
3303
692
3464
5702
678
1564
2101
2736
8870
1924
227
882
780
460
75
8547
294672
2242
6360
1632
8580
200
590
1978
2955
5572
560
353
308
1292
8833
370
1629
232
1656
992
499
720
7893
75
7282
1377
1906
5095
830
156
56982
4683
2833
791
312
368
33591
3225
768
12730
25858
4654
1939
212
517
3454
75
76079
4679
5503
2224
212
1217
372
4224
44738
24201
21900
606
1653
1288
6897
2529
1994
1484
12210
732
12728
33030
7567
857
1787
140
10672
374
360
440
2794
22415
523
3761
513
174
1418
3194
2014
4857
829
3519
634
248
324
259
4487
6786
2967
228
1456
2957
57776
1332
626
232
5902
1172
451
1315
1471
610
56014
511
1703
202
896
687
1078
636
191
8554
3579
1031
1875
220
992
1987
19416
196
930
343
247
2102
19240
220
3740
3323
1543
429
1660
236
1642
250
414
94755
2848
971
2761
8950
555
1611
6146
1223
1263
160
7596
6069
311
742
1426
4524
144
208
9379
10890
15330
46069
33635
1218
4115
52
178
9035
260
4609
374
4703
282
858
1464
164
2043
44371
843
1214
419
52
417
270
848
75
1539
100
342
52
4283
2419
221
16338
1760
2662
972
152
471
2987
240
8109
809
527
1318
987
1307
85456
85
2079
8632
930
2819
282
414
1756
5034
7327
21643
1798
1539
277
5734
272
316
31300
75
224
7182
1656
5216
87
936
12843
1286
1896
591
1371
1024
434
1692
850
1590
646
2624
299
2439
31745
3931
3404
87
1364
1162
2102
2807
75
583
1169
362
78307
7903
1078
26831
194
361
2376
36521
132
1184
85
178
2423
631
445
3801
1750
2396
405
494
11683
2478
1903
2059
87
2370
9987
596
52
104
0
1443
179
4861
2228
2026
531
60
103
1294
127
3340
115
440
6225
92
16456
4505
603
13610
2102
115
1609
543
1368
312
18390
520
6488
127
1752
837
1808
141
476
5525
492
37931
29783
9744
387
2600
432
982
767
26169
529
2590
209
592
352
804
1372
4458
1739
4559
17339
1094
3136
18060
0
1867
1148
3800
250
1130
1840
2735
2848
3922
554
4027
179
5173
1861
716
503591
2087
220
3743
628
6942
40464
2372
323
732
412
3336
884
712
1664
467
20290
617
0
0
482
1659
1734
749
3280
328
702
52
7113
2074
497
569
835
228
523
199
719
1126
1552
235
214
658
1424
4213
678
271
2383
2561
412
786
1797
15827
55
152
3863
363
10380
636
972
1273
303
19611
155
0
1325
6150
6480
0
3779
427
584
790
104
13906
2602
10687
264
1725
3614
2111
13667
4659
3869
6639
266
562
115
7304
695831
373
116
25752
4320
156
2211
294
393
28287
3277
60
1456
287
739
1589
198
1518
15155
54147
804
379
0
181843
204
75
7002
2002
75
92
183
93526
16672
5213
5124
41453
2706
52
3989
4470
1645
21018
139
127
3801
2135
2880
642
0
2640
12199
23652
736
0
40479
737
1047
104
4463
1490
287
156
1143
4061
3463
559
6396
39142
1220
1104
4286
430
285
2196
808
211
60
891
52
3780
771
1616
4775
520
1766
1464
312
750
1406
675
4041
1220
994
191233
4586
116760
3003
700
88
37334
2499
3886
13724
886
1453
0
145
240
80
7272
1599
432
18000
330
4544
77892
437
905
717
3069
100
9384
1877
770
2571
1073
3281
1794
106372
555
24299
185
7083
1635
945
17696
512
407
669
1462
88872
2193
3338
1505
1485
2487
1540
20724
37344
505
2375
75
1092
296
2320
2363
5286
743
1079
2099
1051083
274
3449
1905
1805
190
2373
140
696
677
3133
1257
392
1501
12794
10288
1344
321
1251
3813
204
236840
1707
52
1702
1603
30342
139
20604
1151
5200
1733
11218
17143
243394
5151
387
830
699
682
16795
1205
4060
18772
69430
3240
1492
0
179
10989
12277
1700
18400
15312
368
415
0
0
948
714
0
4105
1370
3189
568
626
162
1364
163
279
1386
733
254
1359
1166
523
40
1612
225
2677
2986
2051
2170
934
505
461
7458
130
2765
1210
2533
69
570
352
75
1693
3570
180
343
2938
5287
226
1179
377
251
3488
37204
1230
533
2615
11160
104
78
21703
736
1353
399
4700
124
488
2509
732
0
2049
820722
4370
6186
773
379
1056
2589
830
366
3169
5639
699
3964
1117
11176
12362
40819
86092
491
167
4563
1103
1976
3291
3391
2068
781
5636
1553
7174
2581
58584
2272
2060
184
351
80
580
1121
262
1618
2590
70196
1119
1304
3504
545
1749
48
779
103
1344
6503
399
2469
31938
52
968
1029
50256
17173
375386
11854
208
47360
40
480
925
266
266
2974
910
439
1533
1863
0
17572
24620
120
1219
52
1832
340
516
2465
5217
2234
80
172
533
249
4280
2105
713
303
23386
191
281
513
1582
1534
316
3523
1641
0
188
1512
511
2719
647
1613
92
1483
28179
36972
861
1970
0
224
4191
229
559
4087
106624
5570
48
3339
1606
5367
15137
491
72052
21545
112
17580
423
527
87
13188
10811
0
880
618
1183
1616
172
2147
2816
0
383
370
2600
0
3989
693
2358
1807
3529
803
4270
939
22205
1143
326
729
19888
9898
127
593
3743
31967
2796
4346
1189
518
2163
843
6868
945
630
705
5078
476
3808
15768
352585
2222
1785
1254
3292
42187
204
0
1518
210
104
196
393
17802
937
1280
234
1133
3571
2326
335149
875
836
57312
438
275
176
115
160
12931
212
1067
2178
795
14696
5943
13898
27011
2974
648
174
5360
699
2632
3471
3299
59867
880
2981
11516
951
567
104
1537
6197
647
5126
867
3754
5260
3088
9608
324
7142
4175
268
179
555
701
594
671
312
792
580
2276
6490
835
1725
104
315
18320
7931
8557
116
2365
1012
9716
142
1560
353
1199
601
5241
2256
1522
5280
445
0
619
1930
743
127
852
1989
2655
343
837
110069
352
2734
686
887
87
92
2245
10020
1420
320
29275
2061
0
4310
1885
7659
4196
5233
3182
728
5331
658
4934
6040
734
33493
568
5191
1505
811
52
297
312
622197
285
1229
3774
19315
5070
3125
16288
200
4831
3435
10675
112
54112
2868
346
104
1239
271
2375
70580
6344
3122
104
451
3723
0
120
55317
881
4051
1706
179
3099
455
7963
42882
446
324
2864
190
8101
2360
20933
594
588
6728
566
286
295
79775
8234
2215
2135
2401
2387
548
2822
445
7967
1829
1967
781
798
439
5137
1292
996
2360
404
514
191
1112
1588
96
204
20364
1879
32419
52
82848
0
323
4612
139
4719
3387
1381
5370
1503
342
832
393
1191
2578
2481
8233
24510
104
132
1268
1223
1067
1070
2417
40156
1385
87
8580
3557
566
1687
538
21798
286
320
469
506
3187
17616
4190
225
191
3344
214
6485
19500
1282
330369
127
1185
400
3508
844
312
3669
1041
627
728
2929
260
584
14472
857
147
11183
1362
96
2085
1220
293
8020
1254
2526
2735
3378
13792
163
384
2213
2145
2135
1895
9755
606
2727
191
185
139
0
700
3097
1068
948
6194
6220
814
9675
3832
1605
26000
28807
2584
1516
9513
563
196
3950
765
2172
460
6926
3590
528
453
1347
1264
4593
3248
277383
3535
16271
1816
1769
1558
19680
404
11851
327
1436
568
2131
140
2235
2029
1297
75
2181
4293
2082
321
256
684
2821
283
1994
9026
1979
506
40
172
484
227
2052
359840
3034
24494
640
229
2704
112
1776
240
1233
260
33266
390
290
8549
4014
160
590
579
1776
1164
641
635
975
168
3358
2006
1355
570
2856
3636
5740
5021
14088
1085
103635
3597
568
1637
430
3791
253
2148
1982
3126
5787
74571
48907
115
806
1677
1035
52
1354
987
1147
573
893
1271
1235
8106
1494
1136
1012
2703
1897
1310
2606
1830
76920
1042
1077
1502
303
420
1461
12592
244
347
764
278
2285
1351
507
1569
421
80
60
3913
27580
2278
5260
1044
395
1663
688
997
335
474
7117
587
5584
1323
1516
2337
1389
4581
346
385
120
2907
23508
0
859
543
1034
468
0
167
885
52
196
1323
1460
4866
1002
391
179
207
1714
2629
717
104
5613
0
92
260
2371
989
1267
71711
4616
89345
127
995
378
1499
52
3330
3672
3256
3790
10372
35384
156
475
209
1791
1436
251
323
1120
22328
263
223
7862
780
1170
24100
162
7713
895
521
25185
26421
1332
50663
3499
3614
3186
3096
4121
47030
396
174
1538
1704
517
518
2164
310568
727
718
548
0
19596
340
76933
462
156
0
1123
291
688
3925
15072
0
92
5874
1724
1344
2563
2738
3113
335
3955
259
83
104488
369
3924
1884
503
244
914
746
801
889
3893
2545
3681
49172
99902
175409
610
38373
242
50056
1686
516
1103
3009
1354
162
52
16660
125802
363
2822
710
204
4212
27489
52
2752
1768
120
135
541
308
488
806
1264
10457
829
217
224
1897
1640
29178
1931
1130
15016
5777
170
312
0
172
2670
5524
3631
39457
1102
369
694
158
329
2981
12519
947
0
75
2247
885
191
162492
288
412
1897
52
1035
288
7494
156
809
4058
1112
6986
12420
1533
1255
4744
1166
8112
18777
177
347
40
5304
1079
144
3064
2451
1029
248
622
1548
984
1137
1906
461
775
426
1118
25511
756
3098
164
0
520
2041
256
56169
1481
174
667
2974
6767
21310
2006
1315
3960
52
343
4787
4719
226
5784
968
2736
442
1832
6451
2096
167
1926
1211
9160
8010
96
509
511
52
868
26139
1525
559
2140
1109
395
27707
348
3422
233
677
1981
236
6972
438
139
775
986
455
400
64308
26976
894
196348
1952
15660
75
104
34060
341
40
104
529
0
4544
645
6103
1208
33776
988
3401
1084
50350
943
2699
270
0
155
87320
210
4379
510
125005
5165
6351
58683
842
446
318
2539
147
156
3776
11646
32827
389
1537
57693
1682
4933
1028
312
1276
40
447
498
295
4504
4522
637
2905
11222
5867
162
68650
4258
416
339
3679
19255
4008
6035
80
2848
1806
742
1215
255
18999
2016
1204
87
244
58359
1273
1580
2822
41982
219
46506
1597772
1230
4468
5099
1397
833
8269
771
371
178639
156
772
1642
168
7677
74107
820
872
5925
38007
3400
262
196
585
104
9148
82459
6974
104
9321
1808
286
259
373
370
0
731
99914
540
1091
6267
15391
540
4033
5795
4228
104
1146
7063
172
2739
1302
2137
4162
3016
617
1060
231
734
2830
3697
1247
3151
660
398
52
1330
1540
1488
15054
1865
5183
1199
433
519
15503
2610
54075
27959
13427
280
6882
5821
230
152
2788
15107
40
1491
325
2532
52
357
3400
2035
715
4816
385
750
1157
3043
127
8454
5805
534
1492
10693
4504
3408
1871
4187
859
3509
184
2975
4500
40
1253
4471
196
496
45755
202
3400
156
634
3542
486
387
207
1453
1048
667
3035
1904
772
1923
127
325
260
10849
364
4447
3067
6358
8886
5997
1417
104
797
5238
212
1210
2229
8964
519
3199
3490
3451
2897
58978
464
1616
708
2323
14561
252204
179
1747
223
13466
1402
227
2092
932
227
1552
3847
460
591
1253
7548
432
52
37987
1223
27098
12885
1561
4622
2195
47817
21208
2342
24582
811
92
3624
40
2185
522
1174
4829
786
6622
0
1944
2844
684
6714
372
216
5993
1340
52
559
10136
622
4168
40
781
559
746
112
3184
1539
11069
151967
518
1323
1160
685
80
0
44592
1419
6158
11466
60
11002
3076
1113
272
2180
299
28843
5279
474
6684
466
64
9370
1423
1588
651
121026
14107
1030
805
52
523
136993
634
65407
604
648
1087
140
631
22400
5729
54121
3081
8016
40
871
677
9103
156
196
1633
4853
1410
187
1378
1381
416
139
135454
40
193764
990
2786
1570
1306
2141
32217
20580
806
151
1276
709
5109
486
13682
1763
1723
4883
2920
418
459
6939
3068
3822
9829
871
144
493
93
149828
82855
483
286
444
5303
4584
266
9240
2535
1591
207
144
6855
13896
180
265
100
1030
363
1223
480
12137
240
287
219
40
500
258
717
288
28559
442
5004
324709
1964
115
1869
142
648
1294
2055
578
26997
43183
5263
428
10297
9747
474
610
1989
3947
5435
1409
1209
22287
75
4701
474
3504
84539
4649
1131
179
357976
542
467
147
35774
112
3260
3756
1189
7867
387
3222
1849
2896
224
335
243
1146
3415
7152
1116
202
92
15093
56897
44146
249
3468
2238
28582
1460
920
948
544
382
3076
383
3979
2507
208
392
3542
2087
715
18584
1119
191
316
13819
561
1167
7449
1373
152
4129
92
4579
356
2578
204
426
620
112
524
1247
2040
4924
385
1128
1743
298
156
204
647
875
673
975
1212
7251
1746
555
1339
2066
8397
295
4465
66
598
324
60
1819
4231
3398
337
3779
3709
0
704
114552
52
8045
3813
3544
1054
12500
46735
1895
2788
1547
3871
3324
535
926
167
10844
320
844
536
12614
1401
1805
75721
520
771
1111
2059
358
1390
6077
260
1920
163
3817
2655
120
79336
31358
354
144
1766
369
167
8487
3252
282
4631
3761
7856
52
4015
1914
697
929
271
1208
57469
6436
340
2132
3720
104
283
191
7420
5970
0
587
19712
36806
1466
40
2196
146
1400
318
3436
1767
3864
152
4404
268
1027
23014
1407
1446
624
1123
173
589
58778
386
28224
179
134800
500
1258
13622
1654
7100
574
1369
118
0
870
280
1713
793
152
208
32104
538
3597
2159
4533
1012
1560
626
5557
656
18108
3197
1133
7105
178
528
17571
861
254
11837
3432
1178
504
2898
1265
6833
155
1115
2492
410
8527
368
1467
955
3026
852
169
2017
2420
637
104
75
1179
3534
135
73612
60
1150
4655
3221
662
695
1552
58270
5010
844
12184
139
493
127
44993
10428
247
1255
6197
729
104
4762
644
137131
1620
1295
801
526
524
5747
2114
2237
6019
520
16577
26932
4051
661
4900
0
13302
2130
3666
800
139
700968
2651
5155638
746
644
12729
995
1293
662
127
9340
1205
19372
1361
11367
5730
1419
40
586
4650
1468
28409
868
132
497
0
6161
1409
438
2483
397
3460
1583
3657
7067
96804
1726
609
5467
191
4221
30991
167
1205
1679
18405
3187
1208
726
1352
999
2722
786
1155
116
4629
8934
4566
268
18593
112
350
264
64
474
3007
723
196
83392
2143
33281
410
433
3960
2260
0
1275
279
1604
291
200
312
1248
13419
6353
17883
1082
27259
24433
196
2815
2839
4219
3787
429
851
1203
1092
1050
4189
33350
0
75
87
0
534
2090
2251
87
6508
2951
42622
156
1220
9712
8402
652
1337
127
221
68
1720
17126
891
1955
656
2749
3702
31245
270
1416
19895
689
87
1286
2977
705
192
5082
1523
509
12748
1181
47368
2736
1996
625
3009
441
1255
1648
2825
1272
259
1235
10003
10472
1859
2281
0
0
10572
3620
201240
4265
3596
2393
208
104
992
1758
179
48
1679
946
1468
1669
243
560
5382
5077
1405
350
1298
4650
156
10190
52
1719
374
24877
1207
9341
5903
1859
1539
1037
1486
581
21730
3899
737
287
3663
878
11470
454
2727
10712
645
312
232
300
1530
649
1879
851
777
352
64213
80
2738
372
1672
370
383
14315
1969
602
148
0
2585
2394
6119
7349
1230
1074
15587
5653
596
802
2635
2056
337
1313
408
61022
416
752
849
52
3898
80
19704
4431
5156
432
607
127
1498
8006
2577
112
12172
51800
7448
52
848
75
8480
684
374
463
2843
847
1959
334
2991
139
1318
29205
3492
19987
967
116
347
243285
1037
2091
1421
889
1332
564
1285
1130
3676
87
312
52
991
5085
2697
526
144
4535
1842
1407
208
208
852
1603
251
147
2619
3843
3733
21981
236
74251
87
90481
139
120
363
1514
298
1279
0
897
2229
1143
341
576
375
1143
4348
1744
16905
640
628
1774
4802
312
1349
1678
2247
705
4136
5314
68512
978
128
1658
1087
627
1307
380
52
641
455
822
2889
3698
115
450
7839
399
7040
0
1927
576
2420
104
8091
5372
10502
1601
3159
1304
97771
2622
2740
927
47
25961
6254
494
2764
115
1654
80
3927
167
2737
4912
355
82
13490
280
162
734
115
8555
2044
167355
156
2069
79
27598
768
17803
1432
968
5297
295
958
4996
69941
1772
19693
571
294
127
1006
7350
1856
9800
548
1083
1624
4851
33863
335
928
969
171522
3734
1456
948
104
309
235
570
162
3810
60
629
1055
646
143
151
842
1386
611
3832
167
2709
38022
162
367
3080
470
1529
2821
179
1240
1708
84358
0
1440
622
294
17250
2742
1797
332
2670
319
240
1879
8608
0
705
1624
3321
5506
103419
52
18235
428
1298
1284
308
87
52
0
4818
811
404
738
2703
440
6987
3592
5655
8107
1246
1620
323
11412
1261
1195
543
1524
405
243
800
353
0
358
3308
192
1061
586
116
669
3666
15456
1545
2350
11451
3141
536
256
271
1526
319
1314
2516
13427
5683
40
768
3513
1377
158
29
87
59086
382
16824
6499
1453
409
2668
48
1220
741
295
586
1901
1185
2443
208
210
2028
2372
563
13107
221
0
910
49054
4562
21191
541
179
43761
1366
549
104
4495
496
2258
208
1623
11064
1489
833
1214
309
114831
561
67719
1704
1326
1314
723132
1847
0
450
191
322
506
810
5920
774
3000
134960
7664
4328
544
13690
283
523
2982
711
7994
6083
21546
1361
562
1483
224
14042
827
3339
4230
207
248
51279
838
2943
0
6904
423
2559
1807
2188
271
174
1465
126
496
488
3012
40565
3931
8160
758
4775
1433
497
4279
624
13938
310
44746
3287
1323
206
1793
7591
369815
6290
214
175
4606
1838
104
180
156
324
1933
0
537
1042
1202
2904
1180
2034
8698
880
2284
88341
1565
1595
552
4529
3127
312
1077
551
42233
376
1138
399
1507
884
22527
1065
438
1434
6103
506
1474
1249
817
896
2287
328
207
240
3087
1130
40
26526
104
593
277
2640
120
60
14478
365
1405
1963
540159
127
3059
2892
5589
3264
4388
895
1278
3228
806
1625
1980
1353
2852
736
4630
3356
346
518
179
3400
5483
1170
447
395
659
7276
3880
683
540
109804
273
39230
330
3768
9356
7664
46485
104
20433
383
14927
6786
340
17800
661
1567
549
360
865
475
2252
124
8218
1830
1443
14738
1319
17237
47381
144
3803
247
529
280
52
52
309
1647
2572
1304
92
1016
251
1319
0
733
1539
57952
545
274
1590
75
572
653
69552
2196
1748
4596
362
112
2284
4855
52
1118
52
174
36364
2141
18892
36639
34860
2445
434
370
1245
4288
371
806
1566
959
3016
1685
3463
303
1080
468
4744
1444
1413
900
19102
52
52
383
488
2639
398
295
552
932
2521
452
541
3224
52
3600
718
3450
330
359
14657
657
58001
439
352
1110
551
2197
6359
476
1789
1280
316
3608
4094
509
808
25236
1389
52
1329
168
2217
731
796
9908
3145
5271
208
96
69673
3488
205
115444
139
4875
988
821
551
573
7745
187
8952
1010
327975
3559
4748
52
1023
29822
40936
331
1394
1565
60
1179
7677
57641
10779
1226
1479
0
1703
427
156
290
7278
72
1404
1913
543
662
809
104
0
592
7465
79420
978
1942
3696
2939
283
1719
1299
9464
300
7921
1035
1171
8823
3418
47670
8969
594
2364
3379
392
2552
280
645
372
40
3696
666
2326
549
2978
185
305
112
854
274
654
0
1776
123000
52
419
16469
792
312
530
265
1722
1232
2253
4400
604
1481
2559
1591
1361
584
2823
2879
104
0
416
484
3858
12624
3091
312
3341
1189
1682
316
940
314
433
364
40
508
374
156
60
3187
548
8354
3111
2433
87
42764
157
1301
1963
421
1703
3173
1320
0
3645
39039
1857
9035
591
2634
2338
6448
958
7696
44688
3367
1152
304
359
327
7917
1318
104
261
231
1746
2173
381
55358
264
6890
435
336123
41288
266
922
144
9281
1774
1093
3784
620
853
87
92
364
681
1308
2589
310
7141
3761
199
4756
2277
463
3372
386
813
732
4536
14578
3335
389
1725
5355
803
266
242
1890
1146
897
22758
1016
376
5454
506
220
2450
230
1027
17982
383
127
0
3462
4753
577
367
570
1216
231
1491
227
691
292
689
231
595
10474
758
1645
137
150
2234
8603
19839
3901
3879
1821
639
35175
208
493
7374
1505
359
9977
4328
2431
1632
4579
653
6223
471
581
2446
19643
619
14609
1004
690
1150
167
13145
16163
891
8871
1894
104
5856
5220
2278
40012
3527
295
2555
1693
2917
422
1127
2347
1441
4314
1500
156
2753
87623
353
468
595
1164
1087
2904
43860
156
331
2883
0
13028
66553
87
1939
502
3268
3518
18354
2974
20415
40
736
2511
3640
2967
1488
1287
1268
5380
10359
22224
322142
1472
0
1197
1759
1568
184
457
2245
6440
597
2120
1937
40
2467
80
2305
73404
1986
316
1948
2365
40
11213
783
630
2732
2996
2927
28950
2298
415
76898
1864
3644
1741
1605
21545
1503
16397
23921
979
3390
666
16976
306
712
271
1293
880
1038
135887
2525
96
168
112132
21206
620
256
47787
347
1613
289
1983
904
3501
1573
92
231
48566
83475
607
424
1248
153
248
0
2240
937
1120
739
287
87896
883
669
434
2324
6590
1710
104
2010
1101
1910
6124
1845
3752
4871
186
139
758
1745
1514
1300
1532
6269
4801
13066
1871
750
12251
815
25854
55729
1182
1825
3825
4377
1217
306
715
16056
1853
1495
3984
612
727
1209
235
1065
2974
8103
12725
2003
613
2972
2014
115
156
4558
278
2375
1131
3703
527
12560
2783
971
2196
9695
322
2488
87
419
5052
468
4632
30875
2018
769
1884
977
100
2145
401
1148
2701
3104
210
193
2642
406
2917
7922
22512
254
462
196
249
792
5675
686
1037
8594
2963
1054
6419
13599
6274
3252
1101
5137
6318
2154
207
804
870
2868
392
111
2428
155
116
35380
1139
191
66750
3008
6285
379
1251
4741
4828
2417
75
243
10064
444
5984
1605
1161
1561
1956
800
710
683
5265
41
0
515
1992
416
7598
12562
32504
1655
242
4670
1217
637
1681
2692
789
288
719
1894
1066
1164
1095
2662
274
16104
3994
525
1087
132
19725
316
1343
5447
41152
1730
573
3936
1947
5625
1296
206
182
52
3336
1144
81
2021
3140
941
296
1521
427
4096
87
2123
1105
1369
595
239
63999
259
1782
859
1313
16803
6818
420
3077
486
374
0
54539
438
500
1548
50578
1778
580
4983
10226
1766
112
1366
570
636
7606
984
294
3071
1975
804
75
3434
59749
1421
396
208
3916
963
288
367
13475
1125
139
45967
3343
1234
156
596
7503
1688
37376
1598
0
156
17230
359
1934
227
1315
5358
3213
724
3894
368
7273
1609
2697
5184
438
2077
2245
332
31373
1563
10394
104
10054
18440
50013
3408
513
1775
1111
164
1398
20471
3348
34931
17185
2050
512
1096
1319
72
15479
52
755
875
860
1230
342
1886
1315
2364
3815
7674
68241
8984
1036
852
276
3131
274
1689
16166
6431
20876
208
394
256
3195
1743
4672
410
2688
0
87579
801
1050
480
1955
16174
10038
4672
104
3100
814
990
6071
1980
334
1454
164
512
438
1951
16554
1006
764
152
184
3647
1014
2226
104
5200
2301
58087
7855
152
283
88
1224
974
11341
0
271
117
48469
328
501
9424
196
2419
5379
6836
294
230805
572
515
1271
0
1913
11572
1486
1730
3821
4233
1518
432
40
2670
336
267
178
2628
3544
324
3581
325
6690
607
1235
567
2362
1278
381
5107
249
769
738
1018
442
275
831
2498
19892
33775
694
2511
43834
617
1135
5858
1911
104
904
1737
188465
1094
114623
6538
2163
320
140
3929
139
11786
283
248
1383
598
2321
12366
784
1868
1741
19124
765
1140
706
1625
24319
735
427
364
485
260
5288
201583
382
3786
7572
3274
3558
871
1246
750
3992
1342
260
623
3031
4881
3398
211
4798
2684
495
1936
7406
570
1318
1107
188
66052
2630
2979
13394
3060
546
1479
635
839
2483
1979
987
247
2527
0
28827
335
1351
2338
725
0
261
52
156
401
52
1394
11978
1067
23274
18742
1103
230
3858
1408
4456
4964
3547
2429
12097
12396
3745
94541
578
913
52
327
527
73708
0
567
28820
19624
2812
1109
4330
31479
271
278
1000
2038
775
2918
6256
1482
25741
746
2735
971
273
646
579
2395
3075
2729
1919
2938
231
376
9935
10759
571
1196
170
4579
21177
1735
2740
5462
5532
1068
15158
84424
139
19472
14551
208
1363
7476
40
1888
2271
219
295
64317
52
274
308
901
974
40
1272
1371
962
20128
970
92
413
24414
7421
464
698
1240
2345
399
1285
83412
8176
6347
1084
1134
58226
2139
4888
22844
2801
75
1607
115
31085
881
75
986
412
3188
3563
93
2388
494
1700
203
1624
4829
904
9514
1144
796
382
2969
1545
3323
80
3171
697271
3533
655
4150
584
219
543
318
2900
5882
319
3052
2744
0
494
8386
139
895
2115
1380
4368
166
842
433
1577
186
448
1005
127
3154
334
439
1138
76672
977
1321
25694
2590
308
3057
2954
320
104
393
132
1033
35138
4682
0
248
4460
7571
12224
197
204
1787
1341
243
10763
141
1317
2837
4452
4256
1751
460
847
1031
1811
11237
587
2340
1436
7259
1721
4548
151
3938
3528
258
316
2105
128
115
1401
333
612
156
609
1175
1831
208
0
489
37163
31155
1642
210
3076
352
3158
2809
4375
292
2040
1944
2155
903
132
1897
70293
1366
295
23372
182
1669
16833
895
3758
23903
2094
869
23434
6331
7488
1466
1296
1891
172
224
221
1628
2928
1137
115
3327
203
4656
0
1734
145
2233
8691
1081
384
2159
8759
295
1799
5185
1313
451
355
394
1681
520
589
5752
2001
516
449
156
156
278
862
4461
7709
301
10680
141
311
160
869
375
9868
52
1388
16159
41
0
211450
272
3481
440
6670
1737
1611
2560
2008
398
2750
667
5707
759
1064
635933
919
658
56746
15806
3255
5155
1487
99323
503
610
1020
44541
6186
940
1435
727
236
863
3078
356
198
1611
3632
857
104
1022
762
104
1572
724
3440
3160
796
1562
1248
1030
0
116
2142
10438
144
714
1598
52
46150
2769
1728
52
40239
1462
15663
1760
1878
13385
924
40
104
14700
208
784
1669
1211
77218
115
1424
981
349
3940
3264
1822
7753
1438
2546
146874
164
326
2834
533
395
1232
5271
926
229
1763
363
452
3168
248
1597
1144
1214
60
728
10356
923
2446
343
2200
20654
50117
24308
14140
17321
3615
300
591
127
52824
3438
2755
35215
4767
1650
259
809
1499
1176
4792
674
679
1008
366
162
1957
3105
3459
104482
300
5585
882
52
37521
42347
87
1408
1013
2818
230
29876
221
3955
196
413
611
4595
64736
2351
838
819
283
66296
2960
3393
18062
47227
361
1695
4769
791
687
2178
3223
11118
23770
4042
757
246
446
1158
246
2478
7652
374
1404
3447
0
15486
1704
4926
214
1616
18128
297
190
52
214
43222
1354
381
4148
459
2169
1089
0
391
2332
162
1422
1880
2545
0
71951
1754
6917
167
370
1364
104
192
866
752
717
1435
1553
52
531
2956
2078
312
267
1532
6594
1016
256
8147
349
15608
909
121
1024
266
1737
383
445
1178
468
88
2542
68116
6013
619
1251
260
426
1866
309453
115
1515
158
246
771
4499
616
3643
36378
725
3062
626829
424
120
564
1386
1346
89
4949
961
1021
11980
1908
467
3785
5432
2662
5251
28600
6458
699
2468
1223
260
367
411
7033
49211
4492
4648
104
7040
1841
1288
1553
0
575
75
522
39633
260
7283
40
1140
1612
404
115
204275
1800
936
4936
168
288
147
1986
35703
761
300
4970
483
428
209
0
2920
3115
451
585
52
1557
1827
740
8749
4272
227
1025
4064
218
4375
2979
52
3240
3563
745
4933
260
505
564
20263
5668
0
0
3019
1898
1262
52
1369
67904
75
1489
347
156
121
67016
184
282
875
18705
627
90894
1605
574
979
619
167
14985
2312
144
152979
167
433
5985
8345
1083
48203
1005
1765
753
6059
526
156
963
4601
858
10850
11287
1537
761
112
52830
80
746
1424
957
1496
2290
1889
135
20887
936
1639
4022
24339
2575
247
199
11436
164
1009
986
268
2207
2779
771
372
342
346
12760
324934
1728
3060
335
5274
0
1199
1489
13784
2653
4452
63099
149
934
636
2843
15899
2663993
435
950
35240
1788
1304
12151
11551
2665
1842
7804
3475
545
690
661
2407
3243
536
7412
4184
334
19005
578
292
1341
1020
1930
6395
1537
1525
1358
32164
1670
689
4723
1439
947
228
252
921
104
1907
2215
270
411
7869
662
2907
2951
3273
1563
0
104
6739
673
586
1696
4822
6169
268
2256
5498
15301
1599
150
1830
9359
832
9397
1352
1553
1914
565
750
4493
14696
323
13018
2099
7000
1545
179
548
0
19319
870
1621
1665
4855
3439
18034
75
1432
312
887
1370
1390
52
2099
3514
9240
1737
409
100769
282
328
3567
382
740
4879
3896
602
1028
167
73517
522
4744
802
3801
3714
2616
1911
1369
406
52
1334
3791
9384
1427
534
2616
6616
386
12513
909
6147
437
104
599
1533
3088
332
196
329
460
8095
3923
216628
6520
1244
44241
4778
423
9662
330
617
1779
4740
821
966
8134
1952
5995
2220
280
3789
13105
579
324
667
120
69
11199
11300
284
3898
326
12381
75
1483
18834
4866
39306
132
6315
147
4630
782
27355
811
1942
2835
1344
25149
4783
685
5033
1249
21183
653
0
1194
27170
260
1242
187
410
255
107
416
5294
1641
259
231
2456
953
3232
11375
60
4418
283
972
2165
2798
60
615
144
15040
48
3572
4063
3568
2004
281
374
2797
2913
424
1908
191
412
47278
10933
40
792
4095
3400
1880
136
652
3987
87
52
40
7781
827
14596
1375
501
3692
2083
1583
872
342
7993
873219
3747
383
14901
2995
736
4015
292
316
680
3250
2205
248
11840
1202
527
383
1538
272
2923
848
8306
1069
60
4955
49902
351
2967
2559
693
208
21707
100
761
2559
646
604
2577
0
6529
20840
40
3382
3299
1175
256
1354
7013
1173
259
2008
711
3141
1028
27603
155
805
2109
4256
196
837
664
1188
2760
1773
336
3405
139
104
2807
40
13186
369
104
4701
630
5278
212
13198
378
4108
17492
2575
1896
7004
700
2718
2644
5415
1037
12930
1345
1038
0
263
81052
3992
913
514
600
1160
243
2487
184
384
477
208
634188
1714
3342
347
252
4469
194
7530
5904
205
52
1050
8132
3293
147
1640
1578
1280
31827
139
560
116
1656
402
25212
4004
1682
26212
127
57327
592
112
912
696
25079
1760
671
1365
552
40
1150
1938
52
433
815
1195
40
1023
572
383
1577
208
2852
172
2852
1990
502
2298
416
288
25742
320
6063
2456
3967
840
164
3712
245
60
6575
455
156
561
144
3366
243
1552
12078
1923
78204
1293
0
360
598
288
2942
1097
7096
5588
3319
2984
120
2201
1409
181
2021
7198
1965
368
1753
0
188
1639
139
3831
6136
139
87944
1438
214
5781
1260
452
1950
407
3594
336
330
45404
2748
104
3332
2290
289
339
2393
23588
266
49426
0
6731
92
4286
1700
288
224447
424
704
378
26061
2851
593
199
416
2340
1007
40
625
2965
204
906
6819
127
1051
254
2524
219
112
1592
554
104
323
156
493
6720
1448
1695
6443
1801
3090
128
5127
52
2895
60
248
873
14120
156
5510
1776
539
277
1184
19490
723
1479
382
75
3329
11906
2892
359
1082
1123
691
3732
1473
2268
750
2817
734
4811
4761
195
11518
636
45936
6831
2686
263
318
1300
628
699
1389
80
4468
929
75
2106
2919
4124
2037
3400
3339
3272
455
459
295
139335
308
0
1587
1121
642
1059
617
23101
1621
5054
136407
3359
1538
312
2027
5060
1821
144
211
33068
3929
4105
1144
10345
75
1040
443
1405
1965
16900
465
1588
548
7296
14484
112
2757
560
2208
4948
691
1392
1061
1291
527
1366
134
704
1272
477
92
897
88
3458
75
6786
6550
3772
1121
1790
218
19262
335
799
85960
5877
564
440
5576
3044
1754
483
139
1087
1334
92
9876
604
996
4341
1258
195
260
33369
225
630
156
1646
799
1101
1059
663
132
4353
689
2884
5839
144
140
196
398
1494
2994
3482
9743
25469
521
1540
402
1152
46036
3667
1231
139
2653
310
1736
4921
4960
822
7015
6332
16924
480
612
2829
26468
170
147912
207
1292
40
648
500
619
2498
12075
19232
4640
773
1419
3872
0
115
1732
1026
347
1599
2941
1391
563
1294
464
399
6201
18723
196
4015
1904
322
1664
2038
1655
156
100
956
519
1516
198
4034
226
92
52
4898
2236
2549
283
2524
596
796
276
87195
4027
238
36096
20292
35092
1058
423
110
1896
831
206
5715
1274
42012
1302
3877
787
1184
582
5087
1867
664
862
635
2615
30608
518
1541
356
156
1179
251
654
491
1174
625
1173
12503
32518
13680
10303
19859
1442
5707
1319
2531
196
539
567
2500
2470
1465
3227
2980
434
894
1931
3577
2161
316
2486
7011
14433
1639
832
160
75
954
92
3432
5116
176
8050
3168
924
1263
4036
1416
5468
2023
144
458
831
392
787
1439
1148
184
425
1969
503
1610
8742
592
240
12596
429
450
38399
3644
5346
1041
1116
144
1968
1131
651
9747
623
200
544
262
8880
37733
127
506
1605
272
220
3239
139
3166
1704
2421
3452
5957
8617
414
528
195
0
1371
601
33667
640
3574
1513
10933
87
704
0
1665
1679
2101
1107
505
939
0
92
998
8486
31283
4863
748
311
2498
526
999
3817
1032
40
156
840
132
893
1765
3608
3287
933
2867
605
1084
0
668
921
9289
4688
216
2001
196
1439
1920
1557
15528
40
288
52
0
525
1282
6764
599
3881
432
299
388
12658
835
2393
1337
1673
882
2205
395
823
328
1772
602
215
7818
259
489
45938
484
369
794
898
0
314
227
441
2460
1273
912
1469
855
48
4800
1868
2207
579
1959
7843
12659
224
3389
515
5725
1957
21472
21219
5933
2262
19836
903
3636
977
9094
2567
1094
39587
32
52
774
3899
584
46874
348
49270
197671
168
5341
6963
450
51929
48
477
1991
2988
38269
1189
18387
93
399
9337
548
3733
4200
228361
3927
1577
236256
40
95247
248
11784
177
163253
6080
31722
3740
358
562
22186
877
271
807
104
5125
152
13225
8153
2304
21221
1172
9201
295
1382
394
2198
94151
29694
89490
7100
224
52
4077
107
2004
114464
331
13388
52
437619
1795
468
832
1876
100
3556
517
2269
200
282
7553
7269
185
703
6338
822
1216
287
479
1293
104
4307
1368
1140
168
2483
20460
936
162
888
522
1678
2474
144
295
839
9459
40
467
633
488
196
779
2317
104
349184
625
115
700
1455
0
280
1069
1034
409
784
3151
216
639
238
833
854
3860
1323
1255
6265
4450
15554
2879
47268
1100
50859
139
104
87
1493
1933
1616
405207
3666
371
690
588
527
92
282
1166
1578
1060
36098
2796
624
427
5027
4418
100300
1479
5488
40
386
974
853
8122
559
2727
2924
375
65481
1043
92
527
196
87
5368
436
156
2653
16108
1200
1475
1545
739
52
325
3576
589
4708
1727
10378
214
682
60
516
3645
1051
1656
364
13321
1145
208
12570
104
782
1981
3048
6367
972
490
2134
759
1753
0
241193
2690
695
7446
144
10729
1583
400
4338
284
220461
1615
204
409
7129
312
901
80
3262
180
571
4556
309
1232
87570
2323
213
4270
850
1637
2118
1734
108
1753
8076
52
1397
1180
868
871
1942
1634
990
837
1903
1501
2124
3769
5423
2899
64
4832
75
23186
116
260
165832
1497
191
4471
34457
143123
2533
278
673
271
1462
3126
1006
79249
1225
3984
2698
6402
424
3160
447
294
774
61937
103
12341
3394
6529
1930
340
116
38555
596
480
371
2745
59937
2597
1530
958
1036
0
1607
1332
472
125987
1126
3280
26497
319
10636
202
3413
3738
2192
580
80
24058
371
2197
2798
156
2103
3913
728
1977
360
819
4995
3731
1617
12523
1172
3915
676
1529
1448
1400
2212
2547
5084
136
431
3374
1451
31523
4023
640
131382
4184
52
787
1100
867
2508
3385
0
330
216
1795
14313
220
42183
1569
235
4979
471
300
2070
768
6217
998
1322
530
3807
343
7721
1016
4535
0
691
6681
2742
50682
438
3632
6396
396
231
1032
1325
0
204
713
1832
1207
12327
2452
239
307
208
17453
2658
216
87
889
0
247
2448
179
3054
392
638
600
567
2660
112
9020
214495
300
40
185
705
810
352
1685
3798
6184
35131
482
3280
825
2960
12215
5275
10550
1949
509
318
52
2395
3547
624
2857
1091
565
87
0
71215
127
9631
3682
54
2994
731
974
3043
4009
393
330
2909
1528
2148
2999
61504
1604
66840
1583
2709
4171
24201
52
4051
752
820
541
168
1742
242
2807
775
552
1841
653
1419
23881
519
140552
2859
5374
417
809
12701
41195
3660
600
536
1048
4784
595
1196
22854
1042
4604
2138
4484
1151
193
139
1997
555
363
1397
4589
4942
4334
2438
6167
579
2680
206
69
2511
80
20853
37303
1315
3070
116
804
535
112029
3519
18691
75
526
566
52
2241
468
413
17015
8412
1452
823
841
1752
2691
440
246
388
1029
3428
52
4108
2260
60170
504
144
222
552
31688
128
647
1141
52422
1315
8216
208
532
935
828
19372
413
22981
143
75
3024
1338
1701
972
988
4506
648
397
60
322
3283
7662
220
112
473
1282
2655
1154
1737
379
1478
514
234
1024
2446
50638
172
3803
