181944
49088
459168
116057
60701
180509
608038
64152
156918
922443
56551
41271
107663
186235
1260500
168947
129150
491203
66664
44197
8199
55457
2629472
1094952
233816
4955251
406747
207732
347737
186110
134308
143259
249994
214599
304991
837465
24067
50666
137433
235195
33621
458873
2907997
33591
64472
130788
87831593
58091
206673
220613
1283661
1100149
637806
39919
294598
155670
73091
50836
817160
49944
164846
4879144
528082
914330
2303948
1210980
2134744
435781
596275
688370
27427
40148
6744200
65391
1543594
615482
119597
308702
308535
199275
212334
394669
36062
78867
103736
2358813
1156520
47730
5583920
41955
510528
4770443
12786
3809376
152534
669379
104043
291954
44390
230007
1516898
24684
112873
132298
63352
15496
44635
36423
53069
74903
94350
65702
24976
1385590
46624
107785
31270
114265
347212
58987
55431
194551
14287
69063
135166
1852527
100779
187165
32538597
66094
2291470
171419
41545
46577
70365
121219
60532
23674
63547
1942345
21807
32427
64125
29054
46840
82201
324155
669228
2893758
3984550
331934
26004
33381
114618
3493836
34588
1562900
41844
3015256
107484
327015
274038
39970
95262583
690430
45368
161941
564790
820815
32722
448206
77615
89695
175075
1787057
156429
613297
51026
91450
231877
56068
93975
24390
3628807
95744
341999
142545
22897
932549
122232
495493
18862
107339
869694
4862933
50364
25448
199532
423920
18541
168672
42085
200766
406878
95654
101799
543588
760244
101203
41129
49305
76364
470488
426721
128017
600016
100752
632477
79639
1472881
84716
45687
385151
159592
863153
147598
181088
191508
45221
18633
167366
67871
125048
87677
37299
1508732
440183
1948813
101065
40797
23094
718320
105591
373824
167140
2616929
49079
37008
288730
181251
290616
292858
48503
35330
375905
129340
30334
24006
195932
1132412
485701
112786
57319
175600
21535
95595
1645235
21794
488804
62445
60843
27206
137767
85388
100766
18900493
352423
152755
1253641
73241
46267
1279602
314341
309706
201083
21786
155694
134226
133296
79985
32471
217277
156183
456825
379035
252547
676398
108715
42552
5246876
69889
337344
2301485
225807
312120
24627
52436
140191
111647
348633
1164600
4440887
295494
177240
129240
2533564
42634
93593
472615
192059
53250
132812
1087825
228999
212892
137154
46264
625454
37329
79432
44856
131014
1042159
194190
686083
621240
309173
29363
76912
57302
26395
64113
1040416
200080
323518
2149664
430216
1001507
49575
5624251
25632
29268
115525
279641
3929978
42519
49690
2232699
105626
1856351
963490
60893
8404261
278419
192274
11202741
22985
27867
81936
3543361
179265
661191
152423
2344485
48335
420035
5709058
816546
88628
236110
733615
45320
63952
94447
7742147
276000
183236
26034
1385472
1252642
502380
75677
18544
178737
2156500
83319
21600
191029
433762
83587
42076
425061
169129
382473
4106360
36484
76758
46187
32684
839947
116284
2648338
41368
109426
1404953
172527
92949
28459
853605
99904
44849
358426
101057
387670
62882
76574
32066
159687
619016
109215
169710
70648
42920
35123
25612
36610
108380
66080
195987
28708
89359
172043
28236
100333
127119
872814
157325
1216191
2237475
26907
85260
439759
49829
84529
56617
1975047
148766
1081546
179720
211630
731011
1460713
260529
68649
86918
4272653
13318
94345
109581
620986
487583
411468
18878
49039
27145
229956
123882
5233576
2542296
1234788
79799
282229
162798
135127
3221411
4848452
41080
44623
665842
12779
57672
1696383
37202
2252593
41248
509560
39358
49204
2632092
159208
42694
130766
265847
162971
797735
84794
106219
1142473
388804
1066656
193839
67682
7655791
400592
35293
79140
57658
108836
84246
159836
352412
82710
48783
20502
10647493
115776
99919
31804
53249
312537
450803
604861
344470
123629
97881
28312971
52517
653611
60583
128877
51515
5760191
423058
25889
352430
226209
508013
238293
350726
943041
225097
4855169
58050
327567
268415
3716749
93798
2174258
128884
91199
68680
32817
211216
31649
38269
245504
1909587
142756
154570
50180
21144
107676
1278322
708340
1106180
1058059
29531
42751
494085
402292
80563
616127
202330
148882
914387
40046
2722449
839161
812382
111985
350643
32235
125154
280198
950060
280280
161724
34481
63819
126105
290222
956091
93993
66555
264174
4681285
9206093
34265
150230
33610625
174799
424784
484125
242475
575788
2201194
1437248
69821
407728
1401605
64044
743966
43404
227963
247702
213478
41917
175772
196090
327660
1679486
28966
6250392
61305
6929726
79882
131820
44743
1323221
463209
183223
484481
265593
3043629
51195
67651
98331
85232
290758
215206
57858
43295
360193
175573
53149
292991
333528
38752
103023
224257
96790
262989
274822
13777
145648
161317
52050
1344014
250717
3228800
9367525
1569043
85568
20040
167988
96907
126378
55323
625884
24229
478311
174472
69179
222245
28273
37535
25591
54465
116357
103415
114745
36254
126121
1695433
1047972
17371
45961
163763
326471
293463
39905
31453
39969
428268
68256311
82882
100472
105507
29255
31141
48089
403330
60093
567502
50918
74638
204416
53067
158486
64997
62847
1112286
78876
57432
616131
154201
853456
32666
109221
96419
598504
72251
775437
1392617
148697
131309
111413
65913
53974
26486
194826
4333134
5373757
43275
61216
4449306
104647
108556
57347
52996
1552040
406451
371840
87387
269777
775654
53526
143410
430038
123644
140145
143168
45999
1858636
33593
40729
2277428
99386
14306
295620
79137
891581
93798
1156679
448727
93912
82415
82585
953345
89540
29269
232285
124982
2696800
88625
15178
598747
41196
53882
56474
307566
88864
150386
524938
62345
372010
138263
79338
553481
59280
67033
33356
287558
4249651
178040
100220
523136
113494
351500
187568
39111
72570
48136
12107
73099
56381
169297
56990
30241
45495
349097
47801
647365
1132783
53679
19215
18287
688507
53215
49064
189788
431122
6229155
2457805
216283
122136
135279
40681
27944
97339
167272
127894
1841841
210161
62275
59544
29459
43170
124002
340619
235663
54554
472654
2345200
170744
105412
769164
52625
25208
217275
33687
45531
119208
1571627
21214
335395
46002
52243
187838
145085
322821
764284
720068
24932
273472
55318
143946
1668106
168971
104388
146637
230571
554744
734380
30651
202098
105655
267580
3788605
1567040
2825621
313977
731402
1360982
49564
124441
15452
163747
553631
51041
20015
154983
136155
82554
7384896
41362
473841
48062
271855
22117
462790
15495
90370
1375728
35244
38565
458410
1997620
73368
14296
663228
56491
112397
255967
76043
440513
232639
730513
1444165
5103509
34226
100091
1273053
353119
145297
51514
2216175
832310
86363
199957
33931
740838
243943
112272
54113
485999
82138
182336
38020
53348
424448
46009
775237
435228
518533
935999
5456616
64358
105322
539674
58296
68538
139859
584523
25896
349060
3234655
44704
16828
83567
58127
67993
85726
1048367
69690
1840478
2542079
98571
3221891
28928
52375
218383
1894657
128366
174059
181073
188685
1278954
165002
57204
113143
57518
53303739
24585
55369
1352791
21346
41771
105859
141853
1087111
711358
41993
457716
26059
248996
51363
175788
542401
23261
79828
850110
182886
206770
150336
60957
862428
698690
299363
116832
430446
215838
156725
84277
50261
481898
796804
115387
170545
325241
151674
30110
703944
92234
192130
56225
36476
50458
46363
43841
42848
253642
44838
108550
170409
439603
162598
463108
30906
42018
75067
1231671
62604
94429
117710
692655
103051
238133
88679
329993
1063693
100427
46075
43591
87924
229067
80559
3461095
668253
43102
176060
166565
37207
41027
262062
2462514
1742273
776332
3918032
856078
103181
166086
35838
100910
93633
51221
352876
155303
2575358
64763
34170
44278
39938
1876309
48117
1194261
190628
56007
112791
699779
78024
458884
711562
252587
233957
1079303
127054
4936420
85566
291688
34661
85286
199029
1654387
697778
92974
175829
168445
1764420
30847
43375
418503
222307
226689
517892
173512
101116
236795
204602
631718
129821
50863
197401
97558
21377
333721
317806
12986
68424
72143
841698
293152
184846
49995
109175
453048
743360
116930
279753
125871
569039
147747
103889
33369
257894
193172
560615
981724
771515
333748
100510
231728
68886
2180446
98876
50707
36814
5728708
214338
1734339
75336
1669566
30765
350755
1377260
35831
189587
87363
39599
168773
44300
422376
58139
66988
255796
36728
157761
85674
491761
40073
1217132
62229
3586454
42376
34546
29120
32142
27874
47896
244704
28901
256211
39647
138019
158554
45533
16169
1228520
48722
160388
149472
2325607
27653
26331
345022
1108938
71291
447888
1722426
93347
71738
73179
66885
144350
1854072
237598
60175
38558
272436
346611
41776
135590
123341
1075963
61647
19032
1775273
379666
118767
99808
42236
56631
198386
85287
6449776
172579
43644
411406
125197
129893
41969
28160
1505570
201801
15512
422214
315442
93856
842663
48486
36464
64136
1761004
34480
55245
19074
136459
329576
144412
31538
1736716
34810
68298
1615153
602879
117825
230790
209130
83865
621831
58058
1239031
350701
27797
13050130
77729
145115
3830855
76434
27266
115283
131891
3623800
57387
2188472
28605963
72906
372153
176345
1785903
33685
164922
131214
81824
121726
920012
1548676
17948
34928
194979
70550
80153
33813
12771287
289805
30636
68198
100766
5122667
43017
113686
313210
60077
213724
34388
1536831
56862
118731
51457
345624
119324
53892
70837
809256
64345
73542
1971737
71571
94411
564230
23343
46470
147416
220340
1296116
147490
5119311
123181
5679768
34106
28220
85226
219305
2012659
375943
232237
43842
97887
21298
42188
2342854
81843
41641
37977
165650
36484
49889
384020
14615
395795
214136
83356
16636
13103
660995
1166639
35906
28849
263854
39101
1634531
954093
69856
814051
147833
530490
104141
320751
1806744
130157
120443
258963
121091
35531
360396
928143
349185
36362
173048
58131
208508
61505
220198
36381
94055
96665
1337421
465665
116300
644787
588578
1415840
53753
47446
640542
2503129
159633
7287617
5308953
69557
110698
47957
25253
40340
44397
46165
60501
60318
164593
107857
21515
3986555
224700
3206596
455599
373592
441414
77533
1062128
174093
431237
136700
128178
88574
163972
5275044
17546
126987
58072
38763
43683
3836137
514799
60859
184546
336676
48243
1779160
1560407
212649
4594463
76646
434680
194195
442114
320054
152774
34184
21819
468291
33534
308219
842615
123006
167728
2178021
2344059
71835
563583
7024860
30706
5774051
93182
108828
6115827
2060664
3459327
104360
53425
171592
210117
4944791
45019
247171
115052
1757723
42162
279586
895117
212225
93075
840811
105252
41068
487823
72943
54657
34009
125974
38777
29931
23784
101665
79855
17645
79174
116748
100777
111303
169749
104824
186997
383982
602100
365939
416991
606276
431585
77050
108496
37814
31433
174585
38404
114337
95247
3664674
25444
34884
346872
7543218
360905
1594844
60310
22559
80983
397858
1128882
605090
31352
370957
87958
817511
302282
72543
122214
714763
15849
103523
72216
2497511
5600530
2101416
22572
62279
285784
39584
37422
194071
23618
385117
85788
2682126
45636
60648
611344
171225
853875
1918376
132961
476580
3469307
238336
18668
1353724
119466
37595
19638
1276965
387010
20078
37170
106201
50461
232117
85891
348245
17215
210567
895991
589647
952951
2102367
1471952
234719
202837
4092169
98544
169952
96563
190111
106646
106038
32833
75727
1053002
90569
46677
1134971
34678
2787063
548871
86013
28050
38339
1250022
113822
102396
21958
183994
57279
6607551
32396
34893
41084
24201
38089
69626
39413
184369
1369322
85829
212821
182434
95398
30604
428473
6712710
927576
140874
884723
206387
23072
36325
151545
99588
485502
374363
58582
167400
97039
42822
39219
76909
246010
20359
72895
1347819
170019
69734
94975
93983
144126
80784
68945
762072
97365
268733
75082
90193
123763
3305347
95846
71892
258362
411871
50916
184381
96924
157678
37460
39963
628951
1463268
1587609
86624
1210152
53642
1131889
43867
2227673
747522
63220
365421
375381
63636
3359352
25966
345944
148037
249979
376866
296722
2001160
800373
34976
47995
102698
72386
350484
137205
281617
41689
82003
51276
771127
380543
251707
14076
356814
58443
80687
43813
160158
177521
14233
666412
187935
30454
246930
22046
66321
1656192
137297
49457
56798
97397
630648
52509
246047
875261
283927
85683
74701
33114
26619
22050
414652
45710
223908
5066952
8175148
2509300
61602
350464
50575
758159
227549
716947
2590515
560652
61931
262246
35206
64820
33336322
38033
93461
56160
45729
90109
583825
67491
111496
36392
48709
189886
145757
1228964
38927
125200
240460
87415
19195
649566
50243
43281
142436
18540
61692
254673
2066178
33096
41232
738106
1350459
945431
18375
112336
176136
77289
68008
3527840
72431
230647
34731
93415
14132
138559
82139
53272
70658
560926
70415
6906523
564990
4603150
113158
139696
40215
222232
1952234
115773
725629
3460347
69013
243897
37385
627293
24074
125474
1453993
448127
6670010
223733
156780
22241
92052
69874
149790
51520
209182
87595
43466
105108
31294
202368
476832
58378
64322
242413
835609
16349
716350
40662
24820
84650
968255
95684
184046
166513
86097
87102
1228569
748574
92294
199156
121705
1433923
28133
1127246
31738
31532
28979
30505
395900
22070
72555
80453
157007
139428
2047325
29239
84180
24213
41127
48635
399804
2284652
40134
83221
17233
439420
64290
43751
130177
61142
267298
82339
48113
31094
3733903
62298
16109
820431
209268
242703
1367491
989911
43750
2508415
202180
35048
78009
277210
5135624
67824
50183
19415
220889
280978
613307
783429
38174
49766
40447
28709
630907
211540
40543
485697
33274
161833
122298
1697493
89844
810171
43447
65592
96344
282259
131135
29952
128560
60257
361681
145449
145406
51234
206687
112450
273100
1099773
758240
101197
2743079
136092
649367
267256
183435
1328214
282928
1887550
1743215
21373
158487
42867
43992
257505
123950
312743
213628
502902
378220
42438
4826442
164454
767686
31849
66128
371677
81989
224963
708643
636839
710069
11877093
240545
80617
67405
59872
64665
7755763
39093
46320
124635
778197
363251
177197
211697
695072
3563795
21864
765150
31152
1095890
31052
388422
664767
20899
11304260
41523
18168
6338411
29160
53056
39680
916252
2244366
84998
242816
818082
63306
51442
1039968
409968
86505
2422541
231137
793430
133091
492474
607017
67787
48689
116440
128297
99813
138611
178152
74738
81391
874838
86890
2007512
1563112
3807927
209332
2218150
603917
58871
48489
45169
7972615
63594
188372
48486
67750
82052
737860
228619
147491
292815
104052
40678
466997
35891
2298979
33412
1159233
78793
1267400
18206
7934906
21199
83686
99201
182316
1443959
143346
301581
815217
338562
209564
26064
63068
70705
72512
62225
86538
177705
158154
647098
1709419
6342257
270670
38431
255335
37466
199026
198993
49154
65562
93636
1541023
3373288
24189
19749
446545
707503
21810
573297
58840
376416
199752
44372
107560
56164
483156
71321
603885
1050489
4416914
81594
82316
11289
155076
35224
149436
408543
33598
1477869
48814
259668
125795
371683
780782
35613
433959
11370537
117674
37415
4683300
196031
134892
340507
171552
58144
216016
860285
776214
121961
368403
31660
1204355
381640
13918079
82297
157292
5619442
89456
3520059
170469
126330
12903461
32235
73700
79476
89833
18555
103625
7776050
283336
988579
110182
461985
55715
68476
111737
1174046
401502
159749
6056372
305320
253191
226373
163202
47448
31266
105336
16333
19054
127376
670365
1786037
269771
93757
33802
112212
629157
3136602
870265
53007
135247
93277
41223
79183
28173
1036716
196840
58085
131934
20843
1247952
72794
37095
15054
98717
1243806
50687
88884
78036
344091
767012
49921
157524
47907
67476
53921
38045
508470
28277
138822
92216
42581
78143
99490
87664
6587922
282568
498193
38196
99633
92734
152190
205319
43773
31371
1537827
80517
1870981
277982
510954
1381263
240880
347364
311061
211598
99219
148204
2281508
465288
54931
548427
1473968
221283
34229
874525
1142761
63720
533078
47897
876625
827892
2109081
522517
1086598
120141
800271
37493
32110
150602
243164
9193361
94586
52819
87878
1613099
79333
1525389
61712
132745
45390
1156444
75783
30020
827842
338898
42345
4527955
50865
188463
26895
768546
57925
60188
149265
1028930
29004
236633
67311
252580
42617
108301
50150
79100
70504
586876
214546
64994
31699
155237
50010
1289300
63741
27155
119298
352888
161695
946340
1050320
75461
50371
34247
30742
127379
149895
55379
20051
18182135
260675
190936
55295
92014
101807
15045
70994
34039
44726
432126
212038
2124262
49793
367433
125340
1341710
136659
48239
85859
833480
11735432
614043
67892
4448955
72627
89253
319846
18034
95191
1122274
63854
610037
212442
986724
1288902
66046
97071
102359
30108
522560
164177
75858
75887
44212
163080
148582
1690616
353072
1726435
44754
341313
273555
133649
104159
123623
56870
2494123
213930
51990
26398
20675
880697
150626
130076
102565
12744
416178
439879
119252
12797038
56309
214884
44538
30196
357128
76573
378447
157716
198376
626398
82643
133274
2392613
118970
127393
149641
43033
63319
39325
33760
2985305
344071
1096860
1604186
563953
157634
64679
120097
37125
51851
231065
60364
65281
2044070
2031710
65124
46524
181959
228251
276170
284529
183867
1532635
87119
97781
671666
995243
227751
75990
484904
27554
268520
71186
5206596
60696
374050
183698
356744
105827
19891
164211
18376619
56896
246166
224445
447074
21063
27584
673532
42235
380699
49025
69086
76067
106238
45363
37963
79710
119025
272621
108405
1317605
54654
37032
115125
31190
93865
3000834
117552
40347
49610
192357
82058
1041416
68689
343203
45569
17922
97844
13818
2507300
1165294
41172
160743
70779
43458
116091
134255
11074119
169708
63067
45315
246559
64365
17080
112458
266893
81883
327197
104838
47555
78759
73194
681841
1062057
986869
219928
67799
67681
23835
98043
648443
516898
128410
746327
68953
404252
499687
1859317
26383
1372027
51809
162772
75396
37372
199255
822368
282285
33124
177444
117006
142117
3823241
397421
41989
63916
428733
1280666
676881
816838
108153
22497
314659
106250
366100
34165
363402
1034868
48387
86844
29675
261578
309570
89975
322670
211116
70854
238027
60739
30100
81544
100379
109423
42296
1531527
54526
62740
132084
206871
83491
70771
63805
28362
14708
282604
193020
6181950
128825
22023
820989
43509
2578539
7036172
96077
218292
10244897
440266
101048
4137639
45505
153428
45482
105132
29193
391121
405219
201171
3368708
53033
50637
76295
108243
74098
68256
252173
74059
99990
69791
1585520
66652
1508852
261311
1345741
73315
42306
105619
409549
111688
26730
330818
86865
674845
229221
838896
66007
91817
104794
103464
245501
5793700
169445
184515
1344139
239605
84530
394012
494004
57210
868040
73996
145389
37529
249025
76879
107392
52288
102206
78217
200078
1371366
82617
856643
241276
49394
211851
219035
431741
134951
1034446
1045844
48343
283467
476373
905041
42769
60012
244068
33031
45532
68202
4106259
37304
128371
651352
120380
43903
2749810
59866
23362
358231
148851
107896
78827
1357493
137981
48465
49125
122543
42050
33328
38843
158969
48081
79203
136820
82929
308895
128731
24584
9342313
71955
20108
43149
49779
2350085
1686450
1454173
327715
76603
98848
1083139
181952
324819
28002
35597
183031
32379
46407
215727
210146
228993
1888601
166247
41374
1068031
41947
77428
56135
110206
203551
836328
136674
205473
31398
87833
36936
1702596
852632
71508
789634
54397
61165
1603850
50844
34962
100674
307984
39196
134200
82233
110953
51083
8522139
170472
178597
220338
89958
93977
277698
71433
45751
69234
62036
658698
191802
84789
35963
1188286
41804
121438
181207
48282
67168
2879524
333845
221456
39018
64887
67188
1251800
79872
28666
53924
25545
29625
49028
3294991
88527
40465
64217
70325
38759
156968
50486
285392
70322
307997
458919
2481373
403056
30604
50256
172604
39724
37369
42050
1208176
307606
16005
60387
331636
1096179
234697
578189
341518
984632
138805
33347
769541
65247
355529
1061835
4395013
464441
872513
242221
136460
2730254
73190
612949
110407
22541
103929
38713
79520
1062453
43961
79704
118710
190888
73228
43241
309251
242857
1057762
644295
26399
693119
53673
363118
32752
95090
894487
273305
291119
442379
1467087
298374
2160170
658577
69639
70865
141399
41924
84707
727781
709635
80208
113279
2984039
54291
72231
159786
218567
204758
159739520
1192823
150692
236104
119557
4039184
41424
551326
97329
61783
48891
71222
368754
97451
30002
57234
169703
60337
1219235
228011
81998
2409594
255678
72414
185874
2702583
360780
94132
51830
84111
136072
1433366
32858
89499
31862
110618
287637
33332
16937
154782
39333
203966
862644
86951
40040
70901
810484
17679
21622
69796
70861
347015
160621
759747
930178
157355
188624
156275
35400
773029
226284
39116
329462
28873
52052
109524
387854
330087
115976
2953283
44704
76725
114568
65404
223317
365087
106179
222471
1188210
55860
147739
31204
2376174
1299044
128317
181012
111798
180614
50373
157657
225449
1216052
38315
331154
61660
25880
16234196
435859
42451
67022
57907
1241977
83707
2436779
1551416
20541
1535767
114418
75783
581716
48705
98004
200783
127631
973360
97205
1349069
177321
93887
144247
87852
55247
1169457
82572
208135
74605
42646
29648
48873
66820
686091
13041883
393309
114562
290320
57609
35753
244157
76570
177251
34431
25358
155647
200159
342304
65267
327905
527961
24860
681527
47152
305436
842948
55989
103033
109506
81809
35382
214259
58304
45363
2891334
46740
55776
2249467
85582
306773
43779
100582
316186
3870543
161254
3408821
111768
1525682
35520
1400471
110937
1304382
69724
22138
51163
236123
577552
42482
63538
60259
77949
58806
110008
61378
2251566
613641
321118
201397
2276856
366104
175840
100956
58891
221029
444531
50204
32236
321200
34718
60157
118292
75097
78769
35297
64704
81028
1620551
167238
202156
40927
95451
38103
185344
744435
140235
299976
76003
42135
914728
133104
211365
685812
97705
355940
543210
33768
396985
59299
1392819
79740
2980509
50675
48905
1349361
2898756
195001
118628
714012
44631
67765
1022675
2114365
186988
264053
40634
152860
94346
301015
128467
204851
57226
279328
351345
122943
226096
46147
495044
90799
63466
421893
1118880
670871
56943
1873942
654504
27472
33595
78530
44249
115613
112225
191476
1971744
190915
67165
160767
145106
350741
168073
374678
607783
22964
1345501
2734840
34794
1083186
49846
243618
399182
37523
137808
62351
32986
592610
64620
54929
79342
40582
24779
184320
2577667
4471840
949976
229218
47426
34508
32996
168330
58591
91894
1100985
70228
66111
126971
115095
104115
881658
95150
161035
87953
18673
28626
291337
50800
51331
1099487
67659
117773
768532
51746
34137
7388798
25123
70070
141923
169974
37211
635130
2282304
59259
146276
194770
51289
43238
138527
1219527
58396
24962
415378
685558
109215
21040
66576
100616
295429
30147
140823
4467836
355443
35987
820670
60103
52483
30702
56416
2766220
2297672
1995947
1187357
61044
46551
40847
2519726
79232
14161
43449
57943
60758
172315
206461
63517
192145
48623
29288
1951037
109439
111899
50268
129228
187233
495439
1170294
210372
109620
182047
286565
249687
3207068
2240383
459419
19568
13193
164546
41565
70046
55430
264155
4571504
1386937
179761
69041
66075
22332
38707
91394
249061
368459
313992
31042
471810
87603
50654
49418
84170
29642
149940
8016646
37326
2502186
442957
128561
50357
155788
294126
789854
67442
199340
69452
48373
141038
252126
90966
34241
39605
42861
169735
50316
59249
74422
83381
149278
207251
68959
935462
165554
129047
449656
37591
8702457
230839
116483
251480
74945
18013
164329
233452
69689
69753
125812
50096
49120
26333
5954022
53580
289919
256423
4157575
107411
72748
86926
33449
103574
392849
693119
696681
1785824
311810
211875
2319839
340684
43916
110501
201241
972816
19496
181518
66180
803321
35051
32649
42382
1173566
771853
80521
186493
42919
216885
757318
25801
56726
804835
84458
1176523
212103
78215
66997
201224
381666
24610
863762
211754
282969
1298474
194361
131965
1695449
120641
98266
354447
60232
55721
809194
74358
83722
67458
67544
39093
98055
252759
30837
3379752
25673
7427915
123288
53173
24307
775468
87825
58562
178395
29074
211455
2649541
241312
101076
80137
29527
33151
108846
874227
235243
1841103
113996
22767
151684
62335
77817
30363
58283
558010
142858
160471
358342
390574
174841
50284
3707689
43473
87346
307210
213845
44330
227722
297538
25516
37059
1246176
23303
483506
27623
499098
329831
497072
89734
173296
149028
56551
1853867
205997
357229
17311
43464
303769
336609
928649
54081
23113
34783
915805
242203
195723
49656
54749
299065
3607520
48403
43462
442163
371526
28484
2723667
449012
88423
95423
527524
602467
73125
20104
31241
42336
93799
78646
60487
138294
4157465
27685
6560227
8712903
213377
58578
60299
79696
18028
250963
216632
33755
169633
484531
303904
356831
3097310
46673
82574
66164
50614
25676012
7372275
357376
138582
93189
812582
945312
460222
227069
31332
218085
147819
227021
31005
2479651
1704465
54682
289168
299245
174485
91218
26614
103135
1763814
430908
267614
100629
630124
36839
94757
2627161
640862
143426
32400
387605
919535
61808
39039
22945
15597
419598
85351
5150874
22192
35928
182862
613136
26312
1367639
789513
148024
205115
164423
135419
648875
596582
106027
389236
26950
160959
43425
395133
70566
253037
1240106
110863
3289851
42203
225910
296819
454049
104641
442281
66908
891090
41240
130092
302728
81085
3167377
57531
251241
382408
185777
55962
211449
231537
394144
301067
804019
1397463
793368
776048
84613
225685
322747
747711
156739
376478
79979
52351
775839
168855
353561
211371
482562
73052
190108
126048
520944
40141
73385
5291622
7058172
364982
104251
1450323
94707
172701
54110
53070
47717
60877
456254
12828
83314
671179
673763
491968
5613260
86597
569226
701096
152787
544348
1285102
284495
93115
1568990
138093
27960
87029
210332
16748
104413
34855
24695
144741
1322919
313227
451598
106877
867930
29963
33891
11404
26930
37398
44911
36607
769558
178706
4358652
118223
253333
560780
272408
371547
1288889
2364569
41697
2898317
1950890
54128
322146
249878
49327
703155
135515
37071
56536
1196601
540615
153284
83933
631371
174058
44794
203676
79039
3171843
48529
102156
67113
756604
154161
272316
23530
1350274
2937660
272979
85903
178831
382023
114473
45747
70538
391603
110127
43289
262281
285822
150829
53553
3129935
381553
72933
47625
283231
42160
1652447
137921
185364
2071703
175391
58492
73110
177830
3267181
49834
190339
50293
99886
19913
21099
560623
61715
180360
21903297
3009373
2570766
72504
4458406
167929
1644633
125553
84041
3655868
273845
109115
44187
200005
3074304
754126
155091
70556
4461711
3685129
611488
97535
57926
22319
841340
51974
42979
37688
536198
23218
3938539
312917
2452358
10141201
304246
78953
38758
109370
1829897
61208
391818
107973
75823
93766
108884
147399
4823015
102861
94265
32475
1016443
1137021
118255
583997
440479
2511084
30680
154727
686991
8796055
27909
135881
22427
162053
3423764
2573438
487107
118077
250065
30273
23761
6612734
1043554
262608
124204
2584567
3862185
33660
57446
1754686
437853
578293
75883
144790
25293
5972313
53328
44187
80432
3627988
60080
117038
114150
94356
139591
21589
21920
28337
334140
3246576
196003
128684
32954
87300
242550
8487518
19444
45367
41153
5182671
45422
369700
75643
807464
83548
300416
91487
3010487
295245
752505
2578168
42420
396605
1085403
94525
75992
26085
821921
65462
208163
49673
38116
143742
713422
74133
249770
11329387
70155
7604589
633364
285807
213884
475688
12596
297445
26771
33726
4629736
231640
128043
18242
49216
54028
740665
365763
174943
99988
71691
23534
38285
157444
70602
4446637
50386
76833
173416
28743
367895
29218
194800
81869
73939
312803
75509
69187
26240
1766068
75574
436347
42756
209174
46398
148434
151792
648098
20691
28214
45111
65557
33047
369633
86068
203533
353732
124625
40193
46449
268183
263564
38566
721771
66489
1640065
323115
58609
88586
175222
40613
458627
34985
240651
2338660
579803
205169
60987
69528
33052
41324
17913
40944
440786
134463
51250
839184
896269
61630
114038
276112
596741
75266
42688
74864
118314
1101093
307269
216581
52701
88686
132065
71386
8402930
412934
7756541
869804
330426
64591
38952
217856
82028
76619
6800747
2265903
37428
160433
184181
63015
756328
68986
60898
179161
324862
273646
249546
46659
20714
246656
54511
176679
5903143
124496
27778
546893
2328346
297517
1737046
118905
261868
1599579
155564
15311
37990
