[543589845, 1116368670, 65535]
[2522513200, 4294967295, 41831]
[2454068751, 3905144228, 65535]
[3185384938, 3894998725, 65535]
[2521905059, 1150167426, 65535]
[1150193849, 4251111563, 65535]
[868249418, 4294967295, 80]
[1294865954, 3380591910, 49481]
[3893175831, 4294967295, 7713]
[3124290240, 2496386978, 65535]
[2607437939, 4294967295, 59754]
[3032573494, 2131261099, 65535]
[4294967295, 4294967295, 65535]
[1150168411, 2496197577, 80]
[797599050, 4294967295, 80]
[1150197200, 3895645502, 65535]
[1921838141, 3908777051, 65535]
[1150194028, 3125532327, 65535]
[581216910, 1058768290, 65535]
[566149423, 4294967295, 64722]
[969417419, 3045362015, 65535]
[856625850, 1066650573, 80]
[969078170, 3457695658, 13464]
[2247037761, 4294967295, 80]
[3145149094, 549536714, 443]
[868249366, 4294967295, 80]
[3463743104, 3457728033, 1935]
[3226460422, 4294967295, 80]
[1296789850, 1041448054, 65535]
[2371163346, 3907275064, 65535]
[2254679034, 3457679880, 60194]
[1399809816, 3463482350, 27829]
[1368311644, 3905144228, 65535]
[654923427, 1063256098, 65535]
[1063863072, 4294967295, 80]
[776426386, 3445767421, 80]
[3085294662, 772528858, 65535]
[656992357, 3907274826, 65535]
