1255
1450
4675
2045
1253
4035
1086
1671
3522
493
5276
6079
952
1407
3069
746
1593
4601
2206
720
2227
2842
1810
1151
1275
805
1712
2300
4954
5363
1657
3429
988
1988
1351
968
1769
1392
1866
4812
956
529
1982
4949
3495
1581
1175
1730
1716
1827
1232
725
867
2288
867
611
954
1042
1090
3745
1676
2474
492
2030
1268
1046
1588
1130
1475
1437
1063
5829
5034
4759
2735
467
1175
1086
1439
2171
1143
2410
1202
3422
836
1195
1599
5407
1003
760
1684
2528
969
2401
1182
2769
1332
2499
711
1151
1779
982
1246
6610
644
1578
1356
1409
2430
1949
1255
1315
959
1269
9781
2336
647
1044
1236
602
4447
925
4959
1654
4592
1050
1195
1646
935
1388
1874
1591
691
992
1426
878
1709
660
1771
1543
2341
1230
1198
2103
2748
1838
1152
541
2429
1644
2310
3477
1528
996
2395
1992
1473
1919
3031
952
1328
786
1192
3138
1374
1344
841
4839
2016
891
1001
2678
2341
989
3176
1320
4075
2812
1491
1203
6264
2513
2090
3425
596
2480
871
1792
1150
5640
1173
3074
2050
819
1267
1377
1679
1549
943
1454
2704
4623
1871
3117
1986
4224
1445
2991
4607
1287
846
675
794
1720
1543
772
1123
1135
873
914
1538
2577
670
12600
2182
1044
1821
1588
1250
3783
1389
1480
1139
731
2565
1983
1221
677
5234
4307
2726
2997
3051
745
1096
1726
2754
4838
5368
1875
1006
2278
997
4442
2479
1639
748
1314
2884
2989
3081
795
8126
1003
2071
1437
4429
2569
589
1768
4371
4045
1736
1144
5153
6454
2898
3035
607
2795
1257
6497
731
5131
4138
1118
3501
3272
4592
1034
1052
1289
2590
1930
859
547
1164
1255
6872
914
1614
3114
1213
2030
2079
1519
4452
654
810
936
1865
1406
3684
2733
873
1909
5028
1806
747
1145
967
1142
1294
6616
1618
1625
1111
998
4032
1210
1302
2976
822
2069
761
958
1627
3314
759
1198
5981
2474
3664
865
1371
3113
1642
1302
2333
1760
953
970
1485
2622
1004
2688
2706
1087
2225
3245
1314
2977
1042
2192
1374
2422
945
1561
8693
3008
862
3989
1190
1437
2243
1546
1195
2447
1284
4343
523
2278
6441
2759
1313
1984
7098
1428
689
1824
4281
840
1634
984
2607
1879
1946
946
4755
936
3686
2632
1006
4575
530
1622
1229
1962
575
2339
931
1882
735
828
1301
903
1886
3852
1837
933
876
1889
3237
3147
1268
627
1248
1450
2554
2296
3511
791
3187
1083
2686
1286
520
3106
492
2444
1076
1237
1209
577
1536
1670
931
2316
1526
1144
5414
1501
1667
1292
556
2545
1297
1104
5092
1202
1757
1435
3210
1449
3007
2513
1952
7570
1058
1328
8465
1407
1384
2109
2204
7119
861
3157
1113
1600
6169
1989
1853
3128
909
2751
910
2469
1726
857
2751
1109
2242
1755
814
1837
1439
1744
1165
808
889
1009
8869
5564
1075
926
1847
11096
1741
1143
1439
3862
1275
1492
3564
5460
3143
1221
7565
1745
1156
612
1353
1242
3284
4472
2488
3113
2553
1225
1294
6839
984
615
978
642
669
1046
3021
1085
1363
1812
1139
1051
1023
784
1829
4379
1654
1919
2207
2214
3433
4749
1283
1665
2182
794
1412
2377
1845
1149
2733
937
1600
2940
761
3320
1257
5558
6858
1612
1166
2632
1905
2108
1739
1937
1379
1904
2430
2522
642
1409
907
4972
922
832
1118
1030
1134
909
1090
1546
2277
1538
3585
3178
1322
793
1407
1141
3964
1806
1506
1170
1629
2024
3235
1427
2450
3130
723
1299
1278
2193
1780
1082
1057
1024
864
1911
742
2222
2547
1213
1858
2581
1184
2959
8478
1958
1978
1096
4190
1458
1936
3793
1835
799
1956
1634
2518
808
755
1774
1681
1582
4505
6061
3047
1278
1112
1453
2335
1294
1560
1265
1443
850
2392
1816
4762
4967
2865
3855
4475
1130
892
798
4119
3178
1006
1016
1328
4437
899
1980
1773
1645
957
1787
3935
2261
1830
4273
18215
2539
966
946
3276
1635
2948
1382
1543
15091
1455
1659
2765
2969
932
1402
784
1331
1711
849
960
1487
2866
2218
5335
1196
1450
1740
687
1656
2182
993
1270
833
951
1061
1131
695
999
2989
2407
1845
860
1194
3334
1720
2425
1739
1184
5155
1528
3778
1268
1407
1663
1278
1012
1265
832
854
1280
2091
1508
4229
2877
3936
772
3395
900
1239
2367
16406
1702
695
1710
972
755
1090
629
1894
1401
1347
4946
2318
2283
2046
916
3192
818
1687
1007
3847
1521
1403
1132
1761
1130
1660
1144
1362
1417
1116
872
924
1304
1361
817
1033
2146
1436
798
2294
729
1258
1028
758
804
615
4265
1572
2377
6005
754
658
1117
659
1759
3900
3468
1803
1082
5831
1018
3410
2035
2782
1260
2393
942
1574
1145
2455
4753
2330
1152
3707
2490
1029
1450
3613
2337
3518
2447
2404
1876
2151
1832
817
1681
3672
822
1818
2294
1894
2924
3168
2889
789
1351
2892
1125
611
1016
967
1521
1167
584
2453
1628
5897
2841
1342
1736
876
1843
2830
3171
2100
1974
889
2240
1850
2774
1829
2054
823
1253
4544
1064
1251
2262
1475
2409
1436
1656
1510
1615
3744
1149
1303
742
1111
1164
2335
1090
1205
908
611
1298
1608
1310
750
5551
1439
1738
417
984
1762
1189
4520
340
3826
4918
1339
792
2607
2755
900
1009
803
8442
606
646
808
965
1192
1465
1274
894
1765
1732
792
2154
1033
981
1170
3771
2526
6279
1549
1814
1282
2836
808
1918
805
1096
2309
1014
1252
2400
1652
1638
3892
1153
2356
2694
3788
867
2202
1058
7729
955
719
3198
811
607
2402
1090
1356
3079
2022
3195
3836
2094
1474
1904
1094
1630
679
1682
2400
1252
1184
1616
1264
2208
1017
2073
1011
3045
1101
627
3500
2860
1592
1706
1212
3679
1964
825
499
1745
773
1663
1196
1904
690
1035
1382
1095
1879
648
2127
4174
2777
668
4240
1198
1796
1391
4680
1256
1181
1845
639
1340
1581
842
1917
908
757
3084
1757
1309
1762
3512
2839
1184
3247
1681
2654
2124
2490
1030
5509
1088
1408
1071
904
2501
1174
5330
1091
682
1473
1810
2404
7190
1254
9481
7389
4200
1452
2829
2971
952
1565
1408
2625
838
943
1661
3435
1309
2426
2194
2511
1061
1635
3594
1033
2122
1205
776
3123
650
1060
1088
1051
2766
3865
825
921
1179
721
5871
1685
4854
983
4933
2165
145922
1963
2657
1360
841
611
789
1569
1824
2985
1290
1986
2945
1656
3489
1565
1930
478
1614
14252
674
2305
2735
1084
8539
2808
809
1390
7518
5346
773
516
747
1418
917
2447
1424
1689
1587
923
2325
6068
3142
1265
986
3179
1100
843
1017
3588
1092
1953
1156
2261
1613
2140
4968
1946
2353
1368
946
1169
1200
3778
827
2236
903
2583
1388
693
1004
1971
1033
1296
1116
1217
796
776
3026
1683
1287
4069
1691
1336
3279
7460
1171
898
1616
1634
2299
1482
1248
1626
1257
1111
3514
1475
1858
5014
4720
589
8158
3438
2712
3038
1623
418
934
3066
1375
1294
1244
2523
4052
1185
1499
1491
2282
1367
1092
1710
1123
2183
800
3027
2914
1019
1281
2600
2903
5660
1584
13993
1014
1478
2800
6845
2926
9827
1388
1022
7229
794
1671
1053
1359
856
669
1326
2484
643
3654
5084
3071
800
1672
1742
2177
2763
1988
971
843
1271
1125
1505
2209
933
772
2050
1453
1786
4919
902
2206
791
1731
921
977
1877
3492
2775
1812
1516
652
2362
7806
2805
743
2936
873
610
1513
1676
706
766
794
823
844
1737
2182
1405
760
2025
1489
1063
703
2818
1825
1882
1350
1871
1088
2627
1092
1098
2946
967
2003
1058
2092
1466
3173
5247
3650
2081
868
995
2195
3054
2292
2099
1285
1540
3183
591
1099
1558
1208
1022
7747
1790
1910
765
1348
1346
1560
3670
2082
1479
1543
785
7598
3122
1141
993
1415
759
2415
792
2842
2503
1713
2525
3475
2233
2436
2625
1150
1651
1033
3885
1592
1660
1179
2589
1410
889
2104
1344
5792
1141
7405
1251
1051
802
450
681
1852
800
2944
2493
2021
5438
1520
11144
1464
4600
3565
5684
3009
1879
610
1197
658
3417
1134
1397
1785
1326
1684
2225
939
3055
621
3189
3364
684
1226
1056
1214
8961
1806
952
998
1707
1875
4145
3035
1766
5126
1161
817
2364
821
803
1440
1178
1452
1943
9686
2203
801
3729
999
3785
956
3030
1038
1210
1309
1778
1633
1147
6044
1356
485
1980
766
1445
626
1626
7233
2146
2223
959
1946
1511
1866
2860
1045
1521
984
2014
2235
970
624
729
2824
1610
1156
1446
1710
1116
753
1748
2816
1509
2768
1317
2478
1763
2825
2992
824
1807
1520
1462
739
6151
1313
3383
1264
2159
864
1060
1294
1441
3631
7637
1087
941
794
4932
831
1886
1085
2584
834
1086
1445
6721
2167
689
918
5912
3074
3071
1291
3098
1938
2665
5537
936
4710
1070
1081
2235
3448
7210
2282
1672
1519
2043
1280
1648
540
5608
1808
718
1595
1275
1762
1188
410
5891
2701
1167
1077
1503
2380
2540
1286
2459
1731
1165
2608
6050
7022
3328
914
1023
4375
2281
1525
5546
1710
1391
2634
723
1867
2569
843
2602
2687
3131
949
1434
3431
1561
1973
1795
1181
891
2351
1383
1272
859
1127
855
790
2778
1516
3109
878
1081
2064
759
3007
1773
1800
2026
2809
1356
1508
852
3005
991
1270
1113
850
1242
711
1053
2078
7599
2866
870
2292
962
1413
968
1238
923
1542
3675
955
1881
2625
941
900
905
1555
1755
2085
1522
3439
3541
1535
4136
1064
605
6748
1210
3116
1402
1722
1264
1708
2240
1216
915
1183
1321
1672
6066
2900
4020
667
1602
3024
3753
1593
538
1513
14548
4800
1779
985
2514
1404
4376
784
5609
2061
1414
785
11364
2119
2049
1185
4516
1631
441
1373
679
2297
2857
1614
2220
5474
1342
2942
1443
465
1785
3629
4106
1191
2076
1804
1355
1963
1125
830
1170
1428
530
1641
3472
3179
1636
2295
1895
643
1342
583
2753
1190
2329
1436
1586
1966
1653
1163
2091
1585
971
712
1128
2584
1471
865
1494
2332
1291
3601
1878
1608
1460
2840
3937
1893
966
1227
973
2665
1548
1337
774
1530
2724
2684
1108
642
1509
1131
1225
2975
976
975
5708
1267
1949
1253
2121
2973
1542
4384
1276
2818
1741
3036
1498
1150
797
1821
2351
3332
3837
881
979
4145
1284
1105
2573
545
6544
1935
887
1246
1921
2165
995
2941
6098
1340
908
4896
2061
1179
1218
2297
1105
6181
7598
2456
1117
601
1148
1242
1200
840
711
1371
2307
2324
1358
797
1868
1000
2183
1534
2441
5259
1301
6547
1257
3824
4838
779
11726
1052
2767
1134
1881
873
712
2680
2349
1230
10688
4353
1239
1767
2918
2345
944
1143
3593
2099
1468
2451
10284
1453
1477
1395
631
3635
1314
2275
369
818
1572
1278
1758
1759
2493
8198
2140
1079
1170
1195
1886
3741
2238
1076
2718
3312
1014
866
2729
1089
1975
6083
1442
3036
621
1647
1576
1130
708
1401
766
920
929
2998
1243
1640
8853
1427
4960
938
755
6336
4495
1284
1441
1854
587
13789
1233
1107
837
2638
2972
1207
3857
1482
4308
2023
2079
1434
2519
3956
1150
1104
1244
1410
2055
2102
1343
870
846
8906
1375
6181
2788
4252
5444
923
14322
958
2830
2868
5927
2100
3984
1947
1024
1263
523
2612
1524
4174
1613
1234
2044
782
1411
811
1511
839
3868
1263
851
1287
8384
1364
2699
1004
10129
754
1133
1444
1773
1246
1152
5664
1825
2558
602
3873
2313
884
1987
1073
1581
1111
9123
2477
3417
1917
1321
2337
1675
1590
1705
3905
2235
2569
1248
1104
3454
3394
1633
1039
7810
929
1184
1045
1422
1969
1830
3084
2018
838
3601
3403
1562
1457
2830
1925
1573
3828
4902
2654
1836
1521
1230
2873
921
3649
535
2905
2151
1248
3457
2271
1290
1478
2526
1224
2510
1558
834
1003
856
641
1249
5765
977
2197
1387
1150
3191
865
1539
1235
945
1364
811
1527
4112
1856
667
1337
1489
659
1652
1851
1339
1109
1207
8098
1958
1468
1915
2852
1136
2067
3891
4361
2636
1558
1540
1177
604
1089
2411
1626
2253
1662
2043
1199
1048
1286
1752
1687
672
1597
840
1154
2457
4709
1303
947
1542
1578
1116
3255
916
726
1377
2819
1460
1757
1675
1808
1317
1530
1230
4306
703
1417
1932
875
887
6210
1420
700
1343
16986
1784
1125
746
1994
901
3208
1393
1346
2903
3385
976
1039
3223
1920
560
1899
2806
3814
1070
3495
1268
5485
2436
1884
732
2215
1095
2487
892
5414
1438
1040
993
1307
1382
3375
703
1970
955
1885
1105
2827
1018
563
710
1601
13825
4096
22038
3077
2740
1182
3911
1900
1644
2174
574
2756
1171
1582
1276
2560
12793
922
1922
2765
4437
788
3181
1268
753
5716
1056
1740
1185
433
979
724
3603
1587
1452
1986
1763
1671
1084
4093
1656
1154
1998
1189
764
2277
2292
1036
1053
4087
1587
1054
2511
1844
5030
1116
2288
1368
2406
2780
1488
1442
2870
1392
2908
918
1046
1642
1356
1882
2341
1184
1224
621
641
9898
778
537
2927
1573
1184
1012
1434
1360
2264
1984
1308
2247
2319
878
528
2099
1830
2826
1125
4168
1420
1736
3984
1078
969
2492
604
1850
3041
987
7813
1255
5394
2110
1592
4357
1025
1060
6404
2946
653
4552
1165
958
872
2165
1120
1895
2993
2272
3263
1081
1302
667
1370
902
805
5157
1395
1060
1169
1876
1460
2495
1360
1333
1490
1449
1060
1822
1051
2064
788
1222
3093
3379
5154
669
1076
2636
3324
2526
1342
1382
1833
1337
1425
1956
1075
1839
1601
2593
775
754
679
2874
1823
1475
1053
1856
1689
836
1999
697
745
1890
3437
533
1154
1227
1482
1294
1273
3250
840
2004
741
15621
758
5018
1695
2792
1421
1233
1055
2470
801
5096
1906
912
4903
3129
4409
855
1337
814
847
3960
1808
1614
2413
533
2754
1495
1330
1300
2941
2954
1764
2506
3835
3060
1392
3080
1235
501
4097
1634
1537
3591
2356
10811
1306
571
8283
1060
765
844
1331
1642
2936
1210
1505
1509
1413
1429
782
1032
965
1367
4373
1840
773
1256
2492
1355
1485
2181
737
1558
1702
1121
1785
3867
1558
2699
1884
2957
2144
1555
1877
5224
1178
1646
5262
1748
1212
1265
1674
488
2065
2155
5229
1094
649
2371
3889
1706
4412
762
1639
2881
743
762
779
1469
2315
1756
844
1304
2058
7558
1738
2077
2903
903
1600
893
1920
3397
730
9668
1758
1049
1787
767
625
999
1626
1007
710
5212
1045
1565
1328
1569
4580
566
788
1978
3178
2742
3601
1975
1055
1566
2391
607
2161
1121
2996
1263
2939
5142
719
544
911
6079
1479
3060
1346
925
2702
866
1790
2403
2263
867
1623
2362
585
4781
1801
983
1342
729
2398
2491
661
2111
1590
4942
1518
2353
1274
1040
909
7903
661
2785
3055
649
2656
2571
2141
2255
1408
1583
2163
2014
1298
1142
827
7150
2120
1547
937
797
1918
1072
774
2493
930
1429
1180
4276
6360
1869
2663
1705
687
1105
642
2192
4525
1836
735
811
1792
2093
1665
473
2988
2428
806
1945
815
726
1256
2622
3540
878
1132
5473
880
1735
811
4202
648
828
1501
2445
1126
1594
576
1370
1409
725
1492
1112
1977
1092
2927
1173
1495
2624
4918
1075
612
2621
2389
17320
2792
670
4151
774
4790
807
1238
3045
4347
5536
3996
674
2604
2254
1945
638
2177
2508
1206
690
5074
1734
1950
1535
4328
3061
1137
2258
2307
1851
14321
1989
2645
898
1333
5413
672
5006
1971
852
955
1196
2455
2345
1499
1589
1131
706
6585
498
3212
822
3566
2238
2334
978
3067
3216
1171
1827
838
3337
737
394
2653
3396
1244
5298
957
1603
1118
2479
3400
3090
856
5965
989
964
1326
2197
3928
2503
3366
1523
918
1260
994
743
5647
747
743
3235
677
1432
1824
660
2286
2800
977
951
2924
1110
1561
1729
6417
1272
1234
2714
1630
2284
1784
1615
6493
1402
1514
1072
3449
2151
4654
4135
8937
2558
880
3301
1652
1837
991
1050
8259
1053
1385
2090
864
626
1381
563
2737
2206
6623
935
1318
7680
1103
2402
3693
1298
1632
681
833
1946
932
1395
1989
853
2034
868
996
1425
524
1400
3869
1687
586
1170
1170
1444
1992
2289
3056
1131
985
941
1545
658
2469
3726
1266
2126
1530
2463
808
619
920
1628
2597
1343
1904
1879
1212
1345
816
3856
4586
1005
5656
828
1077
4191
601
3761
841
5823
2379
1451
1143
746
1956
6775
2865
1636
825
3148
2004
1816
980
4621
1355
3518
1280
1094
1089
2642
1021
1970
1082
1155
2922
1586
2557
1546
14461
1117
9604
3012
2535
2911
825
1843
900
1485
9252
1740
2828
1282
900
6800
1073
1303
1414
1128
2777
1200
1864
786
1059
2963
1063
5327
1455
2066
740
1017
1750
3347
2014
3136
6832
3207
2099
3248
1273
2845
1293
3170
495
529
2317
3324
1315
1172
4819
1363
841
1334
1526
2503
3113
2060
857
672
2407
3993
1119
1472
834
1230
1084
2845
874
773
1317
2208
2914
2144
1863
963
784
1104
1058
800
3159
1290
1556
1888
1169
2423
4051
1771
962
3464
1160
3478
669
1382
3228
1441
6727
1034
2329
3089
1375
7098
1278
1203
1523
2825
1236
1228
486
1709
990
1029
1700
2296
796
1403
2142
1766
5222
3889
1004
6628
1732
2073
3239
4179
1665
2200
1527
1159
1054
5629
2406
1447
1143
610
5572
1332
1797
1017
678
4560
699
847
2154
833
3755
7029
1223
1890
878
897
3625
1842
1213
21790
1482
1022
1884
4263
1054
1003
2968
980
1951
759
2562
1175
5587
2052
969
1403
1958
1856
3310
1456
1066
804
681
3008
2058
1304
1531
2230
872
3279
2758
5605
693
867
1560
4225
2109
12186
1015
1765
609
782
1436
654
913
3622
1485
4793
1575
3864
602
5045
1916
6812
896
1032
13959
1972
1577
2228
2363
2136
2739
3267
6703
2429
1011
1876
2084
706
2341
1195
1049
2992
1673
1279
1734
2049
1232
1573
1149
1370
2168
1279
1056
1139
2041
9947
3916
1346
3026
12368
4449
1674
4289
1579
583
520
1072
1124
653
1025
1184
5111
8272
4161
3178
1127
794
2305
806
1107
1144
1221
1954
2117
4561
4474
1576
3518
1922
1590
1540
1607
5809
754
2243
1333
1896
5053
1581
1062
1326
1281
973
3729
683
1108
1478
4263
2104
1774
925
1762
675
961
837
901
1999
1045
3920
2546
811
2102
1654
2660
731
2184
1399
3823
3326
1353
617
1054
1580
2120
2183
2957
3598
2282
990
3513
1092
762
1169
1164
1968
3925
1760
3339
5305
1114
1182
1202
4930
1602
2221
1626
1281
936
1114
778
2244
1554
1040
1560
1057
2540
579
1444
2378
905
4496
1578
1101
2024
1314
3261
1023
5140
787
959
1847
997
3101
6489
792
1277
1012
896
1034
846
4546
2306
994
1253
1972
564
3750
2306
6907
902
1689
2228
850
1647
2749
4172
3672
1312
1462
844
747
3136
1250
1551
1488
1840
711
1074
18551
6441
2743
665
3176
1231
3303
6145
1654
1719
2024
879
894
5779
667
2619
819
2232
5432
5025
2387
2596
1186
1717
866
3131
1051
2667
5694
1106
18277
3237
15385
1912
1429
745
941
3481
1247
1309
1906
1100
1361
2668
956
1619
9239
1597
1578
3799
1874
746
60117
1077
1074
2416
4753
2174
14945
4641
2519
5685
1728
1694
1057
731
6936
1095
1802
1640
2131
1047
4072
2666
1320
1125
4323
1091
1560
987
1535
1741
2341
1743
13578
2156
2649
2665
803
1075
1023
3998
1882
903
3270
676
2304
1805
3270
1122
957
668
4605
1441
17612
616
1747
4956
1039
1365
829
1258
4026
1775
2329
2713
1012
1335
2648
1148
1174
2006
1885
916
1069
1593
2858
1373
1536
1033
2322
1520
1953
507
1397
823
2994
1822
1162
1739
1276
1055
1193
1748
1225
2447
714
1877
1836
1517
1807
1395
1354
2164
1151
1018
1431
1347
925
9176
3437
6671
1171
3912
2160
2060
2695
662
4328
699
659
1343
2644
2326
5278
1985
789
671
2211
646
931
1078
966
1478
6278
2420
1375
1100
3519
791
934
1673
752
863
1505
12307
2169
1447
937
2198
1233
2460
3059
1503
2513
2113
6080
1368
3825
8181
1406
1057
1938
875
2403
908
2793
1034
933
2168
2880
883
4357
1199
788
2080
1556
1186
7148
3261
2085
670
2560
3763
1406
5474
2557
1840
1082
1518
1524
1060
1253
1969
718
1554
1894
2836
3472
3534
728
1396
2109
1662
810
720
1419
923
2235
1703
1431
3414
3711
1316
1564
1450
518
2020
606
883
962
1283
2372
735
1153
4594
1838
2926
9068
2241
13227
949
737
1434
1213
2192
2379
1077
1424
1864
1825
1484
2187
903
1262
935
6041
838
1406
666
584
5392
2115
2489
2012
3988
1295
2801
2061
1160
1860
1105
1350
1515
1066
5138
1620
641
2861
1052
9319
2044
4459
3152
2655
712
1080
1161
968
1876
3070
959
3069
1851
1303
1736
1521
897
636
1117
6242
1550
2516
1148
1065
2502
1648
743
1929
996
1984
1321
2956
1059
2901
2672
3768
2152
1468
1160
855
3318
686
1427
1279
3470
952
9487
1657
1125
1144
1597
12505
1109
3363
2490
782
6823
732
757
1143
1102
1459
1180
4158
4245
1665
1421
846
4055
2025
1317
1125
908
876
7890
2611
2214
924
995
2484
1396
3846
961
3028
1164
6134
910
1302
4445
1242
781
1366
860
1882
5344
1097
4128
1163
591
2031
3269
958
3987
706
2417
1102
902
868
840
1594
12262
1323
4311
1275
1437
1842
548
1293
1290
977
1336
1081
1009
2133
4389
8689
1080
2941
726
3244
1801
950
1568
2203
794
1044
1043
2262
10989
785
1433
1241
3442
1739
1783
1228
2352
1189
1189
2237
628
1625
713
1806
3280
1707
690
865
1766
2514
2282
581
4679
2062
1853
2823
876
1893
989
1636
2696
2296
1514
889
2723
1510
1382
1480
969
848
938
1500
6177
3413
2182
1391
1195
1266
1255
5960
1904
5750
528
1703
1654
785
557
3954
3415
1357
699
622
3389
984
878
2576
2433
1369
863
3058
7743
3452
1796
5172
1692
1613
3306
4878
1441
1323
854
2202
2500
539
2662
2019
3200
2977
1168
621
566
2001
5872
1304
852
2029
1961
1531
1020
1993
2252
2411
2941
3829
699
590
1738
1040
2000
1962
1251
1812
1787
2710
1099
2702
725
2276
1264
4438
801
2970
1637
1046
1429
7529
1439
1006
3664
3802
2537
1719
1440
1959
1475
2930
2078
1022
913
1071
1258
3418
3415
2113
2074
1057
2400
2595
4150
925
1178
3888
6188
3287
1212
1201
3684
764
4078
1190
5341
903
2393
1809
695
1379
1520
1358
3830
1617
2644
2069
7860
604
1011
788
652
1205
1410
2190
2008
1037
3258
3288
1119
892
872
1826
1439
799
910
1073
1537
1284
1204
2167
4482
1535
1397
1198
622
1189
767
1253
3523
1702
4280
859
2537
862
1816
3232
2009
6498
4324
1070
992
2718
988
1347
1354
1356
8804
10446
1172
2291
882
742
11400
1560
1343
1216
955
1857
832
3691
3423
870
4573
4646
1453
1055
2015
1236
1507
720
1442
14408
5837
2031
2658
1562
1208
1841
1089
4899
6069
514
1367
2302
2268
7879
1601
673
1074
1539
1363
3410
1517
568
1034
1066
2063
1574
1351
2723
1267
836
6142
2843
596
720
2402
1988
1288
1008
1015
1758
4389
1654
972
1990
2180
1164
1624
2344
2486
1066
1815
5037
2001
1781
976
1104
2053
583
2907
844
1441
1289
1913
1317
1327
1386
2122
673
3363
1890
2055
2651
1906
1247
1502
1641
731
1548
1825
1495
2112
828
1047
2105
1612
817
2157
1439
1656
3057
2611
1038
792
771
1964
2750
2195
3770
842
2284
905
1200
1494
7728
1738
1146
1618
1422
839
1377
2073
3266
5532
1181
2814
1128
1462
2005
4298
4717
1736
5959
3507
2535
1738
6469
948
2885
10386
1638
2380
1299
5687
1665
2306
1477
1692
661
2461
1004
1291
1291
1209
3251
1619
1049
2818
917
1030
4066
1710
1003
1194
1872
1901
598
948
1465
2322
820
991
712
2298
1712
1586
1857
2695
947
1136
747
1191
1409
8489
1958
1519
2732
3197
567
3601
4209
1014
2022
722
2801
965
2966
2391
4796
16682
5255
1170
3753
3067
3482
1309
1083
1154
1403
821
3095
780
1591
1350
1387
2797
2952
1102
2519
1118
1142
5897
2277
1895
845
677
2247
2206
1151
1234
8348
1502
1032
746
917
986
1974
1726
3798
2431
11448
2397
1844
1200
923
1648
1548
727
3714
1089
5565
1182
2418
755
2381
3671
1151
3472
1916
911
1280
3208
785
1842
808
3609
1083
876
2804
802
3058
5083
1715
2283
4918
2652
2587
927
9136
862
1715
1294
739
3672
2152
3366
1180
4922
1164
1119
2926
5799
1203
1555
2908
468
849
862
1376
1645
1629
2544
660
3102
1761
1644
4066
1894
2668
631
1794
3758
1856
2272
705
3472
2106
1491
2170
1762
972
1234
1497
1791
1243
768
705
1680
1881
1961
2871
1459
1937
2301
3514
1201
1930
2241
1672
7301
1914
488
1251
1022
8133
2961
1808
922
3232
1088
1158
1265
2232
3981
1753
726
3402
1236
821
1254
4207
669
3353
2805
2677
1035
5585
2390
963
1027
3524
873
2728
2605
1660
1217
3614
5021
1696
2120
1480
2210
1115
2551
3404
6800
1389
4161
2929
1606
1408
1493
1128
2256
1328
478
4410
642
1649
1770
2398
1056
1982
720
1004
1277
1698
1391
1172
1108
1204
830
1090
7160
1319
1213
2844
5159
4750
1186
5519
840
1870
728
1370
2958
4765
3818
1284
1768
6197
1539
5666
1121
2517
7034
1856
2322
2166
959
979
2064
2539
4026
450
1261
2331
4507
829
1938
1356
3967
1801
1067
1029
1008
662
2462
1182
925
1082
4530
876
2536
542
2867
1242
6846
411
2294
1090
2218
2831
1525
709
2429
2532
973
696
1168
8237
708
1266
873
1036
4145
1333
2073
1877
2623
3112
2625
4480
1990
1438
650
3967
762
640
2591
3090
613
1013
898
1316
1559
471
1402
7458
1546
942
1052
4630
2610
787
3277
1174
946
1294
1596
722
1051
1064
2186
1569
1806
927
1222
983
2095
1460
3364
1143
1165
1637
4068
2738
4884
3677
1631
1573
1570
1705
1119
913
690
2287
1178
1639
3232
1038
1952
881
4534
734
3434
1599
9883
4457
871
4105
2403
3096
2086
532
1422
1588
3216
1564
2292
662
6607
2241
1137
1365
822
2201
2359
4248
1202
2536
822
1352
1284
1460
849
793
1230
2346
1327
558
1335
2527
1816
986
4816
1066
1832
2336
2096
1135
885
1796
3685
1785
1618
5106
2087
1743
1412
2093
948
1549
2878
805
1274
1197
1119
1494
2418
742
931
1281
2015
664
2651
1280
1498
569
677
1147
2888
2350
1285
873
813
1103
1380
1560
3864
1081
1667
1603
4843
587
1171
2176
756
1544
1447
523
1299
2554
1187
5136
7078
867
2919
900
1109
851
772
1026
1871
938
1469
1409
1171
1155
1550
3313
1119
1907
934
3228
2865
1453
777
2226
1694
1499
2322
1773
924
3549
1414
793
1996
3737
2533
2476
442
1263
1407
2043
2236
3023
862
1668
1805
1981
3252
2592
593
1271
1309
1030
3996
1239
517
1567
1265
8453
1694
1376
1240
3236
888
951
1137
3762
1154
1394
3006
1215
789
934
751
1366
2810
3443
1824
2272
1059
3840
1097
894
1118
1845
3182
5668
1564
1151
1751
1659
2184
2441
2008
4135
1770
1239
819
2977
1896
1684
3271
703
5217
805
1425
653
1983
780
1165
3358
850
1456
1450
1292
2843
725
1272
1505
3455
822
1662
1084
1921
2953
1167
1053
745
2614
1188
2614
1266
1333
1607
1236
2425
1173
1842
1910
1255
1998
1883
778
1299
703
1044
1083
1187
1435
898
853
825
2819
2769
1586
12587
1302
7896
1661
643
4529
1766
997
1241
1224
3200
1877
670
839
1072
3806
2041
568
1115
1428
2415
3289
2830
6979
959
1734
1340
4921
4741
1359
2786
902
2483
4450
1124
1494
1620
806
1253
955
1187
1077
1348
1505
1241
2909
1312
1678
1160
3028
1381
2753
2181
609
2452
2481
6652
1633
1333
1426
654
1220
833
2166
953
6381
1500
1858
1210
1580
1240
1155
5662
5258
1055
1156
2647
1490
1984
878
2716
1928
3792
5582
1809
1055
2218
1247
1080
2096
1839
1429
1220
957
8067
4060
1666
2758
1495
999
1752
822
2355
2458
1281
2929
16911
3044
1239
1132
1090
3180
2788
2263
1321
3394
2851
1175
1374
1314
2019
596
2392
810
1059
807
2256
1026
1227
1141
1228
1256
10894
3058
2077
1388
777
966
742
611
4117
890
1678
1640
5157
1359
2119
1822
2555
1592
1359
3009
1397
939
2456
1415
3667
2508
4471
2123
903
1722
3120
718
4360
1465
2172
910
3559
1085
11237
1955
2618
6519
1655
2984
1308
5107
1603
809
1264
1487
2481
2413
887
795
855
1475
917
2794
2868
4279
3047
2166
3183
842
1928
820
1359
1154
942
2477
2207
1024
1869
1011
1070
2780
1206
1407
2330
837
1423
1953
1958
2829
1110
1896
2381
4031
488
967
2556
1363
726
3270
2901
1377
2600
624
830
2245
6454
2101
1696
857
1317
1533
904
635
1520
1754
1789
2089
757
1599
1883
1329
2297
604
2603
885
3119
3543
2552
1060
987
757
1016
1087
1042
1633
803
1831
921
1295
881
1077
2193
920
1053
2602
3102
1865
4560
1117
1859
1154
4427
1467
933
1205
3101
996
1582
1429
1587
3753
2583
1381
1385
2874
2429
737
4375
12033
1561
1279
2481
548
1218
898
1252
2281
2157
1165
2444
2099
2242
885
2598
1966
2226
1370
3319
1432
1582
2003
2528
876
1311
1474
3154
1256
1449
803
5025
2262
1492
2555
2276
1807
1413
1571
1465
2551
1021
3937
2533
2806
993
2652
3441
2543
583
3735
1637
555
4048
1052
1935
8789
3148
826
491
1234
2851
6003
6063
1533
1428
1800
6850
3236
732
1704
7727
10012
1820
1624
1147
4391
2929
1202
3298
1245
788
5093
1323
2256
2073
2375
610
1616
1258
817
572
994
884
507
1920
995
456
1644
3139
1264
4098
3455
1005
10738
549
644
1142
7754
3385
6816
762
1491
4052
571
1271
757
2087
799
4949
2389
1063
3557
1815
2643
2407
6507
1172
1271
1275
1091
955
4991
1787
2176
1172
1586
3322
1180
1507
791
7290
2113
1154
5328
1212
731
3374
1141
744
655
659
1305
1289
3741
8964
1526
1252
9559
2226
3187
985
1372
902
1321
4070
1245
1274
2834
651
1513
741
1056
3173
834
2654
26986
3447
2120
2198
1811
2644
2879
957
1141
3142
4818
9399
3521
2234
649
1276
1341
1222
915
3810
837
803
2021
2668
779
1000
1295
1129
1488
878
936
1752
1164
1100
2552
2163
660
991
4006
2039
839
3339
1364
1018
3955
2109
728
2729
571
3123
833
1660
1409
1030
871
1568
1427
2709
3320
653
2479
913
1792
2854
707
1948
3853
805
2465
987
44608
942
1745
761
1728
1014
3101
12093
4095
1481
606
6589
5067
769
4259
871
6873
757
886
2370
4159
830
972
1357
1889
1216
2736
1773
1248
1062
1142
1140
1986
1135
1183
1420
1277
1909
567
739
2622
815
2810
1260
748
875
4616
1830
2248
1872
2203
1504
4267
817
1300
3126
581
1091
1098
908
809
4578
3503
3025
708
1874
3168
847
7143
1889
2896
3837
552
1626
1141
1572
1406
1662
2893
1810
690
17346
2560
2605
2206
3504
892
6636
1942
1070
1056
3942
1173
1145
2452
637
1425
2009
1027
478
1419
2140
5012
3113
1617
1187
2240
8532
5429
1083
690
3400
1854
873
1134
648
1343
4077
3033
1398
728
1158
1270
4933
1026
2179
2638
2038
3577
1080
786
1027
1428
2896
2099
8769
1184
1073
918
17481
978
872
1035
3856
1812
4606
1288
1625
3039
882
3565
788
873
2348
1301
1170
2359
1710
585
1918
5986
1970
690
880
1770
1078
749
11814
2712
594
1315
1596
5288
1381
1963
2450
755
2789
1261
5370
4985
1055
2564
634
704
880
2030
1064
895
3909
469
2012
752
1052
2033
1484
1163
1876
761
1259
1177
1170
1474
1406
1643
2184
2182
2322
2779
2221
1003
5699
2623
1577
8540
2653
1256
2814
1207
731
1567
1114
4541
1797
1878
3403
6337
1023
2424
1020
11739
835
805
1462
1622
775
1024
2528
1309
1160
1033
3109
1625
855
2738
1796
1247
1952
2082
1662
985
2018
1545
1084
649
926
491
4089
4257
3168
1129
1092
2851
2385
1597
1009
805
1223
2530
1596
1048
5085
1039
1804
5187
2573
885
860
1763
1213
1092
1091
1020
1157
878
1383
3540
2033
1280
2542
3194
3575
707
939
745
36880
3863
2279
4038
4233
1217
2917
932
3779
3620
1605
1179
1168
1210
1358
1400
2401
1169
2397
1509
2107
4926
2556
1533
2115
1903
1031
1865
815
971
1087
1616
9099
3196
1241
641
2140
6733
3808
979
2470
2452
562
3296
1266
3711
1125
1792
4611
882
4299
3039
3319
4540
2301
2631
6974
3574
1190
1537
899
3042
8136
882
1456
1250
4645
1011
2082
1734
1572
1161
811
1179
1702
1149
967
803
5500
2531
2010
11389
1334
2803
15350
2083
3454
1218
1826
5805
2822
2796
4350
1592
1183
2273
1138
1299
1374
3224
5669
2737
573
1959
4134
1575
903
2893
2074
1178
974
3060
876
8688
1684
1009
1417
3190
4923
971
1911
562
1364
3454
1507
873
1199
757
1424
759
942
1139
1095
1325
794
4597
5334
2373
1117
773
1279
918
954
843
1791
2557
1502
1137
1892
1157
1748
1782
3809
2755
1815
687
1929
3537
2735
3271
1539
908
11021
862
4374
200573
852
738
2392
5804
2693
5034
3552
1223
1042
887
3428
1985
1096
630
1186
1136
1974
1147
4978
1409
1676
4681
1524
1697
1459
10647
982
1320
1981
1776
1110
1760
1585
3058
910
635
2371
1839
2512
1399
2169
2299
3296
765
6369
1932
1125
736
2140
1146
3214
762
1019
1654
3492
2729
709
1120
1312
4748
4054
698
1023
922
1370
880
2563
638
996
852
1103
2134
3643
1142
2893
2205
9844
664
960
1556
1435
2156
3075
1630
1511
2472
1347
1688
3275
1370
1164
1578
957
2978
1089
8924
4232
1199
2639
1517
8221
2704
927
800
1708
1481
1615
1576
2311
826
805
716
747
770
24043
1304
801
971
968
4810
1270
1185
7260
1388
2560
1294
1487
1258
2331
1794
1781
1097
1016
3129
2256
1365
633
1144
1815
3963
1024
1463
1344
1005
935
1727
1348
1961
2189
1656
958
2008
715
3340
984
833
1664
1011
711
1761
1644
2404
946
1256
2369
1242
3158
1965
1654
2138
1457
3426
2551
2635
1716
1374
4808
1143
902
1467
1070
480
2991
986
1610
580
5148
743
1823
3312
11123
3462
694
4034
2058
4186
800
1023
932
1702
978
3629
4550
1163
1106
674
2224
1294
3746
2072
2898
1106
1801
1065
1373
1028
1372
1308
2647
2858
2733
2111
1707
763
2455
1585
1789
2687
2022
666
845
2335
1057
804
2776
1966
970
1619
5896
1177
1035
844
4406
720
1256
651
1469
896
658
1796
1156
1352
1535
520
1803
3400
631
982
1698
1159
887
3737
2301
789
1607
2337
1515
4547
1408
4182
1420
2921
526
945
3971
909
5617
3146
1449
831
977
795
1289
5380
2090
1081
7569
1268
1289
1003
1432
5835
1225
2408
1895
1232
1012
1392
643
760
2411
932
1340
5625
8112
1130
1645
1821
1098
914
592
4940
871
841
2954
5034
2460
2173
2266
1597
1692
2398
4957
5542
3505
4250
1369
694
1304
1757
5189
697
1583
3795
1700
1465
3234
773
1855
918
906
2318
3222
763
1508
1169
484
1894
1380
2607
818
754
1017
778
1248
2069
2577
1809
2232
6816
1040
5516
1026
145943
1234
1140
1167
1612
1323
8042
2241
2356
1701
986
4330
4902
1357
2738
2562
1395
992
1063
2581
4028
1245
593
921
2538
2523
1462
1725
1721
928
2788
607
1977
934
538
2662
1977
3484
1679
1827
1203
1835
956
1056
1457
1093
2325
2040
661
875
1729
2049
1322
1959
5258
1549
1132
717
1999
1263
3947
1561
614
3062
2335
1014
1810
2321
3907
3806
3889
1344
696
803
2332
1617
743
3552
1081
1727
593
2137
2377
1473
1233
1058
1934
3598
1694
3332
7284
2233
1083
4622
2563
2634
2094
1392
1002
3715
796
1524
1630
1669
2684
1188
978
968
583
910
1082
1700
3800
775
1500
1212
3653
2060
1323
945
5782
1224
4569
5457
992
3200
2381
4860
2726
2476
813
1995
1876
1403
1026
1446
1362
997
15278
2121
1573
1673
2842
2370
2851
2209
3049
679
2350
1572
862
725
1608
1352
2997
902
1198
793
6369
1621
937
2185
1398
685
796
1865
845
702
1317
8173
1997
2240
2298
951
1131
968
1274
792
2766
945
1468
709
2382
5182
1684
1178
3484
880
1369
2740
3193
1384
629
3965
1186
702
3016
2343
2202
4169
667
987
1773
2641
1253
2373
1811
1263
950
5318
1244
933
1413
2794
979
1108
1825
2212
4113
1329
1608
1310
1323
858
2709
3653
1197
3733
1100
634
1038
1984
1691
1893
2324
639
2169
738
2553
1474
1228
918
787
1303
776
3214
12335
1155
1915
1225
1629
2095
1005
1755
3111
527
2467
3506
1183
1050
999
4294
552
4034
1200
3544
2590
1759
1611
3042
4524
1395
4008
1006
1079
1404
2954
2876
1194
1382
1344
2219
2819
674
483
758
689
4120
4587
655
1514
1351
1676
3005
1225
1738
2487
1260
6394
2472
1275
916
976
970
2288
4494
1109
1598
8951
5022
2647
2032
736
659
3408
1739
804
1758
936
2886
1651
2342
2095
3023
1303
1075
1305
794
780
2542
2173
1434
939
647
1004
4244
1210
1649
9771
1613
2315
1783
879
1221
1460
720
2066
1885
1946
1294
6495
1566
1791
2948
1727
1603
1529
1017
724
897
3053
2782
1102
1015
1561
1539
1163
3199
1668
1977
1361
2139
1028
1377
5005
1352
2624
1997
1794
843
1018
1108
1437
1333
1385
533
1616
1005
2108
3226
1672
1404
1508
3646
1091
2413
3686
1118
784
1021
805
2630
2743
5204
5843
656
904
950
1097
1061
2229
639
7284
1187
834
1405
5213
3530
788
873
2228
5089
2173
2043
4095
1073
2323
1303
801
2666
1925
1069
5711
1378
931
615
962
1523
4379
1099
4983
878
840
1661
808
2997
984
2711
886
2250
1019
1037
4448
1649
1626
2127
844
958
6431
1645
2832
959
1677
1068
1817
1083
1875
1687
2767
1429
2144
2979
762
923
863
672
1199
3571
2134
1895
999
956
1086
1243
2286
1949
1290
1119
3215
2144
6585
959
1470
902
1039
2880
1538
710
4918
1128
873
2941
1049
3496
1087
1235
2203
2499
1063
7525
3178
2688
2561
1648
2297
3953
1426
4436
1257
899
1018
908
1064
1221
1047
1314
1043
6927
4159
2554
8567
579
3531
679
2420
1990
1475
1299
1695
1377
5001
2538
4832
1080
2028
2339
2490
6039
2092
770
1315
2430
3028
2513
2354
2894
4419
2034
4217
1412
2100
818
7045
1042
2091
572
1308
736
876
1238
3098
1341
1499
1513
692
1068
1036
1025
2250
2553
3380
15960
5142
3083
1524
2515
3479
669
5045
1191
2238
1907
545
2338
1066
1194
1839
2293
2391
2799
1255
3020
622
3694
2850
608
2246
1551
1018
1184
951
5134
3058
1193
1262
1080
1537
3635
2159
2793
3629
1354
802
900
985
1421
971
434
1711
1750
7524
2617
1896
1059
2716
4127
2690
3104
509
1720
3911
1868
2314
698
1729
1036
1120
3750
1029
2753
7978
1797
3522
1287
1714
2239
824
1063
1464
1127
1868
1758
1892
687
1012
1932
827
2205
3372
804
7694
1190
605
1047
1364
3339
1106
930
987
488
1748
2231
1934
1886
904
813
1029
5043
2475
2759
1135
819
4924
1545
1089
839
734
3351
1256
2200
2101
4191
1015
6624
2387
2944
801
3076
986
1309
2065
723
2140
946
5991
2766
1291
3395
540
968
1887
3821
4282
2208
2913
1485
1289
1549
3462
1798
1322
737
1754
4754
1321
792
3145
1060
2170
1181
2547
1903
5061
2880
989
710
3933
838
2028
1863
1159
562
4156
2245
2607
2156
1026
1149
1580
2072
1467
2395
803
2799
1967
2661
2110
1105
2180
1867
4037
9611
1252
1203
1647
1712
1257
900
2194
1064
2465
6942
1824
793
5634
2820
1339
6675
5945
8855
20887
3172
1883
2963
2397
1825
847
1094
2475
1932
1215
1981
2149
1075
764
1226
2805
5420
1283
673
144934
1982
1002
1482
3123
5072
1338
1104
5338
1625
680
1070
1940
1434
951
1791
1794
3364
1322
986
2365
4519
1150
2153
3174
1214
4309
4038
1440
914
718
1627
1525
7078
1665
1204
2442
5681
1414
1816
1829
1171
2732
1507
954
1480
1540
1643
1637
2630
10092
3846
1184
3536
2850
1415
1026
1989
899
642
1542
5938
4542
1696
615
2493
2920
1546
5212
1602
6016
1280
2975
1412
3146
1209
991
2376
760
5937
5248
2027
2099
1876
1092
1281
1513
2203
2535
925
2609
602
3509
3027
3765
3238
4284
1287
1750
970
7284
629
464
1151
1020
1762
2323
2890
1553
2198
1254
1543
1121
1415
2540
1935
924
2071
1377
1497
751
3207
931
1307
3403
988
1296
3166
1096
3541
2799
3683
10876
1377
494
4196
1532
746
4631
929
1691
1128
1714
1650
4313
2184
1486
1673
734
2239
1051
1217
755
1129
875
881
3093
2017
80011
909
2015
1202
1226
2769
1293
1218
1842
1444
1304
2289
4700
952
1870
1622
710
4085
1112
1000
632
979
916
1036
965
1103
1079
1882
1778
1120
885
1970
2692
3229
3262
859
529
709
3494
750
1364
1322
652
1450
2390
562
5423
2726
1353
1042
1060
752
2373
4573
2553
4920
966
2307
741
3848
1244
1049
1116
1564
1337
657
3699
783
6417
735
881
3431
759
5346
5547
6599
1377
2196
2260
5783
879
1190
1527
36651
939
7543
1817
2221
1137
1480
805
720
1056
2447
1329
2743
1129
1935
3731
1957
4050
7821
1612
1241
715
7349
1462
858
2297
945
989
2234
1479
9263
3490
1633
1424
689
1402
2054
672
424
539
744
8539
1652
1325
4562
2237
555
1018
1203
582
1149
1319
2381
2151
898
1185
696
1244
644
1052
1856
2659
1336
1374
1420
1004
1011
1960
5095
1030
6454
1138
1880
1069
2427
1916
145673
1044
1147
887
1348
798
1604
1616
1333
2066
1113
3743
3542
10420
2622
4251
1952
1988
670
1420
1837
1368
1219
1111
709
5670
1516
1206
3490
1671
1189
1710
2942
1386
5312
2230
1806
1667
1314
3210
5361
5306
758
2724
1660
2312
1308
1229
937
936
1376
5302
2182
4870
2186
3173
1090
1661
1170
971
1617
1216
1383
1698
1298
875
3124
2166
2496
1296
719
1666
1251
1026
12144
1008
3025
1595
1766
2023
3873
1025
2334
1646
3022
2591
3118
2791
1862
1250
2459
1035
1063
4419
1412
1449
533
2040
897
1416
768
2779
1276
3746
1870
5563
1077
782
717
2904
904
2045
2532
2846
982
1382
2853
1428
3965
3543
2425
7159
5871
2731
2104
1138
11763
1465
1205
2544
515
1677
1350
897
4276
1800
6647
4951
3383
1664
869
3547
5932
4016
1592
1314
1153
1068
4120
3669
6847
1293
2053
1789
1033
682
1165
3041
967
1086
2102
2527
1066
1221
963
1619
956
859
2155
1040
1124
824
2287
1659
1626
1565
2250
2972
676
1462
1154
4957
3943
9154
1373
878
10139
1796
1758
623
3051
1153
2378
1637
2036
1125
1101
1354
695
2050
4287
555
880
2384
760
705
5426
1616
2848
3668
958
3330
4940
3237
974
941
1066
880
769
789
1557
673
915
2260
3118
1520
1743
1486
1056
7782
4874
690
1431
4057
6208
1366
5650
1807
932
9117
546
572
1791
1191
846
481
2030
1270
2779
1011
1156
670
703
2585
1516
4177
1410
2003
1260
1170
1596
1383
3750
2833
1758
1892
1153
1978
694
1127
1519
1782
1096
683
1934
1169
7138
2329
959
616
1507
1702
2191
7878
1343
1192
1535
1686
3238
2134
1111
1044
518
2750
1018
699
1150
1711
1644
597
1769
1706
1038
582
1635
2222
1144
3870
5855
1788
1342
4049
3302
1111
1927
1283
1675
841
6169
3421
848
2984
3720
1272
919
1409
4869
486
946
11648
2767
1118
1040
1271
1193
997
1583
1108
2902
1626
3562
879
3800
3158
1966
904
2536
762
3422
2107
835
1935
1514
4357
3696
1425
838
1450
1163
1392
1605
3338
1572
5210
3655
1377
1216
1674
5769
1854
2173
929
640
2594
1373
1243
1809
2051
2438
852
2363
2273
1095
1120
1846
1372
1355
1049
721
5240
629
969
4039
1389
1548
917
1530
2193
732
2809
1173
1719
144927
1048
844
772
3309
2140
1318
1255
1433
5020
3405
1474
1567
505
1063
1189
859
829
1988
5763
3589
4038
2207
1696
1170
1312
1202
2582
889
881
3718
937
1751
3416
2552
1114
1409
2441
1136
1721
2119
1252
1782
3966
2628
1361
1487
1501
2246
641
2781
2085
1773
976
2070
5249
1153
1548
1600
1212
2045
2413
1168
1080
2515
1191
972
6544
859
3681
1414
3498
1745
952
2150
3268
2150
1051
2898
638
4031
1716
2380
3383
797
1069
965
837
1087
1016
822
4201
1139
1320
1842
2441
1387
2092
3538
2608
731
1655
5044
1595
3424
3982
1660
1227
2037
2794
3280
5314
6639
1316
1424
1098
2049
860
4223
1965
3864
987
1466
934
1473
6659
1685
622
1858
1019
748
1012
1743
5066
961
2023
1640
945
1538
1211
1124
4062
911
2238
1587
8914
1238
713
3388
963
1173
1321
1583
2929
944
658
1578
3217
1517
2035
1133
1027
1314
2033
2492
1441
1909
1301
1630
2073
1362
9119
680
632
965
1979
1646
2702
728
1710
4347
1791
2725
1075
2565
1025
2432
1308
1556
4176
1827
8585
1752
1091
2125
1636
1769
1770
1819
2489
1508
1234
686
1576
1199
14987
1680
1334
1463
962
986
2065
1853
1492
1302
1072
1929
772
1142
1119
1527
2193
1315
962
777
1082
2803
1071
1073
6361
1097
4571
5797
1909
1090
1958
1682
4072
1298
1353
1060
1277
3351
1288
938
1467
2077
659
2134
4369
5733
2248
799
1052
1447
1947
2139
1680
6287
575
4171
1612
1015
2152
4213
1783
1371
639
947
1998
945
961
731
1748
953
2301
700
967
6935
4649
1187
2948
2420
2241
3311
2413
1103
1810
2266
704
3277
1748
3271
2584
1097
1503
2458
2088
1391
2644
1511
8105
4225
1066
1872
2142
811
3069
1057
1094
661
4803
778
1704
4164
775
2279
1433
1330
1012
1370
3878
1461
1194
6464
972
4676
3535
1835
1155
773
894
889
3025
6411
770
1392
7175
815
855
933
7806
1208
1673
2554
647
2942
774
902
1555
11626
2195
808
1699
774
3334
870
2805
2525
1030
2343
494
2333
3934
827
539
691
2332
1917
953
1680
1390
490
1647
2490
786
1618
1213
7286
1330
3805
1184
1878
1065
4263
574
7783
895
2331
848
1398
1129
779
2149
2365
690
144910
818
1741
1743
1749
925
5779
1054
1019
2909
896
1660
4451
931
1268
813
828
2469
2016
1001
1899
1021
2196
2978
1910
1806
2186
769
1951
4456
644
12688
2023
3297
2027
3402
1262
6280
1634
2592
1053
5847
1912
3828
2162
3865
1194
2323
1209
3668
1508
1242
1596
1381
3191
1146
2803
1926
1348
3343
1076
1685
812
3204
814
1159
21776
5610
3769
595
1056
1288
27924
2210
1561
814
662
4166
805
753
1008
1146
1742
1122
3598
1560
2599
1613
1548
2491
1833
5160
4467
7441
