21309
97205
16113
0
5683
44067
152
818
4321
13179
55
532
48
2443
12370
1604
248
4246
19107
22599
3498
4384
54822
263
5524
3247
2498
3632
30157
15658
25100
837
256
216938
0
1533
6048
19986
10666
13790
14304
5599
28186
1000
1848
1506
30272
88
91594
1113
248
2394
12264
54437
4386
18405
830858
935
140
120
693
221
0
1977
60154
464
3757
12064
47634
9964
9388
618
210
146935
6810
18125
2378
7200
28155
511632
348
12179
15047
11022
26178
1668
8996
1838
9590
29762
2904
891
2935
5953
1332
21796
2792
305
1267
132052
10101
0
24731
48117
22243
967
10433
7382
7722
15735
29812
22788
63745
18284
3612
104
6258
52899
4090
7702
49827
9380
124335
282
0
21221
12360
444
614
14066
326
0
694
11935
35514
3484
0
27679
563
18840
19553
10147
0
666
114
594
4796
38447
6066
711
8758
5195
5697
26751
5257
3030
30026
1753
15640
76072
8440
185878
6928
4292
2932
4156
3706
4398
74
52
1553
7481
9281
5434
7918
46363
930
79729
56651
8990
1007815
18477
1055
3135
5354
73287
17283
894
9678
19579
1540
906
8945
1492
0
535
5294
7652
100
820
8418
2739
1255
35962
385500
2871
13427
62481
4443
12193
3880
19736
6459
122
51333
1050
4108
43513
982
3532
3307
1148
550
0
48117
6140
156
28926
3497
5176
1560
2586
8591
1797
9886
52
1142
31358
5203
16345
26254
0
1500
594
4403
12440
52
18140
1689
22781
1409
5775
48087
64716
2664
864
14483
46069
24741
65601
10683
15124
1761
3303
222300
14533
2928
7881
1381
5176
6817
109557
112
3157
11815
48208
58820
4674
178625
13814
8109
57902
19589
48612
4316
0
3432
321052
70300
53392
1037
7604
83596
21522
4544
17838
34620
1994
596
23387
3048
2241
57375
23648
95
5278
355
110487
16552
454
1943
493
1188
61865
3348
2287
125780
10551
5181
29270
9617
240
5763
5164
18365
11055
502
4430
6883
1383
5843
48649
4883
816
24487
7393
511
42349
19445
2675
37810
40
21729
21213
52
40
55668
3490
287
27553
8132
32246
36421
2711
0
11781
4659
9893
80
2297
312
4360
31418
4607
211
57727
452
89671
9698
4196
1616
24427
0
984
3677
6088
148171
4033
218725
627
4108
122
40
745
7451
573
7597
15411
1608
3014
2286
2950
192024
57
6993
0
10742
145877
17880
3989
5761
168
14407
14765
1269
4250
11891
51352
10669
7192
205
35100
2847
284
13513
6846
26633
1894
1858
285
15469
1036
3496
104
8204
6131
209944
608
885
2936
1307629
54835
807
35185
37788
1114
64184
6214
79169
41238
3144
572972
6428
243
329
13251
369
24710
6952
2611
30738
1166
358341
9460
5928
5394
9360
3669
40
54535
15247
443
218
51817
721
11730
3740
27110
15397
103706
33973
38477
3255
3669
80
1231
17021
133
0
5149
4719
2054
9405
19256
13091
601
45358
52
126494
160431
44982
40
468
62104
200
1030
25990
62169
39484
11853
7348
4710
11384
5090
3850
0
0
162472
877
5412
5766
380
3192
608
6732
2023
112
422
9840
1136
204550
34519
940
3016
26518
8481
7599
3331
15160
80
150186
8006
22329
4542
5040
4712
151067
135252
18377
63280
8813
58604
302
511
1346
16963
1506
31886
3191
457
2607
164
23572
558
6257
3283
2253
1872
2212
66090
1543
3234
28452
26760
1854
15601
447
114610
10814
4488
8664
12166
14943
2672
677
8367
20386
3824
45447
15089
9836
6459
8378
0
402
81
705
43928
3812
2800
24104
73064
15000
3757
14611
15723
9866
8140
234
65658
3640
80
15406
40
59994
3519
184
144
350
23441
2328
52248
0
38902
28462
16327
751
3679
13477
2319
27194
55160
39554
469
96680
1451
53399
2003
10917
16015
194
973
884
2626
203660
13653
3758
5685
784
50743
2161
1535
4449
117702
17804
24815
1007
1827
6295
5913
2243
2374
17112
3942
3916
10359
2098
22504
19843
16525
3959
14492
13370
5156
5295
18544
409
23265
958
0
216
2047
259020
157
111738
1788
916
4930
2162
40
5643
4900
489302
18305
3124
54437
11984
7730
3172
7647
1383
7238
0
3185
805840
8428
52
7161
10938
28357
5383
4570
8584
10132
511
1988
231567
13500
112
2377
1136
6485
1560
216
6179
13179
84132
3793
68495
51272
7635
26152
5754
4460
168
766
18813
164
29398
9785
0
17396
51424
548
5271
656
534
18065
283
1024
183114
12749
50119
0
6874
590
6308
3156
0
14592
54860
2736
33147
5124
3446
132
17550
72700
1561
45960
6229
19015
1469699
286
15720
696
2656
190
1429
37761
86079
7470
2593
4056
16107
516
11143
81205
14680
0
4994
2268
1200
41163
160
6902
3447
545
14585
457
35616
52
0
4167
8260
4457
11190
17850
5441
52
5921
8493
6808
33093
9393
39052
38489
2088
1545
8389
95987
1552
2257
1157
763
3942
410
20724
1288
941
803613
245
0
17451
58
1065
5604
6074
18135
19791
4784
42781
414
2011
35212
11939
2114
1845
5014
4550
5364
24165
48088
9200
509
1702
1972
40798
6042
2739
22165
555
18448
2716
52796
78366
93477
4586
17552
11255
120874
59350
7780
2855
70715
74491
586
7316
31107
8079
3787
1309
3073
517
156
6609
15010
140
12139
7898
6681
2117
21387
21470
636
328
36339
16597
37560
512
2858
128184
7013
962
7701
271
29002
17684
3568
386
572
499
542
58715
10585
1713
62296
38260
14303
1796
260
230
57061
1536
132
52
9315
1736
892
206
3592
23501
15224
193300
721
11721
208
13143
6000
18891
6731
12344
4409
7421
9608
8073
3857
4466
14564
22015
48189
6685
19075
18361
586
825
1949
103
52913
24285
60
4422
26233
15092
33698
4920
3993
67500
24235
162
7625
37882
92
249157
1997
3417
2819
0
4214
2237
3462
6515
8092
12650
47314
8706
40956
71303
48618
36802
511967
137899
40
907
2904
10909
108
2396
2144
198
28730
49600
2651
13124
603
13204
56
19321
1807
11489
11678
15095
1940
932
1188
1297
575
36791
4742
0
29368
21781
31784
2504
520
165642
92
40
40627
7898
291143
120
6594
3440
10964
28520
33663
1708
951
21157
9414
85938
172
14300
8392
40
2358
4669
57711
3751
17547
4177
9399
196
1241
0
27343
104
525
55106
48000
360
10362
681
15057
7069
2236
2588
156
5751
200
42040
13357
185
12361
15811
4373
13312
8790
165585
1178
2852
868
5134
12417
64365
22257
11455
112
46500
2114
159
0
4223
19552
46310
5933
41724
9430
1829
26894
268
31809
3067
10392
15872
60
5501
28739
135006
27144
9418
11000
10091
20516
92414
1487
17708
2256
5680
4735
944
19651
20329
18176
52
27194
5477
296
2524
51246
1826
99
46
643
924
3452
2315
6547
630
9113
354148
17393
11606
33359
7347
30032
45253
706
38580
1866
0
2111
653
0
3629
26268
2554
424
6333
67998
2932
286
8071
126628
7064
117592
23756
0
2141
26901
151315
0
1406
329536
1116
339
9099
44
8258
3810
1248
4825
3277
7777
12756
6660
7522
3964
8244
646
5322
18155
3624
94753
1540
703
13561
262
5692
8944
14453
5104
882
200
29923
30093
82852
19849
60349
52
7358
1431
6860
8122
4478
2029
147338
8782
16369
16542
40
2873
8595
10540
4340
84
203105
9734
2135
11008
949
4795
3000
21743
52311
232
7389
21892
23728
9278
4916
22185
118879
393
13007
64
14128
1289
824
17885
2017
0
0
72573
1130
2972
16166
3276
5395
4702
2949
10664
1112
65592
26483
4530
5572
10895
10399
140
1750
88
80
5269
40
117358
0
480
172
4099
2458
51078
9525
2513
4839
103114
6133
13743
428
46387
24000
28914
215
7252
167232
1174
23946
745
225
23968
34127
228
9471
0
29944
344
1837
2464
4354
3643
316
3573
4745
1430
16552
5260
239
4368
86512
185465
3203
7797
927
15799
30418
35140
345
460
1417
4292
4168
146
0
20328
6168
7435
778
13571
5498
52
20128
19867
509
3309
889
291
1609
36933
10976
43876
0
216
119736
150
111
4260
1432
12000
1474
2005
2919
1844
542
118
2726
7204
262
2631
61
6054
33817
504
2690
2325
30502
80
0
3225
3420
28392
15304
10968
510
6399
6351
88
36358
2238
41104
42370
18161
0
7951
504
8750
6518
1431
558
6034
15905
23673
4650
0
342445
0
10500
18634
435
27798
2871
31857
254
11752
12825
6683
40
250394
15256
1420
576
665
3160
662
12463
1255
70930
3330
8257
3040
14966
29050
839
3853
2432
871
0
40574
76136
389
58
96
335
27652
804
3510
136981
6991
18075
34493
1056
22005
70306
12052
1883
3717
26080
21081
12962
11951
976
6580
1163
116
931
268
4166
9188
106926
452
38880
61052
20088
5471
3758
14487
603642
22868
52
6696
7585
35186
1294
966
120071
6288
1634
9985
815
43873
57045
199421
2216
7720
13562
52897
8386
37558
231
2098
189
5371
319
3259
304273
72188
21012
15086
1090
12273
21107
22144
3835
259327
4476
17974
30042
21750
15795
10469
2775
4474
514
8256
8366
240
35242
6444
10821
10589
60018
113
18365
2360
885
46909
645
32725
642
2284
1715
123513
16782
8952
26674
1931
18521
1816
148142
16982
24040
2196
6478
82278
12778
7248
310
7194
15860
351
4277
1230
8987
8725
3744
3000
8095
139349
29131
40
61974
5859
12677
6362
449
379
0
1142
45504
3712
8459
13961
3300
1685
2395
1466
81
16873
451
414
152
39721
52
11616
169412
7311
5627
14355
28640
52
8475
4234
1612
3360
15417
802
805
70600
6135
2051
94016
2781
26068
0
222281
38258
287
414
13396
4765
637
4977
50073
40197
10069
71101
1368
5230
82713
18164
565
135765
34672
1326
21248
3857
2820
362
6737
2113
1219
40
542
1077
34372
2340
3939
68668
32821
32128
178163
1981
843
0
18686
731
46577
4197
0
44
334
1149
4579
2727
51126
13124
11636
132
18824
2186
1380
41180
2919
68308
8914
4126
3786
17243
16539
55686
9302
144
1436
1696
20936
1338
3070
6391
9642
9191
601
7102
354
26215
3566
40
11332
1487
104
2173332
4335
13568
294112
36227
19158
13716
65337
209184
144
924
78382
3893
247640
5167
18406
5298
953
19750
2782
3530
4619
13328
32464
205657
23520
10212
230
5733
595
6293
112
10476
3316
758
2672
516
21168
2492
12137
15789
14634
236
752
9743
28268
912
2035
76908
2773
409
3368
16680
46103
1676
7643
24424
6809
1552
1671
33856
1139
3162
10688
10391
282
3350
15184
4782
0
28596
2228
0
301812
26380
12108
488
6798
48
15519
120040
2727
7877
878
13427
209
4545
35398
2648
12412
51115
31449
5345
2915
755
69
1870
98
911
104
52
424
240
2230
3879
16238
1376035
835
13528
2363
2619
281
3346
5991
1783
9065
10905
27571
16510
1840
819
0
5622
5659
16273
96000
34289
565
9532
340
11220
1182
14798
4900
841
1347
19806
526
12670
780
3721
21365
104199
1969
2329
4644
15952
9060
14820
39148
9319
124
1112
57160
5694
11034
9000
47632
9568
24926
15076
5931
801
251
326
59009
3219
64
3106
1117
26950
1087335
31791
18851
15593
486134
5252
5584
25817
5232
1280
80
21475
574
1282
3825
2400
1699
35524
0
102759
19228
280
2436
18320
3493
66
270
79441
34242
184
16836
7606
0
10192
49052
8466
7316
2779
928
208
5800
9371
965
0
1655
8756
400
32748
22859
3844
28394
2574
27657
26500
38590
20324
24496
15209
690
14058
1366
4821
7386
121500
3286
45
13681
46779
4012
896
16372
155
172
10632
601
0
6558
18674
24661
0
162
4756
4002
1027
345
2372
28993
513
8480
0
29341
2796
45908
4150
176
16645
8110
5708
76
4546
10566
40
0
2857
615
3284
611
6098
43069
1650
2357
1490
1123
52604
91201
4550
6530
14935
7516
132
36786
866
48
44577
1579
17662
9392
6085
794
3257
162
435
3567
56119
3173
12234
1440
42167
37229
3500
4579
304
2422
275
40
333
532
3642
16403
23398
12426
6018
116
210
9192
8376
17047
2687
1250
2241
11599
242
4500
112
20700
11224
13834
2216
5313
13441
0
16457
0
14818
43735
29060
546
4902
31608
3999
35291
409
7621
14850
39661
56528
39586
67
3333
50336
1523
7409
32694
456
0
1500
14676
44397
1479
592
157176
3497
301
23013
694
3972
25459
1003
15594
680
15453
44695
4844
5681
976
7616
10109
7464
29863
11104
5380
2535
3116
94286
2881
2981
3467
118508
7088
5717
246
0
8840
2422
0
11832
5209
3671
16866
13026
25592
4596
7620
1014
5184
216
52
4953
85248
58624
61254
48113
6482
53591
1241
724
47455
5132
768
2084205
8904
2517
40
12587
301692
1680
80
2300
315259
676
84
31533
268
12978
21972
52968
1164
210448
10498
2868
3847
13568
66317
333
0
773
20820
36765
25102
2519
68890
40961
13116
2131
16185
10439
15432
0
498
48
180
16891
51161
820
971
28221
1556
96273
8003
21593
15053
37589
12355
55293
4076
14447
17192
39223
585
3685
1616
80
7001
4270
22995
12063
0
1314
4839
38294
78
10136
26859
2903
747
2061
15414
23396
678
0
6325
6164
467
5443
156
1054
8820
366
126
6688
16948
60495
28122
4666
2021
255597
0
88
20803
9520
35354
4799
5340
23785
72737
736
72639
36809
2588
1674
12654
11214
31248
50604
4427
3039
14018
52
2852
539
52
2879
1363
605
104
0
1237
34173
0
16268
26043
15272
108
4732
5449
10212
15456
3791
104
9120
18602
9019
33216
589
3614
3465
63327
4228
17011
33957
16088
12979
8813
5105
1547164
22214
128271
54660
48
3417
69477
2722
1080
46931
3693
1571
3942
188229
43912
80
4476
2850
40663
29408
2441
320
106001
2766
11761
22321
144
2224
52198
282
3635
47960
1280
18121
840
357
354
17771
670
13666
4466
5762
19859
3872
435
590
17836
6993
61847
1826
2509
1349
1540
52
6513
1709
2061
1455
2558
213
29977
2013
1003
16276
56752
44689
10858
18879
48682
10992
370253
19320
8684
1581
22809
2682
8983
1075
1489
1751
523696
51194
26376
71620
2024
28388
900
10384
209
115380
22303
58037
16586
8556
278
589
3251
9044
660
182975
42087
1069
236
6393
175
23931
2318
16817
825
777
0
40
17304
0
840
23012
17383
3650
2947
1041
8457
21773
4225
1844
4344
26311
18498
2596
112
387
7947
27168
14315
790
28528
574815
161172
11894
1320
27679
3627
96
2984
11810
41944
5821
145470
16802
288
2833
3927
16002
1230
10653
20916
18472
341
95346
24449
349
209666
92
824
11113
3013
11274
767
1744
29571
1113
3144
7966
5032
15609
15982
7223
1377
524
4556
2155
3858
1426
123535
3312
4851
23178
7450
52
218
866
35000
6427
52428
34603
1143
13552
8088
1093
42060
11542
0
3585
27484
50596
39509
76833
201
392
52
38084
7172
6276
17482
528
13266
3817
1141
2940
1813
52
7295
9014
8577
2285
21671
1159
50482
2405
813
230730
190
22612
246281
1711
11246
772
7133
22160
152
460
30851
120670
6645
21223
25802
737
1333
8739
22950
15706
22993
111
873
1677
1575
700557
18651
6101
12812
3160
32980
422
3374
5867
3663
4471
6233
27671
736
7500
40330
14216
278
4500
3470
3095
893
4356
10643
8179
17085
75537
1731
1308
8878
8553
770
252
561
416
216
4469
5862
3448
5572
20159
3556
4663
4910
4628
74
16529
1899
49363
1913
1426
4529
442
9421
5595
31095
2681
56798
5293
1043
112
2223
46726
55247
6576
41444
199
98022
16822
7896
12548
87256
897
887
1210
1706
0
7229
19845
175878
1691
5255
388777
72253
2745
8001
15640
1284
24792
476
1067
3539
38490
23115
9038
5275
159
6155
18318
5819
15052
0
120226
1984
33441
3236
197
190
92
37028
2702
11780
4719
2981
36904
1520
26610
7900
29918
172
34500
294
81752
7819
50470
4125
4531
8066
13187
1202
1456
42923
5125
30639
58644
2060
6497
18673
28056
1478
2569
5216
33559
23348
162
130528
6758
1180
0
176
2056
10938
477
1570
107608
271
9848
3243
46797
24261
26815
11813
227924
1620
3340
20793
6091
11758
1074
8567
3202
8754
21709
0
311
8534
20717
5223
1410
19486
19266
258
216
65416
257069
11639
2092
11644
197
6340
2804
6011
5045
6345
527
3131
24220
1539
60606
1144
33331
0
173
1717
4191
19076
11055
120243
10424
207
137029
6316
1240
683
80
240
24195
37900
2712
1473
5263
17438
9978
14244
8232
19385
26166
18784
1867
1491
3664
19575
14236
122623
6072
308
90671
18417
1737
1700
162123
15465
27024
9401
21307
24932
14652
20430
5035
248
0
8378
4651
52
273
7178
4832
15781
8056
17994
35566
271
290
4846
3894
7111
26007
1735
66063
17520
21949
0
6898
599
3469
89
40
474
575
340
237
2956
1478
714
40
129
25843
544
5935
111436
1457
8844
40
9666
295
144
0
23027
1613
14206
8220
112042
8924
11822
2408
130
5255
110
34556
16280
719
2515
69423
1986
4410
14825
30137
6057
4072
198
272
16500
1523
273
34834
5325
10701
2211
21439
28736
822
86939
1193
31535
40
1074
0
9992
17073
284
0
375
14055
19427
503
13213
5616
135
56897
87
14651
69479
1291
2877
5832
5995
47447
44
57849
25314
1062
37283
14989
25211
24104
14122
7078
194
13260
379
6648
40
200
49729
1047
341
2071
1493
430
1731
93788
9157
291
1466
3326
9385
556
2053
1673
1225
8143
11069
1927
58740
6419
5005
1659
17180
2074
2485
631
425
27534
27383
77448
1588
37889
179744
36879
531563
70040
4561
632
5470
940
1565
764
37346
75832
163217
7955
152
117
1771
5969
3534
447
204
507
1060
502
0
134
18372
2721
488
11294
3696
49332
32597
6188
18320
1817
2088
1109
4890
2829
10706
16110
5921
4413
36703
2238
15600
217
2392
18481
14665
19831
717
11297
25996
331
0
57680
184
42440
3302
4880
13510
9106
7107
581
508
6734
3426
148
39176
2946
30568
7959
202004
619
13833
5766
413
463
1086
2281
21476
1154
404
853
1435
104084
155
683
16308
2364
104
5426
7144
2555
2930
0
0
222
6877
925
197784
11625
789
1795
19837
28656
149969
337
0
5358
6571
35911
22500
29673
3206
10763
1020
2402
20450
9553
18484
5587
2251
25349
8820
188
9372
2828
43677
7551
215
9431
15424
3818
26628
24595
4590
5900
11624
76216
908
39656
1953
587
104
9240
6452
5315
34263
2956
127
5406
63368
10891
2575
115100
10696
48837
0
64234
1031
35136
2229
2901
6212
346
52
13006
8919
1603
16209
3593
56201
8820
3888
930
67716
3269
412393
69056
7107
9120
17905
9375
324316
18494
67
45802
1202
132
893
23152
14336
274
3578
2568
25108
0
33658
4573
1428
47201
423
3551
22873
9188
2984
13194
12642
7592
13346
137
992
293069
841
52525
8017
7290
6337
83215
20673
4695
1825
10272
9134
25018
19279
5057
108658
10681
7918
12352
13079
332
18565
665
271988
914
3280
2582
6795
50270
1076
52
2419
3982
17100
34569
29243
1173
0
1466
116061
132
3051
1499
58893
19475
2564
4474
8638
2656
5748
510
0
100
4639
42698
17388
40
5188
4902
9368
8554
102206
533
39552
21036
82702
143177
7926
2248
12821
317876
4750
0
61230
839
41
5695
120
4845
43368
1723
2021
12190
21940
15434
2342
20073
7346
448
6270
8912
874
22012
20335
1338
518
3260
19246
5144
485
3906
8175
6298
13859
31047
14199
3008
52
12175
23721
0
409
2116
13405
495
17789
3477
299
10840
43997
0
724
25777
17448
22610
40
33089
58
10063
193089
2364
26487
0
1431
612
1451
1224
10051
15461
21177
10036
11882
58
9363
2831
62162
15700
1517
260
3547
129617
2432
12000
236
5618
80963
76
19565
10552
75012
52
797
56
3280
78269
8311
53966
47160
13566
425
8592
18140
7552
30502
4059
12968
16911
9410
14134
23629
8864
18435
3476
6150
208
50430
3376
34378
18661
4427
3168
16169
63736
15526
2916
27135
6092
1536
17297
14650
14280
713
18460
6999
24040
13315
919
126217
10821
97691
420498
358
32786
3195
3598
7929
50685
7017
147
11581
144
10729
2810
0
635
40
2418
96
650
351
406948
10373
40
5626
22920
1503
3273
9876
10552
71111
1603
1410
857
38211
1214
36017
30606
18472
879
17048
131
2443
3705
2873
11232
2476
58460
649
18000
1615
25031
3800
473
7521
320
46858
3690
382
184
7710
32040
657555
65118
244
123
3370
3248
4540
1991
2580
480
95007
57637
31634
2254
493
11580
52
3214
144
40900
101
5168
420
4230
531
9032
17170
30725
40663
0
104
201142
373
57148
15400
18642
728
64265
0
580
3070
17799
28362
991
5517
14051
31433
544
32285
4172
4015
8189
268
472
29864
497878
22574
8511
22270
341
29677
6040
5928
39239
1080
35658
192
41
4036
37693
490
62979
1751
418
33044
1091
10205
84
16835
13733
28694
459
8961
13868
42401
16466
296666
92
57907
4590
2328
858
454
1569
8764
0
5808
13663
20774
85005
6158
539
8547
5593
11154
66458
379
132701
10741
11659
22626
24412
216094
5203
818
21570
1004
244449
18271
90015
156199
272
507
25555
744
36397
8345
2064
120
4926
298
521
7635
1138
8043
1348
91562
9103
4620
531
2513
6691
5825
10339
5542
4316
5431
113333
4170
229
1930
798
29340
40098
1533
104462
7143
10485
19193
8757
30000
54159
24351
8118
6227
222
6784
917
4641
6565
18469
0
55219
20432
61500
10149
2544
1026
21658
11455
6008
24899
4090
6092
5921
7744
3939
2469
301
0
15942
25381
19299
43264
8218
64821
11614
82272
197
0
1314
64887
92169
8968
4620
383
110951
4086
0
7045
2755
6672
10808
5278
6917
2853
27586
4604
3973
339
14904
132
29815
1341
110
6827
419
211
1058
49334
0
11138
5076
1535
21321
18717
24275
160
3605
17320
17132
7631
1110283
60506
21928
48
1198
2117
5860
4817
6390
1133
6781
5265
648
143
47674
116296
4420
72
15801
1465
18240
42040
1400
34779
28210
900
779
10985
441
0
3092
417
39016
246555
3042
125328
4105
27445
1218
344
30215
1504
360
447
3276
2366
618
369524
15994
43584
11333
0
295
32153
17953
2572
31197
10500
2610
16238
23536
3116
6943
5708
0
3080
813
158
50
4212
3289
11470
100319
23363
52672
18378
2178
0
799
0
12352
85141
2200
7044
92
15615
1519
96
16857
12469
23723
1094188
571
32008
14050
20047
10564
24197
35050
42000
30106
80
954
28970
1465
5917
1747
33653
9272
5883
183046
83348
487
4014
525
5968
19762
5799
8874
9455
2939
19476
40250
233
15904
85
44567
19656
1881
44650
1437
0
60
575
54549
200
991
36896
52
367
2245
52
21570
248
685
1565
600
8415
1555
9358
8508
15830
2433
162
14183
13496
19999
92
14503
1982
3428
16564
24802
6670
0
56956
10500
41754
192
7400
2586
13126
166913
10654
19501
10188
2841
14719
40
354
82597
68026
5667
193618
355
144
3550
32411
105125
66621
63234
4319
7389
170537
1335
2708
613
1789
1252
9917
4483
23083
1875
277
93343
82443
8354
28685
902
3191
33209
0
78
69761
13936
263
6213
23226
11264
1273
2806
152
64453
206
79991
925
2525
2404
12319
18327
30821
982
1470
5848
8391
13448
9795
13168
18959
2101
6292
111689
6752
6988
5148
6255
778
877
10990
2385
555
398
339
104
5580
6947
33040
13317
14107
968
25866
1803
4721
3083
6040
3614
4498
973
1590
20389
136791
8792
484
9936
780
43788
65459
1719
5919
1764
29784
40804
17630
5210
329558
264
2147
64819
43343
1843
8448
7765
2956
1268
5654
60
7455
29704
1531
44
74
6611
86467
345
9044
1910
720
8256
34668
4997
17101
100
5838
6562
3174
195493
7816
3573
86
27052
208
4837
6884
40208
8281
25618
32272
119021
18876
9962
434
14209
485
52
174
49679
2751
27108
50951
676
5691
1055
21753
2176
5713
20812
308684
7779
107
12112
910
1724
6907
13826
7578
0
1694
1540
132
7201
1989
1530
29768
1921
137910
6948
10855
21991
68256
101
48
14728
216112
19912
1209
39381
88100
42030
712
18431
0
16045
4786
146
6773
823
9357
3467
9960
1173
2938
866
63641
100
825
2900
5587
917
9078
1715
21361
9788
19584
33256
135412
27323
2932
868
5950
6716
428
473178
166
257
15580
196
2200
1552
2599
392
0
48707
4588
19888
2149
395120
54670
47654
83988
2113
2310
1666
