-3
-75
168
-18
239
53
-1
-77
24
106
144
55
-329
1212
115
8
-250
18
-22
-32
-135
-145
47
-1
-4
25
3789
32
-39
111
-23
-61
5
-7
12
-545
-376
-2
13
-586
-1
-88
161
1
-92
-1
-77
35
59
34
251
126
-39
-296
11
-79
-1
264
-22
122
130
88
-4
18
19
74
-42
-8
66
130
-49
577
50
-101
9
34
12
166
253
9
-7
-27
-73
-181
-17
-15
-951
54
-10
399
0
-8
-20
-1
26
-32
-137
0
-403
-247
-128
121
955
-47
299
-7
-21
-106
36
-487
-30
-788
88
-219
-57
4
39
-98
-44
-57
4576
514
14
0
94
14
7
10
46
1316
10
184
2
182
-4529
55
-78
0
-29
73
11
6
-600
338
-61
-140
126
-28
25
44
375
-2
-5
84
-1
-12
65
-108
361
-175
90
140
40
-46
1
-115
-11
5483
464
99
-6
117
5
20
-16
-52
6
2122
153
-78
-27
-554
139
124
13
18
282
1
577
-7
234
194
-8
36
-11
-61
-9
342
-2
-2
-3
-5
16
-254
74
-14
21
33
101
4
-73
234
93
29
399
-750
25
40
298
-42
-410
-21
33
3
-1
-74
159
-38
2342
-17
56
69
-4
416
-49
-123
7
-239
-10
8
8
116
-2
64
26
-13
12
-94
0
41
64
262
111
-181
-8
-2
-367
703
7
6
293
17
70
0
-6
158
-18
169
-43
-553
35
-26
-54
3
399
-26
-199
36
15
-3
193
-29
-489
-214
-7
-648
4
16
40
159
992
42
-325
231
27
6
-17
-7
-1
-10
-15
-261
245
-46
26
21
156
485
27
15
-18
-157
-12
-102
-9
-26
-32
52
-723
-7
7
82
601
-190
2
26
17
29
-49
7
-206
-29
-7
43
18
135
-1472
13
301
139
-7
603
123
78
-2299
14
-137
17
-2
-110
6
10
38
-188
-4
363
-30
81
5
965
80
-168
-11
-103
83
376
-4
-532
-21
47
-430
1
102
0
158
-20
33
-238
-1
-2532
-386
143
-977
-55
-1
576
375
947
112
52
1
-221
-30
-49
-8
13
-2
30
-215
-71
1
-2
-29
-5
17
-68
34
3
18
-5
-648
-11
-61
-3
26
-114
-178
0
-666
165
-168
0
-108
5
490
-5
-12
58
-108
3
132
-359
-409
4
281
-149
378
-6
-23
254
119
-65
-316
59
0
-255
-8
-24
-12
-445
25
28
389
145
-68
24
64
3
-235
-84
256
-12
37
10
1
-3
12
-15
2
982
-110
24
-44
-1747
-29
7
398
-53
9
-786
34
-120
12
-142
-43
-4
-182
-46
-527
116
3672
-142
6
15
-287
-43
5
66
28
53
458
83
-111
-109
-485
-144
2
39
13
-226
-15
31
16
-1
0
38
-107
127
109
-104
-44
-311
32
-121
36
1431
-38
-55
1457
22
-108
-107
1
-22
2
-505
-19
98
2
-9
-398
-10
-3
-106
-9
-25
9
20
22
-15
493
-104
0
41
-162
-106
-5
-14
-19
3
-118
258
-35
-25
-2201
15
34
138
779
-94
-9
-1
-264
103
-173
4
4
-207
6
285
-20
-53
-21
15
-36
16
136
-36
150
-274
3
-48
491
-1
247
-1655
-724
11
-104
-24
-12
182
-75
-13
87
231
71
140
-1
-85
108
-11
222
90
20
3182
1619
-41
13
-25
3
8
-6
-201
51
-8
31
-70
-42
8
98
39
2
-14
-12
-118
-22
-230
2
16
-105
240
18
-18
532
-87
19
8
-6
-9
26
-805
299
119
-185
-45
-293
-160
4
-4
2119
55
-53
10
3
-31
668
464
-138
-55
-17
111
1343
-91
380
173
-29
144
249
1
-182
-33
441
-34
16
-42
7
2
14
35
-33
4
-4
-7
18
50
24
47
1
372
18
24
-28
-43
-509
-61
20
422
-43
-2
-82
-114
27
-721
11
-1063
2
976
-90
1
-361
51
34
-2
1133
-416
-10
23
134
-60
-1
-8
-13
-92
-102
-133
-29
53
-40
13173
0
-317
-167
-189
2
-6
3734
161
21
-2
-13
-2
1
221
9
-94
14
78
-9
80
64
-139
151
-109
-1
-74
-434
-21
-17
44
-31
3
0
5
116
8
-21
-218
62
43
-11
33
48
15
-158
6
-405
-138
19
-46
5
-5
-12
-78
15
37
6
-48
-254
12
-1064
-42
-44
-23
-135
72
110
11
-2
-2
205
478
-7
-10
577
430
46
64
59
-1
-109
9
36
-177
-4
400
-60
28
-3
71
-37
-56
165
4
406
1051
-24
-8
51
84
-9
-644
0
5
30
23
13
30
-260
32
34
-181
-48
-59
-18
97
4
24
-14
3
-82
47
-21
-21
11
-28
-421
200
15
-410
34
-25
-93
-60
684
-3
-44
-26
-209
380
-68
53
2
-6303
13
36
-467
31
9
-84
0
41
-6
1501
143
-42
111
-35
591
114
-10
-212
-43
49
-132
359
11
-72
264
12
-10
-2
22
-80
-1171
-30
9
-2
-49
12
-125
115
176
-624
-28
45
-190
15
0
-26
-3
9
-22
-53
4
-38
1225
65
-216
-26
-477
-27
-243
-21
-27
61
25
20
1
-202
10
1
404
1
-43
0
-100
34
-366
5
1
-72
1140
60
18
156
2
-104
237
-57
-341
-25
7
-272
257
5
12
1
3
-4
56
-52
12
4
0
29
9
350
8
1
135
-16
316
-88
-33
-9
-2620
8
178
100
51
-400
639
4714
3
-152
-100
-279
-173
18
51
-12
21
-189
-3
-260
14
28
117
38
-12
123
-5
12
-10
23
-76
645
171
-133
-20
4
-68
-3
-690
20
5
-21
-76
400
866
161
6
2
-617
-2
-8
-1264
-29
-1
56
1098
-2
-29
-4
-1056
-3110
46
-90
501
28
215
6
25
347
6
12
-4
-23
923
-139
7
-15
-42
-5
185
84
-75
28
15
534
54
880
-12
-209
-1025
19
838
1712
-3
-38
-5
-90
-31
-50
-83
155
-32
-32
-64
-725
-114
-7
-178
-1
161
283
-8
2106
-17
0
-32
12
-188
80
-347
37
7
-2
-160
-175
-421
-80
-8
1421
139
10
29
92
-443
-11
-117
-3
-14
4
1
11
2
9
-706
-187
-8
-42
-5
118
-214
1522
23
796
-69
-16
-11
172
-2
352
9
-474
-15
405
29
69
-602
8
-322
-118
-134
-10
-2671
-8
479
12
7
-11
-2
-57
306
6
-95
-69
5
-2
-13
10
-121
-270
396
-101
-40
-37
97
862
-207
13
-5546
-60
2
10
-37
-5
4
13
166
-4
-2
53
19
241
144
92
-599
150
9
-8
807
13
-4
42
91
-150
-2
308
-15
-146
-31
326
18
-471
-110
-17
5
0
-6
222
21
45
-16
222
-8
-138
-12
607
-594
50
0
-1063
-103
3
-22
6
207
147
0
79
19
47
-53
-3
97
318
-18
-2575
11
-157
-62
-131
262
-684
9
5
282
-22
1035
22
12
-39
-14
-34
-31
23
-9
-36
-758
61
38
-6
3
322
-67
-17
-71
-25
4
-24
-404
-60
0
59
-599
-21
21
-97
128
43
16
69
43
95
-5
1
-9
-53
1702
-23
556
-16
31
-177
-6
5
149
30
-624
-1
-1
68
-463
-297
-48
31
198
-82
-2
-49
43
-12
1
-326
46
-32
-26
527
-7
8
47
24
3
-4
15
6
-590
817
38
435
31
-91
26
22
1
63
-1056
-9
1
41
-32
41
-28
-204
23
351
-88
-128
306
-26
-7
63
240
0
-47
-3
22
-15
-7
3
-71
-14
-46
5363
-6
-125
-15
28
86
-549
483
379
76
13
-9
43
109
-95
3
-22
-34
-25
2341
-152
-1930
-2
-91
147
86
-283
-30
12
430
-371
-160
7
1664
10
9
484
301
168
-96
10
1
-372
-10
53
-8
18
-824
12
31
477
-81
-25
-191
-6
-338
-2
-19
-70
-32
3189
-152
482
42
-61
107
-7
5
522
0
-1138
-199
0
-3109
-14
-745
-240
-289
34
-4
-55
-7
119
-253
-335
25
138
249
-87
0
-195
-88
-108
1
-36
337
5
149
-2
-674
-1453
340
46
8223
24
47
67
-1
-31
-77
0
24
-12
-238
-1
-14
-102
-10
13
-2143
7
2
-31
-23
-231
-63
9
284
-111
-68
28
-11
5
148
-498
9
39
-362
-880
-48
123
-27
-73
-62
65
31
-87
18
634
8
-7
-5
-71
88
-1
-6
95
-183
179
-12
-615
-194
49
-18
-6
15
85
-19
323
56
12
-5
-73
2
-385
7
10
249
45
-1
19
-64
-8
34
13
5
480
-162
-7
-2
-9
22
23
-357
-16
63
17
2
-420
63
-492
-49
-137
87
17
6
359
15
-2
44
-24
1
-124
0
4
-158
-9
0
-72
28
-395
11
-39
60
-1147
0
-86
-47
-7
-55
14
-4
2
44
1
-123
-333
8
1431
45
189
8
-42
0
188
-48
6
1972
-322
-7
8
76
-31
0
-42
-26
-35
-12
20
9
29
-14
-11
-21
698
232
-978
19
-231
-41
-14
-177
-10
-1
7
99
-122
-2912
57
-29
-28
-8
346
34
-43
483
-14
-5
-46
-8
-156
-4
-6
36
3
29
2
-68
29
34
-1
1014
183
-22
13
259
-3
-18
-21
-226
-112
-216
19
0
-10
-85
-144
-402
-755
0
-8
-495
-17
-48
48
-4
-1038
-233
432
-223
828
2
-188
-3
49
-4
-4
350
74
0
-8
-30
2
-13
-1
-157
47
17
-4
-122
73
-88
-16
-8
76
-6
-58
72
-24
-20
-364
33
75
291
11
-539
-4
-94
102
23
-235
72
-56
3
-15
19
-239
1453
240
-10
-261
9
27
-10
-2437
-21
2
-477
-20
-26
111
-44
12
-16
539
-381
25
-2
-46
-1
300
124
-259
-17
11
-31
-14
344
44
345
-6
4
-87
2
-24
-2
73
-12
-47
393
22
-171
13
-43
86
-56
76
2256
128
1
-85
-5
-443
38
162
147
15
1340
231
-26
-19
3
1
143
-10
20
-367
24
107
38
-314
72
697
19
-322
-39
-40
-26
-32
92
-24
53
107
408
-19
-146
4
-9
72
-150
-22
15
170
183
7
734
1
-7
97
-5
-7
-153
-8
4
6
94
-149
315
-46
-344
-318
-89
-1027
-6
96
18
142
-2
-15
72
-382
30
-285
16
275
-3
-4
-116
-1
46
153
451
-22
351
-7
32
19
-127
-4
1050
-149
85
-319
2
42
397
-6
25
-107
-3
45
8
251
-38
-9
61
-183
-627
97
22
-3
-73
-446
23
50
-46
-12
-22
68
195
-132
-22
309
7
36
16
335
113
-41
-25
-60
9
-5
60
17
-156
-24
7
-770
-89
-1
177
-181
224
-37
273
-121
-15
-180
-119
-81
456
-89
-43
-303
35
-18
6
56
-89
-8
-39
5
-10
40
100
-5
44
-4
-51
179
-31
-140
-913
-96
-2
-4
41
-147
47
-2
-8
26
191
19
0
-228
99
6
1521
-284
972
6
-426
16
1393
131
433
37
-177
-30
8
1
-18
546
-4
-57
-215
-3
79
11
691
-28
95
18
140
43
254
85
1637
22
-9
104
143
-85
-26
-126
-235
8
11
-17
332
1138
-1
-42
-424
3
-69
-191
-53
95
-88
-247
-40
15
7
-3
-24
41
383
310
76
-7
170
9
513
105
-84
20
42
5
-2
-237
7
1
-113
-22
447
-21
-5
373
231
-22
-858
21
62
8
-10
38
-357
-33
-7
-1
491
31
-24
23
-373
116
-2
-68
3
-29
-204
-77
390
-22
7
-7
174
-5
-99
660
-946
-17
-360
-15
24
-4
-602
-192
-26
61
1
64
162
356
2335
-35
84
3
-6092
-32
-238
-9
101
374
-17
-177
0
-15
-143
90
-138
53
106
-6
-309
11
4
5
10
28
162
-26
1435
11
18
18
-11
18
127
66
-10
4942
26
378
-8
-80
-197
-13527
-3
10
-427
295
97
-1014
331
-35
-5
42
36
-375
1105
-80
-141
565
-286
8
14
-596
34
-182
131
-1
41
-1
2
-5
0
-102
1039
-93
40
-382
21
59
45
-92
-91
-6
81
-105
-40
-798
-1072
-17
-99
47
1
-4
35
-58
-22
-3
459
3
413
3
-36
-230
-1
6
7
-129
117
-371
-362
-17
-6
-11
-1
-365
-82
-2700
135
12
599
-9
-7
164
-82
-53
-376
-15
16
-10
-26
155
-128
21
13
119
22
-208
-1
203
2
418
-1480
4
-90
1
4
42
9
-474
157
531
4
34
-12
249
-92
-111
53
-29
-119
-106
4
75
-566
8
103
-26
-67
-7
1
25
-4
122
402
829
19
-6
-14
-19
8
-602
0
54
-12
-28
2
175
52
1
3
-622
-2
604
-10
-9
-20
517
213
-454
-4
1
1017
26
-1
213
-2
199
20
-8
9
149
1882
202
-20
-1000
-10
36
149
-6
-35
-97
32
-6
-94
503
-70
-1
180
-2
5
-1090
-66
-177
-1980
469
162
4
-66
-4
-701
202
-2
2
-358
-117
-22
-186
-21
-373
-7
13
-10
371
30
-320
-169
-5
60
17
20
84
28
1730
-32
8
-11
-457
-374
5
18
15
47
-412
-449
98
2722
-7
12
480
332
-1
427
-45
43
0
-303
-74
19
2
-20
-44
109
21
246
1
-342
-33
2
70
180
145
-17
116
-400
1712
-14
-30
28
82
-15
-178
0
270
38
4
46
223
301
48
117
-126
-494
5
-12
-949
-16
252
-8
-96
-102
117
-35
-2419
-2
-141
-31
-6
33
-4814
-101
1
214
-29
-126
-7
-9
36
-7
-277
217
37
2
-25
-138
35
7
-1
-158
-147
-102
-64
-230
19
84
6
262
3200
25
6
45
-22
-60
-24
0
6
-92
17
77
703
87
145
76
-76
-7
11
0
62
15
151
-2
1
-4
-373
7
2
2
-3
228
-10
-6
1737
-363
-17
0
32
-23
126
969
103
-8
-444
383
-1
14
480
-1677
18
13
-38
-5
97
-32
373
4
-3
7
8
199
580
5
202
14
164
-38
-510
-1873
-75
-564
13
-59
-424
-77
137
166
-102
-1
-48
-274
-44
0
-30
46
-155
1
284
3
305
7
-118
1832
133
-41
63
-131
39
-1895
23
-20
-31
-113
19
-167
1075
94
17
44
-263
-236
79
1091
-108
-30
-212
-51
27
35
75
-41
-1109
-2
39
22
-8
-3397
551
161
21
-4
-13
-80
-221
929
-61
-33
52
-7
-1
-120
-435
-85
26
2451
22
-60
-20
193
-52
59
2
26
152
18
-395
-37
65
-940
-3
379
-4
35
-141
-94
80
20
-26
7
44
-163
-21
-165
36
-8
110
293
13
5
-6
0
228
16
-50
611
37
-282
-78
-2594
18
-28
234
-253
-3
22
-2
7
-406
-48
107
7
-286
-90
-57
-52
41
-85
27
161
-25
-3719
3
-7
-347
-717
-114
109
67
17
186
-47
1
-228
11
2788
14
-167
1
-4
-91
24
-4
10
-3547
269
20
11
-24
-11
-7
-21
3
-654
108
-992
-27
-16
-108
155
-150
-696
-49
-21
-33
4
546
1
14
438
-1
62
-86
-4
-127
97
85
-1
34
6
43
605
-304
33
621
343
108
-220
-155
38
-2
-45
6
186
-231
-120
11
1990
16
-32
122
201
380
20
-107
89
-58
0
-58
-79
-24
4
183
-8
-78
269
73
-63
-14
-12
8
1458
-13
-37
140
61
199
-59
60
-1
-62
168
-975
-1980
5
-12
41
3659
-102
-3
5
80
-5
-1194
-6
102
14
-22
-3
-838
92
-3
-19
158
-15
153
22
-1416
-47
-1
371
-129
-36
36
-72
21
51
1105
471
4
-464
-1
-38
9
103
-324
21
330
-672
-50
-225
-17
-1
12
-59
12
-695
-52
2
-51
-27
-238
-108
-32
-50
-10
22
23
68
13
-1
2423
114
-16
40
31
-86
365
2
162
-167
34
-42
0
1743
-3
-1
-15
419
-187
64
4
26
0
131
0
-4
-43
-22
-11
-123
-135
-5
-71
-1
-375
4
59
-50
-404
-973
-9
8
12
-1
-39
173
30
-32
-1
542
71
-6
1
-2
-55
362
4
-5
-194
73
10
-113
-2
28
92
-1454
-194
-64
-5
138
55
1
-56
79
-12
352
59
-3
-3
39
66
-211
567
22
8
-20
793
65
39
3
-3
-2800
-11
647
0
2914
-4
-133
-203
13
-40
-67
34
-996
2030
23
-398
32
-5
87
-8
-56
-111
-61
83
-10
-192
-159
20
3
2
-73
-15
-13
-85
-14
13
-148
27
6
-68
60
-80
472
-7
-255
99
14
49
-47
-6
-6
-12
-24
-465
-23
19
-21
-1
-321
-235
-65
-257
4
6
-8
122
103
-327
5
217
2
302
-71
322
139
-104
-18
-14
-54
-23
-44
1005
-336
236
3
-1243
-34
-76
325
62
10
20
-25
-63
-4
2
78
-1
13
171
4
13
21
-11
33
21
16
-41
-13
18
6
530
-282
9
4
28
-99
366
-6
38
125
18
108
-162
5
28
11
17
931
5
-11
18
-2475
-302
31
202
-33
123
-2
2
35
70
4
-845
856
3
-4
-54
2
-53
-99
2
-12
-6
32
218
-15
3
107
-4
-56
7
1
73
8
-59
-4
147
75
9
-1791
-13
-241
2
-774
-28
-7
-75
32
-678
720
-1
-8
5
-78
438
6
203
1
-29
-202
-51
66
8
538
17
-24
-726
3
12
376
-13
518
1
35
-2
8
98
-118
-871
27
36
-298
-8920
248
350
33
6
11
-25
78
-757
-14
-22
52
136
161
-126
-6
483
-1208
6
-36
8
1
-26
-30
4
27
-54
-355
7
-296
861
11
-20
207
-24
7
95
97
-4
-35
685
-16
-2168
-95
-49
35
112
334
-110
-101
-19
-1
-8
-7
4
-125
30
66
136
-48
-40
70
-6
94
0
30
73
-72
250
-6
5
-26
-7
-13
-128
104
49
-1089
-24
-82
64
7
44
-296
6
12
6
-52
6
-13
-127
-30
31
108
-35
-2
5
108
30
40
-85
29
-2203
123
-7
20
-102
647
-210
-63
-9
37
2
28
-138
4
33
-5
6
49
-171
-4
-29
-969
-357
3
36
-12
-6
1
24
30
931
-1258
-96
51
-7
-20
5
-4
-218
15
123
0
24
-51
-19
153
270
-884
38
1
1
-16
6
29
-43
-1
4
93
40
-295
5
11
53
-133
-8
134
-20
3
-191
-25
-174
2
-97
-69
-528
25
80
-5382
429
91
32
-9
-27
1892
9
12
7
-377
5
349
-17
-79
-9
105
6
-103
6
7
404
20
71
-4
19
204
183
0
20
0
253
-60
-119
-1
15
-12
20
-36
-8
5
16
-31
-36
-25
-297
209
-10
41
162
-802
566
-40
1787
-20
-45
-429
-11
-1
-45
-131
-14
114
-6
9
10
-3
1
18
-86
-267
1098
23
-263
128
351
-530
2
-10
148
4
3
-4
10
93
-101
183
11
-14
34
-7
-582
4
-12
0
15
114
-899
-66
2
-16
-427
40
3
132
981
79
-10
9
65
-31
1
102
30
2
299
11
9
-270
15
-138
19
2
-153
1
113
-3
-1
2
-63
12
-422
202
1
-5
467
-4
6
-40
26
72
7
-89
306
-481
-1
-19
-154
261
-92
8
-5
333
3
-27
-24
704
31
-8
176
103
-125
12
-1576
-2
1176
34
39
494
-58
6
28
252
592
-104
-347
-10
-13
-118
-6
39
-8
-68
-458
-31
2
-16
19
-52
3
2
99
-36
28
65
-15
-6
-38
861
27
-201
-293
144
45
29
16
40
-12
18
9
-68
0
197
-4
-6
87
-15
-88
-1
17
-14
103
10
423
-117
-91
12
-123
55
-3
-347
-10
-2
21
-21
5
10
298
0
8
488
-13
53
-27
-424
-65
-119
-16
-6
28
-117
-9
177
66
-247
43
-5
41
-254
5
12
-337
-53
177
-69
2
-172
492
-1040
309
111
-196
45
4
-4
124
7
-186
-98
-45
26
526
1280
-80
4
-39
2
17
1649
-12
-405
-55
3
1904
-4
-1
-67
47
10
-21
82
416
96
23
-13
-47
189
-58
232
-17
-281
46
-17
-8
27
-153
-1
-100
-523
-92
-159
-64
-108
-14
100
232
-7
23
100
-937
-997
1229
-34
-7
6
77
5
-177
-74
96
1
-124
29
4
-35
224
-4
40
422
1
0
351
3
-245
-2
121
-2
382
-20
517
-3
-143
828
17
-10
-14
3767
5
61
-54
-4
16
-11
49
-253
-15
-5
156
-315
-199
3
-273
88
-83
-17
25
-29
-39
9
-278
-237
128
90
86
1371
1691
20
9
-91
444
873
-66
8
-16
-7
1
1
5
-40
26
-5
316
-2026
-4
-108
278
40
9
2
23
7
-12
-12
65
-287
-37
0
528
-503
-8
1233
-15
75
-44
6
0
-227
-42
151
34
10
104
-42
131
-2
-113
4
-11
9
-4
163
82
-7
-6
-203
-13
-6
1125
-10
-14
-90
-87
536
-101
-31
215
-1
-16
-276
-395
-1
244
-2
32
-182
2116
-65
-315
-275
1
2
10
49
476
14
-69
81
17
0
76
2
12
7
-32
-116
0
646
448
-56
0
85
-123
14
-11
-2
-43
-331
-1
138
1
-2
-199
2
-34
76
1
11
-647
1
10
6
2
76
-3
34
6
601
4
-3028
85
-1063
4
167
502
762
68
-651
454
232
-61
10
48
21
-14
17
-30
-155
-25
-45
14
7
224
0
30
-82
10
15
-14
-7
1
27
-151
262
96
2
24
-629
18
4
34
-463
43
-11
616
425
20
524
-15
4
-217
1416
-54
445
5
298
69
-33
287
8
119
-28
-1
776
-5
-3
101
53
-184
25
-9
282
-8
-1
5
1
39
-5
-6
56
-22
-16
453
-43
145
-357
-95
-5
-3
83
94
103
-36
-4
-230
-17
8
342
-10
-8
-60
583
-19
131
21
-24
5
-24
8
-255
133
219
-25
224
1489
571
-149
-2
0
89
-14
30
-354
-12
32
-17
101
-99
5
1842
36
-11
-57
-4
-135
-32
-2119
-5
38
-103
4
-17
-54
-15
-19
8
208
406
-66
60
-37
45
70
41
75
-1424
-44
0
-29
-930
0
-618
-33
-4
80
249
13
138
46
172
-21
58
-21
-385
202
6
5
-30
-2
-39
-63
110
-90
14
-12
-70
-85
-375
31
18
-447
-44
-13
15
415
4
-4
-343
-123
-2
-37
-4
95
-122
95
61
-213
-11
15
8
4
21
2551
61
47
451
-47
21
-198
218
-229
-17
-17
14
6
-264
17
-560
94
391
21
-53
-127
-82
-43
-392
-253
85
1
33
-3
15
76
1681
112
17
-21
-52
85
-23
79
-4
11
-1480
43
-12
240
2
-11
182
28
34
-4
-4
512
27
8
103
6
4466
2
-18
16
-238
4
40
-64
9
-235
9
-2
93
-77
36
164
-176
-331
6
-6
81
-1
6
60
-2697
-7
-19
-97
15
44
112
51
118
-152
-27
-878
-20
1076
42
-885
12
-8
-4
55
120
-11
1488
201
-1
-89
-3
-40
8
40
1
-57
24
-13
317
-16
333
2684
28
-87
-1
-21
-171
26
-192
-71
9
-8
-38
-2
-7
101
34
12
96
2
31
-2
1
164
22
-316
-2
75
-26
-3
232
-111
628
-48
393
399
-36
62
-291
147
-3
-8
-4
184
-362
283
26
-31
294
8
264
-48
336
307
-16
-13
421
-28
-73
11
3
23
16
85
273
-22
0
-5
-12
47
-48
16
88
0
-429
16
15
-1947
-6
29
-1
9
5
-113
-315
-12
-424
-580
-6
19
-184
7
95
12
-67
-23
-119
3
-81
468
-101
-139
-91
-5
95
-19
595
8
-245
-4
-1
139
7
3
38
567
-37
70
-759
1
53
-26
27
-79
62
-1
-86
-60
13
-143
-2
-3
7
244
20
84
23
-12
-237
1
-1
-124
-20
9
-3
-5
28
-435
11
-44
31
-20
29
-2
-32
-62
-5
-40
42
-3
9
4
-36
3
3
123
1447
45
53
6
29
14
-343
-5669
6
-421
-312
-332
479
13
14
-1
-207
16
8
11
2174
29
-82
243
178
14
-5
39
-103
0
-1235
47
10
104
183
-2720
358
-246
12
-61
23
50
-85
32
9
-414
41
-1
-19
16
-4
4608
-14
5
-7
-7
-66
1
3
58
11
-36
8
40
2
4
-478
247
31
149
134
-121
-35
-3
1
-1
159
6
-79
1
48
68
-56
8
9
-78
60
-20
88
-35
1091
-98
6
-67
4
47
20
-46
-34
1059
17
14
205
-33
-16
-9
14
306
-96
7
-3
5
31
-3
-100
-182
29
-2114
-369
90
7
40
3
8
-6
-2
80
25
-4
0
9
-81
-1
-816
204
-43
15
-33
1
-2
57
4253
118
10
150
-2453
-15
-20
169
-138
-991
143
-113
4
1000
1
222
-83
-156
-106
-15
-261
9
-5
-22
36
-19
63
-113
413
-139
11
-6
1
169
-22
-11
-7
-23
-1079
-55
3411
1
-4
-53
-806
-7
3
-171
11
-3629
20
2
103
5
11
660
-61
27
-3218
-3684
-482
41
-446
-8
-114
-21
244
-91
-57
-18
74
-406
-34
33
5
8
30
57
185
-56
-92
-11
-3
50
-162
14
1
-59
3
11
80
-105
-36
-372
751
-96
7
17
-104
-216
7
-9
25
-4
2
-238
264
-97
40
-348
36
650
63
-292
51
14
-3
88
1941
295
-12
1
-77
27
-7
154
87
-10
-31
6
-1000
7
-17
5
-136
36
-170
0
173
2
90
641
1
6
203
99
-3
42
37
417
-23
12
-26
40
-1
86
47
365
265
-1101
19
4
65
-2
259
-74
0
-119
344
-33
7
-15
-20
62
120
-51
-9
-54
2
148
-54
-3
-321
582
-24
176
-40
-8
24
-5
-111
17
19
17
-23
-1455
-385
-3
1
-213
-12
-2
60
-60
-368
131
14
31
12
-35
210
-61
5
-16
-59
-80
35
-352
-13
-55
4
113
4
-6
-167
-631
47
129
-129
-26
-1
-37
892
22
15
73
11
-167
75
259
1
-10
-55
-1276
10
-34
13
-312
-333
-34
11
1
169
-9
3
-28
-28
-36
-2
-303
-13
-45
-40
-1339
11
0
-7
63
0
26
-349
1189
4820
1558
-94
-21
-17
-42
31
-5
13
115
194
-53
179
573
-233
122
6
-275
-4
-93
-9
6
-41
72
-12
103
-3
619
11
381
37
-19
19
10
-158
-361
-132
-18
249
234
125
204
-29
0
-3
33
131
-10
-71
35
-13
-3
-78
-13
-1264
-143
-99
-3381
-1
516
466
-90
-28
37
777
-20
7
59
1
99
16
-78
29
4204
-8
6
-43
15
861
267
95
-112
-35
21
5
-316
-154
0
267
-203
14
-250
372
31
1
62
31
13
-8
-15
1684
-31
-442
9
-9
27
1569
-36
0
-118
165
-2
3
95
-18
25
-6
14
0
1
140
12
12
-199
-83
-310
-34
-29962
66
-1462
656
-69
1
18
1
102
-22
412
-173
-39
-1
-143
11
205
3
203
1
-7
-21
71
-31
-28
-832
-1
2
8
-17
0
-486
56
-243
46
4
79
-12
14
-203
-1269
167
44
2
-21
-252
-324
-2
-922
32
374
-101
11
-109
151
-178
24
-31
-17
-3
57
-54
6
-30
9
7
3
30
11
9
222
-6
-1974
99
-10
7
24
9
50
48
37
277
-128
-25
41
54
-260
348
101
-24
270
-33
-19
-5
-24
4
101
0
-2
0
-9
-1
170
-6
357
12
6
3
-150
-954
-17
-60
153
-461
-1279
358
-3
364
-28
-26
3
1
112
227
-66
-4
78
5
-71
527
-3
11
-179
7
-48
2
-1
6
0
23
-31
-300
249
1
-17
-67
-61
-46
-28
17
213
122
-2
4
6
39
17
10
357
6
-2589
-453
326
-10
-31
9
15
23
84
-211
-415
4
-7
-25
-56
2
-703
-29
0
73
-32
-596
-155
-6
87
-29
-34
251
-57
475
1496
-405
-229
111
-2
168
-274
-13
1317
-21
-7
-12
-292
4
-31
-3
14
156
57
24
2679
21
-308
73
-22
329
11
4
0
-8
-24
2
1391
-203
1295
-67
354
563
-2
-27
102
-25
-7
-281
6
65
1549
1710
-41
-1
404
3
-37
33
5
-286
419
4
24
62
-82
-11
-2754
81
-54
-6
-7
-38
3
88
-53
-1
-704
-17
-99
-7
10
0
17
-7
63
20
649
40
-368
1539
-32
-133
33
13
9
-3
-11
1330
-269
0
20
43
-39
-80
17
44
19
-4
-3
-57
-526
79
-75
-2543
987
8
253
463
-7
-280
82
6
54
-114
-78
8
-199
-2
13
-109
100
-18
13
161
-5
40
-23
-227
63
113
1
-11
18
-219
266
4
3
-419
1710
-7
367
0
-6
92
571
-3
-14
1450
-65
65
-22
15
-9662
95
32
-490
-31
-29
-1
-11
-144
6
38
-12
-393
-70
-308
-46
47
-5
-16
138
-16
-5
4
-12
-21
-44
253
25
38
-9
24
-69
-13
14
-7
-85
-31
-221
-73
-133
14
-17
43
207
7
26
28
-178
-4
31
-125
423
39
-7
80
32
-37
-49
0
-2
470
204
-85
53
-77
210
120
739
2
76
-256
12
-8
-46
50
0
-14
669
-444
11
22
49
-268
3
77
29
12
-672
118
101
-1
-122
60
0
-80
-134
203
9
0
-87
22
29
-136
-119
565
271
571
1387
-375
111
547
6
1514
-104
-3
-43
8
6
5
-213
289
-346
-412
100
-113
116
-20
-12
7455
36
99
-22
125
5
33
142
-2
-26
-218
4374
23
-143
42
156
-13
-18
170
-21
-3
3
-2
-121
-50
0
10
43
486
-12
769
-58
5
-36
-19
-25
-16
-31
-15
-12
-49
-2
0
-2
23
11
166
15
21
24
50
12
156
1195
-39
-15
-636
16
-19
-144
2
449
22
-206
10247
3
-20
51
-32
-14
-26
6
1
275
11
79
-352
-93
4
31
21
-32
-9
19
52
515
-91
988
-18
-449
253
-81
-38
0
-50
-5
3
15
-1
-108
-40
-1
-154
-342
-31
-2
-38
-37
-114
13
-263
830
166
2
-145
471
22
-912
7
-1
6
3
79
75
-60
28
228
59
-9
-14
4
8
711
6
-25
-44
366
13
-41
175
16
52
141
17
-235
186
544
2
-3028
-14
-60
-21
-2
-84
5
187
7
-3
119
-10
-20
1
4
102
20
-1369
-3
1365
358
-3881
2
-6
784
42
260
-5
-52
10
82
-9
-103
298
15
5
-36
-15
-4
573
2
41
4439
-23
73
-196
62
121
-10
-12
0
-28
-5
8
0
-35
9
-74
-1
-86
-1056
230
3
2
42
10
23
-94
-191
14
-13
-48
103
88
177
44
-77
-7
-14
-7
5
-5
11
-9
-18
-79
-23
-49
-186
-163
623
3089
-130
113
-70
6965
-593
-17
3
1282
98
-766
32
9
106
15
-25
250
15
-5
-48
-70
-59
8
-5
283
-44
-239
1023
-652
11
64
-42
0
-20
-477
2
15
-43
-142
94
20
-120
-428
-266
-102
-10
-97
973
81
477
49
-31
0
-315
-1
-8
47
6
-786
-10
-4
34
14
-32
-4
33
-243
-123
0
-5
-19
12
8
-28
-419
0
646
79
102
184
-103
-380
3
-1
-91
21
-65
1
-23
23
41
-196
46
33
4
-20
-14
-1322
171
-284
-3
6
-57
-155
-1
-9
364
59
-252
7
-17
-88
2
-3
-342
3
-12
-1
275
-28
10
-4
-1
-3
-24
172
-41
12
186
15
405
66
-18
1
-48
-30
-2
772
-20
160
89
-42
-346
7
0
-9
-21
-102
143
52
4
-5344
173
1
-131
-19
5
-74
4
161
218
-11
-70
-300
-2
-5989
170
-33
102
5
-6
-2
33
-848
3
-3
18
-42
-94
-28
-41
428
-13
3
89
36
-1908
73
-2
-16
-241
10
8
50
-44
-8
49
27
37
480
-36
-4
-37
-12
-4
45
5
-590
105
283
81
-5
-76
-521
-67
125
918
-16
8
-75
17
19
187
-17
-27
-173
-4
-1
0
-1
11
-1493
-6
-115
58
-70
50
137
-255
28
-57
38
9
-116
-5
-21
-2
-45
15
-72
1592
4
489
-1453
-3639
365
49
502
-9
-472
17
378
-46
43
68
265
98
1
31
-254
-18
96
8
-529
277
8
335
3
-1067
-2839
-255
98
17
36
100
-87
-135
-304
71
-97
4
-24
6
-1
206
-9
39
-30
-5
0
-1507
-50
16
242
131
-93
-13
-16
1
-29
13
33
-36
714
24
-3
-2
56
-2
-30
-42
-268
-141
-270
48
-958
28
1
-3
-42
5
-342
718
1
-74
2
-39
-16
79
9
-10
21
-45
1
-391
0
4
29
-301
-272
-154
81
-36
-52
283
-68
-38
-1542
22
-31
-480
1566
22
7
-132
-366
17
-55
-2
242
24
1185
-417
87
2
-3
-2
-35
-109
48
-3975
106
-8
4
-3
7
17
17
-84
-44
-1
-6
8
330
303
-118
-174
-477
-316
39
55
150
-68
2
338
-10
-213
20
979
2
109
142
-42
-57
6
-238
-225
-9
288
1
-114
51
3
-6
-14
654
17
-13
20
-3
-44
-27
-27
-19
-1
-26
7
-375
94
-225
594
-60
-46
673
1710
94
401
88
17
-247
17
8
-596
-8
-50
-75
30
-7
12
-3
-5
430
-125
-317
169
810
-201
-24
-181
-207
-132
-84
1
-31
29
740
143
-17
-456
98
-192
-4
211
42
-146
174
-5
-73
4
-98
-170
-115
72
-15
56
23
55
10
-1
-123
-72
12
-7
-43
147
-469
-42
-78
-112
-5
-2451
28
472
-207
8
40
-9
100
307
0
72
-3
980
32
-561
120
7
-46
94
-204
123
46
12
-5
-380
-6
128
15
-43
2
-108
2
-9
196
1259
72
-28
-3
-13
1
250
-38
355
171
-61
-45
15
8
-6
3
-215
-1
-50
-52
33
-44
21
-28
85
24
28
-4
-12
106
580
-9
-17
-76
-599
-14
48
49
332
202
21
149
123
5
-329
5
213
-14
69
1
-49
-44
-226
214
-4
6
80
-183
195
-173
132
1
9
-23
62
521
3
20
-35
-1973
11
58
0
-722
20
1
-1085
-11
-61
-56
9
-1
9
23
5
-16
-2
52
3
-291
-7
338
-332
-1134
-3
25
25
-181
-116
-370
-62
-3
0
45
-16
37
-216
55
60
4
90
-11
1
146
-65
81
-63
0
-94
10
-123
52
-30
-1
-14
-15
-7
-2
93
-182
-29
-88
28
17
-333
-1016
-9
-47
-597
26
50
146
-265
10
-101
-9
-68
160
-216
-533
6
4
-2
-14
3
-1057
41
60
5
23
-2579
7
22
-88
-11
-12
121
15
-36
318
-114
-504
193
466
43
36
-14
-3
6
25
35
426
-43
4
-2
-3
27
-545
20
-2
-6
36
1
212
54
-22
-2022
5
4
31
77
-7
62
-51
-4
640
11
0
5
-20
790
154
-62
-38
-260
-191
5
-72
7
32
-49
229
-17
-178
-692
16
9
-170
123
-51
-110
-94
-18
-200
2622
382
-32
69
1
-211
-327
21
361
6
3
145
0
1
47
-168
-1
89
86
6
381
49
-301
33
-273
32
-5
-409
-102
-735
-132
-336
1031
-59
25
-4
-95
-108
288
28
71
1472
-16
76
-9
-23
-2582
1
-150
-14
21
-36
-7
-2
616
-45
78
12
107
291
0
-22
-13
215
-10
141
473
-18
35
-20
323
4
-26
-63
23
-6
-113
8
-119
166
-75
-422
3
-4
36
-21
27
9
289
-31
-128
4
-5
-45
4
50
119
-55
47
-6
-8
-23
-38
28
1344
-7
42
9
42
-15
-18
7
-324
193
50
104
-156
-22
-4
-375
4
-40
-184
21
66
44
10
190
306
8
-145
-595
-427
-28
39
-186
-21
6
-129
90
-421
-9
16
375
1
2
48
480
3
-8
-40
44
-47
-24
-26
157
-13
-5
2
-198
-107
229
-20
-25
159
8
32
-1
419
-50
-10
44
42
667
45
577
8
715
-15
-7
-12
93
32
-288
-127
12
215
-17
-73
1784
484
-14
18
-39
1
276
503
107
65
122
-8
18
-14
10
-6
-6
4
19
-2
11
-64
654
-43
20
1
-104
-83
860
-290
-339
-2
2964
151
-740
2228
-458
6
0
3
-60
-14
262
-2
-98
178
-1
-491
-156
-579
5
57
-19
3
-42
-15
-141
189
30
-16
617
43
1
-470
375
358
-9
-22
32
-163
430
-20
-1744
38
-16
36
46
-5
4
28
-41
19
-351
4
275
26
223
43
2
18
-3
-49
38
28
23
-101
-93
17
12
107
-4
-275
-15
-197
6
49
846
-125
-4
-7
-1
-10
157
8
-17
-1390
11
10
-303
0
412
56
167
-41
-179
-467
-5
48
161
103
105
315
2058
190
-10
1
-19
4
-432
-3
198
1592
-2
-6
-20
-374
3
-198
-130
360
6
-69
18
-68
9
-1
-3
-8
20
-332
-369
7
142
-50
-204
97
3501
-399
-161
60
6
46
-1
-37
66
-303
-83
1448
837
7
-1
48
1272
-149
-101
-10
-4
79
-65
-21
9
519
76
1073
6
-23
-1
499
5
1
627
88
31
-24
11
54
507
1446
2096
1
28
23
-2310
11271
-883
2
-79
12
12
378
13
-54
4436
2
-118
36
41
-15
129
-31
-1
5
-8
356
-127
113
8
-11
-76
3
-2
-115
-25
263
-324
8
-2
-170
-49
247
-33
-153
-3
872
855
6
47
-34
17
344
14
10
5
-6
12
-282
33
-3
4
-106
730
15
125
-58
-4
-145
-218
7
-3305
4522
10
-4
-46
-103
-17
656
-216
-25
-22
50
-12
-36
54
22
42
-24
4
-26
13
0
-12
204
-4
45
-30
-88
542
-5
-683
4
44
10
0
508
-1
4
47
64
-102
2570
-20
-2
11
-90
2247
-177
-227
52
9
-3
73
-25
-16
-8
-63
233
86
-21
179
-885
55
0
-375
-15
49
-49
-84
-197
-76
23
124
48
12
31
9
-9
-50
6
-64
28
-380
-6
-18
4
-5
-147
4
89
3
0
-3
2
-22
11
6
9
382
-217
25
332
-19
-1
341
3
-197
0
1
21
4
-63
17
-40
66
5
222
-3
181
-37
-204
-12
13
-5
-35
-9
-77
0
17
2
-13
6
85
180
6
68
-39
-103
-12
-26
-479
179
121
-8
-7
19
40
-87
1
-4
-14
120
-129
-63
529
-40
-345
2
-118
366
-594
-36
173
41
53
3
-355
-1131
-104
35
238
-11
-120
-2
17
8
-628
15
-2
-177
-114
106
-89
760
-41
-331
-3
-2
108
-31
-1
-5
19
-3
40
-33
-6
-92
4
3
32
-462
75
-386
12
7
66
-68
-18
23
-12
2
9
-298
-7
-66
3
-22
2
-3
6
323
-7
-24
-4
3
-54
71
-43
425
191
34
21
-8
-13
-18
-29
-672
-1
-120
1210
12
225
-12
0
26
-17
-1
6
-1
-96
388
94
3
209
87
-51
19
-76
-7
9
168
1
158
-22
-114
6
-40
1
111
154
-75
269
-45
16
-7
11
19
22
-453
-49
-138
-5
0
13
-2
-15
67
169
8
88
-130
0
-326
16
11
5
0
-80
-2
-521
-18
360
-24
-146
-35
-12
-66
222
-83
-320
-348
385
-100
15
-2
-105
540
19
6
-25
-1
4
11
204
-59
-551
39
1
283
-294
23
51
-33
-7
-75
-14
362
195
69
19
2224
1467
-2
1064
-71
329
-447
7
-8
11
354
56
-721
-123
-5
27
-1755
-284
-38
24
-1
179
33
-30
64
26
467
-366
-121
-35
57
6
163
22
48
61
-7
-15
241
16
-64
14
-127
0
-290
330
-324
284
174
294
-386
59
-25
147
-264
6
-19
-56
665
823
-97
-668
451
28
-140
-3
2
-162
-8870
-4
-60
5
19
0
-3
67
-30
61
2525
-330
58
-379
3
-1
8
5
-26
363
17
82
160
-132
31
14
-166
-162
0
-205
202
-2
-37
24
-107
2
-8
-387
40
14
-65
94
7
38
621
-8
-29
5
20
3
-7
-5
-37
4
5
30
0
93
19
-3
-4296
1070
411
-98
-7
393
-26
114
4
7
598
599
3
-8
479
0
2
-990
-25
-210
-5
-15
-739
53531
-671
33
-2
33
42
41
114
-420
-35
902
-101
7
-7
-91
-48
138
3
-41
-171
1022
3
367
5
0
-334
-41
-186
63
-116
-40
17
-25
-412
-454
4
144
44
0
-1414
-8
476
31
436
-24
106
-3
817
-158
20
35
-1
102
176
-101
14
2
-115
160
197
77
649
24
47
-87
5
49
-132
-20
0
150
-23
98
-666
-60
-135
-9
13
270
64
-100
63
-30
1
10
338
196
71
-2
-37
33
247
283
-28
0
5
-10
323
-13
1
40
-22
-8
-82
96
-327
4
-41
-1219
1
414
22
92
68
-126
72
-654
-3
-5
939
-15
142
35
4
166
1729
2
190
-291
-28
32
-7
308
17
22
-21
-33
55
-94
105
-52
-1550
-118
34
-4
-221
-692
52
-13
36
-63
-13
124
93
800
239
-147
-4
278
-10
-6
14
287
-29
4
49
12
233
7
200
55
-2
-9
-113
-81
-11
-114
-144
97
-28
-19
-715
1
0
9
119
-25
10
15
6
5
377
-596
1
-11
27
-369
-2
-83
-357
1635
105
-34
40
0
-5
0
-269
-22
-198
44
-11
-285
29
469
13
-131
-22
52
-1100
-543
119
108
0
197
-51
101
-10
6
-31
61
443
-5
-31
13
361
407
5
1038
95
19
279
79
-2
74
-2
3
75
-4
0
-10
231
-3
-30
-18
-21
-1014
-84
108
-14
7
51451
5
-85
-271
-355
0
-183
4
6
61
61
-3
29
-13
6
433
-92
58
-16
-66
6
241
339
26
-39
-503
-84
-196
-225
27
197
-166
93
-101
-3
-1
-1
-402
99
23
1029
492
266
3
50
43
13
-81
-86
-58
1
309
169
259
-704
-94
-56
274
-146
9
1
21
-18
-22
-229
150
30
2
-6
24
125
-93
-560
-10
16
25
72
11
-760
472
-16
-89
94
0
-12
-2
2
0
-64
-41
-49
98
8
-9
677
54
-13
90
45
-7
-3010
5
-49
-14
2
102
-89
104
-114
9
-14
3
405
23
-4
-42
-170
24
-937
-965
-8
16
3
-13
32
-96
10
-57
0
-70
170
-6
6
-66
150
-118
1091
28
10
-1
109
332
-724
-6
-91
22
468
-125
6
-22
307
-43
-1047
-4
13
9
8
-5
2
90
322
18
-16
8
0
-69
126
1
0
18
2
-53
6
64
-24
96
88
285
-856
66
11
139
19
-219
14
205
99
-148
-3
-82
-22
4
6
-179
-14
182
-433
45
1
167
-246
-26
30
-5
-10
19
15
20
27
-78
-412
-2
977
20
64
406
91
-288
-164
-900
109
1
1480
88
-66
2085
-100
5
42
16
685
8
4
96
132
65
82
-4
26
55
53
6
147
-1
91
388
-25
0
-96
-594
-1
23
6
76
-12
-134
94
-8
13
-117
-19
-34
103
-4
-1547
4581
-15
105
-53
655
1
-325
62
-53
176
59
-2
-28
-4
28
18
-21
-189
211
15
-328
-53
6
219
16
-9
-144
356
92
-12
-5
127
506
-17
-86
-18
-36
-401
12
-18
-2
-251
-27
335
1137
196
-1
13
-36
13
5
-3
98
-18
-211
8
-140
141
1
-19
-14
25
-1062
-7
-17
-3
6
44
-124
94
-26
-82
67
322
-132
3
-40
-3
1
4
6
-10
-47
-64
-67
21
-420
-309
-96
11
14
-378
20
-93
-30
-47
-1537
-6
-399
-2046
40
-27
348
1
-68
37
46
-213
-566
104
-285
-17
157
88
3
-45
-100
-33
-111
-103
467
-417
-70
494
896
311
185
463
-9
105
-6923
33
283
-7
15
-6
10
-717
28
5
1226
-99
-138
26
-25
214
14
-244
26
-99
28
-11
-12
32
-59
53
167
16
1
18
-61
-42
-221
-43
398
93
41
11
-16
-425
-670
584
-325
472
147
-57
12
-379
54
48
-16
1
54
-428
95
5
130
2
-20
-57
69
92
-103
456
103
-5
6
-17
26
127
-19
-81
-155
100
699
149
41
116
4
78
-49
-496
-22
4
231
-11
-5
7
-128
26
-47
2594
-357
167
-41
-1
1897
-532
3
11
699
-119
-114
-2
73
-942
-388
43
-55
26
-33
1
-127
464
495
-380
-15
-5
-173
-46
-7
113
-1028
-1029
390
7
-9
26
39
53
21
-302
24
14
-15
8
187
-35
123
79
-3
9
-420
39
3634
-488
-121
52
76
267
-21
-945
3
298
205
-42
-5
-6
12
-117
-1
99
-46
64
-4313
1
312
41
-38
107
-13
-3373
-25
-78
13
-153
1160
10
-151
58
36
27
95
154
-307
-20
2
-8
-54
-248
-61
77
837
205
44
524
-1489
-25
22
97
53
27
530
-6
-327
-19
10
21
-16
-5
-378
-254
32
-556
37
79
70
-10
-27
-55
19
21
-11
3
3
0
5
-213
-59
0
169
5
14
-5
4
84
15
-14
385
-215
-46
-366
4
-48
69
-16
0
-40
-71
201
45
-25
-16
410
5
-49
285
207
-398
-22
1
14
-7
789
-28
-66
-45
623
-480
1
-4
-131
5636
-34
-133
-31
-493
-40
5
11
21
629
-1095
113
11
545
21
19
304
352
-195
-58
4
24
-696
-485
-13
441
8
124
-90
15
1492
-338
-173
-247
2
0
-37
-13
-4
-25
11
43
5
-233
158
-1
-206
14
269
-4
10
-23
325
0
-22
-32
-9
-56
-12
-37
1499
-126
-4116
-542
2152
-18
-11
-215
-280
19
-276
11
-174
0
-24
0
13
-121
18
18
11
2
174
-50
-122
32
-10
-18
-32
-27
-17
348
37
887
-8
-40
-23
3
-9
217
4
-6
141
21
-3
5
1
-36
-6
0
-71
12
-99
-26
2
-14
72
41
10
1603
2
31
-150
1
12
38
37
-3207
-62
-6
-8
12
-263
2
-280
22
170
5
-23
-2084
-38
138
103
30
-97
390
-6
22
-129
17
-58
-353
-4
-1
16
-135
2
20
-25
1
-19
13
-691
19
598
-203
14
-83
2
-16
105
-444
-296
0
30
179
-282
34
378
17
291
-13
-6
34
114
-1312
49
7
-9
28
1
-15
45
-27
-129
-42
161
7
-23
-9
-197
1141
14
-17
-2
101
35
-5
21
80
116
6
136
4
59
-24
5
-26
3
-511
10
58
-193
17
-2
393
-628
567
0
16
-450
-70
364
289
-21
-814
-50
2
-5
9
21
-14
331
-3
254
-76
162
-169
22
-29
8
-146
1
11
25
-3
2
-222
169
-1
-4
-86
-3
-225
87
10
1
-4
-108
6
275
-80
3
10
558
10
-6
6
156
-167
-248
-380
-201
35
375
-346
-2
3
55
-33
-18
782
56
26
0
-251
84
-11
-280
-82
42
-28
17
-28
-486
-13
58
21
-20
0
-11
-32
-505
-813
265
135
24
1622
-217
1254
4
608
143
388
-63
-469
-339
103
-3
-106
9
-86
-1589
-23
3
56
-5
-78
-193
6
-275
353
14
467
-32
-31
29
-15
-26
-39
1179
-19
2305
-14
-8
49
-78
-26
-8
899
151
177
-14
-43
211
-314
-6
-13
-896
1
15
62
8
1
-46
-27
419
-16
6
-2370
434
87
-32
-83
-75
124
-39
208
6
-323
115
748
-7
-1170
4
-1327
81
-34
-34
-1316
565
22
-18
74
67
27
-15
52
2
87
-51
42
-55
-17
-18
-26
-13
-3
136
214
-27
-870
10
-114
-958
-471
-9
-293
-2
-1098
-202
57
11
-30
5
3
125
28
27
-26
-2
-3
-67
-270
-7
0
70
1
-432
-521
20
10
-73
-9
77
39
-21
31
49
8
368
127
125
47
7
6
56
26
-36
-3
2
-19
-148
-2
-13
107
-162
-294
-9
-462
37
-70
38
-900
62
-397
10
-177
-21
-93
307
-12
-6
-31
-335
-9
130
22
14
-288
163
81
-21
-2
880
-19
-317
100
-102
11
-169
8
-27
-180
1096
-24
165
31
467
-337
-53
4
-133
-215
-19
827
160
-110
-35
-26
13
-4
38
-2318
4
0
-545
7
-22
68
-28
31
-475
77
-224
149
-17
-1
48
-6
-130
-1162
-34
136
2406
12
-148
66
-14
3
4
-3
-26
1379
7
-1
1457
2
1130
1
131
18
24
-84
-3
-17
138
-204
57
8
-75
4
-175
-11
-284
49
-1
608
-51
-3
-8092
142
10
4
178
-343
5
-92
0
-194
90
350
-85
42
-1988
-117
539
-12
141
-9
18
-44
100
-47
58
2473
5
561
3
230
313
-1407
-187
-65
15
3
43
-13
27
163
-853
1
-23
133
3316
9
-17
-80
6
-503
9
-737
4
57
13
-10
1881
34
-4
-3
12
134
8
11
-7
23
5
20
14
-7
-36
1
180
-1
-336
-89
93
-1260
-29
-34
62
1
3
-17
-1482
42
4
70
0
123
159
47
2
-697
-39
19
6
-2
37
7
316
8
22
-28
-97
75
-6
8
188
-21
-3
-3
178
-6
-10
-157
-60
-56
244
93
112
-660
-70
-44
1146
127
179
-16
-287
19
26
561
-30
1
-3
5
-80
-19
346
-23
-12
627
77
29
-383
300
-571
-61
-19
-33
386
209
-12
-13
-60
-246
16
270
-12
-2
-734
28
-105
26
-717
-249
584
-3
-292
2
-10
30
-8
18
2
-34
32
414
-626
9
-45
-264
123
34
-1512
261
126
89
24
125
-27
5
-35
158
56
184
-33
-6
1
267
-43
-116
7
288
-2
-9
-171
-40
8
18
-7
75
-159
-63
-62
-10
-57
-72
-15
31
-7
-9
-1
-4
-1459
-92
11
-52
-173
3905
-41
94
6
-1042
-114
0
10
38
-36
7
69
123
47
392
60
-9
13
-41
305
474
-308
212
8
-38
86
-16
-50
-3
74
-19
-230
232
170
-10
-300
-48
96
2
2
82
56
-119
-4049
-1
153
-28
14
-10
-39
48
55
-26
178
691
-18
556
1061
-831
-17
-126
-43
-56
-2
932
-20
361
59
337
-44
21
-363
-48
37
-90
-58
-8
95
8
-1170
439
-118
-41
-22
24
-390
-127
43
-41
3
-8
10
-6
-25
-34
-5
-76
-14
4
1578
4
-26
-60
25
186
-11
223
304
402
-127
1
-81
-99
-16
5
-54
-260
45
-1207
-1
107
-4
-70
20
19
-24
-137
259
-7020
-770
16
60
-9
3
-326
-4
-204
-405
25
977
-76
-792
-3
-12
-13
-102
-370
-26
-132
-11
-986
-6
170
72
-211
116
17
296
113
99
26
-42
751
5
1105
198
13
166
-67
-1
46
-37
1257
9
-5
0
-23
16
-13
53
1209
-22
38
-44
-695
-70
-42
145
-1327
-3
12
-8
-2590
-3
5
-22
490
58
344
29
-12
-3
-72
-512
0
29
49
-8
-1
-137
-2
-33
4
-38
-620
47
-1
147
1
7
-23
39
-480
-4
405
25
252
-3
3
5
6
-248
80
-135
32
183
-8
88
-213
-249
-5367
-9
243
8
-114
-31
0
23
2
8
29
89
15
0
-10
0
34
2
36
47
-86
-8
14
-89
-333
-56
15
123
36
-120
-174
54
-250
-8
74
-1
31
-4
6
-8
54
-9
-18
9
-113
-116
15
-31
-48
168
-7
1
-15
28
-92
-23
-12
-7
17
10
81
225
291
-383
401
139
5
17
9
-9
10
9
15
-23
17
322
27
26
398
-73
0
-148
2
-2
-227
-7
-1
0
-328
-671
-153
-471
-46
-126
552
-102
-23
9
-1
6
-4
-599
-270
5
14
-580
-9
-44
-66
28
-3358
-1
0
-24
-7
408
-118
-115
10
107
-22
29
-89
-101
3
1003
13
60
-37
-9
228
5
-4
24
-31
1020
-6
-15
13
0
2
-32
35
70
1
0
-5
-94
16
755
3
3
-25
12
-856
-25
-1965
2
2
-15
95
93
-1319
-171
2
-61
393
-203
-24
-8
-101
-7
97
-13
-4
-28
-158
-144
-5
-80
205
219
-63
-187
107
37
-6
-123
-33
-51
18
-55
19
-236
-2941
-1
897
10
-641
-632
264
-202
-420
0
-77
-14
367
-26
9
-634
-9
-8
-1051
-1
73
15
1091
-19
-27
685
-51
-37
-2
254
4
-2
233
24
1
-361
25
9
19
-140
-140
-307
-7
-128
-42
-2
-7
28
-45
-4
-478
-10
8
-77
-60
-439
19
11
-95
-324
407
458
9
23
256
16
9
86
88
487
-2
89
25
77
9
50
-68
509
-27
9
-11
825
-250
1
-20
-386
27
136
26
-4
-81
30
-170
-58
-1052
-13
-13
-27
-53
-12
-13
39
44
-233
-11
-70
-286
-15
0
76
-129
6
-5
76
-8
29
33
176
10
165
1922
3
-30
59
377
360
-149
-48
136
5
70
108
30
-26
-348
-5
-136
-28
-342
-157
-11
-22
42
86
281
267
-468
-306
-12
50
-50
-23
241
-38
22
211
186
-784
-33
-6448
-35
-1
-248
29
146
56
-223
6
-6
-159
-55
1
26
-40
-28
-3
16
-9
-156
-31
2012
0
-49
6
192
33
-108
29
51
-671
2535
93
21
303
157
-33
902
-186
-42
-35
15
-13
181
0
83
-411
-7
0
-303
247
-5
-2
10
1242
-34
3
19
-142
-2
6
-66
4
255
-1019
-8
0
105
-34
-524
299
25
11
400
1126
-10
100
3
0
-154
-24
340
-33
-150
164
-118
-3
0
-71
459
-28
-26
8
630
184
-4
18
14
-53
11
51
0
690
5851
69
12
-95
-44
-3
-271
-2
-3
10
-35
-20
5
-14
44
9
133
72
15
102
2
-238
26
1078
-11
-216
-525
40
-85
220
11
113
15
91
-372
11
3
-61
-14
342
13
106
-523
-370
-35
-806
-1096
-184
35
10
372
4
-19
85
22
29
-176
-43
-89
161
5702
72
-625
19
-59
-5
10
2
-2266
-20
-46
-48
-408
139
9
35
-462
-231
-35
154
3
14
-16
123
5
-8
59
-226
19
54
91
-21
270
142
-528
-18
380
-327
2
93
-11
-3
1338
-244
129
-14
-571
-164
1
-3032
16
68
0
-110
-13
-20
-169
-33
-20
-13
-59
3
25
-5
-27
-1142
3
-59
-24
65
352
0
-255
-6
-26
-202
-23
77
0
600
-29
-1324
-3
290
4
-239
93
-1
5
-104
1381
83
-9
148
30
17
-687
-5
-416
8
48
-92
23
-108
3
20
16
10
-13
134
0
33
-21
4
-11
-453
-158
-1
285
-1045
-147
18
-5
-40
18
-8
27
-162
-329
6
160
-2
8
-21
-787
-2
-170
58
11
340
-17
0
-124
-193
-659
26
6
1
618
-5
-137
-11
-34
-118
-1
-20
442
201
2
-69
41
53
-23
966
-426
189
-103
1
-2
-124
-75
-40
35
16
4
461
11
-668
-68
-1
26
-1
-4
95
7
-831
-24
84
1
26
55
0
-119
-31
-423
76
11
0
2
-63
0
162
-13
114
-2780
248
4
-78
-8
-18
-148
-436
-24
-2
210
-141
-304
-232
-34
61
-74
487
-56
-346
-59
25
-6
-731
93
57
-412
-5
-652
-64
6
-8
24
0
376
40
661
2
86
-59
-14
-209
17
8
-232
-321
748
36
67
-5
-40
-4
-1036
-1
-104
-34
32
-2
3
-10
25
4
-165
8
161
158
23
-231
-55
-181
85
0
9
-179
-1
52
273
-84
-472
-51
6
-1210
73
-28
7
-6
-52
70
5
25
8
-1
0
-11
-75
642
900
534
-246
379
672
81
25
180
972
-3324
-276
-601
2877
-129
5
9
-163
15
-35
20
26
-159
-27
-848
-1488
-769
11
16
403
-55
742
50
-837
-436
6
-13
-12
0
1441
-35
6
86
-193
44
16
-87
-54
0
-4
-64
2320
55
10
13
204
-13
-23
-89
-232
-188
5
2754
-34
-15
-36
-304
-12
6
25
239
5
3
1331
59
-296
4246
224
-221
871
943
116
40
12
176
5
310
-9
-7
0
0
4
16
-6
-7
121
-61
619
-1
-41
-52
38
89
308
7
6
-174
-401
-2
62
134
-68
444
-24
-19
19
-561
221
11
-27
-1398
176
1
153
261
-119
1
-78
-18
-85
17
-394
-1
161
18
1
70
-45
-23
-253
-8
-43
-3
-14
61
30
-14
73
-38
2
-6
1277
-9
6
252
-50
9
-52
8
-1123
-4
45
49
97
16
426
-60
414
854
57
19
7
-2
-589
-126
54
-365
-20
4
7
-270
20
-47
64
61
2
1
46
-34
-3254
-21
-2
-96
22
22
-2431
7
65
-2
-19
-20
53
-209
55
-73
96
294
-13
279
-6
5
44
-76
-42
-210
-2
76
8
-1
19
34
-16
-20
391
87
128
14
55
-10
-4
-36
-5
-8
-94
8
-639
527
-59
-114
248
3838
-177
-24
23
405
-3
-24
20
-29
-6
-70
-202
-1048
40
-20
-44
-1302
614
22
45
-2
-133
-143
7
500
-1
-8
-17
-120
-442
-1840
-10
165
-24
-11
7
3
-315
28
75
213
-13
-28
-3459
1312
-19
11
62
0
-482
38
-86
28
-28
-36
-1
-283
-5
-34
-439
-51
16
-1170
-143
39
40
229
0
-147
-17
39
37
6
-102
-179
-66
-181
-10
7
51
8
0
57
7
13
-47
155
0
-45
-3
-5
-66
-141
991
-11
-99
203
-172
849
4174
36
26
1
8
15
27
-6
1
575
-701
-67
-44
7
-270
17
-1720
-183
-334
118
22
12
6
-114
466
-56
1718
25
-74
80
31
5
1162
-15
-5
118
8
74
285
-4
9
10
19
3
2
-381
-12
31
6
-280
-8
-19
18
23
-44
-49
-8
189
451
-6
2525
-18
599
-20
196
19
12
-47
-2
347
0
-4
-2
-37
258
7
-247
-396
91
-12
23
53
16
-1024
-344
22
23
-783
-22
-102
40
-77
-83
46
6
29
-111
-23
-470
181
85
27
-227
51
9
29
253
45
7
-42
389
107
123
4
517
-4
-20
1061
-1877
-78
-4
331
9
1
-198
27
4
-78
-19
-9
-474
24
365
17
723
-28
38
-8
-204
185
-76
755
9
157
10
43
-19
14
-62
-116
-65
-7
39
916
16
-15
-3502
-250
-171
-90
-2
-5
80
100
-440
-19
-39
27
-56
248
-7
-24
-2763
-127
444
-25
2
12
1959
181
-6
-181
53
177
99
-49
-20
36
-48
102
0
16
21
-2
6
609
0
409
-20
-470
116
-13
-80
-44
22
-17
50
2
-564
-1517
200
-8
-15
8
0
1706
-5
19
6
7
-2361
-4
-11
105
-16
1
41
-1652
-33
-406
10
108
-129
-85
-377
-16
-300
1689
-11
-1437
-1047
3
-34
232
-266
-12
-16
161
196
-476
0
380
59
-32
-340
8
-363
2
112
20
-34
433
49
-27
558
1306
-1096
-66
-45
17
18
38
-119
-9
-29
691
-13
-738
37
0
-514
55
242
-13
20
19
1693
-28
0
34
7
14
-99
58
-21
-93
319
-548
12
-111
-1
424
272
-105
3
5
-1002
-35
1
8
57
72
430
150
69
-20
-1017
-17
-24
376
2283
28
817
31
5
87
-28
-76
0
45
-50
82
-3
-14
-156
-13
-25631
-207
212
-49
23
-413
12
343
-411
-114
99
27
-54
-204
-97
-38
-127
-6
-77
-154
-124
-112
-71
129
-18
-91
21
-41
57
18
404
10
14
59
44
-28
202
-4
-6
-254
12
-66
8
-139
-7
-1
-49
96
-44
473
158
146
969
109
5
-7
-25
126
33
25
20
0
49
-668
-47
10
112
-50
-1
16654
-340
-946
179
5
-294
81
-5
-184
2
-104
-48
-5
103
-31642
-189
-387
340
74
-4
-23
45
313
67
-5
8
15
17
-509
48
-524
-70
-75
48
2061
154
7
-10
603
5
24
-61
1390
4
-24
271
-161
-123
5
-221
60
41
-101
296
0
-111
6
142
-8
-15
1
-25
2536
13
-275
208
15
282
13
24
2
-24
2
35
215
10
22
-480
4823
18
37
-38
-15
-24
-11
385
15
-19
-115
3
34
-5
0
52
-15
-9
395
-166
14
3
-122
12
-26
-4
96
-101
-39
-292
1
34
21
76
155
183
18
7
28
-227
-11
1
-320
-2
-10990
-1
-14
-13
41
158
-319
50
-7
-5323
20
-86
43
218
-60
-3
-7
-915
12
-17
-53
-6
-1150
80
-52
28
-290
-12172
-2
917
-1
-188
-28
0
76
-7
299
2
-58
-255
-9
6
-49
-1
9
48
-41
-1
-4
-7
-31
92
-375
-7
6
-34
8
-1676
25
24
-444
-23
-33
11
115
684
-83
8
289
-13
-154
80
120
-15
-318
-12
39
-680
-212
56
-195
-24
355
24
-438
-2
-9
22
-145
-52
-8
17
-21
-98
3323
72
1
-199
-32
-495
-82
1
42
5
17
158
17
-44
-470
-39
0
67
-13
62
-44
-10
-2
24
-21
-543
-9
158
48
3139
-3
-32
141
-46
-637
49
-753
-150
-34
71
1757
5
0
320
93
-14
44
10
-40
-3
468
6
-57
24
356
-126
-32
-93
0
28
-87
-2
158
-40
-5
22
2
-15
-3
26
-25
-499
-22
19
-10
3
177
-17
-4
24
-378
-70
-11
-3717
3
506
159
1
-11
-47
-719
-5
332
-235
-35
2383
-174
24
-565
-737
-134
-635
-3
-1
-82
-6
44
7
0
-1824
2
94
155
3
-2
384
8
-366
-4530
41
4
61
8
-15
53
14
-1
-1
164
-16
539
61
-3
91
102
-70
16
2
-1
13
774
188
13
14
-344
-54
37
-26
-152
32
292
-193
-132
137
38
15
-1605
3
39
3336
7
1
-76
-677
1653
102
-414
0
183
-13
-37
1
-24
-24
119
-570
151
-358
5
224
745
-102
-96
1
11
-7
-213
-16
-153
-26
23
6
-14
-132
-30
16
16
-22
47
64
-28
-11
26
-237
-20
20
1
-149
-47
-41
4018
113
-1320
-16
-4
385
-148
26
12
-41
-1
-20
-123
-38
62
-49
17
141
-16
58
17
1250
-27
-632
-11
-554
66
-12
5
0
1184
16
66
15116
-47
5
-42
-18
-11
-73
51
-3377
731
261
1415
-25
22
17
-30
-22
-382
-5
-1716
11
33
-6
-1340
-411
752
251
-127
1
-330
-6
12
-271
13
-44
1
1
14
147
-218
3
1
-523
35
107
-186
3
-9
59
7
1110
66
-74
12
6
-6
27
-282
-2
21
-16
3
-12
168
-14
-1029
-79
4
1
44
64
-39
151
74
2
164
60
5
441
-560
23
-96
-19
-31
-4
-43
6
-655
1
12
-2455
41
-1
135
768
11
-91
-15
80
134
-94
271
-45
-52
-72
1
-55
13
-32
368
9
14
-32
0
-511
1686
34
-1182
-3
315
20
17
-53
12
-93
1
598
745
62
-19
-45
40
571
-2
-22
28
0
14
1
12
-594
103
145
-282
1
-1333
339
-1048
318
20
0
-5
209
27
17
2
231
9
-29
-14
943
3
6
-4
-142
-30
-26
-5
-63
121
5
15
-28
-5
-94
49
-1
-11
-11
2
19
-215
-3
-209
-68
-33
363
25
-172
-93
-749
-24
109
-89
3
4
8
-87
-13
1
-79
73
-97
0
-115
-26
-19
44
-2
-83
-100
-12
-188
-120
14
482
35
172
6
946
-164
-108
-199
-137
-428
-10
-38
-57
258
17
13
5
-25
1431
18
56
-22
-2113
61
-1
-185
-21
139
-16
-83
-311
-654
-12
-114
-40
1633
-115
425
11
320
-6
387
-7
8
-36
2
-18
18
-7
16
38
214
8
-108
10
-23
3
6
252
20
-421
218
-1
-77
14
-358
-16
10
-12
-5
-45
-15
32
-23
-71
21
3
8
60
-750
-837
12
-338
556
-473
91
2
0
-17
-32
277
-55
40
-868
-125
-530
-9
-21
4
12
-2179
15
66
1
-420
7
2
42
-14
-16
-5
5
36
-40
154
160
-10
229
-24
-6
149
30
-8
127
119
-379
-61
3
-269
-25
3
38
-54
25
1
-14
344
-7
56
63
-10
-13
1
27
-129
-2017
-2
378
-8
134
-258
5
7
10
-1
-4
-12
124
-2
-34
230
-21
-1
855
1
34
23
5
-16
-32
-14
34
-22
-15
-5
-23
3
-987
6
13
-181
21
27
-20
-143
-695
-372
-42
16
349
-32
-20
0
9
169
-5
-7
10
189
-3120
5
-13
-17
273
32
-592
338
-21
33
83
5
1
-40
4
31
182
7
87
-710
-180
-6
-2
-21
37
83
45
95
12
5
16
-55
33
-510
-278
129
123
15
-29
-148
285
14
3087
-11
-248
10
3021
20
291
306
-650
14
154
24
-4
-18
212
413
-13
24
-1163
0
118
10
-1
159
274
24
-95
-5
-26
8
-26
1515
42
34
-25
403
40
123
-38
271
380
-16
6
390
-118
37
10
-12
-12
-724
-82
8
-38
0
-11
-50
18
22
-5
-22
230
-3
1
2556
-1006
35
1445
539
-17
477
-11
77
-237
-63
21
-5
-39
-97
17
3
-4
9
23
2
362
4
26
-21
-11
-39
14
-103
-54
-447
20
416
-2
4
-32
-353
201
-11
377
67
-3112
-13
2465
119
2
-96
258
-18
29
-147
-8
-28
1
-41
-9
219
-22
-4
-19
36
38
6
16
68
-372
7
14
-171
161
102
45
-37
-2
-22
-140
-419
1269
-337
-25
25
19
32
-8
210
-317
-76
14
-82
4
20
0
13
4
11
79
-1053
-1181
-95
-5
1853
1
-34
-14
-9
33
36
87
2183
-45
17
62
127
14
-383
13
-31
10
229
8
13
15
1662
-1
-32
-4
187
-26
30
-14
-161
-3
28
9
354
7552
2
35
-8
-20
-17
385
-270
20
357
29
42
61
-7
24
-14
431
51
163
-14
37
-35
-630
51
471
-19
81
-94
-34
177
19
-3
-50
51
-362
20
15
90
-8
9
1
-8
-5
13
7
111
-25
-1355
-140
9
13
-53
5
-21
31
-231
-6
-6
-1
8
-60
-14
-16
222
-92
-15
-251
-2
-27
261
318
-1
-35
-3
23
10
-114
67
-133
-50
19
-15
-4
-43
-56
-364
-62
122
-10
181
-765
259
-620
-67
-9
-15
7
-519
-766
-50
-13
3
-70
-2
-17
6
-81
3235
-94
-7
413
-132
-58
-56
-131
-2
-389
-431
4
-6
-26
3
-99
-13
0
194
-118
37
-40
208
-2
103
173
-205
-17
33
7
-65
-10
-12
1449
9
-368
39
10
-632
-172
-83
-42
-253
-14
-1262
-6
-64
12
59
163
-27
40
-10
186
-17
130
609
-59
-876
170
-162
11
13
-37
11
182
0
-88
2567
704
98
177
-101
-31
-14
-5
11
-9
19
305
-21
4
-20
-232
7
-432
1
-12
-20
-195
1389
24
10
-29
17
-348
-3
55
-208
-90
-1072
-7
-7
-49
9
-314
-2020
44
19
-384
16
28
-26
28
-39
652
-44
-50
-4
102
30
-904
5
1
-26
-145
-7
20
-4
-105
-255
-783
-31
-3
-38
1
-45
1204
72
257
2
-345
70
23
456
3
284
-18
-158
-153
844
1862
313
217
167
101
-41
-4
0
-2283
-35
4
-41
204
1569
-35
6
-7
4
134
77
470
-106
34
-41
478
-116
-9
20
-620
0
73
15
28
156
-4
-358
-13
-49
-64
-24
84
-28
33
-10
-24
1
-344
144
-35
-222
-301
-9
1
433
54
0
6
-80
-88
12
-61
313
2
-115
9
4
-41
-82
-129
-321
-27
3
-12
-198
8
23
-10
16
-1149
-8
-3
-50
300
1
-106
-57
-326
-1168
-2
-44
16
-27
74
147
-220
-48
-2
-59
-74
27
-406
-8
9
-53
87
-832
156
-59
-55
-32
76
-369
30
-9
271
-50
-112
-4
684
44
244
-14
-3
-38
97
-20
-3
-2
42
24
-15752
409
195
-369
-84
-9
202
-1250
-37
-24
-98
-52
-5
-5
-19
16
-284
-8
1399
-24
14
-8
-28
7
-4
34
-42
-1
-333
-712
-67
-4075
-2459
-64
999
10479
-80
-1
-1213
-8
295
-21
-8
-42
7
26
5
620
110
102
14
-30
-40
-60
67
5
-8
-7
172
18
-34
-61
-645
-27
-126
-311
0
-13
-677
-1
-6
8
-146
52
13
8
-81
-2
10
15
73
-14
171
608
1
18
1
14
191
-3
-28
11
-108
-132
2
200
114
-1
723
-239
46
-9
69
93
110
88
-55
-14
-4
15
78
10
79
89
-61
-95
-154
-65
-17
8852
-28
7
85
-17
2
-94
126
-453
-87
-1
435
457
-4
-1572
12
-107
3
0
-90
60
-19
-330
-277
-126
-317
166
-189
-3
223
-53
-11
-332
19
-718
-30
68
46
56
-3
25
811
-268
-34
-1
819
131
2180
-8
154
-32
-1
-270
-34
1627
-108
15
-8
-4
-60
1
-65
35
-130
4
-8
942
-277
-520
-21
0
82
24
-23
-2
95
-6
6
6
55
254
-669
-8
-1
-114
334
116
-337
-116
1
275
139
5
-104
15
-11
-427
-82
-204
-3
28
-946
0
-11
207
-29
180
-240
-2468
-56
388
-140
73
72
-623
-26
-34
0
1
22
28
154
-562
10
162
136
266
-21
469
19
-122
102
1
-663
52
-63
-7
82
275
-37
-6
63
-19
90
-180
3
650
-855
237
-296
-20
-14
2
158
-49
24
5
-25
-212
-375
66
17
251
49
119
3
8
-316
2
155
10
-33
5
191
18
1
10
48
-94
-56
-14
358
-19
-180
145
21
0
-315
600
0
-3
-86
69
-446
7507
372
39
-113
103
8
21
-19
11
198
20
33
4
31
415
41
4
-516
-15
-104
222
296
-2037
-30
1994
-56
-1
21
-4
27
-106
-428
-5
7
277
372
-232
34
22
248
-5
-25
-19
-153
-15
-47
520
-4
138
431
93
-23
-357
-8
71
-9
4
449
-420
-2
8
-75
-4
2
-21
-21
44
2
-1723
125
350
3
-7
-4
271
0
-6
56
-14
-49
-30
-2
-91
-145
-487
56
-38
70
345
39
103
8
-165
-444
-26
3
-236
43
1
35
-8
-20
-3
-7
61
-32
-271
114
432
221
73
-21
-336
307
94
101
-15
411
37
510
-55
3
104
-4
-13
-300
101
-155
-191
-11
13
14
-41
-4
-115
227
-11
-2
-31
1149
-3
1
-10
11
104
-14
-5
-9
127
-35
6
54
-16
-46
-118
32
76
-76
-1139
-21
6
-24
-200
-422
28
352
29
-158
-5
6
94
-7
56
-43
73
-19
-8
-84
-109
230
3839
341
-122
51
376
-246
12
-13
-4
17
-109
4
-17
12
9
1777
400
66
2
-203
-74
-350
8
-40
-26
1040
-337
31
-2
-14
12
-9
301
19
3
4837
6
-60
-222
-88
17
-436
3206
-1
-505
-23
-1078
68
-168
26
-8
-11
-76
-4
-20
-1
-40
10
585
-114
2
268
19
-7
45
-8
0
35
26
274
-28
-282
3350
3
-10
-33
330
-33
360
-76
12
-29
-2
-404
-3
3179
-16
-29
42
5
-93
-20
5
-53
12
0
2
-43
43
90
-3
52
6
-5
-13
-72
167
8
43
-62
39
213
-51
-494
22
390
160
-185
3
214
-1191
-11
0
-112
-1259
14
-7
-24
145
-6
154
-39
-32
-3
-13
133
1
-84
7453
-20
6
26
-403
1033
358
264
78
-19
-52
52
-1
-9
4
-168
-121
202
-118
-24
-16
-100
0
-70
-7
195
1025
6
325
-92
-284
-6
2
34
-16
6
1095
-260
216
135
26
67
9
141
25
30
-8
5
6
6
65
-211
-23
1
468
18
1527
5
-13
-3
-17
-99
-7
4
225
7
-58
-268
599
-22
38
-30
-201
-354
-10
-85
-32
2
112
-6
3
2
-149
-39
27
-1340
1487
-7
36
1216
-3
124
117
356
-52
117
-1
-559
15
-9
363
-178
7
32
-33
-18
-26
15
134
-633
428
683
-60
0
-200
-86
544
364
2
747
46
12
-500
-2
-258
91
0
219
0
-48
-3
37
30
2
1
-807
-84
-55
-30
-2
26
-66
-42
38
-9
8
-34
251
32
315
-345
-637
-234
-8
-326
-14
-1
-1050
193
4
-63
45
563
130
33
-3
55
-27
11
-126
35
250
-41
90
-101
70
17
6
-5668
13
19
34
-301
-111
-46
-3
-4
6
-47
-60
21
-20
-18
426
166
-673
-379
-7
-1986
13
0
-1828
744
1647
135
9
279
0
-11
111
0
-2
-10
-28
64
95
166
-1101
15
-24
29
6
-158
815
50
2
-3
48
7
-21
-26
108
-107
15
15
-87
3697
-1348
77
-9
-293
-17
-223
18
-54
-5
-16
46
9
-8
71
-28
5
-91
36
51
-104
-19
-19
-13
70
-47
-78
11
-14
-12
-28
5
10
79
6
-199
-139
-26
-14
0
420
2
-32
-545
-12
-3
181
104
-245
543
-18
707
77
467
-33
-255
-58
8
10
13
-5
-93
-14
128
2
45
-322
-120
-231
-1
-230
-13
-3
27
-1236
16
27
-383
156
59
131
17
-4992
-7
-24
13
20
-1
21
-18
-725
4
11
1009
50
70
-6
-8
-15
44
3000
14
-943
-4
-433
87
9
-168
5
5
-6
-362
-6
65
2
113
28
-8
-4
-19
113
-17
68
-28
97
19
-135
371
56
-2
-49
-32
-17
-4
2
-60
11
-157
37
139
8
36
-72
-11
129
74
-1209
7
75
-5
-482
-30
-11
36
233
-1241
-172
-33
88
-2
1936
7
0
219
-131
9
-34
174
81
50
-1
-9
-12
-8
11
-136
55
-101
-252
0
-39
-67
-50
542
8
428
-9
16
4
24
21
206
-289
116
-25
8
-26
-22
4
-146
4
-4
-11
35
90
-84
8
-20
152
-11
32
4
-22
562
-554
1
-72
-81
-9
65
46
17
560
24
-23
4
257
-175
21
-8
-409
101
1
-203
1
1
-466
-2
-144
1408
7
-31
50
5
-257
-732
-12183
67
-1674
-25
0
357
-700
276
-5
-11
-8
-847
-14
25
-8
-59
29
15
-39
-758
-169
3
-94
5
-3026
388
4
28
-5
526
-39
-2
-97
-235
30
12
8
1311
0
1
11
599
-1519
71
-67
-18
-24
143
305
28
-36
-11
-206
-58
-35
20
-5
21
67
42
2
62
-118
12
-406
457
-49
8
4
-11
18
261
-108
-52
1
210
-39
468
227
11
-2
-45
8
74
-22
-191
68
109
22
35
188
-54
56
-39
-170
-227
22
-5
-500
14
-3434
140
-338
-20
-8
-7
128
24
82
70
497
-6
13
-1460
-62
-2
34
30
-1139
1176
-162
-37
-16
17
315
-1036
2
21
21
-42
60
71
-699
6
0
1111
-13
-119
6
202
-25
-141
7
26
21
0
-10
-87
-6
68
101
-4
-58
-30
-21
-18
210
11
1
-488
-667
2
109
-2
-120
-4
-16
-37
-102
-88
57
-6
12
-239
47
-8
-268
-13
-36
-8
-62
218
-9
157
150
-400
16
54
-44
1920
9
2
0
134
-27
-22
-55
-189
50
76
-33
47
8
44
-10
8
-40
14
4
16
-4
-19
71
100
-17
80
-25
-21
-2399
-32
-146
423
40
10
-527
-10
7
-19
1177
-803
-6
16
-260
-9
147
107
231
-6
1480
9
-16
13
940
142
631
62
-100
-5
-22
-3
39
-10
38
2902
393
-114
-1933
-3
-166
-29
-5
104
-45
-27
6
11357
92
21
-10
228
4
-5
-2
-219
-23
63
-246
106
-49
-3
-160
1
-30
-95
139
-69
-281
-12
-166
-347
24
-7
-16
-7
43
-431
4
18
4
-515
-778
5
-6
-8
14
-86
-391
-5
-83
-31
-89
36
526
2
5589
-6
-2
382
5
-460
-17
4
41
569
3
-130
2468
-65
-18
-92
-215
0
31
7
-88
-201
-2
2205
153
-44
8
-60
-60
-200
-5
-67
-1
193
-55
-43
-205
875
15
51
-2
534
96
-6
-1
-26
-11
100
-2
-175
5741
23
734
31
32
168
-206
914
0
2
-28
-135
-40
-6
-110
-38
-123
36
12
-58
9
686
39
-2
-64
-27
-187
50
-263
-52
239
79
-30
3
2
56
-908
-172
1
79
11
7
275
-124
20
99
17
-64
1
3
-83
9
1525
-6
-1292
18
10
-279
4
62
4
8
-1
-16
-2223
56
-4
148
31
-992
-14
-14
-83
-21
57
23
399
-36
1564
-8
1
1
807
-96
-99
-42
3
53
103
1831
437
-43
-11
91
-47
-85
642
59
1555
-83
-166
-502
-146
1
-1
-135
-121
-85
-31
-361
67
6
-15
-298
483
-9
-17
100
-20
-61
-17
-69
292
17
-2
-65
-58
47
-4
570
-21
-22
-17
76
-244
-900
816
-103
-1461
19
4
86
-74
-58
-106
1280
364
-11
9
-1390
0
-31
10
-320
-123
-35
-2643
56
-3
-2
-2
-1888
0
-153
36
36
-5
644
-48
-87
55
-66
-7
15
-1
276
-25
-9
-119
-80
99
166
-10
-17
0
-339
-120
-190
-47
-15
-22
-1
374
146
-4
-578
-33
444
-51
18
-5
165
26
16
-32
81
-33
390
-6
-103
22
-964
-4
147
-21
-19
1777
28
9
-268
119
12
73
5
-344
-25
-780
43
409
379
49
-124
1206
8
108
52
528
24
99
376
-79
184
266
-4
322
15
400
-64
10
516
226
32
8
-4
336
-169
-10
441
-64
-8
4
1492
527
97
23
-14
85
14
-2847
97
21
39
-1
-194
-13
-735
-12
-29
-461
86
-82
-21
30
49
17
-107
-244
-747
19
-11
-8
10
-5
0
9
20
-5
-205
-33
-139
-1
138
-661
1080
-8
-4
-8
282
12
-11
-108
-7
-5
398
14
-26
564
0
-307
-44
2
3
1452
-37
15
2
-221
-17
160
-392
-24
3
13
-1
2
-896
-58
23
-289
-4
2
8
-260
-3
-2
-1
62
-256
-96
0
857
666
1
124
-34
-38
58
90
17
-11
8
62
-498
167
-421
89
-444
-14
1310
3821
-328
-2
-207
12
-1
-3
214
-2587
177
25
345
10
-10
77
-39
-57
-108
-5
2
36
-4
13
-5
16
-233
8
-11
-1
-4036
3
-32
-1
98
-1070
2
121
129
-179
-171
-52
-416
-28
-4
2
-105
-5
11
-335
-21
11
-26
13
-89
120
101
-14
-64
21
-1
88
1
-11
-77
-222
3
59
-1
-30
25
1
98
-11
-460
-216
-4
36
-14
2
-29271
235
1400
3
-2
0
124
-57
-6
54
127
382
-216
-13
186
13
953
6
-120
1839
-9
0
-108
87
-32
-27
0
111
-2021
-21
-241
13
-7
5
118
-26
242
22
7
-1319
49
56
-72
-15
321
7
-27
358
-31
-97
16
142
-1789
9
-11
98
84
508
-2
-167
-27
6
-26
82
16
-4
26
-2
-35
-546
-29
-54
128
13
14
115
-79
-3
512
9
1350
-1253
-2
53
-473
98
-8
18
-8
269
-237
-155
-23
4
-53
-69
-73
-1
209
3
-25
-132
-80
-70
-12
-1776
-2699
-293
-26
-55
-17
13
-5
-1
4
2
-5
-11
396
-10
-240
41
8
-257
0
-75
5
-17
-76
-155
279
12
1
-121
408
-54
4
-567
62
-2
0
107
-289
1351
41
-43
5
-742
-43
-1
0
8
1548
1
83
-639
5
-10
-47
-7
3
4
5
554
5
-8
31
-702
-111
4
-85
40
-5
20
43
-12
-43
-335
73
-1588
-315
-108502
8
78
-26
99
197
-7
65
388
-2126
-585
126
-396
0
103
-137
-2
-260
-296
-6
124
4
-5
-19
10
-7
16
-12
-594
-32
15
20
-629
-445
1126
161
262
97
-336
143
-22
-147
174
-4
5
-256
98
76
-13
-7
-286
5
390
-880
6
-97
-155
5
-5
38
302
59
90
964
37
24
-11
-1
-2
181
332
70
-62
-113
5
-2
-364
0
140
1131
318
71
10
-94
-29
-160
-8
-64
4
5
-5
101
2065
-13
-1114
-3160
4
83
48
1
-51
-1034
-726
-12
-26
1
-56
-18
5
-6
-352
305
-87
272
-12
79
36
50
-429
-73
-368
12
63
87
402
14
2
6
268
68
-42
-24
142
-200
197
2185
-30
10
-761
-228
20
-3
-135
5
-343
84
-91
62
-3
41
-4906
-206
60
2
-2
223
-20
56
21
-30
9
3
-346
-317
282
-6
8
27
6
-810
104
129
-135
56
-41
71
297
-1153
-4
-46
86
35
83
-575
-755
127
11
-46
527
-31
-3
-318
67
-870
42
-47
-324
-30
3
37
-48
33
-1225
-1463
-10
833
16
91
120
6
-34
35
4
-5
45
-155
56
-88
13
-126
-15
518
-31
-26
8
47
-2
-4
-1710
-69
30
108
1
35
-364
2
-696
13
14
202
391
650
0
-283
-5
2241
-36
-278
85
-45
188
-16
72
-197
-5
-147
48
10
17
-5
565
-10
-100
125
-3
284
10
-45
91
1
71
-140
20
-3
-561
71
-164
-275
-1
-21
-273
-182
-1
23
2
-8
180
313
1481
277
-251
-41
-14
24
357
41
-131
5
173
-448
40
-12
-76
-8
0
-15
-30
222
-1667
72
14
-40
194
20
-7883
1018
-20
2
6
-844
-188
-2
60
8
10
-6
2
35
65
-27
-130
0
-59
-103
3
-210
613
-246
-402
46
2263
382
2
-81
18
383
-12
1008
38
1467
12
14
17
-5
20
56
-54
5
4
-9
-47
235
32
2
1
-17
-3
-29
-440
361
-103
-130
4
-4
17
-13
-26
3
2
-10
-3228
-13
216
30
-23
194
-235
-3
-7
-117
59
-281
42
-4
2
-1
-429
-8
7
-10
29
-64
326
77
-113
-358
-104
30
-445
56
-64
1025
-1
4
16
-22
414
32
263
-102
43
-2
12
-499
-260
1
30
-64
12
-138
84
161
-1
15
383
50
51
37
13
110
118
-101
-89
-42
20
28
-31
-38
-229
-7
63
-66
42
-4
81
-1
12
-19
-20
-1
-145
-57
-3165
-495
0
7
-17
-1
56
14
-10
-32
-1
175
-5
-9
-1851
-2
-8
261
-166
18
1
147
-179
132
-103
1
-13
20
35
38
-119
-57
-11
40
25
-957
7
-20
-38
4
1246
50
8
49
339
-397
188
28
-268
4
-101
24
14
197
3087
-304
-44
102
-1365
1568
-1
4
-19
375
591
13
-11
457
179
14
11
-40
-37
3
2
1
-160
1
-7
18
-15
-117
-156
-1
-106
1
63
2
37
-15
73
434
4
-15
3
13
-3771
47
-620
171
-512
23
-5
-48
392
7
-59
191
-157
2
125
-10
87
-37
264
-10
-15
-92
4
-30
-72
74
-6
-36
-35
47
12
6
-110
-1
23
411
-18
6
-20
27
-934
-153
14
50
-59
-35
14
-298
-255
-423
-10
-130
7
-73
-9
-4
14
239
37
-2
-437
328
-14
371
76
-33
-2
60
3
-3
-23
251
-3
713
55
-5
31
-7965
11
-3
366
12
-23
-8
-949
12
77
-15
-63
52
-1417
-24
384
17
29
35
93
124
383
-4
-190
-10
6
-4
4
9
-521
163
622
-1
-18
21
-108
54
97
3
8
-31
250
137
54
145
-90
8
82
-7
-218
8
23
-1
3
-708
381
-72
343
-301
-130
-163
16
-14
-38
-19
6
29
298
11
-9
-16
276
15
415
110
639
-186
201
-13
-7
-131
-19
-20
100
-4
65
363
-32
0
-329
34
0
-78
-30
21
-21
8
73
-28
-569
-3
-487
4
158
-117
23
-61
71
31
204
74
1877
-20
-1
-431
0
251
-28
27
-50
44
-271
-47
-45
-23
-4
23
-1324
15
1
-58
604
-36
-2
-1
12
-30
-1
-514
-27
15
175
9
-10
39
-160
6
41
7
-243
-3
0
46
285
-942
100
386
53
8
29
-206
468
16
-1
60
-464
71
-7311
208
-23
-375
-7
2
-8
13
-16
-391
-14
5
783
-1537
-222
-121
-7
-4
-77
20
73
896
6516
-19
9
-7
-2
1
16
11
-108
-8
13
142
12
379
89
-4
-105
-1
256
2
8
-645
-30
3
298
2
49
-26
-15
-55
73
181
29
-57
-684
-49
10
4
143
-61
-367
15
1
8
-2
-14
-375
50
-3587
1242
50
47
-815
88
-1
782
-102
2
-6
-14
-1554
-177
-174
-15
-67
-5
-3
129
231
217
-1
302
1
-274
83
23
47
-431
12
-4
119
-2
-19
-631
-109
206
-310
29
31
40
-73
-8
-14
-16
-21
14
-23
351
28
98
-43
453
-3358
1
-520
204
-205
24
-12
-286
233
506
1922
-5
-15
82
-10
-26
29
-65
-1114
465
206
-4013
160
-50
971
-34
-209
361
276
88
430
9
-430
32
4
-6
1
-11
-4
-25
1
-42
-41
-602
-179
10
87
-14
-5
-819
37
-327
33
3
-23
-8
-195
1
2
-206
-396
-69
-38
7
20
-2
-9
40
-24
13
-9
-64
769
-11
-55
83
-3
-38
74
-35
6
-14
-48
19
-3
30
0
46
-6
-11
630
-245
3
60
-43
44
88
-405
5
4
-2622
-160
-1
172
46
269
1
205
-18
-64
326
1
-19
1682
75
-13
-169
-9
-323
240
228
51
-363
-54
138
24
20
-51
-19
-54
-4
2
-5
418
-1910
-14
-12
36
-12
-1613
16
7
24
-19
-58
-404
-406
-5
558
3
80
656
-22
12
-68
7
0
-4
1264
-27
663
177
-1
-16
-811
2
-399
-501
-45
54
1
-154
3
16
-38
109
-6
-3
-85
88
396
-6
-73
675
-556
24
185
9
0
-371
30
3
-22
55
-105
-7
-340
458
178
49
1989
-307
1
-48
72
-11
4
-68
1232
296
-3
15
9
-3
-10
26
58
-285
-8
-216
-50
-19
-29
-68
339
-37
62
-751
-571
-159
-102
21
5
-2
45
40
-364
-3
-488
0
2
-3
225
-78
61
185
20
24
89
174
2
6
-3
375
2
140
53
-359
-404
-5
-67
-34
22
0
0
190
2578
625
-877
-2
-2
-434
-91
-3
-422
32
36
7
-25
177
-12
142
9
-23
-21
-1
-178
-83
-285
199
507
137
-26
-267
-16
-5
79
4
10
-47
-1
-11
32
-272
222
278
-60
206
-2
-188
-286
42
1
-127
-1039
-1
222
2
-6
-45
6
3
-23
-1112
121
1
233
481
-22
-147
-401
1
-2
13
-3
-595
19
-1723
-62
-142
186
-139
1
-70
-41
5
27
19
930
38
13
-653
18
12
2
-1287
-12
-37
-1346
-27
89
21
-43
0
-16
11
9
-20
-175
154
523
-15
2
3
-43
-3
59
-17
-162
-56
-1229
-7
18
67
-131
145
-106
-1
-11
-381
769
23
-384
-1
0
9
-115
238
-163
8
184
18
-9
1540
-21
201
2
-1
-7
31
-82
383
0
-8
10
6
64
1
-45
3
-16
152
8
1
277
10
-3
-6
-18
0
0
551
1706
39
73
-8
1012
34
0
119
217
18
6
237
-11
36
-310
28
14
538
20
0
17
114
8
0
1298
6
120
-335
-20
-29
3
77
20
427
11
142
4
-5
50
12
6
4881
3
-98
64
-433
-54
-108
-10
-169
6
29
15
-17
9
36
144
-3540
-31
-68
-15
-9
-1
91
1
-313
147
-4
-8
13
2
-7
2
-5
7
3929
-7
100
1
-16
120
-76
12
-131
-13
-1
-22
-14
-55
-42
-14
136
-158
23
-1
26
455
-17
54
-48
19
27
32
2047
14
-2
1353
429
49
-24
132
539
-93
-20
-13
59
139
5
432
-122
-150
-33
5
-37
-479
-99
-31
-45
51
77
4
-436
32
-61
1
8
9
-274
4
28
18
1288
-23
29
59
-200
-4
-888
57
1472
-39
149
-2305
328
12
5
2
-8
-1
2070
-991
-25
0
-29
-5
-5
142
-604
11
-320
-31
-3
-44
-124
12
2
25
-51
10
61
396
1
-55
368
52
-113
306
61
200
308
23
-42
59
925
760
6
30
-777
-79
-8
-58
-13
3
390
3
-53
21
1
2
1
120
381
-8
183
13
189
-4
110
-7
0
-137
-22
-14
130
20
-296
-3
77
-3
-15
2
225
116
114
-7
-9
3
-9
-63
7
1916
-4
-1
1194
-27
-846
-627
284
-14
17
11
45
157
-77
409
-8
57
424
-3
-96
101
-2
-20
-23
990
46
-54
-1583
-37
-3
-14
-3
-483
-218
9
-117
-66
149
-35
-20
-48
43
-27
-29
-51
-17
-7
-1
20
-2413
8
96
597
-90
-439
196
-6
-661
511
5
381
0
-10
13
145
25
-93
6
-117
-2
-15
-768
130
3
-25
-15
-138
-33
-17
51
210
126
152
-7
205
41
-25
-14
-102
-136
1
1
-12
-56
-7
130
1269
-83
-53
176
260
2
11
83
-35
-68
-86
15
2
699
-7
726
-49
50
-90
3
-90
-4
160
4
12
-9
-13
124
-1392
-556
-1
1
16
70
-93
0
-23
9
115
-358
-13
359
1
-13
349
28
5
103
5
136
-70
136
-14042
78
-2
-62
-2
280
-502
8
14
-11
15
87
18
9
-78
-4
0
6
-17
-20
7
20
-3
-132
108
42
57
-60
-40
-111
286
20
3
-128
97
-51
-848
-1
216
5
563
371
4
-5
24
-1
43
-69
-329
98
91
-70
-31
379
39
-193
1061
-884
-3
-34
-1541
-163
-2324
-64
34
-99
10
-2
148
4
157
-9
-159
-387
-57
171
15
-31
-114
136
157
273
-36
183
1
4
-7
-667
166
116
14
5
0
19
0
