458
-8
-202
-74
-1419
4
-169
-16
154
-16
102
-32
-61
85
-249
-280
-548
89
151
311
174
-630
1100
2
38
29
110
78
245
-42
10
6
-86
1556
72
-241
47
-871
-238
86
-54
971
72
-15
-3
469
-174
-186
-2120
134
-297
348
-449
-61
-42
-884
-8
-10
272
-797
-87
23
20
65
85
-199
19
-37
-10
111
-190
244
-130
20
-486
-27
398
20
-173
-742
162
3
627
26
16
16
245
-226
151
150
1296
-114
-108
157
-99
-43
-199
229
181
-26
22
-56
277
910
-98
260
63
50
63
20
286
15
-44
86
-24
784
-105
-313
-94
-156
-108
125
-53
496
-94
486
-18
12
74
14
891
-4
-43
-518
10
-100
135
66
84
7
160
-120
-390
75
-149
-162
-39
-175
166
-1032
419
-94
99
253
3
-18
50
-243
30
71
201
-33
-153
52
64
52
31
-90
18
42
-62
-52
5000
-34
-152
1674
-70
-59
1
-460
359
-11
63
325
70
44
-36
499
-446
15
17
-38
-476
34
40
-86
-123
-407
171
104
-168
-35
14
-178
-163
473
47
172
35
4
27
93
20
732
-58
-65
13
36
270
-111
-142
15
67
118
-72
-31
-287
24
-96
-1
-1868
-48
87
-98
-262
-146
-19
-50
35
72
33
273
-88
-46
44
10
-117
57
25
-204
-5
-217
-41
163
2353
13
70
-332
-175
20
-92
-213
-2196
61
25
12
-60
-11
21
176
322
-349
915
248
-38
-74
-190
-199
-247
33
33
-102
-47
-591
-103
1147
-79
-585
22
68
-4
22
-103
-257
-5
23
569
7
31
145
24
-132
312
-344
-33
-1131
64
69
-27
261
57
400
-2548
4445
-6
179
-166
-15
411
28
-62
491
99
-50
13
-14
-69
141
31
-10
-65
-86
48
48
-805
-33
-265
119
-6
8
-101
-691
-21
49
10
572
22
3
-23
-139
-320
11
13
-120
598
-701
-383
58
-209
-62
127
-52
23
0
11
469
-30
149
-53
767
-6
39
-188
-43
-1006
-124
591
-113
-44
187
1
-14
22
-289
138
2862
-6
-67
-701
-431
-434
14
51
-52
16
-627
518
-59
6
91
12
1038
96
22
21
-65
-194
-188
-58
139
-208
166
-215
45
84
1
9
-107
310
-375
-163
-200
112
142
-14
-55
-64
3
149
126
-254
43
13
-36
-37
-68
625
41
-183
60
602
487
-286
124
21
0
-114
4
-11
-79
-294
3
-33
-341
144
-108
18
-29
-314
-707
-99
-45
-59
-785
331
-30
-301
68
57
149
-603
-7
25
261
18
1
-72
122
204
-114
261
695
39
-29
2712
-6
632
35
1114
-27
-51
1857
32
45
136
19
132
38
-509
-58
155
1589
179
410
-26
-43
27
-34
-19
-53
-2
-257
1501
56
231
225
216
-297
86
446
115
-55
26
130
-47
-84
182
35
419
-88
-809
-543
-50
26
4011
-4
-341
22
63
-183
-22
-93
63
87
259
43
139
-50
-107
829
112
-29
-296
-7
72
219
516
-60
-487
-6
335
217
429
29
4
-15
122
-86
1144
5
-132
14
-38
-90
-50
114
-667
143
5
494
-46
-36
-11
20
40
3
385
-14
-82
140
-28
1557
76
-11
269
322
121
417
-1906
-29
-238
-5
-426
-553
164
-9
-32
18
115
-41
-250
-44
-389
-1238
-226
-83
-326
-94
159
19
709
-101
-15
-1552
-7
7
220
-714
495
145
-10
-107
-79
-135
-195
29
-104
-56
9
-31
-275
50
-612
46
46
-63
-237
-149
-251
-17
1
103
-221
-533
81
114
-72
-28
-226
18
105
25
74
51
-187
56
1003
219
-67
-40
73
-57
120
-79
-54
9
41
1081
41
-205
-159
-131
-71
-35
25
-75
58
-122
35
-186
-88
-243
-61
845
450
3
3
-10
-51
-60
153
76
-16
371
-1
208
-19
8
-54
-334
-60
-202
34
-63
0
28
4
-488
-4083
109
9
840
-1020
-187
-28
-100
-123
3004
-50
-383
-458
-1
-890
301
1334
27
16
105
520
122
-39
-101
-750
371
597
-623
11
22
206
148
-135
22
292
-76
-24
-136
53
-60
540
117
-534
-19
21
319
47
33
-288
362
438
-298
555
-12
97
-42
-20
-11
152
-72
-3
23
-289
278
-306
-1260
-199
604
1096
-418
448
21
-16
-156
321
-391
342
2815
502
43
-280
-1720
42
1059
-11
534
-10
11
2143
-479
-493
82
-205
-66
-47
-47
708
-475
19
81
-174
276
-146
-160
-443
93
-114
37
0
-527
-197
896
5
3
-332
264
-413
-705
-14
309
-13
-101
-763
-100
-111
472
-22
82
50
22
1585
-70
510
-596
-37
-28
-6
-234
1013
34
-169
103
-423
6
-89
-11
-140
111
105
-195
2
664
169
587
-6
-20
109
-274
-31
-519
-54
357
13
6
472
-73
-3219
-83
-14
-7
203
-29
96
962
-173
-28
-178
225
148
-473
-2
-67
-226
-700
875
-219
-362
33
108
28
-40
-2954
84
-1648
66
-61
-19
38
138
26
-27
-174
43
-141
32
6
241
-1
174
8
28
23
9
84
-32
1266
-59
-110
52
-14
582
149
-12
471
-16
-416
-58
-583
-17
-9
114
74
51
41
22
59
173
-143
329
-188
-47
996
194
-24
-29
119
-321
-35
189
-572
-14
-334
77
16
31
-147
-580
18
36
-22
2
-23
-32
-74
170
43
229
-7
-389
-354
121
492
340
-8
-443
14
-708
-1648
21
-43
739
159
-175
-89
87
-136
303
-35
52
-295
721
-11
216
-196
6
61
-341
52
425
-1586
-16
721
153
-256
-52
201
8
-24
54
526
18
-194
342
45
155
18
15
-100
1743
-14
52
124
-60
177
108
144
-122
-357
-1042
-688
321
-329
-6
33
-42
30
-173
-241
-3
-80
69
20
-5
-96
179
-3
1199
0
508
-250
-155
320
-21
-2
422
-40
225
27
26
-260
5
393
-163
46
-848
98
255
-73
-4
-194
100
-669
-36
19
477
43
445
-11
1221
-851
-462
-446
8173
119
258
-76
312
-238
1337
-15
202
31
-3264
65
24
38
-14
-22
-2
221
-147
91
-37
-563
-1355
-49
-11
14
25
-396
29
-64
-147
-736
35
5
131
-114
545
-571
32
-2
-239
-285
-30
788
-92
96
-15
439
296
-53
-346
76
-3258
93
74
-145
-3
-177
-1
-102
-127
-300
-81
-620
204
166
-151
-9
23
621
262
-122
842
-13
-190
59
0
118
-578
13
-14
152
62
-215
-59
144
-61
91
-20
15
207
-92
-100
335
-456
-53
-14
-93
118
-36
-2548
-2
-93
-370
-19
-722
-38
-59
58
-19
-174
319
-4
192
159
-81
1340
-12
-244
492
264
395
1808
63
-1814
-1
-134
-284
-1161
-1222
-717
10
24
-15
25
7
-6
136
178
-83
104
-10
57
18
-49
20
221
-981
-19
-1
20
236
45
-65
-27
126
-11
1561
-45
-13
-26
25
-456
-179
1
-153
-20
92
-1325
426
65
-16
-482
-79
-414
31
188
14
195
34
-23
-21
-237
139
238
-13
233
333
32
87
-284
258
-60
501
16
113
-97
1376
-141
51
36
232
193
-582
-131
-395
-40
13
-1966
383
2632
235
16
-238
-90
-1019
478
-15
112
-14
-1704
-94
208
25
-49
-1992
-317
56
-59
-229
38
-46
-197
1
-564
198
41
204
-38
-69
-5
-9
144
-120
143
-61
52
3
-944
3045
1
-21
-180
33
-12
12
81
-4389
151
606
171
-64
57
-2081
-71
-88
-15
-31
-210
1098
68
565
-473
-195
-105
14
-56
-947
-207
-90
274
12
-105
46
-366
406
53
41
-139
-331
140
-241
46
74
-42
-2
-213
-12
-57
983
-8
41
19
-656
-957
25
-338
120
-46
-54
-43
-212
-461
-259
33
-32
-1231
20
845
97
1022
-1392
-1
160
-82
41
181
-77
194
141
250
27
34
1
-879
-14
1
905
89
38
627
78
-7
91
289
-48
-64
190
6175
-7
-100
126
-712
-426
43
-34
57
113
-423
57
-21
280
-459
152
-96
38
17
-802
-1179
-67
203
241
355
10
-52
-36
-407
137
-56
2149
-11
417
-73
-162
-490
40
219
-133
19
-20
0
29
-618
175
-100
-80
-1268
16
-43
-49
-866
-67
-694
-46
-535
-351
-29
-42
-275
210
-7
2
27
-40
-313
-17
-192
172
32
64
-95
-44
-67
-338
347
516
-338
52
92
-99
-13
-4
-53
178
25
-142
677
174
17
828
-233
128
-285
46
1603
217
19
-163
87
21
-10
-428
-201
35
-115
-53
-213
-35
-35
-32
-118
60
49
76
-817
-18
683
-213
-28
-141
-50
-384
22
122
161
-189
4
-82
502
-821
6644
585
59
-164
534
334
42
10
-141
256
-14
596
-960
-158
-101
-30
792
1961
270
-36
-5
-26
100
-38
118
408
94
609
144
-425
83
-384
-1
85
-451
-565
-170
-162
-18
-182
-1
-163
50
224
157
-145
58
-9
-11
-28
956
61
450
-348
-360
67
-1212
29
37
236
-51
-9
-95
87
78
0
-48
-9
284
204
50
1
-1422
-93
-348
397
-88
-138
-748
-815
-18
18
104
-5
-16
4
-108
-33
71
-1506
19
-9
-176
114
0
5
-1143
4
205
-84
-1
-142
7
-1732
2917
322
122
-177
16
18
-1218
75
404
-39
43
3933
24
52
-46
119
19
74
76
-547
116
139
63
-15
53
120
-193
56
205
57
223
-101
-490
-9
-49
523
-89
-250
37
-2
12
442
45
-295
-22
-10
-212
93
-580
576
-155
-56
-99
37
40
94
23
2854
-146
26
-5
-296
2
104
-139
339
415
426
-666
-14
9
-18
143
-363
38
-21
124
-377
310
380
9
-589
24
-117
69
2
-97
63
-33
503
87
50
13
4
32
1063
-17
204
33
566
-19
-146
2164
-92
253
168
295
35
822
0
1311
136
-93
26
59
1703
-204
116
-12
63
313
-319
77
121
-269
-143
-645
-2117
41
27
-273
383
-52
-61
190
-23
60
-625
15
-1145
854
454
-49
-4
4
-535
-983
46
-20
-121
16
-249
-17
-11
308
583
527
-382
-3941
1112
-76
-1038
-162
-1015
23
30
28
-1499
64
-77
31
308
-145
820
226
-16
-24
2483
-14
139
-58
-92
7
544
123
46
20
7
-191
635
-250
163
49
315
-138
-9
-585
16
-630
29
-8
29
20
-260
20
-185
-34
124
123
-22
66
1372
-39
-186
242
-492
-851
-72
127
-33
-174
450
32
-666
232
-131
-1
796
379
-103
-72
23
50
-24
47
2173
41
-375
-226
10
113
45
-45
13
11
23
857
37
13
32
-331
-189
15
564
147
-66
31
201
-70
-446
528
-88
112
-29
-310
7
-31
-147
-52
229
-280
284
-89
-652
-1934
-103
23
40
-432
-451
309
35
269
218
-651
-361
-132
47
83
171
-54
151
25
63
-95
-39
-1050
-800
1190
58
1193
-59
-232
594
-209
104
-238
-287
-304
64
872
-135
-446
-3
188
-59
2
137
3963
-22
-297
25
-602
1622
2458
4
-2009
118
-26
-131
-114
133
-351
235
25
-64
289
-66
-97
-80
-20
-313
1
7
277
75
-59
9
194
-2
29
7
130
-415
250
42
15
-119
-99
38
60
19
-34
-456
-23
53
4
131
12
65
6
50
-21
16
-51
-760
-24
0
0
0
549
12
78
-55
-10
-2
-5
13
-185
-74
4
-231
37
18
18
8
-733
63
-5
0
-51
-2
98
435
-12
-47
-109
8
-26
-16
-79
24
2
-129
307
1874
175
-242
2
-203
-15
-14
-241
-26
16
5
-12
-2
-44
-1536
-20
19
1178
1
5
4
-32
-9
11
5
16
5
5
-7
-16
-32
-12
-368
75
293
78
-5
-18
-28
6
61
147
127
43
93
-54
-7
-24
-20
11
-144
335
66
-74
42
14
257
8
-8
-1
10
134
136
7
18
-19
-10
7
-219
99
-146
-19
296
-14
36
-211
-8
29
-18
-20
-867
139
-96
-386
-2
-1
-52
-108
259
-74
5
-5
27
-13
20
2
10
-33
-1
-135
7
-108
-615
-1127
-8
7
522
108
4
107
-4
-29
-21
-7
-1
7
-147
10
12
148
161
-248
85
8
18
33
264
163
-93
-8
0
-125
148
33
107
-15
37
1051
-105
23
-1
-69
-582
-1139
93
24
-22
20
2
28
5
-7
-9
4
-31
-12
-7
-827
1
-102
-13
-35
-35
26
-4180
231
-466
-98
34
-85
91
95
-15
79
45
-7
-607
-18
-195
1064
-2
39
399
6
40
-75
-6
-100
73
-33
15
-5
17
-5
53
-195
-419
-21
51
-8
566
30
-23
20
191
-192
-940
-28
6
58
-12
-39
10
-15
80
-16
-148
-184
-54
96
277
-1
-33
8
7
-12
-132
-25
40
-5
30
245
27
-1
-33
-50
-26
-474
10
7
15
-13
42
70
-130
242
-287
154
249
-16
-31
54
67
28
-238
-3
11
1423
23
5
26
-58
-184
-1
-5
90
-14
-1491
-96
157
254
437
15
20
3
-557
474
1
13
-35
39
574
10
8
-20
188
271
681
-1019
37
-10
157
46
17
12
-140
56
-12
10
290
-40
7
40
-4
9
-22
16
-208
64
32
18
-582
20
434
-10
3
-234
38
-16
-97
79
401
11
7
-145
-6
6
82
-61
21
-2
-40
110
-337
231
27
-6
37
-73
779
10
18
21
-53
-401
-185
4
-209
-22
116
9
-214
21
-148
-52
915
109
-71
-174
16
4
1
2
-48
133
-88
97
11
76
92
-48
-26
-363
19
149
34
-3
-1030
-2
-115
406
-256
-33
1
2
-51
-8
50
-5
-5
493
-11
19
-52
-424
-3
-166
314
-79
32
-28
346
-1681
5
-11
251
53
-102
4
81
54
3
72
-1350
-219
-170
62
114
-72
382
-46
-203
-3
36
-51
-56
-1075
-49
-4
-73
23
55
16
4
15
73
79
-10
-20
-7
-14
72
51
-3543
31
-346
-29
616
-76
30
45
-98
1
-653
36
-5
19
-98
12
92
18
-78
23
10
-201
39
-192
-18
-47
-2
-25
-2
357
67
-25
37
-4
-478
1
-987
-6
-4
364
-50
195
-2
-127
-20
-14
30
30
-14
-27
-116
20
-30
-72
8
13
3
35
-37
22
19
4
-23
208
-1025
-244
74
-4
3
-25
-3
-399
13
274
56
8
-20
18
-48
2
-1
239
33
305
-184
7
-38
774
37
-148
4
66
7
-47
24
0
-22
52
-4
-1
-22
-24
61
-50
1
-27
16
307
-61
-52
-65
155
-497
7
86
-9
-340
695
-30
14
-3
24
-1
-25
-30
271
3
129
-32
-40
12
-8
-8
-70
783
-169
-28
151
198
-270
-12
4
1
-10
500
151
23
36
-16
-16
94
-8
3
-27
-88
33
-19
62
-57
-35
-239
-22
-2
21
-15
90
-66
19
-201
24
42
-51
-30
-5
2
-151
15
-29
8
246
-65
-30
-11
-11
-88
947
107
-115
74
75
-63
72
465
385
-164
82
136
-237
-63
20
107
90
171
-49
449
51
-19
-16
19
411
-10
0
-448
-298
-3
-51
-34
-67
100
120
-3
-18
-11
-7
-26
-28
-2
-271
328
-31
18
6
48
-569
-13
-61
-19
-48
90
-4
1
6
-4
-240
-63
40
-31
-193
78
18
61
274
17
-5
-1393
-526
17
29
-28
10
-78
-4
-301
-6
21
18
-49
-12
3
-37
17
-2
14
145
-271
176
-22
-76
0
136
-69
-277
2690
22
150
-193
299
6
-73
402
-36
7
4
231
195
-114
367
-169
11
5
8
-120
-4
-78
-1212
-229
-54
84
18
-720
42
-584
-198
4
-235
676
-153
55
864
29
1485
106
-67
148
-535
0
50
-17
-1219
-25
153
61
-1
39
-39
53
-58
50
36
80
-77
106
-8
2
8
72
-4
-63
53
-374
-61
-21
236
103
10
491
9
-37
-3
-3019
-387
-244
13
-84
-76
-53
-7
-387
-2
-20
32
7
314
-2
-142
175
-136
-1
13
-8
-510
50
-170
-81
55
-22
47
1
-107
-58
2013
65
25
12
-46
461
-5
19
-33
40
4
-65
6
-35
52
-176
31
-36
-34
1
12
-31
-1566
-298
90
-1
23
163
-1
21
-17
-12
-163
12
59
40
-231
-10
49
51
292
-260
14
-5
61
-22
19
37
-27
-12
-16
58
-205
36
74
3
12
-32
-31
206
19
-64
-6
1921
40
-3
791
33
-494
-299
-122
61
48
-14
-313
30
-240
7
48
-118
-5
-54
-7
139
7
15
82
32
62
12
-40
144
-13
-15
-16
138
13
-881
-17
75
-10
5
11
65
83
302
109
16
4
-7
19
2
-16
-28
60
-158
11
85
37
47
88
65
-9
9
-115
-89
26
-18
5
-33
-75
-74
-117
-21
-221
-120
-26
11
-441
16
-40
-20
-12
-6
-35
71
7
1
-38
40
-277
-2791
20
-38
644
2
-14
-2626
84
10
-35
-68
-57
25
-66
40
-3
-24
-362
-34
-30
26
45
90
-38
145
177
1
19
475
279
72
46
-145
6
167
3
12
-16
34
548
9
-1017
256
-72
21
-13
-73
-17
-10
166
-456
-7
341
22
-24
-1091
-311
-1
53
14
48
-60
-87
1199
47
393
-122
421
142
-3580
-29
-340
2734
-9
-26
-10
-103
-36
-3
1247
-19
-28
-281
-9
-826
2
9
-1
22
-4
9
-785
-5
-3429
91
12
-9
93
-18
-25
2
42
20
2424
36
-114
431
-1180
43
-12
24
17
19
23
-8
159
-49
44
100
-13
34
-9
-96
-30
-11
20
79
27
-15
-30
37
42
-130
156
510
14343
-731
18
198
-793
-20
10
78
38
317
51
-11
-114
223
-84
1650
-8
271
-14
105
186
-2
-6
-227
-78
-20
90
0
11
46
-16
4
54
1336
244
-181
12
-174
-147
-65
335
17
-9
-5
12
-19
20
-71
6
-2
-1460
-5
21
-317
7
-225
117
319
1
-13
-80
-300
1748
27
-22
-12
-9
-15
-119
-9
-1
10
423
14
-99
-7
236
28
38
-22
8
7
-196
42
-29
-44
-47
13
17
-21
-1
-8
35
558
331
92
-496
16
-11
19
-43
33
-49
-8
17
56
48
6
2
-112
15
-23
36
-12
-13
8
49
-18
102
139
1
-2
-60
-112
-2
916
-12
-147
76
6
-9077
-8
25
1240
8
-1321
178
14
261
2
335
23
6
3
-253
-878
60
-133
6
1574
26
421
-1201
-20
-99
102
5
-21
14
11
-3
13
-14
8
-25
2
-14
1
158
-5
32
-59
0
-6
32
-1
2417
-6
50
-210
188
37
-51
249
-2
45
22
125
-17
-61
-1494
24
333
138
-43
31
0
20
30
96
22
132
39
118
4
-13
44
193
-25
8
2
-571
-54
-4
10
51
11
-55
-109
-283
132
64
-742
18
70
3
16
1
-26
4
8
-34
-3
-30
10
-5
-66
5
-273
376
-657
-27
3
-3
-15
-34
1708
35
-31
-285
192
-12
0
-470
-22
64
9
73
-36
-55
-198
-203
2
709
15
-20
-258
192
9
-156
296
-182
-326
212
-8
-550
-10
21
-363
-5
-1
1889
-1999
-70
-310
-77
-97
-78
-12
50
13
-34
-127
10
-4
7
-42
-26
34
54
-1
-1
-1
5
-471
325
56
-93
-20
27
-27
6
335
2
246
-3665
21
11
-5
53
10
56
-176
24
18
-474
-5
284
24
30
0
5
-14
-469
-421
336
-274
17
720
-40
-11
-6
35
-467
-77
16
293
-67
-28
205
-2
-59
40
3
-13
-84
132
252
70
-29
14
-41
-138
-230
-53
10
-14
-2
19
-6
-2653
32
8
40
32
59
-308
10
205
-252
401
149
-48
52
2
624
-3
31
129
729
120
118
18
-6
15
-40
-51
342
471
-7
72
326
257
0
-44
7
-377
122
111
-3
-15
52
-6
1
-76
-8
27
144
-32
-211
26
22
-755
16
-29
188
32
-61
14
-444
-111
14
-11
36
-88
-10
-36
-84
5
-61
67
79
-67
320
57
-73
50
25
314
406
2
292
-109
39
1
-53
29
-32
705
-534
-177
-32
81
12
94
-1
-24
22
-7
-460
-22
-11
54
-47
47
-1322
-480
-85
-999
-297
0
221
-897
19
137
17
-106
-4
532
-1051
47
25
1
355
-20
2
651
-17
-2
-57
-4
10
6
-174
37
32
-5
5
24
-8
-25
-33
-9386
-173
30
-20
560
-40
29
50
-39
-411
6
101
317
181
39
306
2
85
-13
-8
-1560
25
33
6845
13
79
-15
1732
11
31
28
-41
-21
-104
-16
116
36
1
0
644
111
46
-31
183
-96
1
-4
8
-92
30
1
82
-20
-3
30
8
7
-49
-238
-1
-5
233
53
1455
-37
11
46
-67
19
-16
-32
49
-30
7
101
-164
-9
-19
44
22
151
98
-12
68
-41
69
190
28
34
-838
-57
-74
106
-91
285
-10
-32
333
4
2
-153
-15
88
34
79
47
-6
380
207
-23
-5
258
13
-15
-35
46
-488
-39
9
-13
57
-20
12
6
-3
-5
-1
-58
-56
-140
-8
242
14
39
-30
74
-5
-207
63
35
-1
-131
34
-205
-31
-282
0
76
-488
43
-10
-3
-8
67
20
4
12
15
15
-6
5
5
-205
20
147
312
-12
-779
30
-165
9
-323
1570
316
285
-47
226
-6
4
4
-9
-56
-71
231
-3
-22
-32
9
413
13
6
-232
24
66
57
-59
13
-144
11
-21
-175
-644
-5
12
-419
-345
79
-15
-876
-17
-28
-131
425
-563
-2
-41
286
115
5
-14
491
-13
-64
-30
28
18
-925
-717
-199
112
-205
-102
11
39
1
38
5
18
18
159
-105
-112
3
-5
-1724
64
98
-67
13
-338
-181
-26
89
106
-32
-136
19
24
3
490
-130
17
251
-3838
-12
-106
164
-35
66
-60
-85
-2
36
-762
-214
-12
19
342
-1057
-538
320
13
-57
89
0
-188
16
209
-28
20
-59
49
-164
-50
163
12
-9
-6
31
-21
-45
6
-194
-24
20
-17
12
-120
-56
28
-353
-47
-2
-33
165
14
-131
44
12
-7
-12
-48
100
4
227
-4
-4
28
-8
-33
230
49
6
25
4
91
33
-51
26
-42
-87
148
42
-145
-11
-1
-8
40
337
-2
143
17
18
-301
34
-10
126
-96
477
8
3
-7
-2
10
368
145
0
-67
444
-4
-75
6
16
7
28
126
-30
4
-57
-362
104
-10
4
54
-15
-10
20
-132
-55
3
26
6
1
-64
12
5
-13
61
0
10
18
26
-4
-13
-10
-30
4
2
-282
-16
-161
-215
-126
-3
-7
-12
44
8
-3
6
4
9
14
-11
26
-6
10
28
13
-1
0
-157
23
3
-2
95
41
-304
-276
2
-86
-3131
-19
2
8
-28
-43
-9
-18
4
529
26
-1
-6
45
-43
9
107
26
-35
157
5
-8
-16
-8
-46
0
2
24
-26
4
-6
159
4
22
141
-29
8
8
8
-6
-118
-5
15
-11
115
50
-14
-35
-17
-16
2
871
16
-20
-11
-2
-1
-4
-3
-34
-1
324
-3
0
8
153
25
-26
1
9
8
25
-160
19
650
-21
-6
-171
65
-13
-11
6
-382
6
-24
-350
3
1
-615
-20
1
6
13
24
-98
-34
30
65
-5
77
4
-19
0
-3
-3
-6
5
-241
-91
124
-38
-15
28
7
13
1
22
-191
-59
-52
3
-5
-30
-27
-13
8
-643
1
-4
28
-149
3
-77
24
5
74
6
-75
25
4
-1
-437
-7
128
28
-21
-1138
-16
-12
3
2
6
6
3
-110
-262
-9
4
35
-5
31
16
12
-34
260
0
-8
31
26
19
-947
-3
-10
1
36
18
-1
2
29
-114
9
-1
-13
-1
-53
-5
4
-8
7
-18
7
-7
-301
268
1
5
0
-18
-3
-10
-12
7
-246
-24
-13
7
-1
-19
63
-6
109
4
4
8
7
128
-33
-27
14
596
-663
25
-814
2
67
1
-96
13
396
19
30
-2
3
318
12
1
2
213
0
1
3
-7
-4
-8
4
11
-2
11
4
-10
0
0
-23
48
-20
-63
-7
4
19
588
-10
24
4
5
0
14
-144
34
-5
-5
48
-1
-6
-86
-58
0
-3
4
-27
7
-1
-5
-4
-12
-12
7
14
12
1
-17
185
22
-6
-5
12
4
23
-17
8
-119
7
-1
5
10
-2
55
0
-8
2
86
6
6
-7
-23
23
18
4
356
391
3
4
-2
-15
-824
15
4
5
-49
6
7
1
-49
-12
627
32
6
18
-142
-15
-220
-4
17
-3
8
-20
1
-3
3
10
-25
-53
3
-2
-73
-1
-21
-13
0
-135
-14
28
-21
675
-5
3
-4
-1
-4
-9
-12
2
-7
-116
-9
2
0
4
2
-30
-50
3
-191
-226
21
1
36
6
39
-34
-3
2
4
41
29
-3
7
-9
32
-4
-5
-59
-5
124
-8
242
-2
7
121
3
-14
15
161
-446
-10
4
-244
-16
-1
-4
4
2370
3
9
-29
1
-9
-3
36
-9
2
5
4
-1
-9
965
98
77
30
-12
8
16
-115
124
-116
59
16
46
-94
-16
74
70
66
23
-11
207
23
0
56
-5
15
-2
4
3
62
-13
7
-33
36
-9
-45
5
17
-6
7
-134
-5
5
-6
-160
5
11
8
11
3
816
17
9
17
-514
13
5
-1250
-99
-127
275
2757
1
0
-10
9
93
-87
2
-14
-16
0
22
-30
25
-24
35
134
32
10
-12
-63
154
-6
5
11
-8
-17
-1
-71
5
0
4
-6
-18
-11
-12
152
103
7
-4
57
9
-7
3
112
-15
4
-56
-14
0
2
-287
-58
0
-753
73
-32
7
-15
-2
-5
0
-312
1
22
-1
-24
6
22
-10
5
0
0
2
91
1
-204
2
-74
65
30
6
-9
45
-94
17
492
-95
-3
13
13
4
-586
-1
3
-128
-324
-1
3
-193
115
-57
185
0
8
28
18
15
93
-3
-16
-19
-35
-1
65
-1
55
-22
12
-7
-3
8
-97
1
192
6
-135
-3
278
-4
-6
19
-10
-24
4
-1
0
0
0
-18
-1
-47
-10
5
50
-2
6
-38
49
-16
-8
5
-7
-21
4
43
-7
-13
3
29
-10
-184
20
-66
-10
9
149
-7
-195
99
2
9
6
13
4
17
18
-6
-32
-164
135
3
-70
2
-6
3
-42
-17
667
3
-29
-88
621
9
-8
-13
-14
-2
352
298
-31
1
1
13
235
-111
1
-20
8
-2
14
-2
4
26
-220
0
-8
2
-1
116
11
-2
-7
-236
23
4
10
-11
252
-3
-3
-6
-76
46
2
1
-25
-180
239
0
91
-1
4
28
-13
-20
11
9
-3
-11
4
-8
1057
5
-18
-5
-2
-32
0
0
36
14
-113
-9
10
-89
-18
216
8
-15
-38
13
21
-2
337
-2
13
26
-191
-6
3
-12
-15
-7
3
-51
1
-4
74
-22
-19
1
-4
-132
16
13
4
-40
25
1240
11
-7
-10
518
-87
-36
1
73
-25
-4
-43
36
-27
-10
16
-51
0
77
55
1
2
-23
5
2
0
-6
9
-8
124
90
69
-12
6
-1
259
-1
-6
-20
-5
-18
9
-4
-91
-73
0
28
0
-23
0
27
-88
-7
98
151
-37
6
-2
-15
-8
-157
17
-9
-16
43
-2
12
4
-131
0
189
-44
-29
-8
2
-4
71
0
-24
1
1
-10
0
-46
3
-9
16
-97
4
-34
-88
-97
-3
11
-109
-5
-40
16
1640
-6
-9
54
4
8
-6
52
-249
-748
-18
50
-10
-329
-10
-7
1
8
-45
-569
16
1
1224
-361
-15
-44
-4
192
-8
6
-185
22
1
-360
3
7
-118
-16
34
-306
3
-8
0
108
19
-2
-11
-6
-19
9
27
55
-255
-5
22
36
-69
-110
-53
-2
15
-4
61
1462
4
-3
28
25
43
-19
-3
37
544
-738
-40
-7
4
-14
-12
-6
103
-7
143
80
12
87
152
145
14
-24
-1
-15
50
7
1
207
-43
-24
-49
1
-12
-38
12
48
135
199
-73
216
-39
-37
0
8
10
6
0
-47
-50
3
-4
697
-598
-30
3
-17
12
17
201
31
165
0
-14
11
1
-21
2
52
8
-13
-2
-50
-56
0
7
29
-8
75
540
-3
-82
0
-52
3
108
1
3
-1
-9
6
-76
-2
117
0
12
-4
-49
-17
310
84
-2
8
-72
-5
567
128
136
-7
-3
-6
44
-6
1
4
182
28
3
690
-17
1
25
119
-32
-24
-24
5
6
116
4
8
26
-11
1
1059
-8
-9
1
17
-530
4
0
3
42
-7
8
-26
29
5
6
-5
-4
-24
11
-3
2
0
9
-12
26
18
2
-9
-10
158
51
3
-78
11
103
0
-13
-362
-14
-2
1357
399
-386
0
-28
12
-109
2418
-4
-32
246
10
16
0
6
-6
-1
1
-13
-2
19
-3
-17
220
-6
0
-55
9
0
2572
15
-16
-9
2911
1
-2
33
-72
202
474
18
14
3
-3
-5
-2
-37
-51
-2980
0
-123
0
-16
-22
-12
56
-525
-9
-169
3
-4
-23
3
0
4
34
2
-20
-2
-11
-20
3
-9
-48
-18
-8
-9
106
4
-1
7
-91
-83
27
-4
23
-1
-77
4
-28
-1
-79
-28
13
-6
4
-2
-8
-149
-10
14
-15
403
-5
-2
-2
-4
-18
11
8
0
-2
14
2
-20
-3
-1
268
22
16
16
144
154
-1
-640
-37
-4
12
3
23
-13
-7
2
-23
-1586
-4
5
-57
17
-12
-6
12
-8
8
1
5
3
69
-1
-4
-8
126
-12
21
-65
-85
10
-11
153
2
-1695
-9
17
7
-155
34
-193
-29
5
-3
0
-3
-90
0
53
-405
7
23
-8
140
4
1
6
-13
33
1
11
-5
-5
1
-3
-15
-6
4
23
1
51
282
1
-4
44
15
-3
3
-4
-4
259
-29
-467
-4
-10
-43
-4
5
322
-15
-8
253
32
0
48
-15
25
-23
1
79
1
-137
-16
-20
-66
-1379
7
-7
100
560
33
19
-17
-62
-96
-12
0
5
-21
-4
9
27
-13
0
19
-27
32
-5
-3992
5
-10
11
-32
-9
-52
-1
1
26
-17
177
62
-322
-23
-3
2
9
-207
19
-4
5
4
-21
-4
25
25
-8
-12
-8
29
7
12
46
15
363
-5
-309
36
1
2
7
1
-40
225
6
5
60
3
-5
25
-1
-24
35
-24
-1
16
11
58
-4
-1
-166
-45
-22
-1
244
-9
-30
0
-431
-2
126
54
-8
4
1325
272
279
114
-34
22
1
0
-196
-55
-22
343
7
101
627
22
2
-5
-248
-123
12
-14
9
-3
-18
-333
-31
8
-7
8
-1
0
13
13
-7
-12
-10
19
3
16
25
464
-7
-53
13
-15
23
231
-8
0
0
-682
13
20
-336
237
-67
-4
12
-1
-1
86
0
0
-23
10
-5
606
-4
13
6
-59
4
54
16
-2509
54
28
-51
54
-7
-21
7
13
-1
-9
2
-1
13
328
2
50
-20
-29
-91
41
11
59
4
18
1136
59
44
-132
7
5
-109
14
-22
-20
32
7
3
4
-5
-10
-352
-2709
-1
8
-68
0
5
-5
0
33
7
2
308
-8
20
22
-31
9
60
37
-2
3
-10
-3
0
-607
33
489
-6
47
-13
1
0
-8
4
-1
-4
-3
-4
-11
-13
9
-4
-1
-21
-118
-58
34
-11
-23
-5
1
3
-1
-6
-75
130
-2
-40
-8
112
11
12
-1
9
-8
-11
-52
-35
-4
4
-148
-39
2
1
33
0
312
0
3
-1
50
-8
1
281
-11
14
14
8
71
2
-18
19
83
-1
99
-2150
5
121
24
57
19
5
-8
24
-3
0
-24
142
8
3
-115
258
-19
0
5
-1
-91
-10
-20
0
22
-30
-17
37
-1
2
9
5
-13
-2
1
11
7
-5
-2
17
-5
5
-47
3
16
-2
-12
-4
-1912
78
12
5
-43
2
9
0
4
19
-9
-2
-68
-4
-4
380
-28
51
-3
-5
117
15
8
-28
-5
36
226
65
-3
-346
-269
-12
30
-1080
-57
-112
-1
-22
-1624
1
27
23
0
-241
84
4
3
-53
-60
46
8
3
-8
0
-144
835
13
-190
-143
26
1
-2
7
13
146
-12
-362
20
6
-16
18
9
-70
89
-11
161
-27
6
20
25
11
-9
-1
2
79
-3
-5
-2
-73
7
-18
-5
-1
-16
-3
6
-13
200
89
12
-404
1
429
-24
-6
5
-3
7
-106
-66
4
-22
-4
-2580
-4
-9
-5
21
-89
-2
1
-7
-9
4
-7
-9
30
1
5
4
19
4
2
-36
550
2
6
20
3
-12
-37
3
-5
451
5
-4
145
6
39
-10
16
20
11
-11
11
0
-46
45
8
-12
-8
-121
8
-935
184
11
6
46
1
-23
-130
9
-2
-25
-1
-7
-128
34
8
44
-24
4
154
-7
69
13
0
-5
-41
-83
-7
-110
-14
18
2
108
-6
-220
-11
-563
-468
-5
-15
9
-1
33
29
192
1
-15
21
-19
-1
-613
1
2
0
-128
171
-6
15
182
0
4
-10
-3
-80
17
-9
33
-30
-50
15
48
-165
0
-7
0
-8
-10
31
2
-2
-42
-31
61
3
5
548
-4
1
-30
0
1
2
9
25
32
47
125
18
0
1
-16
-13
3
-8
1
59
0
6
1
-1
-2
-2
-74
16
8
1
-9
0
0
3
-592
2
2
0
-26
-1
-12
-2
-4
5
110
18
0
-24
-3
6
0
-17
-4
-18
14
-10
-2
59
-4
-8
145
0
-17
0
233
5
2
-32
-3
-6
-2
-5
1
2
1
-1
1
0
-5
-18
-4
4
-311
-6
265
709
0
0
4
8
7
-15
-5
0
-5
-1
197
5
-2
-44
11
157
-3
-1
-8
0
59
0
-5
7
-620
7
1
1
-1
-4
0
178
-2
120
6
61
4
-4
-29
-23
-1
0
6
0
4
7
-5
7
51
-11
-2
24
-3
17
-5
-1
6
-6
18
0
-182
2
12
-13
-1
5
29
0
-8
-2
-450
-2
-16
-1261
1
36
0
0
1
-8
-2
-1
-5
-24
-13
1
-23
3
6
-2
10
-178
0
-3
-8
5
5
20
-1
-1
-3
2
0
155
23
-10
-1
4
-21
3
-5
1
1
-249
-3
-94
3
-12
-76
206
11
0
-3
8
-7
-23
2
-95
-15
-1
19
-6
0
-2
-1
-1
-1
-4
59
-87
2
1
2
20
5
5
12
6
-9
-18
3
11
0
78
0
13
0
-19
0
-36
1
2
3
0
0
2
-4
-5
-5
2
0
-2
-8
-3
-2
-1
-5
81
10
561
-2
-6
-91
6
-1
114
-5
-4
16
24
-5
39
0
-1
-9
-7
0
-48
0
7
4
-28
3
-8
0
2
44
-49
-7
13
-2
-38
1
1
4
-7
2
-14
0
-21
0
-1
0
-289
11
3
0
-25
10
-9
17
1
6
4
1
-3
19
2
3
3
-1
-6
-9
749
0
0
-7
5
2
-8
16
0
1
2
6
-5
1
12
881
-1
1
-2174
175
-7
-1
-30
-4
2
26
-1
-4
7
-9
10
-2
0
1
3
1210
-2
0
9
12
-4
2
0
-13
2
-1
3
-2
126
11
0
26
0
-4
5
9
21
-13
-4
-10
-66
2
-3
-3
82
91
-6
0
0
1
1407
-1
9
2
2
0
-5
89
0
-191
3
-38
498
5
-1
-210
-1
3
-1
-14
9
6
22
-5
-31
1
2
0
2
1
-1
-11
0
-33
-80
-3
-6
2
-1
-7
11
2
1
15
-1
-62
-1
-5
-7
-5
-13
110
-1
5
5
19
3
-19
2
17
0
752
0
0
-1
17
-58
-7
-31
1
-390
-15
-69
-88
0
0
33
0
0
-5
-2
-18
15
49
8
125
3
5
-1
-16
1
-62
-82
1
-20
1076
-1
0
1
-6
4
-3
18
-3
-9
-28
-1
102
-3
-2
0
-4
1
44
0
28
-9
40
15
-3
-1
5
-26
5
7
0
0
-23
-32
0
304
1
-1
132
49
-150
43
0
30
5
0
1
48
-50
1
0
-220
-5
-16
313
-37
13
528
-105
-2
0
0
9
0
-17
-3
-2
7
3
3
-1
9
0
0
-16
-25
1
88
1
14
17
2
7
16
-3
7
-4
-75
-5
0
25
1
0
-12
5
57
34
53
0
-73
10
93
177
5
4
181
-1
-5
-7
121
39
1
-5
-46
1
-4
291
-1
-28
0
-2
21
28
2
-19
1
-196
-2
1
-28
204
-26
0
-324
0
17
-1
-161
-64
-50
-2
18
-55
-3
-34
8
60
2
1
155
0
-2
-1
1332
6
-1
16
1
-12
-5
-5
-29
1
-1
-1
-1
15
-67
0
0
-372
10
0
330
366
2
7
-2
-2
-18
-2
-3
1
7
3
-2
2
5
4
-2
0
2
0
16
0
0
-9
-1
5
3
2
4
-11
-6
-38
408
0
-1
14
7
-25
-11
7
23
0
-2
84
0
-14
-10
-22
-29
510
3
1901
-1
-1
-1
1
-2
4
1
0
0
0
-8
-83
22
0
57
-620
-50
-1
9
36
0
74
-1
2
4
-3
-10
-57
-223
0
150
-112
51
-10
4
-7
10
12
-1
14
-7
1
2
26
0
-3
-1
3
48
-3
204
-4
128
-3
-2
-4
0
7
-1
-14
0
7
21
-6
-3
-64
0
-17
-5
-1
695
-2
-1
3
3
-3
1
6
-17
7
-259
21
0
-1
21
0
-49
-9
4
-1
0
-52
228
10
-1
5
12
262
0
290
1
3
9
-2
-2
15
18
8
4
39
0
35
-1
0
-8
-9
-8
0
18
-2
-18
-2
-3
1
0
2
-3
-230
-6
-23
-7
0
12
-3
10
24
20
6
99
-24
4
-4
0
-3
-3
-1
0
-18
0
177
-7
-1
0
-19
-47
-8
9
28
10
-6
0
1
5
13
-21
5
0
10
-12
5
-43
3
-1
-6
10
-1
-13
0
6
-14
-7
-12
-5
-1
3
-5
0
2
0
12
22
-3
8
1
-1
-8
-6
-4
48
0
-1
-530
-7
0
3
-4
46
6
-9
-3
12
-11
99
0
18
0
21
-82
-3
-74
-2264
2
13
1
660
-2
1
1
0
-3144
1
0
21
0
52
0
-10
5
12
7
-87
-9
17
-3
-3
42
160
1
-37
-7
22
-81
-1
-24
0
45
154
3
1359
0
256
183
-2
1
-153
2
6
-1
-5
-54
-1
-21
-1
8
-4
-1
-41
3
-1
-6
6
71
0
2
-5
-2
-5
-33
0
9
0
10
10
14
-1
14
3
-5807
3
9
2
-17
-36
4
-11
-1
0
6
0
-3
0
10
1875
0
0
-2
4
-555
89
57
-4
-8
11
8
-144
26
1
1
-17
1
-182
8
0
6
-34
0
0
-1
2
1
-4
-4
1
-2
20
-53
6
239
-5
22
-10
0
1
2
2
0
-2
7
-2
1
-7
-536
28
-21
-427
-2
1
-1
-44
-26
9
1
0
98
13
7
-19
-14
-5
9
6
63
0
-1
15
-202
2
2
-7
-4
-1
-1
-10
46
-5
-2
6
1
-3
321
1
-55
-3
-1
95
-2
2
76
-6
1
9
-8
-9
-26
-50
4
26
4
-3
3
-12
2
35
-1
6
1
-246
6
-28
-23
152
11
-1
-682
0
0
-1
-6
-25
3
-12
-2
290
-105
0
-16
-10
-14
-6
0
13
-21
0
-116
11
0
-50
4
2
-32
3
0
-1
0
1
2
-3
6
-5
2
42
1
-36
3
-4
-8
-1
-1
0
0
3
58
1
-16
110
0
-3
-4
8
-3
23
5
-445
13
-11
-122
5
2
0
-8893
0
13
-333
0
2
0
-57
-3
0
-2
-2
1
-21
0
11
-27
1
-10
36
-3
1
5
6
-2
0
40
130
-81
-1
-41
-10
1
0
-6
-5
24
-24
2
-12
1
-2
-5
10
9
7
-4
2
1
53
0
-1
-2
-653
2
0
5
-10
3
0
6
-34
-3
-306
0
26
-10
2
-8
-7
5
-1
1
-1
-1
-260
1
0
27
1
-1
28
16
0
-1
5
-1
-3
-524
-22
6
25
-8
2
9
17
-2
3
0
1
0
19
9
-1
6
-6
3
0
0
0
-78
7
-12
1
-7
-30
-28
-150
-6
3
-34
-8
-29
5
4
27
1
470
-7
-2
-296
11
2
6
0
8
2
3
64
-1
-47
-77
0
-57
6
-1
38
39
4
0
-2
-519
-3
25
0
141
0
-16
-14
1
-6
0
4
-3
2
-18
8
-2
-1
74
0
0
0
-1
4
106
14
1
121
0
-4
-155
-177
1
-10
2
-113
1
1
21
-10
1
110
-6
2
4
0
0
4
2
13
5
40
0
5
-1
-1
-5
0
-1
0
0
0
15
-4
-20
244
1
1
11
-1
13
1
-3
23
-3
-4
0
-2
-21
0
0
6
1
2
-22
1
18
0
-9
-128
8
6
9
1
9
1
3
0
10
-9
-1
78
27
1
14
-1400
30
4
0
0
-29
1
2273
-18
9
2
1
15
-1
-6
27
55
16
31
0
-15
-67
0
-173
0
23
0
11
1
-18
-11
7
-6
-1
-2
0
0
-11
24
5
-10
8
14
-1
-10
1
-19
-3
12
46
-7
1
7
25
-1
0
0
-1
0
1
-17
-7
1
-1
-112
1
-29
0
7
-35
-8
0
3
8
29
-47
-5
0
7
693
-3
-2
35
-1
-44
-10
3
19
1
-1
3
141
-347
1
0
3
1
2
-34
-1
-3
0
49
-50
-18
5
4
-7
-2
14
0
4
0
-9
-1
18
-6
84
-1
-1
17
-2
-7
2
1
-2
0
-9
-7
-9
-2
-91
-2
0
-21
2
-9
-2
-5
0
-6
1448
-20
1
-5
2
1
-4
-1
17
55
0
0
8
-1
-6
125
9
3
-89
-3
0
6
-70
-44
-70
-1
-4
2106
-47
17
0
-3
-33
-7
1
1
1
2
1
20
-495
1
-2
146
1
8
-10
-4
-111
12
0
28
0
9
7
0
-7
-68
0
6
5
43
31
0
166
-5
-20
9
10
-3
11
2
174
10
-4
2
6
1
438
0
7
-6
-1
-1
0
1
-37
-3
7
-29
1
-1
51
12
0
250
-24
2
-7
3
-59
58
62
0
1
3
-380
1
1
-8
1
-12
0
40
-2
0
-2
1
1
-66
-1
3
-4
-3
3
7
-4
-5
1
-1
3
0
1
-1
-15
-3
0
-49
-6
17
36
-6
5
-3
4
12
-2
-294
66
32
8
2
-1
0
4
-8
-1
-6
0
-5
2
-1
7
-5
-4
-26
2085
22
-9
-5
16
19
-2
-2
10
0
11
7
17
0
1
-13
-24
2
11
-2
23
8
3
16
0
-6
-6
60
0
14
-13
11
-611
1
18
-51
-11
-5
-1
-83
0
0
5
3
23
5
15
81
20
3
2
28
-1
8
-2
1
-20
5
460
29
-1
-2
53
83
0
-141
2
-1
0
3
93
-21
-1126
21
11
8
4
0
0
-1
-6
1
-13
-15
3
8
-171
0
-1
-6
0
1
-7
-43
-42
765
-26
1
0
-8
-2
-3
4
24
-2
0
39
0
-13
-16
-5
5
0
-6
-8
-2
-8
31
6
0
15
-8
-9
5
0
-9
-213
-60
9
-12
188
-4580
-2
-14
5
-32
16
58
-3
-326
-1
127
32
-2
40
-4
-7
37
6
-16
5
20
45
0
147
-6
2
1
-10
6
10
0
0
-2
-1
-8
-1
30
-1
50
27
-17
-4
1
-28
-1
22
-23
-443
-1
2
-4
-1
-71
49
81
-1
-41
20
-45
10
1
1
-1
1
3
0
-25
0
-18
2
-25
30
14
-9
-34
-67
62
-36
0
-203
4
2
0
0
24
-11
6
-2
1
24
0
15
-8
10
-3
9
0
0
-7
-5
-3
-425
312
-1
-2
89
-260
6
8
19
-22
-6
-4
111
-8
0
-2
10
-1852
0
4
16
0
3
127
16
-2
4
0
7
-53
-1
-2
-3
-1
-86
-2
3
1
-6
0
9
6
3
0
-17
-5
34
0
0
0
0
2
0
-1
-3
851
-7
0
-1
0
221
-37
6
0
-62
0
-66
10
0
19
72
0
0
0
0
0
-2
24
11
0
0
0
0
0
-3
0
-16
8
1
31
-330
11
33
0
0
2
-14
-1
-7
0
-15
27
0
-64
1
-4
143
9
-1
2
0
-1
-1
1
0
0
-1216
-47
1
2
0
1
-1
-4
1
-1
1
0
70
0
-68
0
4
4
0
1
0
2
3
1
892
5
-7
-5
-5
0
-7
-2
0
1
-1
-16
-193
-14
6
0
4
0
0
12
2
0
9
0
-6
-4
0
-1
-2
0
1
-7
-1
1
61
0
0
0
194
18
0
30
28
0
3
-128
4
9
0
34
-16
2
11
-3
0
0
-1
0
517
4
-8
-8
0
-6
15
-7
1
-5
0
-5
1
0
6
0
0
0
9
10
15
1
1
0
0
2
0
0
-1
0
19
0
-4
0
-79
-44
-2
21
859
-6
6
-1
-1
0
3
6
1
0
-2
0
-2
-1
1
-1
-1
-47
-1
1
14
0
-1
0
0
8
-2
0
-5
-1
1
-6
23
0
4
-6
4
0
-5
13
-7
-1
0
0
8
1
-9
2
0
-8
2
-3
2
6
1
-8
-1
-1
-7
-137
0
-4
-13
-4
-21
0
-13
0
-1
13
0
-6
-12
-1
0
-1
17
-1
-168
-6
11
11
-3
9
0
0
-3
-996
0
-3
0
-50
0
0
0
6
-3
0
0
0
-8
-1
0
0
0
-6
1
1
0
-2
2
-4
11
0
10
0
-1
5
0
0
0
-11
-8
4
-18
11
-32
213
10
3
23
-2
0
-760
0
11
2
4
0
0
175
-15
-2
1
1
-1
-1
0
16
-9
-1
0
-91
0
41
0
-1
2
0
0
126
-3
0
1
-1
1
0
88
-1
0
-7
0
1
0
-1
-1
1
-19
2
1
0
-146
0
-8
2
-1
4
227
1
-1
-1
1
-8
8
0
0
0
0
0
7
-11
23
-42
2
2
0
-4
0
-1
0
-5
0
-3
4
6
-7
1
1
-15
1
-5
-4
0
-2
0
0
0
12
3
66
0
-13
0
0
0
-39
0
1
-1
-43
2
-32
-1
4
1
0
1
-2
-5
0
0
-159
-49
-2
-2
-2
0
3
0
0
36
-2
0
-8
-2
0
0
0
0
-9
-1
0
0
-1
-43
3
0
0
-3
-23
8
0
1
-1
281
0
29
-4
13
0
0
0
0
12
0
-3
5
15
0
0
0
9
52
0
1
-183
1
-4
-2
3
-16
0
0
67
0
0
0
0
0
0
0
1
328
0
1
2
-38
0
-1
29
0
137
0
15
5
1
10
-2
147
12
3
-6
1
0
-91
-3
2
-3
-1
-29
0
0
-3
-6
0
-3
5
0
7
4
4
0
-57
0
0
4
0
-1
-241
4
0
28
0
0
1
1
-1
-3
-1
-4
-1
-7
0
0
-2
0
16
-4
-2
-6
0
0
0
-3
-107
8
6
-1
2
1
0
107
17
-57
0
2
0
-81
21
-1
-1
-35
0
0
-1
3
4
8
95
1
-9
0
0
1
0
0
0
0
-4
-8
-311
9
0
-24
-1
0
0
0
-10
0
-1
-3
0
-4
0
-4
-1
5
1
0
10
-6
8
-96
0
-36
5
-17
1
12
-4
4
-3
-4
1
0
-2
1
-208
-1
0
-3
0
0
0
-2
-1
-6
0
2
1
0
0
0
4
-2
1
-2
0
0
-2
0
14
133
20
0
2
1
1
10
0
-3
0
-6
-8
0
-16
0
-11
0
0
3
0
1
0
-21
1
-2
-7
2
3
0
1
4
-6
-3
-310
26
10
-1
-3
1
0
0
-4
0
0
-29
0
-1
0
14
1
12
-1
-127
18
0
1
9
1
-4
16
0
0
16
120
-7
1
-1
5
-2
-7
0
2
-9
1
0
24
0
-1
-5
18
0
-2
6
-2
-1
0
-31
1
5
0
0
31
0
-1
-5
0
0
0
-5
0
0
-6
0
-10
-1
0
20
2
50
-4
0
1
-1
0
1
78
0
74
0
0
0
-4
0
1
-2
0
-5
20
20
0
1
0
0
9
2
-1
0
0
0
-3
-2
0
0
6
0
-23
-1
0
6
3
-3
-1
-1
-3
0
-1
0
8
-2
15
-1194
3
-18
1
-3
-2
-1
-23
4
1
-21
-32
0
-7
2
38
0
15
0
-20
0
0
1
1
29
151
0
0
-183
0
6
100
-1
-548
17
58
0
6
0
4
0
0
97
-2
0
-1
3
6
6
0
51
0
3
1
-4
-4
0
4
4
-2
0
0
0
0
-2
43
1
0
-44
1
-2
0
0
1
10
1
6
0
5
-10
-5
0
51
0
-1
3
1
15
1
1
-9
0
1
-1
2
36
-7
-6
0
0
459
0
0
-8
-6
85
1
0
-1
0
0
1
0
4
-3
-108
6
-2
-1
0
-3
1
0
-1
-10
0
-7
0
-1
-12
0
1
-2
-2
-13
-9
-5
1
0
0
20
-3
0
-140
1
-2
0
53
1
6
0
-2
-23
0
-9
0
6
-35
-8
0
1
0
1
0
0
8
0
0
-7
0
9
0
0
0
137
7
3
0
0
0
6
-1
0
3
-13
5
-8
-4
7
1
0
0
0
2
0
-81
2
2
-115
1
6
1
0
7
17
1
-16
0
-11
14
0
1
-8
6
1
0
5
19
0
1
-18
-1
-4
2
-1
-1
0
-1
46
4
0
6
-6
0
-7
-3
2
-1
0
46
-1
-69
3
5
-1
-1
4
2
-17
3
13
0
18
13
-1
-1
2
-22
-3
0
0
0
-1
68
-1
0
10
0
1
-6
3
7
12
0
1
90
-152
-1
-2
0
0
-1
50
-4
-2
-2
15
9
-5
70
-29
-36
-6
-1
-1
-1
-3
0
-3
-25
0
3
1
-123
-4
0
0
1
5
0
-336
1
-1
-3
2
-4
0
-5
1
15
-25
-4
-7
-5
3
0
0
0
0
-7
-4
0
-6
-20
1
3
0
28
4
3
-1
0
1
16
-131
0
2
1
0
0
-14
-7
-5
0
-1
-7
1
-5
1
-8
0
-8
0
0
0
-16
189
0
1
-173
0
0
-1
3
1
1
0
5
0
6
7
0
4
0
-9
-2
1
0
10
-7
0
-4
0
0
-21
0
5
0
0
-196
-9
12
10
0
1
0
-47
0
19
-5
1
1
1
-8
0
0
-13
0
0
-1
-5
-17
1
-584
12
156
0
0
9
0
0
0
0
0
0
-1
-1
0
305
4
-1
3
-1
0
-1
-2
0
-20
0
265
0
-14
0
4
0
4
-2
-1
0
-11
0
9
12
77
-5
-1
-56
19
0
-1
0
0
3
2
0
11
32
8
3
3
0
0
-1
0
0
8
-122
0
1
1
-54
9
1
0
0
25
-19
-7
1
9
7
45
2
0
-5
0
-2
3
0
0
2
26
-8
3
49
-16
1
-1
0
-1
-1
4
0
0
-5
-1
0
-4
5
5
-2
0
0
-2
3
-4
0
-1
1
-1
-10
2
-8
0
3
11
0
1
-2
0
-3
-29
-53
0
3
-5
1
-2
0
-1
-1
-3
15
-8
0
0
-36
-1
0
0
6
1
0
0
33
4
1
2
0
2
-8
12
0
-105
0
-1
6
-5
0
10
-1
-1
4
-11
0
15
0
2
-6
-2
-29
4
0
0
1
-3
10
0
5
-14
32
-4
-16
-8
4
17
9
0
4
-4
0
1
146
-1
-6
0
0
0
0
-1
85
137
0
0
-1
1
-1
1
0
-6
-259
4
-1
10
-6
2
-1
1
-6
0
0
-5
-2
1
0
0
0
-9
0
5
2
-18
3
-9
-1
0
6
0
-429
0
3
-21
-45
0
20
1
-2
1
-1
-8
0
1
5
2
-2
0
1
0
0
10
7
0
-6
2
3
1
8
-124
0
-16
54
2
0
0
4
0
6
3
1
-9
-2
-1
7
0
39
-5
23
0
0
-12
-1
19
0
-3
0
0
0
-1
-3
-13
2
1
-1
12
0
-3
-1
0
0
-1
20
-5
0
0
-41
4
0
-6
-209
-12
0
-15
6
0
-26
-5
0
9
-1
0
-4
0
1
-4
0
0
-2
0
21
3
-2
0
0
0
43
0
9
-1
-12
0
1
13
0
-7
2
0
2
1
0
0
-5
1
-3
-16
13
0
1
-19
1
30
-2
0
-34
0
-7
105
2
1
2
-4
-21
3
0
2
37
-4
-13
0
-1
6
0
-2
1
0
0
2
1
0
1
8
-3
-11
0
3
0
0
4
-264
-4
0
26
11
-43
0
-1
-9
-1
0
3
0
-1
0
-18
0
-1
-1
3
-3
14
-2
0
12
2
5
0
0
0
5
2
19
0
1
0
8
0
0
10
25
2
4
0
-1
-3
-255
-12
7
9
-76
1
-6
2
91
0
0
1
3
-2
29
0
-2
0
-6
0
6
-2
-95
0
98
0
0
0
2
5
3
3
-19
-902
0
0
0
0
11
6
0
-4
0
-1
-11
0
24
7
-5
430
0
0
-1
-17
0
-9
-3
-3
0
3
513
12
-2
0
1
3
0
1
0
5
0
0
33
-4
0
0
-2
0
-23
-118
0
0
24
5
0
0
1
-407
-3
-5
-54
1
-63
-329
1
-12
3
0
-3
5
-1
-1
1
0
5
-2
4
-1
0
1
4
43
1
0
0
1
9
22
3
1
0
-4
0
-1
1
-1
4
0
1
-1
-1
0
0
0
0
0
0
-1
-1
8
51
0
-2
0
0
10
0
20
898
1
-10
0
-11
1
-3
-10
2
4
2
0
0
-14
20
1
0
0
1
-8
0
-14
26
-1
2
0
3
4
0
0
-3
-6
0
-8
0
0
0
-2
0
0
18
0
0
4
0
-21
5
13
-2
-16
-1
5
-4
2
2
-5
0
-164
0
-1
-9
82
9
66
0
0
-11
-2
-2
1
4
-24
12
-3
-1
21
-15
32
0
-133
1
-5
1
-1
0
-3
3
-5
8
-14
-4
-72
0
-3
0
0
0
0
-1
-3
2
-2
11
0
-2
-4
0
9
-5
6
0
-14
-1
0
0
2
-1
0
5
0
5
0
-15
-4
-27
8
9
33
12
-20
-6
1
0
-10
0
-3
0
2
0
8
1
0
7
0
0
1
38
14
28
1
9
-5
0
-33
-3
-3
18
357
0
0
-1
0
0
7
0
0
4799
-3
0
-6
-4
1
15
-5
0
0
0
-1
1
0
0
-1
0
0
0
0
-6
0
0
-2
0
0
0
8
1
0
-1
0
0
-7
0
3
0
756
-1
0
0
0
0
0
0
0
0
0
0
0
-78
-47
394
0
0
0
0
0
0
0
-9
1
0
0
16
4
0
10
0
0
-1
0
0
0
-1
0
-3
0
6
8
-2
0
-1
0
4
0
-1
0
1
0
-35
1
3
0
2
1
0
32
5
4
0
0
1
0
-1
0
0
0
-1
9
20
0
0
-4
1
-1
-18
0
0
1
0
-1
0
0
-1
0
3
0
-4
0
0
1
0
-3
0
0
0
-15
-1
33
0
0
0
-1
0
10
39
-2
6
13
0
1
-2
-1
0
0
0
1
0
28
0
0
0
1
0
0
1
-4
-2
-1
0
-2
26
0
0
0
0
4
-1
0
0
0
0
0
3
0
-2
0
18
-3
-1
0
-9
9
-5
0
0
0
0
0
-41
0
4
2
-2
1
0
0
0
0
0
1
-139
0
0
-1
0
2
0
-21
24
0
0
27
-2
0
0
0
6
0
14
0
0
0
0
-1
0
19
0
0
-1
0
0
0
0
-5
0
0
-1
-1
-1
0
2
0
2
1
0
9
7
0
8
0
0
-1
0
-131
0
24
0
2
0
0
0
1
0
0
0
-4
0
0
0
0
-3
11
0
0
1
0
-1
7
0
1
0
0
0
1
0
-1
-11
-1
0
2
0
0
29
5
0
0
11
0
-3
0
1
1
0
-17
0
0
0
0
1
0
0
-41
-6
0
0
-3
0
-19
0
0
-7
0
27
0
9
-1
1
2
8
0
1
2
0
-5
-6
1
0
7
0
0
1
-2
-24
0
0
0
0
-1
151
0
0
0
0
0
17
0
0
0
-69
0
4
0
-2
0
2
0
0
3
8
1
-1
0
-2
1
0
0
0
35
-2
1
0
0
-19
0
0
-1
-1
185
1
-1
0
-1
0
0
1
0
1
2
0
0
0
-2
2
0
0
0
-3
6
1
0
-5
1
0
-8
0
0
-1
1
1
0
-1
15
0
0
0
1454
0
0
0
0
0
0
0
0
-240
1
0
0
0
-14
0
-5
0
0
56
-27
-9
35
0
0
0
-1
-132
11
0
0
0
0
0
-28
0
0
0
-1
0
-1
-5
0
0
-1
31
0
53
1
0
-4
13
0
145
0
-14
0
0
0
0
0
0
-11
0
-48
-2
0
0
0
0
4
-1
-1464
-6
0
0
0
2
0
5
1
4
-423
0
-38
0
0
0
-1
1
0
1
0
1
0
0
1
0
16
0
1
0
0
1
0
0
0
1
0
1
0
-18
-3
0
0
40
2
-9
15
0
0
0
-3
0
0
1
0
2
0
-3
4
8
-2
3
-1
1
-1
0
10
-87
0
0
35
-3
0
0
0
4
-1
0
0
-6
-3
-4
0
1
0
1
0
0
0
9
0
0
-6
217
-9
0
0
34
0
0
0
1
0
0
0
0
-3
0
1
2904
-5
0
0
1
5
0
0
0
0
0
-3
1
7
8
1
103
-81
-3
0
0
-390
0
1
8
0
1
-24
0
1
-49
0
-9
0
0
3
0
0
0
0
0
0
-5
-1
0
0
0
0
15
0
0
0
0
0
2
0
2
0
11
183
0
0
0
0
0
-1
5
0
0
5
31
2
0
0
-6
0
1
-10
-11
0
0
0
2
-6
-3
3
1
0
-4
0
0
1
0
1
0
3
0
4
1
-1
-1
21
1
0
-1
0
-10
0
0
0
5
0
0
0
0
2
0
0
-1
-1
0
10
0
0
6
0
-5
0
5
0
0
0
1
0
0
-33
225
0
-3
0
0
0
0
-1
0
10
0
0
0
1
0
0
0
-3
0
1
-7
0
0
-1
-1
0
0
0
0
-1
0
0
1
0
0
8
0
-4
0
5
-1
0
0
0
-1
1
-111
0
0
2
-2
5
0
0
-19
-36
0
-775
134
0
0
0
-2
0
0
6
0
-7
0
0
0
1
1
0
0
4
0
-12
0
0
0
0
0
0
0
0
-5
0
164
1
0
0
0
0
-3
0
1
0
0
1
0
0
1
-1
0
0
-305
-13
0
2
0
-1
0
1
0
0
0
0
0
1
-6
-1
1
-1
0
0
0
0
-3
0
-1
2
0
9
0
-3
4
0
0
0
2
4
0
0
-4
-1
1
-1
0
0
0
0
0
0
0
-5
3
1
-1
-6
0
0
1
-1
0
0
-21
-1
0
9
-10
9
0
3
0
0
0
-7
0
4
8
0
0
0
0
-2
4
0
3
0
0
0
9
-1
-3
60
2
0
-2
-1
0
-128
1
0
1
0
-84
0
0
0
0
0
1
-5
0
0
0
-230
0
-2
0
0
3
0
-1
1
0
0
0
-1
-1
0
2
0
0
0
0
-2
-2
0
0
0
0
-48
1
0
-2
39
0
0
0
0
0
0
0
0
0
0
1
44
13
0
0
0
0
-17
0
0
0
151
0
0
0
0
12
0
0
0
0
-5
0
0
-2
0
0
1
-1
-2
0
-1
1
0
0
0
0
3
1
15
0
-53
0
4
-7
1
0
1
0
0
0
0
-2
0
-1
0
1
1
-74
0
-92
0
0
-1
0
0
0
0
0
-13
0
0
0
1
0
0
-8
-1
-1
1
-4
0
0
0
1
0
-1
-9
-2
2
4
3
-30
1
-3
0
0
-3
-32
-1
0
0
0
2
0
0
0
0
0
2
0
4
3
0
0
4
1
8
0
0
0
0
3
0
-38
4
-7
4
-6
2
0
0
0
3
-7
0
0
-4
-1
0
0
0
0
0
-1
0
2
-13
0
4
0
14
1
0
1
22
0
0
-12
0
-1
0
-1
22
0
0
0
0
4
0
0
0
-15
-1
1
0
0
0
4
0
0
28
-2
2
0
3
1
3
280
7
0
-2
-396
0
0
0
1
0
0
0
0
327
0
1
-5
4
5
1
0
0
0
0
0
-30
-1
2
4
1
0
8
-5
0
86
0
-2
0
0
0
0
23
1
-110
0
0
0
0
3
1
0
2
0
0
0
11
0
0
0
-265
0
0
0
0
-1
0
0
0
0
0
33
5
0
0
0
0
0
-3
-2
0
0
-316
-3
0
7
1
0
-1
-1
0
0
-26
0
0
19
-4
-7
0
-13
-4
0
-5
0
0
3
7
-9
0
0
8
1
-10
0
-187
0
0
0
0
0
3
25
1
0
-11
0
0
0
0
0
-4
-1
16
3
1
-1
-2
0
-1
0
-201
-2
-5
86
0
-36
0
0
0
-1
3
0
0
15
0
3
0
-3
0
1
0
0
-1
0
-1
0
-1
-1
0
0
0
0
0
15
0
9
-1
0
0
0
8
-1
0
0
0
0
0
0
0
-1
14
-1
0
0
1
1
-1
0
0
0
0
266
4
14
0
2
0
-1
3
17
-1
0
0
-1
-6
-1
0
0
-1
0
1
0
1
0
0
-13
0
0
0
-46
17
0
0
0
0
0
0
0
-4
0
0
0
1
0
10
0
-7
0
-26
2
0
0
0
0
3
0
1
0
0
-182
0
0
49
0
0
-1
9
-8
0
-5
-1
0
0
-9
5
0
3
0
0
1
0
28
1
-4
20
-1
0
-2
-5
0
1096
1
0
0
7
0
0
0
0
1
0
-13
0
-1
-23
-1
0
2
-1
0
-21
0
0
86
0
0
0
-75
0
0
0
-501
0
19
0
-8
0
-1
0
0
0
0
0
140
0
1
0
0
0
1
5
294
0
-4
0
0
0
0
0
0
0
0
0
1
-1
-52
0
2
0
0
-1
0
-68
1
1
0
2
3
3
0
-2
0
0
-7
0
0
0
-2
1
1
24
0
0
0
-3
9
-2
0
-117
0
0
0
0
0
1
0
-4
-2
0
0
1
0
1
0
0
0
1
0
0
0
14
0
62
0
-1
0
-1
0
0
0
0
0
-54
0
6
3
0
0
-6
0
0
-40
-2
-5
0
0
0
0
0
0
0
1
1
0
-4
0
-6
0
-3
79
0
-3
0
1
-37
3
0
0
0
2
-26
0
0
0
-4
0
0
0
-5
0
0
0
0
0
0
3
4
1
2
10
0
-80
4
0
0
0
-1
0
13
0
-3
-1
-9
5
0
0
0
0
0
-12
1
-1
0
1
1
14
8
0
0
0
-1612
0
27
543
-1
0
0
14
146
0
0
-3
0
0
4
-16
0
8
0
0
2
0
-10
0
0
0
9
15
0
0
0
0
0
5
0
0
1
-14
0
-2
11
0
0
-23
0
0
-10
0
0
0
4
0
0
0
0
0
0
0
-2
0
0
0
0
0
0
0
0
0
-1
-1
-3
0
0
0
0
-1
0
0
-1
10
5
-1
0
0
0
-1
0
0
0
0
1
-1
0
6
-2
2
0
0
0
1
-6
1
5
0
-2
1
0
2
1
0
0
0
-1
1
0
2
0
-1
-3
0
-12
1
0
0
1
0
0
5
0
1
-4
0
0
-1
-1
442
1
0
0
-18
1
0
0
0
0
-2
1
0
3
17
2
25
0
0
0
0
114
1
0
0
0
0
0
0
0
-146
-198
0
0
1
-18
0
0
0
-2
6
0
6
0
0
-1
0
0
1
-6
0
0
0
6
0
0
-1
4
-1
0
0
-1
0
6
0
-8
-7
-8
17
0
0
0
0
3
0
38
-7
0
2
4
0
0
0
-29
420
1
0
0
-1
0
0
-39
1
0
0
0
0
0
-2
29
-1
0
0
-20
-1
0
0
-2
0
-1
-1
0
-1
0
0
-6
0
0
0
-2
0
-2
1
0
3
6
0
0
1
0
0
0
0
0
0
-17
1
0
0
0
0
-3
0
0
-212
65
-2
1
0
2
4
0
109
12
0
0
0
-23
1
0
0
0
0
0
0
0
0
0
0
2
1
0
0
499
0
0
0
1
0
0
0
4
-18
0
0
1
1
0
0
0
8
0
0
122
-7
0
-13
0
0
0
0
0
0
0
0
13
-1
0
0
0
0
0
0
-1
-1
0
0
0
0
1
0
642
0
0
0
0
0
0
0
0
0
0
0
0
-19
0
0
0
0
0
0
0
0
0
0
0
0
0
-7
2
0
0
0
0
-7
0
0
0
0
0
0
-13
0
-1
0
1
-1
-3
0
0
0
0
0
0
0
6056
0
0
0
0
0
0
0
0
0
0
7
0
0
0
0
0
0
0
0
-7
0
0
0
28
-1
0
0
0
0
0
0
0
0
-23
0
0
0
4
0
0
0
0
0
0
-30
0
0
0
0
0
0
33
0
-3
0
5
0
0
0
0
0
3
0
-1
0
-9
0
0
0
2
0
-3
0
39
-4
-57
0
0
10
0
0
0
-7
-5
0
0
2
0
0
2
-1
0
3
0
98
0
0
0
0
0
0
-2
3
-15
1
-2
1
0
0
0
0
0
0
0
0
0
0
0
0
0
-1
0
0
-5
0
0
0
0
0
-5
0
0
0
0
0
0
0
0
0
0
-1
1
0
0
0
-2
1
0
0
0
0
0
0
2
0
0
0
0
0
9
-202
1
0
-2
0
0
0
0
7
0
0
0
0
4
0
0
0
-1
13
0
0
0
0
0
0
0
1
-10
0
0
0
1
0
4
324
-2
0
0
0
-8
0
0
0
1
0
0
0
0
2
0
0
0
0
0
0
1
-3
66
0
1
0
0
0
0
0
-7
66
28
577
-1
0
0
-5
0
0
0
-3
0
-106
0
0
0
0
0
-9
0
-1
0
0
0
0
0
0
0
1
0
0
0
0
0
0
0
-47
1
9
0
0
0
0
0
28
0
3
1
1
0
0
-5
2
0
0
0
7
-1
-18
0
-59
0
5
0
0
0
0
0
0
0
0
0
0
-1
0
0
-11
0
0
0
0
0
0
0
-1
0
0
4
0
2377
0
0
0
0
4
1
0
6
9
0
-52
0
0
0
0
0
-14
0
0
0
0
0
1
0
0
0
0
0
0
0
0
0
-1
0
0
-5
0
-360
0
0
0
0
0
0
0
0
0
0
0
0
0
1
0
-1
0
0
0
1
0
0
0
0
-1
-1
0
-5
0
0
0
0
-1
1
0
0
0
1
0
0
0
0
0
0
0
3
0
-1
0
0
0
0
0
0
0
1
4
0
0
0
1
0
0
-1
0
0
0
0
5
-1
0
-1
-2
0
0
0
0
0
-1
0
-9
0
-1
0
-7
0
0
0
0
0
0
0
0
1
0
-315
0
0
0
0
1
0
0
-2
0
0
-1
0
1
1
0
0
0
0
0
0
0
0
0
0
0
-1
0
-1
0
0
-3
0
0
0
0
0
0
0
-3
0
0
0
1
0
0
0
1
0
0
0
0
2
0
0
0
0
1
0
0
0
3
0
0
0
1
0
0
0
0
12
0
0
0
0
13
-1
-9
0
0
0
0
61
1
0
0
0
-7
0
0
-3
0
0
0
0
0
0
0
0
0
0
0
0
0
-1
0
0
0
0
0
0
0
0
0
0
0
0
39
0
0
-1
0
-1
-1
0
0
0
0
0
10
0
0
0
0
0
0
0
0
0
0
-21
0
0
0
3
0
0
0
0
0
0
0
1
1
0
0
0
-23
0
0
-1
0
0
1
-4
0
0
0
0
0
0
0
337
0
0
0
0
0
0
0
0
0
-234
0
0
0
4
0
10
0
0
0
0
1
0
0
-3
1
0
0
0
1
0
3
0
0
0
0
0
-1
0
-1
0
-2
0
0
-4
0
0
0
0
0
0
6
0
0
0
0
0
0
0
-2
-1
0
0
0
-333
0
-3
0
-5
0
0
0
9
0
0
0
0
0
0
0
0
1
-12
0
0
0
0
-5
0
0
0
0
0
-5
0
0
0
0
1
0
-1
0
2
-5
0
1
0
-1
-14
-5
0
-1
0
-1
11
0
0
0
3
-11
0
0
0
0
0
0
-14
0
4
0
-1
-115
173
1
0
0
0
1
0
0
0
0
0
0
0
0
0
-1
206
0
0
0
0
0
0
-35
0
0
0
0
0
-2
0
7
0
1
0
0
0
0
-2
-2
3
0
0
0
0
0
0
0
0
110
0
0
0
0
0
1
0
0
0
0
1
0
0
0
0
-15
8
1
0
11
-1
0
1
0
0
0
0
0
0
0
0
0
0
-8
0
3
0
0
44
0
0
-1
-7
1
0
0
0
0
0
0
0
-3
0
-7
0
0
0
0
-14
0
0
0
0
2
0
0
-1
0
0
0
0
1
0
0
0
-1
0
0
2
1
0
-1
0
0
0
106
0
0
0
-1
18
3
0
0
0
0
27
0
0
0
0
-12
2
-2
0
0
0
0
0
0
-1
0
0
0
0
0
-1
0
-2
5
1
6
4
2
0
0
0
0
0
0
0
0
2
-2
1
-1
0
0
5
0
0
0
0
0
0
0
0
0
0
1
0
0
0
0
0
-1
1
7
0
-19
6
-10
0
0
0
0
0
0
-5
0
0
48
2
-1
0
0
0
4
0
0
0
0
0
0
0
-5
2
0
0
0
0
0
0
0
0
-864
0
0
0
0
0
0
0
0
0
0
0
1
3
-1
0
-7
0
-1
0
0
-1
0
0
0
0
-1
0
0
2
0
-3
0
0
8
0
0
0
-5
0
0
0
0
0
0
0
-26
0
0
-1
0
-2
0
0
-1
0
0
0
1
0
0
0
0
1
0
0
0
0
0
0
2
3
1
6
0
-5
0
0
-1
0
-1144
0
-2
7
0
0
0
-4
0
0
1
0
0
-2
0
0
0
0
-1
0
0
1
0
2
-2
-13
12
0
0
-2
0
0
0
0
0
0
-2
0
6
0
0
0
0
0
0
1
6
-1
0
0
0
0
0
0
0
-2
0
1
-2
0
-6
0
2
-4
-1
0
-5
1
0
0
0
0
0
0
0
-1
0
0
0
0
0
0
0
0
7
6
0
8
0
0
-1
0
0
0
0
0
2
0
0
0
0
-414
0
0
0
0
0
0
0
0
0
-2
0
0
0
0
0
0
4
1
0
-2
39
0
0
0
24
1
0
0
0
0
-1
-1
0
0
0
-1
0
0
0
0
0
38
0
0
0
0
0
0
-1105
0
0
0
-54
19
0
0
2
2
0
0
0
0
0
1
0
0
0
0
0
1
0
1
-1
-51
0
0
0
0
0
0
0
0
0
0
0
3
0
0
0
0
0
1
0
0
0
0
0
0
0
-1
0
143
-406
0
0
0
0
0
-1
0
0
-8
0
0
0
0
0
-5
0
0
0
0
-6
0
0
0
0
0
0
0
0
0
-4
3
1
34
6
0
0
0
0
0
0
0
0
0
0
0
0
0
342
0
0
0
0
-1
0
0
0
0
0
0
0
0
0
0
0
0
0
0
0
0
0
0
2
7
0
0
0
-9
-1
4
0
0
0
0
0
0
-1
0
1
0
0
0
-90
1
1
8
11
0
0
0
0
0
0
-1
0
0
0
0
0
1
0
-2
-3
1
0
0
0
0
0
0
0
0
0
0
0
-21
0
0
0
-1
0
0
2
4
0
0
1
0
-4
1
0
0
0
0
0
-2
0
0
0
0
0
0
0
0
0
0
0
0
0
0
-20
0
0
0
0
0
0
0
0
0
0
5
0
1
0
0
-5
0
1
0
0
0
0
0
0
0
0
-9
0
0
0
0
-23
0
-4
0
5
0
0
0
0
-2
0
0
1
0
0
0
0
0
3
0
0
0
0
-19
0
0
0
0
-1
-23
0
0
-6
0
0
0
0
0
0
0
0
0
0
0
1
0
0
0
-1
0
0
0
0
-5
5
0
0
0
1
-5
0
5
0
0
0
1
1
-11
0
5
0
0
0
-4
0
0
0
0
0
0
-1
-6
0
0
-2
0
0
0
0
0
0
0
1
0
0
0
-1
0
0
-27
0
3
7
0
2
0
0
0
0
0
0
-1
0
-2
0
0
0
-4
0
0
0
0
0
0
0
0
0
0
0
-3
0
0
0
0
0
-6
-2
0
0
0
0
0
0
-1
0
0
0
-3
0
0
0
-2
0
0
0
1
-2
0
0
0
0
0
1
0
0
0
5
0
-6
2
0
0
0
0
0
0
0
0
0
-1
0
1
0
0
0
-6
11
0
0
0
0
0
0
0
0
-1
1
0
-3
-6
0
0
0
0
2
0
0
0
0
0
7
0
-5
0
-1
0
0
0
0
0
0
0
0
0
0
0
0
0
-5
0
-2
0
0
0
0
0
0
0
0
-1
0
0
0
0
0
0
0
0
10
0
0
0
0
0
0
18
0
0
0
-1
0
-4
0
0
0
-75
0
0
0
0
0
0
9
-1
5
0
1
1
-12
0
0
-2
0
73
2
0
0
2
0
0
0
0
-6
0
-800
0
0
0
0
0
0
2
0
0
0
0
0
0
0
0
0
0
0
0
0
0
0
0
-1
31
0
-2
0
0
2
0
0
0
0
0
0
0
0
0
0
6
-1
0
0
1
-1
-11
4
0
0
0
0
0
0
0
5
-1
0
0
-3
0
0
0
1
0
3
0
2
-8
-2
0
0
0
0
0
0
51
3
0
0
0
35
272
0
0
0
0
12
0
0
3
-1
0
0
0
0
3
0
0
0
0
0
0
0
-5
0
0
0
0
5
2
0
0
0
0
0
0
1
5
0
0
-1
6
1
0
0
0
0
0
1
3
0
0
0
0
-12
0
0
0
0
0
13
1
0
0
0
-1
0
0
0
0
0
8
26
0
1
0
0
1
2
0
0
0
0
-3
0
0
0
0
0
-1
0
0
0
0
0
0
0
0
-7
0
0
0
0
7
0
0
0
0
6
0
0
0
-1
0
0
0
0
0
-1
0
49
0
0
0
0
0
0
0
0
0
0
0
0
0
0
0
0
0
0
0
-13
0
0
0
0
0
0
-1
0
0
0
0
0
0
0
0
0
0
0
0
0
0
0
0
-1
0
0
0
0
0
-1
0
0
0
0
0
0
0
0
0
10
0
0
0
18
0
0
0
0
0
0
0
0
0
0
0
0
0
0
0
0
-1
0
0
0
0
-1
0
0
0
0
0
0
0
0
0
0
0
0
0
0
0
0
0
0
0
0
0
0
0
0
0
3
0
1
-22
0
0
0
0
2
0
0
0
0
0
0
0
0
0
0
0
0
-1
0
-2
0
0
0
1
1
1
0
0
0
0
0
0
0
0
0
6
0
0
0
0
0
3
0
2
0
0
0
0
0
0
0
0
0
0
0
10
0
0
0
0
0
0
0
0
0
0
0
0
0
0
0
0
0
-1
0
0
0
0
0
0
0
0
0
0
0
0
0
0
0
0
0
335
0
1
0
0
0
0
0
0
0
0
0
0
0
0
0
0
0
0
0
0
0
0
0
0
-9
0
4
0
0
0
0
1
0
0
-3
0
0
0
0
0
0
0
0
0
1
0
0
0
0
0
0
0
-67
0
0
0
0
-17
0
0
0
130
0
0
0
0
0
0
141
0
0
0
0
0
0
0
0
0
0
0
1
0
0
0
0
0
0
0
0
0
-164
0
0
0
-5
0
0
0
0
0
0
0
0
0
0
0
0
0
0
0
0
-1
0
0
0
0
-26
0
0
0
0
0
0
0
0
0
0
0
6
0
0
0
0
0
0
0
0
0
0
0
0
0
0
0
-5
0
0
0
0
0
-1
5
0
0
0
0
0
0
0
0
0
0
-1
1
0
0
2
0
0
0
0
-11
0
0
0
0
0
0
0
0
0
0
0
0
0
0
0
0
0
0
0
0
-6
0
0
0
0
0
0
2
0
0
0
0
0
0
0
0
0
0
0
0
0
0
0
0
0
0
-1
0
0
0
0
0
0
0
0
2
0
0
0
0
-5
0
0
0
0
0
0
0
0
0
0
83
0
0
0
14
0
0
0
0
0
0
0
0
9
0
0
0
0
0
22
0
1
0
0
0
0
-1
0
0
0
0
0
-37
0
0
0
-1
0
0
0
0
0
0
0
0
0
0
1
0
0
0
0
0
0
0
0
0
0
8
-1
0
0
0
0
1
0
0
0
0
0
0
0
0
0
0
-365
0
-1
0
0
0
0
1
0
1
0
0
0
0
0
0
0
0
0
2
0
0
0
-1
0
0
0
0
-4
0
0
0
0
0
0
0
0
0
0
-39
-1
0
0
0
0
0
0
0
0
0
1
0
0
-1
0
0
0
0
0
0
0
0
0
0
0
0
0
0
0
0
0
0
0
0
0
0
0
1
0
-1
0
0
-1
0
0
0
-3
0
0
0
0
0
0
0
0
-21
0
0
0
0
0
-89
0
0
-1
0
0
0
-3
0
-4
0
0
0
0
0
0
0
-3
0
1
0
0
0
-31
0
0
0
0
0
0
0
0
0
5
0
0
0
0
0
0
0
0
0
0
-2
0
0
0
0
0
0
0
-10
1
0
0
0
0
0
0
0
0
0
0
0
5
0
0
0
0
0
-5
0
0
0
0
0
0
0
0
0
0
6
7
0
0
0
0
0
0
0
-3
-1
0
0
0
0
0
0
0
0
-1
0
1
-2
0
0
0
0
0
0
0
0
1
0
0
0
1
-1
0
0
16
0
3
0
5
0
0
1
0
0
0
0
0
0
0
0
0
0
0
0
0
0
0
0
0
0
0
0
0
0
0
0
0
-2
0
0
0
0
0
0
17
0
-5
0
0
0
0
0
0
0
0
0
0
-6
0
2
-4
0
0
0
0
0
0
0
0
0
0
0
0
0
0
0
0
1
0
0
0
0
0
0
0
0
2
0
0
0
0
0
-5
0
0
0
1
0
0
0
0
0
0
0
-2
0
0
0
0
0
0
0
0
5
0
0
0
-5
0
0
0
0
3
0
0
0
0
0
0
0
0
0
0
0
0
0
0
0
0
0
0
0
0
0
0
0
0
0
0
0
0
0
0
0
5
-2
0
0
5
0
0
-1
0
0
0
-1
0
0
0
-1
0
1
0
0
0
-1
0
0
0
0
0
0
51
0
-5
-5
0
0
0
1
0
0
0
0
0
0
0
0
0
0
-1
0
0
0
0
0
0
0
0
0
0
0
0
0
0
0
0
1
-2
0
0
0
0
0
0
0
0
0
0
0
0
0
-1
0
-6
0
-1
0
0
0
0
0
0
0
-4
0
0
-22
-2
0
1
0
0
0
0
-1
0
0
1
0
0
0
-51
0
0
0
0
-1
0
0
0
-2
0
1
0
0
0
0
0
0
0
0
0
0
-2
0
0
0
0
0
0
0
0
0
0
0
0
0
0
0
0
0
0
0
0
0
0
-1
0
0
0
0
0
0
0
0
0
0
0
-13
0
0
0
0
0
0
0
-1
0
0
0
0
0
0
0
0
0
0
0
0
0
0
0
0
0
1
0
0
0
0
18
0
0
2
0
0
0
0
0
0
0
-4
0
0
0
0
0
0
0
0
0
0
0
0
0
1
0
0
0
1
0
0
0
0
0
0
-3
0
2
0
0
15
0
4
0
-1
0
0
0
0
0
0
0
0
0
0
0
0
0
-1
0
0
0
0
0
0
0
0
-1
0
0
0
0
0
0
0
0
0
0
0
0
0
6
0
0
0
1
0
6
0
0
0
0
0
0
0
-10
0
0
0
0
0
0
0
0
0
0
0
0
0
-22
0
0
0
0
1
0
-4
-1
0
0
0
-1
0
6
0
0
0
0
0
0
1
0
0
0
0
0
-12
0
0
0
0
1
0
0
-1
0
0
0
0
1
0
0
0
0
0
0
0
0
0
0
0
0
0
0
0
0
0
0
0
0
0
0
0
0
1
0
0
0
0
0
0
0
0
0
0
0
0
0
0
0
0
0
6
0
0
0
0
0
0
-1
-1
0
0
0
0
0
0
0
0
-1
0
3
0
0
0
0
0
0
0
6
0
0
0
0
6
-1
0
0
0
-2
0
0
0
0
0
0
0
0
0
0
0
0
0
1
0
0
0
0
-24
0
0
0
165
0
0
0
0
-40
0
0
0
0
0
0
0
0
0
0
0
0
0
0
0
0
0
0
0
-5
0
1
1
0
0
0
0
1
0
0
0
0
0
0
0
0
0
0
0
0
0
0
0
0
0
0
-2
0
0
3
0
0
0
0
0
0
0
8
0
0
0
0
0
0
0
0
0
0
0
17
0
0
27
0
0
0
0
0
-6
0
0
0
0
0
0
0
0
0
0
0
-1
0
0
0
0
0
0
0
-6
0
0
0
0
0
-7
0
0
0
0
0
0
0
0
0
0
0
0
0
0
0
-1
0
4
0
0
1
-5
0
0
1
0
0
5
0
0
0
0
0
-3
0
0
0
0
0
0
0
0
0
3
0
40
-1590
0
0
0
0
0
-1
1
0
0
0
0
0
0
1
0
2
0
0
0
0
0
-248
0
-3
0
0
0
0
0
9
0
0
0
1
0
0
0
0
0
0
0
0
0
0
-196
0
0
1
0
2
0
0
0
14
0
0
0
0
0
0
0
0
0
0
0
0
0
0
0
0
0
1
-1
0
0
0
-1
0
0
0
0
0
0
0
0
0
-1
0
-1
0
0
-2
0
0
0
0
0
0
0
0
0
0
0
0
516
0
0
0
2
0
1
0
0
0
0
0
0
0
0
0
0
0
0
0
0
0
0
0
0
0
0
0
0
0
0
0
0
0
0
1
0
0
11
0
0
0
0
0
0
-1
0
0
0
-2
0
0
0
0
0
0
-3100
0
0
0
0
0
0
0
0
0
0
0
0
0
0
0
0
0
0
0
1
0
0
0
0
0
0
0
0
1
0
0
0
0
0
0
0
17
0
-2
0
0
0
0
0
0
0
0
0
0
0
1
-9
0
0
0
0
0
0
0
0
0
0
-6
0
0
-1
0
1
0
1
0
0
0
0
0
-3
0
-1
0
0
0
0
0
0
0
0
0
0
0
0
0
0
0
0
0
0
10
0
0
0
0
0
0
0
0
0
0
0
0
0
0
-7
0
0
4
0
0
0
0
0
0
0
0
-2
13
-3
0
0
0
-5
0
1
0
0
0
0
0
0
0
0
2
-12
0
0
0
0
0
1
0
0
0
0
111
0
0
0
0
-27
0
0
0
0
0
0
0
0
0
0
0
-2
0
0
0
0
-2
0
0
0
0
6
0
0
0
0
0
0
0
0
0
1
0
0
0
0
0
0
11
0
-1
0
0
15
0
0
0
0
0
0
0
0
0
0
0
0
0
0
1
0
0
0
-2
0
0
0
0
0
8
0
0
0
0
0
0
0
0
0
0
0
0
0
34
0
0
0
0
0
0
0
0
0
0
0
-1
0
0
0
0
-1
0
0
0
0
0
0
0
0
0
0
0
0
0
0
0
0
0
0
0
0
0
0
1
0
0
-131
0
0
-4
0
0
0
0
0
0
0
0
0
0
0
0
0
0
0
0
2
0
0
0
0
0
0
-2
0
0
0
0
0
2
0
0
0
0
0
0
0
0
0
0
0
0
5
0
0
0
0
0
0
0
0
0
0
-1
0
0
4
0
-4
0
0
0
0
0
0
0
0
6
0
0
0
0
0
0
0
1
0
0
0
0
0
0
0
4
0
-1
0
0
-4
0
0
6
0
2
-1
0
0
0
2
0
0
0
0
0
0
0
0
0
0
0
0
0
0
0
0
0
0
0
0
0
0
0
1
0
0
0
0
0
0
0
0
0
0
0
0
0
2
0
0
0
-15
0
0
0
0
0
0
0
0
0
0
0
0
0
0
0
0
0
0
0
0
0
0
0
0
0
0
0
0
0
0
0
0
0
0
0
0
0
0
1
0
0
0
0
0
0
0
0
0
0
0
0
0
0
0
0
0
0
0
0
0
0
0
0
0
0
0
0
0
0
0
0
-2
0
0
0
0
0
0
0
0
0
0
0
0
0
0
0
0
0
0
0
0
0
0
0
0
0
0
0
0
0
0
0
0
0
0
0
0
0
0
0
0
0
0
0
0
0
0
0
0
30
1
0
0
0
0
0
0
0
0
0
0
0
0
0
0
0
0
0
0
0
0
0
0
0
0
0
0
0
0
0
0
0
0
0
0
0
0
0
0
-52
0
-16
0
0
0
0
0
0
0
0
0
0
0
0
0
0
0
0
0
0
0
0
0
0
0
0
0
0
0
0
0
0
0
0
0
0
0
0
0
0
0
0
0
-1
0
0
0
0
0
0
0
0
0
0
0
-1
0
0
0
0
0
0
0
0
0
0
0
0
0
0
0
0
0
0
0
0
0
0
0
0
0
0
0
0
0
0
0
0
0
0
0
0
0
0
0
0
0
0
0
0
0
0
0
0
0
0
0
0
0
0
0
0
0
0
-1
0
0
0
0
0
0
0
0
0
0
0
0
0
0
3
0
0
0
0
0
-81
0
0
0
0
0
0
0
0
0
0
0
0
0
0
0
0
0
0
0
0
0
0
0
0
0
0
0
0
0
0
-1
0
0
0
0
0
0
0
0
0
0
0
1
5
-1
0
-1
0
0
0
0
0
0
0
0
0
0
86
0
0
0
0
0
0
0
0
0
0
0
0
3
0
0
0
0
0
0
0
0
0
0
0
0
0
0
0
0
0
0
0
0
0
0
0
0
0
0
0
0
0
0
0
0
0
0
0
0
0
0
0
0
0
0
0
0
0
0
0
1
0
0
0
0
128
0
0
0
0
0
0
0
0
1
0
0
0
0
0
0
0
0
0
0
-22
0
0
0
0
0
0
0
0
0
0
0
0
0
0
0
0
1
0
0
0
1
0
0
0
0
0
0
0
0
0
0
0
0
0
0
0
0
0
0
0
0
1
0
0
0
0
0
0
0
0
4
0
0
0
0
0
0
0
-17
1
0
0
0
0
0
0
0
0
0
0
-30
0
0
0
0
0
4
0
0
0
-1
0
0
0
0
0
0
0
0
-1
0
-1
0
-1
0
0
0
0
0
0
0
0
-2
0
0
0
0
0
-2
0
0
0
0
0
0
0
0
0
-1
0
7
0
0
0
0
0
0
0
0
0
-1
0
0
0
0
0
0
0
0
0
0
0
0
0
0
0
0
0
0
1
0
0
0
0
-1
0
0
0
0
0
0
0
0
-1
0
0
0
-5
0
0
0
0
0
0
0
0
0
0
0
0
0
0
0
0
0
0
0
0
0
0
0
0
0
0
0
0
0
0
0
0
0
2
0
0
0
-1
0
0
0
0
0
0
0
0
0
0
0
0
0
0
0
0
0
0
0
0
0
0
0
0
0
0
0
0
0
0
0
0
0
0
0
0
0
0
1
0
0
0
0
0
0
0
0
0
0
0
0
0
0
0
0
1
0
0
0
0
0
0
0
0
0
0
0
0
0
0
0
0
0
0
0
0
1
0
0
0
0
0
0
0
0
0
0
0
0
0
0
0
0
0
0
0
0
1
0
0
-41
0
0
0
5
0
0
0
0
1
0
0
0
0
0
0
0
0
0
0
0
0
0
0
0
0
0
0
0
0
0
0
0
0
1
0
0
0
0
0
0
0
0
0
0
0
0
0
0
0
0
0
0
0
0
0
0
0
0
0
8
0
0
0
0
0
0
0
0
0
7
0
0
0
0
-2
0
0
0
0
0
0
0
0
0
12
0
0
3
0
0
0
0
0
0
0
0
0
0
0
0
0
0
0
0
0
-3
0
0
0
0
0
0
0
0
0
0
0
0
0
2
0
0
0
0
0
0
0
0
0
0
0
-2
0
0
0
0
0
1
0
1
11
0
0
0
0
0
0
31
0
0
0
0
0
0
0
0
0
0
0
0
1
0
0
0
0
0
0
0
0
0
0
0
-11
0
0
0
0
0
0
0
0
0
0
0
0
0
0
0
0
0
0
0
0
0
0
0
0
0
0
0
0
0
-2
0
0
0
0
0
0
0
0
0
0
0
0
0
0
0
0
12
0
0
-6
0
0
0
-20
0
0
0
23
0
0
0
-1
0
0
0
0
0
0
-1
0
0
0
8
0
0
0
0
0
0
0
0
0
0
0
0
0
0
0
0
0
0
0
0
0
0
0
0
0
0
0
0
0
0
0
0
0
0
0
0
0
0
0
0
0
0
0
0
0
0
-32
0
0
0
0
0
-3
0
0
0
0
0
0
0
0
0
0
0
0
0
0
0
0
0
0
0
0
2
0
0
0
0
0
-7
0
0
0
0
0
0
-1
0
0
0
0
0
0
0
0
0
0
0
8
0
0
0
0
0
0
0
0
0
0
0
0
0
0
0
0
19
0
0
0
0
0
0
0
0
4
0
0
0
0
0
0
0
0
0
0
0
0
0
0
0
0
0
0
0
0
0
0
0
0
0
0
-3
0
0
0
0
0
0
0
0
0
0
0
0
0
0
0
0
0
0
0
0
0
0
0
0
0
0
0
0
0
0
0
0
0
0
0
0
0
0
0
0
0
0
0
0
0
0
0
0
682
0
0
0
0
0
0
0
0
0
0
0
-1
0
0
0
-4
0
0
0
0
0
-3
0
0
0
0
0
0
0
0
0
0
0
0
0
0
0
0
0
0
0
0
0
0
0
-1
6
0
0
0
0
0
0
0
0
1
0
0
0
0
0
0
0
0
0
0
0
0
0
0
0
-5
0
0
0
0
0
0
0
172
0
0
0
0
0
0
0
0
0
0
0
0
0
0
0
0
0
0
0
0
0
0
0
-2
0
0
0
0
0
0
0
0
0
0
0
0
0
0
0
0
0
0
0
0
0
0
0
0
0
0
0
0
0
145
0
0
0
0
0
0
0
0
0
0
0
0
1
0
0
0
0
0
0
0
6
0
0
0
-3
0
0
0
0
0
0
0
0
0
0
0
0
0
0
0
0
0
0
0
0
0
0
0
0
0
0
0
0
0
0
0
0
0
0
0
0
0
0
0
0
0
0
0
0
0
0
0
0
0
0
0
0
0
0
0
0
0
0
0
0
0
0
0
0
0
0
0
0
0
0
0
0
0
0
0
0
0
1
0
0
0
-8
0
0
0
0
0
0
0
0
0
0
0
0
4
0
0
0
0
0
0
0
0
0
0
0
5
0
0
0
0
0
0
0
2
-4
0
0
0
0
0
0
0
0
0
0
0
0
0
0
0
0
0
0
0
0
-1
0
0
0
0
0
0
0
0
0
0
0
0
0
0
0
0
0
3
0
0
0
0
0
0
0
0
0
1
0
0
0
0
0
0
0
0
0
0
0
0
0
0
0
0
0
0
0
0
0
0
0
0
0
0
0
0
0
0
0
0
0
0
0
0
0
0
0
0
0
0
0
-9
0
0
0
0
0
0
0
0
0
0
0
0
0
0
0
0
-5
147
0
0
0
0
0
0
0
0
0
0
0
0
0
0
0
0
0
0
0
0
-2
0
0
0
0
0
2
0
0
0
0
0
0
0
0
0
0
0
0
0
0
0
0
0
0
0
0
0
0
0
5
0
0
39
0
0
0
0
0
0
0
0
0
0
0
0
0
0
0
0
0
0
0
-1
0
0
0
0
0
0
0
0
0
0
0
0
0
0
0
0
0
0
0
0
0
0
0
0
0
0
0
0
0
0
0
0
0
0
0
0
0
0
0
0
18
0
0
0
0
0
0
0
0
0
0
0
0
0
0
0
1
0
0
0
0
0
0
0
0
0
0
0
0
0
0
39
0
0
0
0
5
0
-33
0
0
0
0
0
0
0
0
0
0
0
0
0
0
0
0
0
0
0
0
0
0
0
0
0
0
0
0
0
0
0
0
0
0
0
0
0
0
0
0
-1
0
0
0
0
0
0
0
0
0
0
1
0
-1
0
0
0
0
0
-15
0
0
0
0
5
0
0
0
0
0
0
0
0
0
0
0
0
0
0
0
0
0
0
0
0
0
0
0
16
-4
0
0
0
0
0
0
0
0
0
0
0
0
0
0
0
0
0
0
11
0
0
0
0
0
0
0
0
0
0
0
0
0
0
0
-3
0
0
0
0
0
0
0
5
0
0
0
0
0
0
0
0
0
0
0
0
0
0
0
0
0
0
0
0
0
0
0
0
0
0
0
0
0
0
0
0
0
0
0
0
0
-12
0
0
0
0
0
0
0
0
0
0
0
4
0
0
0
0
0
0
0
0
0
0
5
0
0
0
0
0
0
0
0
0
-3
0
0
0
2
0
0
0
0
0
0
0
0
0
0
0
0
0
0
0
0
0
0
0
0
0
0
0
0
0
2
0
0
0
0
0
0
0
0
0
0
0
0
0
0
0
0
0
-9
0
0
0
-1
-3
0
0
0
0
0
0
0
0
0
0
0
0
0
0
0
0
0
0
0
0
0
0
0
0
0
0
0
0
0
0
-2
0
0
0
0
0
0
0
0
0
0
0
0
0
0
0
0
0
0
0
0
0
0
0
0
0
0
0
0
0
0
0
0
0
0
0
0
0
0
0
0
0
0
0
0
0
0
0
0
0
0
0
0
0
0
0
0
0
0
0
0
0
0
0
0
0
0
0
0
0
0
0
0
0
0
0
0
0
-8
0
0
0
0
0
0
0
0
0
4
0
0
0
0
0
4
0
0
0
0
0
0
0
0
0
0
0
0
0
0
0
0
0
0
0
0
0
0
0
0
0
0
0
0
0
0
0
0
0
0
0
0
5
0
0
0
0
0
0
0
0
0
0
0
0
0
0
0
0
0
-1
0
-4
0
-15
0
0
0
0
0
0
0
0
0
0
0
0
0
0
-26
0
0
0
0
0
0
0
0
0
0
0
0
0
-6
0
0
0
0
0
-1579
0
0
0
0
0
0
0
0
0
0
0
0
0
0
0
0
0
0
0
0
0
0
0
1
0
0
0
0
0
0
0
0
0
0
0
0
0
0
0
0
0
0
0
0
0
0
0
0
0
0
0
0
0
0
0
0
0
0
0
0
0
0
0
0
0
0
0
0
0
0
0
0
0
0
0
0
0
0
0
0
0
0
0
0
0
0
0
0
0
12
0
0
0
0
0
0
0
0
0
0
0
0
0
0
0
0
0
0
0
-5
0
0
0
0
0
0
0
0
0
0
0
0
0
0
0
0
0
0
0
0
0
0
10
0
0
0
0
0
0
0
0
0
0
0
0
0
0
0
0
0
0
0
0
0
0
0
0
0
0
0
0
0
0
0
0
0
0
0
0
0
0
0
0
0
3
0
0
0
0
0
0
0
5
0
0
0
0
0
0
0
0
0
0
0
0
0
0
0
0
0
0
0
-2
0
0
0
0
0
0
0
0
0
0
0
-3
0
0
0
0
0
0
0
0
0
0
0
0
0
0
0
0
0
0
0
0
0
0
0
0
0
0
0
0
0
0
0
0
0
0
0
0
0
0
0
0
0
0
0
0
0
0
0
0
0
0
0
0
0
0
0
0
0
0
0
0
0
0
0
0
0
0
0
0
0
0
0
0
0
0
0
0
0
0
0
0
0
0
0
0
0
0
0
0
0
0
0
0
0
-3
0
0
0
0
0
0
0
0
0
0
0
0
0
0
0
0
0
0
0
0
0
0
0
0
0
0
0
0
0
0
0
0
0
0
0
0
0
0
0
0
0
0
0
0
0
0
0
0
-1
0
0
0
0
0
0
0
1
0
0
0
0
0
0
0
0
0
0
0
0
0
0
0
0
0
0
0
0
0
0
0
0
0
0
0
0
0
0
0
0
0
0
0
0
0
0
0
0
0
0
0
0
0
0
0
0
0
0
0
0
0
0
0
0
0
0
0
0
0
0
0
0
0
0
0
0
0
0
0
0
0
0
0
0
0
0
0
0
0
-1
0
0
0
0
0
0
0
-1
0
0
0
0
0
0
0
0
0
0
0
0
0
0
0
0
0
0
0
0
0
0
0
0
0
0
0
0
7
0
0
0
0
0
0
0
2
0
0
0
0
0
0
0
0
25
0
0
0
0
0
0
0
0
0
0
0
0
0
0
0
0
0
0
0
0
0
0
0
0
0
0
0
0
0
-2
0
0
0
0
0
0
0
0
0
0
0
0
0
0
0
0
0
0
0
0
0
0
0
0
0
0
0
0
0
0
0
0
0
0
0
0
0
0
0
0
0
0
-1
0
0
0
0
0
0
0
33
0
0
0
0
0
0
0
0
0
0
0
0
0
0
0
0
0
0
0
0
0
0
0
0
0
0
0
0
0
0
0
0
0
0
0
0
0
0
0
0
0
0
0
0
0
0
0
0
0
0
0
0
0
0
0
0
0
0
0
0
0
0
0
0
0
0
0
0
0
0
0
0
0
0
0
0
0
0
0
0
0
0
0
0
0
0
0
0
0
0
1
0
0
0
-1
0
0
0
0
0
0
0
0
0
0
0
0
0
0
0
0
0
2
0
0
0
0
0
0
0
0
0
0
0
0
0
0
0
0
0
0
0
0
0
0
0
0
0
0
0
0
0
0
0
0
0
0
0
0
0
0
0
0
0
0
0
0
0
0
0
0
0
0
0
0
0
0
0
0
0
0
0
0
0
0
0
0
0
0
0
0
0
0
0
0
0
0
0
1
0
0
0
0
-122
0
-7
0
3
0
0
2
0
0
0
0
0
0
0
11
0
0
0
0
0
0
0
0
0
0
0
0
0
0
0
0
0
0
0
0
0
0
0
0
0
0
0
0
0
-1
0
0
0
0
0
1
0
0
0
0
0
0
0
0
0
0
0
0
0
0
0
0
0
0
0
0
0
0
0
0
0
0
0
0
0
2
0
0
0
-6
0
0
0
0
0
0
0
0
0
0
0
0
0
0
0
0
0
0
0
0
0
0
0
0
0
0
0
0
0
0
0
0
0
0
0
0
2
0
0
0
0
0
0
0
0
0
0
0
0
0
0
0
0
0
0
0
0
0
0
0
0
0
0
0
0
0
0
0
0
0
0
0
0
0
0
0
0
0
0
0
0
0
0
0
0
0
0
0
0
0
0
0
0
0
0
0
0
0
0
0
0
0
0
0
0
0
0
0
0
4
0
0
0
0
0
-2
0
0
0
0
0
0
0
0
0
0
0
0
0
0
0
0
0
0
0
0
0
0
0
0
0
0
0
0
0
0
0
0
0
0
0
0
0
0
0
0
0
0
0
0
0
0
0
0
0
0
0
0
0
0
0
50
0
0
0
0
0
0
0
0
0
0
0
0
0
0
0
0
0
0
0
0
0
0
0
0
0
0
0
0
0
0
0
0
0
0
0
0
0
0
0
0
0
0
0
0
0
0
0
0
0
0
0
0
0
0
0
0
0
0
0
0
0
0
0
1
0
0
0
0
0
0
0
0
0
0
0
0
0
0
0
0
0
0
0
0
0
-1
0
0
0
0
0
0
0
0
0
0
0
0
0
0
0
0
0
0
0
0
0
0
0
0
0
0
0
0
0
0
0
0
0
0
0
0
0
0
0
0
0
0
0
0
0
0
0
0
0
0
0
0
0
0
0
0
0
0
0
0
0
0
0
0
0
0
0
0
0
0
0
0
0
0
0
0
0
0
0
0
0
0
0
3
0
0
0
0
0
0
0
0
0
0
0
0
0
0
0
0
0
0
0
0
0
2
0
0
0
0
0
0
0
0
0
0
0
0
0
0
0
0
0
0
0
0
0
0
0
0
0
0
0
0
0
0
0
0
0
0
0
0
0
0
0
0
0
0
0
0
0
0
0
0
0
0
0
0
0
0
0
0
0
0
0
0
0
0
0
0
0
0
0
-1
0
0
0
0
5
0
0
0
0
0
0
0
0
0
0
0
0
0
0
0
0
0
-5
0
0
-3
0
0
0
0
0
0
0
0
0
0
0
0
0
0
0
0
0
0
0
1
0
0
0
0
0
0
0
0
0
0
0
0
0
0
0
0
-1
0
0
0
0
0
0
0
0
0
0
0
0
0
0
0
0
0
0
0
0
0
0
0
0
0
0
0
0
0
0
0
0
1
0
0
0
0
0
0
0
0
0
0
0
0
0
0
0
0
0
0
0
0
0
0
0
0
0
0
0
0
0
0
0
0
0
0
0
0
0
0
0
0
0
0
0
0
0
0
0
0
0
0
0
0
0
0
0
0
0
0
0
0
0
0
0
0
0
1
0
0
0
0
0
13
0
-1
0
0
0
0
0
0
0
0
0
0
0
0
0
0
0
0
0
0
0
0
0
0
0
0
0
0
0
0
0
0
0
0
0
0
0
0
0
0
1
0
0
0
0
0
0
0
0
0
0
0
0
0
0
0
0
0
0
0
0
0
0
0
-1
0
0
0
0
0
0
0
0
0
0
0
0
0
0
0
0
1
0
0
0
0
0
0
0
0
0
0
0
0
0
2
0
0
0
0
0
0
0
0
0
0
0
0
0
0
0
0
0
0
0
0
-1
0
0
0
0
0
0
0
0
0
0
0
0
0
0
0
0
0
-1
0
0
0
0
0
0
0
0
0
0
0
0
0
0
0
0
0
0
0
0
0
0
0
0
0
0
0
0
0
0
0
0
0
0
0
0
0
0
0
0
0
-3
0
0
0
0
0
0
0
0
0
0
0
0
0
0
0
0
0
0
0
0
0
0
0
0
0
0
0
0
-1
0
0
0
0
0
0
0
0
0
0
0
0
0
0
0
0
6
0
0
0
0
0
0
0
0
0
0
0
0
0
0
0
0
0
0
0
0
0
0
0
0
0
0
0
0
0
0
0
0
0
0
0
0
0
0
0
0
0
0
0
0
0
0
0
0
0
0
0
0
0
0
0
0
0
0
0
0
0
0
0
0
0
0
0
0
0
-1
0
0
0
0
0
0
0
-9
0
0
0
0
0
0
0
0
0
0
0
0
0
0
0
0
0
0
0
0
0
0
-6
0
0
0
0
0
0
25
0
0
0
0
0
0
0
0
0
0
0
0
0
0
0
0
0
0
0
0
0
0
0
0
0
0
0
0
0
0
0
0
0
0
0
0
0
0
0
0
0
0
0
35
0
0
0
0
9
0
0
0
0
0
0
0
0
0
0
0
0
0
0
0
0
0
0
0
0
0
0
0
0
0
0
0
0
0
0
0
-2
0
0
0
0
0
0
0
0
0
0
0
0
0
0
0
0
0
0
0
0
0
0
0
0
0
0
0
0
0
0
0
0
0
0
0
0
0
0
0
0
0
0
0
0
0
0
0
0
0
0
0
0
0
0
0
0
0
0
0
0
1
0
0
0
0
0
0
0
0
0
0
0
0
0
0
0
0
0
0
0
0
0
0
0
0
0
0
0
0
0
0
0
0
0
0
0
0
0
0
0
0
0
0
0
0
0
0
0
0
0
0
0
0
0
0
0
0
0
0
0
0
0
0
0
0
0
0
0
0
0
0
0
0
0
0
0
0
0
0
0
0
0
0
0
0
0
0
0
0
0
0
0
0
0
0
0
0
0
0
11
0
0
0
0
0
0
0
0
0
0
-3
0
0
0
0
0
0
0
0
0
0
0
0
0
0
0
0
0
0
0
0
0
0
0
0
-4
0
0
0
0
0
0
0
0
0
0
0
0
0
0
0
0
0
0
0
0
0
0
0
0
0
0
0
0
0
0
0
0
0
0
0
0
0
0
0
0
0
0
0
0
0
0
0
0
0
0
0
0
0
0
0
0
0
0
0
0
0
0
0
0
0
0
0
0
0
0
0
0
0
0
0
0
0
0
0
0
0
0
0
0
0
0
0
0
0
0
0
0
0
0
0
0
0
0
0
0
0
0
0
0
0
0
0
0
0
0
0
0
0
0
0
0
0
0
0
0
0
0
0
0
0
0
0
0
0
0
0
0
0
0
0
0
0
0
0
0
0
0
0
0
0
3
0
0
0
0
0
0
0
0
0
0
0
0
0
0
0
0
0
0
0
0
0
0
0
0
0
0
0
0
0
0
0
0
0
0
0
0
0
0
0
0
0
0
0
0
0
0
0
-1
0
0
0
0
0
0
0
0
0
0
0
0
0
0
0
0
0
0
0
0
0
0
0
0
0
0
0
0
0
0
0
0
0
0
0
0
0
0
0
0
0
0
0
0
0
0
0
0
0
0
0
0
0
0
0
0
0
0
0
0
0
0
0
0
0
0
0
0
0
0
0
0
3
0
0
0
0
0
0
0
0
0
0
0
0
0
0
0
0
0
0
0
0
0
0
0
0
0
0
0
0
0
0
0
0
0
0
0
0
0
0
0
0
0
0
0
0
0
0
0
0
0
0
0
0
0
0
0
0
0
0
0
0
0
0
0
0
0
0
0
4
0
0
0
0
0
0
0
0
0
0
0
0
0
0
0
0
0
0
0
0
0
0
0
0
0
0
0
0
0
0
0
0
0
0
0
0
0
0
0
0
0
0
0
0
0
0
0
0
0
0
0
0
0
0
0
0
0
0
0
0
0
0
0
0
0
0
0
0
0
0
0
0
0
0
0
0
0
0
0
0
0
0
0
0
0
0
0
0
0
0
0
0
0
0
0
0
0
0
0
0
0
0
0
0
0
0
0
0
0
0
0
0
0
0
0
0
0
0
0
0
0
0
0
0
0
0
0
0
0
0
0
0
0
0
0
0
0
0
0
0
0
0
0
0
0
0
0
10
0
0
0
0
0
0
0
0
0
0
0
0
0
0
0
0
0
0
0
0
0
0
0
0
0
0
0
0
0
0
0
0
0
0
0
0
0
0
0
0
0
0
0
0
0
0
0
0
0
0
0
0
0
0
0
0
0
0
0
0
0
0
0
0
0
0
0
0
0
0
0
0
0
0
0
0
0
0
0
0
0
0
0
0
0
0
0
0
0
0
0
0
0
0
0
0
0
0
0
0
0
0
0
0
0
0
0
0
0
0
0
0
0
0
0
0
0
0
0
0
0
0
0
0
0
0
0
0
0
0
0
0
0
0
0
0
0
0
0
0
0
0
0
0
0
0
0
0
0
0
0
0
0
0
0
0
0
0
0
0
0
0
0
0
0
0
0
0
0
0
0
0
0
0
0
0
0
-2
0
0
0
0
0
0
0
0
0
0
0
0
0
0
0
0
0
0
0
0
0
0
0
0
0
0
0
0
0
0
0
0
0
0
0
0
0
0
0
0
0
0
0
0
0
0
0
0
0
0
0
0
0
0
0
0
0
0
0
0
0
0
0
0
0
0
0
0
0
0
0
0
0
0
0
0
0
0
0
0
0
0
0
0
0
0
0
0
0
0
2
0
0
0
0
0
0
0
0
0
0
0
0
0
0
0
0
0
0
0
0
0
0
0
0
0
0
0
0
0
0
0
0
0
0
0
0
0
0
0
0
0
0
0
0
0
0
0
0
0
0
0
0
0
0
0
0
0
0
1
0
0
0
0
0
0
0
0
0
0
0
0
0
0
0
0
0
0
0
0
0
0
0
0
0
0
0
0
0
0
0
0
0
0
0
0
0
0
0
0
0
0
0
0
0
0
0
0
0
0
0
0
0
0
0
0
0
0
0
0
0
0
0
0
0
0
0
0
0
0
0
0
0
0
0
0
0
0
0
0
0
0
0
0
0
0
0
0
0
0
0
0
0
0
0
0
0
0
0
0
0
0
0
0
0
0
0
0
0
0
0
0
0
0
0
0
0
0
0
0
0
0
0
0
0
0
0
0
0
0
0
0
0
0
0
0
0
0
0
0
0
0
0
0
0
0
0
0
0
0
0
0
0
0
0
0
0
0
0
0
0
3
0
0
0
0
0
0
0
0
0
-1
0
0
0
0
0
0
0
0
0
0
0
0
0
0
0
0
0
0
0
0
0
0
0
0
0
0
0
0
0
0
0
0
0
0
0
0
0
0
0
0
0
0
0
0
0
0
0
0
0
0
0
1
0
0
0
0
0
0
0
0
1
0
0
0
0
0
0
0
0
0
0
0
0
0
0
0
0
0
0
0
0
0
0
0
0
0
0
0
1
0
0
0
0
0
0
0
0
0
0
0
0
0
0
0
0
0
0
0
0
0
0
0
0
0
0
0
0
0
0
0
0
0
0
0
0
0
0
0
0
0
0
0
0
0
0
0
0
0
0
0
0
0
0
0
0
0
0
0
0
0
0
0
0
0
0
0
0
0
0
0
0
0
0
0
-8
0
0
0
0
0
0
0
0
-18
0
0
0
0
-6
0
0
0
0
0
0
0
0
0
0
0
0
0
0
50
0
0
0
0
0
0
0
0
0
0
0
0
0
0
0
0
0
0
0
0
0
0
0
0
0
0
0
0
0
0
0
0
0
0
0
0
0
0
0
0
0
0
0
0
0
0
0
0
0
0
0
0
0
0
0
0
0
0
0
0
0
0
0
0
0
0
0
0
0
0
0
0
0
0
0
0
0
0
0
0
0
0
0
0
0
0
0
0
0
0
0
0
0
0
0
0
0
0
0
0
0
0
0
0
0
0
0
0
0
0
0
0
0
0
0
0
0
0
0
0
0
0
0
0
0
0
0
0
0
0
0
0
0
0
0
0
0
0
0
-1
0
0
0
0
0
0
0
0
0
0
0
0
0
0
0
0
0
0
0
0
0
0
0
0
0
0
0
0
0
0
0
0
0
0
0
0
0
0
0
0
0
0
0
0
0
0
0
0
0
0
0
0
0
0
0
0
0
0
0
0
0
0
0
0
0
0
0
0
0
0
0
0
0
0
0
0
0
0
0
0
0
0
0
0
0
0
0
0
0
0
0
0
0
0
0
1
0
0
0
0
0
0
0
0
0
0
0
0
0
0
0
0
0
0
0
0
0
0
0
0
0
0
0
0
0
0
0
0
0
0
0
0
0
0
0
0
0
0
0
0
0
0
0
0
0
0
0
0
0
0
0
0
0
0
0
0
0
0
0
0
0
0
0
0
0
0
0
0
0
0
0
0
0
0
0
0
0
0
0
0
0
0
0
0
0
0
0
0
0
0
0
0
0
0
0
0
0
0
0
0
0
0
0
0
0
0
0
-3
0
0
0
0
0
0
0
0
0
0
0
0
0
0
0
0
0
0
0
0
0
0
0
0
0
0
0
0
0
0
0
0
0
0
0
0
0
0
0
0
0
0
0
0
0
-2
0
0
0
0
0
0
0
0
0
0
0
0
0
0
0
0
0
0
0
0
0
0
0
0
0
0
0
0
0
0
0
0
0
0
0
0
0
0
0
0
0
0
0
0
0
0
0
0
0
0
0
0
0
0
0
0
0
0
0
0
2
0
0
0
0
0
0
0
0
0
0
0
0
0
0
0
0
0
0
0
0
0
0
0
0
0
0
0
0
0
0
0
0
0
0
0
0
0
0
0
0
0
0
0
0
0
0
0
0
0
0
0
0
0
0
0
0
0
0
0
99
0
0
0
0
0
0
0
0
0
0
0
0
0
0
0
0
0
0
0
0
0
0
0
0
0
0
0
0
0
0
0
0
0
0
0
0
0
0
0
0
0
0
0
0
0
0
0
0
0
0
0
0
0
0
0
0
0
0
0
0
0
0
0
0
0
0
0
0
0
0
0
-4
0
0
0
0
0
0
0
0
0
0
0
0
0
0
0
0
2
0
0
0
0
0
0
0
0
0
0
0
0
0
0
0
0
0
0
0
0
0
0
0
0
0
0
0
0
0
0
0
0
0
0
0
0
0
0
0
0
0
0
0
0
0
0
0
0
0
0
0
0
0
0
0
0
0
0
0
0
0
0
0
0
0
0
0
0
0
0
0
0
0
0
0
0
0
0
0
0
0
0
0
0
0
0
0
0
0
0
0
0
0
0
0
0
0
0
0
0
0
0
0
0
0
0
0
0
0
0
0
0
0
0
0
0
0
0
0
0
0
0
0
0
0
0
0
0
0
0
0
0
0
0
0
0
0
0
0
0
0
0
0
0
0
0
0
0
0
0
0
0
0
0
0
0
0
0
0
0
0
0
0
0
0
0
0
0
0
0
0
0
0
0
0
0
0
0
0
0
0
0
0
0
0
0
0
0
0
0
0
0
0
0
0
0
0
0
0
0
0
0
0
0
0
0
0
0
0
0
0
0
0
0
0
0
0
0
0
0
2
0
0
0
0
0
0
0
0
0
0
0
0
0
0
0
0
0
0
0
0
0
0
0
0
0
0
0
0
0
0
0
0
0
0
0
0
0
0
0
0
0
0
0
0
0
0
0
1
0
0
0
0
0
0
0
0
0
0
0
0
0
0
0
0
0
0
0
0
0
0
0
-35
0
0
0
0
0
0
0
0
0
0
0
0
0
0
0
0
0
0
0
0
0
0
0
0
0
0
0
0
0
0
0
0
0
0
0
0
0
0
0
0
0
0
0
0
0
0
0
0
0
0
0
0
3
0
0
0
0
0
0
0
0
0
0
0
0
0
0
0
0
0
0
0
0
0
0
0
0
0
0
0
0
0
0
0
0
0
0
0
0
0
0
0
0
0
0
0
0
0
0
0
0
0
0
0
0
0
0
0
0
0
0
0
0
0
0
0
0
0
0
0
0
0
0
0
0
0
0
0
0
0
0
0
0
0
-3
0
0
0
0
0
0
0
0
0
0
0
0
0
0
0
0
0
0
0
0
0
0
0
0
0
0
0
0
0
0
0
0
0
0
0
0
0
0
0
0
0
0
0
0
0
0
0
0
0
0
0
0
0
0
0
1
0
0
0
0
0
0
0
0
0
0
0
0
0
0
0
0
0
0
0
0
0
0
0
0
0
0
0
0
0
0
0
0
0
0
0
0
0
0
0
0
0
0
0
0
0
0
0
0
0
0
0
0
0
0
0
0
0
0
0
0
0
0
0
0
0
0
0
0
0
0
0
0
0
0
0
0
0
0
0
0
0
0
0
0
0
0
0
0
0
0
0
0
0
0
0
0
0
0
0
0
0
0
0
0
0
0
0
0
0
0
0
0
0
0
0
0
0
0
0
0
0
0
0
0
0
0
0
0
0
0
0
0
0
0
0
0
0
0
0
0
0
0
0
0
0
0
0
0
0
0
0
0
0
0
0
0
0
0
0
0
0
0
0
0
0
0
0
0
0
0
0
0
0
0
0
0
0
1
0
0
0
0
0
0
0
0
0
0
0
0
0
0
0
0
0
0
0
0
0
0
0
0
0
0
0
0
0
0
0
0
0
0
0
0
0
0
0
0
0
0
0
0
0
0
0
0
0
0
0
0
0
0
0
0
0
0
0
0
0
0
0
0
0
0
0
0
0
0
0
0
0
0
0
0
0
0
0
0
0
0
0
0
0
0
0
0
0
0
0
0
0
0
0
0
0
0
0
0
0
0
0
0
0
0
0
0
0
0
0
0
0
0
0
0
0
0
0
0
0
0
0
0
0
0
0
0
0
0
0
0
0
0
0
0
0
0
0
0
0
0
0
0
0
0
0
0
0
0
1
0
0
0
0
0
0
0
0
0
0
0
0
0
0
0
0
0
0
0
0
0
0
0
0
0
0
0
0
0
0
0
0
0
0
0
0
0
0
0
0
0
0
0
7
1
0
0
0
0
0
0
0
0
0
0
0
0
0
0
0
0
0
0
0
0
0
0
0
0
0
0
0
0
0
0
0
0
0
0
0
0
0
0
0
0
0
0
0
0
0
0
0
0
0
0
0
0
0
0
0
0
0
0
0
0
0
0
0
0
0
0
0
0
0
0
0
0
0
0
0
0
0
0
0
0
0
0
0
0
0
0
0
0
0
0
0
0
0
0
0
0
0
0
0
0
0
0
0
0
0
0
0
0
0
0
0
0
0
0
0
0
0
0
0
0
0
0
0
0
0
0
0
0
0
0
0
0
0
0
0
0
0
0
0
0
0
0
0
0
0
0
0
0
0
0
0
0
0
0
0
0
0
0
0
0
0
0
0
0
0
0
0
0
0
0
0
0
0
0
0
0
0
0
0
0
0
0
0
0
0
0
0
0
0
0
0
0
0
0
0
0
0
0
0
0
0
0
0
0
0
0
0
0
0
0
0
0
0
0
0
0
0
0
0
0
0
0
0
0
0
0
0
0
0
0
0
0
0
0
0
0
0
0
0
0
0
0
0
0
0
0
0
0
0
0
0
0
0
0
0
0
0
0
0
0
0
0
0
0
0
0
0
0
1
0
0
0
0
0
0
0
0
0
0
0
0
0
0
0
0
0
0
0
0
0
0
0
0
0
0
0
0
0
0
0
0
0
0
0
0
0
0
0
0
0
0
0
0
0
0
0
0
0
0
0
0
0
0
0
0
0
0
0
0
0
0
0
0
0
0
0
0
0
0
0
0
0
0
0
0
0
0
0
0
0
0
0
0
0
0
0
0
0
0
0
0
0
0
0
0
0
0
0
0
0
0
0
0
0
0
0
0
0
0
0
0
0
0
0
0
0
0
0
0
0
0
0
0
0
0
0
0
0
0
0
0
0
0
0
0
0
0
0
0
0
0
0
0
0
0
0
0
0
0
0
0
0
0
0
0
0
0
0
0
0
0
0
0
0
0
0
0
0
0
0
0
0
0
0
0
0
0
0
0
0
0
0
0
0
0
0
0
0
0
0
0
0
0
0
0
0
0
0
0
0
0
0
0
0
0
0
0
0
0
0
0
0
0
0
0
0
0
0
0
0
0
0
0
0
0
0
0
0
0
0
0
0
0
0
0
0
0
0
0
0
0
0
0
0
0
0
0
0
0
0
0
0
0
0
0
0
0
0
0
0
0
0
0
0
0
0
0
0
0
0
0
0
0
0
0
0
0
0
0
0
0
0
0
0
0
0
0
0
0
0
0
0
0
0
0
0
0
0
0
0
0
0
0
0
0
0
0
0
0
0
0
0
0
0
0
0
0
0
0
0
0
0
0
0
0
0
0
0
-4
0
0
0
0
0
0
0
0
0
0
0
0
0
0
0
0
0
0
0
0
0
0
0
0
0
0
0
0
0
0
0
0
0
0
0
0
0
0
0
0
0
0
0
0
0
0
0
0
0
0
0
0
0
0
0
0
0
0
0
0
0
0
0
0
0
0
0
0
0
0
0
0
0
0
0
0
0
0
0
0
0
0
0
0
0
0
0
0
0
0
0
0
0
0
0
0
0
0
0
0
0
0
0
0
0
0
0
0
0
0
0
0
0
0
0
0
0
0
0
0
0
-1
0
0
0
0
0
0
0
0
0
0
0
0
0
0
0
0
-2
0
0
0
0
0
0
0
0
0
0
0
0
0
0
0
0
0
0
0
0
0
0
0
0
0
0
0
0
0
0
0
0
0
0
0
0
0
0
0
0
0
0
0
0
0
0
0
0
0
0
0
0
0
0
0
0
0
0
0
0
0
0
0
0
0
0
0
0
0
0
0
0
0
0
0
0
0
0
0
0
0
0
0
0
0
0
0
0
0
0
0
0
0
0
0
0
0
0
0
0
0
0
0
0
0
0
0
0
0
0
0
0
0
0
0
0
0
0
0
0
0
0
0
0
0
0
0
0
0
0
0
0
0
0
0
0
0
0
0
0
0
0
0
0
0
4
0
0
0
0
0
0
0
0
0
0
0
0
0
0
0
0
0
0
0
0
0
0
0
0
0
0
0
0
0
0
0
0
0
0
0
0
0
0
0
0
0
0
0
0
0
0
0
0
0
0
0
0
0
0
0
0
0
0
0
0
0
0
0
0
0
0
0
0
0
0
0
0
0
0
0
0
0
0
0
0
0
0
0
0
0
0
0
0
0
0
0
0
0
0
0
0
0
0
0
0
0
0
-1
0
0
0
0
0
0
0
0
0
0
0
0
0
0
0
0
0
0
0
0
0
0
0
0
0
0
0
0
0
0
0
0
0
0
0
0
0
0
0
0
0
0
0
0
0
0
0
0
0
0
0
0
0
0
0
0
0
0
0
0
0
0
0
0
0
0
0
0
0
0
0
0
0
0
0
0
0
0
0
0
0
0
0
0
0
0
0
0
0
0
0
0
0
0
0
0
0
0
0
0
1
0
0
0
0
0
0
0
0
0
0
0
0
0
0
0
0
0
0
0
0
0
0
0
0
0
0
0
0
0
0
0
0
0
0
0
0
0
0
0
0
0
0
0
0
0
0
0
0
0
0
0
0
0
0
0
0
0
0
0
0
0
1
0
0
0
0
0
0
0
0
0
0
0
0
0
0
0
0
0
0
0
0
0
0
0
0
0
0
0
0
0
0
0
0
0
0
0
0
0
0
0
0
0
0
0
0
0
0
0
0
0
0
0
0
0
0
0
0
0
0
0
0
0
0
0
0
0
0
0
0
0
0
0
0
0
0
0
0
0
0
0
0
0
0
0
0
0
0
0
0
0
0
0
0
0
0
0
0
0
0
0
0
0
0
0
0
0
0
0
0
0
0
0
0
0
0
0
0
0
0
0
0
0
0
0
0
0
0
0
0
0
0
0
0
0
0
0
0
0
0
0
0
0
0
0
0
0
0
0
0
0
0
0
0
0
0
0
0
0
0
0
0
0
0
0
0
0
0
0
0
0
0
0
0
0
0
0
0
0
0
0
0
0
0
0
0
0
0
0
0
0
0
0
0
0
0
0
0
0
0
0
0
0
0
0
0
0
0
0
0
0
0
0
0
0
0
0
0
0
0
0
0
0
0
0
0
0
0
0
0
0
0
0
0
0
0
0
0
0
0
0
0
0
0
0
0
0
0
0
0
0
0
0
0
0
0
0
0
0
0
0
0
0
0
0
0
0
0
0
0
0
0
0
0
0
0
0
0
0
0
0
0
0
0
0
0
0
0
0
0
0
0
0
0
0
0
0
0
0
0
0
0
0
0
0
0
0
0
0
0
0
0
0
0
0
0
0
0
0
0
0
0
0
0
0
0
0
0
0
0
0
0
0
0
0
0
0
0
0
0
0
0
0
0
0
0
0
0
0
0
0
0
0
0
0
0
0
0
0
0
0
0
0
0
0
0
0
0
0
0
0
0
0
0
0
0
0
0
0
0
0
0
0
0
0
0
0
0
0
0
0
0
0
0
0
0
0
0
0
0
0
0
0
0
0
0
0
0
0
0
0
0
0
0
0
0
0
0
0
0
0
0
0
0
0
0
0
0
0
0
0
0
0
0
0
0
0
0
0
0
0
0
0
0
0
0
0
0
0
0
0
0
0
0
0
0
0
0
0
0
0
0
0
0
0
0
0
0
0
0
0
0
0
0
0
0
0
0
0
0
0
0
0
0
0
0
0
0
0
0
0
0
0
0
0
0
0
0
0
0
0
0
0
0
0
0
0
0
0
0
0
0
-6
0
0
0
0
0
0
0
0
0
0
0
0
0
0
0
0
0
0
0
0
0
0
0
0
0
0
0
0
0
0
0
0
0
0
0
0
0
0
0
0
0
0
0
0
0
0
0
0
0
0
0
0
0
0
0
0
0
0
0
0
0
0
0
0
0
0
0
0
0
0
0
0
0
0
0
0
0
0
0
0
0
0
0
0
0
0
0
0
0
0
3
0
0
0
0
0
0
0
0
0
0
0
0
0
0
0
0
0
0
0
0
0
0
0
0
0
0
0
0
0
0
0
0
0
0
0
0
0
0
0
0
0
0
0
0
0
0
0
0
0
0
0
0
0
0
0
0
0
0
0
0
0
0
0
0
0
0
0
0
0
0
0
0
0
0
0
0
0
0
0
0
0
0
0
0
0
0
0
0
0
0
0
0
0
0
0
0
0
0
0
0
0
0
0
0
0
0
0
0
0
0
0
0
0
0
0
0
0
0
0
0
0
-6
0
1
0
0
0
0
0
0
0
0
0
0
0
0
0
0
0
0
0
0
0
0
0
0
0
0
0
0
0
0
0
0
0
0
0
0
0
0
0
0
0
0
0
0
0
0
0
0
0
0
0
0
0
0
0
0
0
0
0
0
0
0
0
0
0
0
0
0
0
0
0
0
0
0
0
0
0
0
0
0
0
0
0
0
0
0
0
0
0
0
0
0
0
0
0
0
0
0
0
0
0
0
0
0
0
0
0
0
0
0
0
0
0
0
0
0
0
0
0
0
0
0
0
0
0
0
0
0
0
0
0
0
0
0
0
0
0
0
0
0
0
0
0
0
0
0
0
0
0
0
0
0
0
0
0
0
0
0
0
0
0
0
0
0
0
0
0
0
0
0
0
0
0
0
0
0
0
0
0
0
0
0
0
0
0
0
0
0
0
0
0
0
0
0
0
0
0
0
0
0
0
0
0
0
0
0
0
0
0
0
0
0
0
0
0
0
0
0
0
0
0
0
0
0
0
0
0
0
0
0
0
0
0
0
0
0
0
0
0
0
0
0
0
0
0
0
0
0
0
0
0
0
0
0
0
0
0
0
0
0
0
0
0
0
0
0
0
0
0
0
0
0
0
0
0
0
0
0
0
0
0
0
0
0
0
0
0
0
0
0
0
0
0
0
0
0
0
0
0
0
0
0
0
0
0
0
0
0
0
0
0
0
0
0
0
0
0
0
0
0
0
0
0
0
0
0
-2
0
0
0
0
0
0
0
0
0
0
0
0
0
0
0
0
0
0
0
0
0
0
0
0
0
0
0
0
0
0
0
0
0
0
0
0
0
0
0
0
0
0
0
0
0
0
0
0
0
0
0
0
0
0
0
0
0
0
10
0
0
0
0
0
0
0
0
0
0
0
0
0
0
0
0
0
0
0
0
0
0
0
0
0
0
0
0
0
0
0
0
0
0
0
0
0
0
0
0
0
0
0
0
0
0
0
0
0
0
0
0
0
0
0
0
0
0
0
0
0
0
0
0
0
0
0
0
0
0
0
0
0
0
0
0
0
0
0
0
0
0
0
0
0
0
0
0
0
0
0
0
0
0
0
0
0
0
0
0
0
0
0
0
0
0
0
0
0
0
0
0
0
0
0
0
0
0
0
0
0
0
0
0
0
0
0
0
0
0
0
0
0
0
0
0
0
0
0
0
0
0
0
0
0
0
0
0
0
0
0
0
0
0
0
0
0
0
0
0
0
0
0
0
0
0
0
0
0
0
0
0
0
0
0
0
0
0
0
0
0
0
0
0
0
0
0
0
0
0
0
0
0
0
0
0
0
0
0
0
0
0
0
0
0
0
0
0
0
0
0
0
0
0
0
0
0
0
0
0
0
0
0
0
0
0
0
0
0
0
0
0
0
0
0
0
0
0
0
0
0
0
0
0
0
0
0
0
0
0
0
0
0
0
0
0
0
0
0
0
0
0
0
0
0
0
0
-164
0
0
0
0
0
0
0
0
0
0
0
0
0
0
0
0
0
0
0
0
0
0
0
0
0
0
0
0
0
0
0
0
0
0
0
0
0
0
0
0
0
0
0
0
0
0
0
0
1
0
0
0
0
0
0
0
0
0
0
0
0
0
0
0
0
0
0
0
0
0
0
0
0
0
0
0
0
0
0
0
0
0
0
0
0
0
0
0
0
0
0
0
0
0
0
0
0
0
0
0
0
0
0
0
0
0
0
0
0
0
0
0
0
0
0
0
0
0
0
0
0
0
0
0
0
0
0
0
0
0
0
0
0
0
0
0
0
1
0
0
0
0
0
0
0
0
0
0
0
0
0
0
0
0
0
0
0
0
0
0
0
0
0
0
0
0
0
0
0
0
0
0
0
0
0
0
0
0
0
0
0
0
0
0
0
0
0
0
0
0
0
0
0
0
0
0
0
0
0
0
0
0
0
0
0
0
0
0
0
0
0
0
0
0
0
0
0
0
0
0
0
0
0
0
0
0
0
0
0
0
0
0
0
0
0
0
0
0
0
0
0
0
0
0
0
0
0
0
0
0
0
0
0
0
0
0
0
0
0
0
0
0
0
0
0
0
0
0
0
0
0
0
0
0
0
0
0
0
0
0
0
0
0
0
0
0
0
0
0
0
0
0
0
0
0
0
0
0
0
0
0
0
0
0
0
0
0
0
0
0
0
0
0
0
0
0
0
0
0
0
0
0
0
0
0
0
0
0
0
0
0
0
0
0
0
0
0
0
0
0
0
0
0
0
0
0
0
0
0
0
0
0
0
0
0
0
0
0
0
0
0
0
0
0
0
0
0
0
0
0
0
0
0
0
0
0
0
0
0
0
0
0
0
0
0
0
0
0
0
0
0
0
0
0
0
0
0
0
0
0
0
0
0
0
0
0
0
0
0
0
0
0
0
0
0
0
0
0
0
0
0
0
0
0
0
0
0
0
0
0
0
0
0
0
0
0
0
0
0
0
0
0
0
0
0
0
0
0
0
0
0
0
0
0
0
0
0
0
0
0
0
0
0
0
0
0
0
0
0
0
0
0
0
0
0
0
0
0
0
0
0
0
0
0
0
0
0
0
0
0
0
0
0
0
0
0
0
0
0
0
0
0
0
0
0
0
0
0
0
0
0
0
0
0
0
0
0
0
0
0
0
0
0
0
0
0
0
0
0
0
0
0
0
0
0
0
0
0
0
0
0
0
0
0
0
0
0
0
0
0
0
0
0
0
0
0
0
0
0
0
0
0
0
0
0
0
0
0
0
0
0
0
0
0
0
0
0
0
0
0
0
0
0
0
0
0
0
0
0
0
0
0
0
0
0
0
0
0
0
0
0
0
0
0
0
0
0
0
0
0
0
0
0
0
0
0
0
0
0
0
0
0
0
3
0
0
0
0
0
0
0
0
0
0
0
0
0
0
0
0
0
0
0
0
0
0
0
0
0
0
0
0
0
0
0
0
0
0
0
0
0
0
0
0
0
0
0
0
0
0
0
0
0
0
0
0
0
0
0
0
0
0
0
0
0
0
0
0
0
0
0
0
0
0
0
0
0
0
0
0
0
0
0
0
0
0
0
0
0
0
0
0
0
0
0
0
0
0
0
0
0
0
0
0
0
0
0
0
0
0
0
0
0
0
0
0
0
0
0
0
0
0
0
0
0
0
0
0
0
0
0
0
0
0
0
0
0
0
0
0
0
0
0
0
0
0
0
0
2
0
0
0
0
0
0
0
0
0
0
0
0
0
0
0
0
0
0
0
0
0
0
0
0
0
0
0
0
0
0
0
0
0
0
0
0
0
0
0
0
0
0
0
0
0
0
0
0
0
0
0
0
0
0
0
0
0
0
0
0
0
0
0
0
0
0
0
0
0
0
0
0
0
0
0
0
0
0
0
0
0
0
0
0
0
0
0
0
0
0
0
0
0
0
0
0
0
0
0
0
0
0
0
0
0
0
0
0
0
0
0
0
0
0
0
0
0
0
0
0
0
0
0
0
0
0
0
0
0
0
0
0
0
0
0
0
0
0
0
0
0
0
0
0
0
0
0
0
0
0
0
0
0
0
0
0
0
0
0
0
0
0
0
0
0
0
0
0
0
0
0
0
0
0
0
0
0
0
0
0
0
0
0
0
0
0
0
0
0
0
0
0
0
0
0
0
0
0
0
0
0
0
0
0
0
0
0
0
0
0
0
0
0
0
0
0
0
0
0
0
0
0
0
0
0
0
0
0
0
0
0
0
0
0
0
0
0
0
0
0
0
0
0
0
0
0
0
0
0
0
0
0
0
0
0
0
0
0
0
0
0
0
0
0
0
0
0
0
0
0
0
0
0
0
0
0
0
0
0
0
0
0
0
0
0
0
0
0
0
0
0
0
0
0
0
0
0
0
0
0
0
0
0
0
0
0
0
0
0
0
0
0
0
0
0
0
0
0
0
0
0
0
0
0
0
0
0
0
0
0
0
0
0
0
0
0
0
0
0
0
0
0
0
0
0
0
0
0
0
0
0
0
0
0
0
0
0
0
0
0
0
0
0
0
0
0
0
0
0
0
0
0
0
0
0
0
0
0
0
0
0
0
0
0
0
0
0
0
0
0
0
0
0
0
0
0
0
0
0
0
0
0
0
0
0
0
0
0
0
0
0
0
0
0
0
0
0
0
0
0
0
0
0
0
0
0
0
0
0
0
0
0
0
0
0
0
0
0
0
0
0
0
0
0
0
0
0
0
0
0
0
0
0
0
0
0
0
0
0
0
0
0
0
0
0
0
0
0
0
0
0
0
0
0
0
0
0
0
0
0
0
0
0
0
0
0
0
0
0
0
0
0
0
0
0
0
0
0
0
0
0
0
0
0
0
0
0
0
0
0
0
0
0
0
0
0
0
0
0
0
0
0
0
0
0
0
0
0
0
0
0
0
0
0
0
0
-5
0
0
0
0
0
0
0
0
0
0
0
0
0
0
0
0
0
0
0
0
0
0
0
0
0
0
0
0
0
0
0
0
0
0
0
0
0
0
0
0
0
0
0
0
0
0
0
0
0
0
0
0
0
0
0
0
0
0
0
0
0
0
0
0
0
0
0
0
0
0
0
0
0
0
0
0
0
0
0
0
0
0
0
0
0
0
0
0
0
0
0
0
0
0
0
0
0
0
0
0
0
0
0
0
0
0
0
0
0
0
0
0
0
0
0
0
0
0
0
0
0
0
0
0
0
0
0
0
0
0
0
0
0
0
0
0
0
0
0
0
0
0
0
0
0
0
0
0
0
0
0
0
0
0
0
0
0
0
0
0
0
0
0
0
0
0
0
0
0
0
0
0
0
0
0
0
0
0
0
0
0
0
0
0
0
0
0
0
0
0
0
0
0
0
0
0
0
0
0
0
0
0
0
0
0
0
0
0
0
0
0
0
0
0
0
0
0
0
0
0
0
0
0
0
0
0
0
0
0
0
0
0
0
0
0
0
0
0
0
0
0
0
0
0
0
0
0
0
0
0
0
0
0
0
0
0
0
0
0
0
0
0
0
0
0
0
0
0
0
0
0
0
0
0
0
0
0
0
0
0
0
0
0
0
0
0
0
0
0
0
0
0
0
0
0
0
0
0
0
0
0
0
0
0
0
0
0
0
0
0
0
0
0
0
0
0
0
0
0
0
0
0
0
0
0
0
0
0
0
0
0
0
0
0
0
0
0
0
0
0
0
0
0
0
0
0
0
0
0
0
0
0
0
0
0
0
0
0
0
0
0
0
0
0
0
0
0
0
0
0
0
0
0
0
0
0
0
0
0
0
0
0
0
0
0
0
0
0
0
0
0
0
0
0
0
0
0
0
0
0
0
0
0
0
0
0
0
0
0
0
0
0
0
-2
0
0
0
0
0
0
0
0
0
0
0
0
0
0
0
0
0
0
0
0
0
0
0
0
0
0
0
0
0
0
0
0
0
0
0
0
0
0
0
0
0
0
0
0
0
0
0
0
0
0
0
0
0
0
0
0
0
0
0
0
0
0
0
0
0
0
0
0
0
0
0
0
0
0
0
0
0
0
0
0
0
0
0
0
0
0
0
0
0
0
0
0
0
0
0
0
0
0
0
0
0
0
0
0
0
0
0
0
0
0
0
0
0
0
0
0
0
0
0
0
0
0
0
0
0
0
0
0
0
0
0
0
0
0
0
0
0
0
0
0
0
0
0
0
0
0
0
0
0
0
0
0
0
0
0
0
0
0
0
0
180
0
0
0
0
0
0
0
0
0
0
-1
0
0
0
0
0
0
0
0
0
0
0
0
0
0
0
0
0
0
0
0
0
0
0
0
0
0
0
0
0
0
0
0
0
0
0
0
0
0
0
0
0
0
0
0
0
0
0
0
0
0
0
0
0
0
0
0
0
0
0
0
0
0
0
0
0
0
0
0
0
0
0
0
0
0
0
0
0
0
0
0
0
0
0
0
0
0
0
0
0
0
0
0
0
0
0
0
0
0
0
0
0
0
0
0
0
0
0
0
0
0
0
0
0
0
0
0
0
0
0
0
0
0
0
0
0
0
0
0
0
0
0
0
0
0
0
0
0
0
0
0
0
0
0
0
0
0
0
0
0
0
0
0
0
0
0
0
0
0
0
0
0
0
0
0
0
0
0
0
0
0
0
0
0
0
0
0
0
0
0
0
0
0
0
0
0
0
0
0
0
0
0
0
0
0
0
0
0
0
0
0
0
0
0
0
0
0
0
0
0
0
0
0
0
0
0
0
0
0
0
0
0
0
0
0
0
0
0
0
0
0
0
0
0
0
0
0
0
0
0
0
0
0
0
0
0
0
0
0
0
0
0
0
0
0
0
0
0
0
0
0
0
0
0
0
0
0
0
0
0
0
0
0
0
0
0
0
0
0
0
0
0
0
0
0
0
0
0
0
0
0
0
0
0
0
0
0
0
0
0
0
0
0
0
0
0
0
0
0
0
0
0
0
0
0
0
0
0
0
0
0
0
0
0
0
0
0
0
0
0
0
0
0
0
0
0
0
0
0
0
0
0
0
0
0
0
0
0
0
0
0
0
0
0
0
0
0
0
0
0
0
0
0
0
0
0
0
0
0
0
0
0
0
0
0
0
0
0
0
0
0
0
0
0
0
0
0
0
0
0
0
0
0
0
0
0
0
0
0
0
0
0
0
0
0
0
0
0
0
0
0
0
0
0
0
0
0
0
0
0
0
0
0
0
0
0
0
0
0
0
0
0
0
0
0
0
0
0
0
0
0
0
0
0
0
0
0
0
0
0
0
0
0
0
0
0
0
0
0
0
0
0
0
0
0
0
0
0
0
0
0
0
0
0
0
0
0
0
0
0
0
0
0
0
0
0
0
0
0
0
0
0
0
0
0
0
0
0
0
0
0
0
0
0
0
0
0
0
0
0
0
0
0
0
0
0
0
0
0
0
-1
0
0
0
0
0
0
0
0
0
0
0
0
0
0
0
0
0
0
0
0
0
0
0
0
0
0
0
0
0
0
0
0
0
0
0
0
0
0
0
0
0
0
0
0
0
0
0
0
0
0
0
0
-7
0
0
0
0
0
0
0
0
0
0
0
0
0
0
0
0
0
0
0
0
0
0
0
0
0
0
0
0
0
0
0
0
0
0
0
0
0
0
0
0
0
0
0
0
0
0
0
0
0
0
0
0
0
0
0
0
0
0
0
0
0
0
0
0
0
0
0
0
0
0
0
0
0
0
0
0
0
0
0
0
0
0
0
0
0
0
0
0
0
0
0
0
0
0
0
0
0
0
0
0
0
0
0
0
0
0
0
0
0
0
0
0
0
0
0
0
0
0
0
0
0
0
0
0
0
0
0
0
0
0
0
0
0
0
0
0
0
0
0
0
0
0
0
0
0
0
0
0
0
0
0
0
0
0
0
0
0
0
0
0
0
0
0
0
0
0
0
0
0
0
0
0
0
0
0
0
0
0
0
0
0
0
0
0
0
0
0
0
0
0
0
0
0
0
0
0
0
0
0
0
0
0
0
0
0
0
0
0
0
0
0
0
0
0
0
0
0
0
0
0
0
0
0
0
0
0
0
0
0
0
0
0
0
0
0
0
0
0
0
0
0
0
0
0
0
0
0
0
0
0
0
0
0
0
0
0
0
0
0
0
0
0
0
0
0
0
0
0
0
0
0
0
0
0
0
0
0
0
0
0
0
0
0
0
0
0
0
0
0
0
0
0
0
0
0
0
0
0
0
0
0
0
0
0
0
0
0
0
0
0
0
0
0
0
0
0
0
0
0
0
0
0
0
0
0
0
0
0
0
0
0
0
0
0
0
0
0
0
0
0
0
0
0
0
0
0
0
0
0
0
0
0
0
0
0
0
0
0
0
0
0
0
0
0
0
0
0
0
0
0
0
0
0
0
0
0
0
0
0
0
0
0
0
0
0
0
0
0
0
0
0
0
0
0
0
0
0
0
0
0
0
0
0
0
0
0
0
0
0
0
0
0
0
0
0
0
0
0
0
0
0
0
0
0
0
0
0
0
0
0
0
0
0
0
0
0
0
0
0
0
0
0
0
0
0
0
0
0
0
0
0
0
0
0
0
0
0
0
0
0
0
0
0
0
0
0
0
0
1
0
0
0
0
0
0
0
0
0
0
0
0
0
0
0
0
0
0
0
0
0
0
0
0
0
0
0
0
0
0
0
0
0
0
0
0
0
0
0
0
0
0
0
0
0
0
0
0
0
0
0
0
0
0
0
0
0
0
0
0
0
0
0
0
0
0
0
0
0
0
0
0
0
0
0
0
0
0
0
0
0
0
0
0
0
0
0
0
0
0
0
0
0
0
0
0
0
0
0
0
0
0
0
0
0
0
0
0
0
0
0
0
0
0
0
0
0
0
0
0
0
0
0
0
0
0
0
0
0
0
0
0
0
0
0
0
0
0
0
0
0
0
0
0
0
0
0
0
0
0
0
0
0
0
0
0
0
0
0
0
0
0
0
0
0
0
0
0
0
0
0
0
0
0
0
0
0
0
0
0
0
0
0
0
0
0
0
0
0
0
0
0
0
0
0
0
0
0
0
0
0
0
0
0
0
0
0
0
0
0
0
0
0
0
0
0
0
0
0
0
0
0
0
0
0
0
0
0
0
0
0
0
0
0
0
0
0
0
0
0
0
0
0
0
0
0
0
0
0
0
0
0
0
0
0
0
0
0
0
0
0
0
0
0
0
0
0
0
0
0
0
0
0
1
0
0
0
0
0
0
0
0
0
0
0
0
0
0
0
0
0
0
0
0
0
0
0
0
0
0
0
0
0
0
0
0
0
0
0
0
0
0
0
0
0
0
0
0
0
0
0
0
0
0
0
0
0
0
0
0
0
0
0
0
0
0
0
0
0
0
0
0
0
0
0
0
0
0
0
0
0
0
0
0
0
0
0
0
0
0
0
0
0
0
0
0
0
0
0
0
0
0
0
0
0
0
0
0
0
0
0
0
0
0
0
0
0
0
0
0
0
0
0
0
0
0
0
0
0
0
0
0
0
0
0
0
0
0
0
0
0
0
0
0
0
0
0
0
0
0
0
0
0
0
0
0
0
0
0
0
0
0
0
0
0
0
0
0
0
0
0
0
0
0
0
0
0
0
0
0
0
0
0
0
0
0
0
0
0
0
0
0
0
0
0
0
0
0
0
0
0
0
0
0
0
0
0
0
0
0
0
0
0
20
0
0
0
0
0
0
0
0
0
0
0
0
0
0
0
0
0
0
0
0
0
0
0
0
0
0
0
0
0
0
0
0
0
0
0
0
0
0
0
0
0
0
0
0
0
0
0
0
0
0
0
0
0
0
0
0
0
0
0
0
0
0
0
0
0
0
0
0
0
0
0
0
0
0
0
0
0
0
0
0
0
0
0
0
0
0
0
0
0
0
0
0
0
0
0
0
0
0
0
0
0
0
0
0
0
0
0
0
0
0
0
0
0
0
0
0
0
0
0
0
0
0
0
0
0
0
0
0
0
0
0
0
0
0
0
0
0
0
0
0
0
0
0
0
0
0
0
0
0
0
0
0
0
0
0
0
0
0
0
0
0
0
0
0
0
0
0
0
0
0
0
0
0
0
0
0
0
0
0
0
0
0
0
0
0
0
0
0
0
0
0
0
0
0
0
0
0
0
0
0
0
0
0
0
0
0
0
0
0
0
0
0
0
0
0
0
0
0
0
0
0
0
0
0
0
0
0
0
0
0
0
0
0
0
0
0
0
0
0
-21
0
0
0
0
0
0
0
0
0
0
0
0
0
0
0
0
0
0
0
0
0
0
0
0
0
0
0
0
0
0
0
0
0
0
0
0
0
0
0
0
0
0
0
0
0
0
0
0
0
0
0
0
0
0
0
0
0
0
0
0
0
0
0
0
0
0
0
0
0
0
0
0
0
0
0
0
0
0
0
0
0
0
0
0
0
0
0
0
0
0
0
0
0
0
0
0
0
0
0
0
0
0
0
0
0
0
0
0
0
0
0
0
0
0
0
0
0
0
0
0
0
0
0
0
0
0
0
0
0
0
0
0
0
0
0
0
0
0
0
0
0
0
0
0
0
0
0
0
0
0
0
0
0
0
0
0
0
0
0
0
0
0
0
0
0
0
0
0
0
0
0
0
0
0
0
0
0
0
0
0
0
0
0
0
0
0
0
0
0
0
0
0
0
0
0
0
0
0
0
0
0
0
0
0
0
0
0
0
0
0
0
0
0
0
0
0
0
0
0
0
0
0
0
0
0
0
0
0
0
0
0
0
0
0
0
0
0
0
0
0
0
0
0
0
0
0
0
0
0
0
0
0
0
0
0
0
0
0
0
0
0
0
0
0
0
0
0
0
0
0
0
0
0
0
0
0
0
0
0
0
0
0
0
0
0
0
0
0
0
0
0
0
0
0
0
0
0
0
0
0
0
0
0
0
0
0
0
0
0
0
0
0
0
0
0
0
0
0
0
0
0
0
0
0
0
0
0
0
0
0
0
0
0
0
0
0
0
0
0
0
0
0
0
0
0
0
0
0
0
0
0
0
0
0
0
0
0
0
0
0
0
0
0
0
0
0
0
0
0
0
0
0
0
0
0
0
0
0
0
0
0
0
0
0
0
0
0
0
0
0
0
0
0
0
0
0
0
0
0
0
0
0
0
0
0
0
0
0
0
0
0
0
0
0
0
0
0
0
0
0
0
0
0
0
0
0
0
0
0
0
0
0
0
0
0
0
0
0
0
0
0
0
0
0
0
0
0
0
0
0
0
0
0
0
0
0
0
0
0
0
0
0
0
0
0
0
0
0
0
0
0
0
0
0
0
0
0
0
0
0
0
0
0
0
0
0
0
0
0
0
0
0
0
0
0
0
0
0
0
0
0
0
0
0
0
0
0
0
0
0
0
0
0
0
0
0
0
0
0
0
0
0
0
0
0
0
0
0
0
0
0
0
0
0
0
0
0
0
0
0
0
0
0
0
0
0
0
0
0
0
0
0
0
0
0
0
0
0
0
0
0
0
0
0
0
0
0
0
0
0
0
0
0
0
0
0
0
0
0
0
0
0
0
0
0
0
0
0
0
0
0
0
0
0
0
0
0
0
0
0
0
0
0
0
0
0
0
0
0
0
0
0
0
0
0
0
0
0
0
0
0
0
0
0
0
0
0
0
0
0
0
0
0
0
0
0
0
0
0
0
0
0
0
0
0
0
0
0
0
0
0
0
0
0
0
0
0
0
0
0
0
0
0
0
0
0
0
0
0
0
0
0
0
0
0
0
0
0
0
0
0
0
0
0
0
0
0
0
0
0
0
0
0
0
0
0
0
0
0
0
0
0
0
0
0
0
0
0
0
0
0
0
0
0
0
0
0
0
0
0
0
0
0
0
0
0
0
0
0
0
0
0
0
0
0
0
0
0
0
0
0
0
0
0
0
0
0
0
0
0
0
0
0
0
0
0
0
0
0
0
0
0
0
0
0
0
0
0
0
0
0
0
0
0
0
0
0
0
0
0
0
0
0
0
0
0
0
0
0
0
0
0
0
0
0
0
0
0
0
0
0
0
0
0
0
0
0
0
0
0
0
0
0
0
0
0
0
0
0
0
0
0
0
0
0
0
0
0
0
0
0
0
0
0
0
0
0
0
0
0
0
0
0
0
0
0
0
0
0
0
0
0
0
0
0
0
0
0
0
0
0
0
0
0
0
0
0
0
0
0
0
0
0
0
0
0
0
0
0
0
0
0
0
0
0
0
0
0
0
0
0
0
0
0
0
0
0
0
0
0
0
0
0
0
0
0
0
0
0
0
0
0
0
0
0
0
0
0
0
0
0
0
0
0
0
0
0
0
0
0
0
0
0
0
0
0
0
0
0
0
0
0
0
0
0
0
0
0
0
0
0
0
0
0
0
0
0
0
0
0
0
0
0
0
0
0
0
0
0
0
0
0
0
0
0
0
0
0
0
0
0
0
0
0
0
0
0
0
0
0
0
0
0
0
0
0
0
0
0
0
0
0
0
0
0
0
0
0
0
0
0
0
0
0
0
0
0
0
0
0
0
0
0
0
0
0
0
0
0
0
0
0
0
0
0
0
0
0
0
0
0
0
0
0
0
0
0
0
0
0
0
0
0
0
0
0
0
0
0
0
0
0
0
0
0
0
0
0
0
0
0
0
0
0
0
0
0
0
0
0
0
0
0
0
0
0
0
0
0
0
0
0
0
109
0
0
0
0
0
0
0
0
0
0
0
0
0
0
0
0
0
0
0
0
0
0
0
0
0
0
0
0
0
0
0
0
0
0
0
0
0
0
0
0
0
0
0
0
0
0
0
0
0
0
0
0
0
0
0
0
0
0
0
0
0
0
0
0
0
0
0
0
0
0
0
0
0
0
0
0
0
0
0
0
0
0
0
0
0
0
0
0
0
0
0
0
0
0
0
0
0
0
0
0
0
0
0
0
0
0
0
0
0
0
0
0
0
0
0
0
0
0
0
0
0
0
0
0
0
0
0
0
0
0
0
0
0
0
0
0
0
0
0
0
0
0
0
0
0
0
0
0
0
0
0
0
0
0
0
0
0
0
0
0
0
0
0
0
0
0
0
0
0
0
0
0
0
0
0
0
0
0
0
0
0
0
0
0
0
0
0
0
0
0
0
0
0
0
0
0
0
0
0
0
0
0
0
0
0
0
0
0
0
0
0
0
0
0
0
0
0
0
0
0
0
0
0
0
0
0
0
0
0
0
0
0
0
0
0
0
0
0
0
0
0
0
0
0
0
0
0
0
0
0
0
0
0
0
0
0
0
0
0
0
0
0
0
0
0
0
0
0
0
0
0
0
0
0
0
0
0
0
0
0
0
0
0
0
0
0
0
0
0
0
0
0
0
0
0
0
0
0
0
0
0
0
0
0
0
0
0
0
0
0
0
0
0
0
0
0
0
0
0
0
0
0
0
0
0
0
0
0
0
0
0
0
0
0
0
0
0
0
0
0
0
0
0
0
0
0
0
0
0
0
0
0
0
0
0
0
0
0
0
0
0
0
0
0
0
0
0
0
0
0
0
0
0
0
0
0
0
0
0
0
0
0
0
0
0
0
0
0
0
0
0
0
0
0
0
0
0
0
0
0
0
0
0
0
0
0
0
0
0
0
0
0
0
0
0
0
0
0
0
0
0
0
0
0
0
0
0
0
0
0
0
0
0
0
0
0
0
0
0
0
0
0
0
0
0
0
0
0
0
0
0
0
0
0
0
0
0
0
0
0
0
0
0
0
0
0
0
0
0
0
0
0
0
0
0
0
0
0
0
0
0
0
0
0
0
0
0
0
0
0
0
0
0
0
0
0
0
0
0
0
0
0
0
0
0
0
0
0
0
0
0
0
0
0
0
0
0
0
0
0
0
0
0
0
0
0
0
0
0
0
0
0
0
0
0
0
0
0
0
0
0
0
0
0
0
0
0
0
0
0
0
0
0
0
0
0
0
0
0
0
0
0
0
0
0
0
0
0
0
0
0
0
0
0
0
0
0
0
0
0
0
0
0
0
0
0
0
0
0
0
0
0
0
0
0
0
0
0
0
0
0
0
0
0
0
0
0
0
0
0
0
0
0
0
0
0
0
0
0
0
0
0
0
0
0
0
0
0
0
0
0
0
0
0
0
0
0
0
0
0
0
0
0
0
0
0
0
0
0
0
0
0
0
0
0
0
0
0
0
0
0
0
0
0
0
0
0
0
0
0
0
0
0
0
0
0
0
0
0
0
0
0
0
0
0
0
0
0
0
0
0
0
0
0
0
0
0
0
0
0
0
0
0
0
0
0
0
0
0
0
0
0
0
0
0
0
0
0
0
0
0
0
0
0
0
0
0
0
0
0
0
0
0
0
0
0
0
0
0
0
0
0
0
0
0
0
0
0
0
0
0
0
0
0
0
0
0
0
0
0
0
0
0
0
0
0
0
0
0
0
0
0
0
0
0
0
0
0
0
0
0
0
0
0
0
0
0
0
0
0
0
0
0
0
0
0
0
0
0
0
0
0
0
0
0
0
0
0
0
0
0
0
0
0
0
0
0
0
0
0
0
0
0
0
0
0
0
0
0
0
0
0
0
0
0
0
0
0
0
0
0
0
0
0
0
0
0
0
0
0
0
0
0
0
0
0
0
0
0
0
0
0
0
0
0
0
0
0
0
0
0
0
0
0
0
0
0
0
0
0
0
0
0
0
0
0
0
0
0
0
0
0
0
0
0
0
0
0
0
0
0
0
0
0
0
0
0
0
0
0
0
0
0
0
0
0
0
0
0
0
0
0
0
0
0
0
0
0
0
0
0
0
0
0
0
0
0
0
0
0
0
0
0
0
0
0
0
0
0
0
0
0
0
0
0
0
0
0
0
0
0
0
0
0
0
0
0
0
0
0
0
0
0
0
0
0
0
0
0
0
0
0
0
0
0
0
0
0
0
0
0
0
0
0
0
0
0
0
0
0
0
0
0
0
0
0
0
0
0
0
0
0
0
0
0
0
0
0
0
0
0
0
0
0
0
0
0
0
0
0
0
0
0
0
0
0
0
0
0
0
0
0
0
0
0
0
0
0
0
0
0
0
0
0
0
0
0
0
0
0
0
0
0
0
0
0
0
0
0
0
0
0
0
0
0
0
0
0
0
0
0
0
0
0
0
0
0
0
0
0
0
0
0
0
0
0
0
0
0
0
0
0
0
0
0
0
0
0
0
0
0
0
0
0
0
0
0
0
0
0
0
0
0
0
0
0
0
0
0
0
0
0
0
0
0
0
0
0
0
0
0
0
0
0
0
0
0
0
0
0
0
0
0
0
0
0
0
0
0
0
0
0
0
0
0
0
0
0
0
0
0
0
0
0
0
0
0
0
0
0
0
0
0
0
0
0
0
0
0
0
0
0
0
0
0
0
0
0
0
0
0
0
0
0
0
0
0
0
0
0
0
0
0
0
0
0
0
0
0
0
0
0
0
0
0
0
0
0
0
0
0
0
0
0
0
0
0
0
0
0
0
0
0
0
0
0
0
0
0
0
0
0
0
0
0
0
0
0
0
0
0
0
0
0
0
0
0
0
0
0
0
0
0
0
0
0
0
0
0
0
0
0
0
0
0
0
0
0
0
0
0
0
0
0
0
0
0
0
0
0
0
0
0
0
0
0
0
0
0
0
0
0
0
0
0
0
0
0
0
0
0
0
0
0
0
0
0
0
0
0
0
0
0
0
0
0
0
0
0
0
0
0
0
0
0
0
0
0
0
0
0
0
0
0
0
0
0
0
0
0
0
0
0
0
0
0
0
0
0
0
0
0
0
0
0
0
0
0
0
0
0
0
0
0
0
0
0
0
0
0
0
0
0
0
0
0
0
0
0
0
0
0
0
0
0
0
0
0
0
0
0
0
0
0
0
0
0
0
0
0
0
0
0
0
0
0
0
0
0
0
0
0
0
0
0
0
0
0
0
0
0
0
0
0
0
0
0
0
0
0
0
0
0
0
0
0
0
0
0
0
0
0
0
0
0
0
0
0
0
0
0
0
0
0
0
0
0
0
0
0
0
0
0
0
0
0
0
0
0
0
0
0
0
0
0
0
0
0
0
0
0
0
0
0
0
0
0
0
0
0
0
0
0
0
0
0
0
0
0
0
0
0
0
0
0
0
0
0
0
0
0
0
0
0
0
0
0
0
0
0
0
0
0
0
0
0
0
0
0
0
0
0
0
0
0
0
0
0
0
0
0
0
0
0
0
0
0
0
0
0
0
0
0
0
0
0
0
0
0
0
0
0
0
0
0
0
0
0
0
0
0
0
0
0
0
0
0
0
0
0
0
0
0
0
0
0
0
0
0
0
0
0
0
0
0
0
0
0
0
0
0
0
0
0
0
0
0
0
0
0
0
0
0
0
0
0
0
0
0
0
0
0
0
0
0
0
0
0
0
0
0
0
0
0
0
0
0
0
0
0
0
0
0
0
0
0
0
0
0
0
0
0
0
0
0
0
0
0
0
0
0
0
0
0
0
0
0
0
0
0
0
0
0
0
0
0
0
0
0
0
0
0
0
0
0
0
0
0
0
0
0
0
0
0
0
0
0
0
0
0
0
0
0
0
0
0
0
0
0
0
0
0
0
0
0
0
0
0
0
0
0
0
0
0
0
0
0
0
0
0
0
1
0
0
0
0
0
0
0
0
0
0
0
0
0
0
0
0
0
0
0
0
0
0
0
0
0
0
0
0
0
0
0
0
0
0
0
0
0
0
0
0
0
0
0
0
0
0
0
0
0
0
0
0
0
0
0
0
0
0
0
0
0
0
0
0
0
0
0
0
0
0
0
0
0
0
0
0
0
0
0
0
0
0
0
0
0
0
0
0
0
0
0
0
0
0
0
0
0
0
0
0
0
0
0
0
0
0
0
0
0
0
0
0
0
0
0
0
0
0
0
0
0
0
0
0
0
0
0
0
0
0
0
0
0
0
0
0
0
0
0
0
0
0
0
0
0
0
0
0
0
0
0
0
0
0
0
0
0
0
0
0
0
0
0
0
0
0
0
0
0
0
0
0
0
0
0
0
0
0
0
0
0
0
0
0
0
0
0
0
0
0
0
0
0
0
0
0
0
0
0
0
0
0
0
0
0
0
0
0
0
0
0
0
0
0
0
0
0
0
0
0
0
0
0
0
0
0
0
0
0
0
0
0
0
0
0
0
0
0
0
0
0
0
0
0
0
0
0
0
0
0
0
0
0
0
0
0
0
0
0
-1
0
0
0
0
0
0
0
0
0
0
0
0
0
0
0
0
0
0
0
0
0
0
0
0
0
0
0
0
0
0
0
0
0
0
0
0
0
0
0
0
0
0
0
0
0
0
0
0
0
0
0
0
0
0
0
0
0
0
0
0
0
0
0
0
0
0
0
0
0
0
0
0
0
0
0
0
0
0
0
0
0
0
0
0
0
0
0
0
0
0
0
0
0
0
0
0
0
0
0
0
0
0
0
0
0
0
0
0
0
0
0
0
0
0
0
0
0
0
0
0
0
0
0
0
0
0
0
0
0
0
