0
0
0
0
0
0
0
0
0
0
0
0
0
0
0
0
0
0
0
0
0
0
0
0
0
0
0
0
0
0
0
0
0
0
0
0
0
0
0
0
0
0
0
19731
0
0
0
0
0
0
0
0
0
0
0
0
0
53098
0
0
0
0
0
0
4340
0
0
0
0
0
0
0
0
0
0
0
0
0
0
0
0
0
0
0
0
0
0
0
0
0
0
0
0
0
0
0
0
0
0
0
0
0
0
0
0
0
0
0
0
0
0
0
0
0
0
0
0
0
0
0
0
20792
0
0
0
0
0
0
0
0
0
0
0
0
0
0
0
0
0
0
0
0
0
0
0
0
0
0
0
0
0
0
0
0
0
0
0
0
0
0
0
0
0
0
0
0
0
0
14159
0
0
0
0
0
0
0
56507
0
0
0
0
0
0
7784
0
0
0
0
58839
0
0
0
0
0
0
0
0
0
0
0
0
0
0
0
0
0
0
0
0
0
0
0
0
0
0
0
0
0
0
445
0
0
0
0
0
0
0
0
0
0
0
0
0
0
0
0
0
0
0
0
0
0
0
0
0
0
0
47094
0
0
0
0
0
0
0
0
0
0
0
0
0
0
0
0
0
0
0
0
0
0
0
0
0
0
42263
0
0
0
0
0
0
0
0
0
0
0
0
0
0
0
0
0
0
0
0
0
0
0
0
0
0
0
1098
0
0
0
0
0
0
0
0
0
0
0
0
0
0
0
0
0
0
0
0
0
0
51638
0
0
0
0
0
0
0
0
0
0
0
0
0
47712
0
0
0
0
0
0
0
0
0
45238
33769
0
0
0
0
0
0
0
0
0
0
0
0
0
0
0
0
37102
0
0
0
0
62874
0
0
32620
0
0
0
0
0
0
0
0
0
0
0
0
0
0
0
0
0
0
0
50440
0
0
0
0
0
0
0
0
60638
0
0
0
0
0
0
0
0
0
0
0
0
0
0
0
0
0
0
0
0
0
0
0
0
0
0
45030
0
0
0
0
0
0
0
0
0
0
0
0
0
0
0
0
0
0
45812
0
0
0
0
0
0
0
0
0
0
0
0
0
0
0
0
0
0
0
0
0
0
0
0
0
0
0
0
0
0
0
0
0
0
0
0
0
0
0
0
0
0
0
0
0
0
0
0
0
0
0
0
0
0
0
0
0
0
0
0
0
0
0
0
0
0
0
0
0
0
0
0
0
0
0
0
0
0
0
0
0
0
0
0
0
0
0
0
0
0
0
58409
0
0
0
0
0
0
0
0
0
0
49970
0
0
0
0
0
0
1040
0
0
0
0
0
0
0
0
0
0
0
0
0
0
0
0
0
0
0
0
0
24592
53907
0
0
0
0
0
0
0
0
0
0
0
0
0
0
0
0
0
0
0
0
0
0
35319
0
0
0
0
0
0
0
0
0
0
0
0
0
0
0
0
0
0
0
0
0
0
0
0
0
0
0
0
0
0
0
0
55722
0
0
0
0
0
0
0
0
0
0
0
0
0
0
0
0
0
0
0
0
0
0
0
0
0
0
0
0
0
0
0
0
0
0
0
58278
0
0
0
0
0
0
0
27051
0
0
0
0
0
0
0
0
0
0
0
0
0
0
0
0
0
0
0
0
0
0
0
0
0
0
0
0
0
0
0
0
0
0
0
0
0
0
0
0
0
0
0
0
0
0
0
0
0
0
40083
0
0
0
0
0
0
0
0
0
0
0
0
0
0
45479
0
0
0
0
0
0
0
0
0
0
0
0
0
0
0
0
0
0
0
0
0
445
0
0
0
0
0
0
0
0
0
0
50638
0
0
0
0
0
0
0
0
0
0
0
0
0
0
0
0
0
0
0
0
0
0
0
0
0
0
0
0
0
0
0
0
0
0
0
0
0
0
0
0
12432
0
0
0
0
0
0
0
0
0
0
0
0
38049
0
0
0
0
0
0
0
0
0
0
0
0
0
56621
0
0
0
0
0
0
0
0
0
0
0
0
0
47046
0
0
0
0
0
0
0
0
0
0
0
0
0
0
0
0
0
0
0
0
0
0
0
0
0
0
0
0
0
0
0
0
0
0
0
0
0
0
0
0
0
0
0
0
0
0
0
0
0
0
0
0
0
50173
0
52154
0
0
0
0
0
0
0
0
0
0
0
0
12510
0
0
0
0
0
0
0
0
0
0
0
0
0
0
0
0
0
0
0
0
0
0
0
0
0
0
0
1313
0
0
0
0
0
0
0
0
0
0
0
0
0
0
0
0
0
0
0
0
0
0
0
0
0
0
0
0
0
0
56858
0
445
0
0
0
1714
0
0
0
0
0
0
57460
0
0
0
0
0
0
59797
0
0
0
0
0
0
0
0
24965
0
0
0
0
0
0
0
0
0
0
0
0
0
0
0
0
0
0
0
0
0
12859
0
0
0
0
0
0
0
0
0
0
0
36041
0
0
0
0
0
0
0
0
0
0
0
0
0
0
0
0
0
53492
0
0
0
0
0
0
0
0
0
0
0
0
0
0
0
0
0
0
0
0
0
0
0
0
0
0
46218
0
0
0
0
0
0
0
0
0
0
0
0
0
0
0
0
0
0
0
0
0
0
0
0
0
0
0
0
0
0
0
0
0
0
0
0
0
0
0
0
0
0
0
9796
0
0
0
0
0
0
0
0
0
0
0
0
0
0
0
0
0
0
0
0
0
0
0
0
0
0
0
60620
0
0
0
23092
0
0
0
0
0
10234
0
0
0
0
0
41877
0
0
0
61169
0
0
0
0
0
0
0
0
0
0
0
3792
0
0
0
0
0
0
0
0
54101
0
0
0
0
0
0
0
0
0
0
0
0
0
0
0
0
0
0
0
0
0
0
0
0
0
53790
0
51482
0
0
0
0
0
0
0
0
0
0
0
0
0
0
0
0
0
0
0
0
0
0
0
0
0
0
0
0
0
0
0
0
0
0
0
0
0
0
0
0
0
0
0
0
0
0
0
0
0
0
0
0
0
0
0
0
0
0
0
0
0
0
0
1091
0
29486
0
0
0
0
0
0
0
0
0
0
0
0
0
0
0
0
0
0
0
0
0
0
0
0
0
0
0
0
0
0
0
0
0
0
0
0
0
0
0
0
0
0
0
0
0
0
0
0
0
0
0
0
0
0
0
0
0
0
0
0
0
0
0
0
0
0
0
0
52869
0
0
0
0
0
0
0
0
0
0
0
0
0
0
37019
0
0
0
0
0
0
0
0
0
14065
0
60754
32868
0
0
49996
0
0
0
0
0
0
0
0
0
0
0
0
59440
0
0
0
0
0
0
55978
0
0
0
0
0
0
0
0
0
0
0
0
0
0
0
0
0
0
0
51359
0
0
0
0
0
0
0
0
0
0
0
0
0
7216
0
0
0
0
0
0
0
0
0
0
0
0
0
0
0
0
0
0
0
0
0
0
0
0
0
0
0
0
0
0
0
0
0
0
0
0
0
0
0
0
0
0
0
0
65128
0
0
0
0
0
0
0
0
0
0
0
0
0
0
0
0
0
0
0
0
0
0
0
0
0
0
0
0
0
0
0
0
0
0
0
0
0
0
0
0
0
0
0
0
0
0
0
0
0
0
0
0
0
3775
0
0
0
0
0
0
0
0
0
0
59780
0
0
0
0
0
0
23106
0
0
0
0
0
0
0
0
0
0
0
0
0
0
0
0
0
0
0
0
0
0
0
0
1485
0
0
0
0
0
0
0
0
0
0
0
0
0
0
0
0
0
0
0
0
0
0
0
0
0
0
0
0
2599
0
0
0
0
0
0
0
0
0
0
45340
0
0
0
0
0
0
0
0
0
0
0
0
0
0
0
0
0
0
0
0
0
0
0
0
0
0
0
0
0
0
0
0
0
0
0
0
0
0
0
0
0
0
18786
0
0
0
0
0
0
0
0
0
0
0
0
0
0
0
0
0
0
0
0
0
0
0
0
0
0
0
0
0
0
0
0
0
0
0
0
0
0
0
0
0
48432
0
0
0
0
0
0
0
0
0
0
0
0
0
0
0
0
0
0
0
0
0
0
0
0
0
0
0
0
0
0
0
0
0
0
0
0
0
0
0
0
0
0
0
0
0
0
0
0
0
0
0
0
0
0
0
0
0
0
0
0
0
0
0
0
0
0
0
0
0
0
0
0
0
0
0
0
0
0
0
0
60132
0
0
0
0
0
0
0
0
0
0
0
0
0
0
0
0
0
0
0
0
0
0
0
0
0
0
0
0
0
0
0
40460
5912
0
0
0
0
0
0
0
0
58101
0
0
0
0
0
0
43340
1485
0
0
0
23710
0
0
0
0
0
0
0
0
0
0
0
0
0
0
0
34844
0
0
0
0
0
0
0
0
0
0
0
0
0
0
0
0
0
0
0
0
0
0
0
0
0
0
0
0
0
0
0
0
0
0
0
0
0
46417
0
0
0
0
0
0
0
0
0
0
0
0
0
0
0
0
0
0
0
0
0
0
0
0
0
0
0
0
0
0
0
0
0
0
0
0
0
0
0
0
0
0
0
0
0
0
0
0
0
0
0
0
0
0
0
0
0
0
0
0
0
0
0
0
0
0
0
0
0
0
0
0
0
0
0
0
3388
0
0
0
0
0
0
0
0
0
0
0
0
0
0
0
0
0
0
21300
0
0
0
0
0
0
0
0
0
0
81
0
0
0
0
0
0
0
0
0
0
0
0
0
0
0
0
0
0
54437
0
0
0
0
0
0
0
0
0
12130
0
0
0
0
0
0
0
0
0
0
0
0
0
0
2794
0
0
0
0
0
0
6698
0
0
0
0
0
0
0
0
0
0
55595
0
0
0
0
0
0
0
0
0
445
0
0
0
0
58960
0
0
0
0
0
0
0
58791
0
0
0
0
0
0
0
0
0
0
0
0
0
0
0
0
0
0
0
0
0
0
0
0
0
0
0
0
0
0
0
0
0
0
0
0
0
0
0
0
0
0
0
0
0
0
0
0
0
0
0
0
0
0
0
0
0
0
0
41505
0
0
0
0
0
0
0
0
0
0
0
0
0
0
0
0
0
0
0
0
37392
35763
0
0
0
0
0
0
0
0
0
8456
0
0
0
0
0
0
0
0
0
0
0
0
0
0
0
0
0
0
0
0
0
0
0
0
0
0
0
50742
0
0
0
0
0
62596
0
0
0
0
0
0
0
0
0
0
0
0
0
0
0
0
0
0
0
0
0
0
0
0
0
0
0
0
0
0
0
0
0
0
0
0
0
0
0
0
0
0
0
0
0
0
0
0
0
0
0
0
0
0
0
0
0
0
0
0
0
0
0
0
0
0
0
0
0
0
0
0
0
0
34889
0
0
0
0
0
0
0
0
0
0
0
0
0
0
0
0
0
0
0
0
0
0
0
0
43033
0
0
0
0
0
0
0
0
0
0
0
0
0
0
0
0
0
0
0
0
0
0
0
0
0
0
0
0
0
0
0
0
0
0
0
0
0
0
0
0
0
0
0
0
0
0
0
0
0
0
0
36249
0
0
0
0
0
0
0
0
0
0
0
0
0
0
0
0
0
33371
0
0
0
0
0
0
0
0
0
0
0
0
0
0
0
0
0
0
0
0
0
0
0
0
0
0
0
0
0
0
0
0
0
0
0
0
0
0
0
0
0
0
0
0
0
18605
0
0
0
0
0
0
0
0
0
0
0
0
0
0
0
0
0
0
0
0
0
0
0
0
0
54968
0
0
0
0
0
0
0
0
56194
0
0
0
0
0
0
0
0
61359
0
0
0
0
0
0
0
0
0
0
0
0
0
0
0
0
0
0
0
0
0
0
0
0
0
0
0
0
0
0
0
0
0
14409
0
0
0
0
0
0
37353
0
0
0
0
0
0
0
0
35937
0
0
0
0
64640
0
0
0
0
0
0
0
0
0
0
0
0
0
0
0
0
0
0
0
0
0
0
0
0
0
0
0
27214
0
0
0
0
0
43755
0
0
0
20633
0
0
0
0
0
0
0
0
0
0
0
50054
0
0
0
0
0
0
0
0
0
0
0
0
0
0
0
0
0
0
0
0
0
0
0
0
0
0
37463
0
0
0
0
0
0
0
0
0
0
0
0
0
0
0
43389
0
0
0
0
0
0
0
0
0
34644
0
0
0
0
0
0
0
0
0
0
0
0
0
0
0
0
0
0
0
0
0
0
0
0
0
0
0
0
0
0
0
0
0
0
0
0
0
0
0
0
23
0
0
0
0
0
0
0
0
4145
0
0
0
0
0
52106
0
0
0
0
0
0
0
0
0
0
0
0
0
0
0
0
0
0
0
0
0
0
0
0
0
0
0
0
0
0
0
0
0
0
0
0
0
0
0
0
0
0
0
57018
0
0
0
0
0
0
0
49830
0
0
0
0
0
0
0
0
0
0
0
0
0
0
0
0
0
0
0
0
0
0
0
0
0
0
0
0
0
0
0
0
0
0
38418
0
0
59010
0
40960
0
0
0
0
49179
0
0
0
0
47310
0
0
0
0
0
0
0
0
0
0
0
0
0
0
50645
0
0
0
0
0
0
0
0
0
0
0
0
0
0
0
61077
0
0
0
0
0
0
0
0
0
0
0
0
0
64774
0
0
0
0
0
0
0
0
0
445
0
0
0
0
0
0
0
0
0
0
0
0
0
0
0
0
0
50213
0
0
0
0
0
0
0
0
0
63540
0
0
49389
0
44312
0
0
0
0
12432
0
0
0
0
0
0
0
0
0
0
45229
0
0
0
0
0
0
0
0
0
0
0
0
0
0
0
0
47191
0
0
0
37064
0
0
0
0
0
0
23
0
0
0
0
0
0
0
0
0
0
0
0
0
0
0
0
59559
0
0
0
0
0
0
0
0
0
0
0
0
0
0
0
0
0
0
0
0
0
0
0
0
0
0
0
0
0
0
0
0
62190
0
0
0
0
0
0
0
57014
0
0
0
0
0
0
0
0
0
0
0
0
0
0
0
0
0
0
0
0
0
0
43820
0
0
0
0
0
0
0
0
0
24967
0
0
0
0
39325
0
0
23
59893
0
0
0
0
0
0
0
0
0
0
0
0
0
0
0
0
0
0
0
0
0
0
0
0
0
0
0
0
0
0
0
0
0
0
0
18013
0
0
0
0
61500
0
0
0
0
0
0
0
0
0
0
0
0
0
50717
0
0
0
0
0
0
0
0
0
0
0
0
32882
0
0
0
0
0
0
0
0
0
0
123
0
445
0
0
0
0
0
0
0
0
0
0
0
0
0
0
0
0
0
0
0
0
0
0
0
0
0
0
0
0
0
0
0
0
0
0
0
0
0
0
0
51203
0
0
0
0
0
0
0
0
0
0
0
47177
0
0
0
0
0
0
0
0
55449
0
0
0
0
0
0
0
61737
0
0
0
0
0
0
0
0
0
0
0
0
0
0
0
0
0
0
0
0
0
0
0
0
0
0
0
0
0
0
0
0
49965
0
0
0
0
0
0
0
0
0
0
0
0
0
0
0
0
0
0
0
0
0
0
0
0
0
0
0
0
0
0
0
0
0
0
0
0
0
0
0
0
0
0
0
0
0
0
0
0
0
1911
0
0
0
0
0
0
0
0
0
0
0
0
0
0
0
0
0
0
0
0
0
0
0
0
0
0
59412
0
0
0
0
0
0
0
0
0
0
0
0
0
0
0
0
0
0
0
0
0
0
0
0
0
0
0
0
0
0
0
0
0
0
0
0
0
0
0
0
0
0
0
39960
11983
0
0
0
0
0
0
0
0
0
0
0
0
0
0
0
0
0
0
0
0
0
0
0
35562
0
0
0
0
0
0
0
0
0
0
0
0
0
0
0
0
0
0
0
0
0
0
0
0
0
0
0
0
0
0
0
0
0
0
0
0
0
0
0
0
0
0
0
0
0
0
0
54641
0
0
0
49172
0
0
0
0
0
0
0
0
0
0
0
0
0
0
21487
0
0
0
0
0
0
0
0
0
0
0
0
0
0
0
0
0
0
0
0
0
0
0
0
0
0
0
0
0
0
0
0
40703
0
0
0
0
0
0
0
0
0
0
0
0
0
0
0
0
0
0
0
0
0
0
0
0
0
0
0
0
50638
0
0
0
0
0
0
0
0
0
0
0
0
0
0
39013
0
0
0
0
0
0
0
0
0
0
0
0
0
0
0
0
0
0
0
0
0
0
1238
0
0
0
0
0
0
0
0
18126
0
0
0
0
0
0
0
0
0
0
0
0
0
0
0
0
0
0
0
0
0
0
0
0
0
0
0
0
0
0
0
0
0
0
0
0
0
0
0
0
0
0
0
0
0
445
0
0
0
0
0
0
0
0
0
0
0
0
0
0
0
0
51359
0
0
0
0
0
0
0
59624
0
0
0
0
0
0
0
0
0
0
0
0
0
0
0
0
0
0
37269
49155
0
63138
0
0
0
0
0
0
0
0
0
0
8136
0
0
0
0
0
0
0
0
0
0
0
14348
0
0
0
0
0
0
0
0
0
0
0
0
0
0
0
0
0
0
0
0
0
0
0
0
0
0
0
0
8306
0
0
0
0
0
0
0
0
0
445
0
0
0
0
0
0
0
0
0
0
0
0
0
0
0
0
0
0
0
0
0
0
0
34390
0
0
0
0
0
0
0
0
0
0
0
0
0
0
0
0
0
0
0
0
0
12067
0
0
0
0
0
0
0
0
0
0
59305
0
0
0
0
0
0
0
0
0
0
0
0
0
0
0
0
0
0
0
0
0
0
64503
0
0
0
0
0
0
0
0
0
42489
0
0
0
0
0
0
0
0
0
0
0
0
0
0
0
0
0
0
0
0
0
0
0
0
0
0
0
0
0
0
0
0
0
0
0
0
0
0
0
0
0
26629
0
0
54213
0
0
0
0
0
0
0
0
0
0
0
0
0
0
0
0
0
0
0
0
0
0
0
0
0
0
50172
0
0
53943
0
0
0
0
0
0
0
0
0
0
0
0
0
0
0
0
0
0
0
0
0
0
0
0
0
0
0
0
0
0
0
0
0
0
0
0
0
0
0
0
0
0
0
0
0
0
0
0
0
0
0
0
0
0
0
0
0
0
0
0
0
0
0
0
0
0
0
0
0
0
0
0
0
0
0
0
0
57606
0
0
23
0
0
0
0
0
0
59714
0
0
0
0
0
50508
0
0
0
0
0
0
0
0
0
0
0
47523
0
0
0
0
0
0
60706
0
0
0
0
0
0
0
15971
0
0
0
40708
0
0
0
0
0
26539
0
0
0
0
0
0
39271
0
0
0
0
0
0
0
0
0
0
0
0
0
0
0
0
0
0
0
0
0
0
0
0
0
0
0
0
0
0
0
0
0
0
0
0
0
0
0
0
0
0
0
58624
0
0
0
0
0
0
0
0
0
0
0
0
0
0
0
0
0
0
0
0
0
0
0
0
0
0
0
0
0
0
0
0
0
0
0
0
7375
0
62730
0
0
0
0
0
0
0
0
0
0
0
0
0
0
0
0
0
0
0
7784
0
0
0
0
0
0
33735
0
0
0
0
0
0
0
0
0
0
0
0
0
0
0
0
0
0
0
0
0
0
0
0
0
0
0
41302
0
0
0
0
0
0
0
0
0
0
0
0
52086
0
0
0
0
0
0
0
0
0
0
0
0
0
0
0
0
0
0
0
0
0
0
0
0
0
0
0
0
0
0
0
0
50464
0
0
0
0
0
0
0
0
0
0
33617
0
0
55919
0
30456
0
0
0
0
0
0
0
0
0
0
0
0
0
0
0
0
0
0
0
0
0
0
0
0
0
0
0
0
0
0
0
0
0
0
0
0
0
0
0
0
39610
0
0
0
0
0
0
0
0
0
0
0
0
0
0
0
0
0
0
0
0
0
0
0
0
0
0
0
0
0
0
0
0
0
0
0
0
0
0
0
0
0
0
53448
0
0
0
0
0
0
0
0
0
0
0
0
0
0
0
0
0
0
0
0
0
0
0
0
0
0
0
0
0
0
443
0
0
0
0
0
0
0
0
0
0
0
0
0
0
0
0
0
80
0
64763
0
0
0
0
0
59192
0
0
0
0
0
0
0
0
0
0
0
0
0
0
0
0
0
0
0
0
0
0
0
0
0
0
0
0
0
0
0
0
0
0
0
0
0
0
0
0
0
7220
0
2979
0
0
0
0
0
0
0
0
0
0
0
51760
0
0
0
0
0
0
0
0
0
0
0
0
0
0
50410
0
0
0
0
0
0
0
0
0
0
0
0
0
0
0
0
0
0
0
0
0
0
0
0
6690
0
0
0
0
0
0
39819
0
0
0
0
0
0
0
39645
0
0
0
0
0
0
49436
41234
0
0
0
0
0
0
0
0
0
0
0
0
0
0
0
55289
0
0
0
0
0
0
0
0
0
123
0
0
0
0
0
0
0
0
0
0
0
0
0
0
0
0
0
0
0
0
0
0
0
0
0
0
0
0
0
0
0
41338
0
0
0
0
33925
0
0
0
0
0
0
0
0
0
59473
0
0
0
0
0
0
0
0
0
0
0
0
0
0
37890
0
0
0
0
37054
0
0
0
0
0
0
0
0
0
0
0
0
0
0
0
0
0
0
0
0
0
0
0
0
0
0
0
0
0
0
0
0
0
0
0
0
57589
0
54838
28575
0
0
0
0
0
0
0
0
0
0
0
0
0
0
0
0
0
0
0
0
0
0
0
0
0
0
0
445
0
0
34204
0
0
48765
0
30522
0
0
0
0
0
0
0
0
0
0
0
0
0
0
0
0
0
0
0
0
0
0
0
23
46909
0
0
0
0
0
0
0
0
0
0
0
0
0
0
0
0
0
0
0
0
0
0
0
62853
0
0
0
0
0
0
0
0
0
0
0
0
0
0
0
0
0
0
0
0
1017
0
0
0
0
0
0
0
0
0
0
0
0
0
0
0
0
0
0
0
0
0
0
0
0
0
0
0
0
0
0
0
0
0
0
0
0
0
0
0
0
0
0
0
0
0
0
0
0
0
0
0
0
0
0
0
0
0
0
0
0
0
0
0
0
0
0
0
0
0
0
15797
0
0
0
0
0
0
0
0
0
0
0
0
0
0
0
0
0
47543
0
0
0
0
0
0
0
0
0
0
0
0
0
0
0
0
0
0
0
0
11572
0
0
0
0
0
0
0
0
0
0
0
0
0
0
0
0
0
0
51225
0
0
0
0
0
0
0
0
0
0
0
0
0
0
0
0
0
0
0
0
0
0
0
0
0
0
0
0
0
0
0
0
0
0
0
0
0
0
0
0
0
0
0
0
0
0
0
0
0
0
0
0
0
0
0
0
0
0
0
0
0
0
0
0
0
0
0
0
0
0
0
0
0
0
0
0
0
0
0
0
0
0
0
0
0
0
57842
0
0
0
0
0
0
45427
0
0
0
0
0
0
0
0
0
0
0
0
0
0
53
0
0
0
0
0
0
0
0
0
0
0
0
0
0
0
0
0
0
0
0
0
0
0
0
0
0
0
0
0
0
0
0
0
0
0
0
0
0
0
50945
0
0
0
0
0
0
0
42020
0
0
20262
0
0
0
0
0
44422
0
0
0
0
0
0
0
445
0
0
0
0
0
53533
0
0
445
0
0
0
0
0
0
0
0
0
0
0
0
0
0
0
0
0
0
0
0
0
0
0
0
0
0
0
0
0
0
0
0
65327
0
0
0
0
0
0
0
0
0
0
0
0
2375
0
0
0
0
0
0
0
0
0
0
0
0
0
0
0
0
0
0
49936
0
0
0
0
0
0
0
0
49673
0
0
0
0
54312
0
0
0
0
0
0
0
0
0
0
0
0
0
0
0
0
0
0
0
0
0
0
0
0
0
0
0
56713
0
0
0
0
0
0
0
0
0
0
0
0
0
0
0
0
0
0
0
0
0
50364
6702
0
0
0
58303
0
0
0
0
0
0
0
0
0
0
0
0
0
0
0
0
0
0
51739
0
0
0
0
0
0
0
0
0
0
0
0
0
0
0
0
0
0
0
0
0
0
0
0
0
0
0
0
0
0
0
0
0
0
0
0
0
0
0
0
38704
0
0
0
0
0
0
0
0
0
0
0
0
0
0
445
0
0
0
0
0
0
0
0
0
0
0
0
0
0
0
0
0
0
0
0
0
0
0
0
0
0
0
0
0
0
0
0
0
48836
0
0
0
53818
0
0
0
0
0
0
0
0
33521
0
0
0
0
0
0
0
0
0
0
0
0
0
0
0
0
0
0
0
0
0
0
6881
0
0
2223
0
0
0
0
0
0
0
0
0
123
0
45998
0
0
0
0
0
0
0
0
0
0
56676
0
0
38704
0
0
47748
0
0
0
0
0
0
0
0
0
0
0
0
0
0
0
0
0
0
0
0
0
0
0
0
0
0
0
0
0
0
0
0
0
0
0
0
0
0
0
0
0
0
0
0
0
0
56341
0
0
59126
0
0
0
0
0
0
0
0
0
0
0
0
0
0
0
0
0
0
0
0
0
0
0
0
0
0
0
0
0
0
0
0
0
0
0
0
0
0
0
0
0
0
0
0
0
0
0
0
0
0
0
0
39178
0
0
0
0
0
0
0
0
0
0
0
60507
0
0
0
0
0
19871
0
0
0
0
0
0
0
0
0
0
0
0
0
0
0
0
0
0
0
0
0
0
0
0
0
0
0
0
0
0
0
0
0
0
0
0
0
0
50635
0
0
0
0
0
0
0
0
0
0
0
0
0
0
0
0
0
0
0
0
0
0
0
0
0
0
0
45237
0
0
0
0
0
0
0
0
0
21145
0
0
38756
0
0
8595
0
0
0
0
0
0
0
0
0
0
0
0
52125
0
0
0
0
12362
0
0
0
0
0
0
0
0
0
0
0
0
0
0
0
0
0
0
0
0
0
0
0
0
0
0
0
0
0
0
0
0
0
0
0
0
0
0
0
55499
0
0
0
0
0
0
0
0
0
0
0
64203
0
0
0
0
0
0
0
0
0
445
0
0
0
0
0
0
0
0
0
0
0
0
0
9050
0
0
0
54958
0
0
0
0
0
0
0
0
0
0
0
0
0
0
0
0
0
0
0
0
0
0
0
0
544
0
0
0
0
0
0
0
0
0
0
0
0
0
0
0
0
0
0
0
0
0
0
0
0
0
0
29558
0
0
0
0
57591
0
0
0
0
0
0
0
0
0
0
0
0
0
11020
0
0
0
0
0
0
0
0
0
0
0
0
0
0
0
0
0
0
0
0
0
0
0
0
0
0
0
0
0
0
0
0
0
0
0
0
0
33335
0
0
0
0
0
0
0
0
0
0
0
63814
0
65007
0
21
0
0
0
0
0
0
34769
0
0
0
0
0
0
47247
0
0
0
0
0
0
0
0
0
0
0
0
0
0
0
0
0
0
0
0
0
0
0
0
0
0
0
0
0
0
0
0
11047
0
0
60589
0
0
0
0
0
0
0
0
0
27022
0
0
0
0
0
0
0
0
0
0
0
0
52222
0
31201
64138
24544
0
0
0
0
0
34814
0
0
37652
0
0
0
0
0
0
0
0
0
60571
0
54848
0
0
0
0
0
0
26336
0
0
0
0
0
0
0
0
0
0
57261
0
0
0
0
0
0
0
0
0
0
0
0
0
0
0
0
0
0
0
0
0
0
0
0
0
0
0
0
0
0
0
0
35423
0
0
0
0
0
0
0
0
0
0
0
0
0
0
0
0
0
0
0
0
0
0
0
0
0
0
0
0
0
0
0
0
0
0
0
0
0
0
0
0
0
0
0
0
0
0
0
0
0
0
0
0
0
0
0
0
0
0
0
0
27588
0
0
0
0
0
0
0
0
0
0
0
0
0
0
0
0
0
0
0
0
0
33105
0
0
0
0
0
0
0
0
0
0
0
0
0
0
0
53492
0
0
2099
0
0
0
58248
0
0
0
0
0
42796
0
0
0
0
0
0
0
0
0
0
0
0
5601
0
33441
0
0
0
0
0
0
0
0
0
0
0
0
0
0
0
0
0
0
0
0
0
0
0
0
0
0
0
0
0
0
0
0
0
0
0
0
0
0
0
53465
0
0
0
0
0
0
0
0
0
0
0
0
0
0
0
0
0
0
0
0
0
0
0
0
0
0
0
0
0
0
0
0
0
0
0
0
0
0
0
445
0
0
0
0
0
0
0
0
0
0
0
0
48187
0
0
0
49070
0
0
37006
0
0
0
0
0
0
0
0
0
0
0
0
0
0
0
0
0
0
0
0
0
0
0
0
0
0
0
0
0
0
0
0
0
0
0
0
0
0
0
27835
0
0
0
0
0
0
0
0
0
0
0
0
0
0
0
56936
0
0
0
0
0
0
0
0
0
0
0
0
0
0
0
0
0
0
44125
0
0
0
0
0
0
0
0
0
0
0
0
0
0
0
0
0
0
0
0
0
0
0
0
0
0
0
43892
0
0
0
0
0
0
0
0
0
0
0
0
0
0
0
0
0
0
0
0
0
0
0
0
0
0
0
0
0
0
0
0
0
0
0
0
0
0
0
0
53753
0
0
0
0
0
0
0
0
0
0
0
0
0
0
0
0
0
0
0
0
0
0
0
0
1620
0
0
0
0
0
0
8315
0
0
0
0
0
0
0
0
0
0
0
0
0
0
0
0
0
0
0
0
0
0
0
0
0
0
0
0
0
0
0
0
20038
0
0
0
0
0
0
0
0
0
35521
0
0
0
0
0
0
0
0
0
0
0
0
0
0
0
0
0
60579
0
17646
50879
56971
0
0
0
0
0
0
22
0
0
0
0
0
0
0
0
48662
0
0
0
0
0
0
0
0
0
0
0
24071
0
0
0
0
0
0
0
0
0
0
0
0
0
0
0
0
0
0
0
0
0
0
0
0
0
0
0
0
0
0
0
0
0
0
0
0
0
0
0
0
0
0
0
0
0
0
0
0
0
0
0
0
0
0
0
0
0
0
0
0
0
0
0
0
0
0
0
0
0
0
0
0
0
0
0
0
0
0
0
0
0
33392
0
0
0
0
0
0
0
0
0
0
0
0
0
0
0
0
49697
0
0
0
3389
0
0
0
0
0
0
0
0
0
0
0
0
0
0
0
0
0
51253
0
0
0
0
34573
0
0
0
0
0
0
0
0
0
52373
0
0
0
0
0
0
0
0
0
0
0
0
0
0
0
0
0
0
0
0
0
50747
50692
0
0
0
0
0
0
0
0
0
0
0
0
0
0
0
0
0
0
0
0
0
0
0
0
0
0
0
0
0
0
0
0
0
0
0
0
0
0
0
0
0
0
0
0
0
0
0
0
0
0
0
0
0
35388
0
0
0
0
0
0
0
0
0
0
0
0
0
0
0
0
0
0
0
0
0
0
0
0
0
35560
0
0
0
0
0
0
0
0
0
0
0
0
0
0
0
0
0
0
0
0
0
0
0
0
0
0
0
0
0
0
0
0
0
0
0
0
0
0
0
0
0
0
0
0
0
0
0
0
0
0
0
0
0
0
0
0
0
0
8355
0
0
0
0
0
0
0
0
51788
0
0
0
0
0
64152
0
56507
0
0
0
0
0
0
0
51441
0
0
0
0
0
0
0
0
58673
0
0
0
0
0
0
0
0
0
0
0
0
0
0
0
0
0
0
0
0
0
0
0
0
0
0
0
0
0
0
0
0
0
0
0
0
0
0
0
0
0
0
0
0
0
0
0
0
0
0
0
0
0
0
0
0
0
0
0
0
0
0
0
0
0
0
0
0
0
0
0
0
49057
0
0
0
49564
0
0
0
39088
0
0
0
0
0
0
0
0
0
0
0
0
0
0
0
0
0
0
0
0
61250
0
0
0
0
0
0
0
445
0
0
0
0
0
0
0
0
0
0
0
28620
0
0
0
0
0
13605
0
0
0
0
0
0
0
0
0
0
0
0
48654
0
0
0
0
0
0
0
0
0
0
0
0
0
0
0
0
0
0
0
0
59333
0
0
0
0
0
46779
0
0
0
0
0
0
0
0
0
0
0
0
0
0
0
61015
0
0
0
0
0
0
0
0
0
0
0
0
0
37126
0
0
0
0
0
0
0
0
0
0
0
0
0
0
0
0
0
0
0
0
0
0
0
0
0
0
0
0
0
0
0
0
0
0
0
6681
0
0
0
0
0
0
0
0
0
0
0
0
52892
0
0
0
0
0
0
0
0
0
0
0
0
0
0
0
0
0
0
50420
0
0
0
0
0
0
0
0
0
0
0
0
0
0
40314
0
0
37810
0
0
0
0
2194
0
0
0
0
0
0
0
0
0
0
0
0
0
0
0
0
0
0
0
0
0
42106
0
0
0
50577
0
0
0
0
0
26256
0
0
0
0
0
0
0
0
0
36232
0
0
0
0
0
0
0
0
0
0
0
0
0
0
0
0
0
63185
0
0
0
0
0
0
0
0
0
0
0
0
0
0
0
0
0
0
0
0
0
0
0
0
0
0
0
0
0
0
0
0
0
0
0
0
0
0
0
0
0
0
0
0
0
0
0
0
0
0
0
0
0
44509
0
0
0
0
0
0
0
0
0
0
0
0
37235
0
47071
0
0
5748
0
0
0
0
0
0
0
0
0
0
0
0
0
0
0
0
0
0
0
0
0
0
0
0
0
0
0
0
0
0
0
0
0
0
51913
0
0
0
45641
0
0
0
0
0
0
0
0
0
43395
0
0
0
0
1027
0
0
0
0
0
0
0
0
0
55009
0
0
0
0
0
0
0
0
0
0
0
0
0
0
0
0
0
0
0
0
0
0
0
0
0
0
0
0
0
0
0
0
0
0
0
59650
0
0
0
0
0
0
0
0
0
35656
0
0
0
0
0
0
0
0
0
0
0
0
0
0
0
0
0
0
0
0
0
0
0
0
0
0
0
0
0
0
0
33924
0
0
0
0
0
0
0
0
0
0
0
0
0
0
0
445
0
445
0
0
0
0
0
0
0
0
0
0
0
0
0
0
0
0
0
0
0
0
0
0
0
0
0
43028
0
0
0
0
0
0
0
0
0
0
0
0
0
0
0
0
0
0
4013
0
0
52509
0
0
0
0
0
0
0
0
0
0
0
0
0
0
0
0
0
0
0
0
0
39861
0
0
0
22939
0
0
0
0
62508
0
0
0
0
0
0
0
0
0
0
0
0
0
0
0
0
0
0
0
0
0
0
0
0
0
0
0
0
0
0
44548
1025
0
0
0
0
0
0
0
0
28535
0
0
0
0
0
0
0
0
0
0
0
0
0
0
0
0
0
0
0
0
9637
0
0
0
0
0
0
0
0
0
0
0
0
0
0
0
0
0
0
0
0
0
0
0
0
0
0
0
0
5360
0
0
47643
0
0
0
3395
0
0
0
0
0
0
0
0
0
0
0
0
0
0
0
0
0
0
0
0
0
0
0
0
0
0
0
0
0
62460
0
0
0
0
0
0
0
0
0
0
0
0
0
0
0
0
0
0
0
0
0
0
0
31206
0
0
0
0
0
0
0
0
0
42595
0
0
0
0
0
0
0
0
0
0
0
0
0
0
0
34346
0
0
41934
0
0
0
0
0
0
0
0
42648
0
0
0
0
0
0
0
0
0
0
0
0
50290
0
41750
0
0
0
0
0
0
0
0
0
0
0
0
0
0
37011
0
0
0
0
0
0
0
0
0
0
0
0
0
0
0
0
0
0
0
0
0
0
0
35552
0
0
0
0
0
0
7314
0
0
0
445
0
0
0
0
0
0
0
0
0
0
0
0
0
0
0
0
30388
0
58735
0
0
0
0
0
0
0
0
0
0
0
0
0
0
0
0
0
0
0
0
0
60754
0
0
0
0
0
0
0
0
0
0
0
0
0
25663
0
0
0
0
0
0
0
0
0
0
0
0
0
0
41450
1871
0
0
0
0
0
0
0
0
0
0
0
0
0
0
0
0
0
0
0
0
0
0
0
0
0
0
0
0
0
0
0
0
0
0
0
0
0
0
0
0
0
0
0
0
28486
0
0
0
0
0
0
0
0
0
0
0
57124
0
0
0
23
0
0
0
0
0
0
0
0
0
0
0
0
0
0
0
0
62345
0
0
0
0
0
0
0
0
0
0
0
37869
0
0
0
0
0
0
0
0
0
0
0
0
0
0
0
0
0
20444
0
0
0
3389
0
0
0
0
0
0
0
0
0
0
0
0
0
0
0
0
0
0
0
0
0
0
0
0
0
0
0
0
0
0
0
0
0
47817
0
0
0
0
0
0
0
0
0
0
0
0
0
0
0
0
0
0
0
0
0
0
0
0
0
0
0
0
0
47302
0
0
0
0
0
0
0
0
0
0
0
0
0
0
0
0
0
0
0
0
0
0
0
0
0
0
0
0
0
0
0
0
0
0
0
0
3389
0
0
0
0
0
0
0
0
0
0
0
0
0
0
0
0
0
0
0
0
0
0
4989
0
445
0
0
0
37427
0
0
0
0
0
0
0
0
0
0
0
0
0
0
0
0
0
0
0
0
0
0
0
0
0
0
0
0
0
0
0
0
0
0
0
0
0
0
0
0
0
0
0
0
0
0
0
0
0
0
0
0
0
49917
0
0
0
0
0
0
0
0
0
0
0
0
0
0
0
12839
0
0
0
0
0
0
0
0
0
0
123
0
0
0
0
0
0
0
0
0
0
0
0
0
0
0
0
0
0
0
0
0
0
0
0
0
0
0
0
0
0
0
0
0
0
0
0
0
0
0
0
0
0
0
0
0
44126
0
0
0
0
0
0
0
0
0
0
0
0
0
0
0
0
0
0
0
443
0
0
0
0
0
0
0
0
0
0
0
0
0
0
0
0
0
0
0
0
0
0
0
0
0
0
0
0
0
0
0
0
0
0
0
0
0
0
0
0
0
0
0
0
0
0
0
0
47869
62114
0
0
0
0
0
0
0
0
0
0
0
0
0
0
22002
61347
0
0
0
0
0
0
0
0
0
0
0
0
0
0
0
0
0
0
