[2458516594, 4294967295, 10004]
[2232265216, 4294967295, 50209]
[3851924143, 1150157847, 7952]
[868364137, 4294967295, 80]
[827260817, 3450657765, 65535]
[2593498869, 1150167426, 65535]
[1580680037, 2568623673, 65535]
[1478895811, 4294967295, 13692]
[2497500410, 1512238063, 65535]
[2500522338, 3149676664, 65535]
[580734968, 1066650366, 65535]
[1477618938, 4294967295, 42308]
[3045751257, 3183667943, 123]
[3901941479, 4294967295, 49654]
[3096584654, 4294967295, 59991]
[931256014, 4294967295, 46816]
[2191096105, 3463482347, 44010]
[797599033, 1150157824, 65535]
[3222540182, 1066650543, 65535]
[3890393731, 4294967295, 33242]
[3338990481, 1150217754, 65535]
[2595885454, 1041642206, 65535]
[1484632134, 803057554, 3281]
[3893175831, 4294967295, 7713]
[3901941396, 4294967295, 52480]
[3096887492, 4294967295, 52752]
[665702258, 4294967295, 13018]
[3259905959, 4294967295, 50450]
[4053683189, 1046164326, 65535]
[2468608663, 4294967295, 49166]
[1523546202, 2131276977, 65535]
[1053941592, 4294967295, 80]
[900218517, 4294967295, 25444]
[960318186, 4294967295, 49522]
[776426382, 549537809, 80]
[756221612, 4294967295, 58835]
[1063820165, 4294967295, 80]
[2247093524, 4294967295, 80]
