2618
1037
1095
1792
1740
737
1844
4068
676
1236
434
1650
417
2311
2466
1233
4154
1076
707
9366
969
2764
443
925
481
461
1728
3176
954
308
2261
1020
764
3150
1243
2540
3278
1918
484
948
791
297
695
846
4502
4172
874
1883
1805
2357
2193
6866
610
3785
800
681
433
1524
2014
467
2953
1383
435
2872
1055
1577
1454
727
2108
900
872
1571
786
1674
1303
454
681
1212
6297
626
4012
526
10292
951
741
552
867
627
3120
840
719
769
1576
1140
985
681
430
2707
1036
1324
3214
1803
10636
929
883
1521
1107
776
1845
6920
776
780
1272
1353
1964
380
1900
1361
1591
1242
1057
553
1587
1192
1030
877
661
832
3853
1282
718
1993
1232
4973
319
1237
1287
525
4450
1231
481
1561
602
2302
853
442
950
1725
1167
4500
2806
1261
1271
858
922
1691
843
12851
397
1288
770
1076
1956
955
2237
556
813
1110
2384
869
1337
1321
1701
2208
473
2904
444
913
1320
3077
715
1798
1215
3603
1714
1122
805
803
1965
2272
1284
923
4213
781
7182
5329
1631
476
3001
1442
1231
2127
700
1812
1086
2052
1302
928
1278
2678
456
935
1726
1685
5718
553
3488
1870
1638
982
583
1294
2490
1865
2038
8779
1153
1241
1578
1100
854
1225
1270
1614
2860
1114
1958
632
1174
1211
727
512
7029
833
1040
509
1280
1569
1500
1557
7050
616
3781
1225
1122
1221
2509
4355
1617
726
1941
1666
1801
508
625
1074
868
895
2632
379
5048
792
1644
1583
2457
1027
869
499
1049
1646
1342
909
2045
672
2760
802
4190
2667
563
845
2162
990
519
2210
2905
1810
1674
1453
822
552
2414
4297
1969
1528
1298
3376
1830
886
991
3374
768
2861
1048
916
777
470
1176
2715
773
1092
428
1643
722
557
481
1001
1831
1641
3675
1052
927
1681
2041
1824
718
981
3564
3415
1187
1004
2212
1429
2321
2638
2018
2782
7401
735
559
2205
5169
967
2768
1122
3824
1754
2590
1122
1025
686
1104
1390
1205
1907
898
441
601
1311
1044
958
982
3129
2433
857
1578
2271
2204
3103
2226
11696
3598
1780
926
983
884
974
729
1165
3786
1063
4261
2594
1800
1298
2976
990
1411
2076
1391
985
679
2810
1247
357
10167
2452
2142
1276
1252
893
1332
3653
1766
2076
2798
2381
2863
3814
2489
892
1292
2072
3420
833
6315
799
1392
5021
1227
778
1567
1085
412
1558
2929
2817
7504
1720
2443
2570
3090
1248
391
749
853
985
786
438
2170
1401
922
619
1178
3641
841
1606
1719
689
3520
809
2595
603
1266
636
825
6808
4422
1019
1432
1666
1915
5389
4723
2633
2004
483
1096
922
315
689
1870
1286
923
1370
1537
542
571
967
1873
1443
1138
1896
1239
2076
1117
2118
6315
1838
1223
512
2150
1381
3860
727
826
1277
1038
2100
1137
5363
638
2215
1055
1103
612
954
2522
1136
533
591
2079
6170
667
3426
818
1643
991
2275
1732
2562
849
7361
1848
843
9619
1833
2330
2093
8410
695
2091
1032
552
2181
1007
979
2020
990
1778
537
1199
1341
3905
1338
730
3890
1634
8568
998
2794
1065
913
2474
870
1408
943
802
431
363
582
1891
1809
2889
781
2251
1869
941
3037
6435
5944
1215
626
1195
2782
3378
861
961
2650
1466
4669
5107
8360
619
1069
659
1209
2440
2420
762
539
1628
763
1467
1530
1570
401
957
1879
490
1829
2646
516
3677
2284
2088
597
2372
1537
433
1174
3729
544
10096
7262
2812
2035
1435
10248
896
1039
2883
1673
2909
1432
523
339
1328
743
1202
879
1439
1204
2229
2117
518
938
838
880
744
1261
1189
911
2775
739
1495
761
3515
1303
1209
434
1992
4432
10427
2096
1117
2022
1167
704
699
878
1231
1257
746
1104
1157
3534
2833
680
500
1623
4869
1380
2473
2410
3669
670
714
853
974
2154
2396
644
1286
1081
1279
1712
4261
492
871
668
1680
1127
619
4086
3466
1244
465
544
1070
4099
1613
6855
1779
1150
1078
1803
989
476
1928
1749
1255
1170
1508
2068
3062
949
1017
1796
1463
2469
1337
745
2258
1554
2094
968
1202
1162
1999
731
2022
1899
868
871
2187
2776
1392
9989
828
2145
698
274
9529
639
2748
436
1853
3441
612
4594
1394
556
1529
1142
2874
2453
933
2554
5209
876
836
1035
1040
15680
1514
1400
1892
1041
731
1075
1455
2185
1144
10810
1978
3975
1234
4094
454
3899
885
534
578
725
4245
1117
2150
1308
1355
1129
1175
4706
929
695
2951
1831
3273
847
1310
2146
1695
5774
555
879
4647
967
323
3582
553
1652
715
674
4589
1308
1976
2847
2654
1420
677
1191
642
904
2258
1685
2830
2372
1233
802
3085
651
2189
1506
1493
1470
712
845
777
909
3570
787
705
1555
1079
336
4667
1235
2099
1836
1017
1227
1016
2601
867
582
369
3139
1218
722
702
1405
1764
2357
3792
3764
634
1017
1034
1094
1099
527
1519
669
704
6419
918
3450
584
1445
1198
959
2849
3470
2258
10118
1228
795
1014
1247
527
490
3245
1157
787
1375
1031
973
1190
756
704
476
1389
1120
625
1031
467
329
4828
1121
1439
1661
1107
3582
3430
759
1251
532
2530
427
1410
956
16086
908
842
574
1976
1023
2634
1787
1158
3700
1174
1579
1015
617
1011
1315
1079
975
2554
2544
1340
510
812
2350
971
5946
1911
742
1330
1251
706
1590
1002
3236
2092
717
1853
3510
1557
1261
756
11567
865
4744
971
1802
4277
1817
1684
2048
2807
1435
984
877
2316
870
1489
10261
1182
596
1720
1218
1137
14355
413
4942
598
902
793
1357
1116
3148
2956
1204
708
532
655
1968
561
809
641
1983
450
7560
1139
1730
3491
1894
1025
2888
2741
3070
785
2329
2062
2121
5188
553
1286
1777
1045
2474
583
949
1982
1073
905
1268
1123
459
1599
1161
809
4918
1308
874
5456
553
1680
2406
804
702
720
752
1131
915
2790
5382
5106
3236
13049
2167
3292
2208
1392
2573
843
979
2592
1818
834
1325
2058
809
910
711
1707
1540
590
859
2446
8542
6473
2280
1577
2675
2131
1375
2219
1454
1186
7191
589
3258
1816
1725
6694
1549
9830
5382
2219
1690
4258
695
1570
2407
376
480
14841
768
6917
961
3372
828
626
690
918
587
2784
6296
2001
1068
754
1383
2190
1710
1347
6794
3075
474
4124
7010
624
1234
763
2512
727
1303
718
834
2003
432
1253
5425
1264
738
1646
1518
1884
2914
1636
632
2239
756
1133
5290
682
821
1371
892
901
3516
1245
670
1358
1383
2767
5809
4574
1298
6645
1327
580
3294
1483
403
834
555
3340
877
623
722
1374
1245
1243
698
1163
4346
3258
1124
678
2550
713
520
947
1095
771
809
1307
2043
1134
1565
4203
3072
862
865
4501
3884
2031
1356
2473
3335
10518
748
1062
428
616
1421
1437
1279
1073
1867
572
470
1239
298
2695
1818
421
407
518
617
569
5937
1135
2513
324
2526
2330
2000
3993
1908
2331
623
4509
2026
4881
2937
603
914
2370
1180
1807
2643
2219
1734
911
1117
833
885
1972
1558
1185
2383
3539
2374
933
824
4419
670
1054
1558
2976
334
809
3542
13265
900
1329
1720
722
815
2928
6015
1447
742
6841
1376
2103
1606
723
602
2050
1961
955
607
4284
793
1414
1714
830
10591
3590
10064
1969
2324
1036
1750
483
305
1512
3190
542
2952
703
1345
2995
976
841
1384
1235
1481
1276
6181
388
1290
3715
633
1736
2276
2055
1131
948
2848
3470
2114
1188
1233
988
890
1362
4998
608
432
931
1652
339
721
1518
1103
1702
2836
1237
751
568
4238
772
662
2419
2215
1081
677
3215
1696
570
639
1535
1071
1178
10579
888
980
2199
2959
2943
1285
2046
2812
4080
3064
541
1748
1691
727
2197
1637
479
599
1161
1223
938
1365
1360
3540
2375
911
1604
1102
799
4761
1482
1781
7144
633
2618
2998
8155
1674
1276
867
10046
828
1429
1726
714
493
596
1117
3587
1179
824
950
980
3556
700
397
811
3246
2523
1792
1913
11140
2066
3833
545
1117
2909
4504
1196
524
867
745
1477
1117
2096
843
1559
2183
16529
1511
449
744
1053
1352
1368
1443
854
2466
1215
1453
869
906
3934
1810
497
1468
3234
2318
1401
28835
3048
3953
1152
1328
2842
3143
664
1122
937
1433
1223
1243
969
3479
1014
851
999
1137
798
2913
645
1457
2410
1498
1382
1049
2876
563
2318
1043
641
1610
1696
1399
1199
1379
1390
3167
758
22527
2374
939
6600
1410
787
2832
1119
7168
918
4866
11201
471
877
1766
776
675
817
1570
1081
593
453
1156
2416
2064
12949
785
1831
340
3763
3381
973
3921
3671
1399
5423
742
2064
1752
1703
1621
6015
1189
3040
3523
1564
611
2181
1121
518
428
1230
1108
2635
1244
1132
1410
1234
731
680
510
816
11222
3628
2358
2256
701
1075
1340
9980
1258
2439
457
1980
2272
1547
4722
915
891
456
1866
679
978
744
1439
1082
981
1928
1173
2394
597
2768
3994
679
16245
5967
1155
4380
973
3518
3811
1858
812
1377
1241
2326
734
1888
1122
1071
1673
3456
1866
1770
813
1185
5758
2998
1277
2261
586
4296
660
2751
1546
635
1034
1524
472
3399
3376
1812
3827
839
2556
1248
1855
2179
1804
1875
1099
2616
1041
671
2711
1135
614
541
1740
1245
1774
6766
408
922
3479
942
2880
2010
2379
973
5761
8034
907
2093
10339
1467
3317
2758
478
2097
5385
502
920
2058
1203
1700
1337
669
3745
3810
3244
2008
3794
1343
2958
3135
974
467
708
1785
1649
5200
420
675
662
2327
2882
1751
919
632
962
3742
4082
1150
642
2451
781
1888
2797
1012
1013
704
905
1362
701
2088
1901
1122
2718
555
2351
76127
1643
1788
453
2375
4168
895
3555
552
19781
888
975
2230
664
1428
3949
12161
975
1288
1033
12494
295
5743
599
699
2412
486
3070
1304
740
3386
588
1266
399
2849
1543
6920
396
2477
1909
3196
777
1767
1537
2957
931
665
1188
1126
1901
2730
1696
3297
3714
6493
1582
476
647
4008
9607
667
2725
613
1070
1094
1533
2974
3028
1245
805
624
874
2131
723
561
496
2823
1169
1809
1748
10571
2284
1348
1906
798
15455
773
1734
954
662
894
2588
1262
398
3157
687
834
1156
1034
907
2655
1458
529
927
1708
630
3005
1985
856
693
2504
1685
625
1099
4263
936
4445
4198
2848
967
1237
4273
2665
1303
1013
871
1038
392
2160
1123
1550
397
1475
3810
3860
903
727
621
1359
630
897
332
2002
10872
4059
2562
1035
3743
855
5843
812
606
1001
2125
842
469
1468
704
5187
1779
603
1288
1534
1744
5302
527
3528
1502
7493
1743
836
1929
2815
1300
6618
600
864
2051
871
1009
1698
2166
1290
3955
1861
1726
5053
4727
4735
735
530
852
790
1285
740
2430
1081
1774
1459
2225
582
796
6379
3264
9407
595
1146
3096
5831
640
689
1468
1143
2258
1418
638
750
693
649
985
1634
1177
5277
1062
3047
623
2536
556
2198
1383
825
2401
5114
948
1434
2406
913
594
357
694
2710
1822
1951
1660
5879
3955
885
1359
1135
1124
4433
1211
1008
1148
1235
1118
623
1352
1081
924
605
1355
979
1228
4056
1182
473
902
635
1153
526
1513
3428
874
642
658
654
2657
1560
24455
1936
714
892
1434
1502
1888
4371
744
834
709
556
3359
1038
1067
1463
3129
1417
2698
1350
1668
761
478
3086
647
322
3350
6550
4877
3291
2344
1078
3385
989
731
552
1002
2781
2331
1369
816
841
931
1251
316
904
924
973
933
501
406
265
1249
335
861
1088
606
262
215
180
382
725
713
351
5338
6033
259
605
208
1514
555
711
159
304
265
596
806
2492
531
2903
297
1126
392
2279
386
386
259
1832
500
315
183
297
603
512
534
6882
911
244
315
879
399
197
219
2579
760
357
351
372
1206
486
171
523
1405
623
1737
1222
307
988
1040
10470
280
236
2181
378
487
388
170
2467
3324
1424
93
1358
1824
192
1282
141
350
532
336
282
5227
532
691
1546
1366
298
1635
733
516
2636
286
525
1363
521
2211
269
386
261
195
313
165
410
824
434
249
326
454
870
651
836
125
544
370
4857
1127
236
148
310
951
2896
202
2817
587
3260
589
422
489
331
347
1115
378
218
870
300
203
334
809
291
324
380
328
293
424
142
862
6316
1184
468
306
241
753
733
292
581
443
2765
1490
669
897
984
2099
1184
314
378
450
404
1803
293
517
326
740
674
596
1349
1136
2112
225
325
800
922
691
304
1455
557
760
227
390
509
310
10518
279
509
2471
1667
1852
470
272
257
14443
16103
251
843
706
1387
702
406
140
3848
305
832
650
1827
603
478
368
605
225
3181
606
196
132
1237
3768
840
245
2080
873
966
925
1306
970
2315
1958
210
440
439
1295
234
321
3059
663
1039
1153
535
228
580
653
380
202
595
525
200
1180
2305
1408
126
529
2249
859
486
5591
1098
368
647
2132
140
503
267
4509
369
1887
211
597
197
3246
317
656
347
495
413
1906
200
197
1777
1541
306
264
2090
485
2018
896
118
465
2885
685
149
196
826
1310
288
1163
752
15020
174
233
1072
349
988
5973
810
180
2584
251
567
512
1132
257
2596
232
185
737
223
468
245
492
238
455
1840
544
997
423
394
461
443
477
1528
8662
2529
372
246
650
490
825
636
200
285
312
258
320
3688
679
224
681
1212
341
6028
341
757
759
234
4711
396
2662
1126
753
478
1412
418
215
606
916
790
586
223
1091
1181
765
358
2349
1611
399
200
252
3089
1714
7853
929
692
1338
907
1046
1023
281
542
1199
2536
3854
143
266
312
623
187
387
2854
808
251
6609
348
168
688
376
547
204
272
713
1099
263
1278
235
530
967
363
461
3045
508
14645
4744
373
1653
3958
146
791
2624
534
837
208
347
2787
731
211
301
692
443
311
1039
1757
423
1508
877
2280
502
1364
446
347
525
786
359
341
328
206
1042
2507
356
1031
229
829
283
1688
828
327
132
3118
4424
555
1455
300
254
171
1443
419
3299
2351
1158
241
361
1060
455
672
876
179
670
602
581
110
206
456
327
307
146
257
314
2186
328
377
209
1249
727
444
1784
251
530
376
586
1052
459
533
800
1333
281
649
219
434
381
270
192
593
2993
320
724
513
246
1369
244
343
191
262
847
477
112
373
401
216
1693
546
1128
326
189
269
7430
1187
1489
390
380
428
224
239
445
480
1138
3829
239
318
338
762
1316
397
1489
445
600
222
1526
1305
1130
1180
210
1489
973
487
1778
810
288
216
355
99
220
828
935
362
257
462
159
1229
813
347
1070
253
1425
525
259
1072
425
7777
799
760
260
322
359
395
2007
354
253
440
1045
625
194
1632
978
348
436
487
1147
1046
778
196
1558
330
557
457
696
22012
226
1095
847
825
3384
381
786
883
274
4461
193
218
300
180
1750
497
271
1199
405
203
557
237
266
217
1023
359
1288
402
651
283
836
1056
7110
1429
163
533
3835
160
1562
2845
1112
341
168
1424
1796
838
371
438
1560
163
414
481
1211
616
1263
437
705
1684
1088
1262
842
365
1394
1847
1718
321
513
1771
494
368
1690
1124
927
323
269
696
947
6235
308
234
373
647
489
291
546
202
1456
551
600
2971
309
583
563
783
376
1706
158
1924
285
2403
230
476
750
360
771
370
334
627
285
184
163
1516
329
211
1223
196
379
198
1761
995
330
1428
1003
975
1129
292
4759
1137
3074
376
1152
1166
1416
545
571
155
7529
1048
576
2667
268
300
786
299
422
341
644
715
478
2018
1526
339
2090
859
999
243
296
866
220
881
469
248
773
711
527
525
381
313
640
771
277
590
420
406
304
1139
219
361
1177
1040
310
344
466
3405
383
3277
1012
193
166
227
571
247
456
374
202
596
644
496
429
1289
532
392
135
2913
1175
475
3923
672
172
1585
1150
1941
249
590
375
723
2074
183
140
382
1682
1338
1509
183
397
474
441
893
305
169
478
249
231
1161
1071
139
14075
520
277
4285
1022
403
492
2740
243
420
406
664
1134
1894
337
555
281
794
3197
3235
2556
622
528
2171
1007
778
288
284
444
192
411
339
1092
2347
288
407
181
659
805
349
205
269
176
3118
495
486
1136
239
282
603
1179
1419
346
413
348
207
257
539
297
327
1625
788
213
372
1995
246
202
3838
293
297
974
2665
1523
250
1159
2084
410
353
3008
341
449
3057
617
224
259
610
4733
168
864
959
720
430
271
304
438
317
1954
3107
5083
399
1290
445
562
517
483
292
458
1065
276
1118
680
832
3133
151
155
683
201
680
692
686
459
338
2238
775
2255
1507
363
402
514
1058
647
321
285
494
325
210
187
540
985
171
418
654
2162
3627
398
1504
125
2429
647
252
282
634
673
122
194
681
947
862
288
458
3311
400
680
298
1149
327
827
1693
6267
1116
247
1012
872
666
299
721
933
1392
397
196
2017
479
293
196
317
3571
608
904
1243
505
273
5271
342
512
198
530
339
1094
1666
512
783
693
1587
1096
4097
163
178
341
2266
433
662
257
618
723
485
258
272
331
3146
883
545
1280
1036
591
123
257
215
781
655
912
537
2592
1326
513
573
394
10392
1788
511
376
175
224
546
557
444
259
262
217
208
2372
901
407
1594
331
1418
644
521
777
330
1673
632
1165
567
3195
395
2082
349
255
181
861
347
791
513
2009
438
192
372
1305
159
301
332
6975
496
301
181
5095
469
359
1195
375
456
1219
1238
298
750
444
569
384
657
986
625
445
828
411
1640
224
159
322
2143
242
264
1008
771
265
311
383
1216
152
350
7460
845
468
243
1546
581
497
406
1781
1071
270
439
1054
130
554
1225
722
167
213
234
357
2197
1999
1677
691
55456
1465
181
459
1068
5400
309
305
493
582
564
271
3992
7476
1037
310
267
2262
1350
209
1383
1089
185
707
2727
328
467
840
364
260
2195
296
707
428
699
435
1343
524
515
749
1345
1190
161
1453
384
2240
486
763
431
2791
426
757
476
962
257
268
348
1058
414
624
584
1952
284
639
387
762
1432
660
273
3098
706
278
844
836
808
866
534
6242
191
214
331
431
609
529
326
1041
255
448
4731
246
392
266
541
319
542
337
1317
431
2338
865
917
428
135
296
142
2885
1007
370
345
276
859
204
1181
332
773
535
296
407
1575
409
1805
4652
747
551
1032
319
2164
574
1325
129
303
436
10092
343
368
505
1100
495
582
263
623
484
523
196
488
338
353
561
355
2399
550
359
530
439
469
136
137
669
1522
3626
451
1425
381
220
1013
389
197
628
1341
280
234
1385
1882
171
866
521
1269
745
752
192
231
2369
513
168
229
542
132
584
749
484
193
242
365
524
295
438
403
3478
1267
539
452
959
675
1264
562
322
2231
1703
174
1473
1140
762
595
144
298
477
1206
835
964
534
729
639
313
186
439
2009
3630
1356
1058
540
1292
206
223
353
514
486
310
1087
373
291
230
1077
373
495
439
120
1256
178
982
515
2525
918
270
892
1337
2271
473
667
284
180
1180
683
487
1163
823
461
333
495
390
304
973
383
195
727
1179
363
1064
449
4598
2963
210
565
373
1070
136
1002
181
313
3781
538
551
1910
2171
276
266
1874
2931
2100
603
124
516
3660
298
2064
280
297
11784
2043
648
416
213
500
296
673
3854
313
295
582
660
777
1072
563
488
97
214
761
1865
315
364
172
1458
3000
628
1491
1489
342
473
600
268
165
2014
1152
2176
222
840
255
478
287
1327
417
1922
226
380
6107
170
879
376
400
469
399
3281
1183
7368
951
306
173
1084
165
489
422
630
243
1263
414
772
886
256
180
703
475
1067
397
769
1347
652
288
3098
400
579
308
8256
226
1320
271
1068
394
4052
584
1362
201
397
279
381
2338
2495
1818
296
348
2523
649
709
442
99
2787
632
209
238
337
638
866
819
770
482
2846
138
693
374
503
6304
282
760
430
993
299
424
238
293
1673
3341
357
349
3643
299
399
350
1875
253
304
662
114
148
326
230
165
420
453
285
297
711
379
416
273
1090
1697
234
170
155
662
858
266
367
918
2028
4526
743
2858
228
337
2545
654
163
1654
767
263
2414
448
244
308
270
287
326
2735
420
334
361
793
236
190
508
2382
2349
369
292
790
5441
198
2469
528
14921
356
468
149
4658
574
3320
793
2070
941
241
233
288
454
368
791
1376
635
201
632
1356
834
535
366
1207
267
212
6723
1790
332
585
1812
740
290
4810
4869
627
302
279
379
980
828
605
907
293
2642
246
1627
133
862
610
1204
840
452
547
278
1031
1880
226
198
288
360
296
3257
427
415
1273
2115
150
1160
100
418
612
744
986
1783
1394
472
1072
286
203
541
1437
625
2370
620
6515
383
492
857
178
1084
801
413
569
680
2885
525
485
868
435
812
960
1540
167
329
556
193
591
318
482
936
415
625
437
1001
607
348
2068
552
1272
470
408
156
1116
3710
698
1374
868
833
436
976
354
265
1192
2297
1973
349
1984
229
356
4042
701
216
289
611
227
428
1105
894
469
353
274
403
506
259
429
228
556
638
489
386
257
941
182
204
7144
1554
354
324
205
372
485
747
195
299
1415
791
2105
3024
486
232
340
828
591
675
427
584
465
264
1422
2495
252
704
1078
149
129
1569
392
355
1043
726
786
396
250
822
246
313
415
423
708
1057
2037
547
272
288
529
5984
678
9919
267
12851
744
581
3235
210
1104
354
488
258
311
728
389
141
221
761
294
892
897
207
155
589
367
680
761
2055
452
171
1386
449
1143
284
722
535
748
693
3112
1788
437
707
360
238
213
649
464
386
403
497
875
3251
631
248
844
449
419
555
708
332
214
1529
177
596
2315
1023
313
831
326
2414
11887
381
372
2064
737
4378
1221
440
640
451
1319
303
1013
632
128
387
569
410
793
276
433
121
216
383
324
388
97
3232
429
525
338
152
91
2720
175
90
55
588
963
245
671
271
109
59
3859
71
84
115
627
407
1403
346
1086
409
235
234
99
297
130
419
47
200
434
225
1585
275
249
150
13441
100
2264
115
163
371
108
558
122
139
819
129
108
81
225
48
541
862
394
411
147
1119
154
117
734
65
202
102
649
286
124
272
134
188
980
69
400
208
56
135
376
278
115
218
35
362
276
240
2932
59
121
200
229
103
74
763
231
189
286
79
159
27
154
156
4682
570
301
290
46
903
169
126
362
149
193
287
202
122
92
137
144
235
365
173
2319
1457
331
88
94
596
111
1002
196
1965
610
575
368
88
340
104
162
89
187
258
104
1780
48
158
112
117
136
49
80
655
659
109
144
104
168
4476
1062
69
296
351
1434
94
135
19576
1525
108
363
172
88
155
215
91
303
127
665
192
218
96
403
115
1069
95
90
188
247
82
338
503
1922
452
317
135
185
401
2641
41
355
394
88
110
210
221
291
111
56
477
159
861
389
143
134
196
122
77
1917
1332
129
479
400
1558
136
138
816
243
339
110
1579
194
108
196
179
460
356
153
77
118
290
361
217
102
1138
763
232
297
2878
857
289
55
368
259
260
100
51
1694
1057
938
335
98
215
103
355
607
204
340
327
107
799
269
53
320
150
490
112
228
1105
620
1049
125
1177
203
152
55
165
319
627
705
245
52
47
343
147
145
236
1050
3806
874
77
457
131
190
289
158
190
166
343
144
220
907
313
200
428
484
222
807
124
218
168
54
388
212
72
173
264
127
95
145
146
319
485
250
816
164
93
245
130
110
229
531
346
299
95
136
101
165
43
109
334
317
372
213
329
657
252
283
100
236
236
93
832
290
139
424
643
185
638
554
162
168
400
205
1100
204
299
204
341
126
149
92
351
780
110
409
171
94
70
1420
107
1078
158
209
363
156
214
101
922
111
303
593
936
228
149
72
96
281
241
460
1062
189
53
1344
1270
2000
142
864
126
208
305
1590
108
245
759
109
81
200
49
182
55
383
104
93
338
110
65
215
182
62
63
3058
190
124
1624
184
1040
971
2708
122
186
52
124
219
179
93
205
52
114
337
811
223
94
267
167
292
187
270
55
472
223
168
792
319
155
129
151
11181
60
167
371
135
1090
284
1836
465
1931
183
3218
2042
344
140
149
180
110
101
76
98
188
123
171
2219
376
106
390
341
185
146
71
3159
96
178
77
57
138
817
423
1036
148
154
304
64
94
349
458
94
254
719
116
376
189
243
75
247
212
103
153
81
115
392
402
1378
2376
414
188
409
122
108
949
154
276
164
243
640
356
174
182
133
66
328
113
153
811
613
194
716
569
1083
483
76
442
181
210
516
379
124
147
460
717
438
148
160
219
76
107
113
218
77
108
93
136
80
73
85
107
548
292
144
80
497
1564
408
135
125
586
245
379
59
235
90
236
426
610
486
554
367
217
115
357
157
117
192
510
375
2908
264
2048
165
359
316
314
165
196
83
152
738
814
412
1265
268
578
73
61
140
189
1893
186
127
7556
468
196
82
178
175
287
131
216
85
107
346
200
75
491
249
129
289
223
219
824
1082
253
32
192
76
581
210
263
94
329
252
263
13
107
317
751
153
176
582
409
157
342
399
188
97
299
177
732
1079
236
773
89
490
218
141
354
183
132
1420
212
182
1891
774
448
71
708
220
229
197
54
217
107
273
199
674
77
270
6218
120
812
87
148
979
81
212
703
5871
264
272
444
2396
2398
304
130
2201
70
346
319
757
156
3058
253
643
159
936
117
203
119
51
132
312
302
77
142
414
3259
1523
1525
710
822
98
260
1365
1860
196
1539
142
301
348
1963
239
183
370
153
1372
2563
182
187
2839
182
219
73
295
791
53
516
70
110
752
475
394
1815
55
1494
32
670
235
1107
414
298
548
213
828
185
114
81
167
163
457
714
130
400
1502
3014
110
300
441
171
160
115
104
134
304
119
205
10897
624
546
5675
266
2407
221
71
224
173
130
111
152
1597
680
1153
392
66
59
593
128
2768
148
144
294
971
372
150
320
651
135
145
205
234
85
523
252
67
407
789
108
429
2949
309
323
700
110
63
59
311
2639
123
332
1425
813
123
196
156
99
259
103
56
1315
68
45
212
123
140
105
1183
873
1197
178
273
233
262
124
217
399
1368
136
108
427
784
216
1260
176
262
90
1311
218
49
171
185
449
1515
67
186
175
4961
912
502
129
125
178
818
130
142
273
69
309
1295
267
70
862
109
113
219
128
69
1038
247
1072
207
71
702
95
312
279
113
143
31
547
273
216
221
210
144
950
235
111
48
478
83
3007
762
5464
602
272
241
98
393
373
195
124
563
238
96
16968
94
215
256
136
119
223
625
137
83
636
286
174
69
162
180
313
1136
113
1638
181
259
840
3472
187
248
119
121
142
2500
72
299
181
156
111
214
323
113
279
605
3217
214
85
401
273
301
205
332
137
140
35
70
1100
59
313
216
118
359
136
260
734
801
155
56
936
91
125
422
97
2512
318
176
1150
193
126
181
585
2228
1038
125
132
794
38
582
2406
164
684
312
69
316
413
1425
184
56
47
156
92
208
145
87
37
89
84
157
4
71
335
2421
113
2069
117
170
73
101
85
156
353
149
517
420
176
310
100
475
622
147
1357
491
2250
191
179
243
166
368
210
192
80
126
91
388
556
131
147
87
829
368
100
46
2686
204
547
65
85
89
231
152
659
143
123
1281
2430
631
3344
381
142
125
140
240
320
378
156
46
572
103
841
776
447
83
68
240
181
47
159
376
264
3125
119
141
399
199
2847
277
36
509
325
347
598
99
2764
201
115
102
96
9719
374
119
1179
1222
571
848
179
186
36
126
675
1076
117
83
361
60
754
330
229
1823
1240
939
460
112
189
531
97
268
205
168
320
150
219
4638
259
80
74
223
750
2914
128
108
103
255
72
149
226
1535
128
2113
146
932
45
114
215
203
205
2609
102
255
2055
208
513
114
103
123
144
200
954
78
80
270
613
23
98
207
619
245
1201
463
197
88
274
297
114
495
569
108
162
808
70
230
32
276
257
48
233
104
355
106
182
58
186
179
299
62
287
625
280
363
233
29
138
329
170
195
1174
147
68
1624
157
300
1784
447
1890
79
122
431
166
335
160
677
111
102
127
115
277
300
294
278
128
2695
108
125
137
205
1371
128
2800
89
173
1072
145
73
612
246
412
18704
72
335
404
80
10426
306
176
99
409
2146
1267
225
322
220
149
112
716
74
383
401
199
108
1511
107
118
383
133
439
8148
74
62
218
294
194
749
847
200
86
224
185
44
3719
129
72
135
273
237
1383
1761
252
249
560
195
187
93
130
1454
148
390
140
106
282
77
1412
93
74
791
152
91
323
4385
1015
101
107
329
390
145
150
98
572
67
286
226
123
166
210
348
1163
194
63
317
135
116
226
367
361
136
86
676
607
346
194
109
269
334
371
101
531
306
174
406
220
911
653
551
183
164
143
564
62
1425
76
3590
1290
132
89
330
537
663
177
146
274
121
441
173
176
484
315
95
821
82
365
128
380
1203
182
13700
136
212
279
173
67
80
140
1068
116
68
280
164
99
159
259
122
127
4613
274
353
179
155
474
273
153
359
139
108
400
194
133
700
137
108
130
347
207
134
344
248
296
557
86
99
96
111
1137
133
720
305
1083
89
128
176
132
895
124
110
379
211
403
176
159
203
1843
271
115
131
316
116
264
141
145
72
131
99
267
535
70
236
126
79
184
219
247
39
139
1402
297
728
450
59
261
161
279
217
277
900
41
446
83
243
196
145
43
212
68
460
160
1829
1041
345
63
49
252
590
536
216
204
403
146
193
224
98
901
169
319
70
112
82
2118
120
192
111
419
104
461
683
100
75
101
5868
61
823
546
286
59
254
251
96
213
177
107
1627
607
270
137
1913
98
202
290
3836
92
203
219
143
81
401
109
152
110
1373
23
958
133
170
697
119
224
60
170
207
88
250
115
150
87
94
124
109
138
128
94
92
539
77
2599
327
65
653
506
124
185
115
2710
590
176
83
371
121
124
105
210
92
160
448
5958
48
452
3206
135
143
332
1324
106
1091
142
452
3179
2423
3635
90
336
155
387
121
83
140
71
239
177
409
124
84
178
124
113
306
200
130
271
90
380
113
86
673
200
909
227
858
438
227
817
322
97
78
67
1703
144
69
361
208
130
501
124
702
4270
372
979
190
1067
275
287
76
552
214
155
107
169
149
57
102
185
95
593
675
256
229
253
124
53
12726
1886
54
99
123
207
164
199
183
43
280
391
219
146
288
258
494
244
146
144
256
317
581
283
226
1346
230
395
762
251
67
223
314
156
126
96
1415
59
92
188
108
220
211
84
188
267
340
145
85
183
161
377
1707
629
318
191
575
700
1583
874
159
86
951
515
1688
329
1247
98
288
95
102
80
142
138
111
110
137
125
96
1134
225
101
380
282
329
672
77
125
305
255
213
62
96
182
575
585
986
1271
107
120
523
537
166
359
178
381
129
691
165
107
456
902
85
168
102
68
118
307
2775
890
161
194
688
281
1962
119
1063
309
95
126
194
259
292
250
42
181
70
377
140
89
682
90
194
616
134
103
66
194
202
162
148
73
109
33
269
131
1043
618
181
202
85
468
353
49
102
2812
75
214
183
643
77
495
314
163
105
100
129
959
165
196
950
1706
392
1707
207
4666
329
205
172
254
320
247
135
135
211
175
1787
413
114
167
1060
1392
303
1435
1520
119
70
147
6784
403
458
303
1026
143
33
147
177
692
98
153
283
111
62
281
86
71
418
148
132
1244
83
108
302
688
124
92
486
123
179
92
40
40
103
4548
51
54
51
45
188
70
121
263
190
219
77
80
157
40
48
406
104
226
36
2047
64
56
71
80
57
86
23
318
192
15
30
33
44
710
55
142
137
38
51
541
33
54
300
22
44
39
246
58
22
214
99
76
261
140
454
35
64
30
48
184
93
46
47
159
49
89
117
56
106
46
224
72
75
19
386
54
463
127
34
269
66
105
173
65
26
84
92
146
103
82
149
50
452
249
314
57
60
45
84
22
37
41
24
125
64
29
63
214
2629
198
810
250
333
180
56
1000
187
55
130
40
101
84
192
66
69
23
32
34
25
57
51
38
36
42
45
84
48
96
66
278
19
168
18
331
49
18
70
186
80
59
1203
54
239
38
35
57
214
82
48
260
833
100
143
97
86
68
22
129
366
57
49
119
359
83
359
202
103
13
64
1093
517
97
78
12
32
897
79
92
59
899
47
245
74
50
13
582
57
44
100
81
37
227
51
545
55
104
67
414
31
61
248
142
32
278
79
56
1841
164
234
337
156
63
57
25
180
389
62
201
38
394
95
85
25
395
93
321
26
1507
12
68
797
1377
46
80
28
44
34
233
91
203
215
141
81
30
75
55
148
276
637
55
36
49
628
86
57
62
99
33
80
47
59
28
391
346
131
58
365
47
25
24
498
51
303
123
53
199
262
54
1892
52
331
52
40
66
203
3045
37
48
63
122
195
242
211
106
43
23
49
63
32
32
846
171
75
219
137
22
61
202
121
39
59
31
150
178
57
29
310
140
260
402
63
169
41
82
68
54
181
2456
55
93
90
290
93
1660
24
30
1614
199
59
220
28
218
107
58
524
154
313
49
45
891
435
109
43
49
375
171
62
21
38
1116
171
146
424
304
39
956
299
370
51
43
248
254
192
43
52
106
164
126
109
39
122
61
31
67
31
65
2918
869
64
73
1989
160
540
57
3115
43
37
303
43
85
55
163
28
268
142
68
141
62
25
137
18
66
185
647
32
40
106
85
65
91
73
34
3208
1083
35
178
403
59
49
118
144
76
293
48
382
65
69
183
109
72
2264
17
30
195
147
23
341
65
572
217
39
20
331
107
21
4032
29
69
1339
51
441
1496
40
33
81
56
96
82
188
15
174
2171
59
69
46
100
127
40
296
7626
122
101
69
24
83
992
137
75
96
37
153
249
171
60
43
15
42
147
394
47
125
60
119
764
289
138
30
954
160
31
38
70
87
156
117
33
98
72
58
873
113
80
155
157
789
133
43
56
61
25
148
79
262
257
8
82
109
29
47
79
35
161
68
33
101
51
185
46
58
129
97
25
4498
6
102
256
39
63
211
127
56
52
51
157
54
106
58
36
108
63
530
140
45
102
21
45
45
50
139
72
384
91
1210
292
32
71
37
62
79
25
226
93
223
71
207
88
229
64
259
27
41
335
66
26
24
38
592
93
51
43
90
237
101
107
16
4636
62
235
172
65
118
135
30
202
39
47
34
2547
626
173
102
38
41
289
195
17
32
35
245
125
44
99
318
20
30
67
768
69
171
30
60
41
108
63
23
63
105
278
45
66
50
82
84
273
66
15
65
885
78
105
2116
90
157
151
1414
28
37
403
181
23
56
749
38
68
36
257
172
86
52
5204
1760
915
34
170
1988
24
264
24
296
1767
172
4481
42
95
111
76
48
56
185
54
36
821
22
20
266
721
212
184
29
17
78
82
68
107
149
140
57
26
96
25
183
63
1008
86
70
70
68
152
23
21
27
247
300
60
49
3
208
45
126
75
32
49
91
428
230
48
47
658
39
64
266
39
51
290
70
179
54
150
326
388
277
67
126
27
46
48
78
45
63
254
67
107
111
57
73
65
124
37
45
77
135
101
856
70
22
185
261
48
221
88
145
254
370
65
52
62
38
661
66
74
200
573
836
110
76
537
37
138
85
20
31
231
119
146
92
27
110
129
59
220
82
57
65
118
27
74
53
183
132
24
316
59
113
64
131
21
148
64
36
142
141
119
92
154
125
97
118
12
47
63
306
39
40
112
290
855
52
16
36
31
114
60
696
79
157
371
51
76
51
557
22
57
33
38
64
284
290
57
55
96
95
18
365
149
41
107
46
31
969
95
36
21
166
45
65
71
229
184
102
151
62
53
65
4
38
344
50
29
92
212
65
45
107
49
21
67
62
12
201
1133
56
808
33
248
227
13
110
126
14
73
204
1179
35
61
71
35
76
85
137
73
691
34
39
193
605
26
69
131
334
12
25
58
591
80
30
24
25
39
43
23
43
168
75
81
127
97
214
40
27
113
46
257
91
44
149
311
675
29
43
203
99
84
1122
69
58
72
46
119
76
25
27
153
141
900
100
144
28
20
108
48
845
246
120
160
94
90
175
65
171
41
4409
52
25
558
146
63
94
57
71
32
23
163
174
25
154
133
45
150
346
355
36
64
17
70
60
36
51
82
43
53
57
94
102
81
140
111
286
118
1067
45
48
207
66
30
28
19
48
168
240
60
17
173
268
85
62
61
216
227
42
42
56
53
51
61
840
61
149
151
75
335
298
44
37
88
62
757
64
49
75
135
220
64
51
79
153
726
51
37
258
205
157
32
41
58
54
673
118
39
36
92
70
10
62
137
432
99
89
113
280
92
52
40
41
92
185
128
12
103
39
33
398
696
41
63
211
148
22
1130
27
227
114
33
48
141
24
71
25
120
22
61
40
132
64
179
880
56
181
36
205
179
106
30
680
2139
185
93
21
84
174
100
257
420
94
448
41
84
15
857
64
55
34
353
195
126
78
107
51
159
28
184
54
178
78
105
107
27
55
63
217
80
161
177
276
820
109
47
1204
34
46
29
649
179
98
20
43
1180
89
48
46
70
110
360
168
84
1900
66
33
201
85
64
198
245
166
45
99
262
77
134
51
58
83
25
50
295
340
437
929
85
188
1206
216
301
159
27
410
350
105
67
135
70
47
29
197
1075
263
398
164
139
150
41
64
32
116
67
987
166
160
64
48
367
87
99
3014
40
42
30
71
54
195
6
574
40
98
32
29
76
29
16
98
80
97
330
236
252
1208
186
82
38
776
223
68
22
251
44
182
562
40
32
23
432
672
142
99
208
1213
65
11
24
78
14
45
82
160
77
18
32
58
184
31
135
33
97
61
50
508
37
53
83
51
107
46
43
77
210
253
12
1916
34
90
32
100
787
128
54
152
275
2492
192
178
70
151
250
44
80
181
36
129
18
217
36
458
156
216
137
352
45
128
47
1481
36
28
53
188
37
27
37
112
1597
45
148
34
154
290
22
36
28
90
78
40
25
7
62
123
71
14
90
99
152
66
133
23
2140
72
22
64
45
93
208
255
7
2490
276
681
11
37
274
111
27
209
261
179
227
226
50
280
36
217
33
52
88
136
92
1119
82
85
143
54
24
18
71
24
107
470
34
102
68
528
400
30
313
150
36
55
56
90
113
47
49
76
139
119
57
52
79
186
77
25
48
19
67
192
25
57
1741
15
132
1098
173
143
72
45
74
119
134
62
22
48
743
95
11
14
14
25
165
74
45
586
3272
82
254
90
55
31
50
798
307
209
95
136
48
65
164
13
196
181
94
26
211
193
139
1519
53
14
227
137
35
94
45
585
165
40
121
17
354
73
34
740
133
513
41
57
280
261
14
78
2564
53
266
198
229
86
142
213
40
13
21
78
53
46
206
738
164
75
81
965
148
24
478
67
322
73
578
65
67
78
112
120
345
161
94
63
57
1724
64
73
122
14
53
40
65
34
18
52
128
47
61
64
68
677
151
196
21
27
134
69
28
227
182
62
78
5859
69
44
27
37
56
349
147
621
83
116
127
53
29
54
56
10
32
682
314
1176
26
59
41
201
104
31
25
34
74
163
884
221
64
44
47
59
1735
27
75
34
54
989
75
1707
22
466
110
93
66
1723
126
43
1033
113
29
29
312
38
40
26
38
305
30
435
25
53
58
139
28
93
87
39
12
11
95
172
81
63
287
162
22
150
26
599
792
38
21
30
73
39
61
95
1571
62
88
79
102
30
1026
182
92
56
147
48
364
54
1367
90
81
2254
208
52
94
58
256
32
62
161
149
180
118
34
471
81
5702
280
1090
259
355
54
425
852
260
70
85
37
99
86
23
51
446
155
32
445
76
35
45
15
77
37
155
260
49
627
286
87
112
75
88
85
54
154
63
43
117
231
39
65
216
469
108
48
67
33
46
2584
772
193
34
61
24
974
588
32
152
24
22
525
117
168
99
15
15
48
30
83
391
83
130
51
66
237
196
63
151
25
152
52
131
73
57
141
12
1586
34
67
66
44
24
96
32
74
83
47
56
33
56
282
79
27
105
16
366
282
52
32
79
91
68
50
116
64
498
903
92
84
17
383
108
53
89
164
38
113
64
573
40
70
117
16
33
206
66
33
50
2532
2722
368
2190
46
77
114
137
98
35
81
182
139
26
178
140
140
26
152
196
236
65
1385
23
24
96
74
178
772
1779
87
75
64
725
40
83
460
48
165
136
87
82
192
51
41
244
34
275
762
30
172
21
134
119
74
36
70
30
60
50
42
48
91
42
50
97
45
24
48
20
50
49
74
52
1017
58
85
38
127
29
55
13
225
688
135
336
105
187
19
51
61
63
122
27
16
136
72
1666
44
824
69
31
121
2129
323
137
32
157
645
52
50
22
235
365
248
86
97
75
147
34
1823
60
3495
43
28
109
119
170
16
64
19
7
192
74
65
22
36
16
14
27
35
29
17
23
115
22
7
13
29
172
7
2
20
23
58
40
17
6
7
9
25
6644
23
212
24
56
67
26
48
30
72
39
49
89
269
8
34
11
703
4
17
5
904
54
4
26
105
253
35
648
67
20
12
122
8
16
25
4
42
36
27
37
4
25
50
28
5
8
27
42
26
88
33
19
32
3
84
6
67
661
55
139
62
12
3
18
5
6
4
703
18
3298
36
5
60
55
79
9
21
588
8
44
18
16
17
49
10
24
23
6
80
16
5
64
6
30
20
13
10
6
244
20
16
18
9
92
248
268
43
8
40
64
53
26
37
42
31
28
41
163
45
16
6
15
6
57
9
172
35
2459
13
51
25
2
32
45
16
30
193
27
26
16
17
11
28
92
28
15
81
34
38
8
26
17
60
2
20
6
33
96
17
47
134
23
9
6
10
28
194
21
6
40
84
3
12
9
42
31
4
122
31
21
31
95
8
21
28
26
9
14
13
41
27
18
44
9
9
8
11
11
41
12
119
51
125
74
6
53
16
27
64
24
92
25
871
10
49
3
49
1338
51
5
16
18
48
25
175
115
62
23
35
23
9
45
205
21
24
33
65
282
21
533
12
20
33
32
193
111
18
14
2286
26
33
35
26
3
101
67
14
14
12
224
47
380
9
75
32
232
29
31
101
49
94
132
2475
18
750
56
37
636
12
1078
13
4
41
40
1179
14
115
40
86
12
182
28
36
28
13
109
81
40
21
13
666
23
17
297
22
17
45
3
1
30
23
93
27
1300
13
39
27
5
10
215
19
185
39
22
13
10
29
147
11
32
85
189
19
127
9
18
169
9
151
28
287
67
340
177
56
56
3
201
32
13
14
34
4
629
12
75
17
21
74
68
33
32
55
17
4
5
21
196
29
24
13
48
33
10606
73
31
31
635
14
46
341
575
12
344
8
62
712
125
83
34
8
94
180
2
21
13
24
21
185
930
19
4
68
3
14
16
60
19
72
51
27
17
77
29
56
75
54
14
12
23
7
11
10
6
9
12
21
49
14
20
29
13
2430
5
64
88
3
20
113
18
10
38
318
5
45
7
4
18
9
4
537
18
215
37
36
49
16
220
190
33
12
25
9
19
14
97
11
75
62
16
55
25
11
7
0
155
116
14
19
39
22
173
78
47
15
54
48
17
28
21
7
67
130
32
21
12
98
8
76
7
26
18
66
42
17
418
15
20
13
18
33
28
29
11
26
8
62
41
9
6
39
109
38
13
7
44
64
6
5
215
182
9
7
37
46
43
20
342
86
16
22
4
13
22
5
14
2
12
179
19
17
21
11
42
6
23
9
15
28
40
216
12
72
40
38
18
3
147
7
18
20
36
311
16
19
6
39
68
34
7
4
9
120
31
94
53
30
36
9
7
2
32
163
173
47
41
15
5
83
6
54
17
48
19
0
14
39
5
108
19
26
30
20
10
276
9
3
33
201
14
110
293
149
35
271
44
21
4
59
32
23
13
35
491
3
29
44
20
19
68
16
179
149
94
12
408
26
57
21
8
23
6
4
17
115
1880
2
84
27
60
14
1
16
33
6
4
111
39
4
30
10
63
15
21
22
27
17
6
18
305
24
12
14
71
38
28
4
148
858
9
13
38
123
81
7
74
60
11
13
17
67
7
32
28
34
29
164
138
19
8
32
12
35
15
239
10
37
23
14
3
58
34
138
32
8
22
7
32
18
34
24
130
22
43
52
20
59
13
28
13
32
4
67
5
5
137
20
2169
6
212
13
39
50
27
405
28
21
11
16
45
26
65
353
30
95
98
4
34
0
84
17
36
2
8
4
182
46
439
111
162
51
29
4426
25
23
233
57
95
42
38
53
40
32
327
12
50
4
57
51
700
51
55
8
4
1610
45
6
244
9
71
33
10
27
19
85
9
33
19
19
6
60
26
13
15
19
1611
17
8
21
7
155
26
2959
19
63
10
8
82
41
6
338
299
30
12
3
854
50
15
18
14
25
7
12
3
2
99
170
9
62
44
20
24
138
228
7
14
12
16
415
28
700
10
28
20
144
2191
76
31
13
89
70
21
37
22
20
17
8
60
6
8
7
18
142
28
30
24
16
378
1
188
9
1339
34
4
0
35
32
24
20
20
301
12
61
36
50
20
13
2
138
8
0
52
19
57
4
100
11
235
29
6
230
54
9
18
195
47
28
8
25
15
154
28
47
1635
43
338
80
7
12
22
28
23
30
920
5
50
60
29
7
11
34
62
14
13
2483
56
40
32
115
26
41
42
15
163
69
25
20
70
69
13
15
216
19
954
5
43
1537
8
9
156
22
11
4
314
168
17
16
149
18
18
53
91
13
17
126
1
14
65
17
255
17
166
2462
503
49
77
73
2383
59
266
47
44
26
98
30
332
29
35
319
36
0
303
42
14
310
31
160
189
19
1129
14
37
25
33
25
8
15
85
104
53
32
15
9
10
32
178
179
35
12
15
32
10
51
28
533
126
42
1095
35
21
70
386
4
36
390
18
60
12
2
30
34
1
46
13
18
277
18
14
21
1
66
9
29
47
4
69
151
19
12
11
51
9
9
66
12
197
30
33
102
25
54
51
15
84
17
60
14
33
11
57
2
20
70
37
22
44
59
20
5
1
23
20
2
13
124
3
4
17
13
17
23
47
19
29
48
55
5507
7
25
659
168
105
19
487
92
32
21
14
27
25
16
20
13
12
86
96
84
40
1
111
177
122
20
14
30
21
46
24
26
106
11
35
79
23
123
21
188
28
152
29
10
150
15
16
11
98
17
615
28
2
12
19
5
30
113
168
23
33
30
52
38
2
17
25
10
152
28
14
17
38
16
30
89
6
169
43
124
11
35
12
22
16
14
46
39
36
35
559
17
13
16
9
24
82
68
26
77
2
29
36
90
41
125
39
44
54
4
20
255
8
21
64
42
5
17
17
5
18
16
23
6
43
774
126
20
68
28
29
67
185
23
19
17
41
18
39
41
83
64
31
216
125
34
16
59
63
24
17
113
19
102
21
41
83
35
31
156
41
19
69
11
38
15
128
6
30
130
22
12
246
39
18
19
29
251
106
9111
59
19
17
23
729
33
21
222
65
34
16
324
427
263
10
49
22
37
19
20
25
69
19
17
22
21
19
24
10
76
8
15
12
29
251
1592
94
27
16
13
97
22
39
11
5
19
28
52
8
85
77
116
529
8
20
5
2
295
10
12
15
19
31
104
49
83
20
15
12
44
28
43
37
6
22
24
32
98
15
80
19
11
4
15
276
28
32
16
7
71
1750
21
75
20
7
28
80
22
25
22
18
45
43
105
4
16
83
42
322
27
3
89
18
4
29
10
40
16
64
7
9
44
68
22
64
238
120
28
9
8
824
39
36
42
138
33
101
16
6
7
30
9
81
46
18
40
37
612
5
26
48
35
7
32
22
52
6
18
49
12
45
9
56
37
38
58
26
29
19
21
29
17
14
46
24
71
8
20
8
11
74
19
219
32
10
5
18
116
2
44
131
26
18
57
49
769
597
15
19
4436
66
52
400
25
67
46
156
25
3
9
53
293
56
11
6
14
67
64
16
19
166
25
42
8
35
81
30
32
117
70
27
290
15
40
97
48
37
14
820
17
49
6
40
166
225
6
33
35
171
3
123
979
847
6
8
39
4
27
49
24
28
30
105
18
589
41
0
38
34
7
44
9
47
23
5
127
22
229
56
22
49
98
45
14
126
236
5
60
1139
33
141
15
123
36
99
41
46
19
32
17
11
1282
864
52
8
630
133
3170
17
38
7
135
5
10
12
30
133
14
17
44
77
11
902
17
20
37
56
15
29
5
11
14
6
175
6
12
31
27
41
25
16
21
66
915
226
12
32
5
39
6
30
20
21
38
54
55
46
21
65
22
15
18
5
25
84
14
20
13
48
90
40
6
172
24
33
91
8
334
23
14
12
11
15
96
4
66
7
29
17
59
36
64
32
57
49
25
112
7
30
30
17
106
19
17
34
14
30
33
9
18
27
13
10
227
38
11
70
1635
193
105
33
11
186
66
16
3
20
20
7
9
59
98
11
72
16
177
4
29
11
70
515
26
65
9
20
35
21
5
288
4
3
5
35
146
136
11
20
193
37
16
20
4
92
24
519
142
26
10
8
2
23
61
26
10
54
1622
23
49
8
18
23
103
78
20
8
20
45
38
44
112
52
10
17
16
17
34
47
6
26
42
70
69
41
152
22
35
153
21
1390
8
18
170
24
32
33
10
38
57
12
644
2
75
80
47
25
51
21
19
22
24
8
117
49
218
16
8
17
2
16
19
25
623
27
183
32
55
18
7
8
14
32
3
4
13
32
28
25
21
17
120
11
195
14
6
149
14
40
4
6
15
41
87
21
14
30
36
8
74
618
7
4
1
4
23
138
67
7
90
1911
27
5
29
40
839
137
12
62
18
27
20
3
41
2
6
42
12
19
27
15
3179
5
8
47
34
52
454
29
14
235
74
47
2
52
12
14
20
5
264
17
1
30
18
65
51
67
5
111
216
12
43
11
31
16
44
25
220
32
4
13
33
30
38
18
153
15
22
9
39
236
42
14
147
142
10
19
19
1035
21
190
47
251
22
36
16
30
60
16
99
37
19
62
86
20
8
61
14
7
51
4
241
6
1
6
1
16
0
33
40
7
2
4
16
28
13
4
30
38
4
7
13
0
5
39
76
6
1
26
45
34
47
5
16
13
7
617
4
4
6
1
0
33
19
3
6
6
31
9
6
23
29
5
12
17
1
5
22
6
80
46
13
17
1
10
34
16
7
28
32
29
35
6
35
10
3
4
15
5
36
14
244
15
2
8
4
3
19
4
1
42
2
3
125
1
16
8
13
5
1
21
3
43
7
4
98
7
47
23
3
143
937
4
54
92
26
28
13
3
29
4
2
6
12
61
150
1
6
0
5
5
39
10
2
33
1
13
135
3
17
13
19
12
15
6
1
20
20
13
16
22
11
1
6
9
3
4
4
77
23
2
152
64
25
0
7
9
93
1
54
9
619
1
30
100
655
15
6
15
6
0
2
29
6
5
3
2
11
5
60
5
7
3
11
22
1
72
18
2
58
32
0
233
1
6
2
9
12
1
43
17
18
0
41
0
5
2
1
9
15
7
36
140
6
7
27
1
8
0
2
3
4
7
4
428
6
15
154
1
11
22
1
3
20
21
11
46
142
5
32
16
94
25
12
32
6
27
13
3
3
5
1
3
6
34
34
11
30
6
5
9
114
113
10
197
36
18
51
2
0
24
4
5
21
45
6
2
54
15
3
3
3
29
9
5
24
45
4
5
19
21
26
22
5
1
3
50
19
98
2
26
10
25
1
1353
22
0
22
6
3
2
21
262
1
10
32
2
1
18
1
51
18
7
1
3
28
2
28
13
43
0
4
38
8
5
17
4
1
7
4
32
12
5
9
2
3
10
11
2
2
14
7
1
16
29
55
201
23
22
13
8
2
44
337
74
18
8
5
5074
7
11
9
65
30
4
99
19
29
1
3
22
10
2
1
40
16
10
7
28
15
16
10
3
10
4
6
3
2
1522
11
174
4
13
30
2
3
3
11
29
7
106
0
2
53
9
33
3
5
11
49
4
6
14
12
8
17
8
6
2
18
1
0
143
49
8
9
6
15
16
8
24
1962
12
7
58
3
3
8
10
12
9
3
9
5
6
0
1
14
5
83
10
41
11
11
15
11
1
11
16
3
3
167
19
35
180
9
6
125
9
29
79
1
24
0
2
12
75
32
10
42
0
43
13
10
18
29
2
13
54
138
2377
6
9
11
195
8
153
2
112
7
70
14
14
5
5
74
14
11
11
3
17
12
31
996
0
16
28
0
10
23
74
2
35
3
12
34
555
3
5
5
379
15
4879
21
17
11
9
3
46
6
12
6
15
76
17
5
0
4417
77
4
11
2
17
6
5
8
6
15
9
31
25
1
49
7
0
0
90
11
18
8
2
21
13
7
8
6
24
29
14
5
5
36
24
29
4
17
5
9
2
12
20
5
16
9
18
22
1
149
240
29
8
1
2
20
33
28
32
8
29
16
133
4
883
9
18
12
3
46
5
1
15
17
12
0
823
9
38
13
7
15
28
40
8
30
12
848
6
4
1499
9
16
2
33
42
19
10
26
2
14
6
22
37
1
134
25
0
13
27
0
1
31
5
2274
2238
20
15
15
12
21
5
71
36
149
22
59
3
1
45
10
140
5
23
24
16
13
6
49
16
6
2549
17
1
2
3
2
8
112
7
320
13
10
5
3
3
132
99
226
62
4
2
158
85
58
27
7
38
31
4
3
13
12
22
2
8
17
7
5
4
1
16
17
10
348
2
25
1
29
53
4
1
6
22
20
8
10
11
5
2
8
1
14
6
49
11
74
74
3
1
1
17
5
32
4
66
360
3
16
1365
5
6
9
27
1
1223
52
6
6
11
13
11
10
1
25
75
13
36
2
3
16
19
10
6
91
3
23
339
2
2
12
71
2034
12
45
105
14
9
3
10
8
24
16
33
11
0
21
892
3
15
27
5
2
34
32
5
9
9
22
259
18
13
47
21
8
4
6
6
20
13
106
7
2
26
1
3
12
11
1
93
4
72
7
45
73
0
59
5
36
3
7
7
6
3
22
21
13
8
0
4
10
17
6
189
6
32
58
5
9
0
2
7
3
12
1
1
8
6
176
9
4
14
18
35
0
5
453
0
0
10
0
295
6
0
27
3
2
1
22
29
17
0
11
0
41
1143
44
105
61
21
13
3
11
33
2
6
43
3
21
33
25
74
0
16
131
111
6
239
100
19
7
68
6
27
40
20
62
6
15
104
1
7
8
2
1
17
32
40
21
0
79
10
2
3
0
156
0
9
4
60
113
12
5
4
14
1
2
0
12
14
4
47
5
30
21
1
6
4
15
2
1
21
1049
0
75
45
33
10
5
3
30
2
5
1
39
13
1
2
9
126
5
0
6
10
13
1
11
277
37
103
9
1
36
29
8
9
31
4
2
27
11
40
22
6
40
9
3
21
2152
7
9
11
10
156
5
2
2
0
94
14
2
85
1467
15
11
112
210
24
10
20
3
175
13
5
3
3
23
4
4
93
3
13
3
2
13
143
63
420
2
22
7
21
45
26
132
583
5
13
26
7
3
3
3
2
27
118
15
3
1
2
23
0
5
202
21
13
13
26
107
7
5
1
17
5
4
21
2
10
5
74
12
8
4
121
48
69
4
14
24
11
8
83
21
0
4
3
11
10
163
11
310
2
9
3
65
10
2
4
13
0
5
10
50
11
53
2
2
2
7
3
9
105
7
157
2
13
2
7
45
5
5
2
12
5
16
36
189
0
30
6
9
55
3
14
0
1
21
5
16
24
3
26
16
2
24
11
32
2
8
83
196
6
153
5
6
11
10
0
17
12
3
15
4
4
0
12
5
10
1
42
10
0
2
28
30
92
6
1
4
13
15
7
5
14
10
0
1958
9
15
4
22
15
12
6
89
18
1
3
1
4
9
181
11
1
37
10
11
13
8
22
20
0
46
74
56
1
12
42
14
59
1
21
16
13
16
18
38
1
0
26
33
4
1
8
26
2
1
7
14
8
10
8
2
2
4
2
21
47
30
3
235
35
867
25
42
13
4
52
66
0
2
36
0
17
21
17
141
6
23
116
33
6
6
41
3
28
27
1
30
13
20
20
1
2
7
9
16
1
23
11
16
20
17
55
5
2
37
22
3
17
0
231
368
4
3
5
4
20
5
66
1
11
22
2
12
0
4
3
9
11
4
27
26
7
4
4
8
8
3
15
17
2
11
36
7
2
34
14
12
21
5
2
4
118
5
318
106
13
56
55
21
8
75
39
8
30
38
172
13
15
7
3
982
1
9
44
37
18
192
36
25
13
15
31
9
108
8
9
76
14
33
15
20
2
4
5
110
14
2
3
2
5
1
9
12
3
269
8
55
3
8
54
7
0
12
8
9
5
9
248
6
8
11
4
15
4
1215
113
158
22
0
67
7
10
5
31
19
2
30
27
5
28
2
59
10
8
145
22
13
458
21
10
34
432
3
44
6
126
25
44
41
2
1
17
17
3
22
2
23
4
3
94
39
80
5
11
4
11
12
1
0
4
1869
19
100
16
132
36
7
59
37
46
13
7
21
55
18
56
64
2
8
1
3
85
1
42
7
5
26
11
10
25
10
12
3
13
54
1
30
34
15
14
32
63
10
15
5
16
24
4
8
1
833
178
67
9
144
13
10
43
25
6
0
10
177
9
7
7
26
243
54
19
8
3
22
20
680
8
3
9
0
3
14
8
1
105
8
8
19
2
2
16
129
1
21
2
11
1
1
20
25
4
28
11
12
13
15
17
3
240
182
3
32
3
30
12
3
53
18
1
12
1
89
7
439
1
3
25
19
13
16
111
4
7
111
14
21
46
21
19
11
8
2
21
195
3
14
10
13
72
0
4
62
2
3
29
116
55
2
72
20
26
161
16
2
27
2
3
9
79
2
30
2
8
11
5
446
7
99
22
81
10
6
27
10
4
14
14
0
8
20
22
0
80
7
10
138
14
3
38
7
1
4
14
6
6
8
11
10
3
8
21
2
0
52
4
54
4
8
12
52
4
6
32
95
13
14
22
1
100
30
16
2
6
2
20
740
2
11
9
2
2
75
0
12
2
108
1
11
36
12
10
6
21
7
48
3
113
3
8
102
12
1
7
8
6
17
27
11
0
2
4736
2
2
17
6
4
36
1
15
16
13
11
20
11
9
15
147
17
73
49
4
21
3
3
8
166
18
45
24
0
39
9
25
11
37
226
29
2
2
4
6
0
240
3
2
1523
3
10
6
24
4
2
15
2
3
19
1
23
20
10
2
9
1
879
4
32
37
4
4
2
5
10
54
7
23
27
5
49
9
9
27
10
929
3
12
13
9
13
146
11
30
21
22
35
5
27
3
17
53
3
0
1
1
112
34
1000
6
30
10
2
42
12
5
46
11
8
164
57
12
21
24
85
13
16
21
20
23
3
29
12
28
24
0
10
6
74
8
3
11
4
24
2
19
19
3
12
127
21
62
5
7
16
6
3
17
108
15
1
14
11
8
24
7
4
8
11
1
5
17
27
26
27
8
4
35
17
15
1
12
14
7
1
5
14
10
0
4
1
33
11
31
49
196
12
18
749
35
2
6
12
39
43
58
1
1
2
24
26
22
67
15
14
144
47
1
20
3
15
9
10
33
17
41
5
401
1
29
8
2
4
5
49
72
1
5
339
7
1
2
1
0
1
7
2
10
5
14
1
5
20
0
3
1
22
4
1
13
7
5
1
0
0
2
12
9
10
12
4
40
12
16
24
1
5
5
6
1
1
9
2
7
58
321
0
3
2
230
9
4
14
2
28
4
35
3
2
3
5
28
0
19
9
3
8
3
9
2
0
8
2
0
0
0
20
7
56
2
44
2
4
0
17
1
8
0
0
116
15
2
3
5
22
8
0
2
11
1948
202
2
3
11
9
7
66
2
3
79
108
21
1
1
15
4
7
6
0
5
9
7
0
0
4
2
7
17
0
13
0
1
2
7
7
4
3
7
2
11
0
0
3
43
39
151
0
0
0
2
211
96
0
1
3
0
51
0
2
18
31
39
0
1
30
0
0
5
117
1
5
19
268
1
0
13
20
3
12
0
8
3
0
49
3
13
1
1
21
32
5
169
0
0
0
0
1
1
1
0
18
3
0
1
9
3
3
1
2
1593
2
1
1
0
12
1
16
2
1
0
24
22
51
2
5
1
0
6
6
11
1
29
117
1
50
24
2
5
13
39
3
0
0
5
1
2
26
1
1
1
1
0
5
2
1
0
10
1
31
3
4
0
0
11
4
1
502
0
1
13
0
4
0
1
28
19
0
20
1
1
1
12
2
16
2
0
54
3
1
0
34
14
13
0
13
8
10
2
11
158
933
2
15
2
1
5
7
2
0
12
1
5
9
6
2
8
0
0
6
3
0
1
7
24
164
0
2
5
9
9
5
0
0
0
12
3
490
0
13
51
2
53
9
13
6
8
0
1
0
0
1
2
2177
18
0
19
3
0
5
1
2
0
1
11
7
0
0
6
2
5
0
2
2
1
6
1
9
17
18
0
1
9
4
0
21
17
5
1
5
1
3
0
20
1
11
3
4
2
0
7
82
0
0
1
8
1
0
1
0
2
1
131
6
79
11
0
157
8
1
4
2
3
5
0
20
4
10
2
3
2
4
11
2
6
1
5
1
4
0
0
2
15
1
0
6
1
51
10
10
15
2
20
0
5
0
2
16
1
11
7
0
3
0
9
11
28
1
1
15
2
1
11
1
4
1
1523
2
3
12
0
0
14
9
6
0
12
0
1
0
5
4
1
0
3
28
3796
188
5
14
195
6
11
6
41
23
0
15
5
1
1
0
34
29
1
0
0
1
6
2
3
0
47
9
360
2
0
1
24
1
1
545
8
1
1
15
6
1
166
79
9
5
0
19
0
1
1
10
13
3
1
3
18
4
7
7
27
13
0
1
0
11
0
4
1
4
2
211
2
14
10
0
7
1
2
7
11
292
2
2
18
1
1
1
1
4
1
1
0
2
18
46
1
57
2
1
7
50
7
1
26
8
81
17
10
2
0
7
3
0
1
3
1
0
0
1
2
0
1
74
1
36
2
24
7
0
1
0
21
0
16
0
1
3
2
0
14
15
5
1
2
4
0
7
0
18
1
0
1
2
3
0
8
2
1
12
0
0
0
0
3
5
0
22
3
4
0
6
2
3
0
0
8
5
12
0
1
11
0
22
0
1
3
0
1
56
1
0
0
1
84
0
1
4
5
2
173
10
1
8
1
0
0
10
6
3
0
71
4
136
108
0
13
2
1
18
12
5
2
3
23
1
3
12
8
6
1
11
1
3
6
96
23
3
4
3
5
0
1
1
27
8
73
6
10
25
11
1
0
6
5
5
1
7
0
3
0
21
0
8
4
7
0
2
3
15
0
8
13
4
2
0
13
0
4
43
19
0
1
59
0
0
102
11
184
2
4
2
1
7
9
0
9
4
1
7
429
91
4
1
22
14
4
0
1
30
0
1
98
0
1
130
1
65
25
11
2
1
8
9
15
7
2
1
0
2
0
6
3
0
0
2
0
12
5
4
1
14
10
7
0
3
1
1
2
0
6
6
10
0
1
0
4
13
12
0
12
21
0
0
193
1
5
1
14
32
16
0
12
3
0
50
0
2
11
21
1
0
125
4
7
0
5
45
19
165
6
2
0
0
436
11
1
1
14
1
2
1
1
2
6
5
1
19
2404
15
0
5
26
8
0
16
4
2
2
0
0
8
8
55
1
138
5
6
0
0
0
2
2
0
0
3
113
7
4
2
2
0
38
8
1
2
12
11
0
81
17
2
4
4
0
0
7
12
1
5
2
29
14
0
100
6
3
13
162
2
0
4
6
2
1
2
10
315
11
7
14
1
15
6
7
0
8
0
1
10
2
3
15
12
1
0
2
3
1
5
3
1
21
11
24
53
18
20
10
4
0
9
14
0
3
0
0
2
2
17
0
84
32
4
3
8
15
5
24
0
0
4
2
0
12
0
12
19
5
5
0
0
0
3
0
1
55
9
2
4
3
0
12
0
0
0
1
6
8
103
0
1
4
21
50
2
8
2
14
4
0
22
2
1
326
1
8
2
25
7
4
1
1
2
0
6
1
162
20
0
3
13
1
7
2
2
0
1
1
1
4
20
3
3
6
16
1
0
1
19
2
1
3
0
3
2
0
10
1
5
15
6
14
1
10
10
55
2
4
1
9
8
1
8
52
14
2
0
1
1
5
2
0
74
1
3
1
35
3
13
7
2
2
1
1
1
3
0
4
1
0
0
1
29
1
8
12
0
0
5
0
1
3
11
2
0
11
4
2
2
8
4
0
0
0
0
5
2
3
1
8
8
4
16
204
19
0
5
0
0
3
0
2
14
0
0
0
0
1
0
1
1
995
21
3
1
6
18
1
1
0
745
0
1
33
103
0
2
34
1
18
26
11
2
1
0
6
40
0
6
32
11
2
4
1
268
3
1
20
5
1
10
0
149
8
11
99
0
1
39
45
1
10
3
3
1
11
10
5
0
6
0
17
23
7
14
86
0
0
5
1
3
0
0
0
3
0
9
0
0
11
0
0
14
19
189
15
61
3
1
1
0
0
0
26
10
3
4
27
1
0
1
18
839
10
17
25
4
2
32
3
1
1
4
1
27
10
6
24
1
0
6
0
5
27
918
10
4
2
0
26
1
7
22
1
6
1
10
2
8
4
5
1
44
4
2
1
2
30
12
1
6
0
6
1
0
8
22
120
20
21
246
2
19
9
0
7
1
1
8
27
6
0
6
43
23
1
2
28
52
4
367
1
11
12
16
1
2
0
10
16
10
0
1
5
40
0
17
8
1
581
11
5
8
1
9
4
3
0
16
13
0
0
11
6
0
12
1
2
12
22
3
9
0
1
7
8
21
0
8
1
2
3
1
31
3
0
72
7
1
27
2
7
1
0
2
10
2
13
9
11
1
0
4
5
2
10
17
23
6
6
0
2
0
1
10
1
1
0
0
1
19
1
19
0
14
0
9
3
2
2
19
0
18
2
0
37
44
49
0
0
3
0
0
0
6
1
9
1
27
0
4
7
11
10
0
3
8
0
3
18
1
1
14
18
1
2
8
9
3
1
2
0
13
10
14
2
1
13
2
1
2
257
0
1
8
4
0
5
967
2
2
2
121
5
3
0
1
18
137
2
4
165
2
0
6
11
40
1
8
0
0
6
0
234
16
3
0
7
2
3
7
4
11
1
7
32
2
7
0
16
7
0
8
2
10
2
2
0
14
3
4
4
4
0
0
0
0
0
55
1
1
3
0
0
11
2
0
0
24
86
34
0
4
18
2
1
1
8
3
1
6
2
10
0
9
0
5
20
1
5
2
3
1
0
4
3
1
6
18
10
3
5
3
9
17
0
1
1
0
3
0
6
166
2
8
1
8
0
51
11
6
11
0
0
53
6
0
11
7
0
28
3
7
0
1142
6
0
5
8
1
11
11
3
91
3
0
13
61
11
3
49
0
6
25
0
2
18
0
10
0
2
1
1
8
2
1
10
20
0
10
2
30
0
1
1
25
0
6
0
1
1
0
0
0
47
113
17
0
1
5
44
198
2
5
1
6
2
4
477
2
0
23
0
66
0
19
1
0
22
17
13
3
25
9
16
18
0
2
2
2
1
32
7
0
6
0
12
0
3
0
3
2
6
6
5
1
3
2
78
6
6
0
21
1
1
1
1
1
0
19
0
5
7
14
0
0
28
2
12
17
6
2
1
31
5
1
6
6
0
5454
10
0
22
4
1
26
2
0
17
4
0
9
0
7
617
0
14
36
1
102
0
286
6
641
0
1
1
11
0
1
7
0
2
1
16
1
2
1776
4
1
2
1
1
64
1
1
24
20
2
1458
1
3
4
2
3
24
143
6
4
8
17
5
0
0
1
0
2
2
10
13
2
2
12
1
3
11
2
7
15
1
4
22
1
20
11
1
54
18
8
15
3
4
0
0
9
1
1
28
19
0
0
2
39
29
0
2
21
2
5
3
12
16
2
5
2
187
20
115
1
0
1
48
1
25
3
5
19
8
3
0
39
12
1
6
156
23
1
0
14
2
11
7
1
0
1
8
0
1
7
0
2
0
28
2
8
0
1
3
59
0
17
1
6
1
0
9
4
10
2
21
1
1
16
5
1
14
0
2
1
1
2
9
2
0
2
9
3
0
2
0
31
7
44
10
3
1
1
21
4
6
21
11
85
9
0
1
0
34
1
0
230
25
95
5
1
1
2
0
5
6
12
0
9
0
2
4
3
42
3
4
86
7
6
4
9
19
6
1
2
31
2
9
1
19
9
1
1
17
4
3
1
24
0
1
18
1
20
5
1
106
3
0
1
3
14
1
10
0
20
7
0
0
2
22
0
5
2
3
0
2
15
4
96
17
3
1
6
1
197
20
0
491
10
1
38
1
1
2
4
1
3
13
3
5
6
6
3
4
88
0
9
2
2
0
4
0
0
8
2
1
66
5
8
3
0
1
13
25
1
0
2
85
3
0
152
2
2
169
0
113
89
312
341
3
0
7
11
0
1
1
1
1
16
8
5
2
3
1
2
3
5
8
5
51
31
27
2
66
7
3
11
1
1
6
11
1
10
0
0
2
1
21
6
1
0
12
1
121
21
21
0
6
0
4
4
6
17
94
6
0
1
9
1
7
4
3
0
2
1
0
6
1
1
1
5
1
0
9
0
0
21
1
6
0
0
10
1
116
27
3
7
3
10
2
6
0
5
0
1
0
72
1
11
1
122
10
9
144
1
1
1
3
2
1
2
14
0
2
0
56
0
2
0
2
17
22
1
66
2
297
5
0
2
0
0
1
14
13
0
1
98
0
0
12
6
2
0
4
14
3
2
39
9
0
0
0
15
17
3
0
0
1
13
8
18
17
5
0
0
9
1177
0
0
0
11
42
0
815
17
22
0
8
2
14
45
70
4
1
3
0
0
151
5
1
1
1
34
4
8
2
2
2
25
1
0
16
52
2
33
2
0
8
1
0
2
16
1
2
0
2
0
2
1
32
2
1
0
1
113
1
5
5
10
154
4
0
15
15
0
2
29
0
10
10
1
7
12
1
49
2
1
10
5
34
2
39
0
39
0
1
38
0
0
123
39
9
22
2
35
6
11
6
0
4
0
7
2
16
2
19
4
8
17
7
5
160
6
4
1
2
1
116
0
50
9
8
7
16
1
2
15
2
25
67
2
24
0
4
10
3
82
28
9
7
2
23
36
23
8
2
15
0
149
1
0
22
1
1
1
1
4
16
94
56
9
10
16
1
0
1
1
1
1
18
22
1
1
22
0
0
36
418
2
1
24
12
1
0
5
211
0
4
9
26
30
11
3
1
1
76
1
0
6
2
15
1
17
2
4
6
121
1
21
1
10
95
6
2
19
60
1
16
6
14
35
1
19
16
6
10
5
199
6
11
16
49
2
0
5
9
0
38
0
42
20
10
32
0
12
25
53
1
3
7
67
1
6
141
3
5
0
17
30
299
0
14
7
1
18
1
1
1
2
1
1
4
104
17
0
0
0
1
14
14
1
0
1
0
95
34
1
1
8
104
29
56
1
3
3
1
1
15
10
3
0
2
2
1
1
181
16
1
29
1
2
0
15
5
6
194
23
608
4
14
1
1
10
1
0
39
0
8
13
0
12
3
12
14
0
0
0
5
1
11
24
1
115
31
28
2
1
9
2
0
1
2
4
0
12
14
6
62
1
1
0
0
32
0
9
29
1
0
4
5
11
4
10
24
1
4
1
1
1
1
0
9
15
0
2
0
4
19
6
5
9
12
1
91
1
0
5
21
1
1
29
13
0
0
3
1
0
11
30
12
0
8
9
0
0
10
10
0
0
2
25
1
0
0
3
17
3
5
2
16
0
0
2
9
1
25
2
12
7
0
0
73
5
2
3
8
2
15
0
6
9
9
1
2
1
6
24
1
0
0
9
5
12
7
0
0
1
0
0
0
0
1
0
10
7
8
1
2
52
17
6
18
6
6
3
22
0
5
13
11
2
2
47
2
23
0
16
1
0
1
2
16
1
24
1
19
0
80
1
0
19
5
62
3
0
0
2
16
14
0
6
21
3
2
4
3
0
8
8
7
1
6
0
4
0
1
1
16
3
15
55
7
147
4
8
1
14
0
1
29
8
0
3
7
0
0
1
17
0
16
30
2
4
2
0
15
31
2
1
16
1
0
13
98
8
36
30
0
3
4
12
13
3
1
3
0
12
3
5
2
0
0
1
170
19
0
3
9
137
15
6
20
29
9
7
19
2
4
138
0
0
1
6
4
42
2
16
0
1
1
0
0
0
3
1
198
1
1
40
1
3
7
12
2
10
20
534
0
0
12
10
0
33
0
0
0
0
3
18
5
1198
10
10
3
7
9
24
0
1
6
8
13
0
2
7
2
11
0
14
43
3
7
6
78
0
62
1468
1
3
17
1
2
1
7
5
15
48
7
12
37
64
9
0
0
30
2
1
1
121
79
22
569
141
13
2
25
119
9
1
10
9
8
12
12
26
18
0
9
8
22
24
240
1
18
18
55
0
1
1
8
1
7
7
4
27
13
10
6
3
0
1472
2
3
12
1
36
4
74
3
3
1
77
14
1
0
653
16
9
59
29
1
2
8
6
98
4
0
195
1
0
1
0
23
3
5
0
0
32
0
2
1
6
0
26
0
0
85
2
1
9
6
0
153
89
70
0
4
6
3
0
2
9
1
2
2
6
1
3
0
9
0
10
27
0
20
0
20
0
1
1
6
0
2
718
4
0
2
1
2
14
15
1
14
11
0
0
1
1100
5
3
8
0
2
3
0
2
15
3
184
2
0
23
14
5
17
0
0
551
11
4
1
53
10
13
4
1
149
0
34
1
1
25
2
2
2
0
9
529
14
0
224
3
0
140
34
0
1
1
10
1
5
0
9
0
0
0
1
0
0
11
1
0
2
1
30
13
2
6
0
19
7
18
161
9
53
8
160
5
0
1
0
4
25
2
1
3
4
7
4
10
1977
3
14
3
14
2
2
0
165
10
0
0
29
1
14
1
236
9
6
34
6
0
1
5
0
1
0
0
0
30
1
3
1
1
30
11
7
1
13
37
0
16299
1
2
0
21
1
16
15
13
0
1
4373
6
24
4
530
4
6
15
10
1
8
7
17
3
1
12
6
132
0
1
42
0
0
6
0
0
12
9
0
13
2
187
25
9
1
3
22
5
1
12
0
0
0
1
5
7
0
17
14
56
1
1
42
1
2
1
8
10
1
95
7
1
296
1
1
6
11
11
24
19
43
32
3
1
17
0
14
23
23
3
6
1
4
1
5
2
1
6
127
2
3
64
28
6
0
1
24
5
0
4
1
1
1075
12
7
1
3
14
1
1
1
10
0
3
1
18
0
4
0
2
35
21
0
0
9
0
3
4
0
0
13
3
7
0
1
0
4
14
1
0
0
9
15
0
8
3
0
486
0
15
15
12
603
0
134
5
50
1
7
11
1
56
2
6
0
1
14
14
18
0
13
12
3
1
1
151
1
5
1
0
5
3
16
19
53
10
133
1
18
1
0
5
4
1
9
1
2
73
7
6
2
0
270
25
8
5
1
17
13
1
2
31
6
1
0
12
4
0
3
0
3
0
2
1
1
11
15
20
77
1
1
39
0
1
4
43
7
9
0
14
1
15
1
9
11
34
18
6
2
1
1
31
3
1
9
2
95
1
3
2
3
1
2
0
46
2
0
13
18
13
2
1
4
0
4
4
0
0
12
115
11
21
16
1
0
38
3
11
2
4
3
4
0
2633
52
4
3
1
0
35
0
7
29
1
1
2
1
1
1
11
5
22
15
1
16
13
10
0
10
1
0
4
56
6
1
5
0
1
1
0
1
3
0
5
1
1
0
1
44
0
0
29
13
8
2
11
3
10
3
13
6
1
6
52
2
14
0
1
27
1
2
4
1
70
2
185
21
0
36
319
4
0
0
2
8
0
0
4
13
0
3
15
6
35
126
1
8
14
3
36
8
3
7
3
1
12
26
1
3
0
41
25
0
1
9
7
2
1
2
2
20
10
0
517
63
4
0
2
3
1
12
2
14
4
10
2
2
19
1
27
0
1
9
2
25
9
4
16
3
15
2
1
2
2
2
3
4
1
7
62
93
1
1
4
0
9
1
1
20
0
1
0
3
171
15
3
0
8
7
1
50
326
18
21
23
0
0
0
9
3
8
8
1
178
0
2
3
8
1
33
0
0
3
6
9
2
41
12
4
5
16
5
7
2
13
1
0
0
0
96
8
1
1
0
1
17
34
0
0
5
19
10
1
3
2
1464
3
34
4
27
14
1
1
23
8
5
2
4
9
0
50
1
0
1
15
1
34
9
44
12
1
29
0
117
0
0
13
0
0
2
6
2
20
12
1
0
15
2
8
0
0
2
5
11
0
0
10
5
1
2
4
7
1
16
11
7
0
6
0
0
1
23
1
1
2
0
25
1
45
0
4
4
0
10
7
4
8
9
10
0
0
2
16
8
6
0
1
1
6
0
1
23
1
3
5
8
1
4
56
23
7
0
0
0
80
1
1
16
16
7
16
1
4
19
0
0
13
0
1
21
0
2
1
3
39
9
5
0
5
2
15
7
14
11
29
0
10
121
6
0
11
5
10
2
1
13
11
10
12
11
10
0
10
11
16
10
8
9
7
0
11
2
0
1
5
1
11
2
12
292
23
3
2
10
0
3
16
0
4
6
12
1
1
184
0
21
11
12
1
0
8
1
22
10
0
20
37
0
8
0
0
0
7
11
2
71
1
15
4
29
3
1
35
0
1
0
79
10
6
9
28
2
7
1
6
21
0
0
0
10
15
1
6
2
7
2
34
3
0
1
12
6
6
10
10
10
6
2
28
137
0
0
22
0
