1 27
2 60
3 105
4 135
5 129
6 226
7 199
8 215
9 251
10 219
11 162
12 213
13 188
14 202
15 166
16 146
17 159
18 128
19 114
20 136
21 128
22 113
23 122
24 89
25 106
26 63
27 77
28 92
29 51
30 57
31 49
32 45
33 46
34 58
35 51
36 43
37 24
38 41
39 18
40 27
41 36
42 25
43 21
44 26
45 24
46 14
47 14
48 13
49 24
50 17
51 13
52 21
53 9
54 10
55 7
56 15
57 13
58 14
59 8
60 5
61 3
62 3
63 8
64 3
65 1
66 11
67 4
68 6
69 8
70 7
71 11
72 5
73 2
74 4
75 2
76 4
77 1
78 2
79 1
80 2
81 5
82 3
83 1
84 4
85 4
86 4
87 3
88 3
89 4
90 1
92 2
93 2
94 3
95 1
96 2
97 1
98 1
99 3
100 2
101 2
105 2
107 1
108 2
111 2
112 1
113 1
116 1
119 1
120 3
121 3
122 1
123 1
124 1
125 1
127 1
130 1
131 1
133 1
150 1
159 1
161 1
162 1
167 2
171 1
174 1
175 1
178 1
183 1
187 1
188 1
197 1
199 1
214 1
301 1
338 1
359 1
366 1
465 1
480 1
700 1
1087 1
