1072
2285
2394
2032
1823
1855
1887
2691
3034
3455
1641
3088
6676
1449
2499
2532
4221
3001
2608
5446
3367
1981
2093
2611
5231
2054
4231
13352
6442
3892
2212
1790
1433
3792
1448
4293
1459
6562
3037
1126
2084
1685
1861
3083
5010
1023
1249
1953
1851
2943
2987
4004
2601
4655
4004
5776
3474
4838
1248
4961
1479
10528
3338
1350
3079
7333
2259
6136
2689
1599
4646
3559
3782
2282
1498
2202
2190
1793
3062
1864
8175
2174
5885
4974
1256
3828
1199
5277
1054
2825
2001
1284
4706
2715
1043
2012
1415
6280
2454
1279
1250
1104
6140
3100
2403
4597
1969
3208
3197
5416
1411
1773
1764
4682
2912
1117
1194
4229
2289
4797
8532
2890
2611
3112
1644
1268
1492
1221
5240
2794
1097
3361
2652
2184
842
1640
1310
2669
2470
3240
3519
4988
3679
27954
995
1263
4028
2539
2744
1870
2086
3948
2345
4176
10487
1822
2647
2907
1712
3139
3888
2621
2078
2040
929
1267
2700
1550
1246
2804
3098
1825
3991
4226
10259
2480
3604
1886
6808
2112
2541
1803
3379
2535
2113
2181
2549
3290
2900
2809
3456
1495
10076
1628
1407
4542
2264
1321
3576
2398
6668
2739
1684
1519
5561
1701
4341
1630
1257
3693
5725
1803
2003
2298
2301
2713
2345
2174
2136
1894
4906
1530
4920
4898
1501
1975
2570
1218
2215
2040
3273
2026
1791
1486
1663
4080
2334
3505
975
2528
3086
2489
2267
5180
3603
1655
1831
6270
4094
1832
1337
2771
2977
1459
2406
1793
1136
2124
4656
1193
2758
2160
1667
5975
2557
2840
1796
4779
21521
1670
1976
1475
3702
1294
5835
1509
1807
3101
1834
2531
997
1113
1044
1687
2450
2163
1995
3142
5079
3480
2531
1426
2138
1452
1328
1670
4038
1861
2028
1452
1310
5599
3016
11162
8233
805
2402
1088
2271
3512
1201
2752
2044
1380
1343
997
11488
2373
101467
1674
2423
2597
4322
3357
2144
2070
2414
2604
5287
3546
1374
1489
959
1859
4088
1115
4034
2061
4006
3956
2939
1250
4429
954
3159
1916
1718
1837
2199
3317
1754
3917
1944
3913
3189
2548
4068
4933
5603
1439
4825
2728
1619
5293
2900
4117
2408
3853
3029
4159
2900
2902
3439
4437
1232
10928
1283
7906
2878
1365
1743
1538
980
3310
1080
1605
2758
2690
1750
2053
3549
2169
1541
961
1435
12321
2831
1325
1478
2778
1059
1811
2501
3508
3377
1276
2635
3652
2267
1503
4712
1669
2570
2176
1258
2271
4904
2378
1778
1542
1489
1001
891
4126
3340
1044
2868
1287
1847
1918
3229
3047
3641
4185
2684
2841
2101
3169
5533
1062
6573
1095
1452
13695
2390
1594
2949
3272
1998
1338
2612
5484
1969
1217
2177
991
4294
1472
6203
2745
2184
1676
4900
1733
2582
5345
3340
10655
1810
2275
2187
1007
4454
941
3117
1937
1934
1354
1259
1595
2818
5099
8963
2212
2147
3210
3174
7598
2213
2277
1319
2808
1506
1833
1939
1224
1046
4677
4100
1978
1343
11246
2781
967
2038
2891
2456
3007
1045
4352
1815
9198
875
2774
4964
3166
1067
1669
1954
1595
1029
3430
3624
4908
2130
2016
3727
1610
3451
3178
2714
4313
2006
1722
3537
1921
3481
4494
3024
3139
2632
4101
10899
1491
1994
1950
1951
869
3286
1322
1848
2136
3767
13324
2026
3597
3555
3886
1715
3233
1923
1790
2393
1761
1868
2145
2027
4247
3144
2582
2757
1356
1975
2018
1895
2596
2932
3433
958
4638
2261
3092
3259
3618
5117
1630
8134
1204
1077
5253
4723
5160
2076
881
3078
1508
1221
1632
2419
1679
1210
5599
1147
4975
4389
1433
3732
2068
1221
3297
8271
3478
3155
1544
3567
1363
2092
4003
4082
4252
1794
2660
2722
3865
1512
2516
6660
6721
3257
1742
1600
2041
4132
3110
1316
3329
3831
1581
3312
1519
1868
2195
2429
1842
1054
2394
2163
2313
1935
7211
3650
2063
2623
1242
1403
3415
3093
1337
2287
2712
3995
1659
3207
2107
3642
2145
831
2162
2227
1034
1467
1485
2366
2044
1595
1487
1898
3483
1600
3364
1764
4438
2057
1076
1132
6659
1349
1983
2194
1236
4190
2711
1766
2767
3196
5602
2659
1481
2995
1717
3487
1477
1608
2311
1195
1912
5326
1077
6083
6129
4689
2097
2870
1967
2647
1534
3958
5612
2316
2273
3319
1866
1213
2031
4716
856
1239
2139
11227
6796
2283
3558
1363
2322
2859
2482
3700
2543
2250
1405
5086
3035
2190
6896
2215
2044
2044
2351
2892
2864
4557
1343
971
4964
3666
2056
4472
2859
1443
1236
2072
1759
7677
2500
11087
673
7785
2051
1005
1151
4712
5432
2719
3936
5022
4463
2953
3529
3083
2096
6691
1898
6435
1703
2177
1776
1708
1627
4650
4305
3085
2223
1903
3142
1735
1783
2607
1871
2063
2182
1139
2349
1794
1063
2721
5565
1220
1524
1970
1636
8402
3607
1415
2638
4001
11980
2405
2543
3106
2998
3692
2944
1888
1842
4723
1953
1685
1349
1598
1740
2029
1772
2143
2060
1504
2112
1172
3261
1986
2217
1641
1395
3759
1114
3077
1395
1319
1570
846
1324
2628
2369
2893
2692
6424
1389
1983
1090
2720
4925
3125
1732
1844
1391
1986
2337
1818
1666
1796
3349
1897
2627
3396
2069
1201
856
3802
1992
888
1300
3044
4123
1895
1667
2660
8695
1184
1674
1216
2480
1696
3442
1324
13312
2095
2653
2125
781
2850
1315
1752
1323
5127
4328
1450
2399
1636
1979
2266
3576
2113
8576
1991
1418
3416
1220
3002
1638
2554
3450
1581
3211
2283
3491
1618
2276
3161
1869
3229
5010
811
1747
2296
1532
1049
1958
1745
1938
1839
2181
2543
2298
2997
1439
3814
3769
1157
2400
1449
3278
1472
3291
1527
5788
2264
2435
5938
5309
1225
2584
2020
1871
1597
2530
2108
1578
2963
1680
2393
1289
2841
2507
2957
4612
4731
4013
1399
8303
1381
2636
5664
5525
2377
1383
1648
1797
793
1672
3132
1323
1353
1523
3761
1593
2931
2999
2347
1651
1591
2789
2173
2567
2472
1780
1794
2478
2754
2171
1610
4771
2871
4987
1846
4932
3469
2975
3357
4785
1157
1096
5720
16250
1607
2738
5007
3381
35908
2250
1966
5739
2356
8170
2043
1850
2736
1192
2765
1367
3366
2651
1659
1335
4481
2705
2085
5458
2809
1168
784
5729
3729
1607
2340
2582
5971
3175
2947
1192
1172
10897
1123
6419
2425
1326
2975
2588
8022
5168
1525
2754
5134
7393
2194
8535
3173
1792
2832
2950
2516
1522
1805
932
9716
2086
2763
4870
3095
2684
1586
1740
10926
4914
2359
2048
776
3089
2607
1969
1653
1590
3324
2985
3210
1707
4168
2378
6988
1923
3333
2142
2537
2612
2135
1883
1841
2575
17830
7972
3293
9652
1636
2105
3372
1181
3248
1260
2098
2438
3244
2515
1682
1567
2963
1148
1683
3935
2335
5123
1078
2438
6149
4282
1892
2949
2525
1691
4164
1693
1690
3952
3025
3578
1634
2297
2464
10626
5050
5010
4285
1458
8609
2279
1582
1727
2330
1611
2479
4622
1996
4781
5281
3610
3747
2384
2767
1948
1665
991
2276
4620
3802
1678
3124
2784
2600
2253
1759
1844
3229
1173
2995
1647
1145
4433
1800
2244
5106
938
4622
1680
1050
2370
4720
1246
1454
9320
12484
3937
5199
2468
3979
5796
3548
2039
1329
2176
2409
1345
1242
2548
2378
2980
3250
6235
4392
1738
4632
10952
1791
3318
3856
3615
3048
1103
3497
2972
2769
1568
2490
1814
2838
1714
1282
3599
6365
3818
5233
2936
5058
2834
1623
4203
2391
3234
1930
1452
1366
4048
1675
1963
1842
1471
2126
2241
2000
1404
2052
860
1866
1778
1409
1226
3224
1935
1498
1239
1512
1854
3341
6284
2079
1686
4647
3472
1382
2318
2234
3779
2401
3128
1481
6625
2032
1752
1896
1200
1539
1158
8263
4448
1399
1840
3277
1451
8417
5768
2007
2425
2976
3345
2654
1969
1426
3216
2322
1695
1512
4211
1549
3297
1506
5105
6289
1316
5030
14406
3412
2797
2699
4769
2452
1951
1443
1932
2432
4124
3668
3078
1736
774
2016
4444
2710
5216
2452
1245
1878
2819
2618
4904
3287
4126
3696
3370
3227
1218
2541
2356
1193
1468
2211
2061
4806
1264
1249
2055
4620
1225
5012
1794
1336
3073
2624
3049
3128
5340
2226
1844
4348
2235
5137
1027
2490
3666
1148
4786
1750
5548
1341
2501
3241
96743
2604
3656
6728
895
1392
2933
1795
7565
1565
2335
2676
2502
1147
1796
3287
4909
2905
1257
2036
3490
3096
885
4340
2635
4870
3237
1725
6481
1371
1891
4655
1644
1589
2419
1127
2625
2948
2863
9135
1121
1696
2012
7607
1218
3104
3810
4835
3641
6364
2710
1416
2336
4977
1482
1752
1977
1224
4051
2965
2171
2008
4085
2416
1549
2720
4913
5570
3014
2912
3019
2763
1892
1117
1094
1271
4035
1245
4344
1141
2743
1939
2303
2340
3312
1973
2537
2163
1535
2117
1751
2136
2255
2545
1383
1626
1223
1976
1677
2609
4341
3133
2259
1079
1405
2542
2809
1939
6192
2091
2586
1965
2424
3971
2257
2054
2383
1125
2716
5115
1885
2029
4527
1540
2045
3574
3467
2653
1598
891
8372
5517
1017
1028
2523
1288
2476
3209
2464
7505
1624
1363
1300
3611
1624
2936
1284
2343
1536
2854
2991
1669
1245
4066
4995
2611
4443
1927
3549
975
1079
1912
1692
1693
3741
1735
1578
987
655
3145
1693
1877
3727
2834
2241
4370
1543
3305
2709
1515
1453
1550
1852
1279
4398
3274
1805
2130
3187
2524
1929
5342
3862
4317
4946
2248
3916
3510
2123
1532
4366
2606
2875
1464
1082
2494
1704
3566
4027
2498
4544
2123
2454
5947
781
5879
1765
2170
4436
1694
1387
3226
3960
2402
6282
98258
3534
2229
2950
1608
2933
3644
1858
4671
2229
2528
3130
1500
1496
1418
11011
3614
3447
2390
1928
2169
1919
3459
1695
1378
4727
1594
825
3618
3600
2065
1168
4056
1996
3218
2501
2279
1774
2813
3117
1282
3279
1199
1016
1479
1789
4359
6785
13783
4108
1645
1953
3050
1562
5181
3473
1143
1166
3742
2573
2411
3246
8028
1329
3866
4293
3592
1683
2369
1879
1749
1277
3175
1396
2495
3481
2059
4036
1744
1706
2445
1293
2494
3707
2295
4947
2005
1394
969
1830
994
1462
2807
2437
3607
1257
3871
1924
1560
3287
2391
2710
1460
1322
2080
1419
4214
5289
1721
1764
5007
5593
998
3651
1280
1181
2485
2009
3692
2282
2937
3597
3078
2522
1804
2949
3831
933
1161
5157
1668
1134
5226
4664
4257
1574
2193
4189
1882
5187
2125
2388
2444
5581
1786
1408
1762
1312
4533
72043
2680
5031
2724
3353
1210
4529
1339
3997
1322
3823
1801
3738
4378
1876
2936
2952
2444
3018
2235
2567
2443
1321
1290
4378
4858
1423
1165
1514
2105
1672
874
1913
2639
3125
5277
2585
2569
3355
2821
1139
1935
1765
3108
2120
1480
2798
1342
2268
1147
5640
1923
2015
1139
2214
2627
6991
2977
2976
3306
2219
1349
2218
2346
2281
3649
2171
1713
1203
1449
1401
1973
2599
2168
1844
4044
1376
1961
1587
1871
3346
1240
2544
1933
3879
12810
1188
3352
1274
2501
1970
7138
2444
1258
1376
2855
2509
1361
3388
2640
1837
793
1467
2678
2197
1403
2629
3781
2638
2205
4797
3909
2411
4405
2551
1192
1789
2058
1517
1090
11138
6575
2472
97913
1741
2887
1085
9176
4097
2262
4682
1839
2580
1713
5157
3402
2133
2165
1605
1787
2198
2707
2583
1984
3746
1945
4797
1569
2469
2508
4768
1930
1524
2308
4254
1538
1340
2863
11123
2029
3023
1906
1067
4714
2847
3055
2456
5521
5163
923
1272
2451
1907
2027
1436
2019
2401
2431
3638
1663
2849
6118
2704
6430
3403
4886
3751
2544
1619
1123
2349
1331
2808
1976
2001
3522
2092
3382
1646
1513
3036
2079
3605
2579
2725
1988
997
1661
2315
2452
1742
1479
1626
1166
2092
2111
1679
2366
1464
2845
1447
668
1910
2073
1508
2150
1805
1945
3005
3351
5162
2816
1910
2512
1602
1311
4456
2234
2252
3883
2450
2689
2490
1833
4047
3697
1455
4436
1871
2752
1648
6717
5842
1086
1764
3188
14210
1573
2075
1587
2428
1395
5943
1223
2147
1534
3211
3459
1880
7659
952
1852
1653
4072
1133
4290
861
3495
706
1101
1595
1810
3164
1030
1214
2223
2141
2539
3340
1278
1127
1578
1912
2586
1401
5271
1435
1113
948
2147
2948
1564
3562
11834
2173
1755
4110
2017
2108
1087
3157
2011
6284
5577
1762
21290
1505
856
3009
2251
1989
1353
1436
2389
1233
1505
2455
1542
3348
1763
2354
4875
5593
2328
3683
1208
3375
1683
1974
2253
3883
1136
1692
1160
3919
1204
2045
1334
1485
1795
2424
4039
3195
1402
3239
2018
1920
2038
2819
2557
5906
2074
2654
991
10401
1648
2383
2073
3761
4783
1825
3387
1298
2650
4226
823
1184
2387
3899
9272
1997
1825
3189
6967
5072
1310
1700
2895
1895
3155
1372
2774
6260
3173
1606
4916
3191
2941
5283
3221
2531
3537
4708
7363
1560
1357
1082
1275
7779
1384
1640
2339
2277
1718
2088
2247
2317
2988
2240
2881
7790
5980
1506
1555
2219
4652
1428
3081
4133
4035
1834
1751
4872
2728
1175
1306
2097
3696
2520
2032
5353
3974
2182
1502
2620
1884
1559
2326
2695
2013
2162
2646
2013
1763
2028
2202
1070
1743
2020
1010
3597
2395
14361
4372
1724
13539
960
2604
5025
2862
2591
2204
2710
1966
6743
3929
1493
4146
2752
5429
3151
1653
1036
2344
1220
1914
3640
3016
1024
5427
1454
3361
1921
2470
1998
1931
1474
1693
2300
2782
3244
2771
1007
1864
1681
2598
1734
3133
3843
4462
7023
2036
3125
2867
1262
1576
2680
2430
2130
1553
2875
1295
1432
2684
2858
1267
1451
1827
16861
2210
3338
1122
1689
7271
2875
1774
1341
1175
2421
3004
2000
1508
1701
3628
1871
3210
5373
1479
1696
2663
1917
4516
1043
3331
2365
1585
1409
2410
3403
7437
1660
2380
3366
2878
2417
9074
1560
5550
762
5261
1347
1536
12671
2940
1673
1604
1326
3019
1523
5120
1615
1425
1633
3507
1840
2027
1838
3472
2263
7101
2199
2772
2423
3304
1373
2946
2212
1913
3842
3915
3840
4687
3394
2916
1209
3706
2516
2383
1405
3903
1339
1758
4162
1483
1865
2121
2113
1652
2475
2977
5392
2117
3178
1732
1269
1594
2567
4621
5629
1307
2451
1453
2966
3912
2384
2002
1868
3115
3298
7342
4431
2818
4458
1835
1749
3684
1690
3845
4020
1420
1114
5591
2484
3112
2284
2106
2215
2836
3135
2385
2272
1696
871
2866
1422
2938
6679
1190
4885
4101
3449
2678
6185
1690
2552
7132
1845
1860
3938
3796
4784
844
18877
1198
1396
2829
1943
4174
4838
4932
1659
1336
1533
3763
1994
2922
2013
1904
2633
1789
2741
5160
2463
4240
1728
5624
1029
6085
3979
1139
1335
2008
2118
4299
1493
2334
2063
3538
1670
1998
3239
2403
2132
6951
3646
3778
3088
1815
1050
5751
2455
1725
1618
1454
2774
3004
1148
3093
1736
1992
5714
4355
7805
1459
3973
3528
1851
2040
1941
1195
763
9530
6798
1409
5052
2481
1255
2442
1147
2110
1445
2458
2250
1050
6062
2547
8660
3357
2304
3878
2042
1320
2363
2082
1698
3014
1618
3634
5671
2970
1135
1627
2290
1984
2350
7366
1011
1847
13078
1357
2640
6090
1181
2781
1214
1455
1298
1762
2939
7214
2561
2171
1840
2222
1295
9021
2375
13037
3410
1301
2770
950
2217
2659
7512
2099
2906
2399
2026
3777
3140
2313
1700
2000
2860
3710
3038
1998
1405
1730
1641
3844
3417
6110
1943
1507
6519
7128
1827
2339
1564
4463
2016
1502
2110
1254
1889
2053
2198
1396
4241
2213
1870
2219
3045
2750
1590
3422
1979
2765
2314
2101
3832
1534
3267
1293
3213
1701
1118
1365
2697
3895
2754
2622
2054
2758
1830
1906
983
1910
2699
2906
2161
4831
2544
8325
1768
2449
3073
1387
5057
2936
5955
2643
2584
1085
5022
2826
1290
1666
3741
1067
4449
2816
2563
3205
995
809
1867
1958
5419
2095
3356
1270
2756
2483
1959
1317
2498
3706
2463
1592
2604
5722
4746
1734
1613
1262
4452
3124
1776
3079
2153
5983
1832
1480
2377
1780
2851
3540
1602
5315
4758
4050
3431
2322
2583
4562
1644
2456
1798
1280
1465
1541
1505
2041
1730
2125
3896
3672
1246
3044
1264
6065
1855
4161
3338
1630
2893
2005
2667
2010
1715
1677
2591
4400
2813
4366
2830
2765
3540
2034
1433
4107
6627
1849
1800
7321
1882
5404
2383
4173
1935
2597
4220
5131
2674
1815
1100
2387
1365
1974
8323
2255
2160
2886
2202
2859
1396
5114
3295
3246
2302
2474
1221
2723
5775
2369
3493
1427
2993
1444
2708
4091
2120
3123
3354
2454
2448
3266
1670
3362
1564
1666
2205
2390
1746
2093
5573
1999
1232
3147
1494
2924
1948
2030
1935
1305
2513
1783
1810
3516
1178
3258
1766
2018
1523
2085
2387
3552
12068
1671
1262
2046
2843
1346
2936
3776
7834
3420
1285
2677
1876
2879
3005
3403
1458
2022
1456
3617
4790
2666
2438
2033
1351
2290
1739
3032
4066
1907
4645
6651
1842
3038
1617
771
2217
1473
2672
2139
1677
6162
1682
1924
1478
2107
2094
1607
2881
1983
1065
3549
4196
2630
2835
2931
5719
3061
2607
1514
2124
8452
2771
2658
4221
138754
1820
1254
1744
1206
3155
1082
7031
6082
5365
5523
1388
4423
1004
2218
3827
3019
1609
1617
3157
1974
8622
1240
4027
2302
7065
2062
2761
2428
2157
1160
3082
2584
1964
1515
1544
2295
1738
1165
1245
1402
5447
1262
1807
2752
2295
6058
2033
1791
2522
6584
7312
1759
3578
2446
5613
1587
3885
1688
1083
6077
2011
1469
1023
1614
2799
2156
3478
3044
2880
2131
4359
2328
3443
2169
2125
3055
1374
1716
3014
3932
2147
1245
1441
2439
3767
2073
1728
2617
1963
3766
5099
5537
8904
2662
7055
1476
4404
2126
1686
1707
9369
1336
9180
2130
3024
1887
2335
1891
2760
5984
2906
1876
4640
3116
2104
1565
1941
2008
4274
3339
2467
2166
2532
3995
3639
2674
3636
1565
987
7245
1818
3873
4874
2089
3799
1576
6920
2864
1571
2745
1615
3671
2858
1074
1502
2240
2820
1994
3691
1760
5390
2149
1946
1242
3387
1463
2128
2873
1906
3741
1776
1764
2589
2416
2692
2542
1545
1603
3605
3926
2889
1992
5287
2583
3629
1805
898
2300
1184
3521
3532
1481
1709
2384
1167
4396
2666
1515
1889
2706
1852
4134
3986
1483
3398
2905
2418
2143
2128
3101
6589
2861
2185
1644
1414
1866
1040
4619
1320
2097
5121
1874
1781
2880
1979
8310
1741
2064
2319
7317
2138
1705
908
5469
1087
1502
2104
4675
2121
3453
2114
1245
8154
1542
2347
5586
1549
2417
1858
2376
1298
2032
1720
2368
1648
1067
3624
3494
2623
1234
1639
2135
6111
2678
3541
1494
1548
1605
3631
10458
1003
3410
1431
2780
1819
5481
1338
6125
1320
4325
1763
5251
2313
3232
1403
2779
5250
1767
1019
2921
1053
1683
3669
1574
6156
16363
1342
959
4021
1241
1177
1334
4487
3617
2740
1477
1947
2350
2391
2243
3628
2380
6333
1291
2786
1854
1381
1016
2908
5822
3641
1069
1992
1250
1443
2427
1369
1295
2825
2507
879
1546
11539
1027
2916
1553
6095
8579
3473
2841
1339
7526
3469
4318
1492
1448
2451
1245
5629
1772
2355
2798
2391
3182
2906
6355
926
1836
1611
1198
1720
2211
1996
1192
1539
4836
887
2379
2274
5621
2306
2024
2552
1658
6232
2780
7619
1225
3695
1287
2369
1974
1478
4894
3364
2126
2114
2511
5686
2507
3290
3611
2501
1924
3435
2219
1495
1350
2450
2581
887
2700
2195
2029
5897
1188
3269
4951
8454
1517
1990
1653
1249
2306
2862
3948
3391
3243
3358
1737
1997
1585
2664
3023
3637
2596
4712
2877
1942
4373
2284
5348
2111
2156
2989
4497
2063
2389
3959
1405
6792
3023
3582
1843
2045
3728
6163
1153
1273
2910
2253
1112
2977
1528
2578
3335
2918
1854
2890
1403
1089
2309
98925
1807
2691
1184
1268
1532
2880
1953
1417
4159
1783
823
1437
2804
1176
2754
3124
3097
2207
3230
1872
5921
2078
3613
3496
1511
1493
2349
875
1986
2707
5463
1447
1663
1651
1586
2372
1687
3382
2945
3455
3691
2717
1685
787
6061
3813
2028
4402
2378
2291
2815
3046
3149
4454
1404
4277
817
1871
3157
2324
2187
1889
3165
2078
1962
1096
1916
2417
3011
2713
4142
2948
1602
1126
1358
1312
3169
3137
4409
2014
1465
3172
3831
1548
2042
4676
4676
2740
2509
2122
1713
2170
3127
993
2100
1949
1953
1583
3613
2377
3824
3561
3147
2385
3805
2434
1598
2723
6977
2382
3303
3684
2882
2822
4896
1624
1260
1998
1797
5817
2211
4098
2250
1722
1661
4752
1696
5568
2050
1346
1013
1849
2030
1673
3509
1006
4113
4258
1223
3402
1649
2913
2139
2660
2097
1445
1846
4818
8090
2176
2854
1263
2014
2463
1501
3268
3882
4678
1703
1010
2511
2657
1227
2874
3711
1648
1176
2127
3623
5322
8271
3982
2235
2431
5998
1654
1684
9518
1452
3156
2341
2313
1478
1616
6762
2495
5691
3589
1008
1382
1735
2692
968
2218
4487
1704
2496
2030
1452
2037
1536
1359
2415
1460
5015
1419
4840
8106
1648
2684
1074
7333
3595
2972
3065
2837
1878
3733
1035
1504
2431
2119
2433
4321
2000
1394
1402
1233
2123
1066
1475
5564
2044
3164
1700
2316
1602
1138
4245
2461
2295
2426
2777
6122
2272
1952
1826
2826
4128
2262
1599
1332
2366
1746
2866
1420
5406
1776
1152
2799
8365
4667
6202
1645
4058
1569
2967
2339
3871
4320
4564
1262
1283
1107
3390
1602
2353
1795
851
3101
1560
3549
2221
2488
2809
1610
3468
3728
22868
3055
1210
2258
3299
1545
1090
1458
8310
2690
1500
3460
6652
10919
6884
2304
1394
1296
2817
2747
3203
2000
1157
3700
2026
3486
2024
1348
6174
2265
1981
1984
1869
1573
3967
1614
4006
2412
4423
2413
1675
3041
1434
2544
3427
3407
2238
2406
2702
2515
2007
1641
1733
1443
1786
1398
5023
3180
4370
3033
3210
1727
1265
5510
6930
2887
3743
2102
3955
2800
813
2922
2149
1074
7262
1858
5603
961
1305
2242
3990
1107
1392
1031
11491
1454
3195
1840
3612
1013
1894
5461
2744
3681
2188
2087
2693
4446
1266
5413
1837
3624
2166
2974
5034
4160
1881
4103
3959
5532
1135
2650
2916
3024
1343
1544
4929
2433
1363
1508
1660
1729
1567
3708
2177
5043
2630
7454
2579
2632
1090
5791
2417
3800
1764
3113
2590
1003
840
2611
2923
1261
1350
1431
1948
895
96511
1231
5109
3317
1757
4736
1964
7164
2139
1434
7797
4575
1556
2994
2214
10868
3548
2193
1990
1963
2107
1509
2837
2459
1865
3690
811
1592
2223
2472
1333
2662
4338
1892
2056
923
7120
2803
2178
5619
1579
4637
1279
1301
1231
10166
1273
1353
3602
1680
1836
1368
2226
4279
1598
1223
3169
2140
3620
2244
6115
1464
1236
2374
3265
1857
5192
3439
2620
1864
2859
5816
2412
4142
3357
2192
2211
2633
12675
1627
1323
1514
1208
8522
1108
4681
1485
2443
5308
4115
3134
3509
2568
1846
2156
2112
814
4891
1598
1529
2571
1018
2415
1364
2193
2932
1600
3154
1524
1326
1248
6765
1224
1176
4755
2279
1993
1631
1018
1659
1296
1195
1657
2288
4245
2675
2609
1913
2186
5730
1313
2331
2567
2801
1274
2365
5699
2672
1938
1593
1632
1516
1058
6058
3045
7083
1441
1760
1728
2085
6475
2219
2817
3472
3743
1175
1261
1908
1059
1757
1546
2866
3484
3200
3757
2924
1496
2038
10947
3206
2365
3712
1259
5217
7567
2294
4861
3345
5441
1526
3374
3510
1657
2580
6229
3883
7319
1980
1421
1218
3199
2752
1561
1130
1315
5566
2235
894
1873
3381
10634
1313
4398
1297
2930
1413
1867
1154
3044
1684
1757
2743
1577
2381
7686
1478
3358
2087
1072
2119
2864
2279
3465
1331
3312
932
1943
1223
1727
2072
1743
1360
3036
5866
2969
2773
5172
2330
3088
1835
2476
1383
2337
3483
2613
2940
1528
2572
1572
778
1349
3949
2074
3473
1227
2039
4804
1767
1393
2464
1532
2487
4901
2785
4754
4104
1811
2157
1798
5741
1649
1701
2033
2844
5613
1942
1393
2567
1378
1548
1961
9213
1607
1637
2149
5757
1618
4112
1645
3023
3237
1083
2248
3055
1508
2352
3392
3243
2899
3372
1634
1582
1920
1458
2659
1588
3144
2236
3409
2563
1760
2266
1214
3225
1451
3004
4090
1737
