-9
6
13
-1
-21
54
1
-6
5
4
-1
0
-49
-8
9
28
-13
8
-2
10
-74
-48
2
17
-162
-4
-11
33
0
22
33
-19
136
-4
-11
-5
367
-7
86
-72
-3
1
-268
516
-22
-72
63
-43
10
-5
3
71
222
132
2
0
-30
-1
17
-11
57
112
-25
-28
-1
11
-115
1
-1
62
-11
1
-209
7
-4
-8
22
-35
1
-102
39
-27
-1
-5
1
123
-10
56
-106
-8
-49
-71
20
-12
189
0
1
19
1
0
10
-3
2
-46
-15
-10
5
-34
3
53
6
-124
0
-1
-9
28
2
10
12
-1163
8
-5
-4
-448
-957
-17
246
5
-1
77
-1217
-15
-47
1
3
-1
430
2
-8
-4
-7
-7
22
5
-117
8
-606
-12
-22
-37
146
-973
11
7
194
4
-5
223
-7
-1
-2
97
6
167
-15
93
143
21
-32
-5
-8
-57
-8
30
-9
81
-21
4
4
26
-128
-49
-7
1047
1
46
8
1
18
19
-111
19
29
8
-6
-9
-10
-53
8
5
-8
39
141
2
0
-6
95
-4
48
-957
142
-5
1
1
-30
-82
2
-19
1
-1
-5
18
-29
34
-3
-49
3
-93
-908
-988
145
1
-23
-6
-2
2
-13
-2
-42
-10
23
-20
-10
0
-4
37
-4
17
-7
0
2
-39
-1938
0
-22
-1
-22
-6
-93
147
2
-7
12
-4
-12
2
-14
-151
27
53
2
-1
-10
-130
-132
-22
-21
-23
8
-53
5
3
1
1
-1
-23
0
218
0
29
17
136
-6
-1
-649
-2
8
-15
-1
18
3
87
-3376
64
-15
1
-10
7
69
4
221
630
93
171
1
2
6
13
3
296
-5
2
-14
1
-19
-225
-203
26
10
109
35
1
-108
-5
50
0
41
1
0
24
-353
53
-5
-7
2
4
-4
-10
4
-27
2728
245
-41
-26
7
2
12
-21
2
-13
1
-1
23
-4
-8
358
-1
-14
-17
-65
-2
1
12
0
-34
161
-28
-15
113
9
25
-59
4
2
2
28
-99
-10
5
-5
-13
155
-6
4
-2
-144
0
35
-12
-7
107
15
1
-5
160
-505
192
0
-128
-33
9
-33
4
389
18
-32
-2
-5
1
-74
-19
-1
3
-8
4
-8
80
5
-122
-94
-10
107
-3
0
20
91
9
20
-172
64
-34
-5
4
46
4
-24
-1
11
-16
-47
26
10
14
-90
437
2
6
264
3
-7
80
8
11
-1
95
-9
42
4
2
2
34
2
1
-206
-35
22
-94
141
-37
149
8
-3
9
344
-207
5
29
-4
-17
14
3
1
0
35
-12
119
76
0
2
5
-814
-220
-84
2
-5
72
-30
-1
8
-20
-704
-17
-87
-3
-7
-66
0
-3
-2610
2
-4
-42
158
-213
-7
-45
-113
-274
-1
-16
0
90
10
-22
1
69
-2214
-146
-240
20
-11
-40
30
-1
-140
12
5
1
4
-76
14
-1
-70
2
3
9
56
65
-7
-414
3
0
7
69
-1
3
82
576
7
89
8
9
21
0
-5
19
102
-35
-11
-187
-2
1
-6
25
344
50
1
-30
172
-175
4
0
29
2
4
4
-5
0
-327
-103
108
9
-10
-12
-12
-8
-44
-22
0
-102
-23
-3
0
5
-600
14
18
112
-3
-8
24
-13
103
-1544
-148
-3
-52
78
-123
-1
-1
1
146
5
32
6159
2
-140
15
-73
-18
23
16
0
2
4
94
104
-3
37
-10
-12
84
-91
34
36
35
382
6
7
0
-48
-7
185
4
8
356
36
-22
1
18
8
-22
-8
8
109
-105
-2
-449
4
-1
-47
0
3
-306
0
16
-35
-43
6
-19
-14
65
-116
-3
-60
112
22
1
-1
-9
118
-8
-1
-2
2
-73
1154
-22
-9
2
3
-49
108
-28
238
-32
-15
294
8
1
-243
1
2205
-22
-24
-454
13
-5
54
4
478
9
-13
21
1564
-31
24
-24
-88
1
2
-11
26
-21
-4
-60
-77
30
-131
-20
-2
-5
-72
4
-598
10
-29
-15
-1
20
-3
20
-10
21
-3
-56
0
2
-10
2
6
-25
-1
17
33
1
17
-67
-58
-175
-20
78
-26
-5
7
-40
-53
-19
4
19
22
22
-14
-3
16
-16
-40
0
57
-17
84
-36
180
6632
-57
115
-6
-1
282
-4
3
-4
649
-20
-90
4
17
56
-136
10
1002
-11
25
-1
-13
-3
8
-7
-20
92
25
-9
30
0
11
-3
-58
21
-2
8
-6
88
134
1
-5
-76
-4
-25
5
31
1
23
-20
-16
-1
-5
19
-81
-2
-2
298
23
46
-44
-125
-30
25
8
-9
225
-2
36
0
-3
20
7
4
-45
-7
-3
-7
161
-7
198
-96
3
2
12
-69
0
97
92
22
-2
0
-213
-35
-70
-6
11
0
99
1
7
131
-7
-1
68
-1
-5
-226
26
2
-23
22
-299
-256
-5
-2
0
-2
11
-13
-175
32
4
-4
159
28
-7
-8
0
-11
-1
1306
-12
93
138
14
-6
337
-55
0
51
-1
-188
2
-94
40
-1
1
1
33
-2
53
46
13
-65
0
14
-16
-18
-82
-62
8
1
3
-5
80
-7
1
162
-5
3126
-1
-6
7
-6
3
12
0
10
-60
-109
113
-12
46
-4
64
3
-2
3
9
18
-8
20
-62
80
1
-4
-221
2
-590
-10
2
-125
0
0
13
1
227
122
91
-57
65
3
0
2
-99
-179
-138
-25
2
4
-27
33
1
-10
80
33
-8
-38749
42
-37
-19
11
-4
11
-33
242
163
2
7
-205
46
-3
168
-117
2
1
1
44
-26
-85
1
17
-5
-1249
-1
339
-198
-33
-34
55
-18
-1
1
-25
531
-203
-1
13
0
3
-1
5
3
2
3
-35
26
-60
-50
-82
-7
2
8
-6
-99
-1
-3
20
-8
5
32
2
-1
315
-213
-60
-119
-24
1003
2
137
-4
-27
2
15
-312
-4
-134
-7
5
2
-21
138
49
-448
0
0
28
-52
126
-10
-17
-18
55
-20
54
146
4
14
-5
14
198
-1
12
8
13
48
-4
-98
-197
194
-2
230
-5
39
-25
-4
4
56
4
1512
-28
-11
27
0
126
407
13
11
-25
0
-276
-23
-202
-2144
-257
4
117
-170
64
-10
10
-19
127
-12
-391
12
6
8
-119
8
-14
58
209
73
67
-39
0
-6
-102
-1
76
-3
-1557
5
37
-5
2
33
-60
-7
-2
-3
-23
-17
27
1
6
0
-10
140
-14
92
1
12
-138
-21
4
10
-202
-165
-5
-11
29
-12
-3
233
-28
-58
-1
-5
1
12
-1645
-107
-4
-13
-7
-586
-27
-261
-13
-3
-5
-70
8
-13
10
-12
-1
2
-136
8
-115
-26
3
-8
34
99
0
6
-6
3
57
-4
1
-17
17
-167
17
114
-58
6
28
0
10
60
15
35
4
3
201
-1
3
-125
-5
26
79
-31
1
0
-10
63
40
2
5
7
8
8
0
25
96
-4
-11
-2
-1
184
120
126
-1227
78
-3
20
234
-51
-3
-44
1
-7
-107
0
-71
-248
29
-870
0
-19
10
-1
-6
-8
-14
-2
-38
0
28
-3
44
-6
5
117
-17
3
-122
1
-960
3
-64
-36
1
1
3
1311
0
0
27
6
-31
-6
4
-1380
-14
-22
-25
49
-14
2
-7
6
694
-749
-2
7
6
11
0
10
-1
16
-37
1
1
19
-5
-1
-28
3
2
137
156
1
-21
-113
8
-8
-40
2
-41
4
-25
-70
4941
0
-5
-86
19
22
60
46
2
27
11
64
73
12
1
15
-17
12
-17
13
-24
-45
-63
-41
-15
-15
2
3
106
4
-18
4
56
4
0
58
-1
-4
10
-2
-4
-2
-6
7
16
0
-45
-4
-7
-70
143
-28
281
127
0
5
-7
385
-13
12
1172
0
21
1
-1
-8
113
32
45
6
-25
12
1
80
-16
9
-21
1
-65
-14
-12
-11
-23
29
68
-30
-9
-86
-5
0
50
0
4970
-2
-4
-1
-8
45
0
53
-7
7
-7
-6
14
-20
-7
4
-186
41
-57
-1
19
-48
52
334
69
-9
74
-19
3
-2
69
-2
70
3
27
3
-77
0
-103
0
-1081
-54
-54
-6
15
2
0
49
1375
21
143
66
0
338
-3
-14
-51
-12
3
3
-20
15
-8
0
0
-3
-53
-374
20
-133
56
2
3
-79
11
-11
-144
-6
-215
-65
369
-72
-126
-41
-599
378
1
30
-33
37
13
8
-9
1
-21
-23
114
36
-8
434
-57
-26
3
-5
-10
7
12
-2
6
-163
-20
-2
-28
6
-3
-17
-3
-55
-10
-18
-307
8
-104
24
-18
31
2
-9
-3
-1
-1
294
-21
204
-5
9
1
23
-2
-1244
9
-1
-12
-131
4
-61
-2
1
-12
2
-14
68
-1
-8
-70
24
1
126
4
-4
16
7
-73
111
-2
196
54
-31
6
-2
105
6
-19
-1
1
-53
8
13
2
20
6
-15
-4
16
5
-5
-2
344
-3
-167
14
3
-37
6
6670
-20
-90
-34
-8
-2
-67
87
7
32
0
-18
-5
-26
-1
-46
6
-1
10
1
-5
12
10
-38
131
-9
4
-11
-3
-3
-79
16
-1
-225
45
4
-13
-114
154
15
-340
-17
-1
-17
-8
-3
-635
-15
9
-60
24
-15
-4
-6
9
-42
-11
136
1
1
-71
-347
-8
-35
-1
3
-57
-1
-6
95
-7
22
-5
-3
5
-131
0
-780
726
296
-16
25
1
-132
23
94
4
8
175
26
1
-4
101
-43
-99
1
6
-31
69
675
1
825
-38
8
-3
43
4
12
28
19
18
0
-23
8
-8
-95
-270
-43
-17
-124
-13
24
0
-13
8
-1
4
-189
28
-3
-73
4
73
-8
-14
-1
-17
263
-1
-28
-48
4
-71
326
-187
0
126
-110
5
-2
-11
0
-2
2
0
-1
-1
22
23
51
54
-5
168
765
-48
43
0
743
-54
21
-219
-23
5
281
-29
-1
-4
-59
-84
0
25
0
30
-6
-24
1
2
5
11
14
-24
-8
1
-7
-1
-47
-306
14
4
1
3
-135
-5
-118
4
23
-35
-49
6
-8
-675
23
30
0
-1332
-1
-10
1
180
1
-2
15
314
4
702
-2
2
-1
-3
-14
-5
-3
-29
1
-7
30
-38
-46
-7
-20
44
-1
-1
-5
-10
47
-9
46
-299
-20
-11
-126
10
-13
3
4
38
47
3
14
-33
-5
290
-6
18
-122
139
-10
51
4
-391
298
72
-2
-10
45
3
-20
0
-2
-4
-25
17
-388
124
-123
-2
81
26
7
-97
-1051
-50
86
-31
-2
-2409
-246
-17
62
0
-90
-3
42
-10
-1
-1
-119
32
21
150
-8
-9
-11
-12
-36
-7
-34
73
-19
-25
1
60
42
-220
4
-38
8
0
-16
489
0
4
-2
-1
-16
4
26
3
0
135
-38
26
3832
8
20
-1
7
-141
-14
-86
0
-705
5
-16
17
-4
-166
14
2
10
-371
9
-12
-109
-128
16
-94
14
-1
0
-15
7
-2
2
-70
2
-1
-440
-2
6
2
4
-4
40
1
7
-3
0
-8
3
-39
9
23
57
-31
415
-115
2
-1
-4
-52
18
0
3
0
-10
-1
37
9
-9
263
138
2
-60
0
-62
5
10
-97
23
5
-104
4
5
69
-51
-21
-20
27
-2
-32
33
-3067
-12
-14
258
1
2
-2
874
-69
1
-1
133
0
-9
7
1
56
3
44
6
0
11
-46
154
-273
121
458
16
4
1488
0
0
4
-4
3
2
-5
26
37
-9
-159
-3
2
-42
539
-138
41
0
5
15
-33
-18
-62
7
211
4
-1
-83
6
-2
73
6
39
-142
-45
93
0
4
-5
6
-103
-46
-10
16
4
-42
17
-23
56
-3
-101
5
0
-6
-3
76
132
18
21
1
2
216
-1
23
20
-19
123
-15
4
31
3
1
50
-7
-120
-144
45
62
22
-5
57
-170
1
-4
0
0
-4
-24
-44
1
-30
13
-1
5
27
-2
-273
-6
-10
-1
2
10
2
17
-26
69
-13
4
-12
1
3
-12
-2
5
-8
162
-534
29
2
-9
443
1446
32
5
-2
3
3
-4
-23
10
-2
-57
-7
3
-40
-3
-575
-17
-19
3
17
-863
-1017
-44
-7
-9
26
12
1
-145
-1
-3
362
-92
-70
17
13
10
76
0
-1
13
-22
9
-4
-9
8
4
-5
-31
2
-33
-130
-2
-1
26
-102
189
-7
-29
-14
-128
4
0
-10
-3
10
15
5
0
-8
-28
-161
44
4
-14
10
218
-21
-30
-10
2
67
7
-44
-171
7
111
0
54
-5
-23
10
-6
-16
-110
21
4
6
9
10
1
5
-10
5
-6
-9
4
97
142
0
25
-1
14
-11
-13
0
-2160
38
-69
4
1584
11
-193
165
-37
-129
-14
-11
-6
-111
36
-99
7
-49
-7
-14
-252
1
-109
0
-534
-569
44
-4
189
-2
374
-10
14
-15
294
6
28
2
-6
9
-2
1
19
10
200
0
-4
-303
32
19
2
-84
30
-69
-88
-50
-23
1
7
6
-37
314
6
-29
-52
-20
20
-1
-39
-1222
-4
6
-76
62
18
-9
32
-165
30
-1
40
-454
-351
7
-645
-7
-149
-288
9
-12
10
6
6
62
0
-1216
-75
-296
46
3
0
89
680
5
0
7
-1
8
0
-5
13
96
32
15
-409
-2
10
-58
30
-196
-4
-17
-1
-140
1
-43
-29
122
0
185
15
1
-19
-18
-43
-9
3
-45
51
1
31
-17
-2
-1
-42
-1
19
15
3
65
141
13
-39
-49
-2
2
135
27
0
19
-3
0
-1
-62
-1
44
0
0
-9
40
-106
-208
14
-62
-153
12
-71
43
-77
-3
10
19
74
-13
0
0
290
433
-12
9
0
7
1087
216
55
1
13
-143
1
-136
10
-104
35
-7
-59
-84
23
-30
-2
14
-19
1
-4
48
-8
-8
-10
-43
-11
-24
-73
-85
-12
-7
69
-564
-28
-131
2
-91
37
-599
88
-8
-1079
14
2
9
-6
-199
-49
-162
-20
0
-19
-97
1
38
-84
0
-1
-2
-45
-16
-25
-14
-3
-44
-5
820
0
-30
43
-14
-13
-179
2
4
-22
-10
-287
0
-70
168
-5
-7962
0
24
7
47
1
-43
-22
-572
4
-5
15
-1757
-11
79
40
-114
34
1
-25
188
-2
-327
15
11
1
-15
34
-12
-18
-2
-7
-11
-17
-1
92
169
-67
233
4
136
6
-1
-201
-12
-348
1
-522
-7
-3
15
10
2
19
-14
-7
25
-1
8
1
26
7
-2
-7
-2
5
28
-455
73
-315
1
171
1
41
0
-16
-40
-7
-28
-5
55
0
-13
30
2
4
240
35
-4
19
-25
113
896
38
-43
16
-3
6
15
-28
2
-71
2805
-112
-17
-7
-7
-16
30
-74
23
3
-6
0
43
110
-45
-29
-41
25
10
701
13
-71
6
-502
-25
-1
334
16
13
-1
1
-1
-182
40
-19
20
17
-1
-4
40
1
-1
-24
-9
16
42
2
49
283
33
2
-15
-5
55
-11
0
-53
-39
306
-23
-2
49
30
62
-9
-25
-7
0
-50
2
7
49
-41
200
-11
2
-671
-1
-123
8
51
21
0
3
-2
1
148
-3
52
65
-47
0
317
-20
-73
28
-9
33
22
-4
5
0
14
-16
-33
-74
-11
2
-4
0
0
54
-19
-754
66
22
-7
-10
-15
15
-11
-681
635
1
61
658
3
3
-7
-19
5
15
-16
50
0
-3
3
23
9
-45
4
8
0
6
-45
9
1
5
30
-1114
-8
-5
-8
29
64
5
431
2
-5
14
5
-6
-47
-12
-196
10
-43
49
49
3
-20
-5
-31
9
0
75
15
-79
2
2
-207
-13
-31
-28
-47
-3
5
-45
-148
39
1
0
-1432
-1
0
1
-4
62
-6
-109
68
-17
2
243
-6
16
-4
-2
-160
840
-11
77
2
-15
-194
-2
9
747
-34
-135
-63
-30
-12
26
-8
-28
5
-52
-552
-4
269
-22
-2
2
157
-39
-7
3
-2303
13
-28
-42
9
66
-11
-4
3
-3
48
0
-3
7
208
0
-21
-50
178
-2
13
-22
132
6
12
88
-49
49
71
1
20
1666
-3
-52
-10
31
68
85
-836
43
1
-5
-61
851
21
-5
-24
181
1
5
10
39
-3
48
-5
2
-31
19
-2
1
-11
4
-5
-52
-4
-2
-107
21
-36
-304
-9
-39
3
11
-7
80
-21
-8
-1
-257
2
-1209
-10
-26
3
-10
-70
-13
8
30
0
0
-18
-32
86
-58
1
128
19
505
22
-915
3
250
2
60
0
-98
9
-33
154
-5
-2
2
-23
-4
44
-7
2
9
-2
246
0
-90
1
4
-22
-9
-9
3
-44
10
13
64
25
-7
-1
13
-71
-13
-133
-2
2
-63
32
25
5
1
-23
0
6
9
-5
-2
2
-10
-6
191
-68
129
49
2
-2
10
72
36
-28
1
31
75
-73
4
-94
-28
-77
120
-9
-27
1
32
100
4
87
-77
41
3
-5
15
-7
64
-5
-47
-405
26
-15
-142
-11
-98
12
-19
44
1
10
-1
-1
-2
-364
-66
-150
1
0
22
18
-85
9
84
87
64
-54
2
8
-29
-34
27
14
-5
-37
2
6
0
-50
-4
3
-42
-5
-14
117
-16
-7
-337
-10
41
71
2
-4
-41
0
-5
-15
-4
8
9
-79
1143
277
-20
635
12
-3
46
8
-1
0
-13
0
13
-39
35
46
120
99
-34
16
-62
131
-31
-451
-1
-66
0
-7
72
50
18
-136
48
0
1
-1
-1474
0
4
-39
44
70
-17
0
16
-1882
-5
-8
-154
-1575
-8
17
-74
0
-93
-58
25
32
-78
120
7
-11
8
-72
237
3
38
-156
-100
13
1
0
-221
4
8
282
-16
-11
-11
-13
22
-670
19
40
98
0
246
24
-134
3
-8
-5
-9
-51
17
45
-4
-7
4
-4
-43
-74
-187
-113
5
-41
-1
-153
-2
-7
-152
-5
-1
5
18
110
1
4
5
-127
-2
-9
0
-52
10
-36
14
-238
1
-83
-21
-34
2
-3
-16
0
0
0
-8
40
-46
-3
-57
1
17
-3
4
168
-221
-18
5
-15
12
-7
151
-3
5
0
-135
-157
-9
-119
-86
42
-15
67
3
117
94
31
1
96
-1
1
1025
8
11
0
3
-147
-10
2
2
-132
-12
-51
-14
-258
12
2
2
7
24
-130
21
6
8
-80
14
-4
252
-122
88
-1
-1
-15
-16
8
11
0
1
-1
2
-1
36
-6
27
-98
-3
-17
1
-1
0
-106
-242
114
-3
-11
4
3
27
97
-153
55
77
-4
9
-194
8
-27
-1098
7
-3
4
-2
-15
9
-398
1500
5
-5
1
-1
2
-125
0
13
625
4
2
89
117
-7
97
-10
0
3
-8
15
-92
-95
-2
3
-3
1
-6
12
-7
-6
4
12
17
-103
49
8
14
0
-296
24
-5
-20
9
-5
7
4
105
-26
-698
0
-71
83
0
5
-162
54
-4
171
-1
-19
3
2
-29
5
5
-110
-6
-55
0
-60
-17
3288
-2
5
-185
-339
9
48
10
-9
-94
-150
-558
-54
11
48
-2
-1303
-2
-6
-136
0
-8
-1
-11
22
122
8
-26
34
2
82
30
36
-6
-32
-155
-14
-62
-58
-643
183
-83
-22
-15
-6
12
-1
-6
-24
-1059
193
4
-39
0
-8
-120
-19
-15
-69
-111
21
-94
11
-9
-1
37
-7
-4
-517
-8
3
-1
1
60
5
-1
-3
-2
0
-49
10
7
62
64
-22
-20
-302
-58
-64
3
-47
-34
16
-4
-2
38
-3
-33
14
8
23
-143
5
1
23
-577
-2
-2
20
181
-15
34
-142
-16
-19
-136
-996
-142
-2
-124
-210
-119
58
-85
0
3
-53
2
-8
-45
61
-3
-10
27
2
-147
175
-55
-3
140
-64
-81
-207
-13
6
1151
147
-11
-5
3
13
-181
31
41
35
59
0
4
-1
-43
-15
3
-18
189
10
0
-13
-23
-74
3
0
-145
-1
24
-9
95
102
257
-18
-3
55
-13
-1
2
8
17
3
-5
315
-17
526
-142
-7
-9
50
-4
74
-5
4
-8
69
-9
120
3
-6
-6
4
25
-96
-2
4
111
105
1
-8
1
212
-165
24
68
-39
-26
-91
-37
-5
-5
-88
-2
6
-140
13
1
-110
28
52
-9
14
-34
2
0
-103
0
10
13
-4
-133
0
186
-36
9
-3
-24
173
-5
-136
-31
72
1
7
11
1905
-1
-9
-2
-3
298
-8
-1
-22
-3
-33
1
47
179
-291
12
4
-8
-49
13
-1
-32
-2
-29
-117
-1
-4
-219
-405
20
16
-1
0
134
3
-25
-17
1
-10
12
-141
17
-2
-2
5
-5
-353
108
-4
-5
-17
181
-15
0
-43
1
-76
23
367
-15
-145
-1
2
30
1
-10
-26
241
40
-28
24
-7
54
-2
-4
30
-7
-2
43
-22
12
12
-24
-15
-101
0
67
-38
-2
-1
52
-1
-3
-39
-119
68
-35
-73
-9
1
15
19
10
-2
136
-231
-15
0
9
-2
0
-2
3
0
27
-43
189
6
-32
10
-348
-6
-354
71
4
-1
-13
8
59
-55
-1
-151
-947
4
5
-124
162
0
-15
2
-55
1
20
1044
-12
-1
6
-13
11
-24
-2
2
0
-2
175
123
-1
-145
3
223
-5
4
33
22
0
66
158
-28
134
704
113
7
-9
-9
-8
-41
-950
2
130
-115
14
-8
190
-133
-106
2
-14
-2
29
257
-296
-20
-4
-2
2
-6
-75
-33
291
-261
-33
0
-6
111
6
11
-5
-2
-23
-10
-11
-198
-81
-6
1
249
30
3
-111
-5
-4
-51
-1046
-24
-9
19
-5
-6
40
-55
-11
1
-51
-70
9
1
252
-52
-22
66
-11
-6
-9
-13
-27
-15
-3
-1
61
3
-21
77
5
-1
-22
9
-61
-12
-12
-53
-72
-411
2
3
-142
-30
-4
320
-21
483
11
11
2
-2
8
15
21
-965
-62
151
-762
1
13
4
-29
-9
-3616
3
8
-62
-5
10
42
3014
-5
-12
613
82
-5
-3
-38
120
13
534
-415
-2
-2
46
10
43
8
5
-21
2370
-19
-2
11
-1
3
10
-1154
-6
-264
-29
42
42
48
4
27
293
-181
-36
-67
-1
13
3
-8
0
-103
-16
10
-118
-1404
-40
-2
-23
0
1
10
56
399
-15
-15
15
-3
-60
204
-13
1101
-171
4
165
-9
20
60
39
14
2
49
-24
3
6
13
6
-280
15
5
-343
1314
-45
-93
629
3
5
144
-24
-52
-20
-22
28
-3
-12
-11
0
-10
53
-3
-10
-1
-415
-26
-163
-161
-1
-141
-3
14
-550
4
-1
-9
9
-5
8
-2
128
6
-8
0
-1
-38
-50
-18
-6
0
-1
-261
-1018
-52
-6
4
15
47
-3
225
23
-29
-51
51
-1
-15
-100
-768
-34
16
-67
6
15
7
-838
-15
-29
31
-9
-34
3
15
-2
7
293
-24
-14
125
-8
7
76
124
68
-2
35
2
-95
208
-3
-6
-45
4
33
22
-30
-62
-2
-19
13
6
2
2
152
-104
-86
-61
-7
81
-1
-3
-24
16
-26
88
7
0
576
-8
26
85
29
-587
-32
0
-981
4
14
-8
146
-114
0
16
-9
-83
207
-240
-21
-149
-2
3
-18
-194
-5
13
15
-2
561
-30
-17
-1
1
40
3
-3
-2
-43
30
-506
-3
-81
27
-12
-1461
-6
-5
14
3
193
33
0
27
1
-13
26
49
-3
2
0
-28
-3
2
-6
-5
-218
-22
7
48
-25
157
-21
93
1
21
-13
-330
1
17
-50
140
8
24
15
-23
-2
-7
0
-1
-62
-36
-17
-2
243
-107
-1
-8
-1
14
15
-47
-9
-7
-84
-2
1
5
9
7
-27
-50
-14
-43
30
-86
63
0
-77
105
-8
38
-15
-6
-16
-12
-17
5
23
-4
328
14
31
134
-1
-23
0
155
26
13
36
162
-94
2
0
-10
-448
-7
141
1
-4
2
-4
4
7
-99
5
-5
-34
629
-101
-121
-180
110
-3
2
-25
4
-3
-14
1
0
149
0
-8
41
15
12
-9
-10
-2
19
-1
252
-15
-120
-2
-54
114
-5
92
-10
-36
-2
113
6
-1
6
5
-4
-16
2
-3
-2
-277
-7
65
12
1
-33
20
-20
-1
614
-79
-189
19
10
-2
117
23
6
-8
-2
-1
18
-12
21
-2
-82
2
22
-39
9
7
-88
-12
-9
-2
51
5
19
-16
7
-98
141
1084
-9
-2
3
-86
-4
2
12
-20
-17
1
-15
-2
-243
-62
-1
-617
56
-15
50
180
16
14
0
-88
0
107
9
-37
-1
-3
244
-33
105
1
-134
-173
2
2
12
7
14
-5
-2
-19
13
-1
6
-1
-25
-16
50
16
63
-19
-61
56
-15
-5
10
-99
9
0
137
-7
2
-15
4
-4
-5
81
-46
8
24
-6
-6
144
5
89
-106
6
-36
-73
15
-3
-94
-18
-4
14
-1
1
205
12
-1
0
-402
96
-16
-2
4
-17
91
11
-2
4
102
-11
4
36
-27
4
-2
5
-5
-3
1
-15
22
-55
6
-146
1
-10
-31
-6
2
-44
123
0
56
-8
-4
-21
152
-7
-11
-3
-3
-15
-4
4
-12
1
13
-74
-765
-25
-21
-1
-1
-28
0
-9
-19
1
415
-17
5
-13
-5
17
-56
-16
7
-99
-2
-308
1
27
99
1
1
-38
16
7
-19
-2
239
148
-2
4
-38
-1
114
1
-10
49
-24
-28
-24
3
6
-7
-332
118
26
-17
-104
1
60
-9
2
11
-418
-17
-5
3
-101
7
11
-1
-47
1417
-80
-2
1
-8
31
-7
27
95
-5
0
-414
-219
-2
5
10
-34
-11
39
-96
1
-18
110
132
-13
-93
55
49
-3
0
79
53
1
-852
-512
21
1
-6
5
27
-6
-1
0
2
1
2
534
-10
-17
38
-209
-2
-15
0
-12
153
-2
-21
20
-35
-35
-1
38
3
189
4
-59
-41
3
1
208
14
7
36
-18
19
-7
-12
-46
5
-6
-17
-741
158
-13
-1
1
0
248
-1
1
-1
-55
2
-41
-72
4
-3
213
-15
-596
8
0
-27
6
1
-6
473
4
70
-16
-7
9
-30
11
-2
119
26
-46
2
2
-50
-27
0
-23
-5
2775
9
21
-6
1593
-18
13
3
21
65
-5
25
-1
0
-40
2
62
-24
157
-1254
7
6
-1
103
9
-27
7
-2
4
178
-33
1
-22
5
9
-4
-16
-9
-1
3
129
30
5
10
0
3
149
-28
1
-692
18
18
-8
7
-1
-55
9
-99
-1279
46
410
-11
6
153
95
-2
22
1
-126
-37
-26
2
-6
5
-132
-6
-4
2
0
0
78
0
-37
-16
-216
45
84
1
-37
0
1
497
16
8
-349
-479
108
8
2
-23
1436
-10
53
-409
-232
0
-22
1
-5
3
-36
-61
146
-30
-149
-15
-10
-8
11
-1
84
-116
3
-423
-17
23
-393
-5
30
61
13
7
4
-4
112
169
-4
-44
4
-74
-5
-217
-4
-21
0
-60
-4
6
11
6
10
146
-5
-7
0
-23
0
-5
-14
11
-2
-35
50
-5
30
-146
-229
2
-10
6
-3347
-21
0
4
-31
-10
-15
-18
36
0
3
24
2
-23
27
-34
-1
-2
39
0
-2
14
-154
11
11
4
-5
0
119
-61
-8
31
21
-15
-42
-22
2
50
-7
0
-25
122
-20
68
-24
1
150
98
-330
135
3
0
54
-4
2
18
57
-46
9
-1
-2
-2
1
157
0
27
6
710
-28
321
-141
146
-3
-36
0
-42
58
5
-2
6
-69
8
-4
-12
-197
-41
12
-100
-2
63
7
8
12
-97
-49
-3
-106
-8
7
3
0
68
3
11
0
-7
-4
243
36
16
2
30
6
-4
-16
-43
-2
-4474
64
21
2
139
0
-18
-4
-45
30
-54
-8
58
5
40
-142
-13
-2
3
-73
9
-1
-46
-4
4
-40
-4
5
23
-903
27
-69
-62
85
-184
-9
59
18
-2799
-81
-44
14
40
-31
22602
-12
-16
-6
5
-13
9
21
184
0
0
6
13
-485
100
0
1
6
8
-108
-4
0
-496
-2
85
89
4
-135
-3
-22
0
-7
-61
-2
-17
83
9
22
-6
-191
-11
-195
-2
0
-398
52
43
9
1
1
37
-8
-27
-3
-1
-15
15
-17
77
15
12
4
123
5
-5
15
0
-3
0
13
-169
110
-1
146
-8
-7
-2
10
-3
-1
-5
0
8
15
150
-10
77
62
-284
2
-2
-6
0
-60
22
20
200
10
296
941
7
-6
-2
0
-28
-304
-13
-99
-141
0
0
-2
-25
-41
-2
-1
39
14
-71
-1
-7
5
34
-62
22
0
-310
-125
22
23
-10
1
-11
-4056
2115
-14
-211
-19
-12
0
22
-40
-1
-6
-55
-7
95
0
2
243
24
24
8
2
0
41
-145
-5
-61
-3626
0
4
20
139
14
-2
14
244
-1
-48
46
14
6
85
3
6
-3
-40
-4
-1
-30
31
73
12
-18
-20
-173
-41
1
-8
81
12
1
3
-44
-5
127
-23
42
663
4
-75
2
32
81
2
-146
-6
49
3
6
10
37
-6
0
-140
-26
2
-2
-9
0
-17
536
-126
-22
-16
175
2
0
34
-60
6
2
179
5
7
1
11
9
-16
0
-390
-11
13
-23
31
-7
95
-268
-8
-165
1
9
-4
13
-11
-13
1
90
-1
27
-2
10
9
18
19
30
1
-227
19
74
3
9
1
0
-10
27
-2
-6
-100
2
-91
-25
-8
2221
-8
129
-5
2
30
-148
-20
12
0
-1
15
-2
-1
23
-11
83
-599
-15
28
-30
-8
-6
-11
276
-41
0
-18
0
94
3
239
6
200
15
41
-17
-10
-1591
8
159
-11
-2
1
-268
-5
-8
-9
1
13
-22
-92
-277
2
-4
-12
7
-7
2
-5
-220
-9
-2
0
-141
-3
2
-5
9
4
-1
154
-91
139
-126
-6
11
-3
1
-10
472
3
-4
-214
-1
-24
-5
-13
-8
-4
38
7
9
-19
-785
-5
117
36
-154
42
333
-5
6
-3
13
-301
35
8
94
4
-66
3
6
66
-1
2
-35
8
-4
33
-4
-9
2
-87
-4
177
8
-13
-128
-32
24
41
136
5
-7
145
-2
-157
3
-26
0
-2677
70
1
0
-815
36
-33
-65
79
-1
-29
-128
56
163
1
130
-1
-4
3942
-1
-9
-2
-29
-3
-1
-28
0
6
-14
213
-153
-8
-6
-4
11
38
87
-3
87
-37
6
493
-351
6
12
10
-4
151
-281
1
-3
-905
15
-21
-5
31
100
14
-1
40
-166
-48
49
-2
1
60
13
21
0
-387
-79
-5
-33
5
-119
4
1
2367
-4
-37
-721
-5
1
3
184
-64
10
-2
-16
7
-84
-233
41
-486
-49
-6
16
-18
64
2
-4
92
170
0
2
0
40
216
-75
-13
4
47
-5
6
64
9
7
-145
11
-10
8
23
-24
13
4
-10
7
-10
204
-18
2
32
146
-47
6
-32
-6
0
-2
210
-3
0
1
-3
-100
-30
-11
-16
-4
-14
294
452
254
56
-2
25
255
34
0
-13
39
-2
-30
4
-320
27
-22
-144
-83
-228
5
120
1080
39
-25
1
-9
-114
1
-19
3
-47
-379
-101
-21
-81
-41
-1
-718
16
-58
33
-117
0
20
36
-929
89
23
1
72
4
29
0
-39
53
33
-125
-742
3
-18
-10
2
55
-117
-61
-48
-41
63
-13
3
22
-34
-11
3
0
-51
-57
-1
144
2
14
-1
583
134
4
11
23
180
57
57
66
117
-8
-106
19
1
0
-874
-37
-85
2231
1
2
-2
5
-26
-46
-6
12
10
-1
-12
37
4
-1
58
-5
7
44
38
-1
-10
-73
-25
-5
6
-5
6
-79
89
0
-15
-34
72
-3
29
2
-14
-37
3
-27
14
35
-8
5
-10
-5
28
-131
0
-8
-4
18
-54
35
3
8
-2
-88
-2
-338
-1293
231
-23
53
13
-57
680
-8
-18
-5
-3
-16
-12
4
-10
-1
17
51
29
-5
3
-34
-23
4
-7
-55
-1848
37
-443
-43
13
-2
2
-184
9
-96
-49
1
-28
-49
38
0
-34
-45
-1
-3
-28
25
880
-14
-356
2
2
4
-92
51
-1
1
31
-89
1261
-201
-4
-1
-1015
-31
-75
-39
-3
-70
5
-48
22
703
52
-21
-23
-4
152
-23
-111
0
-68
99
-2
-69
-14
-160
126
44
-1542
8
-25
-10
-57
2
-140
12
-6
148
11
-6
36
-25
-5
1
16
217
-4
-445
1
3
-4
-195
-870
10
1
-11
1
-72
163
-25
7
-1
25
-12
2
7
8
62
-3
-2
-2
-2
37
-16
-29
35
-7
-1
-3
-102
-1450
-16
13
-1
-1789
15
403
-6
0
-83
-1
-86
2
-101
1
-92
-6
28
57
13
0
117
-181
47
71
-10
73
22
-56
0
-637
81
-19
-3
-346
-1
-12
16
-31
-11
-8
-1
8
-41
-8
46
-24
0
26
-10
130
3
4
78
24
1
-12
-625
-186
-52
-24
2
-6826
3
88
240
35
-20
14
1
-24
158
31
0
0
-1
1
-4
10
-25
1
-1
4
-4
-112
-1
-3
-224
12
94
-4
-18
-21
-45
-662
13
106
-45
49
21
-2
-59
11
-227
-1
30
0
-12
-126
-1
-256
12
-86
18
-6
-130
6
-45
141
-341
-168
-1
152
2
81
8
4
-108
73
-66
1
-96
-7
-9
-136
48
-172
6
-2
8
-11
-127
-39
-105
7
0
50
25
-19
-178
-464
-3
-8
-310
-34
1
2
-5
28
22
-1
206
-2
-10
3
-296
-5
-1
-4
94
1
1
-10
-767
5
228
5
-1
6
-38
19
-19
-27
6
257
-8
-52
-437
-10
-93
1
3
1
-8
-22
-140
-7
-53
10
-23
348
-51
4
-20
9
-10
7
-11
-4
-193
-104
7
-4
6
-9
2
-6
-1
-1
6
1
-9
-393
-23
15
23
27
6
10
-59
49
-8
-1
0
2
3
-1474
12
-14
7
7
137
-1
-13
-2
-2
-6
-3
-2
5
-3
19
-2
-3
6
-1
1
10
2
32
5
34
1215
-10
66
8
-178
-16
-947
-393
-5
-1
-6
-4
-4
43
-11
-33
-5
6
38
-6
4
-556
2
-6
9
-8
-18
-51
27
7
84
-2
-185
390
-23
77
-153
12
15
7
102
3
-11
33
-4
0
-12
-17
11
-1
12
2
64
-116
7
15
6
-5
-2
10
3
-94
0
-59
31
-25
-14
7
230
175
0
-2
-1
85
-6
-2
-27
0
121
2
0
-384
1
0
-2
17
-64
-4
12
-7
-93
0
109
-242
67
18
5
8
-5
-4
35
-63
29
-32
2
-640
-3
23
5
0
-3
284
1
-67
-181
6
-16
-70
-3
16
104
-101
34
-1
-9
8
-46
-4
-3
-12
-9
23
-4
-9
80
103
-10
577
19
16
-502
640
-4
55
281
-39
-12
-16
-4
-326
-29
-126
0
-142
9
-34
2
-9
30
-23
208
55
8
1
61
-1119
-1088
356
-29
-5
4
-24
-2
-62
55
350
10
6
-15
40
-131
6
7
-7
-1
6
1
-494
-76
-70
62
24
-29
-62
-87
-19205
4
-2
0
1
5
-1
3
-6
-14
904
31
-94
-271
3
16
10
129
11
827
0
-59
-18
26
38
493
-6
1
6
168
146
1
8
-4
4
4
-1
-120
-26
-30
-272
7
-19
-13
4
1
-8
18
-220
229
0
115
-38
-320
-21
-25
-38
158
6
5
99
-568
-2
0
1
46
-108
117
-98
-224
2
-91
7
1
152
-9
-18
74
-6
-4
0
54
-549
-8
50
-1
-1
-10
0
270
-338
-46
37
-131
-697
-71
122
221
12
1
14
-50
36
-29
18
-102
-873
-66
13
-36
-150
3
-15
-43
-758
15
8
36
4
-1062
2
-7
2
-24
2
-6
-14
-3
-101
36
-1
-218
-13
140
-80
19
-66
73
-60
-22
148
-7
0
72
-5
-36
-5
-73
-14
122
-19
-3
-47
23
17
-1
-11
42
7
4
98
45
265
16
278
-226
-2
0
6
-36
146
75
1
-49
4
7
57
9
15
-324
20
-42
-113
15
-5
-107
-1
0
1
0
-4
4
-28
138
0
-48
-37
10
67
14
28
25
-24
-38
14
-150
-12
10
-50
-4
-2
521
-98
-10
-45
66
77
0
0
-3
-35
-29
-131
4
4
4
-15
23
-3
-1
1
5
11
-115
21
-1
-7
83
137
0
3
-366
6
5
28
2
-7
-7
1
4
48
-372
-150
16
-15
7
2
-3
6
-8
138
-61
-45
25
-11
13
44
47
37
25
6
73
185
9
156
7
-12
-1
1
73
2
-4
2
-8
151
-12
-119
118
-330
4
40
15
3
171
1
-7
7
166
-17
-3
-123
3
-135
0
0
-6
-3
-3
0
-23
12
-45
14
-2096
20
-6
-1
2
1
-12
85
133
-12
16
202
26
-130
154
27
-3
-22
-9
297
315
-9
99
-110
1
-4
772
-15
-6
15
93
-9
1
6
-448
161
0
63
-5
-165
18
-3
-30
5
107
25
-3
-511
18
-24
6
-90
12
0
87
-12
3
-12
-230
0
-124
-730
61
-55
6323
-8
-4
66
68
372
51
0
-4
-45
2
-19
130
-9
-20
-251
2
-49
-2
10
3
20
6
-19
341
-6
-19
-1
24
-2
118
-23
-54
70
8
-32
0
-1
-3
10
-1
-109
11
-1485
225
893
-59
5
-637
-1
-18
8
-8
1
25
123
10
14
140
1
2
-45
6
-92
-11
-210
9
-20
-1
26
61
1
14
0
-1
-10
2
11
6
-28
2
1
-3
7
-73
-18
0
-84
113
0
-8
29
-6
-524
-364
57
156
0
-6
-3
-27
1903
-226
15
0
-142
-10
49
16
1
-422
-25
-11
0
55
-165
0
25
46
78
-86
-41
4
-1
-107
8
-31
0
1259
3
-21
8
-2
2
64
3
-1380
54
0
-48
7
10
-68
2
-290
12
50
-46
-70
-2
-58
-330
-45
-20
17
-607
3
-8
2
38
-84
1611
0
153
2
-497
-1
-134
-25
-19
-4
0
-5
-3
1
-15
-8
44
191
-74
-139
354
4
67
2
-2
-16
4
117
-48
-13
-17
119
-12
13
-172
-1
-48
24
-431
-35
-9
-1225
-3
65
-50
16
4
3
-1
43
-2
12
-228
-1
16
2
-11
-1
-4
13
-37
43
95
88
-96
16
-23
-235
-1
0
-16
-59
17
57
-13
-76
1
-42
-5
5
21
9
-10
-10
48
-8
1
1
-244
2
4
8
-19
20
2
627
-25
5
-219
788
-485
-37
-192
-42
-49
81
-5
-7
1
156
-3
-64
-13
-11
55
-7
81
-24
147
33
-17
19
0
-8
-33
-2
0
-3
-162
158
-31
0
19
-278
187
-3
156
-4
3
8
10
-138
-10
24
28
-9
-1
25
0
233
130
91
26
-38
-10
-33
2
-5
16
130
-664
0
-154
92
-73
1
41
738
-999
9
-4
80
-13
-12
10
-27
1
-29
3
-158
5
6
32
3
-70
3
-3
-11
-146
11
-10
-17
36
-11
-6
7
2
0
-1
-6
22
-227
-105
210
-13
-27
-9
6
-31
21
49
-174
-78
-10
19
-155
31
138
-33
-6
-53
-34
7
31
88
-12
-40
7
4
-17
8
32
-15
-41
69
-125
496
19
-5
100
-10
-4
-472
24
-2
111
62
586
45
26
0
-21
78
-129
-9
7
-13
161
-30
-7
-74
-17
-28
2
412
-21
86
-1
-481
16
4
16
-44
1
-127
10
-14
4
15
35
-32
-5
-1
27
-4
6
39
8
-50
-891
-72
1
6883
114
0
29
0
-88
-4
0
-4
282
3
130
20
-7
-16
-15
21
-96
-25
31
-2
9
153
0
15
34
2
-282
-3
22
19
1166
-9
14
0
13
-9
19
-11
4
-10
188
25
145
1
10
151
27
-4
15
-72
-4
-17
7
-3
3
15
-6
-2
-16172
-27
-216
-63
4
-40
9
6
-12
1
-13
-1232
44
-231
-2
-256
-51
17
3
16
351
0
4
1
9
8
1
6
2
16
91
-146
2
-195
7
685
-23
-322
-5
4
-24
-26
3
8
-17
-498
-148
48
-35
-181
-9
2
-2
-12
-15
5
-26
12
-15
101
-147
-1
-4
10
-10
7
3
9
51
27
65
-83
-3
155
-601
2
62
22
21
6
12
88
-84
-27
-50
172
-5
-134
-29
0
19
3
27
36
6
1
88
102
-35
6
-23
-2
0
174
13
4
11
39
10
398
-4
-8
-1
0
0
-6
4
15
246
-16
-157
-328
-26
7
-339
-3
10
-15
-242
-56
18
9
-4
2
-69
92
-20
-8
-1
-10
-30
290
-69
1
-6
10
19
-20
-81
70
-170
27
1925
-3
-10
0
317
-7
169
-34
-26
-7
103
6
207
-60
2
1
-10
0
1
0
-14
-5
-264
94
116
38
-10
5
2
17
-7
-35
-18
36
-5
-33
1
15
-5
3
-2
1
1
21
2
-9
-114
-2
6
-45
-8
320
10
-21
8
-3
-159
-8
-900
1
3
-75
4
112
67
-8
291
43
37
-3
-6
564
5
9
38
7
-10
45
21
63
9
21
-54
-16
-15
20
-28
2
178
-4
3
2
0
9
-5
40
52
-10
-81
-620
102
4
-114
74
-64
-8
-1
-9
-3
-251
-3
-10
99
-5
-14
-1213
4
-48
-62
-5
-378
-361
3
0
19
41
-4
14
588
0
11
-90
7
237
-78
-2
40
189
-7
0
-37
-24
-5
4
2315
0
8
-34
19
-53
-7
30
13
-14
0
5
-102
-19
2
49
143
39
3
-15
-11
-12
-7
1
-3
1
1
-1
-2
-2
12
-103
-96
-79
16
5
0
-4
-32
10
-1
-11
1
2
-2
7
-8
-2
-1
-93
-19
-5
44
-2
-10
24
-83
-2228
2
-100
7
32
-4
3
776
-4
2
17
4
2
111
-7
-12
26
140
47
11
-62
0
-350
-13
-12
0
4
16
-22
34
63
68
-4
25
42
83
3
-13
1
14
-707
55
-212
1
9
35
12
42
1
77
-45
-3
0
-41
7
-23
8
1
157
1
-278
-27
-234
43
-2
-96
25
1
85
-12
0
31
-90
-2
89
-48
-159
42
-127
-9
-548
1
-4
-4
-3
-26
-759
-29
10
2
-20
-61
-6
291
7
0
-333
10
3
5
3
12
-131
-4
-61
10
-32
-202
18
0
-34
377
-8
8
-133
40
-2
-397
5
9
5
-14
-44
-17
-8
1
51
87
-2
-127
-4
65
18
17
30
-8
12
8
-47
48
-1
18
4
-2
-17
-11
19
-16
-3
-2
516
-7
27
7
-12
8
19
7
-3
-392
-4
5
-3
37
5
8
-64
-896
29
37
-35
-142
-70
-21
-31
12
-35
41
-33
8
2
1
0
1545
23
4
156
2
7
28
-2
-6
-11
9
12
14
-363
140
10
91
-54
0
9
72
33
3
-2
-3
-1
-18
1
10
-14
7
-91
-88
-45
1
20
-104
5
28
6
7
1
130
-1
-1
61
1
-88
144
23
19
7
1
6
-2
-14
0
133
-155
55
-39
13
-1593
-12
-50
-38
5
0
-7
14
-55
82
3
-1
-175
19
21
7
260
-6
41
-28
-20
-35
5
4
-11
-42
-2
1489
2
-1
-3
-6
-149
8
-5
20
23
77
14
-6
-1
5
0
-13
-896
-5
5
29
-5
-536
7
10
28
7
-80
52
-10
61
30
-79
-47
-7
10
0
1
4
11
-11
6
1466
33
5
-43
7
20
-136
-13
0
-7
332
8
-162
-225
-7
-36
12
-79
-130
8
-1
7
-122
14
91
-13
-19
-261
126
928
-32
28
62
-26
0
-2
107
10
-1
2
6
-644
-87
-17
13
-13
-57
-95
-34
-13
83
-43
-1
-4
116
60
-35
-6
50
8
-16
-7
-1
38
4
71
17
-2
27
-7
-423
47
-68
3780
-601
15
-8473
42
-22
0
-127
1
0
-18
0
5
-2021
0
-8
143
1
-18
-734
-17
-33
-3
-58
-94
-24
-108
-124
0
-26
-9
-1
-21
-13
-234
-28
33
13
199
-5
32
-10
-1
46
19
61
3
-160
-116
34
-3
-12
-67
-22
-7
24
-11
47
-16
9
-437
-66
2
-75
-89
83
-46
1
-4640
4
41
5
-61
-147
-139
-534
32
3
1
-6
-2
10
1
-49
3
-11
22
-15
-7
44
1
-4
-1
7
-187
14
3
337
-3
-2
-19
-12
47
-14
2
-9
-61
-26
-60
781
-3513
21
44
23
165
1
-5
27
-1
61
3
-32
-112
17
145
1
16
-17
-2
99
6
22
11
-1
-6
-9
573
-113
5
-58
52
2
0
40
-10
2
4
-80
-7
-1
70
-13
-2
11
17
665
1
-29
-3
1
-285
181
6
-4
-12
-7
132
35
-31
0
9
2
100
-3
5
1
-89
-2
352
-4
-121
-5
-133
-69
-6
3
33
-230
5
10
-190
10
127
1
3
-190
-57
7
1
-37
4
-10
2
28
241
16
-76
9
-1072
24
86
-24
-63
122
-100
-1
7
-1
553
-28
202
14
2304
44
21
-8
-13
7
15
229
250
-161
-4
-220
31
71
-6
-2
-18
-312
6
-12
253
-97
2
-1
54
73
-12
1
-5
54
8
13
-6
18
42
54
-9
6
-8
-11
-136
-100
1
-81
1485
-276
-76
-41
78
26
-30
-8
-3
-16
246
158
-66
3
-2
-4
72
107
-15
150
4
-93
-18
0
-92
-2
-274
1017
-74
-188
-132
0
2
519
-129
271
71
347
-2
0
-5
9
20
5
-26
-10
1
-11
86
-13
-29
-37
2
11
0
0
18
-14
76
-19
1
-61
-81
0
13
-18
1
1138
1
-1
33
-2
-1
7
59
20
64
1
-773
-1291
13
-4
-5
25
5
7
0
4
18
-478
23
-540
-18
2
1
-11
11
-6
0
-1
1
-126
-56
-132
-21
-1
7
-1
5
-23
-1
-27
27
-1
-89
10
-18
-4
-9
-101
1
101
7
2
-41
0
-134
1
-14
25
-4
-122
-6
-370
-7
-9
9
-18
5
-1
-161
-1
4
-9
0
-53
158
-10
36
-13
-94
1
-7
27
-174
7
226
-550
6
-73
-142
-18
-1
3
57
-96
7
-1
17
6
-8
6
-5
-69
-252
-2
-287
31
-9
294
1
-5
6
0
273
61
767
5
843
-15
-4
-41
0
148
22
9
10
99
6
3
1
3
361
10
2075
-65
-12
-16
209
67
-2
-14
3
-1
-26
-88
-15
28
5
61
5
4
5
6
9
-35
-1
10
50
-111
7
310
10
-2
15
-29
-25
0
6
35
14
73
2
-7
16
15
77
-40
21
-1
576
3
2
-23
0
50
-93
-834
-1
-15
-11
2
37
-13
-1
0
-2
-78
-4
-8
-564
-16
-5
0
2
2
29
-63
1
-11
-1
16
3
36
5
2
333
-577
-17
-5
6
-1
-60
-9
86
-6
-169
-51
-1
-4
1
-44
14
-370
9
17
10
-14
274
-15
-2
4
10
44
207
-51
-21
143
0
-99
-5
15
-102
-303
-2
5
-33
93
148
41
3
-24
-1
0
3
-30
-4
-5
164
-67
9
-85
-140
-229
-31
-18
-10
-7
-13
4
-1
1
113
21
-12
-1
76
30
15
7
-1
37
-18
-12
1
33
-12
-10
98
16
-7
48
-1732
-100
-55
-11
-5
-213
24
2
-54
-9
-246
-9
6
-15
-11
-2
0
52
-137
16
61
2
1
-73
12
-5
-44
69
4
6
1
-11
90
99
1
5
19
-1
-85
-2
-9
2
22
-2
-42
1696
-5
0
-1
-35
17
3
95
66
49
-13
55
-795
-38
3
305
2
4
-56
-300
-55
33
-534
-745
-108
176
7
-12
-21
42
-7
-2
-10
356
-26
-93
8
149
277
276
0
41
1986
-6
-2
-5
-39
-67
21
-18
-50
12
90
-20
-35
-28
-209
0
38
-11
104
82
-122
-354
-15
53
36
-70
4
-2
48
16
1
-26
-10
16
-9
-18
-63
-29
3
5
-42
119
3
65
49
23
28
0
11
2
42
1
123
-27
-21
6
1
-10
-2
301
-63
-3
-3
32
6
-24
1
4
127
67
-1
0
-54
-18
-2
7
-19
21
-1
-16
87
-35
19
-1
-5
3
1
-3
30
18
60
2
-6
121
-20
1
-3
2
-51
-31
54
35
-83
-38
6
0
-5
19
-75
-2
-33
144
1
-6
-254
-33
-31
1
-3
-841
-1
3
5
-7
0
-270
35
-53
-40
6
3
5
164
25
-17
145
9
54
3
9
-25
30
50
-52
-2
6
136
-5
10
111
-538
160
41
-7
-26
-1
-3
0
156
-48
-23
-3
72
3
-76
-2
-1
19
0
-8
-5
-23
-2
-44
9
14
2
70
-7
13
35
1
-3
53
-26
184
-85
27
-7
-35
-6
0
-23
6
2151
-318
-7
-343
-1
4
21
242
-57
1
-22
-28
-119
-6
-13
-315
1
288
-38
1553
0
31
-108
0
64
-8
9
141
-7
34
-7
21
1
-5
-1
154
24
-3
-60
-152
-9
-18
13
-68
58
191
0
0
0
-1
-107
-6
-157
17
0
350
30
-116
-724
33
263
-72
-7
-13
-100
5
-754
38
16
-8
-2
6
20
631
9
89
17
5
-26
2
11
444
-76
298
6
78
4
26
-132
0
32
-8
7
-171
-62
2651
-1
8
65
5
-226
-135
23
0
1
-2
44
20
25
124
3
-229
57
3
-8
23
305
39
1
-1
0
1
0
-10
10
-102
19
7
132
1
-2
6
-354
0
15
5
-4
0
-141
-61
7
42
-16
-3
-7
-82
164
8
124
-44
-13
-2
-72
29
-33
24
17
-5
3
-486
-198
0
160
-3
5
131
-25
4
-1
31
47
2
-13
30
-30
-183
10
1
-5462
-7
75
8
-175
1
-8
11
-97
89
18
0
-1
23
20
-33
0
-46
-58
-39
-7
-59
34
-86
246
72
19
160
-134
6
0
20
66
11
-11
369
83
-44
9
-33
129
3
13
77
2
-28
11
39
669
-19
-6
-33
-38
144
-32
33
24
1
2
-1
4
26
-455
14
-4
12
-93
-18
0
245
-6
6
-865
-61
306
8
-7
3
3
-4
-1237
-35
-1275
7
5
0
-1
-87
17
-7
-29
5
-3
-2
4
-32
-19
-17
2
273
0
-11
8
20
-105
135
2
-173
302
-67
-1
4
3
1
10
43
10
9
-1
2
0
-9
-5
-5
-2
2
-2
-3
1
62
9
11
19
9
20
-1
24
19
-125
186
10
-2
2
-40
104
0
17
-23
327
-3
31
-1
0
6
-10
-26
-9
4
-2
132
3
-2
-43
-1
1854
152
-2
-4
70
126
42
1
-53
-30
-5
-24
95
235
143
4
-2
44
176
15
-5
21
0
-11
-1
-18
1
424
-13
-15
-7
22
26
7
-6
0
-183
216
-4
6
-40
11
-12
-16
7
122
41
-1
-17
9
350
-5
-8
-34
-2672
0
9
-3
-44
12
-2
-60
9
2
-1
-20
53
-777
-2
0
-267
3
-42
-2
-3401
57
0
6
-992
-1
-213
6
-5
-128
2
51
1291
1
2
-2
-23
11
-15
1
1
-8
3
-236
-56
5
116
34
4
32
-64
-4
0
8
1
-57
-350
456
14
4
6
2
-160
-95
6
-36
7
2
-128
-82
-4
196
-92
10
42
1652
-20
2
1
7
4
18
19
2
1
-12
-55
-195
6
-62
-30
196
-3
18
20
3
-14
-49
149
10
-1
-24
-5
-107
0
5
17
10
0
-17
-22
-6
3
1
803
-68
-3
-31
343
-47
-328
-15
2
3
-18
-391
-58
47
-2
-11
90
-37
27
172
9
-82
-25
4
342
2
-70
-3686
247
-7
-111
4
2
-6
392
75
-91
-47
-10
-1
166
-48
1
-20
-275
7
12
-18
16
5
-41
-108
-5
-1
-52
31
4
1
2
-16
-637
-1
1
-156
121
-3113
2
10
9
-55
6
-9
1
-7
-22
86
37
2
-504
-19
45
67
-167
-4
6
106
54
-18
-424
61
170
0
-1923
9
1
5
26
-8
-44
88
0
-177
-3
-136
8
9
-5
-1
8
2
-7
1176
0
13
-7
-401
-33
2
-13
13
4
3
25
26
24
0
23
13
224
-3
0
-1
-10
2
21
-1
-199
-46
-22
-34
-256
-175
22
-33
-122
0
-6
-3
43
224
-323
-17
3
-35
-70
77
151
2
516
1
-11
-24
34
-34
-82
1096
-3
-31
7
-20
18
-1
-4
-8
-11
-8
14
49
3
12
-533
149
0
137
-5
0
3
-134
-14
1
4
3
19
4
828
2
-26
20
-53
0
-61
-2
-7
237
62
22
17
-10
-78
-3
-135
-5
0
25
88
7
-3
172
-11
164
14
-1
8
1
-30
-7
8
-4
21
31
-45
-10
0
-2
79
-4
-66
108
6
-35
-5
-23
5
-2
11
20
-23
84
1
-72
0
-2
13
3
16
-16
1
-89
28
-44
3
-26
5
18
-30
5
3
-68
-9
154
140
25
9
-6
679
118
1
14
-3
2
18
9
11
23
-31
199
-42
-14
176
21
65
62
3
4
6
-48
-1394
-4
4
33
-5
1
9
-107
3
16
-13
10
3
-4
7
1
174
-1
-111
-20
-73
11
5761
-4
3
50
-101
-404
-7
59
-145
-7
4
3
42
7
643
8
-1
-105
18
-23
103
-88
-13
59
-8
19
2
33
-21
14
5
77
6
0
-31
23
83
-4
-149
216
-89
6
7
0
-20
-15
2
0
-144
1
56
6
-9
-22
0
-2
-1
20
-17
-315
-4
16
-4
5
-20
1
-2
7
6
203
68
4
2
-56
2
-3
1
117
-603
0
81
-29
70
-1
34
-15
0
0
28
-44
115
194
-8
86
-1
509
170
-21
-61
1
180
-93
-16
3
-6
-18
15
-1
0
-38
641
-5
45
6
102
3
-4
-23
18
-18
2
-71
-47
7
-288
7
144
-140
34
-2
51
-1
1
-19
1
105
-10
9
5
-68
0
9
-382
5
10
38
-101
-5
-19
6
-15
3
-7
-4
-5
292
109
-56
0
193
1921
-87
-38
59
12
-6
8
5
9
9
-3
260
-42
-12
-21
235
-13
-1
67
6
0
62
425
-6
-46
4
0
89
2786
-11
0
10
-31
150
4
326
121
30
-2
0
100
-10
19
-1
23
-1
-18
98
191
107
-91
29
3
15
-1
5
-14
21
-27
26
8
-124
3
-10
-5
5
-4
3
-18
2
7
263
-16
72
-5
9
26
-43
-15
56
3
5
-165
-1
-42
3
-40
2
2
240
-2
12
-198
7
131
-22
18
30
-22
-53
3
9
-2
5
-11
31
-55
79
36
534
3
-95
230
152
-3
-4
-2
1233
-5
4
-147
6
-20
-240
-102
167
-19
17
-4
-36
6
6
-1
-7
-133
15
27
0
-174
-5
-13
-65
86
1
5
-11
-4
-51
15
-37
-14
-145
21
407
6
-19
2
6
-17
-441
-52
-3
79
103
-315
2
40
-8
0
508
30
-19
-4
33
28
11
14
173
-2
1
1
716
-3
-1
5
-8
8
-3
88
3
50
-553
1
-14
-197
0
-1
22
9
-260
5
-102
-2
-26
-116
-29
-61
18
13
8
-21
-1
1
-249
2
35
-67
-34
-5
-26
325
-229
-32
92
49
157
62
-150
-77
-303
4
3
0
-8
85
-19
8
-534
1
726
7
-9
13
19
-35
1
66
10
0
-15
13
-6
-3
-2466
26
-143
4
16
-69
38
18
57
304
-1
-967
158
-311
-211
-20
34
-51
-13
7
-163
0
15
266
-6
-93
87
-138
3
3
16
1
-593
66
-16
-29
-21
60
7
-8
7
3
14
8
-4
165
1
3
39
7
11
904
8
20
2
6
2
6
15
-4
67
-13
-1
282
23
-143
-31
40
37
-31
-15
-182
-4
-128
-104
2
-27
8
-900
11
9
-7
-5
-135
-125
1177
-51
-12
-10
32
-30
377
4
2
39
3
4
-93
-9
-4
61
0
61
-11
-3
4
43
-1
-9
106
68
2
-57
7
-4
-6
-16
-411
-26
106
32
-27
6
131
0
93
1
482
-4
-68
3
4
-12
-1
26
-139
6
-39
0
-83
-36
138
3
-11
462
-4
-5
-3
1
364
10
-50
17
121
2
-122
-69
0
269
3
-760
-21
-55
-1
-11
902
49
-2
-15
0
-4
-42
-37
5
1
-7
-13
2
-2
-223
219
15
104
37
-317
-18
-98
3
-96
-7
-27
165
-12
34
-1
-1
-36
38
-40
-4
-12
-25
51
-1538
-27
3
-632
1
104
-8
161
-117
1
-10
-4
-14
0
59
4
13
258
-7
8
-17
10
-22
9558
-387
-23
298
113
-65
2
-3
10
36
43
-14
1
27
4
-724
13
-2
-73
15
221
-12
31
-53
1
-50
5
-29
9
38
-16
10
-2251
38
8
-54
-2
77
5
-6
29
-2
364
-214
207
0
-90
-150
-16
1
33
405
71
-2
-27
-343
319
-3
2
6
-38
-115
-82
-9
-25
0
24
-1328
0
-10
1
19
-62
-6
-15
4
1
-19
13
3
11
7583
-180
-135
-35
-268
-16
1
1
27
-146
9
-317
3
1
6
18
7
93
-40
14
90
5
13
-13
-16
6
-2
46
5
20
41
-7
-14
-27
17
-42
-4
66
-6
8
-99
-8
25
-173
-159
7
8
2
538
-11
-234
218
51
-12
-44
-161
1
6
-9
-11
0
-20
-31
-70
-9
-1
-42
31
73
3
128
-2
2
223
11
6
-31
-1124
-60
70
134
-1
-5
52
66
27
-2
-2393
-256
12
-15
7
131
-84
23
144
171
214
-106
10
-158
19
-745
13112
11
-3
-6
-152
-3
208
7
-33
-204
2
38
94
-5
29
99
-57
3
0
-57
-36
2
-7
49
-25
1
94
-1
0
5
11
93
-115
12
25
8
6
-78
-71
-15
-1
35
0
-285
7
-1
101
895
-11
-3
2
-205
0
-77
48
138
1
-45
0
45
55
13
2
-7
0
-24
-14
48
1
-45
-85
-94
-107
2
-53
-1912
-42
-11
-135
571
105
3
-70
26
-18
2119
15
2
1
11
25
59
-124
-28
-58
-8
42
0
98
128
-98
-1
22
10
11
3
36
-7
2
37
-143
-26
-3
-73
3
-27
-13
36
1
-190
8
4
-38
4
4
-3
17
242
-1
22
-69
94
3
1
-49
-20
59
27
-8
-11
2
10
-129
-68
-28
-182
-140
8
-13
314
-18
151
0
6
-1140
81
-113
-256
-139
-26
-47
-10
-89
-101
0
74
1
51
0
-605
-23
3
5
12
-44
1
-4
373
-27
2
0
15
0
28
23
-14
-2
0
-178
0
-5
-17
-123
-98
24
216
0
-3
-38
18
-30
10
-29
-67
-176
35
-6
129
-39
86
50
-1
-7
-4
-5
23
205
1
37
-505
1
0
2
23
77
0
-10
-27
-3
-5
4
-7
-4
-3
6
-24
-4
-278
-1
12
1
-8
0
-1
-13
8
2
1
20
3
-101
-3
4
-10
25
15
-107
-1
1101
-59
-5
3
1
670
-3
0
4
-256
1
17
-620
-75
55
2
0
12
-3
-96
-453
-23
15
7
5
-3
-88
-434
-4
7
2
36
179
10
-43
-55
-7
189
17
1
0
-39
-628
1
-120
26
-5
176
-11
-2
14
18
0
-47
11
-13
-20
-14
-1
146
-32
-89
-5
-1
-1
31
11
-10
-4128
-3
-1
-64
-37
-27
159
-36
440
-26
144
-12
-3
-2
14
54
-1
11
27
-19
16
8
272
16
11
-8
6
2
-77
0
5
-128
6
-2
-16
1
1
-2
-142
-43
46
0
-10
2
-11
-13
-96
-412
60
12
6
-4
158
-3
-1
-2
63
-3
10
-23
-48
2
6
-54
18
-4
71
-11
-5
0
-13
-15
-5
22
1
-14
-486
-24
11
32
1
25
1271
16
-1
8
44
26
-30
-23
24
1
-3
-142
27
5
13
-30
26
0
-3
-11
-141
-6
-1
-3
143
-30
-6
-91
-21
22
-124
-97
3
-5
32
1
-22
1
-31
0
20
37
19
-7
-22
-9
35
-344
19
297
-160
0
0
64
-29
-104
230
10
10
2
7
173
29
5
-30
-7
0
-207
-270
3
-34
211
77
-6
297
-8
1
6
-23
8
-48
-2
-20
-20
0
-3
-26
-2
-7
36
-1
-19
-3
-62
4
171
56
93
-121
4
30
51
-90
69
3
-3
-10
-1
6
0
16
-37
0
0
35
-3
9
7
-136
6
-34
-86
45
0
4
3
-38
-7
-7
-11
-82
-22
-6
-21
9
84
-65
0
18
3
17
3
12
105
4
-110
-37
409
17
1
0
7
3
11
20
421
-60
1
-1
22
4
-182
-3
-62
37
-395
5
509
-14
34
296
-16
-1
-4
-3
-12
89
-14
-149
-3
-1
693
7
134
-130
-11
23
-31
-71
0
7
4
32
-20
-27
28
-10
4
4
-10
6
-2
-4
66
7
2
88
-25
7
-28
4
-2
7
104
23
343
-234
-4
-2
-1
-2
0
19
-69
32
-54
-3
-179
-185
-7
5
-4
-144
-252
-331
424
33
-33
-9
-1
-9
38
317
0
-30
38
-153
-21
-39
-17
3
-5
-1
878
-5
131
2
-5
114
-34
8
96
-3
148
-35
-3
26
-8
-7
13
3
-10
2
75
0
19
13
-5
7
19
-1
-51
23
4
-7
10
-1
-133
8
-35
-71
9
2
15
18
-5
85
-20
50
-1
-28
9
0
-107
6
211
-145
8
0
41
-2
-16
-4
21
0
13
-71
16
1
-265
-124
-90
3
8
11
402
-281
0
0
16
131
-24
0
1
-2
130
10
66
29
5
9
87
-1252
15
-10
-1
10
-50
1
-2
-6
-27
7
866
-6
-29
-4
0
4
-5
37
-39
2
2
-120
-7
0
-3
-2
-45
-17
-2
13
-2
8
1
5
-59
-11
20
1
-8
16
-2
-51
-215
59
1
-3
-89
5
111
19
-4
-13
-1
9
-2
-15
46
11
-5
6
199
-106
107
-3
11
8
128
-6
-96
24
33
9
0
-42
8
-104
-1
88
-5
-1
155
16
-29
-212
11
-5
-2
20
28
-4
-15
-3
-17
-95
2
-3
32
2
-556
-10
-52
6
-7
-97
-162
57
-1
8
13
-7
-6
-7
3
102
-9
3
76
15
3
2
0
-12
294
5
-16
-1
2
1
-22
-5
-33
-2
14
-1
-688
231
29
189
-25
31
-140
25
11
138
-29
3
254
-12
11
-1
0
-5
-12
-4
68
4
1
0
-27
-6
12
1
-38
12
-198
-15
1
-8
18
0
67
52
-10
68
58
167
0
110
-135
-243
-282
-3
-10
0
-2
-45
-1
55
-56
-6
-130
71
31
2
0
6
-1
1
-9
-2
-21
36
-92
-9
16
-8
0
-69
-10
3
0
13
3
-34
-5
176
-7
5
-247
86
19
1
5
1
12
13
-276
-21
170
4
-31
-115
1600
3
-2
0
15
5
-15
4
-135
204
42
15
-24
-93
5
40
-8
-1
2
3
15
3
-6
-213
-352
-16
1
-1
5
452
-2
-5
15
-11
-7
59
-3
-43
11
-260
12
-18
7
4
-9
25
-1
-1
-147
1
-142
0
-14
0
21
36
-153
6
251
-122
-10
-6
6
-2
-36
-47
6
42
142
1
-24
5
-1
-53
197
163
282
1
8
-5
19
58
-4
239
6
14
21
-2
-144
8
1
2
-2
0
105
-413
-7
-7
-5
160
-13
9
-72
-2
-4
-3
-5
-12
11
97
-140
1
15
11
85
4
1
2
-44
9
-245
-377
8
80
-8
-6
0
-91
-76
307
-4
-7
-30
36
-1
4
133
-25
-30
79
93
1
-30
-66
46
-6
-695
0
-7
6
3
53
2
-1
2
25
-200
1
-19
-52
23
0
-27
25
-12
53
-21
0
0
2
42
50
17
1
104
1
-19
-11
39
-12
-19
-26
-24
-3
47
-2
22
-6
-116
11
3
-3
1
-3
-2
-92
0
22
5
-66
-3
38
-312
3
1
-52
-2
-1
34
-46
0
27
-36
10
-1
235
3
4
-21
-43
-120
93
-2023
0
-137
8
184
-139
-4
377
-8
0
7
1
-33
5
-46
0
230
-2
31
-3
-3
0
4
4
10
-114
-13
26
0
7
-6
-3
4
-3
-20
-134
2
-116
29
-14
-73
-48
-52
-311
-1
-4
-120
66
5
-46
-2
-19
15
176
368
-82
-3
7
-38
-2
-123
3
-3
-42
-18
-44
63
16
-3
1
0
-241
-4
2
-4
38
12
59
33
-7
34
-467
8
165
-34
28
-1
0
-169
-52
-305
-157
19
-20
2
-221
3
-1
13
11
-33
1
15
-52
209
-6
12
-75
-14
3
-19
-1333
14
5
-4
-3
-21
-1705
-108
0
-182
-21
-15
-1
-2
-190
9
-4
25
6
6
3
-1
3
26
-4
0
3
23
-160
-2
309
0
2
2
-184
79
-143
194
-114
18
-10
-6
252
-1499
-38
-1
-83
-9
-69
-7
4
38
64
3
2
-61
0
1
-30
0
-4
114
-5
-8
-5
54
2
-5
10
-4
8
-22
-18
-9
43
6
-2
-77
95
1
-4
7
-2
-6
23
135
608
110
9
-33
33
-55
34
-5
240
-1
3
2
-5
-20
-4
-91
-2
-90
-63
1
1
5
-8
7
126
-1294
-13
-348
24
161
-1
4
-9
-29
4
5
-6
-2
151
1
-142
-265
-19
-6
-94
7
-12
-1
-1333
-16
13
-3
-1
0
1
-12
14
-5
24
0
0
-3
-16
-20
8
21
1
7
-82
-12
-5
-1
0
6
-4
-35
-24
-5
85
-12
1
1
534
-59
7
-18
-529
0
915
-29
0
-178
-3
51
10
-5
1
-3
-84
-41
50
-114
-98
-58
54
-92
1
-39
62
-174
40
-1
3
490
0
9
3
-6
-1
2
3
-12
-1
161
-24
-4
5
1
-27
-13
-118
-7
-83
37
-35
26
-1
-18
14
-94
66
28
39
45
-17
187
117
0
-6
-6
-4
-815
-8
1
1
-52
3
-7
-12
17
-39
-1
35
100
44
-40
50
0
-16
8
27
12
-1
76
-2
1029
31
-191
-134
-14
215
139
-186
6
-1
85
2
-46
-22
9
7
14
6
945
-14
-67
-85
4
2
3
2
-60
76
13
93
120
-2
1
-207
7
14
40
-1
-1
-26
-22
-1
-21
-6
-2
118
38
5
-1
1
22
74
15
17
10
-17
35
-4
-12
-7
-57
31
-1
-32
-15
233
11
-8
-253
40
182
3
-1
-44
-392
-18
0
-34
-2
8
-25
-9
35
-4
-87
2
-29
-111
-4
6
21
-95
-130
1
161
10
331
-87
-2
392
-56
-90
32
-22
146
195
2
-21
12
3
2
-5
-338
15
6
-34
-18
12
-65
5
-1
1
-3
30
-9
48
137
145
-3
8
59
19
60
68
-404
13
3
1
24
0
-15
14
32
-6
13
79
-151
-7
-152
-663
-370
-99
-12
10
-102
142
130
2
-63
8
-4
-11
3
139
-15
61
245
-308
41
-12
-2
0
-2
7
2
0
429
94
-2
392
1
3
5
9
27
-22
0
-2
2
26
-9
3
33
-14
-15
1
5
-29
181
1088
33
2
-6
-55
6
0
28
3
53
-70
0
-121
15
40
185
-55
432
299
19
12
-14
66
1
-83
-9
-57
-2
-1714
-1
4
-25
-13
-84
-4
0
41
304
13
5
-46
48
134
-1
-31
38
7
5
17
0
113
-3
-93
36
-9
-3
0
1
721
-30
-4
-10
2
-16
14
-32
-79
-3
-4
44
3171
5
22
-6
69
76
-7
12
5
35
14
-5
-57
-1
96
8
105
-22
16
-4
8
29
2
-92
2
16
1
10
38
-110
2
17
-20
8
0
-181
-72
-189
10
-6
-9
-172
429
3
1
-9
5
-9
14
63
-111
-2
2
39
20
0
-63
-163
-50
1
24
-2
10
4
145
-22
-180
-5
-25
31
2
14
-1
62
344
11
6
-24
127
-1
706
0
6
71
-114
-12
0
-19
2
-5
-3
20
288
145
7
-36
16
-451
1
26
4
-23
25
47
91
-165
-17
17
-62
42
0
8
35
-14
9
18
0
4
372
44
152
-15
-5
-16
17
-6
0
35
7
133
21
-5
-22
-4
-7
-29
3
389
-53
9
0
149
-1
6
-252
-3
315
-6
-15
4
-7
25
-1
-5
4
-158
-4
-1
25
-46
-16
-15
-2
110
-59
2
22
45
488
-7
31
2
8
56
3
-71
-253
11
38
0
-1
-192
-24
-65
76
-89
13
-2
-1
54
2
7
12
0
2
-472
4
-1
8
-37
-6
7
30
0
-2
122
-57
6
0
22
73
-9
-47
113
5
-3
160
-212
-8
-3
4
-3
-6
440
116
-14
26
-1
2
48
-206
-12
-10
-129
2
-446
20
-211
-11
-32
-4
-1
-20
-122
57
-19
7
-5
2
100
-1
-305
-18
14
-21
5
-6
1
74
-160
16
-8
203
-23
-11
0
-5
-3
1
-12
35
-72
21
148
270
-7
-29
720
26
-445
5
4
6
-89
146
-11
327
-75
4
-407
-6
-154
-13
5
4
157
-21
-2
-24
5
3
2
1045
0
-3
-124
-41
7
175
0
27
57
4
-5
34
-3
62
-3
-42
2
-18
-5
3
3
25
15
352
-1
-7
-13
5
23
8
-2
-6
2
-274
-12
-2
6
-22
-21
13
-11
25
8
-1104
-1
86
-102
-9
-17
-1
9
-15
-38
19
432
-1
6
0
-2
-165
8
-1
-34
-1
81
-25
29
9
2
-44
-1
-1
105
11
-51
3
-40
116
0
9
25
-3
177
-59
13
-33
115
-4
4
32
-34
8
-8
9
40
99
5
4
-7
-568
-121
13
-304
0
-27
3
92
22
-5
-40
27
17
-24
-103
1
-5
6
0
-92
255
1
152
-20
-22
0
27
-40
22
1
-15
-249
-22
33
3
1
-14
-1
2
70
-681
3
6
-43
13
-9
15
1850
355
0
-153
-71
-1
-36
37
-3
-17
1
-62
-12
81
-50
-106
-33
-137
1
10
19
-60
204
-51
201
-49
63
-86
-1
0
20
-708
-17
30
-620
46
1
14
29
19
-11
-5
-53
-72
5
7
-994
41
214
266
7
-148
-51
7
-92
12
47
-12
0
-2
-13
110
17
0
-15
-41
10
7
-2
9
-20
-67
9
-12
-74
9
-200
256
126
3
1
24
5
-9
0
11
-6
-1777
-47
0
1
-5
6
51
147
13
-4
12
21
66
-1
-463
80
-1
-16
-10
-5
11
-10
159
576
-1
0
-1
31
-415
59
-2
-2
-8
-11
2
1
5
13
-17
0
-1
136
-134
-8
-100
-8
-50
159
84
0
-14
297
12
-11
-9
23
-24
-6
5
-2
-2
37
12
3
134
-19
1
0
-26
-5
-16
31
-40
-2
8
57
-175
6
-80
5
-1116
-2
17
45
-5
-81
1
235
-6
33
1443
-3161
63
-29
-51
-11
-12
-94
-52
-16
-9
-88
-3
10
-18
-2
3
-7
53
82
19
-38
6
-1366
2
11
131
-41
34
-70
-8
3
7
-1
24
-70
9
-5
-1
5
23
1
-1
67
-3
2
-11
72
20
1
3
74
-77
-8
-114
-204
219
130
-157
-739
-31
1
33
-141
1
3
-3
86
9
2
-53
3
-6
12
-4
0
-4
-4
-42
5
2
11
-10
-2
0
11
51
-28
-29
-3
-21
-12
28
-3
1
65
222
0
47
-15
17
9
0
12
0
-4831
40
316
6
-66
-4
-2
-4
6
4
-1
196
36
-8
45
-13
-28
-93
-124
-13
15
-4
2
-12
137
138
-5
0
23
178
-1
0
12
56
-55
16
-5
-2
-200
18
-4
-38
-6
20
2
4
-3
2
-13
136
-21
-1
24
30
3
-45
199
-81
-22
11
1
9
-14
0
-4
-12
11
98
-2
-34
-21
22
2
37
16
-11
-167
-10
1
-31
-3
115
35
143
361
44
-3
-7
16
9
231
-142
25
42
41
-21
-96
462
-11
-5
-18
11
42
0
-34
-5
-3
-96
26
252
-26
-32
0
64
53
1
0
-74
-4
-8
1
-9
16
-6
-106
-8
132
-17
-2
62
12
82
77
-5
-6
-1
-1
0
-401
-11
-7
35
78
-1
6
22
13
152
-3
110
35
-46
520
17
-1
-8
109
-3
202
11
-9
-2
0
1
-2
-5
7
199
-80
13
-74
2
78
-9
-35
-5
61
-5
3
5
-2
17
-588
5
-1
-33
-18
3
2
30
12
-42
1
-6
-471
55
33
-1
65
-28
-8
53
2
1
-291
27
-8
-5
-19
6
-8
-1
16
0
63
-8
-23
-25
3
-7
-5
39
-30
19
-23
12
19
-18
6
42
34
-2
-119
-1
-67
30
13
43
-2
-57
0
-96
7
48
808
5
83
-27
13
329
715
-14
13
-6
-31
-54
50
133
8
0
-8
-22
11
-13
-4
50
14
-11
23
-13
-9
-59
59
-11
1250
-8
34
2845
5
12
-90
-179
-170
221
48
-7
-1
2
62
825
-7
-23
110
-10
-9
24
-145
-16
244
102
-18
4
-3
2
-2
7
118
-6
50
-6
44
-1
61
-13
-6
58
10
-4
-67
-10
1
15
-29
-33
2
-50
1
-4
-44
-3
-15
52
0
-217
0
553
-2
-928
13
-54
-27
-64
11
15
6
-14
-22
0
30
-4
-108
4
-32
-14
-43
7
29
36
-8
16
-7
8
-2
0
11
54
-21
2
-32
35
12
-9
-4
387
-902
28
-1
-7
23
-10
-27
398
3
-8
1
25
51
41
-5
-55
-6
4
20
2
16
19
3
8
-16
15
0
-10
1
25
1
-63
15
143
1
4
17
29
5
-4
15
-11
-113
7
-11
-1
-6
0
-119
-5533
-13
0
4
-16
2196
0
0
39
269
-6
-9
0
2
-3
2
16
33
-186
107
-2
763
-1
-2
2
-2
3
1
-51
-4
-2
-1
8
139
-20
-111
20
-1
30
38
-3
14
0
-56
21
8
-22
32
20
-16
-7
67
38
-360
-9
69
58
0
-60
87
16
-57
2
2
-7
90
-1
-26
143
106
-69
16
2
0
-107
522
213
230
-4
-46
1
2
-25
-46
7
75
1
4
4
17
1
-1
-7
0
547
-9
0
55
4
114
-9
-12
-21
-4
946
-55
9
3
30
6
1
-13
0
-95
2
-1
-13
7
11
206
5
0
-209
4
12
5
-5
7
7
-33
0
-1
-4
-6
-3
-14
-17
330
-8
-243
1
-4
-17
4
0
9
-420
-78
0
-2
7
-1
-3
-3
0
7
0
5
-126
114
-217
-188
0
-18
0
-4
-71
4
-20
-105
10
-105
12
-2
-25
-21
89
-19
82
352
-37
-4
177
40
1
-24
51
-63
-5
3
2
-17
-1
-2
0
-395
-314
0
280
-5
-1
-202
-47
18
-34
-62
8
-124
-25
78
-7
-4
108
13
-1611
-897
-8
-61
1
210
-4
22
-3
6
-32
12
-3
-8
-122
1
-50
142
0
36
10
4
-143
-77
62
13
-3
42
0
55
59
-15
-17
3
-15
-16
1
32
0
-7
-2071
-383
-11
1
-65
-285
134
-12
1
102
-11
77
-13
-250
1
-19
-26
7
-118
3
1177
-31
3
-2
26
0
14
-14
93
4
-20
-38
48
1
-177
-1
2
-6
-11
-7
-1
41
146
10
35
-46
6
-4
-56
-33
7
7
13
812
-47
11
-2
14
3
100
-36
-6
0
0
36
5
31
-49
16
-16
4
-1
5
3
11
18
-147
0
-133
4
0
68
21
-137
-282
-141
-2
28
-11
-1001
1
-86
-121
19
-68
57
-11
9
-29
25
-185
-12
13
-5
-8
65
-2
20
-3
21
-1
2
-1
5
12
-37
-24
26
1
24
-13
-29
-333
-5
-169
-11
5
1
-7
9
1
6
-1
-5
7
3
41
1
-22
-48
15
0
-1
-1
93
-757
2
-92
14
-32
19
-11
229
-42
9
-10
4
0
79
-11
6
-13
235
10
-32
-1
-6
10
-6
11
2
1
105
6
132
4
5
-53
-30
-1493
9
36
-130
-8
-13
-5
-61
-90
-7
-57
-3
15
-50
-134
7
2
146
14
910
12
1
-2
-156
33
-11
0
1
-144
-738
10
-91
4
8
-59
0
-15
-30
3
-36
19
-14
0
-2
18
0
-7
-52
3
-7
5
-4
5
-5
1621
-150
-11
2
-4
46
-9
-2
10
8
11
2
37
389
-5
8
29
27
-11
88
-1
15
-8
-32
-21
28
5
-3
126
-25
-38
1
-268
1
13
40
-322
1
6
5
17
202
-5
-2
-131
-10
166
29
7
2
8
1
0
10
-3
-2
-10
10
-10
74
261
1
3
-1384
-48
403
-1
-54
-8
6
-8
-42
-138
1
-4
13
7
-1
-6
-800
-2
-13
0
-30
5
10
23
0
-2
-5
0
-41
-20
-1
8
-1
0
38
21
-5
6
75
-22
-3
-15
7
-249
0
-38
-57
-5
27
11
0
19
-2
-33
-1
89
-39
3
-15
-4
8
2
-16
47
-68
0
9
-1
-67
3
-31
-26
13
-4
-18
-13
-21
46
0
9
-31
52
71
110
11
22
-16
32
2
152
50
-42
-1
3
326
2
-11
30
-37
-31
-53
-17
5
0
-135
44
-39
5
-2
9
1
1190
90
1
-118
-3
1048
-14
82
9
4
0
2
9
81
-17
-5
0
-3
-118
1
-1
-1
-20
-144
5
-53
1
1
103
-173
9
13
-589
-283
50
6
-24
-156
-1
-7
3
4
165
-238
93
-4
-3
562
2
41
-3
12
-5
309
-42
-51
-25
-2
-5
-5
29
-2
-68
2
297
-282
4
3
-118
-704
0
-5
4
-62
23
-1
-15
-1
-52
3
16
-19
1
-3
14
-43
60
-6
-6
372
114
-56
1
-98
4
-139
16
-126
-25
-1
1
-2
-266
43
34
-6
-21
-6
-24
-8
8
19
49
6
9
30
195
54
-3
0
-320
-2
-26
0
3
4
-31
-4
-14
-1
20
72
24
1219
-755
-4
60
-613
-14
-49
6
-1
-1
-9
-51
11
-19
69
-5
2
10
4
14
-9
5
-10
-3
-7
13
-6
0
-13
1
2
3
22
-3
-4
-19
63
-6
86
-19
6
12
-4
3
16
0
58
144
12
-20
-5
-117
22
-22
2
-28
47
-45
-43
-7
-6
-7
5
21
-4
14
-77
1
41
273
6
37
21
31
34
-814
-42
39
31
2
62
7
9
43
-52
-267
-126
-70
-26
-6
17
-146
18
-312
0
-5
-1
484
-9
7
1
-33
53
-1
506
25
43
1
-10
-1
-33
42
18
-107
3
62
-2
-8
135
-75
27
-5
-8
-212
-19
12
10
-2
-30
6
-5
18
-23
541
-2
105
3
-34
-11
-154
34
2
3
16
7
6
-5
72
-26
-492
15
2
-1
-8
0
8
-2
-21
-10
7
6
512
-9
3
-5
-3
-52
51
-1
-38
286
-3
15
761
-11
3069
36
101
-6
94
139
22
15
-8
-1
-10
79
4
-1
1
18
2
102
18
-9
0
17
37
-7
-18
-28
-2
-72
-2
-26
5
-26
156
-4
0
11
1202
-232
5
2
31
-112
-27
38
-19
289
-9
35
106
-4
-697
-117
-19
37
-30
-117
83
5
105
5
14
-194
0
-4
-30
-78
-23
-3
27
-189
-6
0
128
-6
-86
-34
40
1
5
32
166
20
2
26
-9
-37
37
189
-1
9
5
-509
2688
2
-1
2
3
2
56
-4
208
-348
-14
-28
3
-4
-6
9
6
75
1
-7
-52
107
-4
-4
605
-6
4
-3
31
-1
-28
-85
174
141
-2
1
-16
-77
115
1
193
145
-6
20
2
-10
4
-25
-8
1
21
2
31
-3
-4
7
-12
-33
142
3
-456
186
6
7
-3
-130
0
-16
6
82
-5
-43
0
6
-7
25
29
-1660
-28
-23
23
-65
0
-240
0
-5
44
-26
-195
2
51
-47
14
31
-13
26
-9
23
-47
64
227
130
1
-6
11
-20
-10
1
11
2
-106
-145
-49
4
21
-22
95
0
7
1
12
6
813
-70
-1
-13
5
-7
-7
68
62
1
6
3
-56
-5
16
-16
-1246
4
335
-96
7
-458
-4
-2
111
-62
-9
-2
-53
-8
1
-20
41
0
33
-9
-1
4
-11
4
0
0
-22
7
-49
-5
10
26
-12
-5
-6
1
-10
-123
14
1
99
-120
7
0
1
43
27
-142
-16
25
-8
0
0
-1
-6
-23
-20
3
-144
85
50
19
10
-28
0
-4
93
9
-10
-7
-6
-6
327
-31
13
1
22
-380
-26
-296
0
491
0
3
-1
5
6
-56
39
-134
17
-92
3
-6
10
11
47
5
21
-13
-1
3
6
-36
3
39
2
-12
11
-4
10
-10
0
-6
-36
84
-24
-28
-1
-19
32
82
6
77
-11
190
-14
0
-1
-3
34
6
4
55
-581
21
5
-1
2499
-5
28
10
-1
-22
-106
9
0
-7
15
-464
-133
-43
37
-14
-24
7
15
0
3
22
206
1
-136
-2
30
186
-2
59
-8
6
13
22
-4
5
131
-87
31
19
-11
475
1453
-6
281
-163
9
-9
0
-6
-23
-14
-46
-14
-3
-3
-29
-18
-181
40
232
11
-22
-54
-18
18
-1
-37
23
-1
-9
-4
42
100
10
4
-51
9
-60
22
0
-3
-131
-11
-6
-1
-4
-84
5
-5
9
2
2
-33
2
-101
-90
-100
2
-190
-382
-7
-91
17
10
-25
-45
-3
0
-5
-127
106
19
1
-5
-95
436
36
-21
2
37
-78
1
8
-10
11
89
-26
-25
0
-3
236
146
-63
1630
-75
-49
-12
0
14
5
-20
-1
0
0
-50
-105
-373
-1
-133
87
22
-90
11
1
-5
24
5
1
6
25
-11
-1
6
35
-57
3
-365
86
-45
122
-16
-33
11
4
50
20
-1
105
-15
1
-32
-8
-12
7
2
-5
-7
-1
-51
-2
-27
-5
0
1
37
1
15
-1
16
-12
93
74
193
-65
0
-5
-2
-9
-55
11
-98
77
-27
-10
-1
-1
-8
-2
-135
-21
-1
74
-25
-567
-16
103
9
-79
-38
4
-10
-25
14
2
19
-5
20
-4
0
-169
-107
4
-162
52
238
2
1
-2
4
14
146
-68
-2253
-266
-6
56
-42
5
18
25
-13
8
6
54
-5
-1
9
230
-102
-4
-4941
-13
141
-2
-12
33
10
-5
8
5
-144
-52
-1
0
-2
9
2
13
-16
-15
36
-1
133
-141
0
-21
140
18
-9
-2
-6
1
-17
131
-32
142
0
-24
-161
8
-1
-35
-29
13
120
15
-2
-16
32
176
4
18
-8
3
-6
-2
-5
-407
68
-289
-1
-2
144
2
-248
133
-11
2
-9
-5
26
-117
361
7
24
-5
-132
1
33
-83
19
10
11
-8
-176
7
11
2
2
0
11
-24
-4
0
-31
-154
0
91
187
76
-41
5
7
94
-11
-362
42
-1483
-46
154
-8
14
-5
-8
-147
444
49
-1
-3168
-540
0
11
-6
-1
-7
-50
50
0
-26
-25
2
19
23
3
-1
-513
-31
-107
-3
-2
-8
321
9
24
114
0
2
-62
-3
-4
-38
8
-43
-17
-21
-6
136
17
-1
-27
-4
1
0
10
-3
114
-3
7
5
-5
54
8
5
-2
8
-7
2
91
88
-21
3
0
4
143
17
8
4
-13
12
-35
7
3
-7
471
-2
-3
-10
-73
20
-66
-145
-8
18
-2
-69
7
-96
1313
18
-7
28
2
-14
0
11
-122
-1
363
4
5
-10
-14
-9
1057
6
190
2
3
5
-5
5
2
-26
-89
-5
-5
7
-28
-3582
-45
37
-5133
0
14
16
55
-1121
0
38
2
-15
2
21
-6
0
0
-1657
-1
-33
-202
1
-42
-1
54
68
34
0
-293
-27
-46
159
3
-1
-3
-74
8
5
0
1
3
10
4
-2
-14
1758
135
13
-2
47
-120
4
0
166
6
738
11
-128
-1172
0
-15
4
147
24
4
55
86
18
2
0
-18
-37
0
-1
-96
-10
11
-6
-1
-34
57
-257
0
7
-12
-29
-20
5
2
-23
10
-27
-7
1
25
-68
-1
7
20
4
7
123
8
-70
13
261
-26
1
-1
94
-28
5
3
22
1
6
1
-1
41
-12
17
0
-29
2
-1
1
-6
8
-18
1
5
4
-3
-30
280
-2
5
-53
80
3
179
-58
35
-126
-14
2
1
-2
0
92
18
0
16
-1
2
-430
8
65
2
-26
-4
2
-13
64
17
-10
-263
-27
2
24
23
18
-7
153
736
-30
35
75
-2
-1
-3
-238
12
10
0
483
-9
0
-127
49
24
81
6
2
-28
121
-6
29
531
5
20
3
-498
9
12
-6
81
-7
-19
8
8
-10
28
464
2
-22
-15
-5
6
-4
26
-8
150
8
-77
-3
-1
-26
-16
61
1
23
2
8
-46
2
15
-25
-11
-1
-140
-187
-141
7
2
-26
37
117
-21
-1
0
39
-135
1
84
1
1
30
-600
2
0
33
-113
-3
-3
-42
105
-68
789
0
-33
-4
0
-39
-5
-60
0
-6
-6
-69
129
-20
-85
5
8
1
-108
-5
-2
-1
-5
-2
17
-99
2
-173
29
-32
-2
-5
11
26
-4
-210
1
175
-379
12
1
-372
0
-88
-24
21
13
-14
559
-138
5
4
-125
19
-1
-23
-4
-9
-7
-13
-15
54
0
-116
8
8
13
109
-11
7
15
32
1
-5
-394
97
4
-46
3
-1
0
-38
-337
-178
-122
300
6
-2
442
5
38
0
63
-142
0
-65
-6
81
57
2
-2
21
45
-2
-567
-213
0
539
-1
-57
17
1618
-2
-18
1
3
-13
8
-9
-14
0
71
3
62
-6
188
0
14
270
5
-88
-20
-35
1
-30
343
-331
-12
47
-7
-1
-79
19
38
-22
-85
-365
8
-14
1
-16
6
-34
-11
-3
-4
-1
-12
36
-29
9
-96
-26
27
0
4
-45
-2
3
-749
75
44
-7
71
16
-9139
7
10
21
-2
1
57
-1
352
-1
163
-27
11
0
0
-130
11
-261
0
-230
0
51
62
-7
1
-391
-14
21
33
9
2
-4
-3
-1
-32
70
-3
-8
1
-25
159
-50
-2
0
-82
76
12
5
-3
-2
10
7
295
0
10
199
-18
1
2
-61
63
2
3298
-47
-69
-25
42
4
-35
-18
-20
101
-3
-1
-141
13
1
10
223
14
-268
113
-14
1
8
17
2
14
19
184
-214
241
56
11
-28
92
-67
21
-41
69
-25
-4
-17
56
89
4
-4
-29
-174
-2
198
-151
180
62
1
0
10
19
-35
9
-33
57
-2
179
3
-1
68
-2
4
-25
33
33
0
3
-195
13
7
-4
10
-29
-97
1
-44
24
6
14
6
-8
94
-31
13
8
-2
49
299
4
32
-1
-7
12
10
3
9
13
-198
285
24
-1636
-3
18
-7
36
18
2
13
-4
133
2
-12
100
-3
-9
-2
1
4
-99
-429
-205
162
-2
-1
-6
277
20
-17
-15
149
-21
-10
76
-2
-2
25
20
-16
-77
-26
34
-18
-67
-31
5
-171
-20
-10
-684
-8
-34
78
2
3
18
77
63
-19
8
309
1
-6
10
172
-1
-90
4
-4
0
27
2
-44
7
-1
-22
10
46
-26
-503
0
15
1
128
0
83
345
-7
-22
-9
16
-3
14
1
-233
-53
-3
0
-110
502
-8
-10
29
3
101
279
-16
-3
-18
6
-64
-270
64
-68
-65
-1
-2
1
-71
2
-51
-2
-3
-54
-29
233
-5
-22912
4
-16
-2138
-4
-17
40
2
10
