89
314
-70
-56
42
-1225
-153
28
1
191
-2932
35
229
-310
49
-102
-115
96
-64
136
20
851
274
1445
1136
-1
256
147
107
10
-12
-172
225
-228
70
61
13
-31
8
-294
-2167
-63
-1869
78
9
-555
-30
-4702
187
216
941
-1079
52
-728
197
-4
284
-1925
2968
94
76
459
-1011
5825
-28
36
2
60
16
-526
-10159
10
3961
314
34
91
-2427
42
-271
24
1
-68
9
-183
148
20
-79
-376
31
16
146
39
-17
-139
-102
-24
-60
90
44
-117
-2607
135
-14122
119
5525
164
-44
-21
512
92
-4460
-33
70
-18
-603
-567
-74
-23348
7
-94
-875
73
209
-46
-18
39
-29
45
4173
-6
-49
207
1137
-318
1725
-232
613
446
-5887
309
1041
-937
-269
655
-30
-60
-172
-125
-185
-144
-2248
90
505
149
-12
-16
-11
-359
143
116
58
2931
7016
-88
-187
-8
-42
3
37
19
2469
-5799
-182
63
-5
143
1740
695
-539
-104
5
120
-11
22808
928
54
1273
22
-124
-695
-145
-1887
-97
40
12
-5638
-559
570
42
-4588
-15582
1522
21
-1723
22
3896
-246
6
-126
9
-1083
3
-7
205
75
76
-30
42
2785
-10
-5
1319
-780
-1734
-37567
8
124
-459
-2
190
-28
-183
-59
29
-1061
130
3557
135
242
-172
-298
-600
-18
-2823
-1
51
-107
-538
-30
2
-308
-148
-69
20
-39
182
-31
-10
-3
17
191
-2
-31
-281
12
3
236
120
-50
-31
5020
-50
279
250
209
-29
13
26
209
-36
-77
7
-87
-14
-110
19
-1201
361
38
-13
90
522
-61
249
84
6204
-729
-667
-355
95
164
-461
-323
-280
1748
87
-612
-337
-57
14
-170
-554
99
-578
-3
18
16
-4068
-11
1092
109
100
169
-183
18
-5116
1054
186
1605
-142
68
-206
-105
-175
867
-5
-137
-270
648
2040
-6
63
192
64
-9299
34139
26
434
33
-2614
-267
1548
-710
125
83
6785
-654
-2260
27
66
58
-15
44
-107
223
208
157
-11
-21438
-51
174
-3831
-545
148
2747
-20
33
2001
-245
16
44
-645
122
-62
-79
-742
-11
-35
1424
92
243
-69
-11
-114
51
217
1036
-105
2
-44
1436
2
-207
-234
9
50
48
81
-101
-74
-850
397
-79
7
-54
28
17
-1753
487
-2095
324
-718
773
-250
-80
100
-3017
-1511
-58
44
-76
49
227
-38
28
-1578
149
599
-5
3543
-1973
119
-386
-8
130
2876
4787
-76
-172
84
-12
-141
-457
1049
438
-770
23
2823
-85
137
-54
-379
4
-120
-128
-54
-1388
547
7
-188
-2813
-8466
-6993
-17
-581
-547
-76
14
-612
-69
-322
-811
1092
321
1032
39
-62
-3917
-9
-8429
467
-181
-29
35
-1931
-885
3
-15
56
-1038
-247
66
-102
-12
3234
-100
-270
7
-25
4
240
-146
-369
1154
18
3754
21
-78
0
6097
178
-638
-86
-47
292
-31
-56
-3638
-19920
12764
180
-2604
-295
-1212
57
1719
371
32
272
140
192
16
280
-14
-1124
-230
56
-99
60
1
-4
3772
310
883
124
277
191
20
-1815
-429
377
91
-22
-11
31
-10327
-237
-326
-11
-57
-10
-6031
-3
-4
2872
574
-3
555
16
23
-42
-41
383
-47
236
-6
1086
-670
-306
-4
7401
-581
230
-1229
-76
8
-466
68
83
24
-7
-47
-1788
2956
-84
-99
95
-68
1212
98
-109
221
-27
54
-15
2142
-25
-4
-178
877
129
-2753
101
-246
1
178
198
8
1115
2154
-360
21
-4811
396
-26
-12
61
245
79
-1351
-814
801
-99
18
-415
73
457
19
-220
-17
-8
-44
-173
-841
44
-69
-575
18
-290
24
-478
-104
445
-350
-2298
-3095
15
-5726
-197
1253
159
-4
108
54
-10
163
-5314
-116
-403
1
59
22
-539
-9
-298
39
-358
-798
-18
-11
278
-28
342
2248
46
25
-63
-140
2
-448
-878
-30
194
3988
-233
4314
102
2136
-38
38
-311
10
15
2269
-32
538
4
162
-1032
-80
-1254
67
140
-355
-135
-144
-662
-261
122
281
540
-94
-256
-15
66
10673
6041
209
1719
-97
2487
210
-13
-29
-2178
737
-41
435
-7308
299
-485
-589
61
5
-75
-792
68
-385
581
-10
-579
-139
600
-210
-273
15
-138
-395
-3
288
0
-95
1751
898
12
521
-252
109
-46
419
-6
-820
-2574
-44
21
-11
-50
539
261
-240
-37
-91
-13
-1448
12149
8
429
68
-467
151
-553
-139
957
-17
-4359
48
83
-136
-21
-19
102
1131
-14
927
112
-31
8349
-244
298
-949
-11
-22
99
-918
-103
32
-39
-56
62
-180
0
-553
8897
60
-2
-28
-417
617
-57
69
-1009
21
-69
-384
-56
213
498
-646
-66
23
105
3998
-69
-364
-31
-20
17
-3
-106
15
0
-47
103
-160
-301
54
531
-13
58
41
-290
-238
-1132
-897
-1481
40
2740
66
373
398
43
35
1392
-329
-7731
173
17
-2755
-196
-319
2481
-345
-138
-5
23
111
-617
191
-451
-3559
559
-1131
-224
-2940
13
172
836
134
44
-2680
141
-9
1465
-26
-251
1
22
-3148
39
-85
97
-26
-46
-43
53
-150
-46
-350
48
-7
4138
84
-403
23
98
1627
471
-89
-3383
209
393
364
89
-28
-245
-22
-4599
-113
29
-259
11
-51
1623
-2
-150
90
5349
8
-569
164
-4683
-56
512
-2423
-14
-339
923
-6517
-25
-33
-62
-13
1572
-63
-2405
-112
191
-32
-39
-68
-709
-14
3554
-29
-41
-632
550
89
2962
-369
56
57
2078
342
1127
-736
-11
-177
-11
-48
5
-2130
2
-6000
-53
-68
-440
-824
30
-3110
18
-88
-1684
-222
-4882
-240
-63
19
3
69
-858
-9
-309
-3927
150
933
-171
19
11
346
-541
-37
1185
-523
-2647
23
3877
-1439
-31
-105
1371
-42
-1037
405
-44
-9
15954
-1274
-87
-135
25
-4
-481
301
77
-315
-223
15
-250
-31
-908
2814
12
-78
-120
19
602
-124
93
4327
-380
-118
-255
2832
1623
-86
-370
-1173
628
592
157
261
385
258
245
-481
1024
9
20
-1210
-43
498
13
1192
-20
-211
779
11
32
-635
-408
-291
65
-62
-94
343
-7242
106
-100
-55
6
1091
-47
-36
435
453
4940
-683
383
6
-9263
-2738
-39
-1589
-111
-22
-191
127
47
-224
36
3913
-7
-1344
-313
786
-4
-121
-32
-757
26
2288
2888
528
-78
247
495
-410
-43
26
-12
386
131
118
-6156
385
-32
-6
440
-1
18
3
-53
-351
-3
79
231
113
37
-237
203
15
54
209
16
-22
-165
162
22
1
-182
4307
79
-41
18
-53
-2
-1751
312
-439
182
-3138
-5957
-320
385
68
38
9
237
-214
-13
-100
-265
-99
11492
-81
672
174
5
27
79
-42
3083
-93
-60
3586
-135
-3
419
-23
-134
9982
-35
24
324
-24
492
26
400
1870
316
-64
2490
110
-1712
-683
65
-774
-10891
-359
520
-505
574
134
-55
1527
17
558
-217
-606
284
-119
-2068
-32
-31
-377
-251
-566
14
270
-104
431
15
22
-19
-133
2923
-115
-65
201
-39
69
-544
2
-185
-28
514
2066
1353
-25
31
20
166
60
80
-7
-397
-1392
-492
-55
-27
-2
-22
118
150
220
-98
-235
112
-347
-284
112
-82
308
-11
-10
3088
-26
-202
46
-8
-1476
-62
-13258
93
6192
224
310
-4
73
9
-91
71
94
-244
-47
769
-38
-152
-1135
300
78
1692
-76
-102
-34
-21596
-28
89
-2356
1416
499
-490
90
13
-1119
-1270
-162
-321
36
-55
726
593
70
127
2083
14428
-366
-138
6
-292
159
899
109
2
-179
165
-6730
-197
-103
-25
23
-165
-594
15
-10
531
-1845
-90
-802
-448
-99
19
32
-48
13
3
-677
-62
-329
100
145
-34
-316
1124
-8
-25
-172
32
17
-38
0
-1904
-83
5080
-1741
-1928
982
14
9009
-33
-131
5
-7834
-44
172
93
68
-616
-135
50
10
-3
-1060
9
152
-204
44
-8
40
-910
155
-275
46
-185
157
99
342
600
-7
-56
-368
188
28
-3470
-251
221
174
-122
116
-38
-333
211
1634
119
-74
382
-37
-769
95
-14
452
-120
-41
-447
46
3348
245
-1189
45
5
330
-29
-1052
-25
33
722
-21
7
292
-34
-7449
212
169
3845
352
-27
-40
-59
-843
570
-587
-35
-3708
601
19
-22794
6
337
1860
3641
198
1
-61
-293
535
34
133
-206
-275
-188
-436
757
-267
2172
6
56
197
139
641
131
5387
-116
-93
403
101
45
-88
516
322
-85
-517
-51
-51
186
-257
-9
-250
22
43
316
21
321
2002
-17
-662
-60
198
26
103
116
853
300
-12
-44
1124
-100
-763
2891
-204
-107
-74
-14
-900
552
-1449
-59
-116
-291
788
-220
-12
377
276
226
161
409
274
86
-20
10173
2022
80
-135
1124
-77
169
247
197
81
408
-47
-39
-330
-27
-584
418
-2653
1
-21
-340
341
434
-2
162
1943
42
-26
625
90
-131
-78
-93
40
-82
-108
-71
72
28
215
4
-928
814
49
479
-39
-48
1930
-461
-1
97
1218
18963
27
192
-107
19213
-309
-784
-996
-528
-768
41
-1694
1629
-148
-79
-1813
-55
-167
65
56
-438
-45
-75
-57
43
-98
18
-2650
113
3852
11
760
-38
343
37
10
30
-2021
-2737
111
933
-93
-801
81
39
-2
-253
527
-11
-22
6
-1359
2072
-1493
24
5
-24
305
21
1656
156
-126
393
-1169
21
733
74
4414
-885
-532
-12
347
-2691
-710
-27
-14
-516
-29245
88
-51
-196
-15
2451
143
-134
324
6
-400
-4084
227
-426
-42
-3411
-437
579
45
197
1087
425
-51
988
674
195
562
13
-110
-32
-64
-3511
-28
-3
-41
-352
-347
3
-216
74
615
-739
508
2
-4064
69
144
-45
-1
-8
-70
3851
-33
687
130
-656
-30
-100
92
0
-65
17
-5
185
-75
343
50
1302
2008
-1141
-763
-31
1113
-784
4
-18
-7
-37
117
29
-29
11382
18
-117
6
65
-4
7
2043
-22
-205
32
-53
-84
-38
8
30
3774
35
-12
129
612
-557
1777
-33
30
0
2752
-120
43356
2144
839
190
538
1673
-4
-373
-2
4
-108
-2
-269
-5682
-215
-107
-238
31
2277
-1105
7182
12516
509
-780
-84
728
483
-69
96
-38
3367
20
892
-1576
573
53
-60
-1369
56
-5
-439
-33
374
-140
-926
-66
-1694
466
230
-47
-24
24
12
89
24
416
796
7
9
158
-108
-74
-48
-128
-15
7
-1
-52
-1684
101
-5
-3057
-596
-1352
7
1562
-49
-63
8
1616
460
191
-266
-712
3585
83
-1808
203
1068
18
-1487
-931
-55
77
-233
-838
-70
-22801
-732
1381
-13
40
-712
4314
736
-1658
-2509
-9
21
-201
1785
280
-796
-38
120
131
199
-478
3
18
19
9
-33
394
-40
153
-329
118
-514
-24
49
-644
132
67
-329
-4
80
-539
-688
-116
-3748
9
-33
166
-1824
59
-103
-924
-54
536
-26
-59
21
463
-189
596
-322
-213
-20
-441
-567
-1970
-118
44
38
-37
272
-25
205
-19
12740
516
-152
-96
-210
-98
444
252
-382
47
1419
-90
-10
-1010
21
-9
-287
3
15
123
-126
226
18
-445
33
-90
-365
-33
2
-52
71
46
-47
-299
-47
74
1192
-309
-125
-134
-223
-1139
177
104
-158
-877
-83
-150
144
-27
-9
-198
-132
-101
46
115
-2529
-182
-130
701
25
-98
153
143
75
7504
-177
-7
-10
8
78
2
60
4596
38
51
224
-13
-94
-9
-113
608
6
400
-23
-403
290
-135
2534
-288
-251
-374
-1673
-1034
93
1
-64
24
-99
47
151
-45
14589
822
-156
331
242
88
-213
-610
-439
-26
-16000
-129
79
521
-207
-223
-29
18
128
276
-4
-74
51
-210
127
5916
173
509
-33
-11
65
-307
-20
7125
229
1933
-96
155
14
7
-164
224
-64
79
-1324
58
-23
497
151
-15
443
4237
119
-29
-45
-15
111
138
545
69
-15
7
-157
-1174
-1193
1064
-98
-4096
206
-100
-539
88
152
-6
175
176
-131
51
9
30
-23
-167
-2637
69
17
-138
55
2076
-43
1637
-3
-1264
-222
106
-1890
-660
268
-13
-670
-582
-4
83
45
251
652
5069
-4
-659
-270
1201
54
496
-694
15
-19
-1904
-45
355
112
1167
-967
6138
54
-539
69
121
113
49
-420
-34
-3542
803
205
66
-447
-1800
37
3890
14
-539
-647
126
-223
615
-165
26
708
-144
18
-22
53
-2
-301
-158
3303
-3825
20
36
-51
-449
40
-1440
-993
1893
141
2042
105
-127
134
-2125
141
-10
38
87
-122
16
848
1829
-1678
-149
5583
-10
-174
-333
325
-1628
277
-45
301
-17
-118
18
-226
30
-180
2370
117
10550
-35
-39
280
63
2782
257
4236
24244
2768
-868
-2221
-80
222
20
-319
-262
-51
1
-17
1634
37
-282
113
72
-23
1155
-55
-112
86
-14
-42
2174
-193
-75
1070
-18
-26
52
33
-31
-7
-109
-34
20
-162
-15
-54
2456
414
67
-74
27249
557
20347
-276
66
-17
-135
80
-8022
-43
-3888
61
276
11646
-405
21
-1245
71
-444
43
271
-21
-5
-33
-3586
78
1943
-82
-186
-1158
-8
-260
-441
79
-1109
476
6
-104
-186
37
-28
3687
1919
12
37
347
254
185
33
-15
1941
-34
644
-1596
-61
41
336
1364
76
15626
-3284
140
-12
-118
-1805
608
326
-47
-3918
111
-19
-49
-125
-1031
-5
186
-17
1499
42
188
99
-14
1125
-227
-14
14
-11
-7
750
-62
-252
-49
93
-50
198
-28
174
-72
-835
-3
119
-1280
201
76
-152
527
-1623
95
-396
4874
-119
-54
-137
42
192
-3746
82
-5
24
-133
-491
5671
41
-273
1689
923
-182
-238
137
54
-41
782
-17
26
-2062
267
615
21
-217
22
-6
308
222
-56
-27
-3997
-511
202
-3937
-5
90
452
3667
-87
111
-71
-123
-5408
-2858
116
1032
62
-37
443
-702
183
-273
-666
-75
475
-7484
200
5
-256
605
16
348
-21
50
151
-12
-31
-61
638
121
5278
-24
45
-7058
9615
15
16
3
-622
138
-848
-65
-41
1115
158
-293
77
1449
3186
-483
37
40
-2141
-5
108
536
-171
-33
-1948
14
-173
369
67
-51
-282
4135
340
37
130
-148
37
35
60
-77
155
-47
681
1687
-2796
-124
-43523
-114
269
-145
-345
-276
-1629
-24
-256
180
785
2453
17
-3
1207
-51
-602
-7
-658
104
139
-24
455
202
-50
-57
8
-491
-89
-125
112
238
254
1990
3702
15
-425
-70
919
124
1445
52
-158
31
29
298
-132
-21
72
662
-140
46
74
-535
-595
3040
12
324
96
-1239
-5943
25
4
-31
140
-44
-79
34
-1067
185
-476
-11
-18
-58
-49
305
-343
-35
-231
-422
73
-126
532
-408
-98
-6
-11
45
-160
-76
-3654
250
-37
2
-141
-64
-24
-609
-45
90
2470
-21
-318
18
-106
-151
-126
121
-25
1530
-31
-100
-242
219
3
314
227
37
-49
17
16
32708
761
-6063
102
0
-163
-41
-187
-755
-20
-2572
335
37
-166
18
30
-13
89
-41
-54
7
-194
760
21
-40
-136
1
320
124
17
-105
81
8141
48
100
-13
-8980
68
11
36
-65
21
-405
363
-164
147
-1470
-1806
333
370
263
-137
-156
-69
2676
100
-15
-59
440
20
462
587
-19
65
-503
-59
-18765
76
-761
-136
4
-402
-59
311
76
7401
78
-1994
43
-5999
-1302
-42
-8
48
-34
45
89
-44
581
-37
12
-91
58
524
-436
-782
92
-1086
-542
-21
-605
91
1324
-15369
336
190
318
-48
797
1184
56
-1331
-167
-1787
-159
-3793
44
258
1918
337
-506
-1902
64
4
-41
472
-120
15
-4169
13
3744
106
1350
-13241
1292
-4179
172
888
-276
-1613
-26
-512
370
1088
-28
-384
13282
213
-10
464
-397
-292
63
-117
29
-9
42
-15
-237
2314
-4
379
-32
20
95
163
19
339
-1926
868
507
-1027
-374
-166
3
149
75
-6
1712
-113
2043
156
-574
-83
9
-5316
40
-23
-380
53
5095
4329
154
-3340
104
-26
-36
-6788
-305
33
29
349
62
-78
1875
880
-146
-7
1607
69
6
-1321
19
901
50
56
-58
239
59
-102
1651
-2487
29
10
25
-88
253
-37
22
-73
8
2498
15
36
839
-1046
-1454
94
27
-60
90
230
-38
291
-440
58
-5
-2360
29
937
-67
-117
21
-76
35
2873
-67
-44
197
45
226
250
-319
294
-138
2964
-74
-279
-188
120
427
-255
1000
-672
28
36
23375
95
-49
774
207
-1809
-458
-73
9
-39
-249
24
58
129
822
210
-8799
-55
-4072
-96
292
195
60
92
44
-4
817
456
444
25
15
2376
68
45
1666
28
31
192
4
47
366
32
30
579
-154
49
28
-78
459
618
-817
-7465
3222
131
3
-124
-91
589
36
394
254
-2768
-191
-89
-1
-1079
3717
1621
234
-750
6353
51
-16
48
-12
-3370
69
1413
-151
-4814
-1591
476
-109
-489
1942
-1495
-119
82
2396
-19
141
68
-9
100
72
-172
-247
-7
15
11
-344
-423
2901
154
761
3313
4239
-109
-64
-373
-271
-30
29
4
38
-143
124
512
-93
31
-26
-192
286
-63
-398
-8
-5003
-235
2827
-1523
-140
318
23
18
-3
109
-363
1223
134
702
-90
5055
7
830
-125
1176
-24
87
55
133
-78
6843
386
-220
-3663
27
484
15
-122
-348
-4
-70
-9
410
9
907
41
1
-311
25398
-59
-14
269
-5
-36
-175
-1466
59
-70
-7521
132
-224
539
-91
484
278
97
-319
17
515
48
-92
63
888
-162
-24
2092
108
29
-1349
28
-1027
-361
252
3
145
-24
-39
-116
-223
62
-5650
1
-2053
-10
4
-24
515
-14
-656
-102
792
97
154
415
28
2192
108
-14
-2567
18
-36
-64
-23
-14
-66
-358
61
118
1535
-1
1164
199
233
2424
19
-149
-918
-2451
-59
-57
-961
-346
862
-10431
11
-1491
-1502
-646
322
78
88
-49
-54
-16
-5
-115
-126
-10
20
-2
3
238
-3300
11
-776
-10356
339
-1114
63
-8
1627
-207
-7
-21
-71
1090
24
319
-78
-7688
105
45
-3209
-8
-1706
5
1086
107
38
-1304
145
-99
-1559
-1002
-15
620
-363
-2465
-52
-582
-18
463
-488
315
-284
-13
363
-150
868
78
742
-1912
1088
-304
-2
397
-8
-18
61
6822
-122
301
-1155
486
4568
805
-27
-816
104
5
3566
-693
22
18
-64
-213
175
2
-29
194
31
64
-412
241
9989
-447
178
-23156
2186
-7565
-79
-114
-229
-40
-108
65
234
43
21
189
-31
-340
43
-44
284
198
-2
-1814
387
-84
-3022
180
1526
24
-41
276
-253
35
176
199
-163
1066
-13
-4058
102
-12
164
-188
-140
-94
157
2
1599
4
58
9
-47
-1713
503
-222
107
615
-620
2264
1401
-3689
245
-81
-36
12
1148
-7839
155
260
-5
9913
773
-17
-22
-56
-451
474
-707
-2028
-33
-465
3894
-652
61
41
696
-44
1
-8
2033
31
-6221
-9
-1434
-46
-61
-6
696
182
-296
25
-32
121
-12
-63
-304
-567
369
5
-186
-1102
32
174
-1595
-240
106
-30
-1404
-76
-309
-152
-44
-73
-735
-1572
-194
-3261
69
-1437
-153
-5
3320
-202
-2
-673
9
-1
-147
23
140
47
10
63
425
2924
105
-567
17
-1
222
-7752
-112
-647
-14
-455
463
110
103
-79
-64
-60
376
34
1338
-65
227
90
924
-1408
-6108
6902
52
-2203
2909
-27
406
-623
9
-1194
51
18
-134
85
-391
-307
-18
-27
17
-145
-1977
6298
-51
-80
-160
-291
-159
17
90
-211
-129
524
166
-3856
-84
2051
-203
40
-56
-49
37
-361
1605
-273
-18
18
9213
1077
-51
-432
-913
-212
-722
92
216
-688
1083
77
296
1807
88
501
-216
-1854
-15
1781
20
672
-28
629
108
1554
-13563
-1402
-162
-18
-393
7593
960
-4
-24
-412
-372
19
13
-187
-55
114
-20
-180
-6
211
111
-2939
-26
-22
7780
-348
-31
-3607
-11
-374
-243
409
81
32
2180
301
-940
-43
-39
541
24
-1
-26
-16
675
845
-322
-21
-8
89
74
-71
27
-418
2007
210
1277
45
-308
100
-39
7
-103
84
45
-13
1496
-268
-42
230
81
21
-1040
19
-50
18989
-35
20
332
2667
-76
997
77
-207
4
348
38
-60
-538
1
1
94
256
0
-278
156
44
3622
59
77
544
8
1696
287
2117
-1630
430
618
-118
1445
184
-131
590
-119
161
-173
221
559
79
-27036
-465
-49
24
152
2583
13
450
23
-15
-63
-3778
1481
-558
97
-77
-292
6
1322
53
7614
139
-119
65
23
405
3161
-253
-329
41
26
139
70
-160
-451
44
-1449
-110
179
99
288
-5
-1501
-30
-532
-10
-197
489
-32
109
-2714
-324
-32
27
57
2
-297
-1931
983
126
7877
366
1115
-3912
-84
-102
18
1918
-47
-35
87
528
-175
1340
-83
207
-5922
-25
-20
-977
6
203
1117
4
629
-22
-20
-104
-38
-12
2000
-440
25
31
-1
-14
172
-1075
8
-4273
-2114
1764
-451
1511
-435
-214
37
-64
-153
325
71
23
37
-92
-6853
-185
1435
-12
325
169
940
430
-1304
-2349
295
-624
144
-668
-69
-4040
-64
118
-194
91
74
40
-379
-58
-263
49
-29
14
573
-6360
-1066
-43
-1255
-335
1666
-16482
-2437
-22
16
-555
-627
13
-134
32
-926
5496
5
307
-10
92
285
205
-3371
134
-290
-14265
723
-2953
1072
-519
2024
-138
-74
109
-1423
-57
-671
-2894
247
-3635
-89
-28
132
143
74
75
61
-70
2394
-42
-826
-389
1573
-398
-424
-197
-234
37
-30
247
-19
7
40
1837
11
-9
-15
193
-76
-313
-382
24
-5379
86
208
-33
-29
22
142
1267
-825
-30
-379
9
122
194
-188
-988
-277
-1
-15972
231
-140
5570
-226
-10
45
-50
-77
-465
91
-367
-283
10
3474
-6279
-8
-199
-246
-1579
-34
20
-37
238
88
86
-673
-21
21
13
-1308
438
-244
112
-127
-19
-53
1039
-34
129
-139
204
4418
-103
-6087
-1657
209
-743
22
-229
-465
-581
244
42080
2
503
-20
-1161
8
-2980
-126
-85
-145
155
144
-109
40
3123
-296
200
1168
-22
-7
-11
-27
-119
-27
-474
-9
-509
-170
-228
421
40
683
-1073
31
-253
174
30
3489
22821
-2
-145
26
28
255
45
157
161
-496
78
-38
-12
4622
-2119
137
22
27
55
38
29
-282
-1566
-23
-8
-958
-5498
-286
49
355
-470
-289
545
73
121
-39
86
7492
97
-2
-309
-4
463
210
4
127
280
4224
-219
7576
2157
806
24
-32
-29
-137
-18918
-1
-44
1565
-49
356
527
-311
35
-18
19
-4
-16
-6
-17
-40
496
99
93
1075
-6
-560
-1326
-20
-245
355
-2
2285
559
-197
6312
392
762
14
38
94
229
-18
213
52
16089
-102
-65
-30
-547
129
-626
-27
-251
-46
37
645
6842
-661
-810
-548
-5503
1010
-180
-135
-150
4
-1
-153
88
150
-111
1245
-161
4319
568
1019
-1507
25
520
-367
24
-391
-155
-1461
4238
-8
488
92
-636
-3785
-256
103
-1011
1058
46
17
2534
-292
963
-30
169
-347
1869
-1791
2644
-14
45
-457
39
-1095
-1056
54
-746
31
81
628
-40
-875
-29
190
-161
-98
439
-60
-57
14
77
-8
215
-58
477
997
-1075
144
1332
87
41
79
-2
-485
7
1
1790
184
-10150
247
22
-189
2043
11
-323
-195
-322
488
-222
1207
103
47
-989
-64
105
369
9
49
272
-304
60
51
-286
78
-70
-83
-27
-133
762
-5100
-667
171
-7169
-4770
-276
635
185
-385
67
44
235
-169
5
125
-1095
88
-40
-125
3026
-273
42
-40
-123
804
2346
29
-21
-3132
4386
162
-75
-141
635
-69
62
639
533
-58
-2828
-4
-159
710
288
-163
-357
-261
11
-104
395
26
-164
-701
10
515
-24
-3127
1451
-2351
-60
614
81
38
-3060
78
-35
27
1468
-13
119
69
42
3
70
-1478
746
389
-264
-73
12
-144
1845
-182
-33
-1065
-163
-16
8
-39
35
4473
2762
-635
122
11
155
0
-129
2730
-123
-105
-916
-18542
73
-50
-973
-672
-194
-46
-815
-4
-158
213
1
-616
-187
5
310
67
3
2236
5892
-478
77
-21
-1397
-121
10
-6310
-89
-16
32
-6
-415
375
28
13
199
-550
174
-25
32
10
42
917
-1646
174
590
-51
-47
-84
1021
-84
59
-33
-18
-157
3
-326
40
161
-132
7
585
-123
53
-921
-121
9
170
264
441
-70
1064
914
-543
17
-263
-307
14
-443
-6
-68
865
3214
141
-156
-146
-1585
182
32860
-803
308
230
-4380
-470
-21
318
-145
822
-24
24
-245
111
-47
6
-136
-331
160
68
22
-19394
-423
53
-1
-114
2603
98
-71
108
-7133
-70
6892
-1014
-125
544
39
14
2128
40
193
-144
-1418
70
-71
-10
-394
2017
-20
-6244
-47
-279
21
-38
-271
58
-253
-826
-89
166
1182
-22
-16
-258
-88
-801
-174
177
-71
81
-131
201
-41
-4924
-889
1034
-2097
448
-113
191
366
1326
-45
-2
-9
-162
830
-1654
12
-19
-806
3307
1402
-16
-1889
2049
-35
-83
625
-8
-40
247
-224
7156
160
190
144
104
10
-33
14003
-14
-2180
173
295
-1022
400
173
-298
596
-77
56
16
-304
233
310
-276
24
-331
-207
166
-427
41
1810
169
810
-1220
218
700
-291
3966
988
186
-1287
-29
-3
383
65
2184
648
-384
53
1258
23
-462
-4581
1315
-21879
-721
93
77
-40
143
596
-149
-72
12
-134
8839
22
-59
-4581
-435
-31
-59
-320
-42
-13641
82
6
-325
12
-34
-140
42
387
-7326
123
-16
-34
-70
109
-1
33
108
2200
107
-166
-568
-35
-121
21
648
18
-154
287
-26
-2457
-2
-565
370
105
-134
304
-892
407
-424
2551
7144
-1155
92
-78
-1785
-28
135
1
82
300
175
-62
15
-2537
-45
9
-104
162
1101
-23
595
540
-25
35
-47
35
-101
19
-275
958
-440
-1945
-40
1498
7588
-132
148
-238
331
219
7742
-1216
-26
-59
1391
77
2356
-46
156
66
-3
1535
-2998
124
91
-98
55
-452
276
-12
-115
12
-132
651
-69
16
30
-52
-29
3933
-1691
82
5233
214
-44
-280
-36
-184
7
83
-617
441
-2582
11
-39
361
-1242
117
-109
-35
-2225
8
-2004
-36
344
50
44
-37
-78
1349
99
-762
113
-138
-2336
131
118
177
-97
-87
163
-48
550
-53
248
147
-9
851
299
-92
-1079
-39
37
32
38
-285
138
-161
-7
-99
7351
-57
-6735
8
3567
1881
-1143
404
-438
58
757
-19
-509
475
21
38
-25
-132
-13
-27
28
5503
-332
182
-101
-1
-12
-22
11
2276
798
95
8
-116
-906
-1997
-550
268
-387
77
-41
-23771
-23
-3
39
-148
-3854
-155
110
-661
701
22
-1
-27
266
185
-4
557
719
267
-8
-461
-117
-302
-2286
-31
-22
199
-731
-26
-3305
-1555
-14
-781
-83
17
-93
-83
-12
-3676
-174
5701
-152
-1558
-109
-16
74
31
-139
915
-34
-324
50
527
-103
-312
-556
-90
38
-27
273
-828
-143
976
-72
1955
-4251
3393
-10
-122
234
-2
-17
3183
-256
-43462
237
259
-37
75
672
954
-124
-390
-576
-101
-30
81
-15
1438
25
-66
-37
825
-65
382
21
266
15
-90
184
44
-219
-66
1518
-222
2796
-269
374
-27
-15
-280
76
-1747
48
-54
-1
-217
75
-3
-2951
-5958
144
-3
292
415
113
-107
-309
-23
36
-348
-11
-2859
82
-58
-506
-10
-297
-2
-7453
10
-674
-3
95
-129
-26
-319
56
-423
36
-50
93
-281
-2
-330
-3828
-234
228
-2125
-57
58
34
132
30
-82
431
43
-12
-635
-2055
108
80
228
-2
-744
163
-1773
194
103
-1623
-23
117
1930
-1755
53
876
-1794
-432
-435
134
-3643
463
41
61
-162
-490
180
1195
-354
5158
-54
-1153
-490
-247
-11
40
51
-813
-1281
88
-82
38
-1227
-13
-906
-289
-135
35
-233
565
74
112
86
-117
2819
147
-16
71
27
38
-377
-689
900
261
-18
-51
-1289
8171
-192
213
-38
245
69
24
62
-230
70
-402
249
49
129
3
-4237
564
-57
139
-149
967
93
-29
-11
8
69
368
-7205
-358
195
135
4
1
498
76
451
25
296
-293
-504
-27
-164
-164
-14
-260
4575
111
-62
-201
-377
-119
-72
21
-1423
73
-75
34
131
-694
106
9
964
6
343
-4809
-5
21
-146
-28
273
99
227
57
1183
-97
-4
-396
-4
529
107
177
566
1732
-116
319
-1485
-50
-4444
57
23
23
-84
-44
275
227
-620
41
432
-1228
-40
-249
3222
292
1679
-5677
-2726
-4873
207
224
-157
-37
77
40
24
970
-974
-292
-5911
-113
-529
-616
-8
86
-10
23
-608
606
2
285
3061
-147
254
169
-146
-13
26
1230
49
11685
35
-50
54
816
-144
-134
-1
-54
65
-1838
286
1
-352
-127
30
-29
-43
64
-18
-21
1111
-21
-30
-418
375
127
-873
-482
1465
150
1907
118
-2303
-239
-199
118
98
-4
2258
-36
-62
-155
444
-13
7
55
-165
-11
12344
-40
1737
-192
1201
-2122
-349
1561
67
-172
-27
107
61
72
234
73
-4
27
214
17
-69
583
-12
-250
138
-440
-24
455
53
71
2518
323
17
-134
-425
9
163
-690
226
-7
291
-13
9685
-3196
22
-4374
10
-1914
185
0
114
35
110
-2031
-59
11730
-9
-590
-417
121
392
1388
927
-28
52
944
-13
1057
-61
-910
1260
-469
-50
-43
127
-146
50
182
1727
7
-1331
1
948
-43
-886
25
12
-3
-178
304
0
10
294
-61
14
-17
244
1288
-95
213
1436
57
-131
-4798
-251
-4
175
686
-69
-232
102
-103
-286
82
939
1563
-215
-380
70
-1856
-365
-71
-16
19
179
-263
-2170
90
-164
15
377
-66
12
-160
-161
10
10
52
29
18928
-3569
48
6
26878
-31
-34
39
132
25
47
788
16
-28
124
-14
24379
-39
72
-3297
-72
31
33
10
21
123
-89
1929
-1406
-1641
497
-131
61
22
612
-32
-139
4210
715
5
-2653
1261
-363
3078
-390
-25
1270
-301
867
40
-771
-310
-57
8
-1282
-1675
667
-102
51
-537
-629
36
218
-30
-6
169
-3058
30
607
-1847
1513
-242
-9
-16
-118
47
-3
62
10
-1191
-1431
-220
-1
196
-3054
58
-33
-1212
104
-1319
3
78
-56
-3195
-19
83
-3
252
141
55
8
-73
130
55
-604
1084
65
173
443
1531
22
20
-18
-198
-164
69
279
-562
-75
-1028
170
13114
78
60
164
320
15
-18
347
2798
2929
-53
83
301
21219
-539
-614
-274
47
2
96
-118
-6099
-34
294
-1326
-12
-3515
-301
188
-8
-68
-154
-2974
323
1410
3009
179
41
762
212
22
-647
130
-950
138
-502
-15141
-202
484
-1783
2989
-136
203
130
18
-23030
-6
-103
-1302
163
-358
-5
230
-382
14585
-81
3476
78
2763
81
-3957
30
25
-206
55
26
-152
57
585
-361
-74
-13
3
-437
-77
-1294
2330
-17
1
-62
116
13
436
-311
-1312
101
14
-7
-281
-1896
294
-733
64
544
-62
197
130
434
4
-1538
-9
-175
-500
-120
871
31
130
25
23
122
96
65
-405
-1957
-308
-250
-87
19
-10
-41
399
-84
-19
-223
41
-361
24
41
216
-65
-810
5951
-135
5087
-1397
49
193
-84
68
486
-383
-71
-77
78
18
11343
-355
-164
2405
-29
4585
223
23
78
-2736
199
450
-1313
-802
777
-1101
-1527
-573
301
420
366
100
-185
-43
12
318
-15
-37
522
-2687
-186
1838
418
-298
641
77
-110
-194
-177
112
-125
-101
1235
86
639
-7
97
680
570
18
61
-41
-528
1811
-2970
284
-7
-57
-87
3369
617
-721
151
-63
-2
-864
-8
-144
-59
165
71
18
-83
-3045
11
-31
-5
20
-73
2643
1
-43
-2208
-13
176
-32
5
106
-549
-92
49
-70
639
-202
-13
12
-3728
45
-9932
-113
-53
2463
1803
295
-90
-88
-157
-128
115
98
-1
380
-287
1035
-1657
77
-48
206
19
854
-3
163
-23
-885
-47
-543
42
3688
-108
19
-115
-83
1
340
552
-15
21
123
34
-31
111
-643
-1695
-340
97
62
-231
-11
-8
-195
-23
-117
-73
4343
-273
-63
-35
124
39
152
26
-188
75
38
-129
-697
-43
-272
-57
-1
5
-46
4230
-42
-6045
316
-329
156
552
21
3
77
-154
113
-543
-36
-157
-1993
-1430
3
21
-9
480
46
1567
3
550
13
-2365
-2
-214
-1089
370
-19
-22
152
389
-6602
17
209
-35
135
-10
-1115
-24
47
1289
39
120
14
-11
16
20
57
-469
70
39
1
-366
500
45
57
-35
945
-79
-376
67
-134
-21
129
-32
20
7635
-677
-88
698
-54
1858
1527
57
-12
64
170
8284
-23
-6
1
18
-371
261
69
-170
-5845
-3491
-21
-175
79
-31
-140
2027
-11
5
-8033
-21
-1371
-39
74
7303
-155
-10140
-9
-171
1484
-317
-74
401
574
-50
592
12
12
4
-119
-8869
-177
21
-23
111
153
1058
75
18
376
278
-4
24
719
23
296
-222
102
-315
12
-1364
-1336
696
-842
-352
142
313
9
-45
-2041
2112
-181
158
-330
8
-232
-264
41
161
-150
166
-2597
2549
112
346
-168
3569
-99
2
3215
4080
-1851
255
308
313
-4725
-191
-947
-8
-447
-508
-10
-10
-1988
-20
-56
-3667
108
10
318
-548
-362
-887
8
-640
240
26
11
851
-75
-897
17
380
28
27
1336
478
-15
13
-296
1005
-69
24
4133
-617
158
6
76
-3
118
-53
-730
-11
-145
35
-150
-146
97
93
12
31
-1
-834
66
-103
3852
-10537
14
1399
142
452
1426
-56
-641
-11
7
853
0
-4700
1
-17
5
190
95
71
189
-150
-35
127
225
-1771
325
499
16
35
23019
116
1
49
-3883
-199
-54
-2343
773
-12
167
453
57
35
-509
310
-1047
115
-10
-12
3016
-4064
27
-1335
-975
-554
-15
-10
13640
-3
98
-63
-853
857
-45
-44
231
-1495
-97
-670
-2035
479
89
-53
-94
-416
108
2694
-431
5456
12
70
-33
54
-246
-375
43
-35
-115
-10
-743
-6277
-4227
-566
456
-29
-96
216
-2756
-154
213
22
118
-31
-320
-260
33
18
-10466
11
101
303
616
60
519
26
306
1776
11
3183
-110
8
354
1668
1
-89
17
-440
8
-121
231
-25
3223
-154
-60
34
163
-3186
-1199
-1843
-552
-134
200
-5736
-1660
-116
117
-22
48
9
2
192
3053
-50
27
18
-49
-7450
-40
-183
-935
-13
-1119
-856
-15
12
647
-3323
-77
-243
56
-14
754
-289
-2178
2203
-961
32
145
2
-24
-489
1383
-3676
18
36
136
-146
244
2429
106
26
3
35
-948
2
57
-96
-5178
-39852
-2
-157
-100
591
-742
-2102
-264
235
-45
-28
-24
-12186
117
-2382
-525
10
18600
-207
-47
-1062
4
0
354
-193
5622
183
-2134
21
21
371
-1113
1604
26771
-49
121
126
3
200
-159
-207
160
64
-53
124
1053
-21
-11
-18
706
51
-1233
-107
30
-843
347
-199
15
203
274
11
556
1
13
106
2230
34
-718
-95
-132
-50
-686
33
-167
-96
-9
0
176
812
-209
-54
170
316
350
44
-458
1654
-22
10
40
-145
-4
2200
-49
0
-843
-106
-397
1476
-20
-3502
-5419
-381
6628
-318
563
-28
-19
166
-16
-12
-143
70
-3869
-1372
-13
-74
-4
-356
74
8018
-377
335
-308
-1285
22
-78
2683
-124
-9306
21
-82
252
-25
147
-172
68
-1252
1631
1145
-4
-119
-356
-14
18
-74
-43
-2263
177
13278
5734
-393
-1999
-61
-124
-6
41219
27
8
-123
4
-489
-801
-82
-88
204
70
0
-266
-167
1475
24
-6
-17
20
-207
-19651
474
114
-1173
-331
755
456
-32
-667
-1455
431
322
69
2365
-298
-1031
-5120
3140
570
-295
549
-50
-3561
2154
-50
2635
-36
-901
-24
-1379
3
20
-85
-375
611
88
40
-44
-4
-69
196
-294
-259
152
-1254
331
244
194
83
-1349
505
-1280
-95
-919
101
55
-22
0
-64
-72
7485
-468
1351
-1197
-212
-414
-119
-362
-54
55
-415
-305
-74
713
178
289
2334
-237
-83
-374
-49
4
-144
-268
395
620
-162
-137
-344
599
137
-14
122
-3731
-232
371
-9
112
-47
-60
-34
212
-1
157
-6764
-1747
271
-131
69
4538
-359
-9
18
-13
-241
2167
-29
111
-7876
275
32
17
-115
-5
127
284
-207
-49
-32
-420
215
286
19
41
-3
40
92
-64
1209
24
105
-199
-397
-169
-109
93
-167
45
-34
-3062
43
-76
28
-114
-49
10
180
34
48
-101
-4111
33
-227
-188
803
175
44
1327
30
212
125
-289
-213
-310
13531
-70
667
-720
363
629
1018
-135
7091
-332
-5727
-9
-426
-17
45
-12544
-290
21
-5316
-423
1501
-329
25
276
719
400
117
-163
164
-1486
-10
83
494
-17
-6
32
-223
59
-95
-7121
44
-90
-1485
-54
1696
-505
274
2133
-125
-1567
3571
-116
-895
-19
-3245
-2
-128
4104
-27
156
-17
590
3965
99
138
19
-140
92
62
40
1231
564
46
-440
-980
179
74
-54
233
-1386
-717
-25
49
7
-27
-231
-328
-275
19167
27418
-10188
-92
-199
-70
62
-1638
140
-230
-329
-147
-766
1887
-36
-5493
2115
168
703
-286
64
335
-124
70
25
-43497
-86
-3
-41
404
191
86
-25
1
-601
-419
1284
-22
1056
65
-648
74
-49
-11
7576
731
224
-6121
26
-43
29
-1157
169
-30
123
-149
-211
18
-5
-988
12
14
1359
-1900
13
-236
901
-833
372
-1868
-138
-2
31
-31
-6103
-2075
-22
245
-644
-108
46
-20
917
493
-94
802
-484
-106
110
2171
-38
52
5
4171
-87
287
19
1
62
-865
135
-3300
-168
4139
94
8
139
-258
409
-20
-19
-212
56
22
-462
4004
265
-275
36
2256
-49
-26
-1079
51
-1160
-1
-9889
53
48
95
200
-180
-56
-19
-249
4672
-169
-1218
-66
38
-51
-127
-56
247
158
26
-17
-148
86
-11
145
71
-4165
-212
-172
3070
574
12
562
28
265
-23
756
969
16
23354
1939
241
7
-18
-176
-86
-59
962
-150
-786
5954
9
-72
185
-228
383
-2
22
180
806
-32
-46
-58
45
-7
-129
-667
66
10
846
67
-343
67
932
-67
579
-64
676
15
-138
1672
613
-106
-43
-42
-231
-106
515
-86
-22
-610
345
-16
-952
-475
-30
-41
-188
481
-25
-98
217
-12
39
152
70
-1370
-67
324
238
234
68
2
167
118
-147
40
-145
-2730
86
-1203
71
3861
-144
-2783
21
-952
148
-187
-191
38
-107
9
48
2533
560
1
57
-81
3
12
-52
481
-113
536
14
-60
160
392
-185
38
-424
1958
-1266
8
0
-7013
-33
98
-10
343
2017
-27
1527
-45
-149
-20
92
130
-231
233
18
34
212
-3399
-55
-1672
45
260
348
-13
25
-170
-1066
3
-530
191
552
-2341
2445
945
-335
1353
684
-689
-247
18
-539
-262
30
720
-1366
242
172
-445
2489
-48
-240
1850
-179
-277
-1285
5228
-281
85
-24
316
-189
15
179
115
-499
-35
-550
-1162
-181
1062
226
14
114
187
-579
4
-554
-1199
396
-38
206
-32
0
79
44
-450
-809
88
-130
-3
-43
3
-78
-108
-17
3663
-92
6832
-563
9
2725
-190
33
96
1466
211
-809
5
-59
-165
2369
789
-4283
-38
179
212
-96
-1324
-31
16
-13
-15
-288
-742
86
-19
1973
-7691
-129
-413
684
4161
7909
57
54
-81
4701
-533
59
-445
-4
16
-46
-40
-289
586
-15
39
4118
-389
-192
-8623
-74
289
52
-406
66
22
-120
77
67
-296
-274
-8197
-95
-29
18
2028
-2854
-270
48
37
108
33856
356
-19
-19
-393
223
-21
-3071
2808
511
6
1634
-273
-2497
84
-1917
-131
104
-249
229
24
5
685
-29
-54
-212
-74
272
-381
-1208
191
-43
5
1673
19
-5
-298
19
-89
-86
2557
1524
7274
391
-20
-20
-14
-5
43
215
-14
2585
-951
18
60
0
35
54
1248
67
-15910
1859
262
61
-140
7
36
-939
1216
-155
1031
58
109
4402
-102
41
-279
34
-78
-8
129
-31
-293
-9
-1656
-70
2262
-2
-2643
925
390
-25
-47
51
57
6123
-208
-116
15
-2215
34
-299
545
2748
-194
9495
-10
1661
-182
-24
-2
262
107
59
-12
56
-16
-51
33
-1
-139
-23
-17
193
41
-528
615
4
25
-221
132
-6
86
1047
63
76
-2
-27
-372
-155
-416
-231
-433
49
-243
3990
-224
33
620
-730
62
-32
-12
-162
9
-360
711
539
-19
-3299
45
116
-580
1256
750
74
279
-199
-62
-153
52
19165
311
14
248
48
194
-287
6159
630
1528
-1351
10
-201
20
326
239
334
-160
1037
-141
1052
-1214
23
405
-501
30
-745
1730
-16
3518
1234
4163
209
-572
-2654
341
-6
-332
-229
-397
23
-4
192
784
1021
1048
2454
90
-77
-13
-19
-119
-92
4104
-139
-302
291
79
2
517
1
-270
49
-123
38
-46
23
147
-38
-2688
507
30
-84
1176
15
13
90
41
-2
765
-54
86
-1212
1617
12
-4138
113
77
27
479
-39
-2582
-801
-274
-245
1132
51
53
-5407
36
-72
1524
22
-7
309
222
-20
26
1019
1392
-59
-89
50
632
-100
-1393
-27
3671
91
19908
-74
242
-3
-1092
617
-10
-43
-136
-38
-63
-83
1182
-96
-3512
69
1
-238
1096
7
-6
-51
1235
-34
1992
-93
-37
4
-3
777
-26
820
-238
86
-30
-278
-22
-286
-2157
-4
-21
-757
-1839
28
-1677
-57
-9
64
-4388
-200
-11
-3730
-920
0
1319
-123
12
976
483
14
7368
25
37
-860
-3989
85
45
-408
-29
-893
91
-104
555
-486
93
-7689
-615
252
1966
238
-48
-129
68
52
170
388
-36
-47
-377
-61
63
1179
79
-7
290
12
-1346
1173
227
348
-166
43
-6042
27
-33
-71
51
126
-2869
-432
-318
-14102
-331
-2807
-1058
-143
71
-411
85
-65
-116
19
1
-176
5492
-52
-6
391
30
20
-3846
-298
-312
-960
25
1940
14
-136
54
14
-75
-10334
-146
931
-1
218
-205
263
-24
33
-1512
23
-112
449
-301
-711
1210
104
563
-347
171
-50
-71
-106
-58
-97
-130
281
48
463
-133
2636
185
3
-107
1
-130
58
36
166
-1128
1
-111
-5473
-335
-19322
108
-12
142
15
217
-192
-89
-2638
-4
-55
30
599
-226
-2965
-5
-21
346
507
-1351
-4
38
-87
24
-83
84
137
741
-590
169
322
16248
32
216
12
-202
-3233
-620
-134
-219
947
40
-541
-12157
23
186
-203
27
-68
-936
172
-31
-52
65
-2204
-1164
1780
136
-34
1
9
4
-11
176
168
234
305
101
1222
-289
-3
236
-27
-41
75
-56
75
-892
202
190
-8
-10
-6959
-791
117
20
13
-17
550
21
-351
32
65
46
24
-144
-93
-121
684
1166
-2115
28
0
48
2455
-103
-29
-3362
-55
40
1458
2
4234
-384
-162
44
1282
1441
144
1475
-133
6
5019
-344
-1
109
130
13625
-1
-42
-7
129
-115
175
2198
51
-105
429
28
1
-375
-1754
104
-343
27
-9
383
-116
0
141
-3831
864
-59
97
-66
-3
-18
-14
-58
50
90
157
2175
-19
166
-149
-1322
96
111
249
-556
-1248
2395
-3
129
7
-2236
87
74
-278
-12
6650
-87
148
68
-53
-655
-289
183
-34
-1
304
717
-60
-95
24
22
-261
111
-2880
338
-470
-39
-235
55
-113
105
-638
-207
72
-851
526
283
359
-161
885
-130
-33
48
142
10
263
1
190
2813
-504
97
333
15764
236
-308
-69
-42
57
31
-41
-138
-90
-61
-119
-216
2299
58
70
-1193
338
5
351
-4638
158
393
11
-888
-180
826
-45
279
47
5
-261
721
61
1594
-3251
17
171
-59
3387
1159
-106
113
13
1343
-1754
402
24
133
296
14
-462
-170
128
701
348
-323
14
51
630
-512
41
-277
116
-16
11
-1639
-570
-2213
-134
-22012
12
23
-933
-2200
-6
754
13
292
-429
-2313
-325
-25
-105
53
-507
38
14117
-124
-143
-10
41
-53
2710
-113
108
-1115
-267
10
-6
-29
-1670
-17
-4
-20
-1387
-5
176
-2436
61
-2090
13
-5432
-3
926
8
1608
-60
201
-5141
249
95
448
632
6
69
33
8316
-127
-804
52
417
1234
-1852
-71
102
-1
3319
-23
3160
1
-47
-299
70
-1929
-4
533
16
-73
-149
-106
5861
-33
-161
2847
11
-18181
-317
1899
286
43
-9
-8211
84
-953
-189
72
-9
52
-320
-4406
416
-348
-431
1756
126
45
-58
-447
-947
-523
248
5
-140
167
-83
-438
3
-847
1540
-213
-1550
2107
1
-7
-198
298
-4
-123
50
91
74
2180
581
-523
-43
-3
1544
-5
-6
60
122
184
-346
-437
91
-170
-151
801
-132
85
32781
-195
87
4
-7172
714
196
-281
129
8
438
298
-37
645
43
203
-14
90
49
-1780
-145
-1493
-29
350
46
-4
562
18
-28
3912
-2807
267
-101
11
6289
-1814
118
-274
-546
-1327
79
1369
-354
-9
-46
71
-200
-1434
-220
149
-813
719
-5
78
-604
-341
2122
-28
286
21
-646
22
207
87
-14
-22
33
380
3865
18
13
-999
0
-5980
-728
-15
30
-2869
18
7
98
-57
-81
94
124
34
-18
130
-269
114
-206
6
-13
-1230
32
-103
-47
-452
71
116
9
-405
73
3149
40
-27
46
28
-65
-2706
-182
155
29
12159
66
-1262
52
30
20
-470
70
3
1500
-6
110
76
-59
-2786
121
-208
-29
-339
1499
-11
-18271
-7
50
-94
-1861
-847
-115
-33
165
282
-43
-645
-242
16184
20
175
-174
173
-213
-647
-1425
-46
513
-452
-370
-79
-7595
42
-160
-1699
148
27
127
482
-241
17
-1491
12
-4
66
-42
1945
-203
37
-54
66
-9
-18
-342
21
-257
96
142
-269
9785
5
581
115
-23042
350
20
3715
-147
-4088
-116
-110
-58
-93
-249
0
-48
-9
13
-1962
-358
118
201
-34
-23
18
231
10
97
-553
370
-2532
27
67
126
485
236
-864
-2
22
-1
-785
147
-980
-26523
13632
-410
-1583
185
247
-423
106
-926
115
-1439
74
175
-25
195
119
5
-153
99
-61
-53
560
1176
1109
25
-147
-17
-1871
188
1436
-261
-192
664
-1
-742
18
-2529
5423
-49
24
144
-5013
-51
197
148
1722
-237
-2979
-414
10
-1827
4804
-19
-1593
-4436
-740
-91
-16
139
13
-13
-8
254
23555
-605
516
-478
-275
-350
20847
-22494
810
-468
15
769
1732
-38
-2423
1579
3
127
172
291
-13
-3
-26
-92
1594
837
154
-15
391
1259
-782
-15
-1296
-230
3125
-7236
361
-12
90
171
-62
609
79
12
1245
-628
-180
174
1546
-176
1369
177
168
-3772
386
976
-14
-39
151
-45
16
192
164
354
162
-78
10
8
-54
49
-484
-57
237
-1238
-208
-3816
-229
121
678
5
-24
121
-138
169
0
-2546
-165
20
2811
-26
-419
-47
-32
-773
-155
213
2442
-2959
-44
10
0
16
-1288
-53
-215
71
-55
-708
-120
8
10
-13
-79
1079
-151
-669
358
971
56
88
-1597
-1045
-37
301
19
-19
-58
-3359
-539
-18
-105
23
433
-468
-340
2962
-5
57
72
874
2109
866
-8
168
-37
370
-126
-463
-86
1877
590
-2541
28
-13
182
239
-11
-483
150
-294
-46
239
20
2595
-61
2214
-4
-13
-81
310
-13
-16
119
106
647
1
-460
-82
20
-286
294
-12
-169
-209
1144
-1791
21
120
-1325
-342
-2
-486
-709
58
3811
-457
-241
-116
3270
-230
153
3175
210
277
561
-236
-157
82
-113
-180
-7442
14
11807
3451
41
-338
-391
358
1168
161
243
-56
25
-6345
-635
1116
-37
-98
-1536
-74
-29
29
-6539
24
101
-57
31
-12
101
-4
-85
-78
769
8
91
-68
-91
-40
44
21
0
250
22
699
12
294
-16220
108
-59
-69
-25
-6569
-709
-209
308
152
209
-51
-15
16
-359
151
-165
-418
-1505
57
-411
-873
233
-68
1651
-18201
-8
196
-1707
259
1569
26
27
53
40
-108
303
-149
70
-988
482
41
3458
258
-771
231
-175
-109
1213
2166
-73
-83
4082
-26
-67
-655
-192
26
255
288
-1952
29
1786
-178
-474
-14
-332
1246
389
-22
-403
-205
-20
2984
58
-277
-4017
61
126
-734
1670
42
-30
-88
-62
-9
622
98
-2525
-62
-9167
-154
-50
23
2
419
65
-292
1447
35
-628
275
-5
63
-65
447
53
35
51
-792
233
-921
90
74
42
-562
229
-19134
280
-97
2900
-108
13487
-2267
274
559
-338
117
4680
752
-3
28
30
-38
193
19
-104
-4528
188
-15
-117
40
-724
-8
-271
-312
3947
-83
85
818
95
4243
-772
-213
-54
636
36
-161
-1384
-1093
-5574
-373
9
75
-333
-432
122
10084
709
-4639
-86
-53
-1334
-1284
5
-6
2
-654
253
-72
343
-19
-441
2941
1543
386
683
-1810
2352
-1403
144
-638
665
-55
-64
196
-95
-32
408
879
2092
96
-5
-97
477
164
-177
-3217
-79
-582
409
26
29
162
2170
395
-135
224
44
123
-1481
2348
-102
3
263
-48
3156
-78
78
-185
371
-89
-16
-32
-392
-304
-88
-71
134
8
-712
-756
58
70
-87
-59
-624
13
-3
-225
461
-1
-42
-336
-698
194
-10
-61
11
-1167
5
-626
-710
-65
-139
-10
1078
-219
-623
-2
8649
62
47
35
-58
-1763
16007
-117
2847
-22
66
15
-28
9
-304
-171
-61
-1297
149
-163
897
-7257
-1747
8
-32
59
1253
-424
-395
-2217
4679
6496
3438
-67
767
-337
-22
46
-5809
7768
-43
1543
-198
2460
859
-15
384
31
-56
-29
31
-7644
-234
87
131
63
520
44
-2050
-677
-563
18
-204
46
-1
200
54
94
35
-322
234
49
3505
-31
-78
31
-120
2049
23
-42
-6
269
-1082
-2
257
2328
287
-2
-35
-46
114
577
-44
-2372
31
-134
-567
-27
-300
78
128
73
-18
-60
-187
63
82
-182
-22
20
-308
-1021
1339
-22
3301
33
-50
4789
396
7870
-200
1655
1421
-5
16
226
-1158
993
746
145
86
308
2
-34
48
4
4124
-14400
-62
-35
-630
103
-1166
-24
-381
-313
68
1377
-9
-86
-206
80
166
12
36
-100
64
3845
347
-21
9
-68
27
-316
-152
12
107
-3283
-185
-207
130
-42
648
-53
10
-65
21
3
147
29
21603
-240
-145
100
5373
-284
-38
1666
17
-45
-68
36
-5
148
12
-16
-70
3179
-11
-291
-20
-207
-581
-34
-15
1666
2
555
-469
-633
19
75
140
-298
-318
-1082
-800
50
709
-501
-11
-98
-101
15
-208
11
-16
2216
-5039
-171
-63
195
116
-41
2364
40
-258
-31
58
104
88
-2
-68
58
-90
-168
-590
-27
-117
417
619
3349
-24165
-24
419
125
14
210
-4
-666
21
-135
-113
-28
610
-7969
74
-2157
34
-1411
-156
204
-140
178
14
128
22
-159
-593
1244
767
-13
187
-1258
23
283
30
-1
-24
6059
1553
285
-1318
-311
-775
-41
14
17
-16
-1151
-3588
85
2514
-63
287
5303
16
67
49
-1437
386
-25
-61
0
-313
-4
50
-147
10
49
71
257
-2680
-8
-640
-112
0
377
10
13
187
189
-8
36
-126
-39
-1100
-1878
74
67
1451
-1360
-740
-45
6
-137
28
57
-29
-142
268
-27
3485
-7546
-30
212
-2959
-7518
-726
-192
-50
43
-2240
215
-801
251
-768
-174
4073
44
-154
144
-356
-51
-463
254
697
486
-19979
-273
12
-295
-366
-220
-1992
-133
-575
-136
2713
-47
330
-240
95
61
615
-187
680
3549
44
-18
78
-278
-228
-3730
-210
2876
-76
387
-3973
-46
-15
-59
-28
324
-1765
-214
188
-531
-367
283
1993
-150
4
-47
-144
1876
97
-458
22
-241
-123
2
-533
47
112
31
-103
-231
-78
37
42
26
-220
-550
-7267
-127
292
-92
524
1900
91
129
-14
-47
-2450
-172
0
-403
843
24
-119
-60
-223
-57
-272
-85
468
-94
903
-2350
-51
32
2
-4602
33
248
1686
567
16
-261
0
-6
169
9
-968
586
-2408
8
-98
229
-270
164
232
-77
129
-744
-118
724
-24
1497
-11
1854
-6
33
-1561
5
29
-392
-192
-44
-186
-44
14
187
1865
-131
2130
19
55
63
34
29
-33
701
-24
-12
-13
45
11
2173
-19
31
565
-116
-1105
14
12
-759
94
306
-19398
176
-5334
3291
-113
156
35
-165
-125
3976
159
-27
-140
91
5
12
159
-1628
-258
1979
9865
-233
54
-86
6
-119
-99
-205
187
10
-23
-292
-220
142
390
490
-1585
-440
36
78
0
1062
-9
-230
-34
-837
205
34
156
-13
-514
-60
5140
-1913
-179
-19
39
-103
-251
-275
33
-1787
116
-45
348
-8
-3047
29
-149
-46
-427
1389
113
11
292
39
21
-419
2
-107
-41343
29
-15
2590
-94
-13
21
-1237
-320
15
-50
8
32
4258
1
-376
449
-221
7
-35
-19
0
-3454
-148
-1271
202
140
-60
3
-179
1673
-11
41
186
-2562
1479
67
-149
707
-1533
-181
72
46
264
-29
-46
-46
-695
73
133
-164
-28
88
332
-1357
-108
100
-53
21
-32
244
-181
-2724
485
2644
-43
405
1399
-181
1374
-493
2944
0
515
43406
-46
656
-106
-59
50
596
-9407
129
-373
50
-850
-33
-13
2641
-377
1
1451
-33
30
1165
75
-1421
2205
-45
6057
44
323
21
4733
112
-155
335
-1619
-33
254
51
345
-88
1349
264
-166
-1779
1298
72
14361
527
1682
-386
7
233
311
19
-5083
15
-98
-60
1246
95
-108
402
260
14
7792
-193
-61
290
-30
-49
-610
1752
197
804
408
-207
51
-4898
117
45
2002
5
9
1171
1650
-41
35
-1050
-1835
145
-243
36
139
456
6816
-74
276
-432
-40
-92
-49
115
62
-97
-56
-179
-1375
-9
-173
1637
-20
276
-5
-18
-50
-131
-1143
-33
559
181
-1
-154
15
-728
1390
36
1607
3203
1758
8008
-466
21
62
16
464
-464
54
-2046
-708
490
-107
102
-131
6
-132
52
75
77
-6
-455
167
78
195
636
-98
-187
-152
37
-19
22
-613
96
4105
38
890
104
-157
-41
-58
-25
-48
-22
110
-255
-1409
-727
1753
-27
-10
49
-52
49
-2835
899
-129
41
-26
-27
-660
-557
-326
-449
-9
-111
-58
-340
-183
22
3605
-220
6338
43
-34
-5
185
-4
683
1543
74
-2682
-114
67
-583
1793
338
-7
86
-672
-74
438
-1080
64
5826
-31
-1795
-136
-216
-3773
673
-39
13590
-8045
-32
13
-290
-107
229
-253
2538
4
-55
-16
220
123
776
108
11
-247
35
-40
23
-1370
-156
-6953
-10
-373
-258
96
-67
-85
2304
-35
4
-403
-51
322
-30
-176
1570
-78
-889
-322
-56
31
-2626
10
-14
834
-607
-509
-7803
-360
102
307
19
462
199
-16
119
50
-5490
139
-1954
-47
1824
-185
-160
679
-141
3
16
-14
-580
-26
-19
145
-232
-101
218
137
303
62
3030
-39
-240
-6
3273
-15
98
74
-114
37
-29
52
19
-374
-1566
-276
-12790
3
-252
-61
-175
95
1028
-1780
40
-21
65
-484
2442
-130
890
-130
-215
165
-34
110
-765
340
203
-3839
-2144
41
-17
-30
-88
3317
118
118
-567
-6032
61
-55
-259
161
-243
112
70
560
1644
53
-232
15
-2
7586
-1131
0
-618
-84
249
69
-91
-93
-1417
18
19
53
-5677
-115
10
32
165
-1309
-29693
12
3974
-316
3342
-1123
-174
-12
99
-75
156
-412
-32618
-19
-68
-128
39
1742
-3976
26
271
42
-172
-6
17
19
2133
172
7
-30
-394
50
31
-6058
-6
19
22
126
-86
175
-2439
-930
-9
-71
70
-37
21
-103
152
-33
3145
30
-47
283
-6
-495
-81
12
-5
169
-670
-85
-58
332
-116
28
-7016
912
-48
70
1205
3
-53
3251
469
-1650
-493
-68
20
63
2
1234
1774
-128
472
-138
-59
-98
-92
-1931
-119
-600
-916
0
36
12
71
-144
-514
-75
4
261
2379
60
217
188
8
-441
98
-1919
-3219
-399
-58
-65
593
64
42
-96
79
-1130
-28
192
32
-543
-290
88
2547
3842
1662
-778
-1
-11
-39
3474
29
551
195
349
-12
-196
29
-20
1804
-169
37
-4
5
56
22
48
44
-23397
-162
14
1375
2995
-421
-37
1033
375
-35
141
-3916
10
27263
-432
1164
122
-163
-403
8582
1314
295
-704
-229
-1764
82
-823
239
97
-240
-48
-232
-442
88
1044
47
1305
-26
-324
-178
-807
299
89
158
1
11
-115
1638
-50
-5
142
289
-2
-60
143
-94
703
-167
9
-1855
-45
-21
33
1336
-658
-16
-78
-18
-350
92
30
311
229
-919
221
-450
25
35
969
329
-2
-3143
380
-20
9
-1263
170
-42
115
-28
-22
-1515
-9
298
4829
-572
1107
-44
-591
37
-78
-562
-22
-11
-13
111
27
-48
-359
-160
16
280
408
-71
3
820
37
19439
29
-22
-357
22
21
78
959
-168
-3576
354
-239
666
-9908
-590
-5176
-672
-4090
-10
23
2852
254
-65
-20
-253
-1500
34
100
-59
-10
-94
18
-25
69
1185
-115
-63
52
-612
124
563
-1228
-5105
588
-84
-100
109
80
1431
-137
-57
-158
361
-101
-1404
-915
-1430
-210
-118
-24
1661
-557
204
51
-51
851
1
-137
80
249
284
35
194
-6973
355
1
149
284
-3678
2162
-37
203
-199
27
-95
-1423
-1457
268
-1335
-25
301
-45
-2222
-283
7090
-235
945
-70
313
-241
-15
-1625
3464
-1058
92
-36
-2
615
5
-789
-128
-409
1334
-80
803
44
-6388
32
151
5079
-18
45
-490
74
2056
873
716
774
-3
23
-119
592
-102
10
-61
1659
-95
-106
656
-15
-2
-4
-126
-135
263
514
-34
144
53
-3681
-10
411
-559
-89
444
91
23
5023
55
-5
-1803
258
-9
75
-398
10
-89
29
-43
-3562
-187
-1067
-6275
-105
-1773
94
34
-15
80
6321
-25
-5
-1573
512
166
99
414
397
-250
-189
-1
32
0
-2298
-6
-35
-42
-549
147
182
5
-7
-133
-3
32
-5664
205
-12
175
341
-667
324
6809
1031
63
-229
165
272
-41
-987
56
-265
125
1363
738
-288
41
31
-6560
309
35
-74
-7213
-288
25
172
-2137
-366
-146
-106
-533
-2815
291
2218
420
19
-8
-6
-25
-114
271
116
-63
-34
32
-148
-265
-6167
37
-25
-191
-740
13
90
78
26
-176
233
-129
-32
224
67
90
3403
116
4
-669
3034
-181
-261
996
44
32
-219
2
57
-2
1129
-181
-17
41
-625
153
4202
1272
648
-1423
74
-1759
273
33
141
-35
-66
-120
-3
198
-317
67
-223
8
-56
-110
-224
238
109
-29
31
36
69
-19
-300
-16
-4977
-146
16
-152
-48
-385
-55
21
-6
-11
-39
719
-29
-22
497
57
-4
-11
6
-58
23
-1173
261
546
1605
-40
51
-215
-76
93
-223
-270
-99
-117
-16
33
1426
11
1522
-892
-32
50
-25
-39
324
636
636
-77
-12
1203
353
-15
1249
518
-2145
-105
2
231
9
145
-95
171
39
-1836
84
83
-4
122
108
70
128
-378
-437
2495
-40
70
-267
192
-112
214
100
-17
588
-607
-7
-169
314
743
-3285
143
-831
-60
254
-11
85
-396
16
-53
-3814
-90
1844
206
-395
-55
23
88
-37
-67
-472
-899
-94
15
-6
-697
859
-2787
-31
-262
1089
301
-462
-31
359
26
1384
71
4483
7
-33
-5764
-93
-657
368
50
-176
-1549
-79
-249
59
1413
-5
410
-19
-91
-577
537
-119
5477
-43
-1026
72
-89
265
1079
-41
164
-747
331
116
109
-109
97
274
-13209
37806
-11
-47
77
1001
-226
-204
-38
-28
-23
-33
21
140
-340
471
9
181
41
-33
72
-2370
-37
-15
226
19
-26
963
469
89
-428
2
83
-314
1279
-14474
-58
194
-32
-1164
14
-5
450
-135
-22
3
5807
502
92
-5055
-271
2
330
-398
-16
-25
447
4
18
15
4410
-3209
-22129
5995
-104
9
-620
-59
446
-350
-23
1323
-17
22
26
38
575
-122
-484
150
17
-308
-1991
-143
-301
502
-10770
-3085
2554
-441
264
-246
-10
273
-30
-179
384
280
330
2523
162
-329
84
-221
4787
83
-49
22
-271
1899
-69
367
3029
-153
12
1052
91
-112
72
267
122
-3233
22
490
193
-6059
186
-231
-158
77
437
14
68
-60
287
-240
-120
-207
235
-171
20
237
491
1359
1
83
-2551
19
1207
149
297
85
16
-158
1958
-1313
-23
1102
652
70
-260
406
95
62
-16
-2524
-1227
49
130
-385
-170
2532
83
-711
-8
-769
-1873
-3
-871
79
1009
-131
20
-15
-193
-179
-5
-16
-278
-249
-4477
-7
2
915
35
1022
18
254
3
203
-9
-109
-422
-74
-34
955
-56
4564
-314
-1458
65
313
20
1
4
35
13
37
-52
-411
-29
119
-20
162
337
-238
-264
444
-7
565
-18
-265
3
4
4702
50
75
181
-910
-71
-10
-1
152
-195
-304
85
9
-10
-57
-202
-42
-163
-528
-11
87
211
15
364
-791
-35
12
143
2
83
206
342
2500
848
1406
8282
-29
21
-623
-71
75
79
-586
-2012
-478
-212
604
550
-166
41
-189
-100
-9
184
227
-4
-1482
85
-30
-36
423
-205
-32
595
-226
-147
36
-3980
1512
-28
169
-365
133
-24
1128
-79
83
-1567
122
-106
-581
-35
4766
-578
209
267
1159
921
71
-733
137
-8
-1751
-54
-117
189
581
200
-67
-568
-940
-59
31
413
-2703
12
-668
79
23196
23
-30
-1930
-45
980
-36
-1672
-6
210
-310
-336
405
29
450
-10936
25
-33
153
-129
787
37
-761
163
-100
-19
10491
161
9787
-8
9
155
-522
-13
-94
-8
208
-1026
-612
61
5199
-169
2969
-56
-546
-18
-2018
-655
-742
-170
33
58
75
2803
377
32
2875
66
-315
6
-277
-366
-204
-3063
19
9
302
-19
-3693
-754
-211
-9
-1872
-544
-195
43
23
6122
-376
84
-119
-209
76
65
237
-11
472
19
-6
1319
-2816
-40
409
156
-50
-394
23
-169
406
-185
-34
-2686
-134
4
-168
-169
-5
1118
155
-282
-33
475
599
-444
11
-124
497
-471
10
183
6911
-141
-24
-83
298
58
109
-2785
-333
-3163
-3253
2248
-165
159
286
-17
349
540
266
9
4182
196
15
2908
5121
521
19
11
-409
-1302
334
-17521
67
-30
1806
-344
-881
75
-293
4
2572
-961
38
-507
56
-3574
-8
-6929
26
-146
2544
-23725
-11
88
61
219
39
-330
-324
-24
3511
-70
-87
286
-323
39
-229
473
22
-24
25
245
-20
-60
-174
2395
60
44
6
-10
-18
-19
-24
142
1772
-33
-229
44771
2
-252
954
-13
8
-110
-574
-211
2911
0
-580
-141
488
102
48
-173
-77
-178
-23
0
-223
6
74
-2824
3427
-11
839
-90
-1496
1124
131
155
48
-309
880
9
62
57
-3352
1961
1066
-101
44
516
-2274
-41
305
-90
1050
90
-311
-99
-163
-752
178
-280
215
-33
-5
4554
-8
-96
-77
-407
329
32
18
87
38
-20
466
9693
2236
-18
-105
-9
118
1425
-46
-261
-252
17
230
-2095
-31
55
257
-30
-544
-66
275
22
-1615
2239
8
-22
146
9645
-113
-25
190
47
-12
-126
176
-13
7
5
-159
357
157
178
-265
80
226
3
-75
547
33
5
45
-233
-37
-138
-5227
-30
-183
128
118
39
7
23
199
-1205
-96
11
-5
14
110
9
577
-151
-115
-66
-22
9
337
-60
1850
-49
-128
802
-27
2036
-783
813
6
-47
6
-156
1014
5759
-18
67
236
224
103
-31
61
966
3272
-13511
-339
267
-164
-480
37
310
38
200
764
-23
10
237
-26
-6
-843
-19
16
-1029
35
-12
-22
-14
-35
-3989
7
-292
41
-236
1191
-131
10
14
-4223
-61
-741
-53
-34
-208
177
706
115
-345
-91
-433
14
-837
863
18
-55
56
1310
-17
458
62
63
-332
-62
96
-81
-29
84
85
1
193
23
1475
-1171
-6
-15
-2
106
216
-17
19
-6
-315
1075
2632
382
-34
-331
50
-38
72
7657
-100
-58
-1339
6223
40
-2777
28
36
80
-501
-41
16
0
1364
-90
-670
380
-4730
443
-192
-460
574
-48
-26
-252
-1
16
251
192
-93
11744
34
-82
24
161
-1682
-92
1551
1227
26
-38
172
-96
-40
-390
-145
186
-168
698
380
-205
-8
543
-59
-42
-3
1219
1243
-133
-136
235
-137
148
760
-420
-2757
-153
101
162
150
-313
-13
-48
28
-4896
-378
49
-1736
-320
-2
58
-37
90
974
895
-64
-295
-9
-379
1299
-742
28
379
-2849
-36
-332
-2229
-191
110
-52
-701
-116
3983
-40
-263
-56
-534
50
504
63
161
1162
-4273
-1384
-513
122
159
-58
-6821
4846
459
-61
-5253
-659
49
-831
-147
8155
296
49
-2
796
225
-4470
768
126
9010
-46
-40
-18
53
-2676
1
-64
-182
-8
-8
15
160
-208
-276
-58
21
240
-547
2332
-179
-18833
-424
17
-77
487
-4774
205
28
-88
8
-3189
-2956
237
45
-308
-120
-134
259
-2351
-115
60
-18
-143
63
-92
-12
-189
18
-180
20
-4
0
-68
-22
-10
247
-58
-42
-991
49
-6771
-12
22
-25
139
-1100
255
-422
229
-338
422
151
293
-116
11
-21
-94
1270
11536
-82
466
4357
1211
-835
-1615
106
-29
778
10124
55
26
500
-89
-2111
9
162
-182
-501
-489
-134
-31
1947
-404
-9402
72
83
-474
98
38
95
-131
60
-3
-144
74
64
15
78
-15
-61
-82
-66
1146
75
55
42
1465
8126
7481
416
-79
-496
101
153
266
6
-177
3125
281
-3661
144
107
-226
35
35
98
-6750
92
-30
-3500
75
78
226
-298
-823
-344
-10
2
11
66
-506
-55
-1895
212
4509
1235
1796
61
-478
-47
-424
91
-448
-3552
6
108
9
423
-213
719
-80
735
-56
361
-1655
56
168
2
-18
553
-1308
-166
-164
224
-187
18
-68
17
-276
-199
-690
-328
-2
2302
154
137
13
-128
-8713
148
222
82
1497
904
-116
-97
-17
27
-1562
-1056
12
1706
-1343
-95
-310
29
-5110
-67
-4367
89
42
143
92
-33
22
395
327
272
-133
31
-211
81
-2721
981
-65
481
53
34
-112
-493
-312
-808
407
124
19
8467
67
-146
37
-220
-1757
-158
56
1100
936
-32
433
-15
-8
3691
101
106
94
165
-4194
-111
310
255
185
-611
-127
-67
-8
378
277
-705
81
-8
8
-4719
0
-732
-355
-287
-1
36
61
-53
-195
139
126
-10
-164
520
-119
-1421
148
-85
10
4
162
-59
280
114
-2193
-5051
0
12
8
-508
2
71
-311
-53
8
549
172
-29
68
34
86
-530
-115
-478
-5391
41
15
352
-17
-5
2683
11
147
-70
-4
-16
-107
-119
-3555
-4
580
-62
181
-127
-229
-17
-1180
-6
-12
48
-455
114
34
-306
65
-64
-1495
-137
-3
450
506
724
-57
-771
-674
-101
-1
609
2134
8
-15
182
375
-31
-8
-120
-7620
99
734
-40
139
1270
55
-98
-31
165
131
-149
-2870
-17
2124
-4922
-53
717
567
132
-192
83
-70
84
-929
1661
69
-23
5383
312
-290
210
345
-23
-96
17
22
-82
8
-39
-946
1583
-805
12
55
15
244
-58
-26
298
828
308
-698
1651
-257
18
217
-325
131
-43
-69
-334
14
12
7
-1201
-27
-167
-3480
6568
-159
103
-374
-383
434
-2757
-67
-60
-34
-32
-2163
72
99
75
-2409
-349
1234
1421
-175
-97
223
320
14
-16
-3842
-877
171
-311
-3
44
65
3
-3663
1361
57
116
-55
-698
-1113
-968
276
331
-105
-1123
8
-698
-298
-7
334
6
-156
-61
-16
16
90
10097
-24
160
258
-11
-16909
-55
7603
-131
38
210
-1
-71
-738
171
-47
14
26731
-539
-199
1168
-401
15
-915
232
-579
28
-578
13
-340
9
-785
-4511
-23
-5562
1290
-3099
-40
-153
-9
192
-27
627
-1383
-5055
-23978
572
9
-26
-46
272
1040
-40
9
-402
-81
264
-31
-812
-83
33
-131
-56
-161
-6176
100
-1920
-2
395
-1132
-979
-183
64
-1108
-77
-26
1474
-4
15117
-862
593
416
4550
311
70
-6922
-203
30
1297
