851
-530
2873
3629
-213
1188
472
-307
-973
1559
2691
5867
-820
-2447
6396
1885
68
-304
-2472
2537
1306
-526
1536
1206
414
-779
1877
-46898
-2925
421
-81
97
-274
-511
-1435
330
-1535
2059
2398
34
0
-2141
-1386
-350
884
-145
-2408
-2036
-3505
471
-355
-935
2146
176
-2000
29
-3383
-297
-260
1072
690
1642
-786
482
-278
-5
-3238
41
465
2968
273
1804
235
-1840
-1266
-200
-24
-332
1801
-1012
93
235
-1086
-261
398
-307
23
13124
729
1910
718
209
118
-103
1921
3599
4738
-71
500
-1760
-211
-1250
-126
6871
1297
945
121
-706
127
-243
-159
1312
-897
-774
1966
955
687
962
449
761
242
273
578
387
-447
-20029
932
-1197
31
1722
-9755
-1422
1021
3570
-916
-1318
1061
14
-673
-1199
1005
1094
308
-10671
1513
-396
-273
-52
-175
-295
0
-559
-232
-515
-1033
10229
1057
-146
24
-3679
180
-5325
12038
-475
316
5651
1894
520
-2655
-1086
1135
-251
-498
543
-42
25
-6925
-444
-1671
522
222
-494
530
550
143
-638
98
5328
-1046
191
-1160
-4234
-3450
-4477
-196
0
631
1725
-210
138
-1604
-21
381
-16296
6308
-262
-1060
74
-513
2652
-290
-413
11702
4950
447
-25
4771
435
398
376
-782
2389
-1118
-6375
-702
-1527
641
-247
469
846
-629
321
-249
252
1221
-513
-4541
5834
3101
584
1128
379
-633
630
151
4019
-2472
-963
542
-584
-479
20987
-1610
-855
582
-1677
636
22
88
2822
-457
-69
261
4593
-102
696
2383
-1186
-309
125
-723
5034
-3727
461
-2261
915
-5505
107
-3909
-2009
-1047
-1404
-315
-902
3528
-810
988
-8835
297
-19
361
118
2673
-2018
-768
506
895
154
443
-780
-1524
928
220
-3331
1929
2168
-858
-698
243
2741
4816
-1445
-1816
1
363
1702
-9741
-466
-1
-685
2504
-682
560
-401
-94
572
-189
1806
444
-460
-131
-3936
-129
-2049
21
-934
-4812
-2178
-300
85
-26
313
882
35
-16
432
-241
-963
437
777
366
1235
701
-587
336
1292
-741
-383
530
2056
-3705
-3011
2331
-244
-630
-276
1843
-281
-3385
-10322
663
888
180
-3327
332
528
-563
-131
1340
435
8051
-338
815
165
-598
995
342
-577
-1052
81
398
-30
-240
-589
160
1527
1986
494
470
-906
-651
-104
-267
2206
-523
179
-7866
944
167
7810
-1538
-6518
687
372
-881
-133
890
-557
1511
766
311
4647
-439
-147
155
3163
-5586
-438
-41
132
968
-326
1169
-310
1617
121
-505
-1323
1244
-390
-187
-1308
-509
419
-592
233
-301
-466
380
475
747
-37
-459
1231
-8767
310
-1024
-18
237
396
-407
-1912
301
137
10679
540
-2446
-1487
-1361
10900
-1630
-745
239
135
-41
95
931
384
479
-485
-443
-321
150
-1617
-2338
-2010
242
-6355
-294
1468
173
30
-4557
3175
-95
-3822
141
1414
-3738
-1887
-359
-199
-152
541
-639
741
-4844
855
-1186
-95
807
-902
-7
539
1695
-288
-285
6
6837
-1137
-1676
-1586
454
404
700
-596
2349
-567
-14883
-391
855
1180
-7770
5546
957
-119
1511
-1236
2224
-74
4872
-1378
854
-1191
105
2
-1283
381
-516
-851
245
462
-763
-403
193
3459
-1323
335
-2300
593
-472
1171
-190
-181
-7398
318
443
2377
-89
481
2036
-160
-685
1030
538
-890
681
3685
187
-716
-116
-624
1201
-1205
-59
618
-1386
1604
301
-188
-114
9
3064
-13777
-1274
5800
537
-6311
-2806
-1223
-4954
3605
64
-155
-650
1954
-1652
82
1626
-1167
821
-115
2674
168
1039
-809
-12452
-753
-317
-1564
276
2031
440
1446
244
-1665
216
-1012
-6826
-925
1041
5097
-396
-1311
-3416
2128
200
-6039
-471
2619
16
-2393
-2851
714
219
3420
-1664
147
1564
376
-1153
-524
2904
171
2194
-537
-522
2948
1804
-929
-1858
119
-314
1014
-1382
382
-275
399
-419
1697
-808
75
-1367
-1679
337
451
-2612
7045
324
-112
-627
2367
18
283
-343
490
1281
-359
-8277
-916
2421
-38384
-947
-1200
-1510
353
42
-885
165
-85
66
2900
-405
1928
-212
-5245
124
-138
168
-11202
-987
215
4806
4
-2458
412
229
990
-206
-1037
471
487
296
-990
10
527
555
-3553
-2452
-450
-361
2575
-4030
2872
-1242
-6854
-3405
946
1965
-776
193
542
-352
61
-2133
153
-4974
-220
17492
484
357
1649
-829
-964
-2033
1653
16
-3838
-7038
-233
-485
1298
-278
-412
1358
477
334
46
1902
885
4152
487
-171
47
-1282
54
-394
8788
5
6005
757
-322
182
1750
-3322
2989
-5807
-1686
-1696
175
1224
1071
-4
391
-2116
754
211
-4750
476
-1040
2444
779
-403
205
-846
955
1741
-652
-12223
-2766
228
812
1327
105
-1882
-358
201
5019
2793
119
-2275
-1078
-1249
-2491
3939
-97
-113
1644
41
-4276
-91
3787
452
-143
-5073
-45
1687
-142
297
309
-1082
884
421
-926
372
-380
313
-5537
-189
120
229
86
479
-294
65
-881
1570
275
39
2685
-1980
-1304
-257
498
1549
135
465
469
171
285
1272
-136
-641
-480
810
146
325
294
182
-190
-590
-2430
735
629
-2115
3035
314
-550
1203
354
2212
-254
280
-1140
-1090
565
938
3644
-729
1034
-384
646
733
-6215
-942
-696
111
1339
3946
3105
107
1528
-498
-6789
945
11952
-1166
158
483
-254
537
224
-393
-1859
896
-5376
1757
-1095
194
379
-803
130
-397
-2263
2387
-1073
282
-167
-283
-1059
1710
-85
-1508
-242
56
-1492
3185
-1929
-748
-391
-34
68
-383
421
2270
-296
587
3122
-1262
-1201
-288
-317
-69
-1601
-128
-62
-662
-205
-154
240
-1076
2556
-1133
1218
12
1065
-1114
171
-2355
-7772
-652
2120
-1394
63
-710
108
-599
-1920
734
-5833
-527
1090
-210
374
836
-7823
190
-12168
284
-2334
-1565
876
24
-621
2850
2675
4216
-1178
2000
-343
-1187
-11330
-419
2205
292
1
-126
-18
277
-933
325
909
-238
-86
852
-18
183
808
18951
2478
1544
-2144
287
545
-8394
15
-113
-7534
790
-582
-186
493
-11310
-368
817
10653
-14444
9094
-2512
2788
653
-2327
744
1169
-1364
-451
-15
-8592
-1199
-1648
-725
-9711
-1883
69
-1530
597
-49
639
322
1036
301
599
-2178
123
-597
2798
728
-263
-211
-348
3607
-537
776
1434
609
-299
85
1974
-429
-1502
-324
255
116
2307
14591
1221
-106
2734
-1544
17
1977
-635
-2273
-294
-2
337
-910
-302
-31
-49
519
-84
-181
-3593
22
795
-1800
46
-279
36
734
-432
346
-3184
964
577
640
270
2341
697
19
-458
356
-1396
-70
-823
-864
1325
146
-1714
150
-677
693
582
-821
-159
419
2207
-41
2087
467
-1025
1519
769
91
-327
-1847
1580
3641
-2201
-4920
-5572
-2029
511
676
328
-1352
1267
-966
-109
-565
52
1429
1113
-8704
2698
-327
-491
44
-1059
1778
20
1454
9924
510
-608
774
548
-121
-639
-372
364
-751
-808
-883
429
-9195
8109
1283
58
-982
739
-1685
-1091
-952
2531
-239
366
2561
2576
185
7480
-1233
1843
2068
-3395
519
204
688
-431
-2029
6735
-12
-109
4820
2185
-609
-378
1297
130
529
574
-67
-1272
-2887
2367
742
1017
-258
134
-2932
469
-210
-6542
-162
528
407
-5672
-119
672
263
95
931
-684
-1303
-247
603
-1665
-7059
-1228
12
-1017
389
-3965
995
-305
808
-1478
-317
2543
-866
-149
2265
-673
-243
-1190
-229
-304
44
-579
2800
94
133
29
-2112
13620
-378
531
478
-2704
-4056
198
-3715
-1075
174
-312
405
1212
2317
2263
-1038
1175
-5151
360
272
-13601
3326
-979
2061
-1468
-2906
767
-503
506
866
411
636
1619
7955
1451
-763
-4903
179
526
-419
-397
-901
130
-4190
-200
83
-12
799
-1154
356
-1395
134
-149
-238
696
-132
24
87
11
2093
-12
-810
1281
527
912
1807
4292
1164
-337
216
804
-306
1981
-2059
-2471
-730
493
-501
-220
-5354
-2322
897
-893
895
-803
3422
-10334
-87
1297
-301
368
943
-7168
-1045
119
92
2915
-134
-61
32116
-183
953
-1942
2026
-213
332
-1012
-1408
206
-2617
-409
540
9734
2580
4208
1121
-971
3128
17
13093
-1593
801
153
2895
-623
1066
1109
-4034
-327
-485
-140
-203
577
-807
-4409
1729
241
1907
1256
5
-350
499
-15317
-371
-1542
1364
118
-118
-496
664
3961
551
-1057
-34
36853
-828
-89
967
2378
-198
-469
-1370
414
-342
-257
-3389
-1824
814
710
-413
127
3796
-946
2913
16
-701
-346
1230
4620
-661
684
444
1255
-211
3461
-614
1436
415
-4379
-699
63
10
97
458
3189
1049
-375
787
462
129
485
-903
-4511
57
-296
-2141
1824
-3713
-3829
-1277
589
993
-413
-1548
-545
-892
-1693
-297
680
-1912
9
278
-1580
-1609
1769
11
1129
-2445
-72
511
-638
250
-174
-397
-389
7
-133
120
85
-203
-1480
161
352
-2129
-4402
379
517
-320
91
288
-2524
250
224
-2195
-630
57
-442
-409
469
-14
-339
-113
-1705
-7990
-1038
5521
8357
1064
726
618
-174
92
3864
3283
-4563
637
1096
2460
-883
-275
-1103
32
-2060
-2469
3330
-676
-1377
2444
412
21
-369
432
-263
10444
576
107
-440
477
-1617
39
-2321
654
669
-551
1205
1546
-81
778
2159
518
5672
167
826
20
-2288
641
-451
-5111
-245
-878
-2047
1767
-1969
-856
-2874
-2257
-324
302
172
-292
720
5132
-73
-1379
962
-2561
190
244
115
-1742
-288
-297
-51
2343
559
-2796
-381
-1200
52
-497
1308
1940
-108
6
3244
-379
1714
706
1513
621
-4
813
-591
-572
-493
1597
-5477
1305
-79
-4124
462
119
-36
-8316
771
-1891
-613
757
-406
200
-692
-748
187
-225
498
791
-49
851
828
-136
155
407
726
-94
1426
-1645
-738
25
161
623
801
-294
775
-259
1340
4516
-1744
649
911
-293
1055
35
88
-148
-5317
112
-43
-2129
-2852
1228
1937
-200
-5913
-823
302
253
-1240
1110
-68
153
152
-121
-576
1014
-473
-1559
-359
-1315
-161
-382
-23
-584
114
951
1137
8
-446
-141
556
60
-3282
-971
5554
831
-624
152
5250
-9599
1072
5489
-1666
83
49
93
183
-211
-132
-2200
-77
24
-954
400
-918
-5538
-449
-904
1761
3280
545
2181
-1225
245
1181
376
122
-776
2582
95
-1494
4296
159
2618
1055
4377
-1023
3493
747
-1036
-4528
864
-7664
-3632
989
750
387
-1483
-344
790
659
-75
-1960
133
449
1316
-762
-1771
-354
2196
-8
-38
-66
1713
-3276
-15
-23
-2624
-4759
-1268
-904
-1110
-4243
-1469
143
16414
16
1850
-98
807
614
39
-147
-368
-2830
171
1083
-339
-134
-1630
-4818
41
436
22
11135
-218
-791
-233
1858
1211
2224
92
3087
744
6305
-682
669
-608
-4200
-1682
-560
871
1076
-211
-1737
-218
-391
-97
-1860
351
713
-75
2152
-23
-5501
-184
-490
-54
-429
-644
-149
326
226
727
-561
-1323
788
393
-890
-246
2014
1277
207
957
-1849
-483
-6447
2009
467
-34
1350
-35952
124
-777
989
339
2999
701
-1404
290
-362
-2995
-12591
1590
-93
-13180
531
-1296
1553
-1795
610
-1114
-1460
-1323
-1242
-1151
-752
436
-582
388
272
-2097
-97
247
576
37
1485
390
-377
-23
1619
-7841
-1347
325
-228
-14
344
689
61
-451
463
-1325
-506
-701
3422
-668
110
-2191
1304
709
654
-137
-1169
751
-696
-266
-459
769
-1527
-154
207
6712
682
1246
-69
-27
136
-434
-700
-247
7120
-1753
149
-52
674
3693
6416
1090
1741
583
2264
-495
56
446
274
2572
1705
967
-734
541
9559
280
1471
6
-153
-254
253
192
920
2590
3839
-9038
475
561
411
-268
527
2898
139
-4117
1049
-2205
263
-1178
2116
515
-607
-452
-243
296
1343
912
-1380
-883
-319
-2291
-1821
781
-2405
-1358
-158
2564
-264
467
-211
-149
13847
5
-4966
-677
-107
-86
-624
-386
-614
-1720
-375
-106
108
-210
-635
-565
104
-158
-170
-1878
459
5050
-1237
190
592
-220
-58
336
1435
2753
709
-960
-219
138
-144
860
175
131
317
178
1686
2758
-76
25
683
870
-165
-622
331
-398
-134
-128
490
385
-482
438
-235
-43
630
-5365
5178
-7
-45
-57
866
1679
-534
-299
551
336
2388
283
-118
46
-427
206
128
-1743
-4682
-56
-212
-182
-1242
-280
-616
-507
174
703
-288
-398
16484
49
121
-65
-2690
-112
-1025
1195
777
703
620
69
-2453
-972
-537
169
-5
20
1874
-876
-93
301
-4221
-388
19
-465
-833
-109
18
-14
3061
-271
436
17
26
-5368
193
1249
56
-72
-100
448
9432
293
-162
-1668
-6933
-144
-2
-750
186
1074
650
266
-717
-191
-284
-869
-1127
159
-93
85
12239
-206
-29
13067
1119
-1754
-2783
-680
-9359
62
-136
-735
198
-108
7362
-771
-110
-436
274
-1383
-224
-282
-2617
-171
44
471
-1208
-994
-534
-35
-631
615
856
-33
89
-3102
-126
732
2
109
-165535
-733
486
119
1060
1164
-1049
-399
-130
164
-1579
128
-130
22
576
-238
109
-107
735
-44
-390
-1093
-230
180
-4
225
-1620
-438
-312
2330
250
201
-120
-410
-2233
2998
-190
1843
-220
-284
53
-282
-454
-533
-425
191
39
50
-743
568
457
-265
-160
-152
-484
480
162
335
316
-1333
947
432
165
303
874
591
-651
463
-403
-211
-40
-447
468
1896
-683
672
-4
-906
-301
-3586
1330
-967
1464
4077
80
-371
-323
-140
-1934
-1044
120
149
204
62
291
125
-674
-328
791
-2
-123
-316
35
218
-657
175
46
-288
-474
381
-321
557
135
307
-160
-314
-455
1406
99
-755
-175
-146
-150
-147
-718
203
151
-312
-16
-358
323
159
1164
1119
-310
-10
3309
-70
-1665
416
394
-435
847
161
1438
-95
558
365
-940
2312
2190
91
8557
-74
1532
-969
67
-16
-84
443
278
727
-1483
59
39
-245
121
-346
784
-55
1
7006
5529
-86
98
13
-170
128
-129
-1277
342
-152
98
25
1171
233
232
-1440
24
1221
33
1915
1624
-1482
596
-1807
-3861
-331
646
-223
-110
-153
360
-932
-233
59
64
537
-92
296
-239
1500
-177
-155
421
124
97
-206
-758
233
-5140
716
-745
-1028
76
1170
-336
1677
-188
-455
2213
18
1
-98
-57
380
2942
262
-517
-73
147
1075
-293
-127
-84
-20
12
549
-70
-49
-948
135
-1035
-969
-3060
-1107
-221
-582
536
387
-779
1657
48
-407
-346
-6
279
-134
8168
288
99
95
-41
450
1944
348
1725
-742
25
50
-196
568
-4631
6
357
-135
220
76
180
132
477
3147
-93
909
240
-6652
88
169
2134
827
161
-442
-621
8
239
-117
-1
600
95
187
-16
224
735
10420
-48
-66
-675
-50
-291
-362
82
-367
162
1137
2621
-210
-47
-50
-431
87
-504
1426
3541
-543
-883
-122
176
58
-1572
590
293
279
-8214
3779
95
-550
-61
241
-286
866
139
-40
-552
-432
513
-1247
767
16
-113
110
3774
51
672
-519
-65
-70
-466
-93
-501
21
-3548
-921
178
-283
-205
340
-55
2652
96
-56
1051
431
730
-15
-25
60
-49
-382
544
-204
-2482
-390
1
20
-393
-487
160
1272
3
207
-330
-139
-164
886
-289
-568
-212
522
-124
351
123
-225
256
56
1386
-356
-305
467
-4385
-431
-253
-5
390
-62
883
-240
-596
475
-2465
2792
65
38
390
39
26
-1460
-445
458
2
-1218
-836
394
1500
635
191
-188
457
6538
-169
203
-38
328
171
-614
-513
-218
2279
-62
731
14100
-166
5723
-154
-486
208
659
113
-1059
-1488
-99
88
9995
129
4096
82
-171
-1837
-1125
22
854
-623
-321
0
-95
-2041
-505
-10
-2230
335
1518
2434
222
-1167
-120
146
-767
113
-960
-561
-289
-15
420
-676
-15
1407
1011
-90
-52
-4
1117
-178
391
-2635
530
-776
-363
4923
-952
272
-762
657
-39
257
236
1155
34
92
-1048
-140
-55
-222
36
6
5490
-336
-213
-230
884
-1914
-251
-361
-1553
-357
1036
23
38
385
94
2289
2554
1727
80
621
-73
149
-503
122
-705
1598
-405
-14
-1422
-260
83
2657
-617
-34
-181
185
4032
5009
-1038
120
-102
-314
61
-264
609
694
149
244
-318
-640
-13
-451
-168
1066
-100
294
345
-508
260
81
-148
27
-325
1166
-270
-1273
-1733
1270
979
122
500
-25
1607
-15
509
238
-114
-129
0
-237
431
-3198
-201
-442
90
-8
-456
-216
179
-2006
-327
24
-1079
-57
146
255
226
94
-1256
182
539
-910
-429
-421
-877
-37
-54
582
-1780
-462
533
-329
-134
34
-265
-1192
-149
232
-252
-7364
75086
2299
0
75
-229
239
-45
-726
-38
-253
-55
-67
178
147
175
-93
786
237
168
8487
-228
-27537
-2
791
-291
226
-184
-225
34
1820
-41
564
118
-1672
773
3395
1547
-748
634
157
-58
220
225
-94
1457
-2967
890
174
484
110
-104
1339
-402
115
-100
-376
34252
-211
478
-677
-1288
1027
3261
70
-207
2290
87
202
482
220
419
-142
50
996
481
568
-242
-583
4233
-4384
1363
1216
325
54
-40
37
4
-933
-167
73
986
3
988
-790
-41
117
-81
-1439
833
-3327
146
-1047
-1298
-163
151
108
-9013
665
192
-741
-83
3749
-608
2440
84
-465
349
2064
-1184
241
508
-352
-289
-260
475
-994
16
10
-34
296
-143
69
201
-1362
-205
-258
-3891
-2452
243
-168
429
294
229
-389
-91
-1404
411
3118
164
-5124
-33
-318
277
6409
-599
-463
352
430
-225
910
-2219
327
-39
-1869
2186
56
-779
855
-95
-416
203
3185
-57
-2885
-1893
1643
44
-57
-317
-1191
-435
-34
-381
-152
825
101
457
-1958
31
-809
-133
3318
1348
-154
-884
314
632
110
-1043
-343
284
338
2787
-17
2174
-7474
1816
190
137
56
-322
-563
-454
643
-251
3816
226
-645
312
-3794
2622
-84
-68
843
932
-215
-255
-126
73
537
-379
3
-1183
1432
-632
66
187
634
-535
-371
-31
-310
-2957
-374
1652
684
-694
-2099
-187
475
288
349
-135
74
-70
-309
-9
-249
271
6015
1871
456
295
1960
-449
-316
-547
334
-429
-1081
-1031
-362
-667
-195
-29
-61
236
1517
-29
-91
749
610
-2060
-1228
555
-277
-283
696
1164
-48
252
378
784
-233
61
551
98
87
-155
29
621
-90
256
301
-431
-562
5
-29
-558
509
877
-195
-24
9
5287
374
-549
326
-1952
136
2827
-34
-40
504
-1085
190
265
-752
193
-19
726
9
702
315
224
413
-1024
87
169
-3110
1465
-4074
-215
-350
-845
380
-67
-197
-287
154
149
-4348
515
-76
-14
-1631
7
-4044
91
22
-2324
-88
802
-238
1723
-1525
-359
374
7669
-175
926
1874
252
204
-211
-2565
439
814
5320
13
3843
-6143
7
627
643
-156
57
0
-3488
11490
1168
189
-1168
274
-312
-88
-347
-229
827
-432
-2555
-174
-688
106
802
-324
-69
690
-1818
981
-2224
279
-385
336
-51404
-71
290
643
-9
-382
-35
2212
-3
17
-924
484
984
426
417
-741
-40
-128
-1233
-926
-134
-1838
-231
315
1199
-7064
-390
282
58
-155
23
420
184
-174
137
-32
-71
-388
-762
-540
519
108
-1483
-16998
1485
1714
-2274
1122
657
-2991
-67
-28
-95
803
312
353
755
-484
43
-508
312
711
-7030
27
156
-298
22
-1283
159
586
-351
245
-396
-3102
-1
-16953
-353
-54
21
-13
-429
-494
50
-727
-346
1625
-72
2439
-1595
-151
-25
-456
266
-343
-160
3413
-111
-721
90
1434
-288
-593
91
383
-52
861
10342
-379
-1974
-24
-7600
647
-4765
-712
-1484
-96
866
-1992
387
-385
16
-474
-613
-55
-42
-234
-2718
242
-9776
-140
-7343
28
70
96
-154
-67
-261
-82
246
916
1067
-561
-17
-349
16200
-52
490
-23
-7407
-1832
-46
345
-856
-453
-1240
1680
97
-96
-864
94
912
-1112
-5121
-125
928
-1408
-1185
-77
-1402
-3947
-187
55
1136
32
662
200
-1127
815
180
71
-324
72
185
7781
-54
523
963
273
338
-399
81
-11
-194
1325
-483
-102
606
667
-159
107
7837
311
19
-372
82
1502
1058
132
18
285
-24
-445
-48
-149
192
37
-160
-2302
-962
-499
-159
1510
1554
-970
198
-205
1810
-280
-509
-2750
-87
-199
281
-3132
-828
-83
53
-71
-188
567
1652
-4337
149
588
-524
0
-1261
486
328
-8
133
-451
-572
297
-1383
-382
-422
884
3670
-560
-583
505
-474
-36
-360
-426
542
-91
341
-2052
-535
188
-677
417
516
240
442
-3438
205
229
-1337
206
-1578
-37
-56
980
-7
-2463
-3
-1373
413
-2
200
759
-584
-232
-316
-85
-1100
-27
240
875
67
-180
112
109
450
-156
308
1354
-31
-670
1845
-485
-176
1320
-963
42
-650
282
-6045
-5237
223
-387
-2395
-93
925
-370
-111
430
1136
157
1544
-541
597
-919
179
-127
391
-153
-69
182
-198
2846
2395
-1123
-469
276
37
1452
8
1111
-497
33
-86
42425
-21
-211
-1526
123
165
-1651
443
2394
-148
-790
-243
-152
-243
-265
417
1947
-69
386
1045
3967
568
1549
-25
-516
-303
-9708
-698
1024
-48
1926
-601
30
2
725
-143
1522
429
-633
-186
280
5
-2036
146
-1113
1571
-65
93
-1712
-228
-330
-214
-1086
-85
113
-505
3497
94
1025
209
1853
-170
-506
-763
-2032
-114
-2135
-143
-18
94
-14
-480
684
-13
-359
-152
1296
-257
480
790
-14210
642
34
119
-372
-34
443
-550
996
-1395
-60
3708
-1531
-13
-65
-624
-1125
367
-3654
-453
4540
328
145
-166
-13
-796
-30
-56
4459
-64
415
832
-460
492
-1646
-197
-91
-21333
-86
-378
-274
570
75
444
29
1245
-4198
-125
1464
1
-440
-1127
679
-44
-177
-25
22
-11724
3877
93
1137
778
740
-267
46
745
1018
-162
310
3418
-264
74
259
82
-613
1522
103
120
6
-1338
102
-346
562
167
-318
-191
-465
5321
81
-594
-57
83
9942
-294
-449
-290
316
-270
-640
-58
-3311
-1344
-539
-672
795
62
-554
59
199
40
-1171
279
1003
-477
2462
-261
240
604
-211
1359
-138
515
316
-314
416
2809
296
-2385
-315
23
-2314
-3619
-228
-1445
300
176
-187
82
-1817
1866
2
-75
120
-2
202
-92
-381
-629
-238
-305
-242
1181
-3034
51
-199
700
-1191
1829
10000
248
163
-512
142
164
720
-758
355
-476
-354
249
110
1147
3605
4
-55
-129
-145
-582
1458
-84
3689
-120
-1511
-176
-131
-7189
57
-575
20
707
352
1008
286
-1083
661
-1110
630
-918
-71
84
-261
79
420
-41
-56
-420
81
-286
710
250
1169
125
141
-324
210
566
-142
131
3682
-1357
-28
-4075
46
-70
-1705
-40
43
72
57
-1094
-1031
-603
-15
-505
-1315
-1004
774
361
987
211
93
-115
203
-21
-3914
-470
28
-342
70
-588
-19
789
-1264
80
-117
833
-211
2941
238
85
1551
256
-86
-155
-2
-410
512
-740
-1952
-185
-1539
44
251
877
10
53
-1504
1426
-629
-44
375
-139
903
542
895
133
-852
356
280
-46
78
-203
286
713
-3272
44
-42
-187
-340
83
71
-155
-16
-162
1130
75
-30
56
68
10
-1397
-199
-342
-534
1569
-40
-105
-389
85
-8507
599
3430
271
-76
19
-420
-68
-155
-240
-1458
209
-773
307
-110
1656
-7
576
46
365
-104
775
353
103
-2595
-1270
2698
1317
147
641
492
206
-217
-334
-27
-184
243
8044
-758
-13
-1998
-417
147
356
3064
481
955
-323
-161
24
-23
-14
2582
-168
-212
317
-113
-67
1270
0
-89
159
-134
-134
-258
26
1118
-311
81
2096
-30
-591
-364
-53
1375
13
-2446
108
858
625
1486
-125
118
-74
5235
488
-12
116
-102
35
-190
74
-71
71
287
-415
-19867
-1466
-485
-107
865
146
-15
-7
-34
-270
653
-614
-65
-222
-185
-1478
-961
37
78
55
615
-140
18
317
-324
-1558
516
72
70
99
-177
2139
49
8
326
-245
-412
-7
1875
361
-185
-1351
-10
-866
461
-115
-537
-115
134
164
73
46
75
1608
1460
153
373
0
50
155
-135
428
21
21
-196
-1191
75
841
1395
56
-3
-14
-38
345
241
-748
-94
85
-282
2667
20
56
7
-1272
-284
-234
27
-825
15
256
16
3115
5
280
-2599
-47
344
-146
23
-1360
-973
-30
-80
-193
-33
111
638
1529
-8
-114
-600
-563
72
41
-437
150
120
-316
-223
13
46
-137
35
-21
-745
-28
-265
1102
1233
134
-1
-152
-16
120
135
27
-10
83
-21
-88
-78
252
519
205
-106
137
1675
-107
-226
-50
-48
-12
-1126
43
-3770
-124
2390
-566
-32
57
152
143
-90
428
-556
64
26
331
-101
-35
446
398
-40
-54
19
-79
-231
30
-138
-60
-250
87
32780
111
293
52
214
22
-218
-1767
669
-621
-33
799
1057
-125
-22
-268
-1445
-320
17
296
292
65
-82
146
966
51
18
-176
-28
-21
36
-20
-94
124
-144
14
-66
-852
-211
28
-348
-64
569
457
-57
59
294
-743
-555
-48
-38
6
280
278
299
162
-514
-251
-517
-126
1063
-822
262
-87
78
-71
-1
-487
-21
-1446
2731
375
53
-339
-279
938
-205
425
-1
46
-2714
-7346
250
-206
0
45
-363
-1133
215
-153
-758
-166
-59
25
-165
101
-148
3
-95
696
47
-1262
39
1
31
-1566
651
813
363
-90
11
-69
-2
-349
-13
339
60
588
-55
47
-129
158
-54
87
132
36
769
930
30
-244
167
936
-104
-79
-6739
3535
528
-423
23
191
-42
-3
1
-157
159
-440
-119
69
144
113
55
942
-1082
985
-45
-80
-38
199
-2870
-15
-137
205
201
29
2142
-424
-17
-95
132
49
-602
-58
6890
1953
593
-21
-323
-849
670
551
150
483
248
-2161
-6
138
352
36
-10319
-120
92
165
11
74
-40
-124
-116
13
296
-39
201
-95
-163
-104
-57
452
-50
-463
-107
-168
-147
-1402
282
-1200
90
135
100
62
258
99
191
-75
-139
49
13
-92
96
9
57
-31
909
-21
-87
120
-94
-1899
1
7
109
7206
-20
95
88
-208
-281
295
-6
770
512
73
24
403
181
1108
-87
32
327
319
146
-140
9
-103
94
-93
-9
-285
-132
5371
-43
623
-426
-1
515
-188
36
-434
-56
1382
-677
87
-22
311
7
38
277
224
-32
-13
912
573
-2112
-2061
-78
8
-16
997
77
-470
950
-938
-134
19
2149
-182
-206
-155
107
-1
-84
199
-216
134
844
353
-245
219
-229
85
-83
-1367
-86
1770
-153
-3002
11
80
-105
984
316
1276
-894
-197
2164
209
-260
47
255
-151
-87
-230
-316
108
64
-184
48
77
-78
8
-358
1
200
-173
-187
-26
696
329
-1757
79
124
-460
-373
-90
117
83
175
51
-120
-40
33
274
43
-226
-50
312
0
41
-53
-60
-275
616
125
-74
-35
-235
194
9
-362
206
24
-5
-1518
-2636
151
42
-11
-306
151
37
80
-153
-164
-779
46
331
648
-2650
63
78
-286
158
131
-133
-8658
-357
2081
26
523
-466
117
151
75
-185
82
-12
-20
-275
35
106
30
188
43
349
414
5
-24
-11
60
-100
-160
76
-589
1057
-41
-169
-106
-83
-117
382
-367
-1139
56
306
260
250
13
33
-12
-67
1017
25
90
4
-187
-51
23
-724
-50
118
787
-226
-752
103
-4
67
-81
-581
36
267
-1291
-158
1304
-460
119
0
435
351
89
428
64
-490
-79
-949
358
-143
-54
-37
-1493
192
-614
309
12
41
-10
154
-59
-52
-1009
-40
-44
52
-197
-54
-93
89
2775
-278
-36
109
-113
318
9
39
-335
-1429
88
140
-50
-25
-347
45
576
-709
260
-925
-458
113
-68
62
17
-17
-33
602
-847
-38
-110
-187
-12
142
98
-1264
-839
64
-20081
-188
-1565
149
187
-454
490
1969
165
36
-155
28
-312
107
2
70
-317
135
197
70
327
214
-315
-126
26
133
124
-204
88
15
1355
77
181
-57
185
53
0
44
-111
101
3534
-53
343
837
-441
83
-676
-85
142
54
-15
131
-121
105
-65
143
408
-616
-114
-33
4
279
-1303
109
1738
65
-41
29
-816
12547
623
481
-56
-49
369
-79
-459
-2157
-92
15
125
10
-1068
27
223
739
93
55
192
-185
-249
-53
29
1248
197
121
-386
785
-104
-1392
-70
68
2947
-254
-5587
-230
-121
41
-289
-67
-185
-463
173
-84
10
-251
-182
84
-16
-31
-395
-6303
-1
-47
201
33
44
122
66
-103
-58
-254
39
-302
244
150
289
21
229
-155
360
-356
-191
1150
51
-221
-3199
-75
166
1840
58
-36
68
-110
14
210
184
-64
-74
32
-78
-87
-141
1612
-805
-1310
-83
-68
-425
40
249
61
17
35
287
301
496
-2
33
40
-29
-374
-75
-692
6
-102
-32
970
97
69
-224
-90
-81
-47
150
-639
9
136
91
-73
65
-108
74
952
-666
-118
321
-102
0
189
16
59
-20
-981
-784
84
-3
-1387
-73
317
-25
-114
-472
26
968
-1431
-214
134
-131
1582
-2
-367
-82
80
-236
430
105
5
874
19
-133
24
239
-243
-101
-18
-15
-220
-352
1243
7
977
30
133
-60
-558
52
-202
-186
-24
-118
-473
182
307
-5796
165
-80
-61
144
-289
3432
-3020
-395
5023
388
207
-25
-5141
-3575
-23
-253
277
218
1
104
-50
-1105
1353
-1502
-676
-137
101
-331
299
-734
-70
116
66
46
-448
-647
-543
22
-88
272
-1414
63
276
-231
-194
131
491
-305
409
217
46
1161
-317
-25
32
-192
-70
172
269
7242
-2
-57
-606
-13
-96
-5
58
123
-2
-56
32
-608
-58
-8
-75
77
206
-26
336
-2159
76
-89
330
-283
-1122
-50
897
-164
103
435
-101
-174
481
-189
35
-4
61
485
-164
-1283
-14
82
-51
1798
-228
-61
-123
212
-1002
174
3
-279
-33
-589
2061
222
-643
23
351
89
-1308
-51
-6
-344
-427
-75
-13
777
-826
343
-327
-784
-7
1278
-81
-285
-52
202
869
-1304
176
11
-140
240
-172
144
-162
-424
73
-781
96
-279
423
183
-13
-400
-48
49
-2056
-346
-1
110
99
38
-1
-40
13
47
-124
-199
48
-97
39
106
28
10
-66
21
-279
-13
1706
-56
-2
-117
542
-151
6360
360
29
-65
-624
40
-670
-64
361
74
-14
1526
-181
-8
-317
1
232
36
-952
-91
-949
496
1091
6194
-331
71
18
-306
-453
202
-1738
96
152
98
35
78
-9
-29
38
374
114
-1169
11
96
489
139
225
13
19
518
-74
-4384
-251
-30
257
-53
14
-647
-184
-254
-1536
19
27
299
248
232
-24
9
-188
84
-929
-365
153
626
-15
-144
-235
225
-217
270
-34
138
-173
236
-44
-99
59
-284
172
6894
536
187
-71
546
50
-177
-21
2267
1601
-105
-107
-529
4123
214
593
571
-8
-185
2682
62
180
-217
-37
95
2904
-215
75
2
58
-1067
8252
70
-37
318
142
107
212
-255
577
449
-31
174
49
-9
125
-278
17
24
260
-130
-63
-38
-1433
-2553
331
37
-175
-60
99
167
-46
-20
2
920
-15
-201
231
-801
-121
126
-498
635
10
-76
-1207
-756
-17
-5
548
30
-2302
110
-119
-186
284
-416
-322
-1038
-457
58
23
-1579
268
5
-2578
28
448
-23
109
-144
126
139
-584
-12625
-64
11
-11176
-9
-45
388
-185
-75
-469
83
-7
-177
180
-120
-4231
306
78
6
117
-65
125
-213
69
-7
14
131
-64
235
198
-179
-468
53
6
-20
-45
114
-202
-851
-219
3150
-8
-54
-266
-14
-27
441
-1521
11
-258
-431
291
54
-107
-163
198
25
-318
-76
7
-566
-135
-69
-617
202
-412
-132
49
109
15
-1555
73
76
-954
-757
33
246
-1616
-26
350
15
44
21
207
1009
70
1061
-215
-274
-55
-13
333
227
94
648
63
-797
518
-230
91
-275
-500
8
64
-57
-135
674
-419
177
-932
94
-147
-388
-89
-780
181
-193
727
-83
-395
1503
-164
-68
12
4
-32
-17
43
-29
630
303
-166
874
-76
-8
245
-149
-80
-227
-24
108
-70
-29
-1377
89
-655
3061
-440
-65
8003
-63
670
220
-507
210
327
116
3
-206
-98
1580
-306
17
-143
-1980
-3449
-11
84
7627
30
-9
433
-215
3
411
1570
-297
27
131
78
-76
50
19
98
48
150
185
22
1516
-54
-37523
4539
-120
238
346
-580
-240
112
165
-22
-112
-234
-192
612
-767
-59
-3571
-39
26
364
-360
92
-557
-340
8
367
-106
-53
416
-144
-222
789
-82
-59
-41
-66
-158
-55
-1538
2098
-9
-276
-171
357
40
62
-116
273
-178
10
291
6177
200
871
171
-112
38
-102
-1295
204
-179
-127
154
2077
-3685
0
-213
-68
21
134
1037
1422
107
-137
-36
-771
800
-118
-268
-56
-52
81
439
0
-832
-59
-215
2103
57
37
172
-90
28
38
-329
-39
-99
-1707
693
478
184
20
-157
59
-46
-281
-62
-64
-31
197
-52
-4335
-102
12
64
208
-52
4
-125
118
-22
-400
146
-120
276
1130
88
-30
-329
-58027
68
71
-72
138
-112
-130
-45
-208
-769
183
3511
-146
92
1754
-729
-23
-1288
138
-126
-303
-1080
-550
-61
-632
-10
573
1654
13
805
-263
-3
11
-257
-26
146
343
-24
-201
144
-806
-149
152
-103
232
-133
176
77
240
-133
-123
24
101
348
55
-517
-344
-1081
288
-1496
-29
584
17365
79
-124
-6
-188
-26
278
-111
-11
3659
-141
4
1
629
169
134
-51
-77
310
51
156
-613
124
-16
38
10
1607
-1
-127
48
-88
-12
-7
110
-686
376
-63
96
-169
-188
-11
247
-78
-2454
-649
-18028
-1301
326
-69
36
68
-607
-165
-42
-16
54
-132
119
27
308
-50
24
-94
-75
-193
-84
252
-80
146
84
-3
-118
3587
-39
60
487
98
249
126
-74
-468
-14
22
32
-98
-819
71
-722
-34
57
83
-364
-2771
-137
110
317
-664
-149
-718
1749
69
13
168
345
-62
-19
64
-191
-608
2069
-79
-224
2069
56
111
-222
295
-47
1451
102
-666
498
-544
-350
-110
-245
-274
156
88
-178
1642
53
196
21
135
94
60
-4268
29
-340
1358
76
146
-88
-190
-339
149
-52
1089
-438
24
559
45
62
0
-25
-444
-279
-44
275
20
-535
122
-23
-40
-77
-2489
-256
237
338
315
56
-11
-245
108
-387
212
42
-1351
2303
-380
178
-72
982
-24
-62
-116
129
-99
-628
189
-217
-2220
-340
-314
-83
-17
127
143
587
-661
11
246
6
97
299
-157
876
29
144
-563
-313
-213
365
-100
-2640
-254
-2
-157
724
1
-314
-8
105
282
241
-151
360
83
5
13
131
-53
83
-21
88
-12
48
-59
139
770
-45
-13
-16
64
-189
-1646
39
-11
15
145
83
122
-85
47
339
21
-165
-148
1
-425
-9
-56
0
-7
-467
6
116
116
109
3
9
-177
51
89
1059
-37
-20
270
35
-783
-362
298
2521
31
-12
98
-324
-1205
-138
-6
135
29
-7
-13
302
-10
64
-172
1261
-267
-1365
76
33
52
30
-53
62
-2
-723
6
-16
245
-26
-28
-1017
170
-83
299
84
-132
-61
-640
9
5
136
18
55
243
42
-47
34
-198
0
-24
-1067
1265
129
539
-145
-8002
96
65
228
23
26
-18
-4
-12
84
30
109
38
167
-18
19
202
-9
20
291
-155
-165
-42
37
162
-69
-149
28
17
84
78
-17
-31
67
35
-9851
22
8
-37
1756
-6
-349
107
547
-43
-269
126
53
-6
-48
21
94
454
-34
-8
-23
28
13
18
4
-175
913
35
4
165
-147
-27
-44
8
112
-114
128
158
38
46
-55
-3559
216
-2
-130
-672
-1
-56
-2
22
-62
-391
-1375
1
-108
-193
-14
-2500
291
-5705
238
64
-61
4
99
-72
-1
61
54
-185
-186
13
71
10
-3
-72
36
101
2955
-19
-18
1836
-5
88
211
-75
-10
-23
-142
-96
-91
-71
-15
20
32
-337
-8
176
54
-20
33
23
-253
-19
64
41
-95
-18
2068
15
-47
-41
-337
-21
472
-95
-616
23
-870
21
-10
-1036
-35
-375
-13
23
-93
93
197
-198
50
-88
61
50
-83
-5
537
63
-137
16
29
-28
-180
-90
66
161
-933
43
-130
-83
-35
1271
82
41
535
20
30
106
110
-23
192
-69
422
-4843
16
-466
-40
1
-536
-101
65
-19
223
-61
-533
-39
-11
52
-76
-89
42
-579
-108
159
126
31
13
-272
296
182
-62
58
6
-111
316
797
94
49
61
17
12
-47
31
41
2
204
90
-24
31
116
-58
-7
118
-78
-48
-94
-4
-391
75
-41
5
147
-115
-72
-312
-100
-92
-78
132
6
-96
27
-42
0
-40
3
34
32
53
109
2
-234
-656
173
-53
193
-6
42
-29
96
92
491
-28
192
1226
-180
138
102
-18
-86
-26
-73
-34
72
-26
-86
-95
64
-49
17
-155
-46
1174
-72
-19
-91
-101
-22
4
106
-372
262
172
17
4
-75
-113
84
40
139
44
43
-9
16
-155
-1
-106
87
732
203
49
-46
559
123
1133
-8
57
539
9
-64
14
15
-36
-82
22
-1792
-55
-11
44
-16
-574
179
13
30
28
-92
133
-241
94
80
43
99
87
-422
-133
-124
29
42
17
-177
-36
19
-30
3
95
-172
-44
-30
-2628
77
309
-2093
116
-100
15
-10
-7
-80
100
-27
-2
919
66
-8
-505
113
60
-11
-175
225
-107
72
-29
6
10
-122
30
546
56
13
146
85
-8
-92
-131
-25
755
-172
17
-53
-39
321
198
-32
23
-136
-33
-128
69
466
-142
-8
295
-59
-110
4
51
-3
60
2
-6
-39
38
176
78
-64
86
105
-653
-38
-4028
-73
-187
6
99
-92
-26
-10
-163
-1089
-34
-13
28
-62
56
633
-132
-149
-2
65
478
881
-114
-235
14
-893
-20
-142
-333
265
1457
42
-124
18
67
94
19
-179
-19
213
54
-968
-52
2
215
79
29
-16
-90
-32
72
-491
-3
13
-16
2130
-19
87
212
599
15
-10
-61
-23
-36
-32
23
-11
206
-1033
19
627
71
-98
-831
18
-3
48
-110
-35
10
-64
58
-259
-235
26
-20
-216
-691
-138
-2
-169
-28
-56
-37
-34
24
37
-34
157
13
-4
113
-30
-19
-9
-125
-405
66
-298
-98
219
14
-907
-436
-38
116
11
-26
-38
269
273
17
-24
-1419
3811
-57
35
-84
-759
-110
217
-979
2
31
10
-158
-76
49
580
-7
34
-53
-184
18
46
-121
-135
-71
-28
-1119
-175
211
83
-22
-224
-150
43
933
-32
448
-162
71
34
12
346
161
90
-111
870
276
-240
-23
-28
95
51
328
-167
-13
-45
-61
-45
1
415
-765
-2
-47
533
544
16
-11
-41
-20
128
-1
103
-3
52
-49
-57
39
-25
28
10
-44
-27
-160
1064
-46
-39
-294
-18
474
-204
50
-194
55
-82
-7
-31
350
-224
1554
-230
-52
329
42
-132
6
4
-50
-192
-50
52
-1510
499
989
-16
-607
3
-1022
79
95
-83
67
-226
-43
95
35
-433
-14
-1
35
79
433
-69
11
143
0
-30
60
8
-16
-120
62
543
93
-5
-351
241
83
166
-121
-36
251
-28
-43
68
-34
25
23
-17
89
124
-98
164
86
38
35
33
-5
-36
71
-53
46
1009
-65
1088
10
-491
80
728
-1560
83
30
252
113
307
233
89
-2
-139
280
-832
-16
60
-768
41
558
-3
6
-31
41
-36
149
67
29
143
-6
615
-40
55
64
-10
29
-18
33
44
-118
-21
51
558
5
-896
698
10
443
-1013
1
84
31
38
4402
521
-80
42
67
2
51
-65
122
26
165
382
134
-200
32
1571
-18
83
15
-69
-6
17
-129
-50
639
-26
13
-145
-137
-60
-2674
174
-27
3
19
-154
33
-125
-1767
-99
-88
-21
-1183
-21
-1434
9
-55
87
3728
338
-7
-236
515
-447
156
-69
-48
-4
153
52
-54
1503
11
-84
-1579
2
67
1034
-41
148
56
49
-334
3
-238
-200
-163
128
-10
-1
-119
79
-103
81
16
39
-38
66
-904
-63
283
-131
63
18
43
1132
-47
87
49
9
-90
24
-60
-146
10
-82
-36
275
225
-58
41
-48
10
-21
-90
259
-384
165
6
506
71
5540
9
66
-70
439
168
-19
-71
105
51
-383
10
-78
574
317
-94
-17264
71
-83
192
-324
202
-145
81
461
997
372
-27
-97
667
47
21
132
7
-118
207
101
5
64
-11
492
-48
93
-6
-86
-110
64
-24
60
-70
-40
799
-28
19
106
46
-7
-912
215
-184
-17
3
-706
300
65
-39
47
-43
-223
-156
-768
11
133
-2
-23
-2
-1320
-191
-107
-13
27
-27
56
-11
39
12
14
-442
-57
-51
-8
-1935
68
1041
22
-18
27
-928
-19
56
-51
-326
40
632
420
20
32
-1389
-37
3036
-40
-5
-7
-140
87
-19
0
389
201
46
-290
170
98
179
-121
-67
-181
834
-20
9
-219
-51
-1
-77
-1018
90
10
102
209
-131
-41
206
19
36
-206
-348
-45
3
-428
1049
-550
-396
-123
32
-362
23
70
-322
-365
-7
-39
-19
-24
253
-157
-1186
277
477
43
128
3
-54
-94
-6574
236
-72
66
-138
2
17
85
426
-39
6
15
26
34
235
-18
258
685
-127
59
-331
-85
-1
72
-138
25
-75
361
-14
-172
-244
17
6
160
299
-255
48
-7
53
-153
-5
-637
65
67
3
62
117
43
-77
72
199
19
56
326
238
-17
14
-159
-67
211
296
-23
194
37
24
-23
2822
37
116
-54
540
-7
-81
-88
359
19
47
-8
-1387
-2
-634
51
66
31
23
5
-20
-192
59
79
95
92
-5
0
-59
39
-447
-309
110
-9
15
49
619
-49
42
-74
278
-19
1217
-26
243
115
-185
4
30
-29
199
-126
-243
241
-286
20
-45
-96
62
-76
-232
277
233
17
-61
3
-93
44
15
-86
-10
-65
-66
7
-2489
-29
-2
44
-23
-49
-113
-53
117
-39
286
23
-2
99
-243
163
-3
-2
40
-1324
-39
-7
-13
25
-26
43
-38
6
-7
22
49
53
-144
626
394
1647
6
-133
123
-31
-290
-14
28
14
-294
19
-196
238
1
-16
3383
-377
-22
73
143
42
1942
-391
76
-1369
-45
492
-68
316
82
31
19
10
-148
-198
9
1860
-206
-111
23
-31
-96
29
208
49
23
-4
161
134
-68
17
34
35
74
-55
680
51
19
152
10
16
-1640
94
78
-55
51
115
-6
-7
5
-6
45
-316
45
305
172
65
46
-1400
6
-21
-23
-9
6
65
-36
-44
-308
-39
-41
2628
-53
101
110
206
9
-103
-40
4
-44
493
2953
28
-1342
-743
-15
10
-48
71
54
101
437
172
-36
-116
-37
248
-19
-18
403
18
-38
-26
-10
131
153
-27
-117
-481
-13
-24
31
-91
-98
23
-38
262
92
-2114
-268
-1
-20
-54
-82
-45
-31
45
9
-352
-2206
78
223
-112
149
-19
57
14
-38
0
36
-810
-171
-65
-35
-161
467
-93
-7
-46
-159
92
230
41
88
-839
28
-60
-134
140
381
18
8
11
17
400
-33
-883
-26
-117
0
318
279
-24
-33
2833
5021
143
23
-63
97
-71
17
150
19
-157
5
-3
-68
-153
-49
-19
-357
18
-161
8
-47
-259
40
-43
504
-482
-185
-81
164
311
15
-24
1004
-20
-91
-2
-1153
1924
309
32
-48
10
93
-7
95
-989
35
-21
73
97
-21
356
-31
-92
23
-11
5
-23
124
1
-460
-9
7
49
-85
-140
35
50
49
143
-44
-232
-760
118
-1261
65
-850
-222
-24
-346
223
-5
49
95
-133
176
11
-740
20
2878
-10
-480
347
3
-45
-16
-8
23
-24
-534
1
34
-42
49
-115
-77
-36
-42
-17
-42
-598
94
24
-942
-98
204
-93
11
249
2
-42
80
152
-30
-22
34
-29
-35
35
29
72
107
-1703
-413
-9
70
-58
-47
-131
0
1723
120
-14
-330
37
-17
113
-165
-186
-140
826
138
1823
-75
-31
247
36
82
-73
24
13
95
-89
99
29
-347
-13
20
-17
6
-17
81
-40
66
-116
-281
21
-53
89
-36
-8
-1
209
-28
-505
117
9
-59
605
187
900
-64
103
57
105
-25
2
9
37670
158
-97
762
36
-672
-93
60
-44
5
51
124
438
-58
42
-5
-129
-15
6
-62
-12
101
-14
-3
-22
-1491
81
-149
-153
-48
-146
41
216
-21
-29
444
-274
234
-1845
12
-27
215
21
-37
17
-157
19
-169
-21
-298
-26
-155
-5
3297
-1342
130
-18
-128
-104
-4
-64
110
167
66
-30
-44
-816
77
-129
-63
564
-181
-768
-52
-268
-4504
-102
5
-127
-245
-212
113
1520
54
-34
-11
88
-1320
-202
32
36
149
-171
-127
100
-74
1389
330
2117
-14
-415
36
192
-5
-8
97
42
33
-65
24
0
269
-34
-189
-34
1
-36
-562
22
91
32
9
57
701
142
-2299
-4
-94
-41
148
15
141
1275
11
-90
-45
-74
5
-30
-33
310
-3448
135
245
125
112
-189
-750
-57
102
-85
-4325
64
32
-5
-14
1093
291
-166
32
-395
-32
54
20
-61
-25
178
49
-36
75
77
-31
-42
733
21
233
-77
-56
7
76
-85
54
15
-43
-14
-149
-19
-28
20
-3
356
109
-37
-875
-69
73
2
24
0
-36
7
68
65
3047
22
-3
41
7
-142
-115
72
93
50
-80
-8
-103
-1433
660
113
23
-661
-20
4
57
-17
165
-36
203
22
-360
-943
138
-71
21
-42
-48
57
500
200
98
-62
35
-473
-296
-15
2
40
0
50
107
69
18
-56
-9
73
134
35
-61
20
479
50
-29
-1006
-56
64
-59
-49
7
-87
-425
-87
-94
-451
27
18
320
84
6
-4
129
5
24
-16
160
-17
-30
-294
-6
149
-24
38
-25
-65
-19
-47
2
-2
2
10
1
32
-502
15
79
-9
-21
8
55
39
85
-33
-35
4
7
26
281
-10
-15
16
-4
-1449
-5
228
-415
-8
-55
-6
-5
8
-16
3
-8
-11
45
-13
-21
111
-58
30
-23
3011
50
17
29
23
-112
-3
0
18
-6
20
-345
-33
-41
-165
50
-26
-13
435
24
67
-2
-30
147
-80
345
0
29
397
-225
178
-64
-40
26
-701
-42
2
14
35
-1
-51
-331
2
-134
-35
10
-12
0
9547
-10
116
-10
-23
-71
-71
-29
-24
-8
-143
4
-35
-6
56
-315
19
-19
-68
26
-1739
39
-3
-20
548
-15
28
-12
38
-1539
-25
-13
1
106
-64
8
-171
-24
32
-35
39
-34
-16
-23
-33
-46
-237
35
-112
-41
-8
4
21
3
-3
321
41
11
-31
1
14
-20
-14
-197
-4
-6
7
-16
88
-32
34
-31
-2
19
-34
21
-7
-54
-57
6
202
-19
5
-782
-33
-43
39
2
-116
-79
-44
-3
-7
-15
-29
-69
-61
-104
99
-92
-1
-17
47
18
-46
-11
74
24
-9
-29
48
0
-19
9
63
-91
-339
-30
-47
-1
333
36
232
2
-17
-11
-34
-85
-3
-29
-16
-105
346
-7
3
49
-162
41
475
-16
-18
29
281
-396
-66
-47
8
-4
32
-20
18
-208
-52
-455
4
44
51
-9
-571
-89
9
-948
102
6
-19
2
13
271
9
64
-199
4
-9
73
71
85
12
53
-64
17
-91
-154
40
0
-15
757
-98
-6
24
-412
538
94
-1470
-3
-1
-24
-45
21
-3
61
-126
66
-11
121
-1
-74
48
17
-1288
-33
28
-42
37
-260
19
131
16
-773
-467
-79
-76
44
9
-63
68
6
-240
0
-22
-17
-14
-187
5
11
-59
-2
61
-9
-415
1445
50
1
31
-15
90
56
73
-2
25
-15
-12
-17
151
-11
-36
154
85
53
-46
1385
-17
8
44
-14
-1921
-299
0
-20
-245
-40
-4
4
191
9
-8
-765
-42
-14
11
52
-17
-75
-23
138
-38
7
95
24
262
473
59
280
-32
68
-3
10
-60
-38
3
26
-18
55
21
22
0
54
-51
6
-139
-4
101
-5
-39
102
-24
-274
-2
-464
149
14
-126
375
-36
560
-66
46
-36
-8
60
71
-24
-585
-2
1
207
-176
4
104
11
-529
-57
-1010
-44
62
382
383
-8
-113
776
68
-3
45
722
-27
12
-86
14
7
35
185
-11
-75
27
-5
1685
-43
-56
77
10
-29
348
-49
53
-23
22
689
-31
23
11
-308
33
-71
-57
95
-97
77
-19
92
25
-12
-60
1215
20
-9
8
2
179
-23
9
48
68
30
29
100
-35
57
260
229
-24
15
-53
13
-44
-6
79
-38
81
203
-11
12
-78
-32
49
26
-7055
-20
-13
-3
-16
14
-655
-204
-31
4
8
1630
415
-15
106
-19
56
1045
45
33
52
-96
28
-22
-12
-5304
-39
125
910
1
13
38
27
2
-11
-13
-13
-139
41
9
-46
4
41
-1
-289
-25
6
-20
29
16
101
27
-13
-11
-11
-471
64
-8
77
-67
-4
-24
588
58
-9
-69
-8
-5
317
-41
45
-91
15
-16
6
12
-35
-5
-43
-326
25
166
-4
-53
90
112
-22
2068
-66
3
7
-44
3
275
0
229
22
-11
-14
-13
-90
-47
0
-21
128
-91
-39
-261
-13
23
270
1
-7
283
101
327
-2
226
-25
-9
-87
24
-13
66
-1333
-122
102
18
397
43
2
28
-646
-47
21
-38
14
-617
-105
-78
-1081
3
-346
-11
-2
-143
824
76
-6
-76
-78
72
-25
-38
8
90
168
-50
95
20
9
-12
24
209
15
-3
-114
629
26
28
11
-17
106
58
-8
63
12
6
944
9
75
3
39
191
47
-31
-190
4
14
-1909
4
11
-151
21
-59
-78
-330
12
35
287
11
-7
481
37
4
1556
-3
-21
-12
131
-2
-154
-60
8
-432
117
-348
318
-477
4
235
2
10
111
-90
11
-15
-6
-29
24
-6
-41
-14
-1159
-168
145
17
255
-58
41
-28
-7
-280
-133
-15
42
-10
-9
-23
-23
6
-128
-16
-16
-25
14
-528
-146
-26
175
-94
-117
-43
-2
92
23
2
-76
16
-206
29
-54
-154
96
145
1
-27
71
325
-53
38
25
-34
-237
-58
23
32
-43
8
18
-10
-71
54
12
51
-13
-36
208
25
-45
-14
-21
81
-180
-195
6
17
-31
25
-16
46
9
-178
-10
-135
-63
-42
1
-72
-9
98
62
-9
-247
56
14
-33
-5
0
16
33
35
-26
-12
-40
334
-92
64
10
23
35
-30
88
29
-10647
-27
-27
-12
134
-16
-463
10
-273
-1
-25
-30
-54
-13
-261
49
-711
27
-6
59
-16
6
105
5
-115
44
27
-22
214
317
-358
-336
-3
-50
5
-37
26
-42
64
12
-73
25
1
432
8
-8
6
7
134
166
-1
-37
12
92
-19
-3
-3
-70
-19
-12
31
0
87
1
-106
-38
-33
132
-123
-27
67
-113
-5
-167
-9
31
-16
91
-14
31
-26
12
-7
9
39
4
-28
23
18
43
49
1
0
-18
4
2
-1889
217
39
-5
-20
-335
33
-3
-67
-3589
445
-4
84
-1396
-36
43
45
-20
14
126
32
83
1110
-127
-24
-9
45
2
-79
-44
41
4
-31
193
38
64
201
12
-10
-111
43
88
53
-4
-14
-3
32
-11
0
5
-8
1
2
2
22
-90
11
18
-14
-34
87
-44
-61
-19
-31
-5179
10
-2159
45
24
7
117
-24
-964
-29
-14
117
-265
-80
140
11
36
5
34
75
-17
-70
32
-26
46
22
-1
-6
-124
22
-23
-27
-67
27
-10
-17
-135
36
-4
-112
28
-103
1
-33
-486
-14
-5
3
3538
-1037
108
28
44
11
-961
-11
-382
-12
1
-697
1
-20
-61
-28
-155
530
1
-155
381
-17
-208
46
37
-97
28
18
-32
-28
21
-35
39
15
515
1
-29
0
-146
1
-4
680
-40
-2
42
34
-2585
104
-14
-300
7
663
-154
3
-1164
0
4
345
-25
20
472
44
2
58
44
-41
-38
-11
9
6
84
14
22
54
-17
1285
-3
-2
-26
35
-84
-3
124
3
147
171
0
-1
434
8
-604
15
-46
77
-27
5
28
41
308
343
35
-8
0
-1
114
-29
1017
6
-39
-12
-147
-71
-1359
-19
32
102
-19
-69
38
-29
-182
114
-7
99
0
-2
-7
-12
97
81
-9
157
-146
-95
64
16
114
-111
-9
-7
-6
121
-75
5
111
-182
3
19
-59
-106
-150
-20
-18
-31
-30
55
104
-1896
27
-25
-17
2
26
15
55
-13
-1
26
22
-19
19
2
-595
58
-3
-214
27
-2
-14
8
3
-12
42
-139
13
-813
18
69
418
8
33
73
-89
-200
-96
-55
-30
235
394
-146
-12
-106
-617
-23
-89
3
-24
-44
30
37
170
-30
18
-854
-7
-147
0
1624
-11
-12
-72
18
-11
-39
-427
9
105
-12
165
6
0
-14
-9
-41
-23
28
10
-20
-224
-34
-290
-10
-267
5
-284
-19
-32
-3
-17
493
11
28
-16
-65
183
-75
-3
16
7
-54
5512
316
-57
-943
90
-56
-146
-3
-8
-5
-146
155
-269
36
90
-37
14
95
-46
-56
-8
-459
26
-10
-18
17
251
-10
47
-11
9
5
-79
219
-531
1376
4
-21
-79
-6
73
-24
35
17
-44
-92
-90
61
15
10
13
4
20
-32
1
51
-103
6
6
180
35
-17
480
-67
-77
-1562
4
1320
168
31
-16
-1132
43
1510
25
36
5
-157
235
39
-64
100
24
1850
-100
19
33
-12
6
-9
19
321
139
41
23
-20
-35
43
67
-33
890
36
8
-258
-1490
8
20
-23
20
6
-14
19
2
-6
8
-59
-2
26
6
43
0
-70
44
1
-192
-24
480
35
28
6
36
12
0
-85
-29
2
213
-418
37
-7
-23
-5
-3
-36
-21
23
-23
-10
-177
-13
84
0
5
-37
37
11
148
86
-25
-48
42
-28
-7
-38
59
-19
-5
16
46
-5
87
-9
18
-22
-22
21
54
294
90
-26
79
23
-75
-7
-509
-24
402
-41
-74
-8
-24
-19
-4
8
21
-369
14
-156
-10
12
-41
-57
-80
10
-80
23
-119
463
53
7
55
102
-1106
23
-16
-152
-89
-338
-156
23
40
389
4
3
-35
9
64
545
8
-49
-21
-12
-9
-113
17
15
168
-61
65
149
73
51
7
12
-74
335
-77
14
-35
-3
-13
-26
-282
-25
45
597
7
726
-35
-200
-74
46
39
19
-8
0
-37
20
-5
-7
1
-2
-30
13
-89
22
-256
-9
23
-24
-4
-3
-65
-31
18
-4
18
94
-24
-21
2
-29
60
20
-14
-157
32
-617
21
69
0
1
20
-107
-712
-31
-33
-85
-39
-1
-32
18
83
-16
26
8
-631
174
-25
-6
-3679
5
8
-6
13
-11
47
35
25
-6
-44
12
-39
6
-63
53
87
-28
-6
-21
6
-136
-9
-6
519
-12
-111
-11
13
-1495
-19
-13
16
0
-15
0
266
7
-5
-34
21
7
-41
-11
-26
-16
-185
128
13
-1
73
-39
29
39
-20
2
-9
-12
-74
39
-48
-29
-23
-11
8
-26
-22
-12
-276
-41
0
-24
1
30
22
-37
-15
-6
-66
42
-16
3
-31
-8
-42
-12
-2
-90
-46
6
7
-26
45
-39
-62
-29
-5
0
-33
4
-22
-265
-27
16
11
71
-11
59
-2
429
599
76
79
706
-23
-16
1
19
16
-8
-3
-21
11
-42
252
-27
-3443
24
-2755
165
311
-19
-19
82
56
-26
-434
325
13
3
16
79
-43
29
-34
-13
1128
-65
-14
57
-20
32
5
67
71
44
-3
-81
2
-38
28
7
6987
-2
15
-12
-23
26
-6
213
3
-36
-79
-350
591
5
-194
14
316
-95
-24
1
16
0
14
-21
-15
-3
176
24
-33
5
19
-1865
13
-11
29
38
-39
13
1
10
-32
-42
-16
85
600
-130
-6
-359
-22
-3
2
-184
-24
-19
-28
-85
0
27
35
220
22
-246
33
-323
6
-353
-20
66
-9
13
-56
24
-22
498
-5
16
10
88
-36
-52
-56
-1
-16
-201
42
7
-233
-60
0
-53
66
-6
107
-26
-25
-69
-1262
17
-38
-2999
8
-2
76
-1
176
-10
-39
-6
18
25
43
323
602
163
66
22
4
102
-51
443
76
-25
45
5
3464
-16
-96
12
-1055
62
-46
22
69
9
6
73
-51
22
-272
8
-1
-40
114
-41
353
23
36
6
24
22
-2
7
28
-226
34
12
10
-46
-97
-2
26
-114
-28
-15
-3
-42
-48
37
340
-116
5
-5
24
-10
-59
-39
-5520
-327
15
-19
17
-17
-9
-235
462
-15
19
-2
-84
-26
-8
-32
-3
-3
-25
-9
-1
28
-102
-11
-103
53
1056
-146
-45
-4
-162
2
-8
13
-10
206
-20
-13
8
32
-58
0
-21
1
-1218
19
27
-16
0
38
27
74
15
35
-33
-6
108
10
-21
19
-2
-65
-46
10
5
253
-120
-8
8
-38
2
30
-54
-585
-1
-1
-612
-21
-35
40
356
-14
-83
15
0
-46
456
0
-26
-21
35
-6
-1
21
-24
185
10
6
-8
-6
3
27
98
-327
340
-48
2
34
-1
30
93
50
273
6
0
5
-10
-40
-28
17
62
-10
30
49
7
-282
0
2
24
-109
-3
3
142
-22
-12
23
12
24
3
25
8
-103
-15
16
-5
-33
-1
319
-1354
0
0
17
66
-2
-20
-30
5
-7
2
-5
-1
1
12
7
-13
29
-144
16
6
11
-10
0
0
-46
-7
47
-34
45
17
9
11
3
14
-11
-4
41
-8
-13
5
0
-11
0
6
-7
5
-4
-3
0
0
-35
-1
-20
16
3
5
-12
2
22
18
4
0
-2
2
-153
-2
5
0
-2
-32
17
-37
-4
-16
-72
8
13
27
-13
-1
2
0
-27
84
2679
-2
21
-7
-11
-3
-7
33
-3
-64
4
13
16
-15
5
19
-122
-18
-18
13
-39
-216
-5
1614
-4
55
0
-6
-1202
46
16
-56
-83
-3
8
29
-35
1
-1
0
-140
-5
13
-2
0
29
-27
7
12
1
-33
13
21
16
11
260
15
92
-7
127
36
-16
16
-222
0
32
-287
-11
-62
-53
22
70
3
-901
38
5
603
-2
-13
3
-5
30
-18
-14
-14
-5
-3
-2
132
37
-27
-45
7
-19
-9
0
-3
-7
-7
-306
2
5
58
18
-5
-19
343
0
-1
-6
-1
5
0
206
18
22
16
-62
12
-3
-72
-3
336
-1
-9
-67
-72
74
14
-3494
-5
-5
96
765
-18
5
-1
23
12
-41
2
2
-15
-1
-83
-12
-67
23
44
1
-2
1
-10
533
21
24
-124
-13
0
56
2
-59
2
13
30
-4
38
-2
-24
1
-22
110
0
-20
-11
-27
49
1
-23
-73
-6
24
123
26
-28
2
-42
-38
-1
0
-6
-11
-29
29
7
1
0
-314
43
19
0
-99
-78
-342
-233
-44
-92
-41
-11
72
31
-64
222
4
10
3
-1
13
11
-182
2
-52
-20
-29
4
-28
17
1
19
0
-8
2
-12
35
3
0
-271
5
-4
-1
15
1
-4
-18
1
-43
-15
-18
-8
-18
489
0
-1
1
23
3
21
-5
13
-16
-14
-74
3
-46
-5
75
54
-4
12
677
-7
-33
-16
-8
-13
11
-18
2
10
10
19
3462
5
-8
-33
32
-4
-4
-4
-152
3
-30
12
-108
9
-127
-22
-9
-10
77
24
11
-9
1
-2
-30
5
-848
2
2
4
7
13
-8
2
15
2
-17
-13
6
23
-260
11
-4
7
-13
0
20
27
13
24
208
1
82
-43
36
-26
-7
-2
0
2
10
32
-21
11
-17
-16
-31
37
42
-4
7
28
17
564
-4
-30
9
-19
-14
2
5
50
-1
-26
-9
-20
37
15
11
-45
-11
15
18
39
-25
-23
960
-359
-59
2
5
-53
-5
407
-103
-1
1
-22
1
4
2
7
7
-9
-13
-9
22
-12
14
-5
4
-17
-34
-60
14
-10
33
-20
3
12
-6
58
-32
7
0
-2
-249
-10
-19
52
9
-6
17
400
3
2
2
22
4
7
-1
-11
1
7
-21
37
0
29
-6
-53
1
-3
-2
7
-38
12
35
-9
-5
19
-3
1
243
-3
-42
2
-5
90
-6
-2
270
-21
-71
-73
-19
-25
-24
-1
7
48
20
-53
-28
16
-13
0
-5
62
-124
9
13
11
-55
-28
100
6
1
6
-1
387
2
-15
0
6
10
-2
1
-28
-177
-139
-67
2
-34
11
-11189
-84
2
2
14
-16
-25
1
-5
-6
-14
8
20
516
6
6
4
32
1
-16
13
-12
-16
5
-3
32
-53
-10
-40
0
8
-29
-28
4
-6
1
38
-9
31
-100
-21
-29
0
35
-1
-17
4
31
-5
-1
-99
-10
8
18
-14
-5
2
-29
18
5
-7
74
-13
16
-4
-29
19
-2
1
-899
-1
5
-9
6
19
-1312
-204
13
-18
-70
50
8
1
16
1
27
31
-8
-13
0
-54
-82
-8
-2
-5
0
38
-3
18
6
62
-227
221
-6
2
23
397
-6
6
6
-94
-39
33
0
-1
-4
2
-2
-139
0
-287
-4
-18
-3
7
-62
-3
372
6
-1074
-6
-15
281
-23
-18
46
2
1
-202
3
6
24
16
-5
-18
-9
5
3
-40
-28
15
194
6
4
1
-20
-46
34
-3085
46
0
52
-2
-1
-9
3
-27
569
-15
-12
-482
16
250
-9
-2
25
14
-14
-98
-11
0
2
18
-1
-14
-673
121
23
-1
-70
3
-16
31
-4
-5
5
-25
-3
27
28
-59
-6
13
4
-4
4
20
11
-36
-14
5
-264
11
4
49
16
-40
19
-7
-12
28
56
-9
19
35
-16
-51
-46
-21
-25
152
-2
-141
-73
-95
-2
173
21
25
79
-113
132
-27
-317
19
4
264
12
20
38
-210
3
2
15
1
14
3
-3
0
-511
19
14
19
-3
9
24
23
-4
-15
-14
39
220
-105
-6
-40
-23
14
-8
-26
-53
155
-29
-24
452
322
23
-26
-2
-7
-219
-3
-131
646
-184
-19
447
-2085
87
-36
1
6
-35
9
28
-15
-1
4
9
2
0
1073
0
71
-1
-16
-23
14
5
-8
4
0
7
50
-9
44
29
6
12
-20
-53
18
-1
7
16
-962
-4
7
8
107
-7
-3
43
-3
15
30
10
0
-13
-8
-9
-11
1
0
646
5019
1
-10
-9
452
-11
-48
-18
-16
372
10
23
-56
-222
0
37
15
-45
3
-12
8
-6
-20
-3
0
16
2
0
3
45
37
48
1
3
-498
-38
33
80
-33
-3
48
-24
-18
30
-32
9
-21
114
-41
-66
-15
-39
5
0
-3
7
82
-27
-2
1307
-36
0
54
-21
13
-25
95
11
1
5
-10
56
-25
-2
-5
5
-33
-59
10
-137
-13
11
0
119
-2
-2
-7
11
-10
2
-2
13
-30
138
13
13
1
18
17
-2
11
-52
-8
-81
3
18
-17
-19
-2
41
64
54
55
9
-4
6
156
-10
-6
24
0
10
-24
41
-7
-6
15
9932
3
30
-36
1
7
247
15
11
3
-8
-32
3
3
-7465
-6
-16
36
-23
151
-4
1
5
8
10
-6
-30
14
10
138
2
273
-4
-57
0
1
36
2
9
58
40
-50
-8
0
2
22
90
235
-95
4
55
-5
18
56
15
41
-78
32
-197
-2
1
8
-3
16
-4
3
78
7
-44
0
1
2
-1
3
244
-6
2
2
-13
-100
-42
9
28
-2
3
1
23
-14
16
1
-31
-18
-13
-73
0
-8
-198
-263
-20
7
-17
384
-595
21
-8
1
-21
-7
18
-1
17
-89
1
30
2
6
0
-12
-24
-103
-3
-17
-9
8
-1
-161
-15
35
25
-40
3
-30
-238
-17
8
-18
-17
14
-7
92
2
0
9
1411
-33
-6
-3
-212
-44
58
5
32
-10
-2
11
836
-676
0
-2
0
-24
-966
-2
-4
-13
223
-21
6
44
-4
-3
-33
-9
-33
-30
-3
-87
-92
-11
-1
-31
16
-47
36
-16
110
-39
2
7
1
11
-18
2
6
-42
30
4
70
-11
-402
0
13
-43
28
1
109
-4
-1
-6
94
-12
-5
-502
1
151
-545
-28
5
219
-10
-2
419
0
-9
0
23
5
-29
32
-5
-260
0
-612
-63
1
4
12
-4
3
11251
-22
6
19
-6
24
-4
5
0
3
15
-49
1
-75
6
18
5
7
-5
11
-139
-29
24
71
-147
-2168
-21
25
-6
20
-17
4
-14
-6
-483
61
10
3
-51
-4
-14
-2
34
0
32
-1
0
-12
18
19
0
76
20
7
72
-11
-15
-4
-5
-9
29
4
-978
-48
3
23
9
4
3
-18
-13
-19
-23
7
18
3
2
7
49
5
-14
9
-5
-12
15
-1
235
3
0
176
-183
0
0
-6
5
-5
39
-67
-26
9
-77
48
1
-16
23
-9
6
-29
-28
-20
14
38
-28
734
191
4
-14
235
11
-37
-26
7
-4
5
-2
32
-4
7
10
-8
-3
5
8
18
-22
-7
6
3
-16
-8
14
29
-95
-13
-2
-143
215
-16
-121
2
7
50
4
-8
-68
11
-6
15
1
-120
75
385
293
-590
31
-16
3
25
-37
0
19
-33
-9
0
18
-28
8
1
-18
11
6
-2
-38
35
10
-34
5
9
2
13
-74
-19
5
2
0
-7
-8
-3
9
76
-60
24
10
5
129
1
-2
-17
15
-4
-5
12
33
-14
5
-19
-23
3
-36
6
-53
125
20
-192
11
-79
26
-1
-13
28
-6
-15
-4
-6
14
-16
6
-5
-40
5
53
226
12
-35
337
-29
-18
-410
0
-765
-2
-60
142
-36
46
4
5
0
-11
-28
17
-38
-11
-431
31
-51
7
19
-16
25
13
-52
-7
-4
7
-1
148
-700
-27
15
-42
-17
-56
7
-17
8
-172
-20
4
-32
-1
18
-201
5
-5
12
4
-83
-5
-8
-1
-7
-34
1
-3
34
7
11
233
1052
-12
0
11
-22
-56
22
7
-2
-6
7
-11
-6
0
-13
-289
6
-7
-377
-57
7
5
20
1
17
31
15
-19
-7
3
13
-47
17
2
-3
-22
34
3
1
-1
-1
-1
5
-1
24
23
115
-35
-14
31
-6
-14
-12
105
5
23
0
0
-18
31
-9
0
6
1
338
0
-14
921
-14
-4
-55
-2
24
-32
3
-573
29
-9
7
-7
8
229
16
4
4
-21
-9
19
-1297
20
10
3
6
-30
-18
-66
6
-4
-30
-5
9
411
3
-7
-257
3
3
13
14
36
10
49
-8
-23
7
-27
-11
-43
4
-4
0
-20
-40
-11
-14
23
-2
-34
942
2
-20
7
6
30
-83
-251
-2
10
9
21
-611
36
-5
19
5
326
-12
0
0
3
-2107
19
7
621
8
-24
28
454
7
-2570
1
-1
-97
35
60
29
-9
11
-70
-125
-16
0
-5
-4
-26
-15
-1455
119
56
-5
25
0
-126
-18
2
-171
-2
0
4
-13
-24
-57
6
-5
-2
0
46
-1
-567
-18
-2
-2
46
101
-4
58
12
-32
138
-40
41
2
403
15
-2
14
-19
-39
29
9
6
-3
-15
173
1
0
-81
-4628
-4
11
23
4
-164
3
-117
-2
3
20
502
1
15
3
-46
-5
-78
-7
-8
-27
-8
-11
12
1
-18
27
0
-10
-57
31
59
690
-17
-142
-3
14
-43
1
-7
37
23
-117
-18
-39
28
-12
-50
-4
-22
1
-3
-13
-32
-78
33
-5
4
196
-57
-9
3
-81
-2
0
-4
31
-37
-3
-17
27
1
90
-84
-5
-26
-1079
-22
-6
371
6
-59
25
0
11
0
-18
58
0
2
7
34
-14
41
54
0
5
-1
-48
51
0
-1941
12
2
-1261
-9
-40
-3
3
-1
1
0
279
6
-1
-6
1
-8
9
1
2
-21
-8
-7
2
-28
63
-1
-11
5
-2
6
14
26
1847
7
2
3234
-4
0
0
27
-18
-9
-22
4
7
-78
-24
2
3
6
6
18
8
-1
-8
0
0
0
-4
0
-1
-1
-21
37
17
1
-6
6
19
89
3
0
-4
-1
3
4
2
3
0
2
3
-414
0
-15
1
-65
0
4
-138
6
-1
0
43
4
0
65
1
33
8
28
-1
1
-5
16
2
-1
0
-2
2
-2
0
8
-14
-2
-4
-18
-4
-7
-32
-5
0
-2
27
28
7
137
8
2
36
-200
0
3
1
0
18
22
-3
0
-1
5
-4
25
9
-1
11
0
-7
-5
0
-2
89
1
55
2
-2
0
0
-3
8
-1
0
-13
18
-58
4
0
0
55
0
-14
10
-29
-7
0
-1
4
29
-9
1
82
38
3
-2
0
0
-3
-17
1
0
8
-8
23
4
1
-8
-35
-8
-4
26
0
11
-9
-33
0
20
-17
5
12
83
-17
4
-1
0
-38
110
7
-16
11
19
18
-26
3
-30
-2
-1
1
-14
-18
57
24
-23
-14
-27
7
1
6
0
20
-8
24
5
-4
-3
5
0
29
0
3
42
7
-5
20
-9
-12
35
-21
2
-2
-1
27
0
25
0
1
5
4
19
-52
0
-3
0
0
24
-5
-31
-17
0
9
12
0
0
28
2
1
24
-73
-6
0
-79
13
12
-31
1
2
0
78
-26
1
13
3
2
-76
10
-5
-86
-21
7
-20
-11
-16
0
0
0
42
-26
9
0
-9
-3
5
2
119
-16
-4
4
12
15
233
0
11
0
1
0
32
-8
18
0
23
0
78
10
6
0
7
14
0
34
-1
9
-1
2
0
0
-32
15
1
39
8
-4
3
72
0
-2
-24
2
-1
-1
-2
1
-4
-17
-3
0
0
27
-8
9
97
42
-15
-7
-10
-8
3
-2
-1
0
0
-11
10
1
1
28
0
-3
24
4
-11
-18
91
10
-13
-217
3
-12
0
8
4
7
-48
13
1
5
9
-4
-32
-4
239
0
7
-17
27
0
-1
-68
12
13
-2
5
-7
1
-56
1
7
2
21
15
0
-4
-53
2
-13
-61
0
-6
0
-2
5
-2
-1
65
1
0
-63
-552
-4
0
-3
-2
-9
0
-56
2
-1
4
-1
0
10
8
36
0
0
0
-75
0
6
-3
-2
8
-4
8167
18
4
2
4
0
0
-4
-6
-8
227
-8
12
-22
9
1
0
-5
0
0
0
16
11
-3
21
-17
-12
1
-6
0
0
-3
1
63
525
-1
10
13
10
-5
-9
0
11
-6
-30
-25
-7
6
0
-12
8
-6
1
1
0
3
17
-44
288
-7
-1
25
0
55
92
-10
4
-10
-2
-11
22
14
18
3
84
-2
1
17
2
-9
-39
0
-5
9
5
12
-3
-30
199
15
39
-8
8
6
-2
5
-2
-13
37
0
46
-398
0
3
-15
41
21
0
2
315
216
-6
11
-6
6
2
402
0
-10
-22
-2
-1
57
-4
26
7
2
-52
1
27
-12
0
0
-1
4
1
0
-53
-4
3
43
2
0
0
-7
-4
-5
-10
-1
18
10
-3
0
0
0
-5
7
0
63
25
0
-1
-38
3
722
-12
-22
19
-8
-11
-36
63
151
49
83
-115
-6
10
-8
2
2
13
-6
3
-2
6
-2
0
4
2
-1
63
1
-1
0
-6
-2
2
0
0
1
1
-18
5
-9
2
-3
1
101
643
4
-103
0
0
-5
-10
2
24
4
-17
1
-3
-10
-58
-11
-16
-2
-1
0
4
-37
35
0
-1
-26
-1
148
-39
0
196
1
-68
4
18
0
-12
-6
-33
-18
-27
-2
-1
0
0
0
-1
-6
5
-22
2
-9
-4
9
6
-16
23
43
-9
0
-14
6
0
0
0
-1
-4
-226
0
-5
15
-9
-243
3
0
0
25
2
50
2
-5
-4
-16
1
-2
0
-28
0
0
2
0
-48
2
0
0
-5
12
0
-2
0
22
-6
0
-74
32
-4
60
1
24
-17
5
7
-55
-7
-21
4
-10
6
3
16
-7
4
-7
1
9
-6
41
-43
13
3
-5
0
0
76
-2
10
-6
-1
1
0
-25
4
4
6
114
76
-41
4
-3
6
-19
3
0
-2
0
-76
9
-1
7
-1
-3
-16
7
11
-8
-4
0
-1
-3
37
9
48
355
-23
-1
0
0
0
0
19
-1
-1
1
0
-42
52
10
0
0
-10
-1653
-41
2
-5
0
6
-7
-115
13
5
-2
3
-79
1
-8
23
0
31
-6
28
74
-20
2
-1
-6
-1
-2
0
-12
-1
0
11
-47
-8
-3
34
-7
0
0
-100
-355
5
-4
0
-4
43
-13
-1
-3
6
0
0
12
-7
199
-8
0
-19
42
0
1
3
0
5
19
51
0
-5
0
95
1
16
59
11
-12
38
-24
-16
0
0
-2
2
10
34
-25
0
13
-31
-54
0
0
0
98
3
2
12
-4
15
7
150
4
-168
-1
5
0
-2
-61
1
-478
-100
4
0
0
2
13
0
-13
1
-3
14
1
30
0
0
16
4
-9
2
-94
-37
-365
-1
2
1
37
-67
2
10
-22
-524
8
64
-12
1
-4
-3
-18
3
1
-181
12
3
1
-1
-3
-87
7
132
0
3
-1
46
-49
-5
13
0
1
15
0
0
-35
-45
-18
2
-2
9
-7
64
-132
-1
14
-5
0
-3
13
0
-8
0
-2
8
2
1
241
-1
-21
-2
1444
21
-1
0
-24
60
0
0
-6
5
-18
0
-5
0
3
42
3
-2
7
1
-13
-1
3
13
-1
1
1
-1
0
-3
5
20
-18
-4
0
0
-16
1
1
-21
0
-1
139
-2
-2
-4
63
3
2
581
1
1
-17
-3
4
0
3
-5
18
-70
15
0
43
1
-11
1
-19
6
9
0
0
-2
20
-16
110
94
-1
32
32
-1
36
1
-5
-61
9
-7
1
0
-61
-1
-1
38
1
-16
40
0
0
0
0
0
1
-14
-4
-2
1
0
17
0
0
0
16
-106
-14
-11
-7
-1
1
3
-15
2
11
-8
5
-88
-44
-8
-3
0
0
1
21
30
-1
-821
6
-2
0
-5
492
-5
1
-14
-1
-2
-13
-2
4
-1
4
-1703
11
1
-8
1
43
-17
16
-15
-1
-27
5
14
-5
-153
-36
-31
8
9
-32
-1
-10
29
2
-26
0
-35
16
6
-26
0
7
-20
-3
15
-12
-17
-982
-3
-14
-4
-3
0
-1
2
71
-15
-7
-3
20
-14
0
0
-8
38
0
-59
7
0
-34
35
3
9
64
0
-26
0
-1
-7
0
19
-28
29
1
0
0
4
23
-14
1
-4
-46
-4
-10
1
207
1
-1
1
55
9
-1
-8
2
0
4
-2
57
0
6
1
208
-10
14
5
-2
-2
0
-2
-15
47
-14
0
1
175
-19
8
0
-1073
8
-1
0
-912
4
-7
-3
-4
3
-2
0
20
-14
0
2
12
5
0
28
3
-70
0
-7
-24
-38
-71
-2
-5
14
1
-1
-4
13
-3
3
0
15
3
-159
9
2
-37
2
-20
0
9
-7
6
18
0
3
-2
13
1
15
13
-38
-52
14
-1
38
-31
4
-7
0
-43
3
0
65
-4
0
3
-27
-158
0
-4
0
-1
-2
-1
0
-17
-1
0
-39
14
0
-4
10
0
-22
3
248
-4
22
0
-4
24
7
-4
0
0
-4
2
-15
31
-1
7
-17
-1
2
32
4
-1
16
-21
11
-267
0
11
-2
4
0
22
-19
17
13
-6
0
0
0
-3
-1
-6
34
-1
-16
-3
-2
3
0
3
-29
-18
12
4
1
9
-19
-14
22
21
7
-1
0
-54
0
-1
-17
-1
-77
16
0
-210
3
-1
5
0
17
-1
-4
-2
0
-31
1
-7
0
-23
-13
-50
8
1
-3
46
-1
-13
10
0
3
-1
-1
-2
-6
-1
-5
-9
-37
17
0
0
112
0
14
0
2
-19
-7
11
-1
-20
-5
-3
-12
0
-21
0
0
1
5
1
17
12
10
0
-30
2
-14
-12
1
-52
-28
2
1
7
93
0
-17
45
1
-2
-87
0
-30
0
8
-20
-2
-17
-37
23
-80
-5
0
-3
1
0
271
-22
6
-3
23
-36
-17
-5
16
0
255
22
0
0
2
-10
2
-38
-2
1
242
-12
0
-1
1
-11
-3
-12
-4
0
-12
2
1
-8
-1
0
-7
27
0
0
0
0
-2
-14
17
15
117
-5
-1
-1
30
22
12
75
-8
29
2
-28
107
0
0
3
1
269
-324
14
21
0
1
-11
5
104
-1
-5
3
3
39
58
-18
-2
4
0
0
-1
-5
0
-30
2596
2
11
1
-31
-9
5
0
0
-93
26
-17
23
-21
-3
6
4
-75
1
-2
0
17
3
3
-12
-43
9
-1
-13
-1
10
0
0
21
-3
0
-6
-13
-32
0
10
-11
-22
10
0
-39
1
-63
-4
-22
0
-8
-113
-8
-4
1
15296
1
-51
0
-33
-6
18
55
0
8
0
-2
-55
0
0
0
0
4
-3
1
-52
43
-85
0
-3
5
0
2
2
1
-21
7
0
122
-35
-28
50
-16
10
15
20
57
1
2
9
-7
-47
-60
19
-1
-96
-2
1
-4
-50
-2
-2
-38
0
-20
-3
32
-1
34
16
-34
5
9
-39
7
3
-1
-14
12
36
3
-2
-12
32
-60
-1
-135
0
18
2
-60
-16
0
0
2
-10
-68
0
-21
10
-6
279
6
9
-1
0
9
10
36
5
-9
-4
-56
-2
6
-1
-24
37
3
0
-4
-3
5
-22
23
-19
0
-70
-20
-4
-5
-46
0
-20
-2
0
23
0
0
-1
-53
1
22
-3
39
0
-42
0
-1
3
-12
23
5
2
6
5
0
-76
1
15
2
-9
22
0
-59
1
-10
-2
88
2
3526
-5
-8
-13
-5
46
594
17
8
0
14
1
0
-426
-8
0
203
0
9
138
-16
284
18
-2
-186
1
-9
-1
1
-7
-1
2
-9
2
0
-1
-4
4
-41
3
49
-11
25
59
0
13
-6
145
2
-2
21
2
-3
0
-4
-47
27
11
0
24
25
0
-14
-5
25
0
-1
600
-4
8
-4
24
-186
0
3
8
-14
-6
-11
32
76
21
6
-6
2
-23
-108
16
0
437
-3
5
1
0
15
0
-1
188
0
-7
-11
1
51
-26
0
67
22
5
4
6
-8
10
9
14
11
2
0
-4
0
8
19
-1
21
2
23
0
1
4
18
-2
23
4
20
2
0
-17
0
0
9
45
-22
-42
0
0
-2
1
0
0
-6
0
0
0
0
0
0
35
-345
-6
0
0
-16
-26
33
0
-5
0
6
0
-33
74
2
26
-7
0
-6
0
0
0
-14
168
-11
0
-12
0
-8
0
-7
8
-3
1
251
1
1
-27
0
0
0
3
3
0
0
14
-8
-4
2
0
-34
0
2
-6
4
1
0
-4
1
7
-1
0
9
0
0
-5
7
0
7
0
-3
-7
0
-2
0
-1
0
16
-28
-1
4
10
-47
0
17
1
0
0
0
0
1
1
0
0
3
0
0
0
3
0
1
-2
0
7
3
-1
-4
7
0
-5
0
-362
4
6
0
36
0
2
3
-1
5
-5
-4
0
2
-2
-9
0
13
-2
-8
-10
13
0
7
2
-5
-68
125
11
1
4
0
0
-2
0
0
0
0
0
16
13
13
0
0
6
-9
22
5
0
-1
0
3
2
0
-2
0
343
35
0
2
0
0
0
0
-34
0
0
-2
-3
14
6
-4
0
0
1
-1
0
1
0
0
0
-16
7
0
-46
-2
8
-2
-27
0
8
-3
0
-11
-13
4
27
1
-13
-4
0
-17
40
-29
0
0
6
8
0
0
0
0
0
1
-27
-4
9
-8
0
0
1
29
-26
-4
3
27
-3
0
-6
0
109
0
0
0
-34
0
0
25
-9
-9
-14
1
-4
3
0
-10
-14
0
2
-1
0
10
-3
0
0
-3
1
-21
0
11
-12
0
0
-1
2
-1
-1
-2
0
-2
1
4
-3
-1
16
-3
0
0
0
11
94
13
9
-8
-45
0
0
0
2
-1
10
6
9
0
0
0
-6
0
0
183
0
0
0
0
0
-5
0
-1
0
0
0
5
9
4
-39
0
0
51
48
0
0
0
-15
1
-5
1
0
2
-318
-1
0
8
0
0
-2
0
0
2
-25
-4
-11
3
0
1
0
29
8
-406
0
0
491
-9
-6
0
-2
0
0
-25
0
4
-24
0
0
9
-9
0
0
3
108
7
0
-20
0
-2
0
0
0
-3
0
-14
-10
-2
-1
6
0
0
0
15
35
-31
0
47
-1
0
0
0
-2
1
3
0
0
-6
10
1
39
4
-2
0
-8
0
-1
-6
0
-1
0
-36
-5
15
-1
1
-1
0
-5
-3
0
0
-20
0
12
0
-10
0
0
0
18
9
6
-2
0
-41
0
0
0
4
-3
1
0
-3
-3
-1
-7
0
0
0
0
-2
4
0
0
0
8
0
1
6
0
-15
-10
-2
10
56
0
0
0
0
-6
0
2
-32
4
0
-1
0
-2
0
-11
-25
12
-2
-1
-27
0
21
0
2
0
0
4
-11
0
-4
-10
3
0
1
0
0
0
-3
6
0
0
0
1
0
0
1
-20
0
-14
-9
0
-3
-16
0
5
-11
-30
-1
9
-2
0
0
6
15
0
-2
3
22
1
0
14
14
0
-38
0
0
0
0
0
0
0
5
0
0
0
-24
33
0
-12
0
-1
5
0
35
-1
0
0
18
17
56
0
-2
0
-162
1
0
0
-16
9
-11
-1
8
12
10
65
0
12
0
0
-1
-5
0
0
0
0
-2
-14
-6
-1
0
1
0
3
0
0
0
0
4
0
0
-1
-16
-16
0
-2
0
0
-2
0
0
-3
48
-4
4
4
-26
0
-25
0
-132
-1
-1
-27
0
30
0
0
-4
0
0
0
2
0
-39
-3
-1
1
6
0
1
0
0
0
-1
-3
1
-3
-19
0
1
3
-8
0
1
0
3
-2
-248
-1
0
-14
0
0
0
0
0
7
0
-1
0
0
-6
0
0
0
24
0
-12
0
-51
0
11
0
-3
4
-2
2
1
-70
0
-12
-1
0
27
-2
1
36
-2
5
0
0
0
-1
3
2
1
0
-4
-27
0
0
0
0
0
-27
1
0
0
-2
0
0
1626
1
0
0
1
0
0
-15
-379
34
0
0
1
0
-1
0
0
25
2
2
0
0
4
0
-2
0
0
0
15
0
-2
-9
33
3
0
1
1
0
0
18
-6
0
4
0
-10
1
0
0
-12
-5
0
0
3
0
0
19
9
9
0
-27
0
23
0
-2
-8
5
0
0
0
0
0
0
1
0
0
-8
530
0
-9
0
0
116
-112
0
5
0
0
0
4
0
0
2
0
0
0
-39
-2
2
-5
-7
-7
1
-4
-56
12
-7
0
-13
0
1
0
-23
31
-11
-79
-9
-27
1
-28
0
14
0
-3
-28
9
-3
-17
-7
0
0
2
1
0
16
21
13
0
-2
1
-2
2
1
3
47
0
1
4
9
0
0
2
0
-8
0
0
-8
5
0
-1
31
0
41
0
0
1
0
0
4
0
-20
0
14
-129
0
0
0
-16
6
0
0
0
23
-2
-80
-4
19
9
0
0
5
0
-146
1041
-3
0
0
-1
18
0
0
0
-8
0
6
-2
-15
-3
0
10
3
0
0
-42
0
-7
0
-2
13
0
5
-10
13
6
-3
99
0
1
-7
0
3
-31
12
-2
0
-12
0
19
0
0
14
0
0
0
17
0
-1
2
0
16
0
0
-2
95
0
0
-4
2
-2
0
0
0
-1
0
-6
-14
1
0
0
0
0
-12
-2
0
1
1
29
0
13
-2
0
0
705
-7
-8
0
-5
0
-5
0
0
0
0
0
1
0
-3
3
-1
0
0
368
-1
14
0
13
3
-4
0
-37
10
-5
0
-2
59
0
-1
5
0
2
-1
0
-5
0
0
0
-28
-1
14
-6
-2
-6
0
-31
4
0
1
-1
5
2
0
5
-1
5
0
0
0
-19
0
-2
0
5
-1
-1
2
-28
0
0
-1
-4
0
-24
0
-1
0
112
-2
1
-1
0
0
0
0
47
0
0
0
19
0
1
-26
0
-4
4
-12
-23
0
0
0
-3
-1
0
0
5
0
12
-28
4
-4
13
3
3
10
0
-89
27
-1
0
6
1
0
-3
0
7
2
-15
0
0
-3
-3
2
0
-40
-1
-18
-20
-100
17
0
-1
0
-1
5
-14
-3
-616
0
-1
148
-7
1
0
-7
7
0
0
0
1
0
-5
0
-5
-1
0
4
2
0
-2
2
1
0
0
-10
0
-5
2
0
40
1
-1
0
9
30
0
-9
0
0
0
2
-50
19
2
-29
6
-26
12
1
11
0
9
0
0
0
3
0
4
114
-4
0
-40
1
91
-27
0
-38
-81
-7
0
0
14
49
-13
0
-41
3
0
6
0
0
0
0
1
-4
54
0
0
-7
-1
-1
14
0
13
0
-11
19
0
-2
0
0
-1
0
0
0
-19
0
0
10
0
1
-3
0
-1
1
0
17
6
0
-4
0
11
8
-20
5
0
0
19
-2
0
-46
1
3
21
-31
0
15
2
4
5
-22
-1
1
-9
0
7
1
-47
-6
-9
1
0
-9
-2
0
5
3
-7
0
0
0
0
1
7
48
0
0
-1
-2
3
4
3
-1
2
8
-21
0
0
3
0
-11
0
0
-4
0
5
0
0
0
2
0
0
0
-23
0
0
0
-1
15
3
0
0
1
0
-5
0
6
-3
27
1
4
0
0
0
0
-6
0
-5
22
2
-20
0
0
-4
-16
0
15
-9
-4
0
0
0
7
0
0
-8
0
2
0
-7
0
0
1
4
0
-11
-6
18
0
0
-5
0
2
-43
0
0
-2
4
0
24
0
0
23
-11
-42
3
3
0
0
7
0
6
-4
0
80
2
0
0
3
10
7
0
-1
6
4
-435
1
-17
0
0
12
8
-6
-15
3
0
0
1
-2
-2
-41
-26
0
-18
0
0
0
65
0
0
-5
16
-14
4
0
0
0
0
-2
-1
0
0
-1
-26
1
0
0
0
0
-56
0
0
0
0
240
0
-13
0
11
0
2
0
0
0
-20
0
29
9
0
-16
-3
0
18
3
1
1
0
-2
-30
9
-279
-23
5
2
0
0
1
-4
-1
0
3
-1
0
33
-1
-1
-11
-1
8
-11
-27
0
0
19
0
-2
0
4
0
0
0
7
-18
9
-42
-7
-2
-5
-5
1
0
0
0
33
4
-13
0
-1
31
-2
0
-1
0
-65
0
1
10
14
4
5
-12
-1
0
-2
0
-3
17
-3
0
1
-23
0
-7
10
0
-20
5
1
-43
-20
0
-2
3
-6
81
124
235
0
7
5
3
2
2
1
0
-12
-9
-1
-1
0
0
3
0
6
18
0
-132
0
0
-2
0
0
0
43
4
0
0
15
0
0
-16
0
0
-1
0
-5
-6
30
5
-17
-2
-12
17
0
0
-7
-1
0
-2
3
0
8484
0
-3
-2
-49
-3
-5
11
2
0
-4
3
0
1
0
0
0
0
73
0
247
0
-17
0
0
7
0
0
-2
0
8
-18
0
2
15
0
-1
-8
-21
0
0
0
10
0
0
0
0
0
0
-5
77
0
4
0
5
0
0
91
0
0
-1
0
0
5
-26
0
2
6
-14
0
-87
0
3
0
-3
1
3
15
-43
0
0
-152
0
0
-3
1
-1
0
0
0
-23
23
0
14
0
2
-1
1
3
-8
-6
2
-6
0
0
-2
0
1
4
-41
0
0
20
11
0
-310
0
-5
-289
3
0
4
0
-4
-6
4
0
0
4
-4
1
-6
-12
0
-2
0
0
-2
-9
19
-1
0
0
5
15
-195
40
-30
0
-10
-28
0
0
-33
0
42
0
-1
2
-135
6
0
0
9
-1
3
-1
-1
-12
0
1
0
10
-2
12
0
13
-3
19
0
6
3
0
56
499
-77
9
-24
0
-1
0
0
0
7
-5
0
0
0
0
-23
-1090
8
-262
227
0
0
4
0
0
1
0
0
38
-19
0
269
2
-1
-1
4
8
1
0
0
3
-5
0
15
-2
0
-22
0
0
0
0
0
-6
1
6
-6
0
-2
0
-32
0
-35
-1
0
34
0
-2
-4
0
0
0
-1
-11
0
0
0
0
0
0
0
0
0
0
-25
0
-15
0
-436
0
0
0
-24
-10
0
-6
-5
0
3
-21
7
-4
0
-1
15
20
0
0
-9
1
-2
9
-1
-14
0
0
0
8
0
0
80
1
37
0
0
-5
-2
1
0
0
0
0
-6
13
5
21
9
0
0
2
-1
3
0
-23
0
-2
0
9
-4
-3
-11
0
-14
0
-1
0
4
-4
4
139
0
0
0
55
0
2
0
0
1
0
0
2
0
0
-15
36
0
0
0
0
0
-1
0
11
-43
0
0
44
0
-10
0
3
-1
0
0
-2
-1
0
0
0
0
0
0
-5
-11
-19
0
-12
29
0
0
0
-1
0
-16
2
0
0
0
0
-1
-20
2
-1
0
-2
-14
0
-9
0
0
0
0
-4
0
0
0
0
0
0
-1
0
0
103
0
0
-2
0
0
-319
-10
0
0
23
0
0
0
-10
0
-302
0
1
0
0
-8
-5
0
3
0
0
0
-4
11
-1
0
0
0
0
0
1
0
0
0
-1
2
0
0
-3
0
-39
4
0
-6
0
1
-13
5
0
-13
0
6
6
0
0
-3
1
0
-2
10
13
0
-1
0
1
0
0
0
0
0
0
0
0
0
0
0
-8
-3
12
0
0
0
0
0
0
0
-1
0
-2
4
0
0
-5
0
0
-2
0
2
0
49
-2
0
0
0
-3
0
2
0
0
0
8
-16
9
0
0
0
0
-2
0
0
-5
0
23
1
2
0
0
1
0
0
0
-66
0
-1
16
0
-1
6
2125
44
0
246
0
0
15
-1
-3
0
0
0
0
0
0
0
1
-1
8
0
0
0
0
-10
0
0
4
0
0
1
0
51
-1
0
0
5211
0
0
-2
0
8
0
0
-1
0
0
-23
0
0
6
0
2
10
-1
0
5
3
0
0
0
8
0
0
0
0
0
0
0
0
6
0
-20
0
0
-1
-2
0
0
0
0
0
0
29
-12
0
0
0
-1
0
0
0
0
0
0
1
0
0
0
-2
0
0
10
0
0
0
0
5
0
-4
1
0
24
0
1
0
0
5
0
0
0
0
0
0
-5
0
-1
0
0
0
17
0
8
0
0
-4
15
-7
0
0
3
0
11
0
-13
0
0
-7
0
0
-4
0
0
0
0
0
0
20
6
0
-44
0
0
0
-2
13
1
-1
0
0
0
-7
0
0
0
-3
0
0
-10
0
0
3
10
0
-4
0
0
0
-1
0
12
0
0
-1758
1
0
0
-10
0
-2
0
0
0
-41
0
0
-8
0
0
0
0
0
0
-2929
-3
0
0
0
0
1
0
-127
0
1
-1
0
-2
0
-14
-10
0
0
0
-2
0
-1
-4
0
0
0
16
-3
0
0
-11
0
21
0
0
0
2
19
0
0
22
-178
-2
11
-3
12
0
0
0
0
0
0
-2
0
-4
0
0
-3
0
1
0
0
0
21
0
2
0
0
0
-16
0
-10
1
0
-1
0
-11
7
0
0
0
0
2
-1
0
0
0
0
-29
-2
0
0
0
-2
0
0
-106
-13
0
-2
0
0
0
0
7
28
0
2
0
0
3
1
-18
1
-1
0
-68
0
-17
0
0
-4
0
0
-1
0
0
0
-1
5
10
0
-46
0
0
0
77
0
0
2
11
-2
0
0
10
20
0
-5
-562
0
-29
2
0
0
0
-4
0
0
0
0
-7
0
0
-1
-1
-1
0
-1
0
-12
0
1
-7
0
-8
-25
0
0
35
1
0
0
6
-3
-5
0
0
0
0
0
2
0
-7
3
7
0
0
0
0
0
0
-1
0
0
-2
0
0
0
0
-254
0
0
0
0
5
3
-5
0
1
0
0
1
0
-23
0
-11
0
0
0
0
-1
75
5
0
6
0
0
-2
0
-1
0
0
0
0
9
0
34
-1
-29
0
0
0
0
0
0
0
0
0
-781
5
4
53
0
0
4
0
0
5
0
0
9
1
0
0
2
0
0
0
-1
0
0
0
1
-1
52
0
0
0
0
0
-38
-3
-14
0
-15
-22
0
0
0
0
0
0
0
0
0
0
0
0
0
8
0
0
-9
-7
12
2
0
0
0
0
0
7
0
-5
2
13
0
0
0
0
0
0
-1
0
0
0
0
-4
-23
-1
0
0
0
0
0
8
0
-2
0
5
0
0
35
0
0
0
10
29
0
0
0
0
-21
0
0
13
0
0
0
-2
0
0
-127
6
0
0
-35
0
0
1
7
0
0
0
12
0
0
0
0
0
0
-1
1
-1
0
-1
0
-14
0
-3
0
-1
-6
0
0
-4
-17
0
0
0
0
0
0
-275
0
-2
0
10
-1
0
0
0
0
0
0
0
2
0
-9
-10
-7
0
0
6
857
0
0
0
0
67
-13
0
0
16
2
38
0
0
0
10
0
0
1
5
-10
-11
15
0
0
0
0
0
4
0
0
8
14
-1
0
0
19
0
0
-4
0
-2
0
-6
-13
0
0
0
0
0
0
0
0
-1
3
-2
0
0
0
0
7
0
0
0
0
0
21
0
13
0
-1
1
0
2
0
0
0
0
0
-7
-10
0
0
0
0
0
0
-1
-2
0
0
0
0
44
0
-3
-104
0
0
13
40
2
0
0
0
0
0
0
2
40
-17
0
0
26
0
0
0
0
0
0
17
0
0
0
0
-6
0
0
0
0
0
-284
0
69
0
0
0
0
0
-3
0
0
0
0
-1
0
0
0
0
0
0
-9
0
0
2
0
0
-6
0
-1
-1
-1
0
39
0
59
0
15
0
0
-2
2
0
1
0
-1
-2493
0
0
27
0
5
0
0
-1
0
0
0
0
0
8
-1
-1
0
0
0
0
0
0
1
2
16
0
0
0
0
0
0
0
0
0
2
0
-2
3
0
0
12
0
-21
0
0
0
20
0
68
-34
-5
0
-1
0
0
1
0
2
-7
-3
0
0
0
0
0
0
0
0
-5
0
0
-49
0
0
9
4
0
0
0
0
0
0
0
0
0
0
-6
0
2
1
-5
0
0
0
0
-2
0
0
-6
0
0
0
-2
0
0
2
-1
-2
0
0
0
12
58
0
0
0
0
24
-25
40
0
0
-16
0
1
0
0
0
0
0
0
0
0
3
0
0
0
-14
0
0
6
0
0
-7
-17
0
0
0
3
-1
0
0
-2
0
0
0
-11
0
-4
0
0
11
0
0
0
-22
5
-17
0
0
5
0
0
3
0
0
8
0
0
0
0
0
0
2
0
0
-2026
0
0
-5
0
-1
0
0
0
15
0
4
-8
0
0
0
0
0
0
-25
-1
0
0
0
0
-2
0
0
0
-2
0
-2
0
-4
-2
-4
0
0
0
0
1
8
-1
0
-373
0
0
0
0
-17
-27
-67
-3
3
3
0
-27
0
0
0
0
11
2
0
33
0
0
0
-2
0
0
0
0
-36
0
0
3
0
-8
0
4
0
16
0
1
0
0
0
0
-5
0
0
1
0
-35
1
0
0
-4
0
0
0
0
0
0
-7
0
0
-9
0
4
0
-11
0
0
-14
-1
0
-6
-11
0
0
0
2
0
0
-15
0
26
-2
2
0
0
-3
0
6
0
-14
0
-2
2
-5
0
1
0
0
2
-1
0
-3
0
0
0
0
0
0
0
0
0
0
-2
0
0
0
0
0
0
0
0
13
-2
19
-17
0
0
-1
6
-4
0
0
0
0
6
0
0
0
0
0
-4
-1
0
3
0
0
0
-2
0
0
-2
0
0
0
0
3
1
0
0
0
0
-2
0
6
0
0
-13
0
0
0
0
0
1
13
-1
94
0
0
0
17
0
2
-10
0
0
0
0
0
0
1
-266
2
0
0
-3
-156
0
17
796
0
0
0
2
-2
0
0
-12
23
-9
-4
3
-1
3
0
0
0
1
0
2
0
-1
0
0
0
0
-23
0
0
0
-2
0
0
-16
0
-2
-5
0
0
0
0
0
0
0
0
-3
0
0
-2
-2
0
-8
0
0
-7
0
0
-1
-8
0
4
0
0
0
9
2
0
-2
0
-35
-1
0
0
0
0
0
0
0
0
-22
11
0
0
0
20
0
-1
0
-2
0
0
0
-6
0
0
0
0
-6
0
0
0
0
0
-1
0
0
4
-11
0
2
0
-1
0
-736
0
0
42
0
1
0
0
0
0
0
0
0
0
0
0
0
0
-1
0
0
0
0
0
65
-11
-5
-1
10
4
-4
-15
0
5
0
-2
0
0
0
16
147
0
6
2
4
9
-3
2
2
-2
0
0
0
0
0
0
1
2
0
0
0
0
-1
0
1
3
0
0
0
0
0
0
1
-1
0
0
0
0
5
-5
0
0
0
0
0
0
-1
1
11
0
0
0
16
0
0
0
-1
0
0
0
0
5
21
0
0
0
0
0
9
248
0
1
26
0
-48
0
0
2
0
0
2
0
0
0
0
-7
0
0
0
7
5
-1
0
2
0
6
0
0
0
0
0
0
0
0
2
0
0
1
0
0
0
0
5
0
298
5
-4
22
0
0
-6
6
0
0
0
134
0
-263
19
0
-3
-7
0
0
0
8
0
0
0
-4
0
-10
21
-14
0
3
-4
0
1
0
28
0
0
0
0
15
0
0
0
2
1
-6
0
0
-47
7
0
-32
-3
0
0
-267
0
0
4
0
21
-66
0
-2
-1
0
0
-3
2
1
0
0
0
13
0
41
2
0
-4
0
0
1
0
0
-53
5
-2
-18
-1
0
0
0
2
-1
0
4
-24
0
-2
0
0
0
-1
-2
0
-12
-22
1
5
0
-2
1
0
-4
0
0
-1725
0
0
0
0
0
0
0
0
21
0
0
2
0
0
0
0
-6
0
-5
-2
0
-17
0
2
0
0
0
0
0
-1
-4
0
0
0
-4
0
-6
27
0
0
5
-4
0
0
0
-2
0
0
0
0
0
2
0
2
0
0
2
-14
0
0
0
0
-8
-34
0
-4
-1
0
0
0
0
0
0
-2
3
0
0
0
0
0
-13
-1
0
0
0
43
0
0
0
-4
0
0
-5
0
1
1
0
-1
-3
14
21
0
7
0
-31
12
0
-4
3
-3
0
2
2
0
0
-7
1
0
0
0
0
0
0
0
0
0
0
0
3
5
0
0
-29
-5
0
0
0
0
-2
0
0
1476
14
-1
0
0
0
0
-668
5
0
0
0
3
0
0
13
0
0
-18
1
0
6
1
0
-44
0
0
13
0
0
-7
0
-33
-65
0
0
1
-6
0
-13
1
0
0
0
0
0
0
0
0
0
0
-6
6
0
0
0
0
0
0
0
0
0
-18
0
0
0
0
0
0
-1
0
-1
0
-4
0
-13
-2
0
0
0
0
0
0
5
0
0
0
0
0
0
0
0
0
0
0
0
0
0
0
0
0
-6
0
0
0
0
0
-4
0
0
0
0
-6
0
0
0
30
0
-6
9
0
0
-6
0
0
0
0
0
0
0
0
0
0
0
56
0
0
0
0
0
0
0
0
0
0
-25
5
0
0
0
24
0
5
0
-16
0
0
0
0
0
41
2
0
0
0
0
0
0
0
0
2
0
0
0
0
0
0
-6
-2
0
0
0
-3
0
0
0
2
0
5
0
0
0
0
2
0
0
16
0
0
-3
0
0
0
-6
-8
0
0
0
2
-1
0
0
0
0
-1
0
0
0
-1
14
0
0
0
0
0
6
-1
0
-4
6
0
0
0
0
0
0
0
0
0
0
0
-38
0
0
0
0
0
0
0
0
0
0
0
0
0
0
40
0
1
0
-1
0
24
0
0
-15
0
2
-2
0
0
0
0
0
0
0
0
0
1
0
0
2
0
0
0
-12
0
0
0
0
0
0
0
0
0
0
0
0
-22
-1
0
0
0
0
0
0
0
0
0
-2
0
0
2
0
-4
0
1
0
-1
0
0
0
0
0
0
0
0
0
0
0
0
0
0
0
0
-5
0
2
0
0
0
0
0
0
0
0
0
0
0
0
0
0
0
0
-2
-20
-3
-4
0
0
0
0
0
0
0
0
0
0
0
1
88
-28
0
0
12
0
0
0
0
0
0
0
0
0
11
-2
0
0
0
0
0
0
0
0
0
0
-1
13
0
6
0
2
0
1
0
0
0
0
2
-6
0
0
0
0
0
0
15
0
-8
0
0
0
2
0
0
0
0
-2
0
-1
-1
0
0
1
0
0
0
0
0
0
0
0
0
0
0
0
0
0
0
1
0
0
0
2
0
0
0
-3
0
0
0
0
1
0
0
0
0
0
0
1
0
-4
0
0
0
0
1
1028
0
2
0
0
0
0
0
0
0
0
-5
0
-1
0
0
-1
-124
0
0
0
0
4
-845
0
0
1
0
0
0
-1
0
0
0
0
0
0
0
0
0
0
0
0
7
2
0
0
0
0
0
6
0
0
-2
0
0
0
0
-2
0
0
-15
0
0
0
0
0
0
0
0
0
0
0
0
0
0
0
0
0
0
18
3
0
0
0
0
0
14
-2
0
0
0
0
0
0
0
40
0
0
0
0
0
0
-14
0
0
2
0
0
0
0
0
0
0
2
0
0
0
0
0
0
0
0
0
0
0
0
0
0
0
-1
0
0
-18
0
-1
0
0
0
-26
0
0
0
0
0
0
0
-18
0
0
0
0
0
0
0
0
0
0
0
0
0
-23
0
0
0
6
14
0
0
-1
0
0
0
0
-5
0
0
0
0
0
0
0
0
0
0
0
0
0
0
1
0
0
0
0
-5
0
0
-2
0
0
0
0
0
0
0
0
-1
0
0
0
0
0
0
0
0
0
0
-10
-3
0
0
0
0
-1
0
0
1
-2
-4
0
0
0
0
1
0
0
-2
0
0
-1
0
0
0
0
0
0
0
0
0
0
0
0
0
0
0
-8
0
0
0
0
0
0
0
0
0
-260
0
0
0
0
0
0
-41
0
-1
0
-1
0
-79
0
0
0
4
-13
0
0
0
2
0
0
-2
0
0
0
0
0
-3
0
23
0
18
0
0
-6
0
49
0
-11
0
0
0
0
-6
0
0
0
0
0
0
0
0
0
0
0
0
0
0
0
-3
0
0
-1
0
0
0
0
0
0
0
0
0
0
0
-14
0
0
0
0
0
0
0
0
0
-1
-2
0
0
0
0
0
17
0
0
0
0
2
0
0
0
0
0
0
0
4
0
0
0
0
0
0
0
-3
0
0
0
0
0
-7
0
1
0
0
0
0
0
0
0
0
0
0
0
0
0
0
-7
0
0
0
0
4
0
0
0
1
-13
0
0
0
0
-5
0
0
0
3
-4
0
0
0
0
0
0
0
0
5
0
0
0
0
0
0
0
-4
0
0
-2
0
0
0
0
0
0
-2
0
0
0
0
0
0
-3
-6
0
0
0
0
0
0
0
-2
0
0
0
0
0
0
0
0
0
0
0
0
0
0
0
4
0
0
0
0
0
0
17
0
0
-30
0
0
0
0
0
0
0
0
1
2
0
4
1
0
0
0
0
-6
0
0
0
0
0
0
0
3
0
0
0
0
7
0
1
0
0
-1
0
0
0
0
0
0
0
0
-16
0
0
0
0
0
0
0
0
0
0
-3
0
0
2
0
0
-1
-2
0
0
0
0
0
0
0
0
0
1
0
-30
0
0
0
-9
0
0
0
0
0
13
1
-10
0
3
0
0
0
0
0
0
0
-2
0
-1
0
0
0
0
0
0
0
0
21
0
0
0
-8
4
11
0
-12
0
0
0
-2
-20
0
0
0
0
0
-4
14
0
0
0
0
1
0
-1
0
0
0
2
0
0
0
0
0
0
0
0
0
0
0
0
0
0
0
0
0
0
8
0
0
0
0
0
0
0
0
0
0
0
1
0
-35
87
0
0
0
0
0
0
0
0
-6
0
0
0
0
0
0
0
0
0
-53
0
14
0
0
0
0
0
0
0
-1
0
0
-154
0
-7
0
0
47
0
0
0
-5
0
0
0
0
0
0
0
0
0
0
0
0
0
0
-22
-7
0
0
0
0
0
0
9
0
0
0
0
0
0
0
0
-1
0
-2
-7
0
0
0
-22
-13
6
0
19
3
-7
0
2
-11
0
0
0
0
0
24
0
0
-16
0
7
0
5271
0
47
0
0
0
0
0
0
0
0
0
-3
0
20
0
266
0
0
0
0
0
0
0
0
1
0
0
0
-6
3
0
0
0
0
0
0
0
0
0
0
0
0
0
0
11
0
0
0
0
0
0
0
0
0
0
0
0
0
0
0
-1
0
21
0
2
0
0
-6
0
0
0
0
0
0
-11
0
0
0
0
0
0
0
-13
0
0
0
0
0
0
0
0
0
0
0
0
0
0
0
0
0
0
0
0
0
0
0
0
0
0
0
0
0
-40
1
0
0
0
0
0
0
0
0
0
0
0
0
0
0
0
0
0
0
-1
-7
0
0
0
0
0
0
0
0
0
0
0
0
0
1
0
-1
0
0
0
0
0
0
0
0
0
0
0
0
-42
4
0
0
0
0
0
0
0
-15
0
0
0
0
2
0
0
0
0
0
-806
0
0
1
0
0
0
0
0
0
0
0
0
0
0
0
0
0
-6
0
0
2
1
0
0
0
0
0
0
0
2
0
0
0
0
0
0
0
28
0
0
0
14
0
0
-1
1
0
0
0
0
0
0
2
0
0
0
0
0
0
12
0
4
0
-22
0
0
0
5
5
0
0
-2
0
0
0
0
0
0
0
0
0
-1
2
0
-1
0
0
0
0
6
0
0
0
0
0
0
0
0
0
-5
0
0
-14
0
0
-3
0
0
0
0
3
-12
0
0
0
0
0
0
0
-6
-5
0
0
0
0
0
0
0
0
0
-9
0
0
0
0
0
0
0
0
0
0
4
0
0
0
0
0
0
13
0
19
0
0
0
-4
0
28
0
0
0
-3
-4
2
0
1
0
0
0
0
0
0
0
0
0
0
0
0
0
0
0
0
-13
0
0
0
0
0
0
0
0
0
0
0
0
0
0
0
0
-3
0
0
0
0
0
2
0
0
0
0
1
0
-10
0
0
0
0
0
0
0
0
0
3
0
0
-1
0
0
0
0
0
10
0
0
0
0
0
0
0
0
0
0
0
0
0
0
0
0
0
0
0
0
1
0
0
0
0
0
0
1
-1
-70
0
0
0
-1
-2
2
0
0
0
0
0
0
-1
0
0
0
15
1
0
0
0
0
-3
-13
0
0
4
0
0
-1
0
0
0
13
0
0
-25
-9
0
0
0
0
0
0
0
8
0
0
0
0
0
0
0
-2
-4
-10
-3
0
0
0
0
0
0
0
0
0
0
0
0
0
0
0
-4
0
0
0
0
0
0
0
0
0
0
0
-2
0
0
0
0
0
2
0
0
0
0
0
0
0
0
0
0
0
0
0
-3
0
0
0
0
0
0
0
0
0
6
0
0
-34
0
0
0
0
0
0
4
0
0
0
0
0
0
0
0
0
0
0
-14
0
0
0
0
-2
0
0
0
1
0
0
1
0
0
1
0
0
-3
0
0
0
11
0
0
-12
0
0
0
1
0
0
-1
0
10
0
0
0
0
0
0
0
0
-773
0
0
0
-1
2834
1
0
0
-1
0
0
0
0
0
-2
0
0
0
0
0
-1
0
0
0
0
0
11
0
0
0
-19
0
0
0
0
-2
-2
0
12
0
15
0
0
0
0
0
0
0
0
0
0
14
0
49
0
0
0
2
-1
0
-1
0
-27
0
0
0
0
0
0
0
0
-2
0
16
0
0
0
0
0
2
-18
0
0
0
0
0
0
-34
11
-12
0
0
0
0
0
0
0
0
0
0
0
0
0
0
1
0
0
0
0
0
-1
0
0
0
0
0
-10
0
1
0
-2
6
0
0
0
1
0
-1
0
0
0
0
0
0
0
0
0
2
-27
0
0
0
0
0
0
0
0
-1
0
0
0
0
-2
0
0
1
1
1
0
31
0
0
0
0
0
5
0
0
0
0
0
0
0
0
0
0
0
-6
0
0
0
0
0
0
0
0
-26
0
0
0
0
-1
0
0
0
0
-39
0
0
0
0
0
0
0
0
0
0
0
0
0
6
0
-2
18
0
0
0
0
0
-12
0
-2
0
0
0
0
22
0
0
0
0
0
0
0
0
19
0
0
0
0
0
0
-1
0
0
0
0
0
10
0
0
0
0
0
0
0
0
0
0
0
0
0
0
0
0
0
0
0
0
12
0
0
11
0
0
0
0
0
0
60
-1
0
0
0
0
0
0
0
0
0
0
0
0
0
0
0
0
0
0
0
0
0
0
0
0
0
0
0
0
-1
0
0
0
0
0
0
0
0
0
0
0
0
0
0
0
0
-18
0
0
0
0
0
0
0
0
0
-129
0
0
0
0
0
0
0
0
-5
0
0
6
0
0
0
0
0
0
0
0
1
-3
0
2
0
0
0
0
0
0
0
0
0
0
0
0
0
0
-4
0
12
0
0
0
0
0
0
0
0
0
0
0
19
0
0
0
0
0
0
1
0
0
0
0
0
0
0
0
0
0
0
0
0
0
0
0
0
0
0
0
0
0
0
0
0
0
0
0
0
0
-38
0
0
0
0
8
0
0
0
0
0
0
0
0
0
0
0
0
0
-9
0
0
0
-134
0
0
4
0
0
0
0
0
0
2
0
-5
0
0
0
0
0
0
0
0
0
0
0
0
0
0
0
0
0
0
0
0
0
0
0
0
0
0
0
0
0
0
0
0
0
0
0
-1
0
0
5
0
0
0
0
0
0
0
0
0
0
0
0
0
0
-8
0
0
0
-22
0
0
1
0
0
-11
0
0
0
0
0
0
0
0
0
247
0
0
0
0
0
0
0
0
0
0
0
0
1
166
0
0
0
0
0
-3
0
0
0
0
0
0
0
0
0
0
0
0
0
-20
0
0
0
0
0
0
0
0
0
0
0
0
0
0
0
-1
0
0
0
0
0
0
0
0
0
0
0
0
0
0
0
0
0
-3
0
0
0
0
0
176
0
0
0
0
-1
0
0
3
0
-1
0
0
0
0
0
-1
0
0
0
0
0
0
0
0
0
0
0
0
0
0
0
0
0
0
0
5
0
0
0
0
0
0
0
0
0
0
0
0
0
0
0
0
0
0
0
0
0
0
0
0
0
0
0
-3
0
0
0
0
0
401
0
-5
0
0
0
0
0
0
0
0
0
0
0
0
0
0
0
0
0
0
0
2
0
0
0
0
0
0
0
0
0
0
0
0
0
0
0
-27
0
0
0
0
0
0
0
0
0
0
0
0
0
0
0
0
0
0
0
1
0
0
0
0
0
0
0
0
0
0
13
0
0
0
0
0
0
0
0
0
0
0
0
0
0
-2
0
0
0
0
0
0
0
0
0
0
-4
0
0
1
0
0
0
0
0
0
0
0
0
0
0
0
-65
0
0
0
0
0
0
0
0
0
0
-2
-1
0
0
0
-53
0
0
0
0
0
0
0
0
0
0
0
0
-3
0
0
-5
0
0
-1
0
0
0
-10
0
0
0
0
0
0
0
0
0
0
0
0
0
0
0
0
0
0
0
-15
0
0
0
0
0
0
0
6
0
-8
0
0
2
0
0
0
0
0
0
0
0
0
0
0
0
0
0
0
0
0
0
0
0
0
0
0
0
0
1
0
0
0
0
0
0
0
0
0
0
0
0
0
0
0
0
0
0
0
0
-4
0
0
0
0
0
0
0
0
0
0
0
0
0
-1
0
0
0
0
0
0
0
0
0
0
0
-1
0
0
0
0
-2
0
0
0
0
0
21
0
0
0
0
0
0
-1
0
0
0
0
0
0
0
0
0
0
0
0
0
-78
0
2
0
0
0
0
0
0
0
0
-4
0
0
0
12
0
0
0
0
0
1
-7
0
0
0
0
0
-1
0
0
0
0
0
0
-1
0
0
0
0
0
0
0
0
0
-46
0
0
0
0
-1
0
-2
0
2
0
0
2
0
0
0
4
0
0
0
0
0
1
0
7
7
0
1
0
0
0
0
0
0
0
0
0
0
0
0
0
0
0
-5
0
0
0
0
-1
0
0
0
0
0
0
0
0
0
0
0
1247
0
0
0
0
0
0
0
0
0
0
0
0
0
0
0
0
0
0
0
0
0
-2
0
4
0
0
0
0
0
0
0
0
0
-1
0
0
0
0
0
0
0
0
0
3
0
0
0
0
0
0
0
1
0
0
0
0
0
0
0
0
0
0
0
0
0
0
0
0
0
0
0
0
0
0
0
0
0
0
0
-2
0
0
0
0
0
-1
0
0
0
0
0
0
0
0
0
3
0
0
0
0
0
0
0
0
0
0
0
0
0
0
0
0
0
0
0
-2
0
0
0
0
0
0
0
0
0
0
0
0
55
0
0
0
0
0
-2
7
0
0
1
0
0
0
0
0
0
0
0
0
0
0
0
0
28
0
0
0
0
0
0
0
0
0
0
0
-2
0
0
6
0
0
0
0
0
0
0
0
0
0
0
0
0
0
0
0
0
0
0
0
0
0
0
0
0
0
0
0
0
0
0
0
0
0
0
0
0
0
0
0
-417
0
0
0
0
0
0
0
0
0
10
0
0
0
-8
0
0
0
0
0
0
0
0
0
0
0
0
0
0
0
0
0
0
0
0
0
0
-4
0
0
0
0
0
0
0
0
0
0
-1
0
0
0
0
0
0
0
0
0
0
0
0
0
0
0
0
0
-13
0
0
0
0
0
0
0
0
0
0
0
0
0
0
0
0
0
0
0
0
0
0
0
0
0
0
0
0
0
0
0
0
0
0
0
0
0
0
0
0
0
0
0
0
11
1
0
0
0
0
-44
0
0
0
0
0
0
0
0
0
0
0
0
0
0
0
0
0
0
0
0
0
3
-2
0
0
0
1
0
0
0
0
-4
0
0
-4
0
0
0
0
0
0
0
0
-15
0
0
13
0
2
0
0
-1
0
0
0
0
0
0
0
0
0
6
0
0
-2
0
0
0
2
0
0
0
0
0
0
0
0
0
0
0
0
0
0
-1
0
0
0
0
0
0
0
0
10
0
0
0
-4
-1
1
0
0
0
1
0
0
0
0
0
0
36
0
18
8
0
0
0
0
0
0
0
7
0
0
0
0
0
0
0
0
0
-1
0
0
0
0
0
0
0
0
0
0
0
0
0
0
0
0
0
0
0
0
0
0
0
0
0
0
0
0
2
0
0
-20
0
0
0
-6
-169
0
0
0
0
0
5
0
0
0
0
0
1
2
0
0
0
0
0
0
7
0
0
0
0
2
-2
0
0
0
0
0
0
0
0
0
0
0
0
0
-9
7
0
0
0
0
0
0
-1
2
0
0
0
-4
0
0
0
0
0
-26
0
0
0
2
3
0
0
0
0
0
1
0
0
0
15
0
0
0
0
0
0
0
0
0
0
-1
0
0
0
13
0
0
0
0
0
-13
4
11
0
0
0
0
0
0
0
0
0
0
0
0
0
0
0
0
0
0
0
0
0
0
0
0
0
6
0
0
0
0
-1
0
0
0
0
0
-7
0
0
0
0
0
0
1
0
-6
0
0
0
0
0
0
0
0
0
0
0
0
0
0
0
0
0
0
0
0
0
0
0
0
0
0
0
0
0
0
0
0
0
0
0
0
0
0
0
115
0
0
0
0
0
0
0
0
0
0
0
0
0
0
0
0
0
0
0
0
0
0
0
0
0
0
0
0
0
0
0
0
1
0
0
0
0
-4
0
0
0
0
0
0
0
0
0
0
0
0
0
0
0
0
0
0
0
0
0
0
0
0
0
0
0
0
0
0
0
0
0
0
0
0
0
0
0
0
0
0
0
0
0
0
0
-5
0
0
0
0
0
0
0
1
0
0
0
0
0
0
0
0
0
0
0
0
0
0
0
0
0
-12
0
0
0
-6
0
0
0
0
0
0
0
0
0
0
0
0
0
0
0
0
0
0
0
0
0
0
0
0
0
0
0
-18
0
0
0
0
0
0
0
1
0
0
0
0
4
0
0
0
0
0
0
0
0
0
0
0
-63
0
0
0
0
0
0
0
0
0
0
1
0
0
0
0
0
0
0
0
0
0
0
0
0
0
0
0
1
0
0
0
0
0
0
0
0
0
0
-2
0
0
0
3
0
0
0
0
0
0
0
0
0
0
0
0
0
0
0
0
0
0
0
0
0
0
-1
0
5
0
0
0
0
0
-4
0
0
0
-6
0
0
0
0
0
0
0
0
0
0
0
0
0
0
0
0
0
0
0
0
0
0
0
0
0
0
0
0
0
0
0
0
0
0
0
0
0
0
0
0
0
1
0
-42
0
0
42
0
0
0
8
0
0
0
0
0
0
1
0
0
0
0
0
0
-1
0
0
0
0
0
0
0
0
0
0
24
0
0
0
-18
0
0
0
12
0
0
0
0
0
0
0
0
0
0
0
0
-1
0
0
0
0
0
0
0
0
0
0
15
5
0
0
0
0
0
-11
-2
0
-1
0
0
0
0
0
0
0
0
0
0
0
0
0
0
0
0
0
0
0
0
-2
0
0
0
0
0
0
0
0
0
0
0
0
0
0
0
0
0
0
-13
0
0
0
0
0
0
0
0
0
0
0
0
0
0
0
0
0
0
0
0
0
0
0
0
0
0
0
0
0
0
0
0
0
0
0
0
0
0
0
0
9
0
0
0
1
0
0
2
0
0
5
0
-21
0
-18
0
0
0
0
0
0
0
0
0
0
0
0
0
0
0
0
3
0
0
0
-1
0
0
0
0
0
0
0
0
0
0
0
0
0
0
0
0
0
0
0
0
0
0
-8
0
0
0
0
-1
0
0
0
0
0
0
0
0
0
0
0
0
0
0
0
0
0
0
0
0
0
0
0
0
0
0
0
0
0
0
0
0
-5
0
0
0
0
0
0
0
0
0
0
0
0
0
0
0
0
-2
0
0
0
0
0
0
-16
0
0
0
0
0
0
0
0
0
0
0
0
0
0
0
0
0
0
0
0
-3
2
0
0
0
0
0
0
0
0
0
0
0
0
0
0
0
0
0
0
0
0
0
0
0
0
0
0
0
13
0
-3
0
0
0
0
0
0
0
2
0
0
0
0
0
0
0
0
0
0
0
0
0
0
0
0
0
0
0
0
0
0
0
0
0
0
0
0
0
0
0
0
0
0
0
0
0
0
0
0
0
0
0
0
0
-4
-26
0
0
-1
0
0
0
0
0
0
0
0
-2
0
0
0
0
0
0
0
3
0
0
0
0
0
0
0
0
0
0
0
0
0
0
0
0
0
0
0
0
0
0
0
0
0
0
0
-5
0
0
0
0
0
0
5
-1
0
0
0
0
0
0
0
0
0
0
0
0
0
0
0
0
0
0
0
0
0
0
0
0
0
0
0
0
0
0
0
0
0
0
0
0
0
0
0
0
0
0
0
0
0
0
0
0
0
0
0
0
0
0
0
0
0
0
0
44
0
0
0
0
0
0
0
0
0
0
0
0
0
0
0
0
0
0
0
0
0
0
0
0
17
0
53
0
0
0
0
0
0
0
0
0
0
0
0
0
0
0
0
0
0
0
0
0
1
0
0
0
0
0
0
0
0
0
-17
0
0
0
0
0
0
0
0
0
0
0
0
0
0
0
0
0
0
0
0
0
0
0
0
0
0
0
0
0
0
0
0
0
0
0
0
0
0
0
0
0
0
-1
0
0
0
0
0
0
0
0
4
-5
0
0
0
0
0
0
1
0
0
0
0
0
0
0
0
0
0
0
0
0
0
0
0
0
0
0
0
0
0
0
0
0
0
0
0
0
0
0
0
0
2
0
0
0
0
0
0
0
0
0
1
0
0
0
0
0
0
0
0
0
0
0
0
0
0
0
0
0
0
0
0
-4
0
0
0
0
0
0
0
0
0
0
0
0
0
0
0
-1
0
0
-17
0
0
0
0
0
0
0
0
0
0
0
0
16
0
0
0
0
0
0
0
0
0
-6
0
0
0
0
0
0
0
0
0
1
1
0
0
0
0
0
0
0
0
0
0
0
0
0
0
0
0
0
0
0
0
0
0
0
0
0
0
0
0
0
0
0
0
0
0
0
0
0
0
0
0
0
3
0
0
17
0
0
0
0
0
0
0
0
0
0
0
0
0
0
0
0
0
0
0
0
0
0
0
0
0
0
0
0
0
0
0
0
0
0
0
0
0
0
0
0
0
0
0
0
0
0
0
0
-13
0
0
0
0
0
0
0
0
0
0
0
0
0
0
0
0
0
0
0
0
0
0
-2
0
0
0
0
0
0
0
0
0
0
0
0
0
0
0
0
0
0
0
0
0
0
0
0
0
0
0
13
0
0
0
0
0
0
0
-183
0
0
0
-11
0
0
0
11
0
0
0
0
0
0
0
0
0
0
0
0
0
0
0
0
0
0
0
0
0
0
0
0
0
0
0
0
0
0
0
0
0
0
0
0
0
0
0
0
0
0
0
0
0
0
0
0
0
0
0
0
0
0
0
0
0
0
0
0
12
0
0
0
0
0
0
0
0
0
0
0
0
0
0
0
0
0
0
0
0
0
0
0
0
0
0
0
0
0
0
0
0
0
0
0
0
0
0
0
0
0
0
0
0
0
0
-17
0
0
0
0
0
0
-1
0
0
0
0
0
0
0
0
0
0
0
0
0
0
0
0
0
0
0
0
0
0
0
0
0
2
0
0
0
0
0
0
8
0
0
0
0
0
0
0
0
0
0
0
0
0
0
0
0
0
0
0
0
0
0
0
0
0
0
0
0
0
0
0
0
0
0
0
0
0
0
0
0
0
0
0
0
0
0
0
0
0
0
0
0
0
0
0
0
0
0
0
0
-4
0
0
0
0
0
0
0
0
0
0
-20
0
-2
0
0
0
0
0
0
0
0
0
0
0
0
0
0
0
0
0
0
0
0
0
0
0
0
0
0
0
0
0
-1
0
0
0
0
0
0
0
0
0
0
0
0
0
0
0
0
2
0
0
0
0
0
0
0
-13
0
0
0
0
0
0
0
0
0
0
0
0
0
0
0
0
0
0
0
0
0
0
0
0
0
0
0
13
0
0
0
0
0
0
0
0
0
0
0
0
0
0
0
0
0
0
0
0
0
3
0
0
0
0
0
0
0
0
0
0
0
0
0
0
0
0
0
0
0
0
0
0
0
0
0
0
0
0
0
0
0
0
0
0
0
0
0
0
0
0
0
0
0
0
0
0
0
0
0
0
0
0
0
0
0
0
0
0
0
0
0
0
16
0
-19
0
0
1
0
0
0
0
0
0
0
0
0
0
0
0
0
0
0
0
0
6
-1
0
-4
0
2
0
0
0
0
0
0
0
0
0
0
0
0
0
0
0
0
0
0
0
0
0
0
0
0
0
0
0
0
0
0
0
12
0
0
0
0
0
0
0
0
0
0
0
0
4
0
0
0
0
0
0
0
0
0
0
9
0
0
0
0
-28
0
0
0
0
0
0
0
0
-1
0
0
0
0
0
0
0
0
0
0
0
0
0
0
0
0
2
0
0
0
0
0
0
0
0
0
0
0
0
0
0
0
0
0
0
0
0
0
-1
0
0
0
0
0
0
5
0
0
41
0
0
0
0
1
0
0
0
0
0
0
0
0
0
0
0
0
0
0
1
0
0
0
0
0
0
0
0
0
0
0
0
0
0
0
0
0
0
0
0
0
0
-8
0
0
-1
0
0
0
0
0
0
0
0
0
0
0
0
0
16
0
0
0
0
0
0
0
0
0
0
0
0
0
2
0
-8
0
0
0
3
0
0
0
0
0
0
0
0
0
0
0
0
0
0
0
0
0
0
0
0
0
0
0
0
0
0
0
0
0
0
0
0
0
0
0
0
0
0
0
0
0
0
0
0
0
0
0
0
0
0
0
0
0
0
0
0
0
0
0
0
0
0
0
0
0
0
0
0
0
-5
0
0
0
0
0
0
0
0
0
0
0
0
0
0
0
0
0
0
-5
0
0
0
0
0
0
0
11
0
0
0
0
1
0
0
0
0
0
0
0
0
0
0
0
0
0
0
0
0
3
0
0
0
0
0
0
0
0
0
0
0
0
0
0
0
0
0
0
0
0
0
0
0
0
0
0
0
0
0
0
0
0
0
-2
0
0
0
0
0
0
0
0
0
0
0
0
0
0
0
0
0
0
0
0
0
0
0
0
0
0
0
0
0
0
0
0
0
0
0
0
0
0
0
0
0
0
0
0
0
0
0
0
0
0
0
0
0
0
0
0
0
1
0
0
0
0
0
0
0
0
0
0
0
0
0
0
0
0
0
0
0
0
0
0
0
0
0
0
0
0
0
0
0
0
0
0
2
0
0
0
0
0
0
0
0
0
-2
0
0
0
0
0
0
0
0
0
0
0
0
0
0
0
0
0
0
0
0
0
0
2
0
0
0
0
-7
0
-2
0
0
0
0
0
0
0
0
0
0
0
0
0
0
0
0
0
0
0
0
0
0
0
0
0
0
0
0
0
0
0
0
0
0
0
0
0
0
0
0
0
0
0
0
0
0
0
0
0
0
0
0
0
0
0
0
0
0
0
0
0
0
0
-3
0
0
0
0
0
-58
0
0
0
0
0
3
0
0
0
0
0
0
0
0
0
0
0
0
0
0
0
0
0
0
0
0
0
0
0
0
0
0
0
0
0
0
0
0
0
0
0
0
0
0
-1
0
0
0
0
-14
0
0
0
-1
0
0
0
0
0
0
0
0
0
0
0
0
0
0
0
0
0
0
0
0
0
0
0
0
0
0
0
-3
0
0
0
0
0
0
0
2
0
13
0
0
0
4
0
0
0
0
0
0
0
0
0
0
0
0
0
0
2
605
0
0
0
-107
0
0
0
0
0
1
0
0
0
0
0
0
0
0
-19
0
0
0
0
0
0
0
0
0
0
0
0
0
0
0
0
0
0
0
0
0
0
0
0
0
0
0
0
13
0
0
0
0
0
0
0
0
0
0
0
0
0
0
-76
0
0
0
0
0
0
0
0
0
0
0
1
0
0
0
0
0
0
0
0
0
0
0
0
0
0
0
0
0
0
0
0
0
0
0
0
0
0
0
0
0
0
0
0
0
0
0
0
0
-8
0
0
0
0
-2
0
0
0
0
0
0
0
0
0
0
0
0
0
0
0
0
0
0
-8
0
0
0
0
0
0
0
0
0
0
0
0
0
0
0
0
0
0
0
0
0
0
0
0
0
0
0
1
0
0
0
0
0
0
0
0
0
0
0
0
0
0
0
0
0
0
0
0
0
0
0
0
0
0
0
0
0
0
0
0
0
0
0
0
0
0
0
0
0
0
0
0
0
0
0
8
0
0
-1
0
0
0
0
0
0
0
0
0
0
0
0
0
0
0
0
0
0
0
0
0
0
0
0
0
0
0
0
0
0
0
0
0
-2
0
0
0
6
0
0
0
0
0
0
0
0
0
0
0
0
0
0
0
0
0
0
0
0
0
0
0
0
0
0
0
0
0
0
0
0
0
0
0
0
0
0
0
0
0
0
0
0
0
0
0
0
0
0
0
0
0
0
0
0
-3
0
0
0
0
0
0
0
0
0
0
0
0
0
0
0
0
0
0
0
0
0
0
0
0
0
0
0
-2
0
0
0
0
0
0
0
0
0
0
0
1
0
0
0
0
0
0
0
0
1
0
0
0
0
0
0
3
0
0
0
0
0
0
0
0
0
0
0
0
0
0
0
0
0
0
0
0
0
0
0
0
0
0
0
0
-1
0
0
6
0
0
0
0
0
0
0
0
4
0
0
0
0
0
0
0
0
0
0
0
0
17
0
0
0
0
0
0
0
0
0
0
0
0
0
0
0
0
0
0
0
0
0
0
0
0
0
0
0
0
0
0
0
0
0
0
0
0
0
0
0
0
0
0
0
0
0
0
0
0
0
0
0
0
0
0
0
0
0
0
0
0
0
0
0
0
0
0
0
0
0
0
0
0
0
0
0
0
0
0
0
0
0
0
0
0
0
0
0
0
0
0
0
0
0
0
28
0
0
0
0
0
0
0
0
0
0
0
0
0
0
0
0
0
0
0
0
0
0
0
0
0
0
0
0
0
0
0
0
0
0
0
0
0
0
-1
0
0
0
0
0
0
0
0
0
0
0
0
0
0
0
0
0
0
0
0
0
0
0
0
0
0
0
0
0
0
0
0
0
0
0
0
0
0
0
0
0
0
0
0
0
0
0
0
0
0
0
0
0
0
0
0
0
0
0
0
0
0
0
0
0
0
0
0
0
0
0
0
31
0
0
0
0
0
0
0
0
0
0
0
0
0
0
0
0
0
0
0
0
0
0
0
0
0
0
0
0
0
0
0
0
0
0
0
0
0
0
0
0
0
0
0
0
-7
0
0
0
0
0
0
0
0
0
0
0
-3
0
0
0
0
0
0
0
0
0
0
0
0
0
0
0
0
0
0
0
0
0
0
0
0
0
0
0
0
0
0
0
0
0
0
0
0
0
0
0
0
0
0
0
0
0
0
0
0
0
0
0
0
0
0
0
0
0
0
0
0
0
0
0
0
0
0
0
0
0
0
0
0
0
0
0
0
0
0
0
0
0
0
0
0
0
0
0
0
0
0
0
0
0
0
0
0
0
0
0
0
0
0
0
0
0
0
0
0
0
0
0
0
0
0
0
0
0
0
-5
0
0
0
0
0
0
0
0
0
0
-1
0
0
0
0
0
0
0
0
0
0
0
0
0
0
0
0
0
0
0
39
0
0
0
0
0
0
0
0
0
0
0
0
0
0
0
0
0
0
0
0
0
0
0
0
0
0
0
0
0
0
0
0
0
0
0
0
0
0
0
-1
0
0
0
0
0
0
0
1
0
0
0
0
0
0
0
0
0
0
0
0
0
0
0
0
0
0
0
0
-2
0
0
0
0
0
0
0
0
0
0
0
0
0
0
0
0
0
0
0
0
0
0
0
0
0
0
0
0
0
0
0
-3
0
0
0
-20
0
0
0
0
0
-12
0
0
0
0
0
0
0
0
0
0
0
1
0
0
0
0
0
0
0
0
0
-3
0
0
0
0
0
0
0
0
0
0
0
0
0
0
0
0
0
0
0
0
0
0
0
0
0
0
0
0
0
0
-9
0
0
0
0
0
0
35
0
0
0
0
0
0
0
0
0
0
0
0
0
0
0
0
0
0
0
0
0
0
-6
0
0
0
0
0
0
0
0
0
0
0
0
0
0
0
0
0
0
0
0
-12
0
0
0
0
0
0
0
0
0
0
0
0
0
0
0
0
0
0
0
0
0
0
0
0
0
0
0
0
0
0
0
0
0
0
0
0
0
0
0
0
0
-12
0
0
0
0
0
0
0
0
0
0
0
0
0
0
0
0
0
0
0
0
0
0
0
0
0
0
0
0
0
0
0
0
0
0
0
0
0
0
0
0
0
0
0
0
0
0
0
0
0
0
0
0
0
0
0
0
0
0
0
0
0
0
0
0
0
0
0
0
0
0
0
0
0
0
0
0
0
0
0
0
0
0
0
0
0
0
0
0
0
0
0
0
0
0
0
0
0
0
0
0
0
0
0
0
0
0
0
0
0
0
0
0
0
0
0
0
0
0
0
0
0
0
0
0
0
0
0
0
0
0
0
0
0
0
0
0
0
0
0
0
0
0
0
0
0
0
0
0
0
0
0
0
0
0
0
0
0
0
0
0
0
0
0
3
0
0
0
0
0
0
0
0
0
0
0
0
-10
0
0
0
0
0
0
0
0
0
0
0
0
0
0
0
0
0
0
7
0
0
0
0
0
0
0
0
0
0
0
0
0
0
0
0
0
0
0
0
0
0
0
0
0
0
0
0
0
0
0
0
0
0
0
0
0
0
0
0
0
0
0
0
0
0
0
0
0
0
0
0
0
0
0
0
0
0
0
0
0
0
0
0
0
0
0
0
0
0
0
0
0
0
0
0
-108
0
0
0
0
0
0
0
0
0
0
0
0
0
0
0
0
0
0
0
0
1
0
0
0
0
0
0
0
0
0
0
0
0
0
0
0
0
0
0
0
0
0
0
0
0
0
0
0
0
0
0
0
0
0
0
0
0
0
0
0
0
0
0
0
0
0
0
0
0
0
0
0
0
0
0
0
0
0
0
0
0
0
0
0
0
0
0
0
-1
0
0
0
0
-1
0
0
0
0
0
0
0
0
0
0
8
0
0
0
0
0
0
0
0
0
0
0
0
0
0
0
0
0
0
0
0
0
0
0
0
0
0
0
0
0
0
0
0
0
0
0
0
0
0
0
0
0
0
0
0
0
0
0
0
0
0
0
0
-1
0
0
0
0
0
0
0
0
0
0
0
0
0
0
0
0
0
0
0
0
0
0
0
0
0
0
0
0
0
0
0
0
0
0
0
0
0
0
0
0
0
0
0
0
0
0
0
0
0
-6
0
0
0
0
0
8
0
0
0
0
0
0
0
0
0
0
0
0
0
0
0
0
0
0
0
0
0
0
0
0
0
0
0
0
0
0
0
0
0
0
0
0
0
0
0
0
0
0
0
0
0
0
0
0
0
0
0
0
0
0
0
0
0
0
0
0
0
0
0
0
0
0
0
0
0
0
0
0
0
0
0
0
0
0
0
0
0
0
0
0
0
0
0
0
0
0
0
0
0
0
0
0
0
0
0
0
0
0
172
0
0
0
0
0
0
0
0
0
0
0
0
0
0
0
0
0
0
0
0
0
0
0
0
0
0
0
0
0
0
0
0
0
0
0
0
0
0
0
0
0
0
0
0
0
0
0
0
0
0
0
0
0
0
0
0
0
0
0
0
0
0
0
0
0
0
0
0
0
0
0
0
0
0
0
0
0
0
0
0
0
0
0
0
0
0
0
0
0
0
0
0
0
0
0
0
0
0
0
0
0
0
0
0
0
0
0
0
0
0
0
0
0
0
0
0
0
0
0
0
0
0
0
0
0
0
0
0
0
0
0
0
0
0
0
0
0
0
0
0
0
0
0
0
0
0
0
0
0
0
0
0
0
0
10
0
0
0
0
0
0
0
0
0
0
0
0
0
4
0
0
0
0
0
0
0
0
0
0
0
0
0
0
0
1
-9
0
0
0
0
0
0
0
0
0
0
0
-1
0
0
0
0
0
0
0
0
0
0
0
0
0
0
0
0
0
0
0
0
0
0
0
0
0
0
0
0
0
0
0
0
0
-1
0
0
0
0
0
0
0
0
0
0
0
0
0
0
0
0
0
0
0
0
0
0
2
0
0
0
0
0
0
0
0
0
0
0
0
0
0
0
0
0
0
0
0
0
0
0
0
0
0
0
0
0
0
0
0
0
0
0
0
0
0
0
0
0
0
0
0
0
0
0
0
0
0
0
0
0
0
0
0
0
0
0
0
0
0
0
0
0
0
0
0
0
0
0
0
0
0
0
0
0
0
0
0
0
0
0
0
0
0
0
0
0
0
-2
0
0
0
0
0
0
13
0
0
0
0
0
0
0
0
0
0
0
0
0
0
0
0
0
0
-2
0
0
2
0
0
0
0
-29
0
0
0
0
0
0
0
0
0
0
0
0
0
0
0
0
0
0
6
0
0
0
0
0
0
0
0
0
0
4
0
0
0
0
0
0
0
0
0
0
0
0
0
0
0
0
0
0
0
0
0
-3
0
0
0
0
0
0
0
0
0
0
0
0
0
0
0
0
0
0
0
0
0
0
0
0
0
0
0
0
0
0
0
0
0
0
0
0
0
0
0
0
0
0
0
0
0
0
0
0
0
0
0
0
0
0
0
0
0
0
0
0
0
0
0
0
0
0
0
2
0
0
0
0
0
0
0
0
0
0
0
0
0
0
0
0
-4
0
0
0
0
0
0
0
0
0
0
0
0
0
0
0
0
0
0
0
0
0
0
0
0
0
0
0
0
0
0
0
0
0
0
0
0
0
0
0
0
0
0
0
0
0
0
0
0
0
0
0
0
0
0
0
0
0
0
0
0
0
0
0
0
0
0
0
0
0
0
0
0
0
0
0
0
0
0
0
0
-1
0
0
0
0
0
0
8
0
0
0
0
0
0
0
0
0
0
0
0
0
0
0
0
0
-15
0
0
0
0
0
0
0
-6
0
0
0
0
0
0
0
0
0
0
0
0
0
0
0
0
0
0
0
0
0
0
0
0
0
0
0
0
0
0
0
0
0
0
0
0
0
0
0
0
0
0
0
0
0
0
0
0
0
0
0
0
0
0
0
0
0
0
0
0
0
0
0
0
0
0
0
0
0
0
0
0
0
0
0
0
0
0
0
0
0
0
0
0
0
0
0
0
0
0
0
0
0
0
0
0
0
0
0
0
0
0
0
-25
0
0
0
0
0
0
0
0
0
0
0
0
0
0
0
0
7
0
0
0
0
0
0
0
0
0
0
0
0
-8
0
-1
0
0
0
0
0
0
0
0
0
0
0
0
0
0
0
0
0
0
0
0
0
0
0
0
0
0
0
0
0
0
0
0
0
0
0
0
0
0
0
0
0
0
0
0
0
0
0
0
0
0
0
0
2
0
0
0
0
0
0
0
0
0
0
0
0
0
0
0
0
0
0
0
0
0
0
0
0
0
0
0
0
0
0
0
0
0
0
0
0
0
0
0
0
0
0
0
0
0
0
0
0
0
0
0
0
0
0
0
0
0
0
0
0
0
0
0
0
0
0
0
0
0
0
0
0
0
0
0
0
0
0
0
0
0
0
-6
0
0
0
0
0
0
0
0
-36
0
0
0
0
0
0
0
0
0
0
0
0
0
0
0
0
0
0
0
0
0
0
0
0
0
0
0
0
0
0
0
0
0
0
0
0
0
0
0
0
0
0
0
0
0
0
0
0
0
0
0
0
0
0
0
0
0
0
0
0
0
0
0
0
0
0
0
0
0
0
0
0
0
0
0
0
0
0
0
0
0
0
0
0
0
0
0
0
0
0
0
0
0
0
0
0
0
0
0
0
0
0
0
0
0
0
0
0
0
0
0
0
0
0
0
0
0
0
0
0
0
0
0
0
0
0
0
0
0
0
0
0
0
0
0
0
0
0
0
0
0
0
0
0
0
0
0
0
0
0
0
0
0
0
0
0
0
0
0
0
0
0
0
0
0
0
0
0
0
0
0
0
0
0
0
0
5
0
0
0
0
0
0
0
-1
0
0
0
0
0
0
0
0
0
0
0
0
0
0
21
0
0
0
0
0
0
0
0
0
0
0
0
0
0
0
0
0
0
0
0
0
0
0
0
0
0
0
0
0
0
0
0
0
0
0
0
0
0
0
0
0
0
0
0
0
0
0
0
0
0
0
0
0
0
0
0
0
0
0
0
0
0
0
0
0
0
0
0
0
0
0
0
0
0
0
0
0
0
0
0
1
0
0
0
0
0
0
0
0
0
0
0
0
0
0
0
0
0
0
0
0
0
0
0
0
0
0
0
0
0
0
0
0
0
0
0
0
0
0
0
0
0
0
0
0
0
0
0
0
0
0
0
0
0
0
0
0
0
0
0
0
0
0
0
0
0
0
0
0
0
0
0
0
2
0
0
0
0
-1
0
0
0
0
0
0
0
0
0
0
0
0
0
0
0
0
0
0
0
0
0
0
0
0
0
0
0
-1
0
0
0
0
0
0
0
0
0
0
0
0
0
0
0
0
0
0
0
0
0
0
0
0
0
0
0
0
0
0
0
0
0
0
3
0
0
0
0
0
0
0
0
0
0
0
0
0
0
0
0
0
0
0
0
0
0
0
0
0
0
0
0
0
0
0
0
0
0
0
0
0
0
0
0
0
0
0
0
0
0
0
0
0
0
0
0
0
0
0
0
0
0
0
0
0
0
0
0
18
0
0
0
0
0
0
0
0
0
0
0
0
0
0
0
3
0
0
0
0
0
0
0
0
0
0
0
0
0
0
0
0
0
0
0
0
0
0
0
0
0
0
0
2
0
0
0
0
0
0
0
0
0
0
0
0
0
0
0
0
0
0
0
0
0
0
0
0
0
0
0
0
0
0
0
0
0
0
0
0
0
0
0
0
0
0
0
0
0
0
0
0
0
0
0
0
0
0
0
0
0
0
0
0
0
0
0
0
0
0
0
0
0
0
0
0
0
0
0
0
0
0
0
0
0
0
0
0
0
0
0
0
0
0
0
0
0
0
0
0
0
0
0
0
0
0
0
0
0
0
0
0
0
0
0
0
0
0
0
0
0
0
0
-1
0
0
0
0
0
0
0
0
0
0
0
0
0
0
0
0
0
0
0
0
0
0
0
0
0
0
0
0
0
0
0
0
0
0
0
0
0
0
0
0
0
0
0
0
0
0
0
0
0
0
0
0
0
0
0
0
0
0
0
0
0
0
0
0
0
0
0
0
0
0
0
0
0
0
0
0
0
0
0
0
0
0
0
0
0
0
0
0
0
0
0
0
0
0
0
0
0
0
0
0
0
0
0
0
0
6
0
0
0
0
0
0
0
0
0
0
0
0
0
0
0
0
0
0
1
0
0
0
0
0
0
0
0
0
0
0
0
0
0
0
0
0
0
0
0
0
0
0
0
0
0
0
0
0
0
0
0
0
0
0
0
16
0
0
0
0
0
0
0
0
0
0
0
0
0
0
0
0
0
0
0
0
0
0
0
0
0
0
0
0
0
0
0
0
0
0
0
0
0
0
0
0
0
0
0
0
0
0
0
0
0
0
0
0
0
0
0
0
0
0
0
0
0
0
0
0
0
0
0
0
0
0
0
0
0
0
0
0
0
0
0
0
0
0
0
0
0
0
0
0
-1
0
0
0
35
0
0
0
0
0
0
0
0
0
0
0
0
0
0
0
0
0
0
0
0
0
0
0
0
0
0
0
0
0
0
0
0
0
0
0
0
0
0
0
0
0
0
0
0
0
0
0
0
0
0
0
0
0
0
0
0
0
0
0
0
0
0
0
0
0
0
0
0
0
0
0
0
0
1
0
0
0
0
0
0
0
0
0
0
0
0
0
0
0
0
0
0
0
0
0
0
0
0
0
0
0
0
0
0
0
0
0
0
0
0
0
0
0
0
0
0
0
0
0
0
0
0
0
0
0
0
0
0
-2
0
0
0
0
0
0
0
0
0
0
0
0
0
0
0
0
0
0
0
0
0
0
0
0
0
0
0
0
0
0
0
0
0
0
0
0
0
0
0
0
0
0
0
0
0
0
0
0
0
0
0
0
0
0
0
0
0
0
0
0
0
0
0
0
0
0
0
0
0
0
0
0
0
0
0
0
0
0
0
0
0
0
0
0
0
0
0
0
1
0
0
0
0
0
0
-1
0
0
0
0
0
0
0
0
0
0
0
0
0
0
0
0
0
0
0
0
0
0
0
0
0
0
0
0
0
0
0
0
0
0
0
0
0
0
0
1
0
0
0
0
0
0
0
0
0
0
0
0
0
0
0
0
0
0
0
0
0
0
0
0
0
0
0
0
0
0
-77
0
0
0
0
0
0
0
0
0
0
0
0
0
0
0
0
0
0
0
0
0
0
0
0
0
0
0
-1
0
0
0
0
0
0
0
0
0
0
0
0
0
0
0
0
0
0
-1
0
0
0
0
0
0
0
0
0
0
0
0
0
0
2
0
0
0
0
0
0
0
0
0
0
0
0
0
0
0
0
0
0
0
0
0
0
0
0
0
0
0
0
0
0
0
0
0
0
0
0
0
0
0
0
0
0
0
0
0
0
0
0
0
0
0
0
0
0
0
0
0
0
0
0
0
0
0
0
0
0
0
0
0
0
0
0
0
0
0
0
0
0
0
0
0
0
0
0
0
0
0
0
0
0
0
0
0
0
0
0
0
0
0
0
0
0
0
0
0
0
0
0
0
0
0
0
0
0
0
0
0
0
0
0
0
0
0
0
0
0
0
0
0
0
0
0
0
0
0
0
0
0
0
0
0
0
0
0
0
0
0
0
0
-14
0
0
0
0
0
0
0
0
0
0
0
0
0
0
0
0
0
0
0
0
0
0
0
0
0
0
0
0
0
0
0
0
0
0
0
0
0
0
0
0
0
0
0
0
0
0
0
0
0
0
0
0
0
0
0
0
0
0
0
0
0
0
0
0
0
0
0
0
0
0
0
0
0
0
0
0
0
0
0
0
0
0
0
0
0
0
0
0
0
0
0
0
0
0
0
0
0
0
0
0
0
-1
0
0
0
0
0
0
0
0
0
0
0
0
0
0
0
0
0
0
0
0
0
0
0
0
0
0
0
0
0
0
0
0
0
0
1
0
0
0
0
0
0
0
0
0
0
0
0
0
0
0
0
0
0
0
0
0
0
0
0
0
0
0
0
0
0
0
0
0
0
0
0
0
0
0
0
0
0
0
0
0
0
0
0
0
0
0
0
0
0
0
0
0
0
0
0
0
0
0
0
0
0
0
0
0
0
0
0
0
0
0
0
0
0
0
0
0
0
0
0
0
0
0
0
0
0
0
0
0
0
0
0
0
0
0
0
0
0
0
0
0
0
0
0
0
0
0
0
0
0
0
0
0
0
0
0
0
0
0
0
0
0
0
0
0
0
0
0
0
0
0
0
0
0
0
0
0
0
0
0
0
0
0
0
-42
0
0
0
0
0
0
0
0
0
0
0
0
0
0
0
0
0
0
0
0
0
0
0
0
0
0
0
0
0
0
0
0
0
0
0
0
0
0
0
0
0
0
0
0
0
0
0
0
0
0
-13
0
0
0
0
0
0
0
0
0
0
0
0
0
0
0
0
0
0
0
0
0
0
0
0
0
0
0
0
0
0
0
0
0
0
0
0
0
0
0
0
0
0
0
0
0
0
0
0
0
0
0
0
0
0
0
0
0
0
0
0
0
0
0
0
0
0
0
0
0
0
0
0
0
0
0
0
0
0
0
0
0
0
0
0
0
0
0
0
0
0
0
0
0
0
0
0
0
0
0
0
0
0
0
0
0
0
0
0
0
0
0
0
0
0
0
0
0
0
0
0
0
0
0
0
0
0
0
0
0
0
0
0
0
0
0
0
0
0
0
-9
0
0
0
0
0
0
0
0
0
0
0
0
0
0
0
0
0
0
0
0
0
0
0
0
0
0
0
0
-6
0
0
0
0
0
0
0
0
0
0
0
0
0
0
0
0
0
0
0
0
0
0
0
0
0
0
0
0
0
0
0
0
0
0
0
0
0
0
0
0
0
0
0
0
0
0
0
0
0
0
0
0
0
0
0
0
0
0
0
0
0
0
0
0
0
0
0
0
0
0
0
0
0
0
0
0
0
0
0
0
0
0
0
0
0
0
0
0
0
0
0
0
0
0
0
0
0
0
0
0
0
0
0
0
0
0
67
0
0
0
0
0
0
0
0
0
0
0
0
0
0
0
0
0
96
0
0
0
0
0
0
0
0
0
0
0
0
0
0
0
0
0
0
0
-1
0
0
0
0
0
0
0
0
0
0
0
0
0
0
0
0
0
0
0
0
0
0
0
0
0
0
0
0
0
0
0
0
0
0
0
0
0
0
0
0
0
0
0
0
0
0
0
0
0
0
0
0
0
0
0
0
0
0
0
0
0
0
0
0
0
0
0
0
0
0
0
0
0
0
0
0
0
0
0
0
0
0
0
0
0
0
0
0
0
0
0
0
0
0
0
0
0
0
0
0
0
0
0
0
0
0
0
0
0
0
0
0
0
0
0
0
0
0
0
0
0
0
0
0
0
0
0
0
0
0
0
0
0
0
0
0
0
0
0
0
0
0
0
0
0
0
0
0
0
0
0
0
0
0
0
0
0
0
0
0
0
0
0
0
0
0
0
0
0
0
0
0
0
0
0
0
0
0
0
0
0
0
0
0
0
0
0
0
0
0
0
0
0
0
0
0
0
0
0
0
0
0
0
0
0
0
0
0
0
0
0
0
0
0
0
0
0
0
0
0
0
0
0
0
0
0
0
0
0
0
0
0
0
0
0
0
0
0
0
22
0
0
0
0
0
0
0
0
0
0
0
0
0
0
0
0
0
0
0
0
0
0
0
0
0
0
0
0
0
0
0
0
0
0
0
0
0
0
0
0
0
0
0
0
0
0
0
0
0
0
0
0
0
0
0
0
0
0
0
0
0
0
0
0
0
0
0
0
0
0
0
0
0
0
0
0
0
0
0
0
0
0
0
0
0
0
0
0
0
0
0
0
0
0
0
0
0
0
0
0
0
0
0
0
0
0
0
0
0
0
0
0
0
0
0
0
0
0
0
0
0
1
0
0
1
0
0
0
0
0
0
0
0
0
0
0
0
0
0
0
0
0
0
0
0
0
0
0
0
0
0
0
0
0
0
0
0
0
0
0
0
0
0
0
0
0
0
0
0
0
0
0
0
0
0
0
0
0
0
0
0
0
0
0
0
0
0
0
0
0
0
0
0
0
0
0
0
0
0
0
0
0
0
0
0
0
0
0
0
0
0
0
0
0
0
0
0
0
0
0
0
0
0
0
0
0
0
0
0
0
0
0
0
0
0
0
0
0
0
0
0
0
0
0
0
0
0
0
0
0
0
0
0
0
0
0
0
0
0
0
0
0
0
0
0
0
0
0
0
0
0
0
0
0
0
0
0
0
0
0
0
0
0
0
0
0
0
0
0
0
0
0
0
0
0
0
0
0
0
0
0
0
0
0
0
0
0
0
0
0
0
0
0
0
0
0
0
0
0
0
0
0
0
0
-1
0
0
0
0
0
0
0
0
0
0
0
0
0
0
0
0
0
0
0
0
0
0
0
0
0
0
0
0
0
0
0
0
0
0
0
0
0
0
0
0
0
0
0
0
0
0
0
0
0
0
0
0
0
0
0
0
0
0
0
0
0
0
0
0
0
0
0
0
0
0
0
0
0
0
0
0
0
0
0
0
0
0
0
0
0
0
0
0
0
0
0
0
0
0
0
0
0
0
0
0
0
0
0
0
0
0
0
0
0
0
0
0
0
0
0
0
0
0
0
0
0
0
0
0
0
0
0
0
0
0
0
0
0
0
0
0
0
0
0
0
0
0
0
0
0
0
0
0
0
0
0
0
0
0
0
0
0
0
0
0
0
0
0
0
0
0
0
0
0
0
0
0
0
0
0
0
0
0
0
0
0
0
0
0
0
0
0
0
0
0
0
0
0
0
0
0
0
0
0
0
0
0
0
0
0
0
0
0
0
0
0
0
0
0
0
0
0
0
0
0
0
0
0
0
0
0
0
0
0
0
0
0
0
-1
0
0
0
0
0
0
0
0
0
0
0
0
0
0
0
0
0
0
0
0
0
0
0
0
0
0
0
0
0
0
0
0
0
0
0
0
0
0
0
0
0
0
0
0
0
0
0
0
0
0
0
0
0
0
0
0
0
0
0
0
0
0
0
0
0
0
0
0
0
0
0
-1
0
0
0
0
0
0
0
0
-6
0
0
0
0
0
0
0
0
0
0
0
0
0
0
0
0
0
0
0
0
0
0
0
0
0
0
0
0
0
0
0
0
0
0
0
0
0
0
0
0
0
0
0
0
0
0
0
0
0
0
0
0
0
0
0
0
0
0
0
0
0
0
0
0
0
0
0
0
0
0
0
0
0
0
0
0
0
0
0
0
0
0
0
0
-1
0
0
0
0
0
0
0
0
0
0
0
0
0
0
0
0
0
0
0
0
0
0
0
0
0
0
0
0
0
0
0
0
0
0
0
0
0
0
0
0
0
0
0
0
0
0
0
0
0
0
0
0
0
0
0
0
0
0
0
0
0
0
0
0
0
0
0
0
0
0
0
0
0
0
0
0
0
0
0
0
0
0
0
0
0
0
0
0
0
0
0
0
0
0
0
0
0
0
0
0
0
0
0
0
0
0
0
0
0
0
0
0
0
0
0
0
0
0
0
0
0
0
0
0
0
0
0
0
0
0
0
0
0
0
0
0
0
0
0
0
0
0
0
0
0
0
0
0
0
0
0
0
0
0
0
0
0
0
0
0
0
0
0
0
0
0
0
0
0
0
0
0
0
0
0
0
0
0
0
0
0
0
0
0
0
0
0
0
0
0
0
0
0
0
0
0
0
0
0
0
0
0
0
0
0
0
0
0
0
0
0
0
0
0
0
0
0
0
0
0
0
0
0
0
0
0
0
0
0
0
0
0
0
0
0
0
0
0
0
0
0
0
0
0
17
0
0
0
0
0
0
0
0
0
0
0
0
0
0
0
0
0
0
0
0
0
0
0
0
0
0
0
0
0
0
0
0
0
0
0
0
0
0
0
0
0
0
0
0
0
0
0
0
0
0
0
0
0
0
0
0
0
0
0
0
0
0
0
0
0
0
0
0
0
0
0
0
0
0
0
0
0
0
0
0
0
0
0
0
0
0
0
0
0
0
0
0
3
0
0
0
0
0
0
0
0
0
0
0
0
0
0
0
0
0
0
0
0
0
0
0
0
0
0
0
0
0
0
0
0
0
0
0
0
0
0
0
0
0
0
0
0
0
0
0
0
0
0
0
0
0
0
0
0
0
0
0
0
0
0
0
0
0
0
0
0
0
0
0
0
0
0
0
0
-5
0
0
0
0
0
0
0
0
0
0
0
0
0
0
0
0
0
0
0
0
0
0
0
0
0
0
0
0
0
0
0
0
0
0
0
0
0
0
0
0
0
0
0
0
2
0
0
0
0
0
0
0
0
0
0
0
0
0
0
0
0
0
0
0
0
0
0
-9
0
0
0
0
0
0
0
0
0
0
0
0
0
0
0
0
0
0
0
0
0
0
0
0
0
0
0
0
0
0
0
0
0
0
0
0
0
0
0
0
0
0
0
0
0
0
0
0
0
0
0
0
0
0
0
0
0
0
0
0
0
0
0
0
0
0
0
0
0
0
0
0
0
0
0
0
0
0
0
0
0
0
0
0
0
0
0
0
0
0
0
0
0
0
0
0
0
0
0
0
0
0
0
0
0
0
0
0
0
0
0
0
0
0
0
0
0
0
0
0
0
0
0
0
0
0
0
0
0
0
0
0
0
0
0
0
0
0
0
0
0
0
0
0
0
0
0
0
0
0
0
0
0
0
0
0
0
0
0
0
0
0
0
0
0
0
0
0
0
0
0
0
0
0
0
0
0
0
0
0
0
0
0
0
0
0
0
0
0
0
0
0
0
0
0
0
0
0
0
0
0
0
0
0
0
0
0
0
0
0
0
0
0
0
0
0
0
5
0
0
0
0
0
0
0
0
0
0
0
0
0
0
0
0
0
0
0
0
0
0
0
0
0
0
0
0
0
0
0
0
0
0
0
0
0
0
0
0
0
0
0
0
0
0
0
0
0
0
0
0
0
0
0
0
0
0
0
0
0
0
0
0
0
0
0
0
0
0
0
0
0
0
0
0
0
0
0
0
0
0
0
0
0
0
0
0
0
0
0
0
0
0
0
0
0
0
0
0
0
0
0
0
0
0
0
0
0
0
0
0
0
0
0
0
0
0
0
0
0
0
0
0
0
0
0
0
0
0
0
0
0
0
0
0
0
0
0
0
0
0
0
0
0
0
0
0
0
0
0
0
0
0
0
-1
0
0
0
0
0
0
0
0
0
0
0
0
0
0
0
0
0
0
0
0
0
0
0
0
0
0
0
0
0
0
0
0
0
0
0
0
0
0
0
0
0
0
0
0
0
0
0
0
0
0
0
0
0
0
0
0
0
0
0
0
0
0
0
0
0
0
0
0
0
0
0
0
0
0
0
0
0
0
0
0
0
0
0
0
0
0
0
0
0
0
0
0
0
0
0
0
0
0
0
0
0
0
0
0
0
0
0
0
0
0
0
0
0
0
0
0
0
0
0
0
0
0
0
0
0
0
1211
0
0
0
0
0
0
0
0
0
0
0
0
0
0
0
0
0
0
0
0
0
0
0
0
0
0
0
0
0
0
0
0
0
0
0
0
0
0
0
0
0
0
0
0
0
23
0
0
0
0
0
0
0
0
0
0
0
0
0
0
0
0
0
0
0
0
0
0
0
0
0
0
0
0
0
0
0
0
0
0
0
0
0
0
0
0
0
0
0
0
0
0
0
0
0
0
0
0
0
0
0
0
0
0
0
0
0
0
0
0
0
0
0
0
0
0
0
0
0
0
0
0
0
0
0
0
0
0
0
0
0
0
0
0
0
0
0
0
0
0
0
0
0
0
0
0
0
0
0
0
0
0
0
0
0
0
0
0
0
0
0
0
0
0
0
0
0
0
0
0
0
0
0
0
0
0
0
0
0
0
0
0
0
0
0
0
0
0
0
0
0
0
0
0
0
0
0
0
0
0
0
0
0
0
0
0
0
0
0
0
0
0
0
0
0
0
0
0
0
0
0
0
0
0
0
0
0
0
0
0
0
0
0
0
0
0
0
0
0
0
0
0
0
0
0
0
0
0
0
0
0
0
0
0
0
0
0
0
0
0
0
0
0
0
0
0
0
0
0
0
0
0
0
0
0
0
0
0
0
0
0
0
0
0
0
0
0
0
0
0
0
0
0
0
0
0
0
0
0
0
0
0
0
0
0
0
0
0
0
0
0
0
0
0
0
0
0
0
0
0
0
0
0
0
0
0
0
0
0
0
0
0
0
0
0
0
0
0
0
0
0
-2
0
0
0
0
0
0
0
0
0
0
0
0
0
0
0
0
0
0
0
0
0
0
0
0
0
0
0
0
0
0
0
0
0
0
0
0
0
0
0
0
0
0
0
0
0
0
0
0
0
0
0
0
0
0
0
0
0
0
0
0
0
0
0
0
0
0
0
0
0
0
0
0
0
0
0
0
0
0
0
0
0
0
0
0
0
0
0
0
0
0
0
0
0
0
0
0
0
0
0
0
0
0
0
0
0
0
0
0
0
0
0
0
0
0
0
0
0
0
0
0
0
0
0
0
0
0
0
0
0
0
0
0
0
0
0
0
0
0
0
0
0
0
0
0
0
0
0
0
0
0
0
0
0
0
0
0
0
0
0
0
0
0
0
0
0
0
0
0
0
0
0
0
0
0
0
0
0
0
0
0
0
0
0
0
0
0
0
0
0
0
0
0
0
0
0
0
0
0
0
0
0
0
0
0
0
0
0
0
0
0
0
0
0
0
0
0
0
0
0
0
0
0
0
0
0
0
0
0
0
0
0
0
0
0
0
0
0
0
0
0
0
0
0
0
0
0
0
0
0
0
0
0
0
0
0
0
0
0
0
0
0
0
0
0
0
0
0
0
0
0
0
0
0
0
0
0
0
0
0
0
0
0
0
0
0
0
0
0
0
0
0
0
0
0
0
0
0
0
0
0
0
0
0
0
0
0
0
0
0
0
0
0
0
0
0
0
0
0
0
0
0
0
0
0
0
0
0
0
0
0
0
0
0
0
0
0
0
0
0
0
0
0
0
0
0
0
0
0
0
0
0
0
0
0
0
0
0
0
0
0
0
0
0
0
0
0
0
0
0
0
0
0
0
0
0
0
0
0
0
0
0
0
0
2
0
0
0
0
0
0
0
0
0
0
0
0
0
0
0
0
0
0
0
0
0
0
0
0
0
0
0
0
0
0
0
0
0
0
0
0
0
0
2
0
0
0
0
0
0
0
0
0
0
0
0
0
0
0
0
0
0
0
0
0
2
0
0
0
0
0
0
0
0
0
0
0
0
0
0
0
0
0
0
0
0
0
0
0
0
0
0
0
0
0
0
0
0
0
0
0
0
0
0
0
0
0
0
0
0
0
0
0
0
0
0
0
0
0
0
0
0
0
0
0
0
0
0
0
0
0
0
0
0
0
0
0
0
0
0
0
0
0
0
0
0
0
0
0
0
0
0
0
0
0
0
0
0
0
0
0
0
0
0
0
0
0
0
0
0
0
0
0
0
0
0
0
0
0
0
0
0
0
0
0
0
0
0
0
0
0
0
0
0
0
0
0
0
0
0
0
0
0
0
0
0
0
0
0
0
0
0
0
0
0
0
0
0
0
0
0
0
0
0
0
0
0
0
0
0
0
0
0
0
0
0
0
0
0
0
0
0
0
0
0
0
0
0
0
0
0
0
0
0
0
0
0
0
0
0
0
0
0
0
0
0
0
0
0
0
0
0
0
0
0
0
0
0
0
0
0
0
0
0
0
0
0
0
0
0
0
0
0
0
0
0
0
0
0
0
0
0
0
0
0
0
0
0
0
0
0
0
0
0
0
0
0
0
0
0
0
0
0
0
0
0
0
0
0
0
0
0
0
0
0
0
0
0
0
0
0
0
0
0
0
0
0
0
0
0
0
0
0
0
0
-17
0
0
0
0
0
0
0
0
0
0
0
0
0
0
0
0
0
0
0
0
0
0
0
0
0
0
0
0
0
0
0
0
0
0
0
0
0
0
0
0
0
0
0
0
0
0
0
0
0
-1
0
0
0
0
0
0
0
0
0
0
0
0
0
0
0
0
0
0
0
0
0
97
0
0
0
0
0
0
0
0
0
0
0
0
0
0
0
0
0
0
0
0
0
0
0
0
0
0
0
0
0
0
0
0
0
0
0
0
0
0
0
0
0
0
0
0
0
0
0
0
0
0
0
0
0
0
0
0
0
0
0
0
0
-6
0
0
0
0
0
0
0
0
0
0
0
0
0
0
0
0
0
0
0
0
0
0
0
0
0
0
0
0
0
0
0
0
0
0
0
0
0
0
0
0
0
0
0
0
0
0
0
0
0
0
0
0
0
0
0
0
0
0
0
0
0
0
0
0
0
0
0
0
0
0
0
0
0
0
0
0
0
0
0
0
0
0
0
0
0
0
0
0
0
0
0
0
0
0
0
0
0
0
0
0
0
0
0
0
0
0
0
0
0
0
0
0
0
0
0
0
0
0
0
0
0
0
0
0
0
0
0
0
0
0
0
0
0
0
0
0
0
0
0
0
0
0
0
0
0
0
0
0
0
0
0
0
0
0
0
0
0
0
0
0
0
0
0
0
0
0
0
0
0
0
0
0
0
0
0
0
0
0
0
0
0
0
0
0
0
0
0
0
0
0
0
0
0
0
0
0
0
0
0
0
0
0
0
0
0
0
0
0
0
0
0
0
0
0
0
0
0
0
0
0
0
0
0
0
0
0
0
0
0
0
0
0
0
0
0
0
0
0
0
0
0
0
0
0
0
0
0
0
0
0
0
0
0
0
0
0
0
0
0
0
0
0
0
0
0
0
0
0
0
0
0
0
0
0
0
0
0
0
0
0
0
0
0
0
0
0
0
0
0
0
0
0
0
0
0
-1244
0
0
0
0
0
0
0
0
0
0
0
0
0
0
0
0
0
0
0
0
0
0
0
0
0
0
0
0
0
0
0
0
0
0
0
0
0
0
0
0
0
0
0
0
0
0
0
0
0
0
0
0
0
0
0
0
0
0
0
0
0
0
0
0
0
0
0
0
0
0
0
0
0
0
0
0
0
0
0
0
0
0
0
0
0
0
0
0
0
0
0
0
0
0
0
0
0
0
0
0
0
0
0
0
0
0
0
0
0
0
0
0
0
0
0
0
0
0
0
0
0
0
0
0
0
0
0
0
0
0
0
0
0
0
0
0
0
0
0
0
0
0
0
0
0
0
0
0
0
0
0
0
0
0
0
0
0
0
0
0
0
0
0
0
0
0
0
0
0
0
0
0
0
0
0
0
0
0
0
0
0
0
0
0
0
0
0
0
0
0
0
0
0
0
0
0
0
0
0
0
0
0
0
0
0
0
0
0
0
0
0
0
0
0
0
0
0
0
0
0
0
0
0
0
55
0
0
0
0
0
0
0
0
0
0
0
0
0
0
0
0
0
0
0
0
0
0
0
0
0
0
0
0
0
0
0
0
0
0
0
0
0
0
0
0
0
0
0
0
0
0
0
0
0
0
0
0
0
0
0
0
0
0
0
0
0
0
0
0
0
0
0
0
0
0
0
0
0
0
0
0
0
0
0
0
0
0
0
0
0
0
0
0
0
0
0
0
0
0
0
0
0
0
0
0
0
0
0
0
0
0
0
0
0
0
0
0
0
0
0
0
0
0
0
0
0
0
0
0
0
0
0
0
0
0
0
0
0
0
0
0
0
0
0
0
0
0
0
