25
32
491
79
35
93
97
116
7
52
263
257
5
27
53
109
14
12
32
21
9
254
3
534
455
148
66
232
53
31
564
30
393
293
56
669
66
52
5
574
37
3
1159
180
635
101
34
23
81
79
8
138
215
243
116
132
28
6
77
13
331
46
74
12
158
6
122
15
5
612
9
232
3324
28
4
3
15
111
1058
287
130
103
24
138
10
124
8
7
12
112
18
16
15
37
623
20
203
127
29
18
16
7
43
140
551
52
83
38
16
315
65
6
37
9
99
7
52
181
7
1261
230
179
2
1260
225
135
101
6
49
16
395
24
436
143
9
14
35
220
50
30
31
4
19
20
301
5
3
146
541
67
6
519
29
22
143
4
178
2
12
6
1984
225
16
370
655
43
66
102
36
21
19
435
97
2300
33
19
7
71
108
3
29
54
31
29
14
10
88
21
37
12
876
64
26
18
73
78
258
14
34
31
192
645
172
6
20
13
42
28
124
2191
360
905
71
4
99
18
7
116
5
20
22
40
74
38
275
18
10
12
20
33
447
45
14
27
14
40
38
82
27
373
22
623
17
94
53
21
140
1270
1558
18
13
58
47
23
32
43
297
13
20
477
63
7
25
469
16
350
25
9
68
55
3
1462
785
7
14
8
156
6
65
60
5
57
8
7
156
159
32
425
60
256
23
154
14
19
627
21
145
40
40
19
3
30
27
440
5
68
43
171
22
15
73
346
38
750
3
96
19
12
426
222
707
48
106
219
23
2
58
364
102
80
24
54
33
178
12
9
326
18
92
17
109
2953
265
117
142
599
994
130
50
15
4014
1526
16
117
23
37
694
68
7
52
14
0
180
242
460
42
9
40
146
335
46
31
26
13
21
773
139
2
1246
30
36
23
11
453
1
4
186
105
318
24
27
390
9
227
24
379
31
73
12
84
48
42
60
61
13
3609
162
44
23
26
29
37
67
25
162
154
59
2022
10
19
139
26
173
64
76
4
46
1
46
36
3
39
436
12
94
228
43
37
72
2
93
129
28
41
1127
55
39
103
84
568
81
42
10
41
128
17
7
547
12
352
102
8
273
19
64
52
10
20
1128
178
950
8
85
60
42
197
197
25
272
248
12
21
414
82
516
64
10
38
302
1064
98
34
4
43
513
663
1055
34
706
3
57
13
93
202
141
521
173
91
93
17
1032
16
12
642
66
194
17
335
3
9
172
175
42
31
32
15
89
216
34
74
8
36
10
380
43
89
1
212
277
59
508
20
625
16
7
12
320
312
369
84
27
22
154
36
303
286
61
256
74
136
35
96
902
12
34
36
352
41
37
34
4
15
243
217
44
191
197
61
135
122
218
8
160
6091
1
77
88
289
32
71
35
139
66
340
0
41
4
138
75
148
59
20
435
18
26
3332
353
15
32
4
101
108
33
401
19
104
161
370
11
95
444
95
45713
61
1115
30
487
23
63
39
206
40
131
35
196
18
69
19
2
303
257
45
1479
139
35
415
55
22
21
154
28
7
102
47
17
809
21
590
154
859
11
2
83
11
8
145
385
343
21
478
132
742
21
56
62
3
31
35
1678
28
728
368
35
15
503
413
14
152
10
1
529
23
520
46
33
239
50
13
516
246
31
48
110
31
200
7
248
2427
13
109
99
18
105
306
42
373
46
5
270
125
8
7
23
84
196
28
1432
11
7
54
254
22
17
143
172
565
373
24
40
67
44
546
14
24
108
88
276
47
23
95
35
10
854
171
14
37
62
237
74
5
267
878
100
44
147
580
418
14
43
2
30
48
358
68
51
23
117
57
12
28
31
40
231
11
122
32
126
137
24
15
176
11
108
15
8
223
8
19
58
77
51
6
4
16
1070
86
509
9
1628
142
41
5
14
1237
11
22
240
103
1256
24
17
116
66
13
43
96
17
77
27
48
333
168
59
14
10
158
32
191
683
441
3
3
297
90
6
173
444
5
87
120
56
10
53
23
154
53
226
192
869
135
588
10
30
19
42
516
17
35
6
67
16
400
313
4
20
175
121
174
27
77
16
569
312
26
1
656
344
169
219
59
34
122
15
365
18
36
12
42
152
28
84
60
12
25
109
497
84
85
5
34
138
3
9
352
105
23
377
332
9
515
194
5
20
40
11
241
22
1
105
50
12
61
28
21
30
36
24
133
196
24
24
4
28
25
71
79
299
823
188
8
46
29
585
200
80
23
50
532
128
5
70
104
20
1291
9
7
132
14
165
110
5118
32
111
91
1303
1721
120
15
57
209
14
63
8
495
15
238
12621
184
7
605
144
16
88
69
437
5
22
35
406
7
28
104
427
2100
6
404
65
62
900
3
13
14
180
16
114
175
115
32
14
3
321
33
88
51
120
28
55
31
85
26
25
16
221
40
811
1005
1961
21
29
168
45
2
118
74
441
4156
8
471
263
11
89
6
121
164
41
39
117
68
17
62
563
655
73
111
9
25
13
5
11
75
14
63
33
24
141
69
34
33
368
19
66
46
35
27
201
159
557
34
188
43
155
4
18
52
98
102
9
119
142
4
13
105
233
6
27
1484
37
28
44
78
60
10
8
74
8
14
37
1112
28
150
42
27
989
72
111
1506
64
55
344
7
130
136
152
184
113
7
58
271
147
345
716
16
91
20
1925
13
57
76
35
16
27
42
62
86
97
2262
9
155
9
69
41
2354
11
20
22
83
95
100
186
4387
229
99
10
212
886
2773
92
22
3144
5
12194
74
41
262
434
103
69
38
141
290
29
18
430
62
220
100
129
66
93
41
104
122
4
106
385
82
29
7
352
436
15
21
33
20
94
11
16
1191
96
19
125
227
301
22
896
165
73
31
4
12
27
91
18
372
94
98
46
17
44
641
349
101
24
7699
145
577
9
47
74
142
25
316
10
355
28
4
416
360
218
12
13
32
499
1107
122
33
53
2
77
131
33
34
37
537
152
18
45
48
295
7
36
246
121
575
147
29
201
111
54
73
2
192
101
154
4
13
150
612
234
2
9
264
678
95
12
1942
2
5
65
42
198
165
57
30
19
65
162
40
377
1767
247
709
48
27
47
133
161
255
487
5933
55
14
23
9
17
137
331
48
43
112
55
638
1221
71
5
265
48
1
592
5
164
180
415
26
49
11
14
4
50
185
140
520
504
9
93
893
2
14
184
34
12
13
19
71
1289
48
9
441
92
47
13
261
11
929
20
1
5
28
233
12
37
11
26
32
61
1511
54
121
67
1445
34
51
53
33
323
1663
30
15
93
11
15
32
43
117
120
121
20
38
115
182
8
8
6
9
7
113
84
116
113
219
80
163
168
390
6
37
277
140
43
123
5
673
131
32
238
34
4
8
129
221
25
10
36
16
29
20
240
482
112
1560
1430
10
64
388
169
4617
403
20
3
25
158
86
77
15
58
12
122
63
43
7
99
11
28
6
263
58
32
5
203
16
66
140
24
10
1278
125
4
344
1957
204
1288
374
7
123
81
5
241
22
66
458
19
16
149
150
114
8
280
6
52
282
35
276
41
64
21
7
228
133
23
67
3
7
110
526
169
4
126
29
521
50
40
32
66
470
1771
11
355
33
145
18
103
82
867
50
20
1949
73
13
170
18
13
84
3694
45
278
45
60
159
291
113
48
96
108
28
15
150
13
39
28
59
91
33
12
13
9
150
80
59
174
114
175
218
126
4
60
21
58
251
169
0
43
68
3
38
232
6
36
16
47
107
18
2
24
356
13
46
300
89
221
26
300
68
34
17
236
199
36
248
595
122
142
169
50
54
115
978
23
921
7
100
132
163
12
53
22
256
574
1505
4
14
7
37
100
187
26768
214
38
12
35
9
110
187
60
28
17
217
181
25
5
10
407
448
637
139
72
47
100
123
18
67
5
40
772
16
5
374
24
12
85
8
60
8
560
11
36
41
27
726
196
7
12
94
65
25
38
27
28
297
188
94
563
7
24
24
19
20
481
7
352
19
37
349
44
40
57
203
194
135
60
406
59
76
492
28
166
113
12
68
234
32
90
2230
12
118
261
21
10
261
5
62
6
131
26
763
42
289
7
130
8
240
45
194
18
15
88
14
7
202
1971
47
347
4
45
979
32
185
195
1884
1023
137
12
169
16
139
31
96
487
106
33
19
153
13
1
1430
15
257
222
102
20
67
13
19
15
627
212
500
37
28
588
20
184
19
391
254
285
39
104
1039
123
117
68
1201
91
81
29
7
92
482
19
87
266
188
127
56
16
205
1655
63
1067
16
1
111
28
133
104
0
851
53
533
64
212
410
84
17
64
91
243
49
2847
384
60
31
256
25
23
26
1265
21
97
2053
19
122
91
10
41
77
74
591
10
11
192
94
997
10
75
78
13
161
660
55
1332
45
25
861
5136
94
1
202
26
255
12
46
495
216
27
108
36
10
442
30
302
38
82
11
4
506
363
50
12
875
5
108
130
117
33
19
182
19
97
681
18
3
117
35
55
19
159
234
99
8
73
53
14
417
288
343
136
466
34
145
24
78
11
109
147
64
51
11
14
702
3
419
1502
94
4
132
75
202
223
18
314
20
457
169
54
240
95
144
30
34
21
1170
1008
1150
11
31
189
171
280
9
866
26
208
5
69
165
74
108
24
127
1082
174
7
11
55
6
11
277
135
6
47
137
224
63
378
614
46
145
27
26
14
84
1834
39
9
164
4
45
711
149
58
30
228
8
528
576
3
47
50
42
73
158
21
16
407
68
260
271
82
46
38
1091
27
26
102
463
270
126
24
31
75
45
60
79
1
3
1
14
4
59
799
8
30
65
5
487
64
19
15
717
1209
97
3
59
120
201
5
39
41
78
92
1044
45
524
213
9
35
3983
13
102
126
34
406
81
24
143
27
475
539
291
13
30
221
55
186
2
60
217
513
533
390
43
10
247
10
981
21
38
60
14
360
240
33
18
5
16
3063
154
384
5
20
62
65
10
96
45
21
14
144
100
267
103
131
71
11
8
82
33
155
3
7
86
153
9
133
17
6
63
0
63
25
43
346
273
2
63
2
787
134
626
310
13
805
56
209
167
55
114
10
13
746
0
6
30
120
56
146
452
374
333
1132
31
7
525
78
15
257
192
180
24
463
42
16
14
91
54
21
463
69
18
391
59
146
19
61
65
73
165
75
39
15
26
86
28
43
57
132
106
7
50
106
49
21
22
44
5
156
205
776
1694
43
2396
28
295
13
104
11
14
416
908
101
14
29
23
12
618
922
8
170
15
36
127
80
312
29
33
4
14
24
70
27
47
20
25
13
142
123
59
7
1
11
490
26
96
307
156
5244
3
13
23
453
58
643
17
114
26
11
426
8
51
218
4
240
434
3
28
15
24
34
29
24
185
25
5
18
3
20
21
29
262
162
341
14
24
47
3
423
394
22
15
383
18
302
11
104
27
73
27
169
3581
11
4
19
22
265
163
4
700
60
19
7
63
214
109
272
22
7150
406
1168
79
1044
102
579
87
2265
23
28
65
24
48
77
25
340
280
30
322
9
43
6
129
1123
46
2937
155
64
14
16
18
148
563
38
34
45
43
51
351
516
15
3
21
152
388
489
12
248
34
92
678
19
183
10
3
124
28
129
6
42
30
15
47
1503
162
34
133
25
1
36
7
49
292
339
399
26
137
110
94
52
126
26
45
1002
224
106
654
53
149
33
1237
519
21
128
400
22
289
18
155
157
38
82
210
48
154
3
20
21
223
154
16
236
14
782
59
25
23
182
49
152
2813
85
278
9
188
12
46
1048
38
89
102
11
9
10
112
57
704
7
13
7
84
7
208
160
148
5
144
195
4
53
197
174
301
27
252
644
1153
0
150
662
224
146
313
102
128
8
39
85
20
15
9
12
120
451
62
14
64
409
24
42
84
66
13
604
8
129
26
159
19
581
19
16
44
154
253
273
48
412
12
318
910
177
6
21
225
33
88
478
48
8
13
322
39
33
17
28
121
50
141
1
28
769
42
31
28
90
27
221
26
549
33
170
109
612
75
46
99
67
106
219
118
127
208
2
146
82
98
1883
6
15
83
33
991
41
60
131
29
26
83
19
19
10
17
4370
5
19
79
6
961
47
2623
14
16
3
9
325
358
38
564
8
610
25
20
17
38
3091
11
86
37
85
510
69
87
153
1786
35
0
53
11
24
622
282
40
137
84
62
43
4
681
634
38
83
155
70
3
28
33
379
83
12
178
8
13
18
8
7
2
54
34
47
1
21
88
537
76
29
246
102
960
1437
3
291
129
2
69
289
150
8
39
89
64
40
210
185
184
49
2
8
3
1475
53
26
40
105
25
1
2
558
49
600
28
150
8
744
186
20
186
7
506
33
14
1
46
1508
17
21
168
93
54
35
9
338
1315
6
150
104
189
6
34
41
968
8
12
22
78
109
5
795
232
237
8
1
66
188
56
7
41
203
52
269
162
141
56
47
936
1744
60
33
256
67
60
60
29
35
258
52
572
63
1083
10
9526
450
53
9
50
163
70
167
20
19
43
10
20
121
187
42
36
45
19
33
154
120
483
95
750
154
301
8
15
19
51
152
5
9
230
30
6
136
53
78
7
5
138
47
23
4
85
34
68
30
32
239
134
85
119
685
34
181
61
39
88
50
8
9
601
78
118
186
254
11
493
150
171
566
31
600
76
122
93
14
56
27
30
2871
3
23
5
326
375
22
46
37
922
146
261
19
27
157
79
382
771
22
13
34
1505
20
21
25
15
119
1456
370
22
11
8
17
223
26
625
80
139
216
37
27
461
54
192
769
133
68
1047
161
60
20
44
1154
131
103
168
18
27
441
124
49
78
160
276
232
21
12
35
76
70
5
149
140
54
18
109
114
8
99
220
7
157
15
53
90
9
10
19
1448
14
39
166
29
2854
181
16
37
121
3
3
3643
83
2
232
60
89
508
1177
269
16
635
24
52
68
96
227
90
72
111
134
15
39
66
1784
60
17
25
75
594
70
14
40
60
3
208
58
19
135
185
35
19
108
3
223
16
1112
10
23
467
13
8
26
8
285
29
49
2
12
62
216
409
29
44
134
228
26
50
49
30
447
118
85
120
52
26
7
94
69
129
49
374
33
161
243
72
51
170
185
12
83
167
49
362
30
426
34
100
3
15
5
423
131
9
117
56
49
61
9
7
40
232
107
2026
10
451
601
132
44
148
126
109
668
211
19
19
90
19
197
53
20
160
29
8
236
8
28
16
107
3181
13
87
96
880
294
50
204
9
95
189
15
166
63
17
172
177
72
29
360
121
47
97
14
732
65
165
44
92
78
16
295
98
656
31
66
108
87
207
2893
9
16
72
8
38
50
24
115
74
60
383
35
5
196
691
8
22
534
14
27
23
19
35
346
138
457
14
35
92
10
39
222
18
29
95
149
309
21
16
130
31
52
133
511
2
86
7
20
6
712
22
48
260
1356
9
11
164
23
425
5
98
21
114
157
50
75
164
23
285
15
6
1077
232
73
25
11
93
26
709
66
3
41
6
204
99
432
36
108
19
45
99
92
878
1028
367
184
7
30
198
121
131
13
17
199
53
78
330
119
29
5
861
44
60
31
52
539
21
266
1164
4
58
53
5
66
200
236
105
205
226
29
52
359
2
4
116
12
27
19
68
13
122
354
142
51
58
161
46
9
156
8
42
252
5
118
15
218
166
20
70
851
38
27
7
117
1762
24
685
476
67
90
59
150
222
2626
9
3629
125
195
520
140
299
78
188
6
3
37
124
114
4
175
87
15
1484
123
59
28
14
49
1
63
216
20
19
590
112
65
917
269
30
142
123
271
47
89
11
4
300
143
6
15
290
228
536
58
157
81
18
9
27
36
23
49
67
16
66
5
4
238
94
17
1967
44
466
1544
3034
35
32
123
67
145
15
112
25
43
457
287
106
1
548
18
65
177
48
370
19
156
10
14
122
27
246
24
27
136
39
1131
690
28
24
84
133
7
139
67
8
188
34
7
367
5
13
9
17
29
219
21
425
39
12
8
24
28
31
304
1
15
346
47
33
10
591
204
271
59
17
51
16
22
3
20
7
74
895
261
32
364
90
332
268
491
65
12
11
161
12
11
8
40
174
30
529
14
8
31
506
43
756
18
132
166
292
1057
16
411
15
271
12
4
4
70
63
55
355
6
23
10
197
20
653
62
34
9
211
28
431
8
16
16
66
396
140
26
28
69
197
81
26
116
7
258
286
279
32
1356
25
42
265
36
117
90
11
894
108
72
11
360
118
688
64
46
34
128
3761
92
7
115
33
22
36
29
22
431
69
15
3
108
64
252
131
31
54
112
5
54
114
2174
179
164
54
438
32
11
2451
50
10
23
124
7406
108
116
156
304
77
15
7
70
37
239
24
278
3
2051
279
57
42
35
91
4
17
126
68
816
41
461
145
241
181
35
154
1169
5
203
423
43
116
159
878
81
38
17
13
55
3
33
1022
42
149
1668
7396
24
110
14
32
201
31
461
27
48
141
57
51
67
142
3
238
12
20
625
23
296
101
219
13
23
762
18
202
13
31
58
35
29
5
30
55
48
63
396
143
66
379
43
37
114
218
5
1350
672
938
95
218
111
27
234
13
7
9
480
52
71
14
114
335
599
43
76
55
265
27
179
0
155
2
20
64
283
33
600
14
89
55
23
41
60
157
34
100
105
89
145
22
28
97
6
41
198
14
8
59
12
55
31
202
41
81
437
525
10
143
41
1
37
149
8
32
13
9
903
81
24
28
106
14
12
43
72
11
26
31
186
108
100
133
8
149
183
74
12
40
18
11
15
6
234
285
30
6
157
201
499
405
2
5
580
82
320
222
41
376
303
19
3
106
74
53
14
170
212
317
12
7
52
88
174
39
39
123
201
22
62
68
9
9
6
338
52
8
163
45
35
35
90
21
1750
1563
208
21
34
59
355
100
819
51
163
515
72
56
88
104
6
48
136
779
14
319
707
225
7
888
302
88
194
449
160
22
6
13
2962
24
36
50
237
107
1655
209
31
110
21
55
234
228
13
5
161
20
67
19
264
289
35
197
1
132
91
191
50
14
14
12
351
57
2676
218
192
6
786
3
241
26
2659
32
2
58
108
13
28
382
251
104
38
25
215
102
36
5
95
489
7
104
28
596
247
864
51
4055
330
79
307
8
10
421
4842
42
907
119
207
59
315
58
411
29
43
246
495
397
30
4
102
21
7
24
163
11
305
30
4
24
358
96
26
34
8
14
205
7
25
3638
1808
69
10
63
199
42
9
144
149
23
17
8
59
466
200
79
96
374
17
1149
300
126
21
93
474
33
16
135
0
321
503
29
364
44
324
12
48
187
24
411
37
6
74
36
14
28
65
32
11
81
69
352
10
313
17
49
6
746
8
36
88
75
25
228
281
50
207
88
8
158
229
182
42
222
74
12
316
13
37
342
144
16
73
5
11
160
86
60
526
280
182
33
951
65
121
146
40
20
14
8
12
13
8
10
383
1721
42
47
21
23
41
51
133
3327
5
85
19
90
2
280
14
39
33
27
44
33
39
334
3469
280
8
570
92
792
26
27
5
53
259
7
344
45
267
1
255
2
468
299
613
41
105
22
28
111
119
903
62
32
37
69
306
148
121
12
38
173
5
29
534
160
8
51
920
77
34
20
420
311
40
190
1022
162
13
4
14
24
13
20
39
354
185
1037
95
12
0
5
125
104
996
17
89
75
21
24
12
16
4
9
370
31
211
25
85
254
12
780
633
28
101
954
49
32
40
31
35
148
87
1102
44
6
440
62
389
84
228
137
438
381
131
62
38
407
384
109
28
78
1850
151
131
126
36
668
53
45
20
52
60
20
146
8
15
165
89
17
340
7
95
51
85
86
31
10
94
467
71
2
1953
8
458
55
10
102
176
185
5
40
458
73
607
166
9
69
13
18
67
207
105
123
110
239
97
13
8
1922
223
127
84
1939
24
54
391
138
47
368
11
157
140
4756
83
35
7
64
321
103
128
31
14
6
35
100
7547
84
20
13
111
11
235
57
2
43
97
113
102
38
79
729
5
6
12
8
1552
2
2
43
264
12
162
94
181
86
532
24
286
1
104
166
14
60
132
445
428
6
81
9
43
14
42
62
6
349
44
28
49
40
451
54
39
958
152
5
16
85
13
53
1599
24
321
12
39
32
2224
284
280
99
337
14
13
208
143
9
99
28
1554
19
100
146
7
34
68
129
46
171
133
2753
78
40
706
21
36
1277
220
115
32
20
16
387
104
69
48
6
1
153
30
28
85
11
181
95
2504
59
26
748
138
33
101
0
23
13
1120
26
28
34
129
35
2451
14
17
36
742
109
317
191
66
6
1128
79
849
2
49
745
356
38
383
7
9
105
253
41
410
4
66
341
20
69
1811
416
28
590
180
12
29
125
144
23
1
376
46
59
85
382
128
27
134
52
47
225
28
23
1458
83
1016
165
267
12
22
19
34
28
713
80
74
11
38
7
69
93
14
5
4
22
23
407
1396
94
31
24
441
358
2
42
261
48
49
43
43
13
37
403
51
137
21
5
4
58
234
523
2436
64
40
21
15
47
197
18
61
221
208
110
38
733
42
416
1844
147
26
3
20
43
13
119
68
8
198
18
30
6
43
107
180
447
134
13
19
40
1025
113
52
24
102
14
40
359
28
142
208
150
134
249
1
91
98
32
146
28
19
71
366
79
56
464
1114
23
250
13
50
7
110
51
192
40
64
83
28
173
10
724
20
33
420
12
7
8
34
43
12
128
108
1420
44
16
88
1029
67
230
27
35
37
324
19
25
93
52
24
225
271
46
96
119
368
28
19
8
127
16
28
34
378
220
76
13
104
114
35
23
24
1
24
1776
23
2621
36
290
2552
7
10
4
155
37
26
82
15
70
18
16
283
40
1065
8
23
46
93
14
2
122
160
109
819
36
50
609
144
21
173
22
63
251
1
160
38
17
6
30
25
44
110
193
193
2
538
111
35
14
113
18
2052
555
41
9
19
225
883
121
35
14
83
246
799
207
120
32
2044
4
371
3
10
4
80
146
529
697
9
30
34
718
119
25
1231
37
138
55
6
65
85
18
27
3280
120
18
30
77
110
66
85
64
19
10
67
3392
37
24
30
34
7
45
23
72
55
19
337
191
157
362
41
104
75
24
53
41
268
13
15
3
17
21
86
390
1482
222
649
164
85
2117
16
167
244
34
62
8
27
21
200
65
29
227
68
228
833
285
15
10
29
109
42
1108
22
24
67
24
724
62
91
9
160
454
1272
20
133
288
105
168
802
29
650
15
30
249
106
57
6
175
135
345
93
1
5
258
88
9
29
28
407
23
9
30
78
12
25
244
14
19
56
910
284
19
49
27
16
5
25
144
223
926
50
108
33
29
103
212
109
2
71
139
84
78
22
149
11
104
33
39
30
158
16
34
659
134
15
762
477
6
73
151
8
86
181
61
108
58
10
1708
139
161
10
9
26
177
146
13
156
59
3632
702
16
118
21
38
160
236
186
1
32
203
19
32
766
1008
171
137
53
3
301
1683
54
80
18
82
48
82
61
99
15
145
132
723
47
302
36
75
78
293
6
258
593
52
19
15
121
8
12
834
6
234
492
13
20
210
64
242
2
6
18
3464
108
414
88
15
58
347
129
248
27
132
52
2
137
206
16
98
154
143
183
23
13
360
8
111
24
111
95
152
665
6
182
92
2
422
19
107
123
1
58
24
49
27
30
225
57
149
67
21
145
304
125
144
15
4
226
385
14
30
656
29
144
7
49
196
313
10
33
14
107
222
44
37
83
50
4
91
385
259
173
87
79
309
25
23
130
212
34
5
576
386
100
605
185
17
111
16
70
394
9
124
4
36
1
3
33
1026
884
128
22
119
12
225
6
82
115
45
17
307
261
14
100
18
223
78
356
21
68
32
109
206
221
102
265
23
51
222
34
65
48
27
12
35
2
45
4
22
18
80
440
7
1144
1066
68
18
105
116
41
35
29
44
224
1
8
39
83
10
349
155
62
18
130
63
83
10
13
101
4420
17
94
11
273
10
55
180
176
9
137
28
89
23
235
78
107
8
4
36
25
6
231
228
11
84
21
158
235
172
94
4
31
35
53
13
124
996
947
1475
1175
14
2335
119
114
97
85
206
6
10
59
497
38
55
8
253
72
39
90
94
14
2
654
671
5
47
34
1
8
40
11
46
126
37
18
311
58
40
248
69
65
1524
28
147
39
202
608
239
1208
16
221
119
1687
51
137
12
34
624
160
20
22
11
513
3
852
41
9
183
63
2951
383
17
64
86
1
40
357
10
211
112
119
221
275
60
343
117
446
106
237
260
364
156
18
46
7
47
18
78
340
34
64
830
150
614
14
22
152
69
65
8
23
12
25
10
598
3
25
7
89
5
21
16
31
9
104
27
8
50
13
31
83
224
22
136
433
10
22
82
2857
353
96
45
412
90
65
23
1
364
270
15
62
925
29
1406
215
45
142
104
92
322
120
255
50
4936
67
60
8
41
8
14
10
1238
26
12
166
11
9
3463
24
11
39
1415
6
20
29
6
3
943
3
313
146
283
1
65
106
6
40
81
144
2
7
28
125
5
12
1609
408
130
92
7
30
16
497
140
9
34
52
15
130
76
62
32
14
219
367
27
684
48
140
50
21
111
4
8
69
16
43
15
8
347
7
22
90
22
61
24
110
40
68
56
13
19
19
47
1131
262
29
7
546
82
27
269
341
37
31
31
23
442
633
32
178
205
14
39
14
10
45
22
11
145
1503
8
27
304
27
34
12
486
5465
5
221
5
62
4
3462
14
28
567
61
1610
82
13
16
143
29
259
46
93
14
12
45
26
5
131
27
12
41
1
57
87
14
6
124
87
5
601
89
160
249
29
192
127
1175
42
223
119
27
82
8
200
325
84
1484
22
76
102
132
17
115
2
53
4
89
1009
1160
994
10
35
30
5
7
5
56
250
36
4
569
184
644
103
104
775
221
45
80
70
206
2122
529
41
117
10
39
99
121
26
274
494
26
60
52
25
2190
171
76
347
1474
3
4
111
17
33
5
663
1160
2008
6
3
1936
19
134
12
24
50
139
582
32
64
28
106
794
39
56
5
11
772
23
73
111
631
1000
183
252
1436
118
101
158
92
126
36
41
330
379
312
349
548
127
384
1
153
20
165
83
25
8
155
88
13
146
34
87
465
1025
53
95
135
105
208
210
17
31
88
130
39
88
475
231
30
2
219
83
361
110
1374
52
255
90
91
35
9
17
121
533
227
695
254
362
3
168
1763
187
134
180
171
14
34
1220
348
68
72
1018
53
7
12
1496
20
39
65
116
82
235
1046
2034
28
16
24
679
2
38
46
437
167
577
120
57
4619
6
39
179
26
10
9
224
38
929
90
225
104
128
4
853
190
76
8
6
251
102
264
92
10
265
12
662
24
454
95
22
8
477
8
270
627
69
477
355
12
16
3
59
62
86
79
13
415
49
17
117
41
367
32
24
79
76
66
5884
120
1
226
72
261
367
19147
57
23
218
42
11
10
27
69
180
9
105
37
194
1075
158
19
2550
65
419
1085
156
136
78
3010
27
135
27
6055
32
123
10
2
565
24
2649
238
47
113
23
42
7
17
240
187
456
87
37
280
50
94
7
13
10
19
189
9
14
102
47
44
2713
26
47
50
33
1808
46
35
78
42
15
376
29
1209
325
153
65
1482
399
41
33
46
16
130
720
111
31
42
316
184
66
96
12
12
939
80
7
349
12
99
7
47
531
7
14
165
201
34
400
1348
20
10
52
11
392
748
141
8
84
4284
141
83
1462
12
12
219
96
36
42
38
283
24
11
13
89
48
14
56
53
387
446
83
308
118
73
132
40
8
1123
66
82
23
30
47
6
15
35
4
38
30
374
41
14
109
31
1263
4
13
151
89
327
10
51
64
2
14
49
144
34
420
13
16
64
77
6
67
19
8
6808
347
36
24
13
403
128
548
10
24
8
428
51
46
155
29
78
139
185
4
487
1106
19
55
1373
9
143
65
3113
449
210
32
497
44
5
17
19
32
833
67
50
883
65
216
69
276
38
17
12
34
7
55
897
20
65
97
224
13
59
126
418
70
10
15
30
963
1
60
112
160
168
16
26
65
25
654
129
16
17
12
198
313
24
69
350
72
391
4
330
179
168
35
1411
8
67
118
21
69
67
1620
92
348
356
132
177
42
544
13
106
184
283
24
16
18
66
44
228
185
13
13
3
25
93
27
54
36
12
12
26
7
28
185
108
288
62
16
364
24
13
110
36
380
570
571
126
114
16
21
382
126
11
4
130
21
40
27
1111
361
627
13
37
26
322
148
19
14
5
120
14
17
203
8
63
10
582
12
14
291
58
167
119
50
489
12
418
610
6
495
50
182
4
55
6
8
32
72
540
345
14
70
4
437
70
30
109
57
18
53
82
11
29
331
11
941
50
644
84
93
95
15
4
225
115
147
46
25
35
534
84
1657
39
17
529
25
96
17
300
831
13
38
445
140
2242
15
22
50
49
180
19
55
11
29
928
7
501
190
16
144
15
1015
113
380
172
11
1109
78
2
103
22
821
192
11
44
91
16
33
47
103
13
21
348
76
52
27
44
68
18
69
33
380
78
675
195
90
368
8
18677
31
260
97
26
7
143
113
601
5
100
154
1934
5
41
56
122
16
13
842
9
32
3501
111
559
35
189
16
24
81
30
26
480
45
12
2
165
43
7
102
26
162
34
54
367
7
150
7
121
72
6
573
33
308
5
93
9
746
40
41
34
186
121
49
9
847
1388
6
36
100
247
43
377
63
55
363
383
32
8
51
27
10
25
4
397
122
114
143
45
8
16
414
116
44
45
242
56
12
327
112
41
157
400
31
8
412
56
167
0
232
1089
58
19
37
240
47
20
164
710
85
168
5
30
17
84
7
12
86
16
80
27
45
105
23
20
29
49
40
32
67
19
355
76
18
458
1341
104
32
41
130
352
51
13
14
31
515
56
28
39
139
97
2
34
263
17
25
633
2039
87
29
826
108
251
46
46
106
146
6
16
594
76
120
17
23
1609
124
22
160
213
6
14
23
3
36
22
951
193
20
12
154
2
15
116
1204
343
38
127
92
134
207
208
35
4
898
276
426
136
9
35
3203
240
20
162
14
156
8
7
18
84
10
1348
11
934
21
191
10
11
7
415
60
37
4
6
128
23
11
71
219
74
806
3
24
104
14
150
8
8
87
40
23
132
11
22
29
115
9
5
347
18
725
8
26
67
133
456
114
83
63
5
945
25
18
42
211
530
11
141
9
161
237
28
31
989
969
13
7
2
135
7
18
14
276
305
5
558
10
28
19
136
10
337
357
324
723
30
142
31
21
18
19
86
67
363
7
25
42
89
164
354
6
26
10
824
1179
14
6
934
26
68
8
34
2395
77
20
1880
2
174
70
119
74
35
499
18
23
174
94
256
50
20
32
43
6
18
35
776
4
38
9
23
25
43
178
14
99
31
160
55
319
17
5
297
231
17
35
118
43
116
6
108
17
117
349
3930
82
302
12
14
1145
15
138
116
86
52
113
12
31
54
18
29
36
71
567
2
156
31
46
96
319
144
3
22
97
9
353
21
733
124
1697
6
588
121
12
12
192
16
386
141
25
9
401
16
5
152
20
19
807
55
171
18
95
391
105
1430
28
19
123
67
753
53
39
26
2
32
237
25
93
5
58
143
54
19
3
31
15
34
277
128
36
42
346
9
84
63
27
22
61
158
16
29
14
85
4
23
5
392
251
12
701
1150
52
61
134
26
85
219
30
411
553
26
378
132
146
9
9
172
41
12
1
72
7
176
19
92
76
171
14
101
37
44
334
21
564
279
33
941
139
19
36
219
47
250
303
6
77
40
256
240
1017
24
1950
73
34
6
72
153
22
248
51
158
399
213
391
128
18
17
425
14
585
21
15
127
97
148
174
1106
524
262
22
1306
38
3500
12
170
80
844
5
8
158
74
8
3
15
3
562
5
13
85
23
253
35
11
13
122
23
211
582
3
113
98
188
48
9
176
696
490
15
3
6
481
435
136
233
496
2
19
159
123
664
1121
303
107
10
299
56
116
4244
2849
118
10
8
13
184
300
323
29
23
114
33
193
2
232
21
404
27
11
29
5
87
3
19
60
1438
36
39
34
140
31
14
4
32
141
12
130
203
14
410
24
183
12
18
16
9
444
15
146
49
281
29
53
30
140
67
292
14
393
110
133
6
47
82
31
34
77
21
5
41
257
9
157
36
130
438
23
37
5
1913
8
133
234
278
62
8
1302
193
67
226
13
66
1203
81
76
366
2829
397
96
85
19
1849
87
8
386
463
346
53
91
1
49
1489
49
598
9
4
36
44
26
231
14
70
615
23
12
47
8
48
103
12
13
307
125
33
60
1423
202
482
16
20
2380
396
12
32
100
96
2788
2
47
10
60
357
35
63
73
11
1525
23
165
5
619
131
1067
20
36
1845
54
18
13
73
95
52
610
273
88
72
101
251
915
23
39
15
13
175
154
458
54
289
155
38
323
435
305
252
179
25
65
1166
362
94
18
112
45
32
19
12
33
40
348
157
178
277
7
46
3
205
29
248
291
198
3
30
431
35
39
84
2897
8
27
3
3
28
38
31
3
6
14
354
1663
225
5
135
37
40
942
139
320
7
17
749
56
427
350
10
2
34
369
232
30
12
9
16
127
8
5
970
132
52
27
24
1
12
227
187
73
78
19
837
108
160
54
74
549
4
1037
208
24
37
37
1
40
3492
127
353
301
74
49
146
79
11
534
33
1
659
162
168
7
393
423
315
771
60
124
159
2313
45
12
32
135
30
58
3
36
428
260
46
288
44
105
6
67
59
155
32
468
537
1
23
142
25
97
34
13
4
11
46
20
21
36
6
324
54
19
81
380
61
134
43
31
714
96
136
118
493
43
22
47
366
26
11
14
524
5
1517
73
15
64
7
421
23
463
13
10
8
253
78
49
178
9
7
158
153
6
108
21
225
81
244
11
764
1999
206
17
553
63
35
12
18
166
317
65
142
93
32
55
31
8
36
1
112
92
2
82
118
13
92
112
23
29
313
180
251
35
87
220
198
77
49
30
4
118
24
65
475
23
9272
197
36
1173
11
31
429
51
851
7
91
334
395
15
9
99
210
39
285
2332
218
115
150
15
60
110
28
27
929
157
372
4
538
336
557
34
74
18
86
197
112
238
39
365
105
104
243
1
22
105
67
13
57
88
104
348
39
35
60
106
18
42
29
55
30
18
176
14
1717
13
617
2239
16
1381
3
27
19
43
115
199
19
1168
399
41
45
210
65
177
56
64
6
129
276
30
353
20
81
154
698
55
1
24
21
27
17
87
86
369
28
8
5
23
58
6
10
67
12
32
30
273
50
14
25
140
42
122
64
20
31
24
3
287
659
214
23
189
88
20
167
69
74
107
12
72
32
98
62
623
64
803
9
213
139
52
23
98
75
1
35
73
325
5
87
89
14
218
47
55
135
37
129
2067
462
40
38
7
178
441
13
265
42
245
35
363
279
321
1421
57
27
46
124
225
529
288
290
40
153
575
62
10
30
82
58
229
37
112
37
15
25
36
177
51
35
33
225
735
1118
37
15
23
71
583
14
189
27
9
61
28
41
113
27
45
7
33
32
19
9
461
20
551
52
120
134
53
29
753
40
1601
39
21
44
19
264
383
23
22
55
60
9
724
124
599
88
806
2
39
67
30
930
19
27
16
20
80
15
48
278
1641
1104
106
91
22
19
227
123
377
287
156
63
77
426
16
235
127
8
21
343
22
38
190
429
4
42
20
10
13
276
48
71
6
80
17
13
24
12
26
44
487
22
146
371
150
6
133
66
114
122
444
5
95
4
142
2407
32
18
76
53
41
4
79
2
736
5
35
19
28
254
25
68
401
76
66
5
46
59
13
44
36
167
349
1074
17
59
27
74
80
30
385
81
29
183
74
7
28
193
47
453
24
18
55
226
42
53
8
52
16
449
103
624
58
566
1
273
28
252
12
231
52
21
99
19
259
50
57
117
127
49
116
8
29
49
17
82
12
22
7
127
88
4
15
4
560
1426
6
187
8
88
64
263
381
37
31
13
20
220
22
90
4160
5
72
243
2
828
15
213
116
127
26
77
10
48
66
1198
4
5
118
88
56
16
135
576
710
59
180
80
34
106
33
138
156
14
49
39
10
11
1560
2
319
17
21
3
100
4
1
41
64
6
12
62
5
35
24
8
58
137
177
58
139
10
53
4
11
17
159
23
2
40
13
51
726
61
280
39
25
71
50
141
7
51
73
168
56
21
103
1284
104
589
308
1460
7
62
309
914
21
58
22
28
566
11
20
148
165
1438
28
178
74
146
423
18
313
32
7
43
155
58
41
2454
23
5
632
895
13
21
163
1900
315
56
97
220
5
68
400
351
7
469
97
8
48
13
29
22
39
5
9
36
49
49
730
13
51
11
23
138
77
73
10
39
14
232
76
30
149
34
1526
11
4
390
18
27
53
2
143
171
37
65
166
304
168
67
90
9
5
133
23
25
91
69
957
93
309
470
27
325
37
68
353
95
52
1524
302
13
23
70
59
1371
86
23
141
1218
326
91
15
8
315
73
46
508
34
23
29
77
56
14
105
3
363
407
20
165
18
117
50
12
66
120
47
33
173
5
230
36
73
18
27
56
129
28
325
14
19
0
218
52
673
269
19
10
144
31
27
343
1076
150
197
19
54
155
24
12
449
408
77
214
13
26
197
4
17
87
165
41
37
192
49
311
123
21
210
1045
93
263
139
107
78
125
69
12
301
19
2185
11
9
653
36
189
114
2015
1517
122
37
443
2219
133
88
12
42
22
66
186
12
66
1486
69
69
94
112
18
45
80
103
2762
38
35
307
4
165
26
2
638
69
19
44
214
9
43
2
266
13
73
65
632
21
53
57
476
109
25
309
5
3
55
165
378
145
34
2376
197
55
25
198
123
29
93
10
307
6
31
480
51
161
212
69
17
52
44
118
1458
62
1985
67
7
168
321
8
158
34
351
101
50
8
32
94
126
51
255
194
428
13
4
14
12
13
41
2
349
271
96
42
8
274
694
34
216
40
49
15
428
211
10
23
11
79
139
141
39
8
454
139
1880
22
9
24
34
85
20
3860
28
11
108
43
1
95
21
49
20
47
30
12
172
41
8
128
330
101
4
4
71
48
5
43
4
22
247
20
29
348
43
36
29
278
239
64
20
47
146
122
1014
11
26
97
547
89
27
354
7
51
191
6
22
3
4
6
13
21
124
22
7
176
70
346
57
91
90
72
1214
34
15
28
127
113
28
106
266
6
18
35
4
1
17
2
24
200
14
800
430
463
217
46
25
125
162
335
627
43
73
24
73
11
32
136
50
282
7
8
542
71
29
296
2
29
159
416
16
11
132
29
900
78
42
33
73
286
328
277
35
37
16
10
4
4
125
15
137
43
874
1061
39
481
389
67
687
702
15
17
78
27
20
91
11
7
32
205
195
498
33
188
245
24
12
16
198
33
9
669
50
8
382
32
47
167
14
1287
82
62
920
32
58
46
88
1413
136
22
15
191
1
43
115
29
580
149
261
108
75
86
78
10
378
134
14
18
3220
14
28
787
359
89
38
436
158
116
30
16
280
598
237
449
32
1
154
31
184
11
136
476
324
134
251
18
123
24
15
906
53
123
378
100
255
11
0
205
16
226
68
4
75
106
12
516
45
22
6
7
137
7
473
118
230
273
24
19
133
47
474
51
19
84
5
888
56
104
151
41
63
26
400
1516
68
50
257
454
10
35
132
62
60
64
159
126
23
34
1384
198
49
306
136
13
53
42
509
41
21
53
73
17
100
113
1038
2687
74
286
20
69
821
38
383
16
31
57
468
29
128
475
80
24
7
60
116
159
5
93
514
77
58
65
189
4063
8
47
163
155
28
4
13
1166
109
29
76
6
16
106
97
41
54
58
52
13
898
89
39
13
192
148
407
15
897
60
397
97
653
31
885
287
215
35
47
69
8
87
47
19
31
175
496
37
26
7
10
625
6585
21
3036
40
125
4
8
10
44
430
2
33
29
147
39
680
301
23
115
94
292
928
649
16
2099
99
1123
814
303
326
59
71
9
31
54
72
62
32
101
56
34
11
857
145
310
15
213
164
373
18
154
548
101
20
41
257
54
32
341
104
43
132
18
20
35
133
212
217
860
18
76
6
43
127
21
242
8
44
33
9
29
34
44
317
205
153
196
21
316
70
181
39
5
113
337
64
15
345
271
301
59
30
42
30
68
10
22
119
9
112
113
12
80
60
8
48
1
17
26
154
38
110
40
7
72
42
80
87
13
33
195
68
45
130
221
116
193
3
50
63
46
59
49
3
54
74
232
75
2379
174
56
3
133
453
3478
21
194
3
163
28
46
71
0
13
70
22
110
261
290
18
170
121
9
37
5
260
16
5
269
1245
85
179
167
50
113
416
160
1324
5
6528
17
69
490
8
27
4975
30
1476
11
142
375
19
13
29
347
27
25
6
1022
36
29
10
42
17
14
395
639
55
126
276
592
264
102
373
115
51
217
20
143
39
3
47
482
2980
152
49
252
423
15
14
29
1371
16
371
6
16
100
2
38
530
6
3
25
5
10
41
83
98
38
150
16
42
12
963
408
72
335
846
259
277
1057
20
7
376
50
6
18
7
12
48
168
125
22
17
81
15
170
16
978
84
2
112
1623
293
152
15
2
36
18
31
76
18
74
153
39
231
211
30
128
632
96
451
10
350
138
184
63
252
129
9
437
224
8
188
23
890
280
18
1057
141
16
18
78
1092
33
9
61
180
47
404
94
390
3456
76
176
193
3
27
24
65
324
16
1812
153
29
111
109
619
258
8
25
128
52
623
3
15
385
42
455
140
16
28
689
215
63
346
226
14
83
7
12
93
54
173
350
7
17
9
119
570
144
142
10
93
10
47
49
228
48
173
166
89
15
57
77
865
5
196
62
5
41
17
93
39
50
29
101
35
484
21
11
117
25
6
79
28
60
9
45
789
771
234
19
1
147
266
1027
44
12
27
123
47
9
16
7
17
214
11
8
69
3
21
98
48
20
77
506
71
178
225
12
59
346
62
206
27
11
512
40
571
690
97
137
4
15
71
73
11
15
11
2790
35
11
891
33
77
1
1
87
20
6
13
7
6
28
55
246
27
51
50
83
3
38
540
50
18
189
38
37
14
6
28
339
144
12
45
39
66
1134
8
267
484
6
49
97
366
868
58
175
114
17
8
19
295
22
220
48
17
678
299
89
39
12
27
96
3
550
12
33
157
3
121
30
39
49
848
47
2
380
187
32
2
13
52
155
1258
122
124
254
10
220
1
27
80
633
703
13
2
506
34
637
1829
39
38
6
6
12
434
654
43
1831
1084
1721
108
69
265
1
8
50
29
12
21
40
79
37
76
119
23
102
144
19
578
173
54
23
138
319
19
28
109
904
1128
2
90
336
16
4
264
18
96
46
113
266
3
93
8
178
120
178
7
518
24
1
28
267
25
3
143
30
15
283
3
53
535
3
5
1318
224
10
250
106
31
10
41
173
272
108
4
9
46
8
207
61
99
160
9
194
510
71
88
225
41
70
648
21
6
6
8
524
30
6
26
34
43
207
498
75
68
4
17
57
55
137
1425
6496
397
287
95
257
15
14
49
23
285
112
72
13
18
51
19
107
10
160
8
10
104
21
118
158
848
425
104
146
262
174
33
37
43
174
534
459
7
27
26
41
293
111
8
4
102
108
10
105
17
162
48
32
11
22
1526
30
15
99
5
47
70
0
58
80
326
20
390
390
24
117
110
14
392
30
64
306
39
44
27
10
442
240
129
25
66
543
2
249
41
152
18
8
44
0
272
188
20
275
9
39
507
348
2
484
3
89
10
1597
161
3
4
13
446
253
9
28
110
954
4
970
45
5
142
53
21
63
4220
81
337
347
342
231
44
12
164
17
207
269
211
2
48
479
12
56
44
15
108
382
0
712
903
85
26
49
18
28
109
54
47
163
15
6
26
202
67
122
144
23
23
54
1516
49
11
196
22
177
27
16
2
104
12
32
38
466
142
4
174
732
78
420
202
163
9
63
349
253
246
1447
31
1104
401
28
7
248
46
63
31
873
10
276
31
12
15
26
9
110
35
52
44
25
84
70
4
24
9
161
47
14
3
158
181
90
13
73
15
1
3
186
330
18
57
120
228
132
24
534
476
32
146
547
5
112
52
18
34
324
30
22
45
1588
1
63
7
168
33
48
85
152
227
209
29
403
712
16
43
11610
244
248
23
39
33
7
14
264
1228
70
54
17
2732
68
127
79
139
7
103
39
126
184
5
35
107
78
7
103
6
5
34
380
1324
129
31
338
196
146
12
55
59
185
283
8
47
68
84
324
601
30
4
1570
5
23
1118
4
16
16
2
1538
151
69
697
14
40
13
247
16
9
66
15
26
323
58
7
126
137
18
163
253
10
111
25
112
729
105
28
13
554
8
45
157
200
30
15
157
176
59
11
15
11
53
26
71
29
38
60
6
6
182
26
16
18
47
496
72
72
65
516
156
99
2881
175
9
86
77
15
16
110
12
14
14
2
22
115
298
176
6335
24
136
28
133
102
403
21
686
7
12
11
6
107
42
3
8
23
249
12
57
1278
415
438
344
60
3
14
570
2265
337
125
6
924
46
45
19
0
32
22
165
74
41
28
671
68
32
12
64
126
261
5
130
122
12
31
545
167
161
13
53
39
174
60
37
114
193
482
52
76
342
124
292
25
318
391
29
10
29
159
229
353
129
53
134
681
68
21
7
25
18
7
406
15
36
19
56
110
141
6
9
13
20
103
295
70
31
24
382
417
43
58
627
105
10
19
51
82
282
923
78
200
32
1290
11
84
473
32
44
80
31
4
817
164
12
34
123
557
47
12
72
9071
276
442
86
996
131
93
138
58
9
94
1
3540
2
649
14
48
359
65
407
43
4
7
194
70
59
43
80
114
219
34
1382
809
18
22
18
16
120
96
18
4
35
4
15
31
110
115
2
443
32
212
330
49
8
30
60
302
192
11
223
739
156
10
137
14
412
22
52
10
11
210
6
270
100
140
94
323
28
31
360
1081
125
222
5
40
101
172
232
71
12
540
4
59
11
503
249
31
31
69
56
375
363
24
54
4
4165
1475
254
136
344
175
152
569
564
22
94
47
23
66
563
14
87
25
54
12
15
73
173
42
14
243
192
31
54
187
15
305
12
41
201
148
327
109
1434
7
34
38
208
361
377
55
28
324
8
4
503
0
152
79
11
234
29
337
10
129
31
367
929
1669
166
7
14
114
34
226
45
619
27
61
45
42
25
1
67
22
4
71
60
1170
69
79
152
269
411
131
8
4
82
7
544
18
57
77
9
17
29
26
53
25
14
117
182
2233
52
22
11
171
169
47
3
241
56
740
11
501
200
76
294
1086
52
320
44
403
203
419
33
33
0
196
94
84
97
70
4
29
278
82
30
5
21
94
444
22
14
1245
143
385
57
36
22
492
104
24
21
137
28
648
17
51
18
1645
12
136
12
67
36
50
13
14
257
52
972
30
34
97
90
133
26
433
109
27
281
219
17
159
25
34
11
90
105
9
204
273
1
30
51
25
168
60
75
50
17
13
40
152
281
1270
86
45
16
15
27
41
64
62
90
39
126
22
50
7055
17
0
49
14
155
141
19
688
3321
282
272
291
353
158
379
18
16
96
49
246
96
36
392
293
1
31
101
111
40
799
18
299
7
35
448
133
180
104
59
32
187
105
6
36
63
4
226
794
4
23
192
1306
22
8
410
14
107
520
3
128
188
17
38
25
524
1049
261
14
7
150
119
90
118
57
8
119
46
146
37
202
14
38
39
114
23
32
100
371
13
5
25
979
28
6
50
0
429
28
69
149
63
4
153
6
28
1650
9
149
178
14
73
20
92
746
22
480
17
3266
45
2263
218
69
42
162
19
38
1384
16
3
46
293
560
1
76
10
27
63
40
320
3872
7
70
111
175
184
485
7
11
308
174
41
12
8
59
207
20
624
182
13
65
10
212
433
18
60
525
33
134
321
257
56
720
198
191
92
30
100
1
471
5066
87
725
29
50
114
734
13
60
111
250
204
366
43
34
90
2
107
437
161
18
13
8
14
26
283
716
15
165
52
7
1452
28
408
522
154
28
209
76
33
18
123
1329
33
11
6
436
13
56
3303
24
37
913
15
191
282
32
45
2
4
74
158
328
232
1046
112
801
13
80
18
6
37
13
504
7
962
20
23
4
28
99
71
366
23
38
108
2095
19
5
138
48
931
51
2082
6
17
15
48
49
599
43
20
117
240
439
212
95
218
339
4
16
8
3
672
351
11
61
12
1437
620
115
491
88
983
91
133
874
469
345
11
21
348
71
109
21
64
10
27
94
1021
2
35
29
396
55
17
9
57
56
125
56
340
35
21
499
51
277
1392
9
514
40
38
10
15
8
28
5
9
4
157
182
17
57
4
24
19
98
15
158
15
22
4
795
9
544
639
107
240
66
2289
37
74
45
6
453
290
143
232
24
10
271
53
9
51
14
70
155
25
884
9
199
158
35
92
5
39
18
42
1164
49
189
49
30473
28
22
178
100
164
14
7
241
104
5
2
249
12
109
155
19
10
507
6
25
31
19
8
200
110
562
8
31
141
16
194
11
86
71
377
257
16
28
54
18
32
25
149
205
444
354
244
54
3
377
173
31
241
42
15
56
15
273
370
1221
50
6
47
79
1
46
2109
1567
1889
88
145
17
420
283
14
62
322
64
2031
259
150
116
365
342
16
23
262
16
175
11
42
480
3
222
320
23
109
12
34
308
79
134
11713
132
71
22
70
147
567
489
878
83
631
376
1
79
101
55
184
180
118
26
83
1514
67
57
23
10
7
2
31
93
35
47
2293
3
28
6
79
266
106
56
50
548
4
31
9
255
27
8768
112
77
21
58
430
357
43
345
66
296
547
15
262
23
24
284
202
962
38
311
9
364
65
37
85
17
220
41
126
5
2803
18
29
41
48
3
33
287
22
233
191
19
581
102
45
8
142
52
8
12
53
103
8
114
77
170
3
49
351
220
444
417
121
31
6
474
59
152
74
412
149
13
10
97
51
77
8
1419
111
6
38
91
12
230
406
363
215
27
500
11
56
409
34
242
150
381
69
175
15
207
59
22
180
18
217
62
106
1215
518
367
336
139
133
21
68
70
36
103
1
159
74
1210
9
36
704
35
21
306
11
53
132
180
18
434
10
5048
221
77
144
124
211
200
31
53
22
19
45
2
34
638
28
43
152
238
7
1413
60
82
37
11
16
30
11
103
829
65
50
23
14
28
92
8
8
47
43
15
14
154
64
79
260
725
64
130
212
187
10
15
15
200
78
8
1789
423
71
19
48
13
202
11
19
8
393
30
1281
602
112
6
195
1255
664
0
17
48
20
19
40
7
25
25
4
43
51
94
280
32
65
12
111
668
107
34
590
89
836
11
13
457
7
144
212
1494
455
42
104
1499
121
23
90
303
12
149
326
36
17
133
135
12
5
82
3
10
16
98
6
309
266
156
12
97
99
123
81
3
3
7
21
15
2887
29
18
313
184
43
79
222
52
26
113
15
391
1
259
121
40
77
600
299
16
29
19
90
375
25
30
19
54
70
386
143
118
47
17
7
76
95
29
71
42
22
210
128
360
11
41
116
119
29
1794
107
32
231
33
144
12
557
73
135
221
384
23
173
243
16
44
54
25
2098
20
41
32
160
17
601
598
102
972
509
13
85
890
122
190
12
1518
762
32
0
24
33
6
29
11
239
566
17
141
39
553
14
391
36
26
3
62
75
104
17
54
23
3
41
1559
8
4
11
58
9
82
33
35
17
35
46
219
16
10
42
40
2060
493
804
32
667
31
1139
327
8
81
18
3
8
290
12
566
81
26
149
297
8
43
53
34
49
216
362
35
2
93
84
7
28
25
794
1349
22
836
19
26
17
8
246
214
58
45
928
26
53
14
39
141
4
8
7
34
8
63
202
398
18
129
578
28
30
137
6
278
34
406
4
29
3092
56
95
34
3
3753
180
24
44
41
108
28
31
2
88
450
177
297
130
221
33
289
102
10
383
61
1842
68
1104
18
37
10
169
26
9
367
75
468
13
69
309
14
12
131
197
71
24
28
3
229
50
936
32
6
29
43
485
242
18
186
423
104
568
30
7
531
43
458
45
184
11
26
7
2
497
13
74
2
1380
200
393
10
46
335
18
2033
77
132
290
6
24
166
520
619
863
20
106
220
37
106
4
278
1359
6
5
4
108
7
274
39
204
865
160
396
73
146
35
26
12
143
372
6
621
747
921
20
1192
106
216
24
40
1507
10
12
19
41
3649
316
5
342
280
3
33
7
310
241
34
323
279
260
42
3
21
11
18
76
32
9
58
24
40
93
479
142
135
204
174
834
4
93
12
10
3
476
150
77
70
634
10
102
155
65
184
26
16
674
5
42
26
79
23
57
19
4
29
155
124
78
9
30
188
48
5492
5
31
26
13
184
216
80
2
69
42
105
28
48
31
215
78
206
293
2
160
33
73
556
132
75
22
216
408
56
62
17
11
61
24
54
231
125
68
690
83
61
142
274
63
114
9
409
24
400
4
127
350
6
669
1589
39
6
75
19
386
23
201
443
44
189
349
212
30
5
54
28
72
18
10
98
633
37
20
98
60
20
197
304
68
21
14
78
429
219
84
364
7
16
355
106
7
53
26
6
63
181
282
336
12
18
17
167
52
5
92
48
59
2
5
374
63
605
1061
2422
52
719
17
12
45
63
34
77
8
446
296
15
10
9
12
755
23
34
52
645
378
269
26
2
404
41
191
618
546
63
23
292
6
11
13
14
66
56
19
85
156
140
4
82
14
91
50
5
43
49
12
12
1149
138
991
96
27
174
49
7
0
96
4
21
54
61
384
157
29
7
14
1104
414
116
23
8
22
950
37
12
50
60
11
140
13
50
1136
28
105
110
50
40
376
14
27
388
256
38
445
28
108
64
235
47
270
56
4
22
142
58
24
272
94
31
18
48
142
96
149
95
74
614
15
176
642
220
56
93
1179
261
0
267
9
28
3
62
30
42
437
31
30
56
128
51
76
23
17
37
61
207
29
3
9
23
103
25
43
1176
5
478
23
9
16
23
183
459
23
757
32
341
4
867
52
9
20
1
22
31
11
38
347
111
536
428
27
27
25
11
6
240
21
54
21
6
7
13
481
83
116
38
13
58
241
50
241
21
1314
4
19
203
4806
35
170
285
52
133
191
38
26
46
289
11
114
187
109
96
198
86
52
748
388
12
11
20
46
434
330
26
47
12
274
142
7
10
21
19
154
97
40
89
12
77
168
958
1364
375
24
157
20
46
38
81
273
29
10
228
23
106
157
92
19
42
107
16
21
758
101
1538
622
48
25
104
3
12
10
20
11
118
69
111
24
11
139
5
86
390
740
70
40
26
103
66
92
4
7
8
220
15
10
27
122
86
5
18
92
287
35
316
27
183
232
734
81
93
53
22
271
187
13
12
32
24
311
45
450
208
1119
131
29
71
34
99
28
30
88
39
30
1846
570
308
129
6
625
22
3707
29
58
5
599
69
138
73
322
18
10
130
121
106
30
9
221
80
289
46
10
2
128
46
42
34
151
17
11
32
12
14
1664
4
118
737
72
42
30
210
10
121
171
10
31
46
17
32
146
95
38
38
25
126
1
250
19
12
56
243
35
292
226
373
51
366
119
16
148
391
231
422
9
2
25
56
138
11
82
207
24
33
7
27
45
214
8
235
111
281
27
101
67
8
278
14
76
132
171
74
21
2266
77
33
295
192
434
7
19
69
46
61
213
57
13
681
166
2
43
160
14
45
210
103
55
531
32
18
5
29
21
106
41
4
446
39
33
188
10
377
438
60
3
307
11
10
58
14
48
59
992
22
7
30
392
16
853
113
1008
1672
313
329
744
1466
440
59
374
3
150
673
39
7
175
941
81
24
17
25
14
10
1
200
476
1209
42
17
23
66
34
13
184
125
167
5
109
21
12
25
69
359
26
91
354
2041
25
46
13
42
17
20
76
90
154
85
38
23
249
4
831
345
128
352
492
15
782
86
1874
30
22
321
10
22
3
15
26
27
260
21
16
98
11
77
60
46
82
372
519
19
76
12
16
10
47
246
36
665
61
92
68
56
24
9
512
86
770
128
220
3
934
277
384
35
19
39
41
1140
569
3
249
7
344
27
351
112
16
42
440
19
132
96136
16
20
2
16
204
7
27
419
56
26
130
40
200
154
320
311
7
35
487
10
45
361
349
64
886
2
238
65
217
58
131
171
48
2
255
18
183
364
18
107
562
169
159
5
140
64
42
1124
114
103
40
16
437
524
39
36
6
2
9
44
5
15
57
52
16
64
21
1009
20
84
52
8
287
15
209
34
99
124
40
40
26
116
3
166
212
42
54
97
1587
11
50
16
108
145
97
188
9
15
57
102
21
25
427
10
8
32
20
18
2824
23
4362
234
33
13
117
19
25
179
26
7
177
598
3
15
50
8
33
589
64
284
30
68
195
10
119
10
26
52
103
52
74
13
148
35
58
155
12
173
114
208
682
13
45
29
94
30
393
52
77
10
200
101
26
112
564
40
51
622
36
54
4564
75
180
2186
42
19
23
38
24
283
161
352
27
15
35
88
6
66
12
207
84
2112
31
10
35
204
102
97
3
23
42
198
17
237
82
10
104
17
36
19
12
141
484
36
121
5
75
26
4
15
123
0
90
45
29
36
481
187
95
87
2
82
108
79
26
2
194
54
11
86
175
358
18
214
166
750
146
34
107
30
12
235
171
47
313
194
91
51
24
210
16
734
32
24
258
26
45
67
119
656
11
68
1185
29
38
18
4
67
39
13
166
37
16
36
140
162
338
1
11
41
113
50
14
86
29
20
165
2440
196
16
13
95
1046
26
88
165
147
12
47
65
490
255
15
46
11
904
15
166
20
56
228
28
197
167
11
12
214
34
14
337
236
21
116
158
3851
367
414
5
37
51
63
27
7
14
19
86
39
83
135
3
152
32
29
32
249
139
22
1162
392
30
52
15
29
16
68
323
103
715
50
68
43
389
171
33
250
841
3
49
98
19
4
175
110
479
40
48
204
23
26
45
50
49
10
924
17
137
282
57
370
38
443
58
74
11
257
122
344
271
44
49
366
1
223
363
22
94
113
27
195
3
22
63
114
32
55
165
20
10
191
8
34
5
44
34
63
398
4
165
76
168
4
56
129
101
93
246
53
83
10
133
11
68
283
2
193
60
96
85
51
66
257
148
80
23
77
13
114
71
34
5
366
31
79
264
21
14
88
366
9
168
50
72
9
7
11
129
169
111
944
1470
32
29
20
82
144
1135
30
102
25
73
45
64
1030
30
52
315
54
36
128
1059
17
564
156
35
126
50
30
43
41
84
6
109
32
17
183
236
169
353
297
11
43
63
38
96
9
231
221
78
45
271
83
748
1575
597
32
8
83
27
410
52
15
68
27
355
40
340
13
83
104
14
211
10
697
117
149
41
397
97
179
115
158
7
203
7
9
30
354
239
221
50
1341
263
110
56
65
1405
30
14
12
447
11
11
56
376
20
18
194
385
23
58
2322
45
363
144
143
18
27
6
23
21
89
196
40
115
163
19
1466
8
50
9
8
65
140
66
78
1151
5
363
333
7
7592
115
39
335
133
372
244
379
48
50
418
25
125
68
249
89
100
302
11
155
380
397
378
35
23
20
47
20
32
104
18
83
73
6
8
282
18
450
30
132
38
28
105
15
12
63
10
3
68
1509
25
2
1079
203
111
133
117
48
1416
301
259
297
16
21
2
11
98
931
126
0
16
89
18
185
739
120
33
393
90
1470
34
369
19
16
1011
2
4280
872
33
33
383
49
81
227
6
7
292
52
12
919
198
22
113
90
16
54
12
61
100
15
210
29
131
3
364
522
146
12
60
5
398
15
58
236
313
75
49
494
163
8
90
103
259
29
212
143
1324
123
102
14
315
12
84
346
430
16
16
3
13
216
15
306
50
9
471
16
2279
29
27
32
33
34
50
29
31
39
227
8
1057
28
115
94
7
28
156
169
83
17
4
18
64
346
689
352
1199
73
396
52
26
57
42
474
273
5
2802
213
10
12
130
576
100
62
17
43
45
168
20
27
57
313
38
18
24
22
223
36
208
104
734
67
850
304
47
10
32
15
2
20
900
9
279
163
38
1
19
250
21
22
26
29
74
18
263
51
106
34
902
8
34
40
7
43
62
11
7
3389
16
77
126
125
4
19
25
298
30
57
27
292
394
24
58
113
742
48
9
33
51
19
193
72
87
12
556
2550
144
505
580
25
142
256
26
6
128
51
104
105
162
159
126
8
16
112
95
324
42
198
62
191
64
145
13
39
79
50
119
6
500
1439
20
351
51
32
53
22
1241
961
2
16
135
123
459
46
120
307
22
242
40
459
1977
1479
390
14
1273
154
675
18
38
138
3619
3023
60
5
35
37
11
209
87
14
567
6
2960
226
48
6
192
6
6
19
370
577
62
115
90
60
636
107
16
89
15
20
118
91
14
4
18
84
434
27
7
46
149
60
56
9
169
7
383
10
128
55
28
14
130
73
25
6
471
18
111
4
54
51
29
93
115
9
26
119
9
12
344
114
157
16
2
187
20
33
16
6
780
12
72
29
9
144
29
1188
241
26
12
173
206
1039
467
71
4
223
35
364
759
96
2024
18
362
18
4
51
16
35
37
336
49
1116
151
45
57
83
11
507
15
96
6
134
9
134
208
83
63
735
31
314
66
31
188
160
35
1716
22
1360
759
40
55
71
14
619
67
230
16
134
14
61
15
2158
4
150
441
149
77
261
93
49
11
12
125
7
55
59
18
290
8
956
203
281
54
69
3100
21
22
100
49
258
26
51
29
182
118
2
9
74
31
30
613
66
38
37
7
404
1495
168
299
0
19
91
213
36
140
1
478
169
17
137
63
853
243
43
53
8
5
2482
15
128
490
5
31
36
23
15
177
276
20
72
75
739
9
105
25
577
23
1
11
222
30
88
46
239
147
172
107
14
178
20
94
30
1885
813
32
531
85
73
19
67
60
13
48
121
215
85
674
13
4
890
235
65
56
8
102
55
192
34
70
84
10
55
276
15
266
32
9
63
48
2206
9
288
11
680
32
64
68
90
59
17
30
25
124
3
844
244
2
370
262
14
357
308
6
433
366
116
182
21
10
50
415
76
4
120
138
119
67
53
42
371
452
32
376
117
2
366
483
141
294
650
62
433
594
264
409
220
89
133
29
151
1652
15
122
704
445
19
555
8
56
71
62
17
2
4
1195
19
51
113
1381
20
357
319
195
9
76
169
73
3198
25
54
60
38
26
131
144
52
43
20
571
18
19
3
3152
27
31
171
385
18
18
10
64
34
87
19
30
95
12
262
169
405
26
27
22
23
60
138
10
3
247
7
5
68
7
40
62
993
111
8
32
22
244
23
14
42
287
76
334
139
11
14
12
58
47
10
328
53
136
12
5
20
5
9
10
83
900
475
35
460
95
791
39
376
116
158
100
25
40
1176
103
194
7145
90
129
39
10
26
63
16
358
84
1774
16
99
50
105
132
120
347
6
371
94
911
67
29
60
36
29
2
350
132
146
396
7
568
15
179
919
31
24
17
3
469
37
234
198
13
21
34
91
35
148
12
477
23040
166
29
10
174
12
31
627
110
260
7
2
42
9
117
46
10
255
7
30
153
503
99
177
32
44
122
116
88
27
112
5
73
44
27
51
60
3
13
11
42
27
12
139
37
27
59
36
60
564
2
81
37
412
739
860
12
19
103
20
76
413
31
171
9
108
50
95
61
11
14
27
14
14
20
484
444
266
343
168
13
87
227
173
49
33
8
19
124
18
228
28
115
3
63
21
77
325
108
47
282
39
3
3
21
6
368
248
24
73
234
62
20
7
5
3
200
216
58
49
37
16
1014
41
891
65
758
3
430
42
21
15
212
474
73
769
88
31
1
234
125
170
342
359
21
109
610
100
173
28
15
2
258
491
20
28
235
63
4
27
7
275
0
34
51
38
147
7
346
27
116
337
14
167
39
3317
360
18
58
185
5
51
17
37
125
31
28
2
28
66
202
101
13
6
86
276
8
234
78
37
6
51
99
31
273
5
18
1674
97
52
328
39
59
52
63
90
63
3
301
1001
101
51
84
109
15
126
37
2
118
105
132
43
19
50
157
131
54
104
414
71
3
14
23
83
410
94
192
876
153
492
122
9
2
166
1
414
132
13
304
41
309
57
17
343
38
212
66
19
248
257
429
191
348
40
360
1055
129
9
12
18
9
17
44
24
94
287
16
122
308
65
32
42
30
161
118
27
29
62
343
53
16
38
65
301
18
262
20
7
123
8
210
233
25
47
32
9
45
798
41
142
227
173
1955
23
3
11
36
17
59
8
206
44
33
15
14
108
103
249
70
125
473
18
350
4
28
31
20
106
41
677
18
12
36
54
54
193
196
3
184
74
132
56
43
67
15
13
35
179
62
121
92
294
163
7
16
5
1818
64
11
278
215
334
42
63
13
124
182
205
839
27
579
9
136
62
89
842
166
8
6
114
86
21
308
35
32
49
69
76
94
47
16
43
44
30
43
235
75
16
1239
15
24
269
326
483
97
532
68
20
149
54
9
12
1647
40
9
108
2263
137
19
30
4
290
25
7
799
20
81
473
1876
140
2
17
12
49
63
11
297
31
13
50
126
21
6808
1690
56
42
41
37
17
3
168
82
32
33
96
11
1344
53
28
11
1
308
879
94
106
6
153
49
18
39
32
14
6
63
330
19
830
69
10
547
439
108
14
168
299
12
1331
14
47
583
16
36
17
2
88
8
112
110
10
20
361
156
92
46
381
200
45
17
286
2
63
662
124
87
13
280
76
6
116
351
159
372
699
22
199
76
875
84
24
30
1114
6
225
275
27
117
42
34
95
985
347
12
18
3
160
594
50
350
14
2
154
62
12
193
9
17
144
27
115
208
7
69
34
85
9
11
30
80
2272
3
31
43
27
1717
311
94
7
84
7922
13
10040
595
48
289
586
7
119
44
99
348
76
51
143
281
48
19
191
9
280
102
126
15
123
144
118
3
576
66
302
63
106
145
752
108
60
1651
37
12
490
989
31
50
51
53
7
19
85
193
127
6
63
75
9
31
58
146
257
188
19
28
14
31
710
7
180
154
7755
367
73
200
222
5
7
475
364
7
28
35
18
92
20
18
17
32
162
27
147
1023
32
51
45
13
97
892
43
41
466
423
23
5
20
104
197
109
77
32
168
73
182
35
20
48
74
3
1
115
12
9
268
108
141
5
13
38
30
1395
103
7
41
199
27
878
96
17
122
31
223
52
2
123
51
6
7
161
163
5
59
9
95
8
416
17
35
10
18
11
650
138
301
91
4
40
77
11
136
1
367
18
1204
76
64
76
14
390
53
44
20
659
152
5
7
83
64
319
67
9
235
125
160
3
83
119
14
2193
334
9
3
31
951
52
203
122
51
10
33
325
13
562
126
228
97
53
7
24
260
37
24
276
24
119
30
1429
295
8
29
0
154
25
40
428
6
200
170
26
276
62
314
313
20
198
17
34
522
126
300
285
21
41
20
32
85
670
15
32
6
9
29
90
21
64
23
84
228
6
27
61
690
285
33
36
526
11
108
6
21
1906
112
66
117
3
62
621
16
112
9
97
10
54
7
32
42
6
10
80
6
41
20
17
31
365
2
2
19
3
63
7
7
57
234
361
37
28
9
1073
714
86
185
225
75
36
18
141
15
26
55
40
10
7
76
131
229
8
20
66
8
251
552
548
278
23
101
134
24
20
68
20
11
12
76
22
39
540
17
110
120
28
145
11
50
513
177
29
17
31
6
45
31
114
8
22
13
156
28
32
154
26
13
129
44
204
299
53
126
18
81
130
5
221
208
88
0
40
11
126
46
17
402
4843
160
403
22
7
33
7
111
554
15
44
172
40
87
207
55
101
7
13
69
183
120
426
40
108
22
62
90
588
237
127
34
19
1277
304
276
203
80
12
75
94
335
5
22
387
54
6
30
890
67
45
976
50
9
1746
41
117
54
3
12
28
50
67
20
1315
9
13
318
53
11
135
24
96
8
16
14
83
2
1
37
80
153
201
178
36
87
2
17
91
44
27
358
39
86
36
76
98
105
330
6
29
59
11
20
21
42
69
21
24
65
583
13
117
11
34
133
43
1244
14
13
8
822
25
535
131
39
77
40
8
270
2
186
561
58
36
232
423
179
4
342
192
116
44
13
24
23
265
110
59
9
211
53
42
55
6
51
88
23
643
4
320
14
14
78
74
68
11
27
22
71
18
27
137
15
197
5
231
104
11
11
650
19
40
67
12
360
3217
67
329
1
8
174
9
42
655
110
116
8
8
243
22
13
1320
4
371
207
90
13
226
23
226
37
14
16
39
39
24
27
17
113
95
62
44
22
93
108
85
0
68
454
34
11
97
373
114
21
267
224
121
247
413
3312
98
288
573
14
373
22
47
137
9
20
177
48
1
5
31
81
54
105
56
367
215
70
184
35
35
11
145
10
108
37
6
11
52
109
410
150
86
90
398
431
21
898
269
187
70
24
180
54
137
3228
247
26
211
2
76
49
16
146
25
520
27
207
16
23
26
125
42
519
36
77
41
634
20
14
13
1317
20
50
37
456
189
17
64
369
215
301
76
11
37
104
214
49
91
83
296
15
84
342
157
9
7
10
31
143
256
1
9
11
13
1983
608
113
52
2014
137
8
79
124
29
2
30
9
155
4
391
740
129
46
12
21
336
461
1
15
195
22
130
382
508
148
2333
573
16
27
36
42
55
14
13
30
507
150
39
500
564
41
18
13
885
73
167
143
357
52
38
34
106
39
12
19
116
40
709
10
729
485
128
27
435
66
211
75
1070
22
42
42
12
107
37
416
278
14
10
6
86
359
276
3674
504
37
11
65
22
36
86
24
11
79
21
3794
48
11
11
29
93
2470
21
36
440
132
149
78
13
30
1328
9
391
26
21
890
4045
61
81
505
18
284
128
581
67
3
193
3090
303
1081
1617
223
96
92
395
64
42
161
5
17
128
181
98
6
50
5
169
3
14
2
6
0
4
102
44
25
12
751
43
13
22
50
500
153
14
34
11
81
25
1074
4
47
15
6
102
30
28
27
185
71
3
88
25
38
4
102
425
265
150
181
47
152
157
203
319
98
237
283
12
89
3
63
68
78
426
85
21
9
9
111
179
84
15
396
35
33
149
48
5
77
23
126
43
5
68
233
20
5
52
8189
3
280
36
36
36
221
110
60
15
2
532
28
549
1037
48
63
27
108
30
371
46
2210
28
66
44
491
10
8
27
80
181
47
70
86
43
56
101
161
350
171
55
17
68
216
142
34
67
29
48
355
312
16
55
412
10
358
115
67
25
4
230
17
48
68
11
190
18
1
22
258
462
18
20
86
83
150
1927
10
25
297
21
51
14
221
1066
64
21
23
134
1028
19
26
13
95
13
123
65
968
595
235
76
24
346
93
941
342
49
1201
393
37
117
118
379
15
21
794
65
174
273
152
13
29
945
55
202
13
19
112
159
1
460
5
21
839
52
27
83
38
6
233
8
24
2
16
24
469
58
82
8
135
95
67
245
57
34
112
61
89
804
82
1993
1476
89
26
47
55
111
31
14
87
356
155
16
1
72
5
14
369
123
8
366
64
529
23
5
11
23
59
54
14
348
1
44
226
271
35
105
5
29
81
13
20
458
83
19
256
3
736
111
582
104
23
62
9
67
751
198
1359
13
54
439
209
106
96
104
1010
97
2346
20
72
1051
318
1408
60
738
562
19
156
15
4
651
188
25
773
1412
15
59
47
442
38
69
14
90
192
225
14
36
57
1075
19
25
0
112
30
18
26
72
321
135
95
44
77
190
391
94
191
15
27
23
459
87
625
431
903
78
21
13
65
581
17
644
291
62
26
77
249
150
41
348
26
32
189
65
167
35
85
27
7
357
147
316
14
10
25
29
80
15
4
28
24
407
23
2801
393
139
423
8
543
46
369
154
10
30
921
27
15
7
30
128
75
2226
93
50
586
257
30
61
19
215
315
20
49
135
379
281
62
596
5
478
14
4
394
28878
166
37
631
32
17
0
31
6
7
36
53
46
149
148
19
5
58
161
0
69
59
817
10
239
123
26
16
37
413
24
4
5
96
52
54
60
358
86
24
14
30
61
8
30
21
398
8
7
122
28
24
26
304
328
4
339
126
331
186
20
32
6
17
530
185
33
130
28
48
39
578
77
32
77
42
1140
7
50
115
131
66
90
1087
36
100
23
5
1047
31
44
44
54
5
2
27
412
159
93
18
999
211
139
751
107
7
54
124
564
194
605
25
212
239
49
881
105
7
85
358
6
63
171
40
1030
149
25
80
12
969
3
66
68
374
354
11
31
65
37
67
42
30
229
53
105
420
1
85
6
271
6
180
67
11
83
143
67
25
116
39
279
139
53
23
6
21
20
108
256
127
387
19
13
7
2
12232
284
53
278
9
2
50
57
3
69
218
75
8
94
154
76
7
6
91
2869
693
63
299
14
271
26
199
114
238
62
651
42
198
59
267
204
305
352
190
339
15
133
43
10
1489
37
41
202
7
92
13
43
355
45
24
61
91
134
6
15
5
176
19
3
1908
1385
115
35
15
3
564
72
31
73
144
400
8
2101
156
1
175
45
11
51
93
30
117
75
12
24
170
61
172
135
16
33
6
27
19
3
18
11
197
25
38
11
131
6
15
16
1031
8
192
2
122
48
389
116
94
16
119
16
13
93
381
233
19
176
37
80
477
6
14
21
7
13211
64
49
117
27
15
327
118
1357
48
11
566
987
730
58
65
14
101
70
177
36
200
64
1524
103
66
278
8
127
140
143
6
1505
335
16
6
19
18
492
208
35
2355
17
422
4
201
81
18
93
70
49
303
129
353
517
11
36
18
20
17
5628
58
6
41
1040
536
12
40
308
25
9
2986
138
25
109
430
154
10
348
361
100
359
189
56
65
10
16
13
29
269
27
19
206
32
61
74
80
1878
138
333
407
181
42
142
15
1164
48
28
341
216
30
228
899
65
1138
25
4
1436
7
64
48
11
158
3
128
33
45
44
121
24
229
55
286
290
11
326
573
192
418
158
363
406
508
61
874
819
57
42
27
190
37
150
44
5
36
26
1904
69
473
110
18
27
91
15
5
445
46
48
6
1553
19
374
1573
36
126
392
40
121
91
217
32
65
321
40
48
12
2
955
10
7
343
1490
86
9
1
13
1121
73
12
78
505
259
364
67
59
134
463
81
152
112
201
42
82
2
79
21
65
10
127
390
126
33
42
22
22
16
5
116
653
103
17
71
22
113
282
29
1
59
19
224
2743
1
174
81
493
757
48
25
190
504
241
47
49
411
44
23
116
7
15
60
596
179
53
10
66
10
16
35
952
321
11
35
82
15
59
182
18
238
120
64
109
42
52
710
83
2
479
1470
21
236
12
108
63
483
107
1682
200
30
119
6
67
25
2
14
543
185
36
422
411
143
40
180
134
4
519
1634
2441
107
124
224
10
238
320
16
138
332
152
2
36936
16
125
921
126
261
19
9
26
