6119
632
6295
6354
3294
40956
8447
438374
6959
95869
145623
25045
6719
38761
10305
75858
7476
8651
20598
10215
19998
20461
28340
380
16489
30355
11371
9023
55711
15824
18487
1943
1921
9744
9085
17321
22213
5928
844004
4520
13705
187884
15419
30162
68888
27025
5094
22377
5884
60071
24429
47482
2221
1094
313971
8905
7553
3915
9393
64984
12696
8328
60199
470415
12605
11147
44949
18426
7953
908584
36628
2873
6257
4688
1203
46659
11600
1654
301059
20110
60865
8065
1005
47577
20159
372682
16670
10387
270251
27612
6656
12540
62399
4760
8866
11831
8148
24241
214459
633247
8703
1351
26928
37900
13673
6501
6506
270428
33328
13864
67167
4311
790416
956
11701
82636
114013
8707999
117443
21177
7890
473986
4872
10509
22322
298116
98914
556188
27339
2701712
11668
2660
17949
581
25446
15211
44636
34449
13177
3022
50410
59559
49477
54197
12515
69038
8502
2055
233006
10090
12191
21381
721939
39951
18128
3093
5988
8192
62201
9172
6114
535
15624
10102
169055
81637
5395
19311
28666
2944
82894
13092
8763
465259
4375
8913
3197
1248268
8593
1996
833307
25005
3876
62906
147698
44789
1531
16673
27557
98811
9938
44789
7590
102713
2289118
24065
249018
6079629
10498
82833
10609
108232
20513
7723
21249
17300
6385
27459
2534
8401
39633
59444
1735
18038
21392
667
19140
4355
22565
39695
17303
10997
19415
10727
14489
42176
36570
9531
4524
10794
10619
8834
49994
26681
3539
8629
16797
9720
4911
17929
14331
58659
2501512
101400
18906
4957
1886
1371
38098
10395
40684
572139
28053
23660
3182
3105
377754
77907
5981
5423
20113
508343
34641
38794
24123
316626
43435
56124
20761
25326
18236
23951
3732
4965
13245
9033
7311
100770
4401
84719
31356
1120
10280
21561
11845
886
9344
21021
230478
11129
7321
15401
37634
1635
47199
59512
1629856
17733
5153
108318
1447
2964
9986
8420
117117
4928
413
47935
312083
16483
29203
10743
6711
451246
1846
50371
20438
3878
96381
4777
8334929
33000
40244
2835
141564
10442
3341151
8756
87057
3727
1929
128265
51723
11757
4927
22924
222222
19773
4785
37154
5989
24576
10019
5113
6866
3416
14601
11178
1643297
13090
24536
109398
112676
16462
14259
37094
20536
6491
4560
1065647
370199
17201
197603
3196
7958
154740
2297
14059
50887
861414
3984
5532
20112
3373
12432
13259
9936
65905
8761
22069
1823
872
19673
13285
10662
4374
33961
7491
2489
4262
13611
70160
9554
7090
5387
19748
44286
111026
13197
71479
6925
7902
1099134
4958
7372
18978
9153
23224
302970
36682
6795
1670
6079
12764
134334
619148
11799
50237
4429
5668
15016
6905
34282
369488
9495
92835
20101
138685
1785
33988
1893258
13674
802871
3066
32044
13220
10439
13523
7244
13815
1281919
113264
20472
7487
1837
4134
1331
8154
92713
16733
11971
7753
1279057
154845
10799
29435
1818
54944
1819
10249
5747
11246
2066
89815
4888
6227
2145
11650
21928
70287
4415
15940
12831
19319
14345
299606
13116
419869
7620
2985
25014
3758
14478
7541
22496
8517
10312
566007
7228
7237
22926
4562
77211
52808
52945
5702
55059
3036
12165
4425
23261
12148
151339
14580
23837
19009
174875
231431
4588
173170
11486
7139
19180
5996
7360
6991
74062
17173
38513
43917
29144
134380
300384
2729
6627
30494
6405
1994
39934
33690
36713
38107
210645
340419
92602
24390
10605
2373
15911
12843
5506
11102
31931
1617408
46346
43781
11759
781542
13928
10674
1409
8481
11548
6941
7821
268915
20805
436536
5652
12934
887097
7004
222341
10742
14644
13421
50190
7708
815
16808
35148
76954
2232117
10150
13447
67997
2766
10430
4353
29433
20755
12388
6275
9173
229611
28162
9235
71193
50597
3015
15244
20895
5469
26597
16500
2502039
362058
16036
27233
11042697
5922
86041
7331
3033
2985
9329
1796696
693
44277
2673
25721
4610
3106
22446
12706
21498
28620
8619
6169
255579
2816169
15032
10969
4559
4272
18639
5466
3136
12612
495570
1270115
370949
2238152
1748
73308
2906
976
6793
5499
11531
170955
3007
53349
8845
50629
25844
171
3709
8845
5774
1481
2028
30898
1360
92344
5874
987879
65144
25451
30159
44051
21472
12731
17081
144589
95301
8887
3761
67079
14332
52744
6393
136941
9191
2303
1315935
6112
12482
5377
599781
5352
680423
24915
51890
160932
2557
105539
20557
13745
14691
9139
13194
11045
8072
23556
9741
154352
4333
443621
1837
14486
58561
36821
7065
11799
6622
727514
37634
3951
911548
9414
7286
5125
346337
10079
87810
14110
10449
380137
82964
89288
4916
96470
14512
48034
20829
16356
4795
5207
134990
2596
22396
6411
3444
15361
6109
5221
5798
7042
18411
13277
13739
34207
2678
7664
21588
76710
2636
3216546
6115
4634
3033
129575
17750
10557
213526
9359
9460331
20915
93994
2375468
82082
21365
4807
102491
96366
9448
40140
26076
107831
9593
110543
5764
12753
93807
8545
37686
28327
19322
50042
10199
29812
15019
277670
31635
8252
12964
10437
269428
6317
434541
851
63550
3635
87534
9084
14587
6084
59929
11631
6927
135733
32578348
1826
207361
9909
4812
73038
5278
7802
65084
9206
33552
187988
18046
20530
3697
3107
242165
10786
1368
123522
5933
30124
80793
9867
41117
124341
18130
6455
386492
24969
15069
8047
1032
22199
305999
488984
10162
10830
189029
5899658
9486
45549
7136
3500
25721
15174
8048
15673
14168
1645
3238
17808
11329
3043
53650
10315
19571
431009
12592
2261
6116
11604
19153
3201237
7103
1346
1768
18801
11679
5501
46230
5831
13425
1165857
175322
110912
94910
5820
6061
4310
11622
123240
785066
10458
13879
464812
2075816
26043
12060
256929
1271855
24642
8951
3817
2680
48798
24756
19268
28860
4475
90899
19309
7686
138772
52662
79546
5803
8874
6115
11418
25316
11010
27191
758548
773217
4872
8868
11017114
18313
60032
279
8547
457903
17614
10961
93410
6000
2819
4880
57137
12104
168088
11273
12534
935
19973
1621027
10945
4867066
6266
7337
155316
133536
4790
606898
26936
64974
4802
50604
128085
36882
3797
134709
15834
6348
7447
11174
300434
87463
13368
2768
19196
3138819
49409
21100
600613
21889
110952
3784
263438
8673
2618
56433
236020
331120
38491
11202
83374
8319
5400
18078
10288
6881
531455
7186
14031
62026
70161
11158
20338
11021
3250
12769
52678
113285
48745
23926
3644
16761
6401
73040
48772
14138
5917
7094
96169
1148
4201
3051189
19994
3803
18893
2655
5518
1031
13775
888
49351
6326
188685
1624
67442
13349
9185
1275111
20997
14159
21378
10320
24492
210359
1535939
9825
86146
23199
4829
23078
183114
88985
39350
5126
249713
30240
5325
4806
10530
5662
10266
12075
5263
232477
8930
57876
21965
4580
19524
3967
1657262
142128
5397
4258
488667
92905
13078
402533
10466
17592
9414
186309
3317
118014
20826
19065
22301
177772
6375
97069
522011
484596
18016
150473
109010
544
2090
12485
151315
321525
4602
13989
26558
353117
9114
9591
15259
1187843
1093234
17979
32720
155726
1217
543182
45990
1466
3501
31381
11332
110968
8452
367338
4331
4778
57446
3437
4476
14870
1500
13505
67346
3309
9716
16425
60997
13224
3564
47064
150772
282834
30590
371602
10470
5994
5256
15622
2920669
3370
4458
23283
4292
57280
23165
11877
4209
197488
7174
10044
4707
6916
4996
9088
582340
7406
5922
18676
58126
23779
5984
6221
14156
6460
2075
26399
15590
3595563
82276
11488
10691
8569
3061
6707
47073
12361
10997
13587
46212
8166
4877897
8905
6615
7931
2801433
8215
8826
14157
892889
26384
289349
6609
46301
34445
71782
5282
13419
92338
26739
7260
6507
7939
7741160
3447
123519
500753
78782
254908
37403
14723
152180
1565
52331
126407
14746
3659
20870
16736
17013
3582
5417
2985
4844
9091
78814
4867400
815016
9856
8176
336547
10742
4164
5689
19799
20984
969088
164639
7177
23334
5512
13624
10539
1373
5176
125431
12054
128865
17658
20780
5401
5112
2009
33880
4029
3993
44953
18325
10636
103594
7581
5079
8427
71613
72013
48139
17605
2248862
10801
12231
11574
65551
9521
1680
15117
196756
157183
51759
7586
48251
29852
31771
8625
12811
2231
60584
9835
49989
290971
2946
188616
4417
5100376
9702
59989
10184
6842
26758
80809
17076
1032
28328
20886
103288
31165
4951
2393108
14401
25933
13095
18227
3526
253324
20185
1627
28974
1571
9814
6914
103048
9025
9854
20338
38945
4520
19097
6906
779974
57434
4913
1165
73938
804393
17560
11051
6415
5276
81689
3130
21537
14984
1923
26361
13593
1213952
953222
3363
21338
41435
21534
86122
23271
76085
4420
41537
13784
7634
7758
7868
27860
17311
330512
3786
13048
20956
11914
37996
3710
44939
11045
4466208
5183
14093
6986
3032
6206
65802
9737
2952
2987
1513132
1002
4002
8076
3068
1839
22028
16605
5056
5880
12746
12073
4869
64187
9964
47314
7021
9005
3372
59566
26201
11709
3514
10614
20305
61647
3152
5304
143635
72459
464254
1968200
725
61875
158458
9266
3705
6945
143193
7860
2701
3227114
19000
24174
4335
523425
1069876
11099
942
268950
265515
2519
52641
3035426
15864
33146
12770
5824
44722
5808623
14771
10112
16735
11410
304969
11278
10749
5132
4597
7132
8549
237725
733
3659
3359
11811
2799
22703
5193
8285
30315
5106
89449
211487
5035
30171
16856
6001
493
7803
17716
8110502
5912
38090
9853
16749
9268
20289
94254
4936
2123221
53943
42276
9168
16676
90183
4616
9613
8043
37271
4922
788
5505
140643
7492
10236
57507
349944
3438
7179
2003
17310
11462
37700
6303
134765
3219811
10666
1412
6675
6025
9075
4396
6637
697
10075
533344
5936
87059
16834
1403
12448
42545
2315
48798
7316
41356
6580
21600
29057
47394
3095
3963
12222
41330
18360
46374
15477
41823
18163
6005
1583363
8986
23125
896978
9863
12371
210880
8516
7553
16571
5831
545370
22508
81436
19542
6897
1088094
6999
45747
11110
5357
14265
48796
9765
9014
13661
2652
8345
51085
7465
18287
3874
4938
9299
211255
4078
304371
10940
20916
5414
8693
13072
19534
32541
12551
19644
26245
12705
6469
7239
14816
7575
14414
23896
64517
17487
8470
7411
5570
5074
119316
314761
270875
14521
10212
7958
36801
6793
27579
12869
25003
33117
6828
5156
10787
26569
8057
245259
307544
36823
19326
122783
10907
3461
304398
1667
15828
6836
8199
4208
4642
57101
33685
70704
54871
3546231
6474
112716
66118
35016
20223
969
47318
61990
3234
5034
6010
43877
10157
2838663
12411
10642
23275
4977
3791
9573
32279
6677
24534
5745
14576
12565
59722
36727
2906731
1897
10450
47113
11060
258
430
16317
1258646
1015
7144
19002
17720
1696
1009
8753
211177
99040
2630
8102
253362
89401
2165
22448
3631
34234
5342
14461
5967
15484
167219
843876
4252
8136
3732958
124823
9329
3657
8778
19938
2915
342410
40628
3296
10201
3631
12400
64937
49255
1663
5103860
8055
751
6156
17249
58756
36245
13209
65012
12558
9225
20494
326426
12617
32925
7449
1214883
45343
13107
7595
23648
26278
4297
11692
19176
19518
211711
9277
40229
221478
82449
9939663
5342
1871
11321
14348
169969
2393
139063
26241
131483
15333
34601
1629748
8061
25436
26613
10387
10521
5102
4513
976
39197
9049
449925
9911
48657
2281
6936
15432
11519
17454
5836
2691
17267
49680
5651
3608
2651152
26248
8715
3961
50582
250540
112438
48893920
24003
2752
1780
6140
15287
1214632
342135
64400
18112
1364
10490
45185
6329
10790
49405
625325
2980
8156
9339
6231
303761
14846
14565
9887
5620
49781
5383
1744
24554
17116
24311
30710
36662
15219
63088
417
33479
15208
16776
47033
7214
3662
10438
287912
101460
10610
6182
5573
753328
17111
14280
21086
3429
8665
229978
73962
1199907
18881
21503
3488
4416
120232
7254
3533
21219
29092
13530
401425
9110
11384
11489
2247706
218580
6617
697
215663
5828
23251
11658
1605111
4279
9868
21853
20299
20691
15319
40866
461086
15214
7230
58109
8484
10026
2569
1434
4192
14174
103118
429615
32237
118240
28664
6136
4637993
2852
17808
1059021
19781
20177
5616
23457
5246
8792
238991
11808
32141
39579
145325
326343
7456
9032
35976
11683
9268
12933
112742
13670
209394
11314
5492
14171
50233
10900
14170
14175
12281
45522
11349
44518
2021
6965
2400
54272
7163
8701
57690
1967
2572
3225
20084
29283
47549
16228
5498
19310
3532
2765
2571
20162
35122
14092
621920
91764
19564
11905
14438
3111
1238
7389
47607
137322
27531
15630
17876
31244
3092
1637
4401
262086
5614
20015
1524
586666
155822
14999
9145
5097
4939271
29607
175373
11627
2351607
24487
8421
8317
7202
9245
7093
413
213076
89779
17694
26162
15641
10386
6066
1297
6953
9650
476
22770
8978
11001
23850
20249
8830
4952
14722
97489
3431
7644
4610
3059
63500
30276
301585
61042
66409
6461
298395
5487
4397027
18604
552182
171601
13538
31575
45186
14498
12364
29565
3267
16390
860692
512812
22485
30964
23474
471252
12002
12442
21572
941119
12064
6397
22443
10998
635
10767
189084
213215
19277
16236
1644
5882
10437
5226
4461
1244
27195
29356
6383
1155693
10709
3393
84867
9468
13453
7645
2163
186515
7718
149795
6944
2885976
6100
5136
364164
6011
23772
583
6053
12152
51513
8858
13438
10431
211928
594443
22468
3559
6594
4570
262937
23598
7702
7248
16003
31069
55543
11060
53985
542019
20231
38704
392474
162391
20353
21312
1828
30969
665
57417
8286
12034
6509
29057
167739
7713
7128
142597
1659932
12120
735944
19086
3567
593922
4883
24009
2165
3194
28151
14777
39594
3569
7256
75145
5960408
154970
6372
1850
106990
33264
4502
499
7871
272599
10090
5112
7588
263375
7393
275645
7460
6888
16314
154648
14598
5518
12649
17804
2406
49511
694576
12018
26138
6369
5875
13213
13221
2587
13989
928570
144825
23019
17733
369143
151131
3753
4331
16745
10878
1709680
12643
22121
3389
6324
1156748
13600
17398
25540
3785
15279
7504
24501
85741
6794
23955
3685
1625
3865
605658
33924
16495
9232
10535
57106
7785
17289
85417
306731
4653
20343
4708
212949
360386
4286
5439
30500
1597573
117081
157090
3411
14372
3054
3298
4269
1447
13185
9887
5160316
613033
299876
32067
93816
20032
16164
50912
16313
1045
17011
119488
5394
81440
30702
1336541
11217
315049
8730
5635
14540
1201
42851
5434
2884
38103
3384
83573
22901
12517
19017
20398
46001
8392
10717
21001
116024
42960
17120
7551
57463
22451
18680
125972
2562
8573
354
13916
15867
1965
1127628
13154
11131
26366
158678
115601
21164
49291
6389
12955
31222
4764
736706
38535
669491
9325
637122
2351
3386
14444
18470
11120
11888
4856677
11939
3916
69964
28804
8570
308408
15285
57015
3950
1712
24825
10651
1961
8068
16260
25344
363027
10774
10199285
5004
9639
23496
33717
15506
927511
62053
317607
97360
12454
33115
3006
12275
37303
10652
3439
1838
465701
276483
8775
26895
1582705
132918
6615
145540
65052
8911
2522
614
83495
45437
10428
8807
19806
22792
56818
22701
8187
5406
67706
46241
5313
65105
8552
21766
5452
23169
9249
12087
79859
8687
4508
8626
471627
379180
9233
1280
193692
4154
7732
17773
11442
6453
529642
94934
1346
4436
19896
2440
10420
1069
28120
35877
145669
10912
20500
1694
4064
10391
6935
10319
7051
2265140
153770
297359
9153
55234
14313
1608
36410
12618
9531
13908
8515
76538
580081
8101
68690
6056
7191
4826
6889
42626
720
4399
40436
17816
172411
1482
14739
10104
3254
5149
10335
23776
5180
857498
1236
19124
5013
6115
26750
35531
272285
16874
5219
2049
30286
3635
2662
278686
23771
13761
26992
21658
10363
2114
3510
54544
57536
19000
3492436
1596
21672
75606
12387
7519
3939
2680
16649
16950
2730
2530
10989
2023
16053
20765
101540
33047
9433
25436
16262
13374
13092
287618
143030
2388
91211
378743
5301
16028
5271
389
39181
34052
9286
7928
13891
2963
4879
899
15650
25732
3544
415
8865
18959
555
105491
157314
13428
16792
13942
24564
8351
602713
19283
102433
20199
453623
73473
13633
18763
34287
218292
7572
13256
6066
12924
13321
17365
5472
4149920
2069
412203
21170
7343
226778
13345
23408
11083
261
10253
251486
9262
4383
8512
1724
1677
9585
100614
5020385
56339
14826
33765
870359
241730
8207
7011
45654
13003
262029
40301
22426
42903
5112
7327
322111
4705
11981
3926
38409
17132
12939
70384
2999912
281814
111234
8810
4247
3103
14120
17461
3056
44775
22652
2184574
127954
10464
61493
41331
13810
23689
65024
14657
6255
8148
22178
6578
7499
512026
8807
3546
6225
29845
8163
2221
4098
367
7209
7394
10689
6398
17077
79931
12484
17173
17969
13353
50346
15390
7772
16067
14736
453
23010
156386
6347
473143
213404
3289
117613
79231
986
7253
11137
2005679
927
14606
5573
6439
21462
25543
12016
7249
11862
105503
24912
22628
61992
702376
3541
9866
30986
11125
7276
1877
12293
26584
5782
239657
37580
23933
5492
13362
31772
8183
29885
365127
3639
26181
12005
23989
16254
4207
9631
12235
2511
19194
1654
2538
6064
22705
9970
14072
18014
7207
61005
9865
1170
16415
185446
71953
24301
91195
15730
3063
1652
1109
35479
65195
238248
28105
1421
2883
7518
51601
9338
164053
5057
220502
27328
1244
4553
325750
40233
44804
216574
2696
8794
1885
578841
3427
7368
11785
3936
14480
6967
4155
123275
8917
36508
21349
6971
16577
26629
6171
9488
13954
3119
82229
35442
622447
27043
3810
24134
24141
12263
34909
3811
92744
111251
33942
9271
7620
32323
634
18507
25834
39581
606387
93470
2255683
6235
23807
395371
30296
15183
5502
13270
21680
19235
7208
18067
2669
17890
21564
1650
4953675
7237
22249
2032
23303
31642
12248
5768
6447
7148279
4149
6307
3701
1552
7195
1535
1136883
24293
15190
23187
13524
12675
1054386
4254
6697
1561676
124083
317021
850301
15742
27226
38124
18710
50791
398379
13966
11668
5305
7397
91188
8447
6364
4875537
6869
6761
197792
18542
10689
77863
5646
8838
4013
9977
2442
6466
4295
1331
20018
14073
25699
8186
28647
3341
25449
3212
8947
4113
9772
18460
12496
18205
15179
3433
9083
7054
3985
63817
83669
33217
1160977
1920
4364
3869
13890
389787
21224
7399
103664
13813
10169
12932
8021
11469
9289
901669
5377141
5235
2232909
14713
9337
12792
39107
64448
3905
18133
9446
9857
475
5016
1495
11237
20567
16238
32685
43347
3472
28646
6329
11618
40707
1676
6819
6571
2346543
69248
38588
5853
6832
9989
434252
2850
36876
7070
6645
1480
7237
27615
33020
10888
9202
54395
12930
10657
17208
3135
14309
2317
84771
14698
67792
842418
40671105
404440
12128
10466
7613
12270
80624
183416
12013
9151
8876
29410
7000
32983
963
42117
23035
15192
58509
161477
189775
39840
42667
1063999
2265047
3271
6232
21348
3117775
12020
633685
93860
17827
2372
2958
1307
29217
40250
14792
20209
6581
26564
6994
27960
8197
26836
1652
42728
13814
25449
9003
1731027
213815
5957
15544
49509
64600
60290
34243
13978
11604
27393
20253
149138
10304
43523
25659
2267
978
4181
80670
76656
1378539
172670
46756
5687
48218
7165
3763
8777
6219
11615
1886
8391
3865
2433
19148
13160
1492425
366092
101939
11556
91598
12026
40053
381719
2568
334090
26401
9698
20588
3626
5914
28475
17377
9229
3721
2147
4696
9177
31251
14692
19287
6809
2937
7872
3422597
5713
17817
98037
13350
7717
25525
54396
18567
9446
87824
59221
382114
4923
49168
21552
430790
38252
8236
224314
1583
22069
11725
6491
36847
6844
4327
40882
18641
38212
58094
11164
12845
32974
11473
15979
7662
14950
5845
763115
3987
152462
313804
21592
250143
19117
7468
1618060
18158
2544
21590
14803
1753247
123552
163580
1547524
2745
193073
656361
961375
9877
13270
2870
7687
9355
12421
40169
2004
75020
11442
1825
8643
26722
45494
15703
291499
3529
12924
4297
9225
14600
34215
8625
16201
2823
28407
9519
113012
3314223
133771
28384
35663
23592
28416
9710
5203
156376
223908
36826
6886
22808
2768
30736
1786949
8064
22131
50894
6670
15143
14287
12998
6253
27469
30778
1304
41517
136202
5974
554787
268821
4377
1294
36484
16533
49984
129409
4383982
4766
95024
5957
4268
34055
3524
16983
19691
12068
57213
28591
554026
10553
101946
151933
82215
309197
7918
10111
388087
1247898
19314
12508
6430
3320
2232
9330
16965
6850
5603
3950
3038
45842
168494
6306
70855
3371
7228
219129
9102
362681
8240
3995
5628
2043
10487
18821
50513
47512
28970
76951
2242
844
1241665
20535
20268
417013
13210
216309
9939
17607867
2112
11078
414781
19065
1510
7361
53758
60667
1669
9964
236678
89502
12781
6828
59079
50375
17423
42475
1957
4921195
8137
856440
264290
16169
562569
17472
2287
621250
8940
9286
171339
21154
55997
1142461
65371
1502
10075
12261
49214
3909
10740
18612
12221
10017
2439
16697
72459
24801
11830
13014
10138
10984
145339
17249
62914
6198
2610
27437
9991
12623
198
11486
2576
14209
81482
133349
664395
57564
1313120
1439525
5559
22166
11526
1093740
532205
23659
1663
37483
13769
40357
925191
3345
8145
5343
9227
9327
90560
42125
43248
5765
538
267739
383425
30977
5580
14237
7150
370618
16700
27028
53602
28488
6982
32083
66997
56871
54865
69439
51601
1349954
208962
4076
26647
40781
8704
15884
43917
50425
54145
22651
2958
41110
13918
10557
6016
2972
2186510
31108
4684
22502
120741
14230
141376
1576055
7745
30904
209148
149991
16943
20026
46959
10312
12368
283262
14656
41282
1199061
41746
4605
6502
10464
4339
46564
68878
23024
1132047
1699
128017
24456
26860
158439
557781
1522
61907
45949
21719
13174
321126
20115
1516
35008
4849
108110
6487
4679
3339
28752
6006
21289
9259
23804
47067
3275
40578
487680
3860
1152
7301
14782
32804
43695
74114
675619
11335424
19916
2393
7870
1883724
17899
88101
25583
10950
267685
11140
14941100
3513
8276
6315
39419
325073
59916
9784
9214
1295036
14220
6469
49302
326518
8511
5041
69267
50132
151024
1086809
738623
95967
16074
21876
24443
12079
21087
4862
2084
347605
35669014
2229
117370
6220
4398
15969
7486
9178
147407
5947
31571
40271
14686
69082
12791
4801
38298
116983
22301
178508
272955
1228623
300025
12295
6920
38745
5531
9253
15745
63140
13322
64462
48070
151301
7163
11514
5879
15387
19405
802474
10023
10050
18186
12832
11488
2730
1141355
586935
19453
5385
1748776
6630
3292
25294
18893
151612
7978
15214
5057
29096
7343
17980
56204
21864
10409
9159
88839
1127594
33686
20331
1638
8758
734284
858925
7624
3499
7186
1042
16269
48140
18158
1630600
231573
36509
33601
129427
9780
5345
77220
21375
13153
2097
7446
1764
7809
35109
20546
55135
495667
3903
10354
19401
7230
7632
1200
137643
43953
18909
7178
6208
17646
7021
8448
5904
29398
25356
6807
16143
92624
13847
19168
26217
151282
1578924
12000
92120
201085
40759
82104
2667
4155
3168
23266
6804
10367
108547
7529
18547
11186
3733
5230
9555
10976
6169
113321
682
5477
372480
3192206
2615
1229
32808
4439
197295
7516
9004
44655
6649
5151
15948
10637
6025
32038
4140
81485
45429
16353
23089
36590
49806
27394
10966
12361
26686
15549
7121
109333
10463
6689
349505
3086
6941
2395
9827
30248
27357
3981
45926
4621
54456
71888
17077
22121
16030
9168
1036617
70343
199926
16979
582
40339
8757
6228
6983
2478183
6782
42347
4887
723994
511374
155017
12015
23903
16314
1307
8842
29416
8328
278
4365
7871
1029431
7218
6189
349382
8110
5552
4650
10808
1255350
257490
764910
14258
11810
7558
105149
12553
151445
27436
35866
5032
27717
375064
191088
43702
59591
7010
543480
49902
67740
51828
48380
34221
13669
22605
3274
1195
10683
21063
114529
29842
11488
5363
8787
23850
12090
1298456
23042
1245
416060
476164
13175
14083
982616
22672
14311
83887
4156
5344
3068
23923
7274
35189
122901
21621
39736
5819
25806
70502
138423
8160
47648
191693
2797
2485302
6167
23637
101824
11768
17795
21991
22901
23119
59734
24492
1715500
22442
189340
1622
20707
13139
1632
26179
9687
5092
512
31198
9869
278545
220065
12333
2171445
170586
47258
9634
20413
20225
20763
3229482
4470
8938
5009
274188
3912
16216
10935
8668
50298
16630
11030
1354
123971
8587
25446
4565
5132
13181
24820
3785
3474
9453
24953
6901
12678
54892
44998
6081
6655
145355
8803
86541
76599
6643
92342
10639
5107
3689
18473
235554
3997
13696
22906
33002
14978
1092317
199662
44384
17017
456345
15625
101550
549
305090
81709
29279
117984
2225853
18627
307663
13415
8980
5707
280122
4445
8699
8672
3928
19338
5096
4232
24457
3058
86126
7094
9827
444
11123
157721
8335
10018
4595
6842
14385
58437
3317
23310
18753
704
16173
46557
7426
9509
1235801
7726
11443
9559
842291
52108
117559
11077
6866
12476
1085
8571
6366
861
32834
4307
12200
65199
45084
7363
23743
4077
466
11256
16573
14834
17290
15156
10049
764022
281209
3872
9342
12970
26000
133738
5716
3734
4622392
42027
8530
155110
3570
2964
12055
207445
626092
5799
18486
6854
30209
2259
7568
9649
1367472
130127
3835
19644
6065
43195
27165
3105
10487
38581
319329
2669
5077
154425
3117
11854
5565
6858
49792
5318
1369721
44634
1302
16365
6615
12745
7853
10495
168457
316
9968
18867
4259
44663
1160
4667
203298
17527
8484
39651
10619
10031
5407
4076
56266
236808
4128
16932
56269
7130
382575
7080
28937
12790
12339
17672
19470
6834
4450
1684
18501
18235
2173
10871
6029
18748
8872
3886864
7311
5206
552047
5576
43266
142103
101082
5587
8194
46397
113195
6280
19380
262588
6304
3409
121054
214346
484835
3974
1912744
3537
30265
758818
18323
4308
513927
4151
704088
21603
29593
9119
21839
3131
24463
17260
11913
304735
69701
236427
4643
110122
13330
140570
81649
11165
9031
6195
20250
12249
8558
15943
114724
40974
54467
1042
22374
29397
15083
17443
8375
1157
7637
127786
1054
39207
1608
13437
7560
20459
13581
68241
832654
16519
5795
40790
45078
150029
11511
10825
1109
10506
7341
25621
5643
6237
2159
32133
27882
19347
13133
12162
49637
21519
7011
5610
12690
2712
964517
12368
4344
1858
6484
187881
847
4425
8512
3197
19625
9955
11082
4992
39086
10394
911272
36253
19819
6918
62746
234789
2448
12347
33301
52698
2151
6832
6006
16445
13961
8036
20126
1472
18247
10393
2039
4336
12070
15614
9068
124839
2684602
6080
133378
10031
20107
1024
14183
2874960
14717
19348
55645
5224
524457
7672
8324
3520
4020
3422
6725
11132
4604
5297929
126416
4640
3767
6805
104025
11556
45820
8365
38494
5031
21317
1659
84492
495457
24030
2327
2344
8357
18637
1261037
11583424
16243
68132
18276
362495
17681
12143
7363
124116
6581
267681
70361
11303
11893
25861
2190544
20496
197751
108774
95969
15803
5681
31126
13574
7408
3515
1887
6505
8781
10841
18721
2323
1356
8218
18701
23751
4276
6919
14676
27780
8948
75179
30538
14718
6391944
57062
18464
2677
361
884099
922
8015
40
28370
161206
22802
57063
84878
30763
6627
21900
237853
49578
369006
2082
408779
4396
5320045
95578
8266
15050
124116
52870
29060
61294
12231
2377
565567
498873
31521
6211
464597
79064
1022469
8247
10748
28599
11703
210232
670
20343
46901
11817
4225462
11626
3872
29081
13344
775720
6846
17273
4633
12960
3536119
345217
7111
14461
8641
21018
17970
5684
241968
94216
3283
55596
1654
2963
6598
30101
174243
520
24518
41556
5550
19610
9167
12062
5988
716492
205355
86070
9158
18531
8422
42074
17725
19034
10713
7470
43566
51747
19255
89958
2588
7584
11742
7662
14701
290095
24273
22209
17966
323865
124591
28847
7280
18984
379942
668886
17850
21439
20025
6112
17894
47515
475438
50332
53722
19146
48480
690009
139732
1555
176898
31396
37424
43476
6444
71104
16523
102368
70526
2558
9753
2549
9864
3093870
11310
41757
145206
9103
43045
3149
224290
9992
2800
3244001
21402
5793
5216
2413
7707
13852
6604
16945
124870
15497
11648
5236
6060
7043
173570
23719
13163
5454
11398
21955
11566
7162
1439
7407
88503
10670
221649
29165
95080
1797
4199
47815
1350
47654
32794
11396
19546
74825
16147
184316
84505
2188287
22526
224922
1061103
83192
30099
15431
25910
3088
851
15618
69489
36891
24405
52641
4601
107488
3875
5864
264028
3552
69263
457629
5089
5250
7264
3650
660
3751
10284
166788
661565
4332
45950
36050
11879
5228817
91298
21968
4660
49728
745137
11717
1955
5549
5550
9525
24628
2595
2282
13470
18807
78325
73169
40351
41256
12975
1731
636731
27340
4730
174446
10468
147891
3210
1558
655421
13093
5190
4189
26427
31061
31453
216626
32823
5859
6776
1519993
8849
4527
5541
61652
44522
4831
32085
9033
9973
14674974
25736
8599
94729
17003
67686
2320
129110
7880
19464
9637
1837
211109
28843
1463
82644
132757
3237
8860
6540
273609
10333
17787
130094
19632
8417
409061
9672
259053
10376
10813
8665
1155463
12126
9472
11829
7041
338194
28344
5569
40446
36559
27533
3308
3826
7733
15643
4039
15680
2900603
5289
1870
9030
29056
2513
3031
375069
38675
2914
26525
2173
5549
20472
76818
34906
138981
18599
8049
7760
16464
33584
9041
6397
1499712
32953
5249
11740
268255
2779
11101
99592
7501
8005
9252333
39582
27785
29701
507340
128879
14253
5058
4417
2400
12386
12225
46248
45577
11511
6622
26042
4954
9184
2601525
1679
272095
3547
13470
3245251
389569
176116
170404
6740
497820
37627
4573
27737
12640
5485
9090
101177
398190
5061792
1746
1924176
8667
5008
113994
97800
14479
27409
2164051
2151
550570
9096
4539793
13439
3883
9717
33120
1934
13572
6547
18295
7652
6518
4705
34627
6619
12893
12036
8800
14810
7414
32108
37664
5656
23427
4851
17895
76696
12214
615852
71896
11369
9259
33230
48625
11438
123719
10411
45913
47721
5193
2724
39007
4371
9010
4330
15049
8798
1295591
10870
339508
663301
26596
257792
2532
8831
14249
1147473
17768
13764
2557
16021
17329
6438
5204
12846
3532
21849
62684
31740
4879
8558
13812
31295
7491
8458
6147
31358
2800
18245
15578
37234
6948
83696
91013
17479
5115
8560
11419
3881
12302
8329
9256
2738
382387
11073
4694
9244
7796
26016
19216
695
18285
689159
39697
4531
9999
4523
52655
3366
22557
11566
16307
5740
16239
1493
14817
5287
14627
12727
307341
5841
12944
6403
21784
12327
32299
4403
277
9688
3140
497780
176834
194358
25906
5675
26391
11062
41914
6156
8805
29538
133899
5471
336
6579
7032
15773
5227
46546
23096
1524
8095
30266
2244
157191
2334495
16555
4986
7899
12619
13607
9587
51766
7503
3062
432476
9085
3413
14065
54591
1569
94579
18302
18641
7532
46104
9406
14381
3686
13515
42543
57491
28978
7942
9061
2027
1039
40538
120774
5731
17835
10515
5958
2876
598
1682468
63197
2741076
8857
1662
201990
23521
49555
37423
5327
11809
13147
2789
14728
2687
5928
7181
31676
90595
10636
4498
2846
7211
3327
12965
4248
5776
25856
9486
7793
6718
34329
28676
157017
12710
3425
18007
21304
3218024
588486
6936
581
2116
14835
433391
95537
96500
7318
14604
18943
286134
36391
1721
51121
19807
425559
3665
17457
96247
83218
28667
10561
48746
4068
22869
64966
10397
1811459
20443
3187582
18077
1362
13976
24706
7576
10021
28761
14436
1165512
6468
44740
8019
71089
5617
14596
786951
8298
12024
51981
7018
5113
21313
53503
75317
4272
3213
12474
84867
7028
2541
3830
13638
765611
60988
19717
28930
77954
8347
31355
51431
24026
17316
23868
80072
260449
18548
62581
118944
15024
4353
6941
20101
22767
15448
916008
6096
21861
1989
63654
194289
15935
9186
234865
3972
19358
2167163
449018
101490
4717043
45518
18378
12765
31489
11044
4709
6150
695665
87212
211210
4910
106950
8477
10342
71056
12985
8166
1514728
10892
7675
95163
21360
7307
7441
375242
8480
5260
42422
17330
10002
249189
13873
142218
28450
3388
1309099
31517
1247
22229
7766
13212
73087
5770
2888
5117
4274
45755
14280
2554
3313
13609
4048
3741
1558015
3118002
5698
18243
9592
5011
39438
20312
46525
82652
19813
24868
7551
171433
22570
922441
54070
34608
6767
117741
4886
21947
52581
5643
11981
11035
23739
28364
6797
23742
47637
11902
12643
44145
24353
17502
3787
56877
3119
16502
7134
10014
176438
128123
46383
6631
20778
6145
5634
642
17597
15258
6283
3363
5065
8778
842193
19098
164058
894535
32732
103800
17391
17930
15069
40965
3018
9924
3282219
10833
23960
12243
70896
219497
86763
33171
5715
57138
14381
8758
22545
4378
4728
1847048
7853
19516
47758
16798
14405
65297
5190
95302
86946
19370
196383
2702
42679
14631
60443
6710
4476
61953
66642
33026
58953
8846
9379
50065
8589
58930
607539
14763
220515
16886
1385
33940
14402
214860
9827
10340
7372
2974
6988
24482
10444
6225
34642
19959
4896
15831
14822
19139
1302
709
5759
29844
31301
18085470
18159
8408
14132
3488
435887
20652
4721
24293
7134
8188
212978
5160
4327
17759307
6709
123788
62692
4326
11665
1552
4655
7417
76358
223732
1614
11451
13881
3716
203813
18198
4214
1770186
45475
1618972
6540
6186
13947681
140505
109354
10975
5940
4647
5588
23836
4113
3842
177746
4579
63919
27583
3367
1818536
30561
8478
23871
13944
2480
14851
15030
4654
9845
31837
99794
12063
19278
6298
6454
6730
14059
4332
8908
31999
320493
34309
7927
3717
10601
88945
5824
1700
22778
15060
2568
12840
18314
12341
330415
3554
20376
50546
23267
571
10870
17008
1296
8872
179262
225353
36844
17209
28988
20956
8956
16981
404219
5735
4783
10854
1779
641656
367915
3207536
22428
6549
116925
77555
35906
13977
9144
66354
4257042
6571
141909
9647
21143
163214
4946
823181
9652
3696
19243
47404
4013
9548
4590
56419
27019
2477
14358
6744
1765
1970903
10443
6914
42448
36819
22458
9592
21679
6724149
13023
5273
35720
29490
1750
3283
11497
2609187
7059
3111
96600
147480
6399
3939
5002
6190
37380
18393
7917
95216
20612
1733314
95228
2756
6897
8534
4150
657623
167319
16593
9938
1526926
11735
19598
4049
292148
6026
1319074
4068
22273
2688587
5067
4241
1084
49823
14450
51031
10745
320588
5087
18467
450492
10840
32992
25131
4732
8777
31807
39398
4457
15996
7453
9028
5245
21426
14535
13811
1455750
12497
223465
6982
118213
3727
6040
56821
17695
56120
17553
28150
27157
5312
16907
17366
28959
3025
23783
3089
8550
5895
37077
5216
308954
76357
24083
7872
10592
50829
20901
1049
18173
35686
13930
31421
16587
8923
12318
9455865
6934
11774
33205
23586
6517
3110
12331
8377
7156
18751
17468
5303
37866
8952
13406
28821
141107
12682
17604
8198
21722
17220
30686
15390
5295
41397
2321
872177
9318
37515
798
15331
16546
44249
3896
13852
57191
21318
2947555
7060
23455
7118
6938
3476
12851
248296
32971
11544
1752
129611
175537
5821
1560
18133
9949
110131
8905
5322
12817
31276
15740
16887
97458
16922
400269
2332021
186567
3746
3907
10834
9590
702388
5992
25440
40204
7645
7006
18668
1820
66907
2852
2941
12222
18776
2878
6942
9465
4101
40314
6286
3562
7392
550903
6078
27179
8631
501810
981829
17579
28437
27080
8574
150296
24143
68203
4303
3605
3020
65649
17860
6756
12691
551352
121507
897
1410
293438
8385
8570
6048961
67982
13981
337852
4861
16713
12135
23221
19128
12296
3734653
1025
13081
13003
23835
13040
2662
160135
12539
8970
73555
16869
16517
1859
24907
61021
5944
40648
10701
251050
27002
9271
74374
58314
7303
1934
3976
23435
1618656
5955
3987
13883
56201
1919868
12642
18150
47339
25415
3014
22302
12505
25632
1433
1246
59222
9145
45858
3832
26430
2672
427876
1390215
1197496
3351
92109
21342
7709
18819
16766
7367
20576
53391
31348
9674
11881
3426
33328
5486
811
29578
67471
8587
56602
2247406
971824
14997
9950
9965
9636
3470
12562
5065
13136
339090
28898
19601
15822
57927
16470
28207
58620
211386
61196
33188
22453
11844
75797
778638
12116
13052
2716
28092
30004
290405
9813
6540
1654
12163
20477
19192
74088
91422
398778
91851
22429
126500
174131
2040
14088
10770
4552656
76823
34030
6714
22883
10660
5959
2531182
6455
619743
5371513
55642
12141
8215
9521
6226
8607
10788
12640
18277
29333
47963
40714
324317
11623
10833
6737
9983
12302
7868
5348
6999
353884
11685
2451
78198
2827
28667
25223
11219
136662
7083
12580
9341
1955
19039
155317
2156
87926
1175041
3881
112307
112624
2387
101873
12124
7356
45429
9533
536481
13915
7736
48746
18521
2160
2899
117511
14233
17185
275853
21516
42976
76696
29776
60999
7412
16014
1567
8562
1199
729
18588
25913
24886
38577
6168
36177
6647
2189275
77549
161775
9618
19775
4563
10521
44872
2953
6561428
10592
20073
6455
5680
10420
8171
7418
15836
6116
4500
37177
12476
281486
30493
42569
12178
370458
273797
2957
2377
60257
6163
34696
9255
9642
10468
6340
14071
16958
48957
6821
6110
502284
7063
2848546
8917
7627
4131
87508
6320785
193941
9498
5534
23773
19071
7808
11007
1449765
683064
24632
1484
24573
20220
5074
15453
7183
15083
7986
3692
2406
45346
6993
17153
92332
108531
6134
13088
2845
155114
517389
8267
33579
16072
858465
13603
17054
47682
5392
25084
17148
137420
312729
5074
4066
2384
52332
4404
358918
5149
7442
21909
82615
6892
1545
11513
11015
8653
249558
322975
14742
15194
25990
4842
15700
9927
5314
136010
34033
4436
14089
4871
43944
153555
81692
5693
3735
22237
476127
12157
18523
162139
4768
4516
400981
26503
5944
13235
5764
36319
314181
35987
32713
45693
349042
173874
292263
29868
54772
7060
4380
13382
11670
31403
4454
22385
7625
24946
2328
174490
10434
6921
18894
8744
10411
11173
3271
562
8351
28509
125334
3701
3544
28226
10181
56516
2644
11744
17412
551981
253454
15749
22936
6466
10653
38264
7191
16276
10359
34145
12993
1078553
27297
7676
272956
6331
12449
8135
80355
7271
837404
6268
7500
47404
1755
5873
70139
29782
14221
87293
143728
24324340
6436
5079
3318
12659
10966
20421
62816
3369
3035
37208
1006064
569834
120813
758392
7689
30523
182850
21335
25932
12568
19193
2393
7009
18810
6220
110856
736723
5056
43391
1371
7002
16080
27513
3121
5466
139194
8188
29478
1284
172993
5865
9564
1089
43355
592193
125942
8196
41119
2594
31336
4568
3658
10653
3145
19840
970096
4528
64137
1909816
12501
151356
8936
587730
26947
3731
9121
271299
33724
4118
22372
46303
10754
81367
4436
25453
10435
22023
16885
490844
66995
6544
40861
8127
330919
30212
2968639
5698
37062
151116
93116
4905
4912
3566
58955
13978
9214
30606
1197
255691
23741
18378
8508
3927
45811
251698
9008
5896
279991
32400
11343
23703
30865
4619
26477
2646
8580
18494
55765
44442
449611
5560
48875
5481
135222
34066
6338
65211
15607
33519
30243
22136
9006
29431
13242
6819
122356
669361
26105
5660
3988
42850
19283
47797
32344
6725
9463
5472
30000
64647
66950
5245
101111
40959
254156
1029417
12973
47876
8458
105308
76202
84543
6209
66839
2114
12717
2839
35556
245356
3029
1995
17647
4782
22990
41082
6789
19360
14879
99427
11128
65759
15128
20884
24128
27858
1023674
3989
3431
8007
8390
5301953
19286
11418
6924
15572
16137
8628
37854978
72351
83929
99042
48561
23143
69317
256466
15700
2496
39853
97440
4594
98681
46548
3004751
16343
8822
45056
18747
4450
8541
19815
21878
21738
8688
16114
6305
66781
91633
39269
450241
34295
921515
9032
14758
21392
12153
4276
8699
3234
17630
6255
24158
5889
4746
17591
18461
7556
128654
1357290
297508
845208
2647
16457
8288
65429
3867
17836
978
7168
14307
1471
806346
9653
36570
18407
235
5532
4833
7052
10004
3684
33772
21207
18812
112241
90189
33876
12524
13777
14874
3783
2314621
12955
14445
309236
12894
12514
5784
10724
7352
3087
31983
4540
15268
3575
13246
45803
58566
19381
11553
199058
9652
9635479
17270
31626
5063
4604
13430
3653919
112623
41585
3016
26118
10702
17199
23444
8711
22192
8214
46465
1416357
43116
1218684
10401
7124
60082
4432
14929
44078
36397
19768
8967
36234
778828
12452
1481
6780
2082
3075
9949
229105
7597931
7861
12556
49550
78011
245306
28832
6469
29227
31568
8691
11621
2744
6671
26073
2146
4480
3592
2093
59297
26843
11005
94234
1810
748
19623
1350728
38625
286433
7397
83199
98002
134737
13774
24826
2349
8147
84494
71840
5593
16047
10733
10085
10197
7405
5653
4395
147629
1148
498146
14789
3619
115354
8036
68222
176440
35705
21397
8581
4788501
5997
2918
6986
9894
27744
195457
70986
16078
9119
1922
1938603
20687
64639
4325
540804
13069
60160
30606
10720
6122
9711
6924
141626
2331
32266
17252
10608
5692880
14658
6952
4549
3615
999
11195
11189
242780
825124
1204544
17059
25028
3978
12855
17494
47053
19897
52716
7129
327601
65087
436530
91033
47738
6970
202482
877974
2338
23980
2432310
15671
101618
50180
16490
881996
332472
5048
8884
3588
8941
4798
9529
12767
17891
5890
10765
6087
19211
9677
3572
143962
21058
155627
25047
25741
8825
8940
8032
22911
27621
31558
16384
14993
8367
7564
18342
3980
42997
3490
337
28300
12713
2194
50647
380970
154862
11015
8879
38126
1942
9643
21393
11163
45701
20711
26821
514662
2445
1361
44346
29781
1567
5917
3975
29095
9195
29865
9836
38823
6500
16524
138974
24251
20552
26030
4141
6534
12664
28812
10086
12907
18499
6750
1704
17341
1582782
16324
827638
25278
12175
4999
5815
14268
19432
534
23933
75591
9426
396304
29894
2050
17383
11082
2680
104026
2188228
163904
11364
16360
1097425
4464
8812
9053
1538
1283623
4920
2106
6285
70594
32430
1320900
179861
146824
39882
1325
135970
9109
61713
15194
8613
6120
349197
11641
17862
15337
4804
5602
313388
46068
3093
1104012
9200
52817
18202
177482
5880
29384
10343
5576
10638
8132
75793
1033
14545
34795
6117
12791
92638
3583
11046
8816
7177
7825
134428
107356
10488
4310
42728
1553130
12837
25156
5933
66762
44617
67090
41371
11216
6575
19218
176005
5075
6086
15499
7959
143771
3220
29425
15749
7878
26143
20651
30897
135260
76091
10108
13715084
11119
4285
10320
46338
15825
112015
9812
4910
5937
9010
149579
132
12768
34263
37242
387732
9108
4948
20054
8695
75459
14490
2467
9559
5831
2755
5362
577041
14792
15600
281502
23843
128439
10141
4899
299362
22351537
639707
943530
10832
6136
305545
16801
5079
386348
3637
817556
33958
9324
685
653
10413
41604
68562
10905
91490
24432
23564
5444401
951475
9261
11915
10135
3056
26835
18004
3031927
13273
5384
60463
7646
3382
108405
4990
15813
22757
2868
4471
6951
60976
123984
22659
2471
13650
6356
466034
9156
23804
8704
8124
419
21611
109812
6535
156570
32422
7783
6271
18105
463899
74262
19910
939859
903574
711152
27244
147694
2979
3913
48039
14851
288342
141258
7828
22770
7933
9905
12145
27039
3449
13064
3011
4133
6509
19316
36383
23903
35471
17082
27201
23886
90128
8821
8406
15470
10383
10738
17244
15477
356084
8892
9002
328764
179209
33439
1892
70655
25294
16622
76223
71110
4315
21059
6450
8174
3994
62072
97110
7006
51754
16577
332
14578
12865
11759
2395
338
10284
6406
7493
4331
11664
183782
16270
48781
6674
23703
2745
13349
8698
6627
8991
5890
1948
3411
104314
12356
40144
10670
11701
6407481
9314
33483
3053
23585
20195
4521410
15304
4347
121167
85169
5973
8167
12858
3671
8798
17748
20515
12803
27729
6783
660
1518
31034
2915
475374
8983
30786
32769
1226
15630
7258
67540
134797
22678
5653
14316
11412
5687
19593
48193
16345
8859
12419
262126
34735
40822
3307
21288
2031
12166
53412
31922
4531
13220
8007
30862
318565
18883
15127
979
20643
8399
8208
7816
6713
3511
1370
580153
47678
3644
829615
244903
170493
1585
8537
9616
3211
23893
222738
8184
1314278
1090982
14405
536953
66063
85696
20027
298703
12874
16319
563799
19290
153178
10935
24464
6891
11843
29493
8478
28536
4850
10711
1641
8916
177980
10178
497178
5797
5683
10833
32586
15404
14642
4751
17867
181077
980778
1082292
93339
1954950
5073
51316
2852309
1885
35364
3015
12838
13867
9061
247990
19309
122457
15542
36135
652406
6340
5966
254661
9101
1618330
2549
7474
738415
7894
4733
92962
742828
20901
6485
28927
6392
3136
5388381
37373
58094
3766
210614
12185
2330
126
29138
7180
27000
254527
2215684
7162
17956
167689
368301
20157
83319
55227
212172
6478
5398
1998
8047
1372709
40305
6015
2865
16741
165755
10742
16256
235106
8498
175410
3529920
5375
22472
107869
103599
3173
8438
34333
1021789
61922
7449434
33389
11851
6931
7710
86761
39872
9962
9261
7145
2988
2081932
2088
5851
8688
37787
3025112
69925
12114
2077918
42404
20667
9497
3421
8458
24724
59461
18891
27045
36440
34992
24148
50102
23337
5032
8295
14827
12587
20510
4768
6317446
10913
2643
9809
4696
114328
273
30680
24475
13748
7185
10446
10194210
10587
2695
27728
12237
33290
14424
104666
5000
7575
17594
5147
142527
79064
24846
10277
48941
6281
1327
10662
1015873
18325
41883
24749
3654
1678
2559889
18295
69422
35317
1165072
14203
37192
14507
12808
6098
11273
71752
10187
11433
172570
6219
4266
102330
342891
7853
11892
72225
26353
59604
30388
43497
8992
9601
90823
13047
29638
25534
22563
227190
67873
2001
2216613
11718
3085
21848
12320
89137
25559
373682
11521
175186
7429
36898
87668
9830
3445
7558
74646
8000
133498
38040
27225
4422
4307
14894
30545
2471
2593
8144
6651
32385
5681
17496
511522
25238
11772
2978
15381
17049
171474
5202
6906
21731
6141
9593
2960278
17251
6519
7807
4034
11222
135567
107391
5534
20560
3499194
7000
5560
25931
176667
2752
113564
755675
3647
199152
11064
41396
47725
1858436
3406
858701
12010
1491
15481
2524
50680
9722
13808
36311
40072
5342
1133839
88439
28980
19619
17723
2866
5612
11941
6969
8373
3165
9965
15602
6987
4437
27000
14532
3287
1258
4195
15109
157464
611
32081
425304
88411
11281
39520
4445
11582
12096
258001
27172
1741205
34115
9848
3568
11139
11566
1358460
61721
8709
6073
1295046
9450
3403
42036
9113
3901
2962896
27250
1752
4289
28468
8722
3652
26833
3651
31742
33513
9031
24317
111042
18897
9982
645116
10048
7254
37589
25929
16457
2584657
3604
28711
27353
126471
18474
7586
5020
10053
2193
704133
8159
51335
19312
40598
94248
102380
26056
137968
4017
5051
24536
10833
51053
49504
146884
17386
5076
19904
2524
73339
36273
17068
25936
27229
5292
3604
12788
27910
5115
569582
619915
7552
18200
9693
14795
21753
28207
7068
2403
1544798
440510
1349
7795
34067
4806
11641
9539
27423
32816
52855
13755
4330
8043
26192
1395343
3921
7813
764033
5928
3195
24640
9503
13197
14937
4369
4759
7619
94183
2042
12831
7155
12918
275366
3805
6214
24243
34041
20072
58560
2580
7570
59996
259958
185788
279
19530
62008
15860
61844
6962
44101
4763472
7110
68131
26766
7789
33937
99037
365223
1839
9051
1767047
350496
880021
20962
11105
27007
14399
6276
10442
5540
22376
37770
40
388150
154529
2598
41018
1108
20436
3227
5702
6443
5142
4384
672143
12581
13393
46295
4060
28555
50853
1710
4883
2946
1935
281526
272123
12368
13275
3976
13596
4947
61903
10313
14437
16934
58505
30687
10556
4464
3365
906905
16946
7457
6167
10520
10531
2554
14302
26041
380231
24368
21603
1075767
20401
1790213
4016
11893
25151
5633
11492
7840
1644
99381
509727
791
54357
51945
3764
5748
27645
6035
4455
27840
14700
63382
36568
3841
1490
3681
1629
4050
9980
12627
256096
19549
3279
1208627
12228
1311422
8293
40388
2574
7183
8006
5388
8938
2826
40227
6297
9735
5936
2743
9647
2048
267388
74376
11507
47766
23627
11606
24097
4326
2437
6432
15388
205274
2932
5558
9970
52261
49301
7127
31442608
2286
6644
23177
3131794
10928
147818
10182
4484
6488
13480
17342
18803
103510
17428
26011
6994
103529
123315
34121
15492
1426511
17024
52758
759869
3444686
81390
12855
17202
6264
6665
78870
12083
13261
5481
1946
11648
10251
5676
18862
1194918
60590
152609
23841
49761
5230
8119
478467
114998
10890
23728
2236
16153
7063
2393
5272
10350
2099816
10282
6034
5850
758850
6536
8108
71747
92025
266786
30699
97524
10423
31522
3766
19069
5026
77995
1482
9781
212178
50283
33378
2592
15335
51192
4924860
3582
1288
2972
23597
1371
25613
5297
34102
8712
26868
30710
116439
44518
4177917
17577
930
232464
102538
9452
3433
301658
405305
264595
106466
1640
116118
5309
21671
6270
22050
13591
40828
18063
93695
8268
389673
11784
8660
13722
197737
625420
6698
267353
69733
5734
35997
1680211
217364
8018
9039
3044
5492
2991
34509
9110
6886
34648
6866
151587
13555
51833
14959
4209
45699
5729
40372
24194
201544
37575
237359
2624
368469
5086
18015
22120
15563
106778
3923
9588
21640
1418000
7608
7403
2608
2313
23193
115901
87318
7418
4618
23167
40471
43800
4002
16477
2188
10135
13906
2167
9972
32950
13028
1754438
9360
8290
33121
1533911
6068
9513
17868
122778
9044
11030
39866
47895
1952
24746
19441
7872
4145
31096
108559
22039
3061
7508
50575
14025
284184
10545
6962
3725
6485
11030
213740
2005
12752
9088
245268
3033
301523
24988
4142
49927
12950
1094972
7906
56740
1285887
39418
17505
11354
4409
48449
245824
5616
26329
167696
18106
207750
589193
4100040
9708
8659
20868
3026
12105
7671
18720
8382
9893
4764
5948
2452111
47059
1529
6981
7421
1992
8350863
2521
367967
408230
2377
108316
9447
33052
263750
16712
16096
558264
188373
1628
2736
10930
12653
3494
16655
44662
18744
1252
24840
46871
6750
13990
607277
4380
9882
4857
160832
6525
19101
21248
4854
10707
505119
3099
2418
220619627
5051
25603
15378
4620
12436
17665
25059
23878
5747
10807524
14874
15603
15875
131641
6487
4194
78918
392
15788
3581
4375
7518
18701
10433
2852
28570
28825
8217
1653
19677
6244
6979
6288
11199
2786
5204
8534451
15983
33038
1546
16732
18308
313858
746006
50310
26283
7903
119991
52559
7705
10628
8925
13428
440500
34027
2488
11733
7517763
87808
7966
65038
7843
9348
29292
14798
26018
248725
7494
42148
8866
10137
92
78701
2132
84150
2914
12805
369385
332841
18442
6534
7155
43393
5114
347760
965
35657
5705
18252
18137
5055
12873
7276
71688
5112526
15132
22377
6505
176553
5640
13650
7177
16360
18923
188450
95610
23152
135567
8355
3402
571681
14104
23140
3938
4786
254465
3002056
31250
5619
1150477
8867
25675
14451
18516
16727
52532
15972
6097
18836
2601
42805
20920
33379
44220
10665
16012
338340
2831474
2374
38186
6534
35287
37957
3353
12304
9027
45215
688101
168741
27945
10771
51471
105184
129270
1396
12440
16242
22695
419733
3681
6711
64933
38039
34500
3619
6633
10690
15501
63252
9147
670
281780
14755
9971
69860
199368
15597948
555062
230898
7743
43392
6987
12697
8511
11097
3667
7398
19630
1574917
2277
344807
201113
15567
9972
39878
21773
14152
26268
8289
7768
6798
5593421
182988
5307
5918
7179
6405
69526
20442
12485
5586
64611
21968
1671
10863
39576
60843
2820
2252254
8967
7928
11193
16162
3201
68014
34685
9954
4909
14927
7210
12518
1328
7319
7366
11267
9139
2095464
3125
2865
17598
5814
4483
35549
138682
14524
2684
11814
5886
8253
4539
141768
21844
181569
34888
7187
1960
842555
26594
41936
15373
23225
4852
118449
55175
5225
100173
549745
7479
5885
267891
68143
52205
64278
3106
9972
10525
28272
21155
85487
43811
10874
8799
9672
8258
11958
8815
760872
19428
11491
815
4558
3974
16153
8880
65890
4418
15632
3641
29836
210701
159901
35844
47178
14205
14634
8709
8974
40100
5769
102975
178336
22376
240316
3383
389388
2427
8320
9699
248118
6938
197743
8537
6515
51589
3660793
22165
544845
11135
57078
1619
11237
6650
2108348
6307
21076
1214150
3859
13210
6027
8761
23052
5347
4005
12232
8159
4959
352374
43465
5477
99366
1796
12792
14094
56461
2016
25948
42221
323616
3107
27830
16771
27505
2108
18079782
4671
15314
11203
21930
29564
57793
10730
23227
13533
11790
35156
11654
999038
14144
16769
5277
4536
14231
7168
11301
9717
3269
631280
6198
11975
2366
7968
1769
3368
9629
6425
110880
20194
4394
11216
11502
6459
36826
14261
6516
3767
1270
23728
1507
5663
4071
20957
417544
8101
16449
20096
5455
50892
50826
1247431
5438
2256100
4567
815
108014
76401
8058
1313
6556
316223
8893
1485
11473
13899
331850
53788
16804
297684
12705
6838
7608
3584
15998
885
3797
43726
11247
29985
11369
9655
535369
363
181483
13079
12970
8558
1520
19121
16725
69581
7262
6155
7130
25899
8205
119812
8607
31097
42413
5428
1012802
3388
5989
70695
494787
58621
19755
13551
71313
1475
8296
5229
11223
25061
5363
34675
628800
2719
217832
8343
59507
4383
33734
705
10499
8909
2862
4333
63351
15619
12013
10891
19056
123589
5180743
5455
2103
71851
7627
31602
3757
62099
14697
13111
69505
7491
3646
155953
56877
14309
6948
67156
849269
10547
18079
89619
12349
70699
22245
13109
483277
27606
13089
105632
25938
1039
41605
4520
8433
15702
5869
15806
15863
17790
2297
43465
110375
267717
34799
4145
5406
2430
4159
2349
29867
50695
7543
7488
5058
1975
8004
26231
114144
4425973
9107
6140
910
9465
36015
6720
9690
15774
605
8573
7530
10116
3839
33009
6815
2232
135826
4319
512046
32981
15943
6964
9860
1685
5817
45520
25265
5636
275443
5317
3176
491382
124739
27893
10274
945969
4431321
16118
25462
756565
51800
38325
240150
8916
121236
7663
1399
11867
3295795
96366
5159
11872
478558
13060
4379
6351
34138
9820
102638
14529
4602
5660
1490
3658
5982
4305
16462
5779
31603
266660
18380
313084
1592
19354
19163
4023488
230
692
286241
1222855
17557
11447
4048675
28623
8933
12508185
177473
62942
1153659
112501
268263
496833
12110
11139
1669
28315
233065
3949
7420
14557
6347
5120
88332
3307
32479
2167
16634
10451
231494
26142
3665
47422
219273
12938
38566
1331308
3451
3735
8879
230308
7596
4127
13620
17719
52268
6523
31231
11692
70323
1952513
17207
16723
6095
3879
1269
205523
34013
23993
1003086
81113
1153543
40315
5242
212731
2815
3502
10458
20658
7548
41751
36668
33097
11928568
51642
208210
51963
88927
634308
134400
26211
9971
395392
689999
11671
494550
145543
17361
4274
23249
3276
32757
4288
10159
5146
31678
1374
4422
31568
32028
733040
9021
153523
3546
11569
1744762
18775
15419
129232
38996
5816
74753
176506
10749
17984
266551
32369
25166
6673
13652
8329
4769
27660
11656
2043
13284
64627
4157
3584
6158
41089
58936
29896
54502
159
152614
33253
11829
73333
816323
2847
3298
4966
6213
17233
7910
21338
36545
26182
4155
30733
11306
531125
91302
785806
13254
1651
212891
28036
31443
2338915
6013
13940
338068
19283
13015
373
907
375035
7355
3240
3597
33689
1826
15755
18617
354586
26484
20934
10846
1029452
150656
40106
1254154
10678
293
4165
7178
8192
96
12564
11116
50590
61226
5788
10635
48232
12891
23571
1510
2548
5680
77357
2791
1525
12656
18249
3466
37799
3854
9184
14695
7925
3983
1524
193030
1041196
152335
4053
7322
24920
578303
26819
5807
704
15538
5613
12941
40225
206233
19342
274109
7771
32946
720889
30972
6585
48773
1281
9429
757331
1098
33405
22134
3962
10353
60638
150305
5918
28011
7301
136608
11113
8457
10267
2511
24410
222456
30369
1110578
2178103
5202
43429
13606
1153
342464
757181
32698
3982586
8709
46244
8028
18260
44119
4251
10820
73636
2703081
4723
6334
16604
5507
6810
10804
17860
8297
17857
64116
14998
1263
17204
6801
5462
2977
8323
4907
6608
34880
2011
5727
48744
12947
12231
19149
13005
2661
4004
64303
24943
208499
10941
47220
3345
55440
4800
267944
8066
17173
2071
11341
23448
5168
34309
6199
29124
3634
15384
13482
8117
11980
7988
38051
7245
10623
51224
79651
243124
13324
72054
4702
8202
13805
1424223
549450
20061
712
129150
873122
65998
10649
9272
68258
9075
96355
41642
1116039
205227
6888
10984
1192
39109
79519
7048
63824
421248
76393
14450
23407
249593
171396
86909
26012
4936
339815
522075
8235
49468
866618
1447
7508
6117
38711
8054
7521
18087
16618
5436
82414
12039
16875
24756
55747
31958
9951
85203
12754
68478
67736
4977
189960
1101996
9181
276756
279736
18950
9238
16631
18103
11881
4652
13492
80018
5711
42248
675382
4246
4965
17178
8657
336556
3300
78427
158057
52961
4746
5926
44191
5709
7180
8706
11971
540386
50374
3961
59360
7698
41588
6013
1036
3998
10815
12559
6789
13545
110489
2152962
16035
8381
17733
78518
194099
13429
12388
19403
54330
9294
8812
439361
43793
183629
10199
67976
3342
13923
6043
59261
1454
4042
2890
13620
4269
67559
399691
12940
55419
61846
10995
11912
11898
245481
1211
248986
51915
4508
3465
5206718
6768
53214
23923
96133
39755
6328
16194
73136
9246
25726
2210428
228647
17376
5404
1135
114071
19316
36098
2046968
4624
20144
836
1686
10276
7202
33568
3199
3800
555923
7862
5836
9444
153904
4807
17445
128469
40462
33807
12669
7246
80513
17813
3058
11328
28811
10868
7180
489685
292319
5168
14333
14404
10711
5989
7567
16106
6402
11948
625
11722
22839
538
10440
6189
36835
538
8167
4937
33736
14364
4673
12959
12475
995283
8175
6812
23807
64697
12441
3147436
946669
12300
10792
3493
8948
309969
33624
65275
34747
3314
7427
24548
16673
281978
3887
21012
13350
759
9753
2671
7234
20658
4776
445
44087
35412
75522
6532
9929
60891
4096
154619
5302
14840
80573
198577
83446
4765
24211
9438760
99628
5997
5157
2528
9043
4540
45253
28377
2191
818207
7813
9136
71000
5021
63634
39834
284878
28204
7084
14663
6450
5275
410669
2628508
406119
11372
9443
3625
2999
289767
12977
10750
22448
4116
41293
32109
361939
2744
6590
10681
15993
1496
1418
27829
47601
1457
93476
2089
5447
54246
106134
49472
9852
7168
326125
25344
25862
21879
74275
100801
681
257388
233818
9320
3392
36181
51942
832122
5914349
158988
294993
117143
771804
46095
101389
2107
33278
8400
11471
2096
22807
19959
54439
6261905
4379
6378
30676
26568
272532
40851
3812
27831
21591
1988
4793
1943
18263
28481
7653
6824
6039
8273
8058
3392
4414
5072
5403
27991
7675
8620
2440
2057207
22631
17029
12246
12883
30215
449655
841
10373
20905
60708
96803
21882
15897
473
7239
1246
94176
228645
3758
8329
669594
23304
3612034
6445
7971
49044
30765
95961
21254
18380
4370
6270
72115038
10703
15687
9289
42333
22604
3552
14205
5440
8914
230825
2208957
23051
29545
4038
10475
9780
8678
5944
15457
313387
227442
1515572
6922
134860
11587
8558
36686
13720
146379
4525
520985
19891
16291
84818
1280
449708
5702
16077
8272
3434
7948
2409348
54587
5741
39111
378199
318534
5394
101789
102202
42143
564337
22790
592076
10570
13086
8476
9498
19132
15141
12381
158171
1143012
14076
274726
11772
44468
12001
12106
388035
54622
3963
24594
37392
5656
118041
6326
2348
23651
23950
5418
7254
1704
5415
147
10995
26714
6131
263040
22219
8668
3518
21249
53319
350008
38974
7424
630
16912
4932624
42127
14761
8180399
28567
2284531
5936
27742
136519
9131
5371
778
433166
6043
6602
9145
81012
4233
158117
2429942
4760
38570
3124
16572
273420
460815
31560
24637
20073
10869
41723
14588
14242
74801
52280
9344
10657
137671
91755
46468
14658
8476
13299
17414
18791
16739
11432
1706
21313
4462
8153
12589
4984
11659
102207
36464
16988
1556838
7792
43913
7789
611
5285
11602
8895
2816
3539
10961
24723
5522
8739
14654
14173
7148
7420
3326
9513
8239
13973
7843
3880
15892
21829
5635
15046
3223
12267
23982
34863
2199952
1725
2320684
332055
3288
13407
2501412
13024
4553
119721
6340
1361518
13738
2985
4478
9928
19255
844856
187895
6114
435758
40494
24059
6403
9683
23247
8574
22641
542943
16868
20429
1821
7811
29400
3245
11459
135943
12271
13039
31006
4037
8179
14141
17081
1319
280708
3627
6897
21370
32122
6539
99035
33908
138467
87096
5920
25389
94332
1451927
16497
10959
1536485
410443
188425
2952
17392
6630
7770
5662
2542
2387
876242
9019283
561452
15586
133783
6103
18354
18431
5345
23424
97663
5974
9651
16749
36059
236916
29043
28895
12367
5870
18868
2997
1390
1974
764496
19191
14481
3319
703676
19260
3822
9075
180821
3308
3062971
12175
5224
48950
262996
8109
44683
2025
741567
8571
239298
4657
19161
8887
51953
1861745
30712
7358
3767
7856
11773
48681
7659
5444
11835
18976
5767
56507
7287
16300
4928
15761
10552
8394
50713
3641
20149
105479
113136
3346
20570
8002
3293
19358
7671
7417
1060
11283
70242
4649
4242
28311
23356
6577
26124
136351
287788
20076
29536
6725
8010
10356
12556
13401
26988
3465
9799
24169
115612
20379
1381
336989
695911
10805
8953
3590
4464
1204757
20740
420998
7366
18007
346842
20436
20876
67126
23538
5913
14012
380981
6995
63218
28909
278051
18335
3450
82945
197034
67633
817
10197
6637
135650
3487
2756
68319
27350
15314
32052
3863
21478
5300
19945
1064040
7225
11324
3310
275560
12229
19388
200885
260827
23179
395837
196607
113208
8688
39289
18818
9322
9058
7043
4120
1249511
9471
19038
17558
65804
83395
30408
604154
73755
15786
2109
1643
4779
4504
9477
6733
24132
9752
105851
50426
352303
1095557
24520
8980
20941
217098
20728
18883
16813
10590
9137
37375
10764
13345
12578
20519
3302
443940
286224
60233
93187
17405
6770
25831
1513524
19881
1247
42783
3185
3436
84469
8392
27586
5598
7404340
54565
1308050
51231
2985259
19673
104431
8895
313311
7688
3707
27235
798521
17132
9453
22913
12576
77871
28836
37885
9829
3188254
38427
83877
3129426
173174
9044
3013
692185
259
9129
4675
6500
15653
22681
10981
614291
11371
5792
7873
2619
13074
7667
35874
2615
16790
528445
276841
87770
133760
5811
5855
143863
13509
3394
3727
32032
27261
2554
8895
563133
7833
5026
9242
3522
13323
23340
8627
24215
7580
6082
2120
45302
14809
99317
3533
8550
12807
178379
26676
104477
3085
139147
23066
35776
12859
8914
11361
25824
15787
71378
215972
10071
7421
16441
111897
29586
4873
137430
173688
2221
7156
6529
73462
62718
42513
614945
529
674578
5029
34627
8588
467870
106639
8690
6133
11726
7975
40060
2915
9739
50145
7147
6641
1757811
6992
11510
2629
20328
15713
3121691
21488
847
2777
11086
28365
2863
7939
8348
6349
142412
16878
84722
11797
2462
186797
10589
60698
6059
820677
6775
5933
182293
8048
13964
27392
47088
16171
1926745
21396
18517
29897
17886
21685
2581569
9449
14777
44111
8528
600679
7988
7045
3610
5847
14106
2929
12649
17304
4015
47143
7718
2593
527116
1012621
484183
325162
30977
3924
3868
7547
5653
515743
3454
18830
10464
53462
5508
11065
9852
7482
10259
125625
1295235
27906
102905
18516
23367
4321
105219
286752
21850
7700
916
15741
12205
21066
22573
11362
9247
7667
7930
3291
19724
6841
143787
81605
14361
25098
40657
37174
4675
112025
19887
9438
17290
20903
5650
14542
63157
37979
209849
9462
494395
1729667
53868
15887
22537
4895
1011508
12821
2977
8976
9479
43204
208489
2583
16732
29651
6696
20603
22649
61653
2664
2177931
108879
18240
10598
24436
12968
19118
9255
144074
8627163
889
833054
3088
417507
86391
8699
41222
23488
9843
5136
281648
300512
151308
4136
4905
133306
15070
17286
8518
56235
6728
10600
3680
3712
12820
2483
14161
4481
235713
1672
28626
29350
9527
12393
4026
84505
4714
3570
7815
14421
100268
12516
26615
3167
63315
3427
5890
56603
425422
906179
15991
13564
21963165
8596
91729
300395
186577
114013
102666
4495
2963
95899
7127
12742
4407
24589
231201
17788
5066
3204
3889
408
3928
17706
35980
10872
12697
44956
113744
23561
27592
8878
15526
21373
5459
2427
6350
28175
7757
2143
3317
22704
1839
58229
9454
13817
5849
13687
43988
17502
3658
37077
37278
19395
5575
33727
2878
498793
3511
37101
19180
31914
5232
2773
22625
10484
24284
4317
142862
1200992
502166
9532
25481
235131
51596
12685
672816
1332
12543
245432
38715
3825
48856
11100
6914
4182
4294
44257
1477
13509
129511
188391
25350
104060
7108
5037
16896
712
455365
3579
556
11903
14868
120151
8300
118161
20293
10098
89806
10218
2379
1930
8527
1813
9244
22288
4173
31443
78652
7618
2317
4386
8820
13379
2324
16297
35201
6406
33037
45160
1213
48313
22712
1628
5841296
80284
1116559
21831
13161
15456
1045569
10313
112280
46361
6166
50540
4674
53687
67989
43173
10030
4515
71592
5655
4872
7358
115928
37383
37322
16952
7018
11768
4047
3914
6905
12937
17554
8158
451739
28729
192941
75261
7767
4111
5670
14229
31332
2034
2050
171370
6073
37527
1685
92567
700316
101825
144382
2490
37742
6071
20266
3871
76980
31964
9289
19460
3305
31915
10395
6803
4676
45105
29958
21005
14942
2367252
46723
9744
6173
250784
937230
71729
30960
63022
8905
10338
15602
1877
4988
5838
20203
28252
7496
3358
17776
35382
665095
3823
9807
19139
11519
3074016
60257
10084
45329
6402
8544
1736181
6958
20008
12270
1297
9872
145810
12247
19545
787
13405
109696
6452
891549
3262
8255
2661
21421
7946
126675
388770
3834
11535
4326
3218
4506
4670
8342
32862
75844
2146
3810
52219
4439
18430
63280
12202
375534
557458
12576
36316
83388
63299
97217
24815
484255
29686
13468
24442
10983
8572
3719
13370
21993
36222
4768
15815
112756
12053
26759
16710
12962
28119
15295
3103
11640
4741
20346
14121
107783
7431
6185822
170579
33659
9814
21539
8295
12332
23062
7182
9644
2785
8204
9248
20479
64389
21923
50409
5822
31618
522925
75229
3018
175091
20789
1493
84374
12280
130558
6537
60342
10235
110453
62706
28318
15842
2712
4180
351195
34206
6806
6736
7209
3609
14592
52658
12095
15282459
24668
2260
28551
30605
2341
309871
1403
5002
5512
25874
66090
51150
7787
51587
15081
63057
2990544
29824
9112
1895
1284
75229
37981
19578
27496
38768
3745
22864
98041
51005
230881
2684250
22648
211259
12636
3992
6782
18508
23532
1505360
36680
6737
14698
56926
9143
4782
17135
69785
2109
4599
2873
5592
17762
4819
18407
35496
1114585
36105
166836
307830
74647
43655
16682
551194
9759
17779
2756256
6779
15236
40697
9494
4177
4355
9170
16966
4892
24429
30527
24730
7824
3005
24245
31568
184746
2764
12489
8065
246798
389835
152873
2697
6299
180973
9550
29994
25801
284928
2676413
3602
9119
4899
12587
13860
39010
846
10010
7180
8898
282136
8203
2619
1902759
1989
5841
3600
8731
13772
23848
12108
21474
30253
15006
10081
2973
551151
32698
40560
7394
138346
6186
6068
66033
2075039
12674
12925
20768
4662
809839
64455
22553
653
2447812
28222
105887
8660
18642
6829
6596
8823
9500
141056
13185
49888
16335
2498
10579
5762792
6838
15952
7739
25086
61068
15679
3924
16747
131485
21604
8602
34201
19853
4070
40942
10812
278488
35010
1263
8986
6938
3432
3047
1056
32318
136813
10912
11411
2497
667604
8845
6031
20527
4326
84566
13246
10372
2753
4695
94220
7601
1752
6345
21710
3155
22770
66385
6762
873
10817
828
45929
576
15481
67682
1844
375730
13833
157497
8651
17331
8553
9745
140674
5105
4984
21680
5334
8875478
28586
147377
637887
26807
5410
16374
5625
3521
13180
1335549
5145
58419
11754
24186
8120
11765
23275
152702
1869777
8851
30300
70103
7652
156151
9909
12821
1623936
2569454
21417
7516
5825
12232
4592
3409
28197
145031
9697
1540
89976
82934
14676
460554
91148
11942
459814
151855
105982
14189
104899
9240
10578
7978
700
4984
10427
19344
15377
13004
20213
1956
10954
21679
8023
19227
43772
113043
9364
24808
5274
51624
4401
8497
1772
15167
8543
8413
3267
1596084
1351
14763
5443
155604
17116
9176
5317
140178
14510
16781
41765
83083
91915
6586
5955
34393
6599
7932
1412
11164
1648
47041
6656
3462
27410
4727033
113059
7587
7358
26285
26671
14547
41671
4221
32160
720485
5619
559988
13157
35786
15769
6807
8996
5588
19598
18388
29256
6384
3407468
14949
3954
18901
18863
6961
34770
45389
61567
12823
17691
73038
3162
37368
6634
25191
32788
13316
8903
47162
50073
2795
18594
28127
2096
10379
390803
4465
3088
60457
13025
8750
7634
5975
3453
7191
318490
20716
2506
40751
7297
3667
4148
93980
37986
3634
1681
10525
19121
11430
40029
32523
2653
938
23537
12840
1994
5470
5052
43020
54861
5336
72554
79352
9340
56673
12553
32900
124445
5629
21393
39940
191632
22841
22199
43960
2270241
76746
120656
321290
83339
3417
11538
4863
44999
6017
2494
124600
6160
23639
303149
10056
70625
1054
1526
15368
11360
6922
12807
50395
7367
6771
57600
32835
15963
44431
27103
1455
2832
5743
38309
181362
1291873
47078
28474
10382
3627
35439
7071020
6095
261897
17151
622770
7036
3687
248320
13393
2656
243936
2934
15321
4534
6050
14582
6156
40365
3464
7527
168436
1021519
103324
150646
9904
7050
7479
4055
27314
3101
9440
16970
6209
6580
53550
30299
106720
4837730
3674
130746
8229
9340
23222
41841
94527
23116
465697
63132
2001
18852
3123
8893
8717
71646
22050
14339
14477
5033
9840
156222
36647
2157919
4769
9103
70210
96910
94941
10394
8765
2097037
5446
8650
15027
20017
13187
180381
95996
26044
13074
11338
6516
3719
11810
26336
9386
21083
4900
2008
27341
27789
206034
121405
52881
8245
797435
58472
5091
1914739
336458
5039
85907
168189
22952
532836
108190
2644160
7710
14963
12013
21773
32332
3336
16393
8182
64953
7661
2712480
1448
12303
95284
1071368
29492
352207
106255
6126
23011
11364
5568
19956
9529
34443
2612
139515
9241
16263
46047
4177
22248
17338
3158
10120
33139
19648
2453087
31648
10735
16520
3198696
39493
4118
11316
13646
8488
103518
3608
2519
6781
13950
16397
531601
7327
25379
9630
9718
24932
7910
139265
5346
7024
3887
36820
8543
6067159
1658
24632
42429
24931
29450
16195
6780
167329
27368
9503
113374
50704
222555
318079
9805
67770
52042
161701
4937
1840057
32612
974934
3094
9483
6602
9825
45578
19932
6397
53490
11498
2562
4498546
12018
12854
10503
5776
14257
59045
3692
1120
4203
12473
29622
196464
140745
19104
20842
20445
23375
8240
947
12042
10229
9508
692688
11867
25765
40989
36179
5417
756930
4448
3967
15225
20993
882574
517771
8930
9210
26625
7328
11184
1234334
2355
21306
6853
14320
286780
27029
14717
12536
15631
242245
26592
833519
26301
14061
5166
2181510
3973
683986
3095
10402
2920
113542
18470
4215
16408
5073
48973
16036
8888
17021
75883
210814
1654296
1385
5715
79219
26229
39312
14309
235547
51935
960
15905
7731
960541
1181005
43784
2701
70146
15925
10150
1844
961
28475
20008
19038
10847
4910
862
8519
257376
17722
141870
2555
18772
21100
82
22031
2522
10998
23777
22370
121517
11270
6377
6185
25576
71097
4941
9846
2056098
26860
11462
239490
216044
27271
21703
17893
24763
16264
30610
3226
64589
740
18521
10654
26905
14510
18706
3085
14245
4963
69240
2414
162970
11098
19600
41382
824944
3457
6182
16260
5330
143774
4979
12025
7680
12098
2206214
5134
739
9020
36094
97710
13827
6577
7628
845
3175137
2956
14819
5071
50520
12044
27359
2636
11550
14998
5782
54035
3839
71642
13646
28260
13595
5196
1235324
15257
1802204
3376
68717
136684
41283
6348
7389
2124470
27883
13974
191588
15490
3312
7557
172356
6603
2457
10221
18402
17602
109983
9946
5303
309815
1325
1971
4785
20158
224008
6722
27467
10045
54751
89352
9104
56205
169895
79215
62126
53676
4011
32894
22518
52402
58433
7104
21264
2977
8811
5668
1291113
2286033
8370
23811
2873
6103
281632
7475
26060
14017
12910
23904
5861
14804
156967
1508514
965280
10469
2284
42950
176031
2202
10540
34356
31190
10104
12131
27449
2824
851544
8555
1881
679379
11920
166099
11166
624408
1852
7623
1429784
8009
11793
7307
15015
12576
1655
6659
1739
14944
18961
10470
236111
5266321
69664
129742
12123
24451
14658
237271
32628
1333
7418
13596
39834
3585
5849
342158
3133
12047
8343
4437
35064
3859
5330
7294
17250
13785
7298
2915
147557
63735
12448
6723
6828
7250
47089
6498
4998
20939
3002
37774
44997
1689
13063
17210
568486
3512
166502
312722
53194
4401
18811
97124
7442
4628
13273
3177
2513
161711
675835
81878
2023
8206
585
11667
86920
2338995
5659
1084
56050
13652
568775
12066
1379
6319
10966
37723
9649
8775
2637
8152
22118
10817
7428
37330
16123
11435
34330
12451
9832
3237
15610
10521
31153
10617
9319
43674
27416
42963
7370135
155485
5681
5933
10958
13180
131699
5442
1888
2841
45017
32429
6940
8257
13358
749974
6178
65733
25658
6130
8013
10345
45078
21873
115802
3351
878288
4637
6676
8029
27931
34318
10702
15915
36666
3318
566270
42739
30859
8338
16531
19043
1343
8993
17071
29729
12950
30331
121066
11583
19488
7493
952
4059
51345
141188
1184190
39239
316980
115605
8439
115072
8384
11235
22264
24972
36837
43260
23120
5690
10364
74286
17496
306678
2684
7447
28009
5869
1324
106990
6730
3100615
29527
16889
1192536
12605
5161
4039
3966
10401
73399
344073
6255
6914
1268
108900
4284
8139
13008
8931
4695
969695
5200
13138
92457
1526
10446
89373
523952
20112
29832
81690
57678
10328
9411
1454376
5305
3573
58689
375016
2096
44268
7849
5728
2330
2813530
6205
1669780
25644
21281
14555
1106
19439
101115
20934
15840
83722
23994
13471
73580
8495
4273
11155
342930
10227
7586
52030
7503
8559
1563
1796452
4060
3504
121951
34429
20912
2872
1159
24941
17541
6884
3288
22115
74449
1965
17315465
24838
11297
5780
22022
7986
8782
9525
8582
5849
678
8901
84665
2670
16876
11967
31804
2731
12699
88991
9542
530741
25248
150432
47758
4410
119013
20169
18027
15460
3604
250416
3936
702347
6238
13208
20281
267603
46811
59413
3262
4407
6975
21002
8737
14023
23070
6798
6089
18200
24959
51236
4023
13066
43262
7367
2123881
11977
14188
7588
7894
45661
8770
7435
10286
35178
4726350
34522
18282
1139
2815
13722
120131
1887
9159
55732
23421
30846
4545
7747
22501
8032
938301
16413
6063
9418
867435
190596
8962
113700
9222
9610
269556
13345
7983
12900
6569
8401
43957
25724
12607
5511
28164
43404
3283367
21273
24411
18387
6311
2948
65294
296585
1501381
8099
5921
55180
5965
24030
7895
8419
7747
284906
116205
11745
108183
5047
7294
8103852
21655
5154
4446
7179
2014663
48843
72916
173712
478281
20138
9724
16958
3913
14590
176046
5161
110153
17502
3971
26289
339459
71501
11524
102026
9539
3574
7048
5442
19727
1895
7945
4072
12066
1713
1893
4538
56426
145392
13452
11334
10131
157489
96206
25181
74524
3545
2147
17645
407400
84453
31387
8516
280906
20555
1569603
123539
2339
9393
162001
307652
102528
4854
152746
8920763
74396
8726
103895
3832
3964
6988
18192
4647
49368
10113
292945
44482
7731
3082
617
1331517
20975
4916
40921
15349
16317
5179
30361
10448
668034
9276
1710
222859
5899
12062
5752
28817
75769
8878
3497
54225
1405708
5595
10667
20053
44169
10221
75283
269051
8887390
23413
2052
25291
14877
6880
23616
14705
125603
8181
1512
2746
8840
2195003
2152
54580
65412
10686
195537
52786
590177
8052
11841
5876
287
3600
7807
92111
48553
20506
6722
23771
520182
1200
54500
21732
8702
29668
75953
140735
35060
11487
8672
1800
57111
11161
36391
5371
40214
7182
73176
22560
27391
46484
190962
214450
30513
2344
7027
2412
194560
5586
8629
95202
1705
28780
6055
5179
5610
12837
13298
1903
12374
552155
4284157
60355
17232
1765
19502845
1520
5919
935
2185
256226
2144
36399
14209
5030
42598
31429
7579
3440
11479
51711
10908
16138
71729
60708
10027
5287
1034664
3911
6874
7892
22920928
8075
3796
6618
21507
349017
209797
7915
34706
6809
9643
71823
23543
55072
10224
214807
5294
14489
80123
80269
137117
4119
6254
5833
488485
4943
2456
4941
23067
12788
5526
16254
585957
64092
4278
4028
5239
12197
9299
527
31481
4356
11668
4971
4545
18702
8830
26079
799
31685
7718
430816
1200761
4783
21862
8561
7824
1089338
10657
9598
8527
8301
16822
9915
2255
4670
10051
18354
1938
8120
24990
278324
176984
20398
4088
7964
53393
2369
8590
3528
13342
10491
8525
2794
14684
725373
5278
5437
7824
645554
5122
13507
40137
23081
875746
23705
18720
74135
40773
47407
4677
301241
12906
3863
12122
2749
18289
4787
49828
14032
11183
15143
5683
13814
29114
5972
603559
8939
3858
39560
9014
6321
81078
9854
26688
459645
2196354
7780
105012
97560
9707
45694
192168
2655
9155
14269
11337
14539
17471
8960
545987
17932
12164
226543
3834
10421
345603
14527
52595
28201
74265
13506
7493
36263
12636
156264
14106
10447
6121
20465
11472
1205188
8739
17402
6438
223418
138092
24029
42075
312636
896
91798
10238
14539
9547
18008
5306
12650
14746
6750
195595
3705
14150
169428
3015
6333
14191
4127
6550
4445
49264
28921
27706
1339505
11548
1947
82015
69348
10006
8749
32758
6409
15712
46519
38113
1985477
57269
9147
47135
76878
9052
13931
449291
25384
15813
1288501
2913
66150
19273
1010475
176339
3142324
5571
12695
11419
2550
91023
6680
5292
236659
4945
6102
17349
6942
28640
27422
59468
2705
3339
4059
11075
9715
666
47011
179539
36403
396628
11424
10017
5115621
32760
454986
1989
1179
1072
21361
10590
402156
2992771
17997
7921
1781
18313
1128743
37329
10371
82733
2221
196728
15553
5782862
14265
46169
10113
268437
19792
47123
6852
48608
5100
3768
21446
21219
6275
30682
9860
1554
333365
14464628
4363824
8500
9297
249104
9987
26168
6460
16287
130034
10191
14076
6986
13662
4179
9281
20382
2373
3072
30587
72962
13243
3329
92485
4074
251199
28168
17812
5858
3613
35961
39388
3280
22010
1887
38246
10567
163646
1686969
707064
18734
11696
2682
354185
2453
7931
10871
704
4423
9120
7863
171926
11690
8681
11050
10122
177117
11222
10464
13622
79806
157295
166557
924184
4380
35145
3774
122058
16640
3331675
2199830
2929
14849
10270
11576
6162
12262
7255
2679
59585
199488
1948
5038
19817
34032
7876
1377
7825
575196
12703
4449
3718
29160
4970
182730
32439
22551264
36598
128004
1296
60618
33050
6152
8021
14695
1443808
7859
3925
19171
11222
731568
131455
14575
1615122
2157
28043
45111
8873
4024
2555
3792
16648
36581
9232
170
12657
6844
7949
3274
41156
3793
33418
96278
250987
21684
70147
204029
164930
6241
10922
15488
14403
5887
33550
4327
63622
40788
8131
121848
31355
1016
7951
4539
14575
8289
17451
9209
5212
11009
2754160
82808
1468493
3585
3497
24068
26967
6074
124272
31688
23838
62579
2328
159785
29638
464787
15377
2986
3315
14218
10898482
12001
1827
85539
16212
16160
3579
6145
17220
16900
18830
5642
5137
9505
635946
9766
192818
2584231
8009
20347
129001
27214
39650
12137
7135
194659
5172
18752
24507
13594
30792
31017
137831
88360
36895
227611
90558
12828
31954
12257
3767
12937
114235
100320
1286
620209
28519
20953
2572
14595
167872
6394
13038
12233
19067
3049
1065
435402
67002
5930
18750
6942
2639737
29502
8817
38932
81455
36060
120346
13930
13417
27926
5073
4698
246606
27698
3544
1887
3018
3237
4781
36833
5166
33698
17055
16030
8812
6649
9283
58466
14004
16930
23178
211810
23550
15804
40110
10053
21132
8176
118498
4874
6073
24029
3402
18666
4782
323153
238431
6815
33314
6982
42232
189073
22665
253996
20669
30690
56497
279450
25887
14501
47460
18353
6215
4448
15580
26525
32919
29072
4961
14522
1080595
383605
28338
266294
15147
58034
113808
5778
21571
423781
17224
1895
24679
53658
23009
10129
1887
17265
310518
12954
3031
50773
6126
3906
3746
12542
60613
4307
49044
70808
8361190
9770
20023
1111764
15160
182898
2164
3308
92462
149101
33068
8132
9002
16165
3364
15682
15670
11886
7768
14089
1229
8211
16315
265897
4992
6817
45080
182309
3958
4308
19527
4085
10241
16759
20155
1247521
794
14226
40737
17033
11967
4907
8988
5597
3221
16612
50854
4188
270448
17202
694168
265354
5073
6173
5801
2080
29738
51751
12182
6629
137841
32505
260421
69801
24133
5425
1017
10520
1833
2322
3590
149331
9906
23441
15610
6994
44102
4866
6405
19280
3085
32452
16637
6553
7510
8343
10303
5508
2379924
14547
2040
125176
33523
4920
20428
3066
73833
17776
48216
62920
174619
9762
4239
7577
27758
24515
17530
46895
6578
45657
10562
11709
18443
70744
64636
7375
8710
14903
14792
10579
11032
1201
29267
4133
11128
451903
39562
5173
41237
122117
5746
4062
33631
6509
7352
24412
436557
13955
9418
1692
2998
102961
14422
3312
19249
3229009
59346
2830
3906
29742
22754
13126
18111
16104
18327
14552
38940
9466
10442
33556
2085
4127
5356
135807
4861
1205
8110
8060
1313
1365
44123
24808
100284
295260
63085
40400
25514
124520
12989
13443
2261
60642
8516
2543
14505
473265
420845
54852
2278333
5231
42265
728
189575
11754
124727
36288
1421
27439
5404
10411
10211
34162
11428
12279
9617
164093
15235
5210
361206
7735
38629
14786
28917
2121
9257
68172
34453
4785
6497
15414
23253
3940
12884
4089
5656
391
7525
31818
6808
29159
3803
9220
10960
105553
6309
24094
10196
8686
781
141837
10916
3465
449938
311073
1224304
33368
10569
9001
1561
7114
40148
21401
197060
277963
464952
2592
1532
23556362
8203
4328
1093
2967
15325
6502
13888
3363
8637
3083400
4591
4585
6985
31363
12401
10297
1774
8425
334184
5831208
79162
509593
3202
3286
4857
29737
17815
382350
13064
17837
24497
62636
8177
6924
161614
11669
5654
1367
7626
17498
41494
161442
2994
133589
445935
5851
74174
98060
6299
42693
1501878
6203
7740
1141
5946
23204
15852
9550
4174
38074
8669077
277350
3164
22095
10802
2967
4148273
13138
35518
176119
4756898
5729
9338
13757
7486
3597603
46932898
36344
9831
8215
5773
89529
9238
56643
11750
9196
727922
11657
3971
943
14594
9966
6941
18805
6396
244967
20432
19200
5094
29609
10647
50056
4217
5768
4324
10214
7422
178991
15062
34861
34634
45743
13132
314438
2123
12294
488132
28299
4919171
10223
21465
24873
48793
9968
48372
12960
12255
2558
78255
12323
14563
5254
58381
116612
21117
22788
12607
5510
76681
34300
15473
11368
4161
10898
348314
21796
1553
9079
2807
7649
6857
4443
22087
12411
6436
11131
51786
472284
1395
21768
117650
9958
14851
493
18036
100562
9813
15867
19868
1498
2209668
17349
1814027
402848
77443
28946
109200
9688
6886
16034
22157
554668
46690
13512
34595
64477
6586439
990125
10713
447789
2211169
2949
4384
8725
21114
6725
22592
11269
8813
6113
30974
14420
8620
6413
9758
3174
314086
10597
5546
1885
19071
2512220
3882
88560
39681
7873
27889
4242
91434
6144
188634
8971
12209
10316
13483
12663
5055937
11458
230295
35718
8368
9881
7095
44561
7787
3959
100149
4311
4666
917017
335220
10638
5788
25969
1216530
18085
962
57155
476853
17291
20878
16814
7162
6264
129411
146412
24364
10594
1997
2372664
34808
2367
2158
8909
10575
568767
27222
749415
971521
7814
65770
40614
38615
6601
58640
10632
4357
11087
32176
16220
7897
3824
8124
17613
4565
30125
61214
44278
2125734
6277
4229
32548
4408
33266
1556775
41188
28864
40882
7219
11110
1096558
6883
591680
11518721
117478
2215
25732
202752
41019
1138
32975
3463
14017
34668
12837
14991
87491
62528
6939
14798
102248
40641
16785
62730
583250
326746
8485
17563
4469
277001
19761
31167
30030
6364
2028
21681
1666
50927
20262
79008
16245
12639
2544185
17881
2366
9112
56715
14388
58590
23161
1831
12501
3731
147394
52885
3175
18982
33524
24850
111519
2681
6459
7431
27922
14092
102329
5573
4535
8691
5024
6097
3007
55845
7286
16281
3820127
26718
5321
2140
353812
90018
97344
10955
3165
112212
5823
9342
165074
2043
23415
5105
25389
18116
4867
66528
16934
5047
4373
1603
5767
19198
4360
8923
10758
4466
12472
10663
43500
10201
8439
12882
16127
16383
3177555
13275
11984
7794
10045
1738
2803
17855
16535
29292
8304
14675
9718
4589
24391
7411
2592111
14012
6336
15507
39048
15474
41628
11030
7559
551537
4612
13070
6516
16000
41985
54240
1916
293785
158104
741
5471
16734
171335
7177
11539
1364078
31888
8888
93799
12813
11698
29963
3557
2420
2926300
5820
7168
1387
11303
1476
2235
13496
6909
298845
5611
85075
10430
6917
52533
38918
5318
26835
64646
16448
12468
27315
2575
10736
135394
678503
11989
36169
47170
16905
8698
7855
6868
5358
9546
7318
4062
26588
38340
485382
310906
4107
13520
19526
25696
36550
12510
3747
1203
22701
12177
14562
107555
8839
52371
58654
135867
72851
14660
67351
12783
38512
176632
70808
1431
10723
320221
30125
23675
10189
39535
17153
15844
5698007
20733
4750
171048
43853
3035
10446
10112
4248
3685
8920
42082
99539
21080
9742
355047
319094
61235
12800
35972
2025
25868
180512
11891
7591
31085
2548
24479
6342
17123
10449
9119
7404
14163
23573712
3475
31589
4576
99251
33870
19300
11275
111344
11907
9350
273104
8892
1784
3818
75016
14829
67447
45105
65966
4818
5514
1804
10972
4522
22944
50643
57638
85070
2859
2377
10372
6859
12542
15929
6883
15892
6343148
35331
4608
16021
19389
8378
3248429
14369
4771
28183
3244
9668
17310
9911
13867
3403
56013
81574
57592
1879148
11052
6522
221386
8281
2529
10027
10676
17129
6399
25837
82795
23071
6157
7812
8033
276515
4506
9172
232078
9461
14804
2532
34199
10390
9496
53851
8624
7506
33717
3737
112982
29220
5707
358297
9601
25874
24934
17099
1053521
1955774
28440
3960
4535448
59780
6729005
15393
11316
17468
12617
34840
23360
3977
19827
18888
61199
5755
8322
8878
359986
72327
40609
2078
9377
303482
15907
138784
750221
166709
25091
32813
27028
220
2608
30564
14667
1379
34448
173080
11277
11584
2365
408753
19030
30815
12063
5610
4793
7369
5822
33354
13957
16729
60919
2701
2940
10137
15580
7031
12929
57816
3160
2661
642354
563596
13537
5239
9422
7567
159885
1735
25719
145907
2225
55780
3015
16372
1113658
3261471
16067
730
57440
4503140
586
5545
187768
25895
2086
9801
6396
156764
13704
29853
28014
6352
8563
15886
41694
15771
17805
4539
3626
7057
10047
3804
972756
39639
111006
19974
7249
5133
9392
24413
11647
9103832
24089
7043
5417
45741
9117
10020
9409428
11484
77852
18167
36942
5441
839
9573
6045
8303
9264
41252
7287901
3150
3727
13659
27336
8334
84345
81215
586195
56126
16995
27032
4667
15715
20813
25378
1499
10696
2874010
718552
15424
5759
3262
346728
34618
385
11825
6881
11976
17861
4858
13605
62985
56447
23465
2240
6174
12741
21828
10560
115086
315
46976
10429
4901
52285
2140
3494
2867
6417
3601167
26683
7577
3676
24254
2962
73231
8253
11309
10184
15647
28579
29139
5258
10812
12480
14200
3212
3192
88505
19578
17910
12310
25569
38483
51732
11565
8144
3044
24918
29759
11861
9931
6192
14446
9267
4805
15206
136277
1733706
896085
15351
568
48452
14502
9455
410577
847226
2462
9819
27399
3421
43767
1243758
18418
437042
121241
13498
3497
1769
1790
8529
5242
45166
9690
288006
35216
19077
21519
12762
2035
7707
11812
85362
47259
203799
14192
36152
14217
74686
24753
14439
18433
5886
19867
277858
112463
189137
6474
20970
3000
34968
3020771
10535
30453
27185
113951
6789
402069
41673
334249
289683
54106
63674
1067616
8623
3986
1132
22413
51485
1762
36512
6482
6932
11829
44182
18500
1779
45253
737
712
13343
60119
543931
12605
8621
9136
33637
5508
2780808
6600
2784
131399
33560
48516
1782
9428
4890
122497
21830
339124
22323
28080
23708
39725
8442
94776
107743
53203
14209
2491
15045
141919
21976
29384
3109
14633
10370
2849667
33311
1714056
12732
71256
14658
1310805
3168
1548
24845
1001
22367
13923
22041
8661
24820
1575083
181757
42167
12563
89948
17593
13677
220137
20001
16924
1341
10891
12468
24754
15126
9907
8179
7896
6720
2524
8946936
280172
24723
3592
16759
228158
10615
30657
3864526
9511
9069
9912
7388
56165
3095
45543
5240
2741
13603
115457
74703
5192
154022
20722
15714
63415
5238
26024
3365
11283
14363
10446
2048
456765
9750
52790
21258
13623
60748
8306
1270
13314
12572
2311
7802
41704
162650
878207
3118066
7350
114911
63490
1107356
9273
2260
28219
8273
57743
2231
15585
15351
16406
34585
23972
161899
7424
13307
157505
5719
202363
6831
8066
5006
5624
13738
3073800
1786
13632
16687
6528
25108
1308540
8076
386043
27851
322179
1571237
41295
403453
15449
678357
4718
181977
29334
10705
35105
10403
430958
14508
125710
166986
97139
11495
871
18913
46017
5878
15393
5000
9191
7218
3071
55481
12964
73954
11392
37318
9023
5127
4129
47535
6135
12866
7219
12170
15003
18695
71898
51425
1150565
7972
21288
2856
18183
2918
7801
16651
8803
7266
1427
12813
16914
18266
16117
4026
30317
43073
14890
4173954
4453
27182
3503
1064
2207874
15033
86212
367944
4036
9862
154869
7343
5667
17990
3804
8493
15298
43575
27094
7567
10603
8737
680242
7352
132888
11662
18896
11828
9460
294830
56214
37564
234927
623990
18015
18542
31035
1730896
922
10873
4040
7107
1138662
42551
6516
686482
8607
6374
222990
9747
13425
100061
25370
2395
8564
7799
18812
3549
144089
16696
18572
206934
16616
12843
3631
4787
33659
67971
4243
4284
2230798
19622
22380
6854
38002
19134
14845
5876
7293
5972
39048
66742
186118
4514
227527
36416
15833
6933
24780
1958
18545
11389
5403
143732
27385
9535
8464
12128
2662
62988
7975
25924
13425
4513
11735
30860
27281
16269
59848
88166
48576
14268
37177
7726
14458
76472
48390
3990
7151
24391
77989
17111
7813
2939
6180
1817
6734
25864
93339
239797
1418
10242
817
7359
15661
65526
6146
26231
73823
393904
306048
10801
9166
16581
2026
13838
17622
16043
6563
12374
51959
110097
7894
13228
319911
2911
129887
18281
6466
13631
12036
674
18785
6394
468223
30353
5262
12292
5676165
24488
1223815
3598547
12146
21811
14435
11993
13833
97109
113082
6251
2912
14823
2422
6368
20198
3747
7377
6275
17719
7092
16096
26303
18636
32802
8799
4645
48787
3609
797
44771
1549
1240
112503
86590
5156
32570
9123
109962
18652
97854
6990
8644
4795983
25830
20916
61878
27237
12073
10839
55458
21762
11941
171
2182236
17305
8912
1971285
2041
2391
1872
7961
12938
12296
10208
49309
79500
24584
45473
44429
2041
17151
22903
19624
11067
5167
574
2538538
21535
21724
5437
162147
4133
2776369
2501
27687
102814
19317584
20935
571084
33224
275289
1914560
6352
10129
6740
28127
90133
735927
3448
116014
10650
1573989
4726
17303
5909
9014
295917
22429
30159
4785
59329
8698
38076
15878
27891
41128
1841109
25184
16457
42527
167886
13069
5350
3027
11067
2854
12095
51287
9180
860883
8354
10670
410946
13978
3444083
8081
85883
4861
43692
8701
8391
11639
1396
56572
19176
4684
169609
1237
3927
85715
657
20819
422817
13837
166139
62478
10465
9811
1710
13017
239720
142771
7718
15451
7867
10589
3919
11473
232586
5727
272160
3298
8754
10394
7964
472640
74793
30791
5900
17825
2235
8295
826422
5072
40081
180950
6053
34605
1039
2275837
30024
51314
8686
201015
10132
1340
9863
25699
186865
4051
132332
22460
3173686
19440
48675
17624
23239
6979
6944
9998
46425
68816
182633
780
433244
14171
15560
2852
122177
10549
26733
8554
1063
6544774
17877
49060
534079
1268803
2575
26904
1028009
8648
110183
42570
13563
9487
1446
43025
52941
3025
321496
17540
7747
22501
585
73609
17724
15925
8880
53089
6001
10758
6046
3692
81835
228462
36461
395475
5337
10097
22760
2635
6679
28369
10427
245548
9824
14344
2484363
4280
6499
9749
805
9098
15998
40099
13452
62192
3971
38028
652945
180102
3177
33250
253254
8604
6047
1449
2546
52941
1354103
43061
42151
10952
11977
7406
1288883
25732
22775
82901
43291
77333
12100
23410
11978
348407
8094
10586117
6872
7107
338281
2172738
8120
7459
913
2142
6250
17308
24872
268160
109221
5583
16811
1661
7794
17950
313434
10912
12020
163390
10339
10300
73317
1288586
1273
7022
31046
20302
157297
455886
23828
17137
14515
3113
10384
4346
13628
17570
16322
42677
4930
27650
19225
171500
29412
15242
12946
48910
6838
5871
52216
19819
451624
8683
7922
17602
144736
12730
17267
11832
94606
563811
722161
1777
20559
291984
1784
193246
11587
80829
23374
59069
642377
14007
2797363
11933
7389
52688
2672
111727
31626
76827
681978
3406
22574
5395
18445
7996
7120
6432
9521
8921
573
15957
554419
19188
7893
315952
3777786
106980
23180
44325
9624
5787964
8222
311037
15858
7943
8973
15060
6274
28638
2991
1503699
2868
8200
39899
8378
32272
1244
2331205
362947
31468
7000
4748
3502
10910
28507
181386
7722
26247
5617
12330
775955
11277
7648
16113
5788
7116
5828
9327
7902
9483
4550
61738
19547
10172
103441
7243
3891
27950
10626
17675
17516
16142
56807
22467
18686
13707
263764
19822
321401
6586
21402
838
20974
14910
2132
244941
21260
12115
9294
2698
454
48915
7757
222773
6382
23194
920
416450
11619
9665710
44463
3974
2157
16660
10794
3023
299940
12940
94488
85041
3355
8622
17180
239505
40491
206823
199346
1026778
119682
15384
76517
31742
84437
14792
94774
30668
74304
1979508
27249
104921
404824
1699
4548
8097
11280
7354
1186
13502
28375
1145845
5396
614748
729968
22347
218382
104250
405
8808
17694
4563
582803
26930
9150
6184
12376
45142
596737
9495
3680
60627
9538
197915
26109
8444
13221
12880
5907
37928
3485
101618
5881
86028
8467
10016
4423
14874
30462
10909
21027
16067
6082
119328
255348
9913
14383
2338
39943
14222
71987
68238
1371961
4357
9983
10225
101624
6832
13991
713731
5464
13037
12735
12750
70793
29391
8683
25577
33401
10773
520978
2564
7018
41441
458452
56069
28550
7620
48683
13994
562871
4191
7374
18429
6518
21870
7636
72152
2602373
267600
222291
127904
71889
9630
17242
62534
4724
2488883
71527
4938
166970
12617
7636
285388
3157
9102
5378
8141
5674
4541
14031
1002054
25992
4101
14032
17662
32690
44711
22366
25162
3087
12472
8352
31791
11879
83572
935
3867
24234
182449
96462
71224
11886
2123
5554
16478
75428
29505
3736
7778
29537
12637
222124
1147
10205
287662
13645
31338
101125
2237
1184457
33075
102340
626770
66752
31020
5511
6201
9749
8765
5414
46841
23459
15915
43422
120089
16070
5803
110573
23405
13407
23179
265264
32596
2591
30990
31021
69678
232949
4739
1441023
13301
3453
2747
34781
15155
55706
3161
6263
7709
24551
2381
9102
3067
33839
20143
30641
38139
49337
13979
192183
13793
2080
114461
9295
4700
7668
12378
4684
2669
11391
27666
1692110
2827
8141
121037
12281
4773
1281200
171699
38057
15828
13811
5293
2997
11969
985
1688
11798
2395
7468
5321
6541
117022
144402
51821
113621
1887454
14034
41422
12694
33086
11442
57557
8854
136055
9568
15887
40492
103176
69441
27911
6781
3698
6183
42382
10521
1698618
15368
15194
9362
45586
141592
446403
15836
105938
4357
1400
13043
5450
5009
5178
6756
156694
18513
15647
7449
57248
46186
7261
2228427
16484
8493
348098
50252
6143
109170
33269
11785
14709
11949
4453
29957
10975
6714
1476
7475814
71022
123334
8792
10229
189924
403204
15532
23913
30166
3912
48644
241653
10874
232170
6076
46236
254738
5934
6696
22680
5797
12413
13451
14350
84525
183645
1852
4739
9549
5746
9285
2984
47391
4166496
239767
2425
52781
27877
1375
1836992
1009983
8126
7485
35422
43855
42353
43196
3042
12912
85177
4832
12535
42978
5544
17024
7610
99680
6251
12843
267849
11542
16444
5981
3372
1486
8451
4918
24118
4635
10300
26715
29031
2830
60813
2349
37099
5321
3461336
5934
5545
48714
40882
11139
5879
100734
2264
9198
9252
37802
19406
50519
2547
69538
12947
222011
98896
641987
2521
435552
1063
18572
32754
7512
114485
1900
2401
11023
49608
274233
16557
7841
5649
12990
12553
2270
3861
300380
60745
300449
2175
672955
27678
10321
8940
13557
2723
63157
10858
63787
2494
10189
6205
6950
21709
8686
8569
32139
76771
11343
1545204
703412
44671
5447
2398428
22774
30289
2472
13457
3303
4317
239740
1459
3979
22137
1039792
7133
15227
263872
438314
6521
22465
57303
3200
18221
670
90067
20080
7140
7610
6285
5139
4047
20724
4416
960933
80951
7000
9304
1234922
8438
5626
95285
12502
27264
5295
18308
15215
5240
5268
7530
55107
4588
8562
46602
18927
5204
6183
18950
169221
9100
18426
68799
12376
9080
3880
5733
2737
8638
42140
8845764
4699
5815
13961
15974
12212
10110
9401
5610
2120
31467
4238
12437
10349
23911
6621180
10282
14560
60295
18171
8743
325671
8350
24398
8494
15944
17137
1197633
3451
31107
187368
176435
9312
11933
71239
25862
30552
4429
959
7800
9105
136719
3383
1763
48084
9174
2549
3924
123019
3534
30206
668441
4127
58234
12867774
2769
6597
15543
23445
687252
9355
10713
3558
20318
124503
761400
8725
3281
15223
864178
7152
9441
13149
81703
7863
5735
6113
57809
12170
2240
1057
15641
8622
34608
41045
75376
47109
9166
28145
19416
55629
56902
177171
28224
75765
70102
1269861
13386
180848
7617
592
6554
28791
15012
14545
5482
4545
255637
4810
25096
471671
9055
90716
851368
7280
1659
7541
3355
33792
6441
916004
10093
12771
48710
12418
1194
11869
1810
872
18253
44371
4109
10810731
22778
35860
189806
23333
2664
37050
12112
21035
7975
15544
228678
10260
881262
8860
7391
14437
3280
9198
86946
3659
16971
33080
17030
40833
15830
878
4362
7307
10529
52683
7828
2069
16644919
227519
155220
22485
1690058
1381
3588
13570
6048
5756
13802
10385
61988
32878
901
174084
5484
86706
25208
3796
962
1494
5894
61146
169302
188
23932
3497
16586
72024
6196
25216
9366
15405
11928
7651775
28367
1858
2841
1001
47014
23966
12815
109156
125565
16069
4152044
42869
100464
9142
4266
24428
222743
7041
5734
37805
8443
3480
1606305
16438
3416793
4164
17145
3135
38395
59157
3256
2011
140660
299014
5006
6467
49474
277549
15989
544935
12324
7981
4815
31693
192191
7487
7287
17377
5811
6525
1574
10654
243596
2752
7848
14503
13948
97421
6351
31240
5525
40701
448590
175955
8046
1279981
22769
74256
18114
28806
32171
292016
8846
4942
5078
26142
50041
15943
9767
1743058
1518900
26563
6327
6010
23232
6467
14601
21207
19581
102448
6364
277039
9294
17667
752
11585
22867
18968
5312
4071
4854
27886
1427
52155
91728
25782
6339
41717
12165
11754
198504
12543
19629
15376
11382
58820
35185
12322
54101
10935
26157
10121
8028
107099
2079
11368
38139
1730
3417216
12011
7742
8483
2275
13999
16794
43266
2605
76213
16373
45846
9946
5552953
6665
6222
16002
65678
2891
1654
9643
1081288
5886
174596
11874
8476
4510
18479
10736
9398
22258
17595
21969
4614543
4509
11241
8030
2517
7415
4293
8446
7876
11958
17505
14813
28513
124145
14048
59385
188709
1215455
206430
13636
5598
197486
75184
66603
216044
6422
2472
3643
114047
11412
45482
27847
4552
2273
33378
4083
9939
8966
19556
522036
1891707
6547
43516
6553
88085
6680
779
25887
142256
21273
71600
46296
42954
21329
8611
2652197
13519
21990
6589
13204
3594
5334
139989
10308
2536
3014
13105
412
2131
4025858
119593
4070
18152
50601
10007
211449
8258
11622914
10299
108064
1403
83361
10019
518474
10520
13873
2266
6288
143426
245799
25683
31528
6995
18450
497241
5954
22533
47861
12881
12054
11499
3454
17655
14266
6983
25338
282562
1193338
1027
37159
26351
14751
71484
47702
19714
6710
1662
1527
90401
8905
10230
172476
58001
8906
8948
948
1833
13724
54851
2676
6813
23393
456039
49525
14141625
16892
28049
185822
19283
3313
34529
21214
5285
7999
1006
13093
5688
13598
342526
4273
7441
9433
3136
6291
25356
18967
972
1552323
22749
38784
1764
36673
428369
42839
47009
3983
19641
18123
8573
9250
7409
3561
9825
472
22785
44876
202974
16898
11327
7491
17149
10407
8913
122948
1366
1701052
4249
970909
203975
7797
3738
8734
29733
478915
24110
4162
1723
290932
11255
2954
86671
8298
5706
231695
19438
1784046
199840
5218
6277
9072
43990
10223
4613
2021
39619
29199
10284
67167
2622
65466
30592
16597
8146
4897
67720
1947
6256
132885
44646
132694
12264
4821
49903
79635
10971
51616
2973860
131885
9095
77604
86771
123398
406596
14485
73036
518138
3414
32211
22854
743139
281641
5758
64041
90736
5280
6383
30553
6087
8538
28657
942
191259
65918
19065
44254
7033
10826
6569
3779
8527523
16713
15942
2445831
11612
26273
591474
60873
2012
19557
43922
84098
26188
7206
75638
70344
1625535
780
13076
7404
1048542
7849
31054
16179
7144
8433
21155
32228
376637
4721
12736
55811
70322
15154
35345
10726
9373
212623
1629
3712
175859
199783
5297
32949
7650
451426
2086
25795
24549
3279
8086
34107
1076963
205379
91213
3716
25952
10067
7811
13783
12861
33995
9186
31033
4262
1024640
83574
5448
11298
9948
43252
5202
38227
342965
26893
4932
41626
3120
11141
119107
10118
40492
22788
217519
55498
27399913
104052
5663
64825
2379
19339
16092
1339915
572455
59333
63272
935
3711
13487
47821
7802
54236
4018
1209
4714
64136
3447
9574
9076
4256
56662
226520
5446
2353
776541
3781
6392
2098761
16663
13975
3376
16161
5896
2569
603
16149
3819194
42155
44326
2061
1798
11676
62161
3263
71132
9795
26979
15565
24678
12788
2294
25159
5165
836299
18191
25378
1524
7199
76667
6877
584202
58190
26242
4939
9023
8469
5823
771349
280897
68532
240
7950
5402
11824
12092
2221177
118433
16502
3564
611476
18422
4826
68095
11376
77303
12460
29969
10040
73455
13153
34036
22553
9733
3993
27071
31227
2349
31736
536712
9238
58854
104077
69439
33931
4478
7099
6065
3680
4253
4285
431649
18321
8047
13810
8523
3540
10568
5928
947
60813
6194
271963
19918
82229
8495
17680
3898
17904
5232
14749
3512
841
10196
2049
17856
1136
23474
431038
8662
7634
6929
42556
9177
5709
6694
2225116
7278
51783
195452
149831
1111
76799
45796
6224
35997
178688
57743
13738
5546153
5970
3475
357691
18223
4564
5155
828021
6878
7657
2186
12355
74877
20776
314902
8082
21948
47667
2345789
41453
135665
2189
15794
12591
21363
77049
10723
99502
5669
2874
18870
7065
9708
60320
1985607
10672
13071
98712
5260
3811
35011
2604
20351
272096
14503
16855
4772
7575
22393
27449
19971
12366
4187
3349
3835
11848
7969
59549
22378
18242
5332
145385
51616
4895
10219
7107
133593
4453948
14620
636108
2138875
10250
156293
26481
5321
10419
4552
3871
71459
1469099
543
3138
24762
18680
6658
455665
552718
40511
35723
21496
7368
8418
14433
20526
10635
16051
18812
11028
17149
24249
4877
11479
2503
8314
121920
664883
64936
23536
12548
3756
160230
9021
33936
8437
33144
4951
107574
5377
11490
7409
19064
8876
2542
26350
8554
16318
16346
4167
3671
43882
64261
12688
57346
56658
971025
23582
12202
183019
3057
12619
5897
4369
11887
18705
52417
37431
49028
22854
3554
95263
1925
10583
368964
41413
5198
429947
6908
12904
5874
10823
436802
24090
36569
205949
30513
36485
1838
3821
12661
13423
26814
42995
6759
70656
28354
24752
25063
309671
13336
8589
6060
181052
82939
7685
6375
170517
17467
80135
40134
2752
1814202
35249
58172
6565
28668
4190
14965
457404
257462
1103626
15723
5219
41274
14411
27644
6714
116739
20835
18156
18944
8156
54049
11471
3144
12834
6799
625610
567007
140653
23699
17796
2952
44010
531532
12393
5286
7985
34403
17206
4874
9616
6517
25440
2437
83062
2332
22739
3141
17832
8293
17993
32079
12220
16856
273167
14888
1591644
6790
5605
5248
8058
16976
1309
14596
26959
22271
20129
12127
3402
230850
8563
7534
5763
24670
