-1
18
145
-7
30
46
-17
6
-8
12
12
81
-122
325
54
233
-5
6
2
24
-85
-126
9
-5
-3
19
3038
80
2
-19
-109
-1
10
-5
-114
-303
-679
-13
60
-1
89
24
6
-9
30
3
-56
10
-159
-1
-16
20
-47
-166
-17
-179
-5
177
46
-79
-205
-13
158
38
12
116
-38
7
-61
1
9
355
31
-134
-2
9
-23
459
211
-85
-12
10
-57
-21
-11
925
-2
-289
22
-30
-36
-50
-21
8
19
-10
-118
28
-326
-842
-75
-9
1117
-1
-1505
0
-58
-31
118
-410
-69
-3
-94
-223
-10
-24
6
2
0
133
2822
490
5
-26
-186
9
49
-3
18
1104
13
90
-8
4
-4844
2
-97
-2
-13
2
-5
20
-726
111
-10
-98
73
-8
14
8
65
-1
275
37
-20
1
-1
-48
8
-202
-4
109
79
-59
-41
-2
3
4348
348
4
0
-97
-19
-6
-1
50
-13
3298
1
-11
-11
-309
57
108
25
1
297
-20
276
-8
572
107
-375
23
71
5
6
399
35
32
314
-11
5
23
89
-6
-19
85
-12
-30
-25
1
-2
17
-21
-213
-2
3947
269
-2835
-352
-45
-42
0
328
48
47
-266
3758
-7
148
17
3
7
0
-36
14
-273
8
2
-34
17
-3
58
13
-1
-68
-19
-5
71
-2
287
-298
-240
-397
-39
-164
0
346
-1037
229
141
112
-5
2
252
-18
-5
77
-39
-39
58
60
18
0
-3
3
-61
0
-8
-24
-22
-74
-235
9
-602
-80
-115
1
-2
770
-27
8
-72
966
114
18
-1
-1337
59
-11
-537
71
-80
-9
-296
140
-8
-7
-7
1
-35
-99
-12
6
-53
-36
103
-352
10
9
-153
36
-225
-40
137
-23
-7
-11
81
77
-12
-29
-457
3
138
38
-16
9
53
-11
-66
150
-1
-2003
33
15
-1
-5
-75
-2
2
51
-224
133
315
-8
125
-10
723
-50
-7
-3
-35
98
41
-2
-35
-3
-54
-173
-1
172
5
-18
53
11
-246
2
-2
-264
68
-1820
-502
-2
451
-74
593
2
52
18
-182
-3
7
-1
5
-26
56
-122
115
3
44
-3
4
22
-8
0
12
1
-4
-190
-8
-24
-6
7
1
-85
-82
-203
56
-36
4
-42
324
180
33
-160
18
-57
-3
90
-122
-302
-15
490
-78
2
-2
-28
157
7
-102
-307
-8
250
-2
22
-319
-691
21
0
116
477
278
-5
-20
52
3
3
-14
-23
16
-3
14
349
8
60
2
1
119
-191
1
57
-1055
0
-2
45
2
-1274
-430
-42
-25
99
-507
-143
-3
-294
4809
-92
194
2182
-479
-1
15
-218
-57
85
-105
-74
80
345
109
-58
-34
-297
-82
-20
87
-6
-54
-4
-42
94
-29
-5
80
-204
3
-10
21
-99
-232
-11
-97
30
2022
311
-63
1071
33
115
-211
14
3
-108
144
43
-1
-25
-4
5
-10
-49
6
310
-1
-6
1
-80
-11
-97
-144
215
2
-3
16
326
-13
-12
60
-8
199
-20
-47
-329
43
0
13
242
-37
1630
8
-447
-279
-20
-11
-112
-143
-19
0
1
6
107
-1
2
-42
135
6
475
-671
6
166
-2
13
21
-97
8
9
-612
10
12
728
-21
36
-315
189
10
25
-7
19
-2
25
401
178
-1209
2837
-120
-29
66
-237
5
-4
1
1
311
-4
6
-24
-41
8
506
126
1
733
-12
50
1174
-1059
0
-8
12
223
-3
-45
-6
-1
152
-60
56
-73
-705
-123
114
73
-6
-50
-3
13
43
-3
395
44
-89
-6
-101
-11
1040
23
8
53
-12
-45
393
-227
382
-40
15
143
16
-3
-104
3
392
-68
12
-326
-26
-14
22
7
51
-1
10
399
-3
-15
28
5
16
57
-7
3
-12
-1468
-389
-6
-90
329
-92
7
5
-348
784
59
25
-660
-10
5
-88
-10
-1150
-871
-18
56
-5
-80
-1
14
-46
-165
-4
-2
-67
-114
-40
-27
-323
79
-95
8458
1
-280
-144
-644
3
47
2665
167
-3
-4
3
92
-1
-34
41
-46
-26
35
-1
29
62
-21
113
16
18
46
-178
140
-9
-6
-256
5
-7
1
7
-298
-16
-131
3
-25
30
106
129
-1
-264
-5
-286
-24
3
5
69
8
-6
-184
5
17
4
23
-33
65
-49
-409
-11
2
-33
-32
196
0
-136
8
-19
775
-21
-22
-40
4
146
96
-62
48
-47
380
252
-87
-2
17
0
18
-2
42
-53
-5
167
-9
301
799
-8
0
6
98
11
2
-8
6
6
-5
15
51
-269
5
6
-153
244
-2
-17
11
-3
10
468
42
-62
34
-12
-87
-16
-329
-3
20
3
-20
-88
7
-1
11
677
44
-29
-39
-163
297
-15
-32
5
-4614
-33
-74
-46
-24
3
15
-10
83
-10
795
84
4
658
10
-14
105
0
-209
-57
36
-498
-73
3
-1
245
-30
117
-17
164
-89
-949
19
10
-414
-26
204
1
279
142
-373
-10
12
-140
-17
-1
167
-10
61
9
-22
31
-2
110
6
-272
-34
-220
-3
-177
-66
-36
34
9
-64
2
-76
-97
1
509
-25
-47
4
56
104
2
2
14
-72
475
352
49
25
-20
-246
67
-37
-47
15
2
-173
23
24
10
1
-32
-5
3
-81
7
-166
-17
-13
76
1504
-4
122
91
22
72
-54
-20
119
-2
239
79
-19
92
2
-30
-110
0
-89
-210
-457
25
68
125
14
-3
-91
3
-237
0
-54
-14
39
-2
21
34
27
-10
40
-17
-5
283
-160
9
64
-60
-4
-541
0
2
-12
93
98
123
-122
1
88
21
3
0
-1042
-5
-6
1
7
93
-73
-12
-71
-889
86
-12
899
-40
-19
32
-19
244
9
237
-114
-6
1034
3
-85
-17
-5
-57
90
115
-132
0
2
868
25
1611
-1
-156
-2435
-122
200
1658
3
-46
-51
-18
13
-918
-9
125
-914
0
-42
-622
-109
2
-2
8
17
71
-12
1833
-9
-33
-3
9
-179
-74
-329
-6
1
-25
-33
1
-508
104
-7
2
80
28
-5
107
12
1
-57
14
-85
248
-2
0
167
-6
-23
-46
-7
-18
-2
71
38
2832
8
234
13
-15
3
204
11
407
23
-447
-2
285
-6
77
-419
28
-285
187
61
4
-3438
11
955
54
-807
-88
25
-27
-149
-52
16
-17
6
11
-7
-4
3
19
47
10
-12
-101
128
829
-270
140
-4260
-57
21
23
-10
1
-170
34
-3
-826
-9
44
5888
20
6
-14
-1624
109
-26
-9
375
-9
-47
-7
50
318
1
283
-21
-95
-31
243
-2
122
14
-122
64
189
-4
125
125
-5
-27
288
-44
-2
-21
8
-200
-766
-34
85
6
-25
-162
-14
97
-8
-42
13
13
-3
-3
-3
-7
111
-27
-1121
2
13
4
-1
4
-341
21
2
335
-60
689
76
-6
-39
-4
-30
10
-9
-1
62
-705
-82
-119
-63
51
303
212
-25
-10
-4
-31
86
-293
7
-7
11
-385
-17
802
1066
160
262
22
-8
38
62
-13
-5
3
-6
1277
-15
96
0
-8
-111
100
4
149
43
-699
6
8
-41
-104
-660
-97
-14
169
-65
7
-112
-33
95
15
-1000
27
-55
-369
170
49
-26
136
-35
-2
-5
20
-10
-681
285
11
-519
18
320
5
-66
24
-2
-4
37
5
43
-19
52
-29
-141
8
379
27
-217
195
-91
100
-1
392
-2
-14
0
17
-92
-4
65
-88
1
-47
4097
2
-137
1
0
60
-615
124
295
-1
18
1
-12
143
-102
-2
22
-5
2
-13
13
-1657
103
-14
182
56
-1070
-1
51
349
10
-14
-6
757
-7
6
16
135
58
-8
0
293
-253
-15
27
-16
2
-1390
-81
17
356
-163
-70
-106
-24
-302
0
91
-84
-49
535
-5
210
33
-114
3
1
18
12
1
7
-119
-6
-4389
-20
-511
-103
-185
-15
19
-85
-1
-12
-67
-1
3
84
223
-202
2
-820
-50
-247
15
-62
259
39
59
-7
-395
-14
-15
53
7078
-77
188
11
1
-12
273
13
12
-5
113
19
-67
-7
3
4
-1601
0
-42
-3
-16
-359
-30
20
73
-14
-33
29
-4
-38
76
-295
12
27
-37
-678
-23
112
92
-25
-20
32
25
-68
49
-5
15
-129
-6
-48
10
-14
47
60
4
118
-52
-431
166
3
7
-4
3
-1691
-1
307
13
-46
-10
-76
-23
-312
-23
8
220
19
20
30
-119
-2
519
-164
-9
744
-184
56
5
-1
38
20
-136
5
-197
19
16
-320
836
-301
2
-62
-134
7
34
48
-363
-16
-17
-2
16
-1003
1
41
22
22
-2
-22
-6
-2209
-25
-10
15
-690
13
-150
-12
25
-21
26
-6
15
24
12
-19
-204
5
863
32
435
-11
-61
-3
-30
-13
-21
-55
-195
-1
68
49
38
-429
-83
-2093
-1
-35
2
-16
54
347
-2
9
-3
5
-318
3
-173
-58
0
-162
-121
3
50
98
-1
-2245
3
-14
27
-2
-4
282
-44
426
-1
-20
58
-461
-235
-90
-30
36
1
-42
-12
-64
61
2
-18
2410
188
-117
-19
260
-4
-309
5
-222
-186
33
-90
2
-7
-85
-112
-527
-337
56
25
78
-11
1
91
-6
-299
147
-27
-271
842
1
-344
-8
39
0
1
1
49
11
-4
-21
4
172
43
17
-37
7
1205
0
106
-71
-28
-3
-91
-109
-10
7
-19
-13
-316
181
198
195
18
-94
3
-21
4
60
-738
167
-52
-2
68
9
12
-20
109
-8
-226
-17
16
-18
-2007
-33
-3
-647
-27
-44
139
-17
33
129
480
-1323
5
2602
136
-21
201
128
-487
-7
1
-3
-50
81
-16
-90
-19
5
64
197
44
-1
32
913
-74
-1
25
-358
1
13
-222
-70
19
-285
126
-2
-23
-15
-78
9
150
5
-265
202
156
6
14
-69
-55
36
0
1
-298
12
26
-10
-246
43
420
13
-14
-66
-93
-23
-164
73
-38
59
106
212
-74
-162
1
-12
-72
14
-7
-2
211
160
-11
601
-19
-236
84
25
-1
-4
-41
10
-4
-86
-131
-63
-51
-44
-44
17
-20
-7
0
57
1746
4
-7
58
1
14
-15
-160
108
-969
-29
-11
68
-21
-27
-6
-12
82
-7
-1
0
-96
-5
2006
-23
-9
0
2
18
534
-10
-44
-113
-6
-2
-3
-61
-42
8
16
-86
0
28
8
332
4
-361
7
43
-50
-58
40
23
135
-148
15
169
18
0
1
395
61
6
-45
-22
-27
-113
-95
2
-91
-54
-15
-864
-32
74
14
-65
137
-45
358
-79
8
51
-151
-184
72
129
99
-185
12
-3
-21
1
-25
37
26
-1
-7
1
21
17
330
19
-10
4
-34
3
-1584
-64
20
-464
45
-15
-8
193
23
-7
431
-6
-1
-79
147
1
1615
-186
374
58
-142
10
414
47
-48
11
-132
-229
-3
-9
7
149
-22
-98
243
33
6
6
385
25
69
-202
229
-309
257
266
-1182
13
-58
-1
-30
7
-12
-93
-24
-6
4
13
12
-21
55
-97
-1167
-17
-6
-1189
1409
76
-62
-165
18
36
3
6
14
-18
-39
205
67
-7
0
7
236
12
201
6
6
0
7
-735
-1
-9
-175
2
313
60
-10
301
-29
-1681
-280
-94
54
-6
260
-40
11
3
-40
-10
-249
-45
-4
38
23
39
-100
-19
-15
30
-9
16
-45
-4
-6
-6
149
-14
-62
6
16
-17
-577
-30
44
-68
-471
-64
2
11
1
286
2487
-49
1245
246
-25
-1
7
-31
-192
-22
-375
577
-1
-85
-115
41
-3
16
-35
-91
-34
-17
-285
60
-5
3
12
289
-84
38
189
12
-32
-4
-5
-155
72
54
26
4053
25
-3
-16
-34
77
-92
39
48
-291
137
106
-358
184
-192
14
96
18
-174
3
-96
-97
453
18
119
-409
-547
-1
-145
174
-7
16
4
-8
-10
-287
-142
-88
-3
53
-294
12
-25
0
-25
-78
-28
-32
-22
9
-3
-4
34
7
-23
15
-30
76
-41
58
83
337
10
66
-4
-7
-117
6
-140
-7
-216
28
-270
-399
-10
-1
-99
0
12
-124
-2573
114
42
516
16
-6
-1
-51
2
16
-8
8
4
-4
3
-435
-18
2
3081
3
-1326
32
141
-110
309
-8
2
-93
0
43
19
4
-4
47
18
0
-10
-4
187
-26
0
-941
-5
-51
28
11
-65
31
83
-5
-7
-7
18
-3
6
-9
56
175
702
-5
0
311
10
-85
-7
-4
47
1
5
44
-21
128
62
7
-35
-16
-18
-2
34
-24
422
38
-302
6
-17
728
158
5
370
13
8
0
5
166
211
6
646
1145
-1588
0
8
432
-26
18
85
3
-95
-230
1795
4
28
147
6
-5
3
1
-3
-1388
179
147
4
33
0
-179
-70
0
22
-271
76
-20
199
-6
-301
-12
-92
-116
295
13
-149
-14
-41
120
61
-1
20
-187
933
-35
5
-161
-27
280
33
43
-6
315
-279
27
-89
1651
-13
-14
181
271
74
-95
-176
4
3
-267
-46
18
12
-2040
-81
9
2
5
-23
-504
-21
4
19
60
-74
-16
113
-295
-181
-2
12
2
-54
-8
-47
18
742
37
66
-49
192
134
-34
78
-54
60
-80
23
-943
-31
195
45
-17
7
7
-21
-2819
5
11
8
-4
-12
0
-15
1
600
275
-104
-7
11
14
-20
-283
264
42
-25
-356
174
57
-67
4
-50
-54
-2
24
-30
-2
-12
12
169
6
16
-4
-3
-38
-68
-29
-41
-3
5
12
-11
206
-77
61
-154
46
2
105
0
175
3
20
2
-158
5
6
-46
13
-4
124
-116
0
1
1016
-310
2
6
-12
6
13
3
677
-2
-462
374
-5
69
253
-776
18
43
-364
-15
623
213
30
16
-1
26
8
81
69
-266
644
15
5
-24
-466
-1034
-63
-468
-6
-1
-224
-116
-12
-3
18
-7
-22
15
22
12
-19
178
-132
7
26
30
39
-1
-434
-3
129
-18
32
32
-1
-1221
70
75
-78
-1
0
-37
187
-2
60
141
115
52
397
590
-77
37
-166
1
21
-22
64
-10
-990
-5
7
26
-16
-2578
-162
-160
1
-52
-1
56
-199
-208
-39
-19
-3
-35
39
-53
-343
-101
31
6
-40
-11
-134
171
19
29
17
44
93
-8
-348
-46
-114
-881
-5
-422
1
-87
-135
-84
-49
-6
-8
216
7
-64
-53
-15
108
-1
118
-221
43
-19
58
4
206
-2
-80
0
88
-117
-112
-31
-36
-18
179
-233
2
-3
-6
-10
-2
-119
-2
-80
-84
58
312
49
-79
19
3
-100
-6
-171
0
-6
-160
-312
-75
-10
67
53
299
-21
122
-1667
-6
3426
-35
-23
-2
-1119
751
42
-3
13
-2914
1
3
-2
-50
-10
-25
-11
52
-71
-5
-388
-10
-21
-79
272
15
-496
-248
-1
-4
112
409
1
-514
-36
101
116
-7
-4
-43
169
111
-7
14
5
-277
0
-221
60
333
218
-26
-199
-63
20
-14
-79
-86
39
18
-39
-1
467
93
-31
110
-125
180
-8
-56
-8
-6
12
-29
54
-2
0
58
780
-253
6
38
-587
-11
-54
34
-78
-36
6060
-42
18
128
-25
5
100
-8
322
-1268
0
-22
-8
9
0
-64
8
15
1
-9
-1518
-12
51
49
-1359
-6
-378
3
-18
-87
58
-14
-9
1
-447
-16
-13
54
11
32
9
22
19
130
1293
358
1
-420
5
-50
-81
0
-175
18
237
-812
4
-166
-12
778
8
-1404
-169
-331
289
5
5
17
78
-319
-14
15
-145
22
-1
-103
201
-12
1988
19
10
18
49
-29
4
-231
-81
-129
49
-25
53
1386
-13
-6
33
416
-189
59
23
45
18
37
-1
-9
-54
-718
-4
-155
195
-88
-94
-21
1682
-140
0
-22
-44
-1445
18
15
-4
7
-8
-3
5
-72
-309
313
129
-27
70
-6
-17
1
-3
-15
-248
265
-161
140
-392
-94
-2
0
35
-4
-45
6
-70
1
-67
25
-6302
486
17
5
-5
128
414
-32
174
-13
110
5
1045
3
-9
-5
16
303
5
364
-4
2424
8
35
-124
-81
-50
-46
16
-837
1528
68
-304
4
-878
120
1
-43
-65
6
35
-21
-29
-26
14
3
-3
-150
-4
-1
-15
-5
3
-109
-58
1
-7
5
-36
50
-1
-452
-58
12
-6
8
664
-37
9
-51
8
-89
0
53
-3
-19
-288
-67
-125
2
47
-3
144
0
21
-17
11
-109
423
-41
307
119
-90
-14
16
-7
8
195
795
-295
374
10
-526
-230
-74
241
-71
29
5
-3
20
-17
-6
-4
-5
-3
8
-22
108
7
20
-19
0
6
-289
-30
-59
-1
-21
-274
7
4
55
-104
15
491
1
-9
36
63
-329
5
-13
96
6
932
-28
45
-50
-900
-116
88
-371
-2
152
12
-18
-7
-7
-111
-689
6
61
-354
11
-6
-7
-127
0
-66
-15
-11
259
-1
-6
334
7
16
20
-5
85
-90
9
490
85
48
-221
-861
5
-90
-1
1
14
5213
-84
-27
-189
-14
10
1443
-2
16
299
3
151
-11
0
-1
-7
-13
-23
317
27
-26
-739
-6
44
1017
-29
619
1
-785
-40
-223
-180
-38
-15
26
34
-426
-7944
28
89
-9
54
2
10
-13
-349
11
-158
-2
45
8
-137
-8
384
-1138
25
-44
298
12
-5
-157
-1
4
-14
-198
162
537
580
12
-93
101
-33
4
-35
13
-5
-10
195
-41
-2038
-63
-33
-1
185
333
-293
-24
-5
-12
20
27
18
74
167
89
6
-4
-47
6
4
-190
13
3
1
121
86
-3
-3
13
7
3
86
-22
115
-42
115
-46
16
1
6
-351
-16
4
-2
21
9
-85
1
-1
-20
391
-3
-1
-99
1
9
84
-66
1
-243
2
-8
-31
3
11
-89
2
-67
-5
2
30
-221
3
3
7
15
55
-3
84
-34
-5
-163
-53
46
7
-4
-1
7
-37
448
-627
4
45
-10
-2
-7
41
-143
8
105
-112
-27
-40
-7
46
26
-567
17
-3
-43
-17
-5
-3
-8
-11
-7
104
-130
0
6
-29
25
24
7
16
-122
14
-139
-15
-154
-40
-83
39
-1102
432
10
-2035
70
67
50
20
0
386
-14
10
0
-298
440
37
333
20
-5
-51
-43
12
-3
12
49
137
-762
-97
11
125
1
-6
106
0
690
-37
517
46
-19
2
-6
-21
4
55
120
-25
-73
168
-335
157
126
73
-111
-2111
-239
3
-259
-1
-460
-394
-8
59
-1494
-69
18
-135
-18
-41
11
0
0
22
-46
-196
426
-35
-260
9
293
-432
-1
1
188
1
-4
0
-28
56
-53
-2
-3
-2
-1660
-21
-13
6
1
-14
39
5
-20
-51
-2
-23
-2
1
-9
19
3806
5
-974
-225
36
-10
-24
4
-53
-8
-31
1
233
-177
1049
-64
-5
0
-197
-2
184
-10
12
-21
-50
0
-368
-352
-9
88
159
-9
-1
-8
31
52
28
-620
367
-272
3
-241
-64
0
-2
4
69
459
-176
-34
42
513
157
-2
8
10
-3
1
100
-41
22
-52
-290
-5
0
2
321
122
663
-177
-194
46
134
-36
5
5
-13
-9
-169
-24
22
2
15
-4
6
-2
18
-21
37
-2
-12
54
11
474
305
-153
-259
125
-50
2
-671
10
-7
426
-22
2
10
76
-25
-10
64
-28
1
1
2
358
16
-4
292
9
-6
-104
102
0
-86
-122
-1
12
-35
-13
40
0
-12
4
-7
196
60
71
-2
21
-8
-121
-36
104
53
-326
-9
1
39
-110
0
80
19
-17
8
6
-336
16
80
-5
0
-88
-26
89
163
-1
-146
3
11
0
6
3
-79
-103
76
70
697
304
4
21
30
8
4
-641
-40
-165
-39
8
-28
-296
-4
7
35
-39
-24
279
-197
134
9
-4
9
171
-161
-116
20
-416
37
294
6
26
-60
-16
-304
14
23
-90
1
43
305
25
119
-1
-30
-773
-1912
-61
108
-7
-115
-11
-73
-17
-125
-53
-80
-5
-19
14
-3
-36
2
-311
12
291
-2
12
-34
5
-193
-295
195
-99
299
1306
-18
50
51
59
-29
5
-13
5827
-22
2758
18
-8
14
-5
36
31
-84
-286
84
-464
-255
-31
-116
-3
9
-16
5
-53
-117
7
-135
-65
101
14
9
6
611
5
-22
2
359
695
-18
5
64
4
70
18
-4
-53
-141
0
-2
-196
-3
-103
1035
61
-2
2
13
4
-104
-117
-260
-281
236
1
83
-186
-1
1401
1739
8
-48
-40
449
-612
-12
34
35
246
-37
-55
28
-1
-127
61
-125
69
-546
4
-4
6
56
-88
-8
-59
973
-9
354
49
-78
484
-141
50
-321
-3
-7
-5
-87
3
100
5
1
-16
-4
4
-9
71
-2
-25
2
1
394
278
-563
9
-17
-594
27
1
86
1096
-12
-13
0
-50
274
-9
-2
176
294
4
2
-1
-39
-252
2
-2
4
102
-155
-4
4400
63
-1
2
36
1
1
119
-13
9
0
20
-40
350
-2
-39
-220
-3642
-339
207
321
-5
830
-589
347
69
0
171
26
-226
-2
-111
-115
576
-4
2
581
-17
258
9
-34
-85
0
-5
-15
-2
-1
-3598
99
-24
11
8
5
-73
-5
293
-82
-392
30
-14
156
200
-5
471
-1
38
-257
267
2
214
-21
228
337
0
173
2
92
-26
1
193
7
-78
74
-3
-293
12
-19
1085
-5
35
3
7
45
1
5
24
-1
-10
343
24
40
-142
-88
-149
6
28
172
128
-2
-12
-252
357
-46
-69
0
-45
-140
652
3
25
1
-1
695
80
0
-355
39
-722
-1
25
-3
0
7
-177
-4
75
-14
202
-80
-29
5
146
175
20
2
927
2
-19
14
-25
-15
7
-342
-1655
6
-5
0
-15
-16
6
-77
5
152
-42
53
72
-3
47
-62
-31
-1
-2001
52
-61
-9
-646
46
-286
175
-19
-1009
64
-28
17
-6
83
76
52
841
14
-24
0
-5
-34
-27
-36
-109
294
26
-298
2
460
15
-304
2
-68
-328
-35
-109
2
153
321
-11
-265
-122
-128
-158
-378
9
5
140
-46
-156
-301
17
0
-5
24
1696
44
42
-417
-5
-36
-221
172
3
-25
-15
484
-112
50
-6
-402
78
649
6
3
-17
-18
10
-106
-2
-6
-4
63
-1435
-11
26
-62
85
6
-7
-54
71
1
86
5
15
-1335
191
6
227
-72
-3
108
0
-55
0
-4
1382
19
9
92
46
2930
19
184
93
-1140
43
37
16
-72
-268
2
18
109
-42
1
-123
-394
-189
-14
58
159
0
-108
-7
-2501
-11
3
9
5
24
15
32
51
6
5
-19
-160
980
36
35
28
2
2
100
130
-1
105
168
41
-24
74
3
9
2170
-35
-210
-18
-32
238
-26
153
-77
-593
11
11
-18
967
0
0
-64
2
5
-14
7
7
-173
-1
9
-18
6
231
-63
-12
-50
85
-93
-20
63
-4
58
83
-71
554
-105
-142
192
69
10
7
19
-16
-1
-218
-11
-306
22
26
1
462
-12
-77
-2
5
311
59
21
45
-3
0
18
3
-127
10
-10
288
-9
12
13
-8
12
13
25
69
39
-101
-33
-2
-73
6
-123
-152
-113
-3
-80
-55
21
10
42
-8
-56
-417
22
54
40
-22
13
-64
69
-13
407
51
-368
-99
-34
49
1
302
36
-143
9
-46
169
71
7
4
398
-3
51
-7
211
215
-29
3
-61
-559
4
40
3
32
-63
-3
2
-227
179
-104
-64
-68
9
-132
-2
11
17
-48
-24
16
-306
22
6
8
-48
-34
-2
51
-65
-20
2
59
-80
71
-28
33
-27
-29
-8
15
87
1079
2397
31
-173
26
202
-266
718
-5
-258
54
7
533
113
7
-3
488
-23
60
0
-51
-33
-33
52
19
3
279
379
-11
-13
-93
12
1
367
136
-2462
93
-580
-76
-9
13
53
-1
225
-75
-429
10
22
969
-1
-79
3732
-26
-1
-2
0
-27
24
-10
10
3
1
22
0
5
-184
-682
128
-19
29
33
-41
83
-7
-1459
41
57
12
-5
1
2
111
-749
49
-5
3
106
-6
134
2
797
30
-33
-14
12
-42
-2
-2
-17
-65
0
31
2
3
-28
-2
-11
355
-85
24
888
230
10
14
-23
-110
7
-986
23
140
-25
108
-8
0
-20
-28
-14
18
-1
24
-8
-140
-3
-1
131
-3
4
0
-14
-2
-4
1827
126
0
119
256
55
-8
-45
-54
-1723
-58
-43
-73
16
11
192
-49
-51
-164
2
-42
4
-10
411
57
-14
-5
-105
158
-78
13
9
-3
225
-31
-2
-906
-45
-237
-249
2693
8
-8
1
-608
47
41
-41
89
-8
27
2
3
20
-568
407
5
-6
0
-2068
-4
-54
-3
19
5
16
84
1258
-27
-28
79
781
-44
15
63
179
66
1010
-20
-409
-50
-3
762
201
342
48
-10
-17
-1
-3
58
-15
-6
-35
873
14
61
4
-28
-181
4
-244
-153
-11
2
-12
484
11
14
-48
-3
40
12
-6
30
15
19
38
2298
57
-5
5
-70
7
5
66
-4
-24
-15
25
1
-201
-18
21
-35
66
81
-27
125
-9
-17
549
0
16
92
6
33
19
45
7
185
-36
-14
1
-167
15
85
137
92
-254
174
2
-17
5
-57
18
2
-43
-23
-8
2
-149
46
18
21
-73
-1
-77
26
146
-12
-4
-108
131
0
51
-23
-5
0
-11
-11
11
-51
1
-5
-3
-308
-19
-5
-9
-4
33
769
-54
-49
121
48
-3
-81
-1907
55
28
8
-21
-62
182
10
-124
-63
6
0
33
-25
-2
3
-336
-10
-48
-313
-268
-84
-116
387
68
7
-7
41
-27
-132
271
-1
63
-5
-239
-215
-26
-18
-194
352
-148
1
45
931
35
8
-2
-52
227
25
-274
554
-5
-28
-1230
-53
0
-51
-1
93
-1453
-14
1240
3722
6
-53
1
73
-55
193
-653
6
-3
91
-29
-6
1029
248
21
-86
-51
22
-105
-4
77
-6
75
-1
61
-7
754
29
321
-3
-3
-6
-10
2
-76
-69
-3
60
194
-1
27
494
-28
25
3
90
-11
-81
63
-1
-6
26
1
-6
-2
-47
11
5
450
319
-1887
-1056
36
123
10
111
20
2
-14
-2
-104
-1
-51
61
0
-5
-10
1
-697
-4
-89
15
4
35
-420
225
397
133
43
13
-98
699
-78
-126
68
-7
-1
-80
14
225
1
1
6
-3
24
1303
1
-122
-25
91
5
-42
-9
-31
18
-4
7
-36
17
146
-99
-6
-175
2
-217
4
-18845
49
-8
361
-29
-2
-27
5
29
-14
107
-161
1
-6
-69
-52
-26
-2
-97
-4
6
-17
-104
3
-389
172
4
6
-8
-17
26
-286
-22
-107
-24
-26
-25
-8
-9
13
-97
123
-1
-42
7
6
118
37
23
-42
306
-5
3
-101
71
-42
16
-18
1
-2
58
14
-12
26
-1453
12
218
-4
-54
32
292
-29
-1613
109
-45
-71
1
-93
-3
52
31
-395
1
8
-349
60
38
818
78
12
193
-24
2
290
-101
-27
18
-4
790
-4
1
0
22
-154
35
1
-3
-6
0
-18
-10
-21
-218
-229
-244
582
-6
316
9
-115
-79
-4
99
22
-12
-12
44
378
-46
-11
4
-73
-1342
8
19
2
-105
123
-1
26
16
-247
139
-11
0
7
-21
-4
1
-19
27
185
-101
-10
108
-4
14
21
316
-2
-707
-17
11
-7
-260
-13
-2
-15
-4
-2
859
-1
205
-3
-63
-37
-685
-30
69
-16
-148
117
88
-139
-80
-28
-497
156
143
0
1295
-291
-349
-16
27
161
-166
-31
-654
7
-3
-31
-228
-13
1
-4
-1
65
73
-68
-11
5
-367
242
11
827
-21
-139
-6
5
-18
3
1084
32
664
-104
269
583
-192
12
16
-35
12
99
23
0
980
51
-8
70
86
5
-197
-30
11
-21
-20
313
38
109
-150
-4
14
-19
242
-64
-3
19
39
11
19
357
-216
7
-579
4
8
328
-13
-96
-14
12
-74
13
-309
383
1
-6
0
-90
49
4
-3
-256
-294
11
26
52
126
-525
-18
43
-7
-14
54
25
0
61
-10
-2005
4
15
33
226
-12
-267
42
-156
-319
-20
-69
5
-153
0
0
-115
25
-1147
4
176
-6
73
25
-160
148
4
5
-21
-25
-5
86
-4
73
408
1098
54
-6
9
-1
-68
408
165
-4
1854
-48
31
-80
36
-8302
-8
-11
-399
4
-98
-16
0
-140
0
104
-452
-296
-73
11
-23
-473
3
-6
-2
-7
325
-19
-4
-16
-32
-2671
5
2
0
-1
-33
39
46
104
-25
5
290
-19
-27
7
-4
-5
148
-4
25
12
1
-15
0
-9
263
330
0
-15
7
-73
5
18
-19
235
34
138
84
-33
161
115
489
0
32
50
19
10
7
45
-1
-123
538
-509
66
-7
-11
34
-7
74
67
-11
-1203
-607
16
7
-200
-11
-30
3
6
-245
4
-7
-63
-102
2909
-89
-131
26
0
694
1480
-260
155
418
17
678
-26
-2
6
-9
-53
7
-186
-66
157
-103
84
-1
15
174
48
5841
-9
40
-3
-6
-4
96
152
78
-8
-118
3801
-4
-154
5
10
42
-20
72
-6
-3
1
5
22
-17
-4
86
12
63
-144
658
202
-3
13
576
-13
-5
-11
-27
1
2
-2
-7
-10
18
11
23
2
-24
-1
119
127
37
82
314
-9
-475
88
7
-80
30
-269
3
-121
6350
10
-56
-1
7
-21
-5
-14
34
107
43
-58
-7
5
-30
66
-4
-23
-1
25
126
669
-64
185
3
66
95
-349
-233
-464
-25
19
-95
-1
-13
-9
96
30
-134
-107
-21
1481
-2
7
-168
1578
-273
575
186
2
4
45
-396
-243
-27
-9
-7
0
7
-24
2
-25
287
10
3
48
5
-11
-6
-58
-36
31
301
1458
-2
256
31
-186
74
-9
-241
-17
707
0
-2032
3
-24
-9
1
-87
-25
41
319
-3
68
-12
-31
-9
-76
85
23
-814
-46
-95
14
-3905
-972
10
448
-116
153
23
-10
94
219
10
-51
154
-5
20
-39
-8
145
1357
-1
24
2
-41
-44
-233
10
-199
-42
-34
3
-30
3
11
82
-2
-26
-111
-398
-26
-368
757
151
7
-3
41
4
-2
-150
40
142
-9
340
-13
298
39
-21
-79
-1095
-12
-76
1
2
-12
3
-90
-38
-2
24
-57
-1
2542
0
173
-8
4828
-256
-73
15
1554
13
-49
19
4
113
24
-24
185
-22
2
28
-9
-2
-9
93
483
-31
-19
-201
-442
5
-77
-40
-3
-210
-14
-1
8
12
199
165
239
28
0
-272
-7
-1
-7
824
20
5736
12
-15
2
-71
-1
177
-21
5
-75
-2
-1
167
5
1
7
-14
-109
-127
-88
-95
-1
-5
-31
-119
-196
16
8248
17
81
30
-152
29
27
12
117
1692
23
-11
-48
41
-283
-149
-114
101
-101
282
-4
-1720
-908
-106
-3
-34
-45
-161
-14
2
-58
1
-488
41
229
-17
-61
8
278
-15
-578
-11
5
-28
-164
-16
4
97
19
131
10
-43
166
208
349
5
-1
-6
2
-2
107
125
-8
207
-29
-10
-49
2
-26
-36
-25
39
117
27
-4
-906
-12
-218
-96
-10
-4
-240
426
32
82
1
-61
-119
5
-3714
214
5
10
-2
5
1
11
-766
10
-4
2450
-32
-1
-5
-28
295
-9
7
-232
19
-2440
-23
0
-67
-76
-1
20
23
-55
-75
21
4
27
180
-118
1
5
-3
-15
68
-3
-1068
-130
-301
-2
3
-5
-543
-21
-6
173
5
7
8
17
12
19
48
-860
-55
-4
-7
-1
15
-2
-683
-33
-21
-3
-23
-653
99
-4
120
-3
-38
17
-113
-58
2
-3
-6
-22
-8
634
-20
-17
52
-1233
317
26
40
-1
-142
54
313
10
143
34
-20
102
-2
-2
-45
13
18
23
6
184
14
169
-2
-534
38
-161
-128
-4
63
28
-55
446
-285
-33
230
-47
6
13
-28
109
-1069
77
-10
-6
-305
55
-51
-52
132
1
-170
-5
-8
20
-35
72
-13
-24
734
4
1
19
3
83
9
-19
-4
-71
-96
-11
-548
86
-13
285
0
6
-272
92
-3
5
-15
29
81
11
21
1
33
-5
3
-13
2
-10
4
-213
27
-120
10
33
-51
106
-190
43
-150
506
16
-261
1290
-3
-2
-105
-299
5
-67
88
257
-12
1075
-734
26
-252
-15
-233
22
-112
35
-1993
165
0
11
-22
3
4
-4
40
-15
-96
307
171
63
1833
-106
-304
-393
200
-85
68
67
68
10
383
-97
10
13
59
1
1
190
-49
0
543
-16
-457
43
182
-11
-84
12
85
-2
10
-1
13
-13
11
-1
6
-11
12
-13
-19
5
22
-294
-32
-11
350
259
34
35
1084
69
123
20
23
-559
-4
23
-137
547
-138
-351
-5
2
-10
7
-14
255
-78
-183
93
-110
379
-6
125
1
-76
-314
-66
-94
7
417
107
-19
-342
510
-15
-16
31
1
-16
173
-26
-234
9
-5
-76
-75
8
3
-6
7
5
5
4
-113
57
12
-2
95
133
82
-13
-25
19
-2
7
11
151
-14
0
9
0
4
404
-102
-20
-3
259
116
-110
19
129
-30
94
-58
66
175
-65
-106
-293
18
-1
-11
-29
87
3
175
8
143
155
61
-17
-12
2
-33
-2090
-8
-10
37
2
-94
2
5
9
333
170
8
-1
3
7
83
-39
4
54
-5
10
4
-5
81
44
-10
-2
42
348
-56
8
396
298
160
-2
1
102
399
-135
-2
115
-15
-20
-6
-10
-488
-199
-13
4
-7
56
-158
119
-206
109
0
3
-24
-887
611
-3
15
-77
31
0
-49
-1
-357
-3
14
-596
9
-181
-6
-4
16
-14
2
-1171
-9
-3
-7
8
-199
1
110
3
-10185
38
22
19
0
14
-6
-61
-3
5
-62
17
-3
-700
-70
33
5
73
13
47
-211
-80
39
-481
-14
-48
1
-51
40
1931
-11
-6
-8
-6
3
62
-191
158
92
157
88
-132
-36
-2
-224
0
-44
332
-212
-297
4
7
21
-221
34
-15
-172
415
-27
-1
-8
-31
-336
12
1
-87
5
-972
6
29
-12
5
-315
-3
-9
74
132
-15
7
848
11
-12
11
-40
0
-2
98
0
529
163
2
81
23
135
-271
21
-16
-2
-33
4
0
-48
-4
-2188
-153
-1
-2
0
1
0
-49
-9
117
38
-1
-26
5
529
3
-42
7
-413
953
15
-6
446
-127
1
231
114
-447
-13
19
14
60
19
-32
-32
1
-70
-162
22
5
36
369
-4
-42
-80
5
458
6
-5
121
0
5
81
11
-74
0
-19
3
469
164
-554
25
-161
-3
19
-174
-421
-621
3
-292
591
-140
14
-10
-66
-113
181
-16
-112
1413
2
-22
-2
-1
36
6
-126
9
10
-25
20
-4
485
-296
3
-1
-2
6
0
0
-4
8
25
9
80
0
43
-121
204
0
-8
-43
101
25
-63
-4
-56
-111
-50
-377
10
-2
355
13
3
1
202
-3
30
-116
475
-44
88
43
-251
4
156
21
0
-14
-132
22
1153
-8
-4
67
44
-13
-21
21
-143
341
37
150
-978
-43
-1
0
27
-4
-117
7
34
35
266
186
-71
16
-4
-397
-237
20
14
-4385
-9
5
13
152
-80
2
-49
40
-55
28
30
-127
4
-7
-21
-16
-15
-302
-7
61
0
-21
-5
-118
-62
10
-15
5
-115
188
-103
-1
221
-4
-9
-26
5
637
25
362
8
11
-3
-5
-31
76
-46
-375
-89
0
243
-20
436
156
30
-48
4
-2
1
-33
9
-2
-188
111
20
-7
-15
-36
171
2
32
-119
55
0
-161
1828
-40
111
-7
-295
194
162
-241
-331
1
1
166
-263
-67
-483
-3
3
-22
-137
-725
217
218
-14
64
0
-236
-28
-427
-12
7
-2
5
-84
-563
20
3
22
17
-5
13
-2
0
326
10
12
27
25
-129
2
-1
-910
-134
-3
14
63
-1
43
-90
-3
44
-344
108
92
1
-14
-5
-5
11
4
-1
25
8
-92
177
-79
-12
39
0
-5
4
69
-231
12
43
-28
-66
1
-16
4
52
102
-16
15
-3308
111
0
-42
42
-31
20
-1
-42
-139
238
-21
17
130
18
1
0
1882
845
-10
-120
-2
-123
-444
-7
198
250
15
-11
133
-292
20
-220
-1
146
-14
-1
17
-15
2
-41
1
2
-5
-14
-491
9
12
-7
-85
-2
538
-302
-160
485
0
-239
-10
-48
-8
-217
-153
227
1086
-52
-184
1
346
116
271
8
2
35
47
0
8
359
37
-4
14
9
51
349
14
7
-1
68
-12
-11
-67
20
14
3
842
30
54
-1
-1151
14
-55
12
-240
9
104
526
29
-77
3856
497
-183
95
83
266
2556
101
76
-2
3
187
26
-5
8
87
-8
-221
6
667
-36
246
-266
10
1
-22
-12
-5
-26
-108
-2
252
-49
17
40
9
20
-50
809
11
3
303
0
-264
27
-9
-1
-223
701
-673
2
-51
-173
-5
-102
-306
-3453
1032
102
-423
151
-69
-2
800
133
-19
-46
-24
15
15
4
16
13
-14
6
-74
2
-1
-9
126
15
26
3
-31
300
-12
2
-21
19
-54
-14
315
-111
14
40
8
-8
2152
-77
-4
150
18
733
-238
-2
1
14
4
182
-4
-1
-1
-24
96
17
-58
-7
-860
-4
-4
-15
-7
44
-38
-64
-393
-2
2571
-596
92
-205
69
-1
42
-38
1
-28
2
-294
-124
-174
29
15
-130
-16
52
-7
-18
42
-56
-272
35
-15
-7
111
-80
-13
224
-6
16
1200
5
-374
2
264
41
2
-87
-2
-3
-26
101
437
5
-11
-2
21
-4
26
-5
237
0
-50
-18
-17
-2
-41
-2
-98
6
1007
-284
-876
-108
8
-142
-177
4
138
-247
-169
-14
-90
-139
1
-2
-23
96
-133
-19
-8
-15
-148
-1
-10
316
-366
-79
140
-3
14
17
7
868
100
16
-24
9
28
53
0
-517
-1
269
-7
-81
-5
227
-4
15
4
-23
6
3
1
62
234
-146
-1
-17
-846
-17
9
-2
-138
-38
2
-945
164
159
-42
-22
27
39
0
-10
-14
-1
53
-281
-8
-25
22
3
-13
-87
24
-125
-21
-9
0
5
-184
-201
-1
637
-4
95
-206
40
14
-30
8
-327
11
-172
8
15
112
-23
22
4
7
-8
93
-4
-89
4
57
95
196
63
-218
13
-48
211
117
149
-31
119
8
127
-11
266
-6
1602
29
-10
293
-10
22
-9
16
5
26
-196
-84
-387
43
-8
-6
-1091
-3
6
331
-8
-1118
39
98
-224
8
-47
7
41
-176
16
-7
5
305
-146
-207
0
1
16
136
2
-289
-292
285
-50
-3
-1
10
196
-14
3
-54
6
5505
9
212
1
-13
13
-1
238
13
-142
72
-16
-4469
-277
-23
-9
282
-10
25
497
126
-98
108
-130
2226
-1
8
26
-11
-11
29
-821
-2
-219
544
-2305
-1
107
276
7
7
-5
-35
-3069
9
442
-166
-101
20
13
-7
152
17
-57
8
-16
-19
83
-3
-9
-65
592
-28
-48
28
-51
446
-64
-2
-285
12
-17
-5
-183
402
16
166
176
4
-21
-449
153
17
-286
155
-4
-152
0
-1
-27
60
0
-94
-23
57
-8
270
211
7
54
15
9
2
-157
-1169
10
-240
12
52
-1
-254
21
3
-98
-1410
-16
-79
22
7
-95
14
-84
147
-4
-142
-5
15
-15
29
-149
-760
40
-609
504
24
7
19
-23
-11
1
-6
-3
-536
-18
148
10
10
-9
544
288
-964
23
465
-29
107
17
160
598
-104
-1
-166
929
-8
129
-269
229
7053
-2
307
-235
45472
-148
-90
-3
-790
28
38
161
-360
-67
986
-45
7
-4
-35
-38
-4
-3
-2
-103
684
-54
296
-12
-6
-214
3
-30
-82
101
2
-27
-12
-407
-79
40
-104
13
2
5
-51
524
-4
-5
-13
-24
-3
642
-108
14
35
-41
-71
-93
-22
-1
313
6
232
114
15
439
25
13
-62
5
-7
-173
-17
-8
109
-2
3
-1591
-1
277
-14
5
-29
23
-186
3
-4
28
17
117
4
161
65
1
-24
15
18
1
37
-1
-22
472
112
-13
36
-85
-30
-3
121
-134
-1
-81
-29
3
355
127
501
29
-254
-1545
-954
-10
-21
182
29
19
34
-13
137
49
-11
-102
0
-48
8
-4
-6
-21
12
-19
-71
-15
-50
197
6
-68
-211
245
-7
-236
-59
14
-1
18
57
5
9
110
11
25
-10
-41
308
136
11
-5
263
-15
-56
-17
40
221
-2
8
4
0
11
-64
8
-35
-70
-3
181
4
-31
-566
-6
149
0
36
-17
-4
14
3
-2
-18
0
95
5
175
176
7
422
-207
3
75
-93
9
4
-4
2
-58
1
-31
0
11
-358
13
305
17
54
225
7
-24
-516
16
31
-3
179
-91
760
92
38
-8
-5
44
0
-55
-31
308
748
-9
9
-471
18
901
-18
-3
-6
13
5
52
6
-198
-13
38
1
20
254
34
-511
-30
112
-75
87
32768
-7
-12
-57
-262
-23
-136
5
12
-7
20
16
-592
17
-11
496
-5
-4
-146
-5
-53
234
0
-529
556
-485
-1
-194
-194
6
34
-124
-524
35
448
0
-2
-29
-120
-6
43
388
6
98
4
58
2
-180
52
705
12
254
1750
232
11
258
19
223
-82
-6
25
0
1
3
-19
13
6
44
0
-8
0
-25
30
-29
52
46
47
-1
-13
120
-13
-117
132
22
-22
-50
12
-3
-527
-8
-6
186
52
-8
650
67
17
36
-9
6
-961
52
17
126
-8
81
0
373
-8
-28
-1
77
225
25
-77
0
1
7
-94
1
-1
191
2
-26
-19
46
-3
-11
4
-57
75
-142
5
-554
225
-8
826
-180
53
-31
-65
169
-197
26
-65
-4
301
-166
22
26
339
30
9
-52
-184
-1
20
23
9
325
150
46
-3
53
26
30
185
13
-2
3
-104
285
34
21
-256
-216
98
0
-566
-19
-22
110
1
-20
-7
0
14
-41
9
-35
-10
5
-8
-154
-238
-216
6
0
3
196
-259
-6
-4
1
8
4
5
-727
29
-60
-610
5
92
19
45
406
-23
-123
-7
-78
68
3
86
-1563
-49
1128
9
-58
60
2
301
169
-52
50
3
32
2
-62
-13
29
238
22
119
14
14
294
1661
2
-2
-334
6
29
5
-51
-12
-19
195
-12
-31
-70
-21
-32
1
16
-1820
2645
-10
74
-28
278
2
-8
-76
279
235
67
6
-12
-15
265
12
-83
-4
-26
-3
1
236
-1
5
-5
-2
40
276
20
2
-26
-10
640
-401
-4
-5
-18
4
524
-23
-383
-163
0
11
1169
-9
124
-202
-21
-1
-17
329
33
27
-294
78
-203
-13
7
-2
-5
-40
2053
67
-17
92
-58
0
-78
-7
-4
-35
-324
17
9
-7
-13
38
6
1
-8
-13
-118
-28
-280
2
-324
11
27
11
-24
-305
31
-21
-8
-25
2
-10
-299
-1654
-11
-9
312
-73
19
-25
41
-60
0
-3
132
-43
232
1
-24
49
-102
-2
18
-16
559
-350
13
-208
-3
-5
45
371
32
306
-5571
-118
303
5
193
4
34
-431
29
-86
29
612
-89
45
-61
175
-2
-115
16
-6
56
-13
9
8
-16
-17
140
17
-47
29
14
-1
-339
292
717
-9
25
-43
13
5
8
113
-223
-44
218
-80
36
10
30
-56
160
-2
-1
-238
10
240
54
-15
737
-62
69
62
-25
-2
188
0
9
0
1031
5
-5
1
-32
180
366
142
-65
-45
0
143
-112
31
-13
1
236
33
17
-1
-11
2
-311
1083
-501
-3
-38
5
368
-170
-1
6
397
-71
-49
-10
181
-1284
-165
-2
-17
21
-12
7
26
305
378
1
1
0
36
8
11
-8
-255
-9
352
1
9
10
0
-686
-3
-187
-13
17
6
-3
22
60
141
-111
-61
-5
4
121
3768
-177
-117
-114
21
1
-5
21
22
250
12
-74
9
-12
5
-15
7
7
-27
139
-449
1035
313
-19
15
96
-1
-370
-15
-18
3
-180
1026
22
-18
32
2
-1
31
196
190
-380
-2
2
-10
-33
-80
32
-79
56
-14
223
-11
-3
1
101
17
-3
596
-2
-290
-99
12
155
-72
5
-299
-5
37
-474
-38
-120
42
-72
-45
-85
-790
-10
-50
0
-1
-9
14
-127
-42
-2
20
5
-16
44
-464
6
24
-2
292
-296
15
-313
-2
-251
31
-304
-5
-10
-39
-2
3
1
26
5
47
17
243
491
-300
-7
-13
-61
-12
-69
-30
-111
17
165
-559
1
14
-146
4277
4
13
-26
-58
-55
-48
-1
11
-14
21
61
281
12
14
-44
11
-24
-91
-42
-2
-5
-409
-388
485
-3
-25
-20
-24
10
3
-256
29
148
-153
6
2
0
-49
-6
1
-4
-2
-535
67
1
-19
-1
-22
-29
-16
-45
14
13
-101
137
-5
-188
371
-214
4
-129
-2600
-1
3183
-15
19
-151
32
13
-11
9
-84
-39
-10
112
63
-12
-17
335
-17
13
105
-35
-18
-703
-39
-2
-53
20
-65
-15
6
-185
-2
-276
2
-18
-30
1771
-7
0
88
32
-1
-5
-2
178
55
0
-14
60
3
2
-10
7
-1
5
4
2056
1
-17
-92
15
10
64
11
157
86
-151
-16
-4
-171
-6
-1073
38
101
1
9
-1868
6
202
124
58
-1
734
-5
0
-134
-7
1
-3
-11
-6
22
-91
103
2
-95
-2
4
12
-10
11
5
-10
0
-46
18
-1
-600
-14
-66
6
-48
111
-16
15
215
65
320
-187
0
286
50
-797
-120
4
-29
-1
-8
-21
33
6
-71
-13
761
0
86
-1
-143
878
-3
0
1
14
2
1
-2
-256
30
-194
94
5
83
-2
70
-6
10
-309
4
-87
-50
-3
5
183
-2
234
21
51
-214
13
183
44
19
-1154
-32
-1128
-2
8
2
0
363
-8
1436
193
132
16
3
32
16
-121
4
-1
72
-33
-17
13
62
60
-579
-133
3
-95
369
-2
-1
12
-70
69
230
44
-47
23
478
8
-8
-34
41
-333
-89
85
-70
-74
25
-333
-8
-3
115
23
-6
8
66
26
-2
-109
-8
14
-310
-176
-26
-225
-16
-6
-476
-6
45
-49
-5
0
-20
-43
-116
-3097
294
107
-92
727
24
19
1
508
85
183
-27
16
-277
119
-6
89
64
-19
2
-5
-2
260
-8
1402
-26
19
-7
22
93
-2
17
4
75
-125
-20
-16
-2
126
28
-62
-17
8
395
1
-9
624
39
31
52
8
176
10
6
-606
-5
-6
-229
-183
1473
11
-303
5
279
-50
-3346
-2132
0
17
15
30
-1616
-9
4
30
-9
-623
-36
-27
80
-735
118
-52
-395730
37
-33
-316
79
26
6
25
161
-1900
333
12
98
-145
4
50
-50
-47
1
-86
-18
-29
965
91
-48
-308
4
-13
-677
-605
-16
-229
0
-861
0
20
42
91
12
-11
-2
-43
739
-88
-2
128
-30
10
-5
-23
45
25
-313
-70
8
-6
78
-8
8
26
-12
90
5
1
305
-12
188
321
255
-73
-134
165
19
-192
-10
-1
-114
33
-32
51
-89
-6
-83
3
86
80
-9
-602
41
-651
-74
-285
-5
-36
-4
17
46
-270
-298
1
-4
14
-11
-202
162
31
-10
-6
64
-333
-145
30
-73
-17
-231
-8
6
-129
851
-18
69
-14
268
-216
26
6
-167
-16
-1197
19
31
-95
49
2
60
-11
85
-245
-15
1
-363
-15
-74
0
-3
17
-412
-21
-201
158
-25
2
-77
103
-146
-858
25
59
1151
43
13
-3
-15
2
0
-1
268
1139
52
6
40
5
25
104
47
4
89
-49
10
-13
1678
51
-108
49
-428
2
-62
3
22
-4
-24
433
-70
3
-799
3
41
13
271
-30
1
3
8
-97
-16
353
-307
2
-1969
2
1139
-19
-39
-6
-382
207
243
-54
-102
2975
-738
507
8
-85
151
-1510
-140
-107
-3
30
51
-13
16
-8
-1
-129
12
138
-24
-58
6
-61
-23
436
37
30
-1
24
81
-36
-34
92
21
-8
-9
-9
2
-17
-1
-12
-4
12
20
-49
-7
-37
293
14
11
4
-116
-647
-57
-5
28
-25
-58
-50
-1286
103
139
-1
-28
149
15
-17
7
-1188
-100
20
-50
-273
-9
-2
390
0
3
-22
9
-484
-205
4
-4
-4
-5
-1229
111
2
-19
-174
-272
-12
-859
-1
-277
15
-13
-16
888
26
465
-27
-199
256
-21
-78
-2
33
-97
2
28
-2
-8
-26
13
170
24
5
-2
301
-697
-29
132
1072
387
119
4
-34
-2
-147
186
-95
-13
22
-145
4
-155
15
41
-14
101
1
103
76
1
12
13
1
4
-42
104
-482
-219
-95
8
10
11
7
-1524
155
-329
48
0
56
-1
39
4
123
-26
-254
-25
-39
-142
-54
-49
-34
6
-69
-311
2
-140
-18
101
2
-18
23
-140
-2
245
18
78
4
0
140
10
-6
35
-17
68
-112
8
-4
-196
25
-4
-8
-207
-81
-26
-9
-2
-12
35
-37
44
134
56
470
27
65
1
-70
272
180
28
52
460
-16
127
13
12
-1
141
-1
-386
163
117
-3
-146
0
49
-967
1
56
-28
-90
-3144
20
207
-9
-8
-15
3
34
46
-4
11
-14
4
614
1152
-761
-18
-4
282
-11
3
-150
-14
372
64
234
-191
-24
-85
-40
-18
-6
-88
8
259
-25
-1297
421
-3
40
-28
-66
4
-102
-33
18
9
-11
4
-1
-8
80
-36
-13
-378
-21
20
7
1
1
-36
440
8
321
10
388
121
86
4
2
-7414
-344
-41
10
87
22
29
18
-13
56
19
2
28
0
76
348
182
-26
30
-11
3
-172
-38
-120
-312
39
266
-9
-43
-2
-9
-3
4
-12
11
-31
1
10
-17
0
52
-213
27
7
9
-1
27
8
-13
555
1
800
41
0
95
-43
-10
-3
-25
175
-2
-15
11
6
7
17
34
533
-15
7
-5
-547
5
-24
21
-97
-5
3397
-17
-1692
-6
87
-1128
180
44
-320
34
-42
-10
-117
-205
-3
7
-5
583
-92
-62
0
4
0
144
-589
-3
-19
108
-30
9
77
34
-10
-157
1889
2
13
8
124
3
0
-282
2
2
234
81
173
128
-31
-284
-20
-3
127
-20
-4
-53
-17
-1
2
4
40
76
23
5
-159
72
-43
-19
-127
-18
-75
26
-122
18
-170
-29
179
18
34
-8
-2
11
-10
-49
206
100
-3
266
-1
-1
15
-28
-2
62
-48
-21
8
855
-39
-2
6
9
-2
-15
101
-282
90
1173
13
9
-9
-959
222
-27
149
-159
-3
10
-30
353
-145
3
157
-7
-5
390
-19
311
246
32
-638
-209
3
5
-139
32
-15
-3
-1025
53
46
21
-126
-91
187
-159
29
-94
40
876
7
-414
-141
14
4
-26
-7
37
-8
-2
-1464
4
-308
2
1
10
-4
14
41
-6
4
-11
-298
-7
540
843
-31
1265
-31
-23
227
-5
-103
30
13
901
-298
-227
56
-5
2
-19
-4
1
-7
1
-1
-15
-4
192
-31
-121
66
-15
-36
-25
147
-29
13
-10
429
80
110
-247
-1
515
285
-7
-78
5
-6
-2
-56
-24
-2
2
14
-464
132
15
73
2
-45
6
437
128
186
-105
35
21
12
3
6
-99
-1
-25
-99
-5
-401
17
-3
47
-262
1438
347
-20
298
9
20
-3
-10
0
-799
-15
15
19
1025
-20
-33
12
-45
-69
-11
204
0
-3
122
16
-3
288
110
-25
-7
-81
-169
-66
-21
-48
27
-12
-3
-73
-5
18
-12
47
-1
-4
-95
-987
6
20
-20
-142
-811
475
-3
-1039
101
37
52
4
308
168
11
13
98
82
15
12
14
797
-9
6
166
12
-341
36
-6
-193
-11
2
2
-1
-146
-4
-24
5
-234
138
117
-121
-1
-49
-5
34
73
-378
8
121
-214
-101
-3
105
-12
-6
-24
68
-63
-23
48
226
35
-9
1223
-6
-28
6
15
180
37
-53
-12
4
57
58
-21
-149
82
10
-35
57
-322
-243
-44
-16
-1
80
15
871
-244
-3618
-36
1
2
5
162
-10
131
443
220
-123
-21
-389
-18
-4
-231
12
44
158
12
14
0
-181
-187
-14
3
-126
-22
-15
8
556
11
-227
2
-11
-4
0
7
-1
-64
9
2
-18
300
-106
250
0
84
14
1118
-83
-4
-9
1
-42
142
12
14
-699
12
6
-150
174
-8
1
-20
996
-42
-4
22
-8
-9
-28
-52
6
-13
-4
-40
175
215
-96
46
52
56
-224
3
-29
0
-172
102
-74
23
-39
395
162
-1
138
16
21
-18
-38
417
20
6
-5
421
202
-9
-71
27
-51
6
25
-3
197
4830
127
-44
70
-36
-2
18
6
984
-8
49
-49
40
2
17
6
1
-52
-1
37
-78
-330
50
511
-1
-297
-3
-8
65
38
0
333
-4
-54
-290
3
8
-36
-38
270
-3
5
-436
-2
-113
-450
-901
-145
38
-13
111
-285
377
10
10
54
243
-477
-56
-43
970
156
711
0
-45
-12
195
1
-681
-17
-47
-24
-12
23
5
161
-297
0
0
-17
19
0
1512
82
12
-5
41
-194
-336
1520
15
-82
204
-10
-3
0
354
60
0
-5
9
-11
264
-1692
81
284
-474
-104
46
-4961
-9
21
11
2
-24
-52
5
-50
17
4
-206
3
0
2
51
-917
2
-153
-22
150
290
-10
2
6
353
3
-73
-11
-1
233
-12
-160
-6
395
-137
-127
-1223
636
-26
-55
-57
-65
-203
112
19
44
134
-125
-279
-32
-13
-76
1
0
-74
2
-12
-5
9
-23
2
88
-31
2
10
-124
-14
-29
202
-124
-94
-32
9
-9
3
-85
0
-186
-658
22
38
7
-9
-35
-584
-70
-9
-77
-32
179
-298
-7
-87
53
-2511
1
6
-446
65
-19
-108
-2
9
-72
-1
-62
173
11
5
-479
0
-10
-15
-2
-486
199
-8
-12
-13
4
-3
-5
55
63
-17
365
6
-55
145
-4
41
-1
0
108
-7
-176
4
-139
911
49
-18
11
-1085
-2
-74
-5
5
-9
31
-25
118
94
-50
396
-1214
87
-2
-132
-3
-15
-105
-216
-4
0
-6
-197
-184
-90
-82
56
-127
-95
-26
54
-9
12
-167
24
9
132
-422
-12
69
-54
0
-7
15
0
238
-9
9
-115
22
4
-5
25
11
28
-15
-214
478
-111
161
2
30
-4
-151
-36
3
7
116
721
23
-75
3
-1
-95
9
230
-1
1
-2
-33
-54
-92
-174
-3
-5
24
-64
302
-87
-229
-50
10
-814
-5
49
-15
9
-18
18
2
15
-8
0
-15
-19
-226
379
462
283
14
307
1283
76
127
-10
341
-2056
-112
30
4868
-122
-1
9
-91
0
-29
8
-99
-200
-49
-683
-857
-568
9
31
-212
-30
-6
-1
-344
-440
-9
250
17
-4
55
15
-7
38
-55
612
-172
13
58
-9
40
-1
2
303
1
-13
54
-88
-28
1
-14
-122
24
2142
15
-77
-6
-214
15
-20
-84
162
-1
-7
0
159
-907
1391
-106
-95
82
-12
86
65
-34
1519
-11
1636
-1
-366
-88
-131
-3
6
-3
1
62
-38
-7
25
-92
-95
-280
47
110
-11
-2
10
162
38
-3
73
-25
244
1
-65
-41
-747
466
21
-89
-172
-193
139
8
144
6
-80
-59
-9
1
2
-223
-23
126
7
-160
28
-157
3
-339
-2
17
-1099
-10
45
10
-14
241
-13
20
19
768
-1
2
-80
14
-2
-32
32
-160
13
14
15
100
-46
211
-133
296
-44
63
-11
1033
521
-663
-1966
297
3
-5
-3
-19
-201
12
-47
-93
-12
34
5
4
-25
-2226
-13
352
-80
87
3
-3
12
89
-34
105
-13
2
1278
17
-39
-11
5
-13
113
2
6
30
6
28
-97
6
54
-4
-63
-3
-104
0
-6
300
18
95
4
52
-43
-18
-222
3
5
17
-81
2318
313
-48
31
195
3416
-166
-15
14
17
2
22
2
2
136
17
263
-855
-4
-4
3
1422
533
64
0
3
-12
-52
-1
-186
-9
-113
-44
-63
-297
-32
-181
133
5
-15
0
17
-175
27
60
245
-386
-6
-5
29
-6
-57
8
18
-193
-5
2
28
-97
-5
9
11
-16
-145
-278
9
-29
-1289
13
-5
50
45
-3
113
15
-167
20
-13
0
-111
32
-7
-14
851
-671
44
-157
100
36
75
-5
197
22
-166
0
0
-1
-54
643
13
19
-1
-16
1116
3376
2
25
0
12
1
28
12
3
425
-106
-21
-121
7
-306
7
9
-342
-2
36
206
-1
17
4
43
-28
1415
-18
-15
31
12
298
-45
-13
5
-24
19
198
624
4
-137
15
-4
-74
-37
-524
-160
28
-4
-236
60
25
-5
-3
-5
-87
3
137
119
882
954
56
87
-1
117
26
18
-79
-299
81
174
-1
12
262
211
-293
-169
-224
9
6
40
-83
-16
-727
-112
19
4
-462
8
23
142
-54
58
0
103
92
-172
9
-189
130
1
17
-179
56
-1
5
23
41
159
-20
207
6
136
50
535
-5
2
825
-85
-8
-14
-1
-9
-87
-323
-2
-3
-102
-19
-78
-98
-74
35
20
131
-8
68
-3
-274
37
-46
-3
-1
45
30
-13
-1
9
-12
86
-41
-17
93
119
-23
-16
-549
-145
229
-4
-1
-5
35
-83
-484
-51
-7
-6
-103
90
-16
394
-2203
-2
835
-37
-40
7
1648
48
35
-1115
-1
84
195
-160
-34
72
-4
-221
-5
36
2
-43
145
428
-1
-87
-9
-317
23
-32
0
-1521
6
-92
0
-735
-542
-1104
445
-17
-50
-127
-1
28
3
42
-3
41
-6
-15
186
15
118
-6
3
5
-11
-354
-22
-5
-261
-4579
-240
82
-65
801
915
-23
-1256
-106
-5
514
-193
-12
15
119
88
3
-14
-51
145
-198
-168
-8
-213
35
74
-8
-3
577
135
-80
-18
1376
-240
-47
-57
5
85
-1
-115
-1
-13
763
-9
-718
9
-12
-290
3
140
-18
-4
177
844
-29
-28
-41
-16
16
-103
148
-13
77
507
0
-1
-48
28
118
-1
-92
238
12
-59
-60
41
43
27
30
13
359
57
126
-788
-14
-40
-271
1657
93
552
16
21
132
15
35
-18
75
30
36
53
-4
-191
-11
-20135
-7
108
-279
46
-226
-5
275
-26
-220
-73
-590
-9
-133
-20
-12
-80
-1993
-86
-350
-15
-201
-29
22
-153
-123
10
-92
-51
121
23
-222
-32
156
22
-3
269
-35
-45
-219
4
-53
21
7
0
-25
-42
23
45
206
188
379
288
66
237
-5
-3
-47
9
12
-22
26
3
16
-85
34
4
1
2
-14
-157
-967
144
327
-669
-81
-18
-42
8
-44
-33
-117
32
-26054
-7
-291
363
8
0
-22
-14
319
11
-61
43
110
-36
-428
-5
-89
63
-79
108
1360
-32
34
3
784
-17
875
-27
-2
0
-2
168
-128
-163
160
-56
-12
8
-126
182
-130
67
-6
-8
490
2
91
20
3669
8
-1018
187
6
260
-125
5
1
-70
0
-109
62
-10
38
-71
1761
-9
114
18
-527
-23
-133
92
2
-103
-16
22
19
22
40
-51
2
8
248
-89
0
55
-109
20
-12
-319
78
81
2
162
0
15
-2
162
18
60
-368
7447
22
-104
57
-1
-189
-21
-15546
-83
-1
10
25
120
-4
15
517
8
-1
-20
15
109
-16
35
12
-559
17
-9
-1143
-2
-1014
197
-18
41
-127
-7379
1
605
32
-153
-10
7
30
-23
100
1
-196
-187
28
2
-346
-9
177
-2
-23
1
39
9
-29
1
-299
-793
-4
-10
21
-1728
-38
3
-406
14
266
-45
2
-92
-172
0
209
-51
-30
10
-162
-31
-367
20
54
-278
0
162
-306
-18
5
153
-347
24
6
3
-106
-3
480
-1
55
-161
-1141
26
-2
-175
1
-27
-4
17
-24
-16
375
0
2
-14
-97
-23
47
79
-54
48
9
-7
-257
27
-9
-418
-44
-5
102
2
674
1
77
-5859
-154
14
-638
111
-495
19
-27
-6
8
6
133
19
218
11
-145
-35
420
5
-154
-9
38
-9
-98
-92
-1
-18
-20
-25
11
-52
147
1
-5
-4
0
55
-9
-396
-63
-27
228
4
63
32
-2843
31
-22
-52
-8
-3114
4
113
275
2
12
4
-375
3
240
-251
101
651
-159
207
-460
-27
-551
-219
0
5
-169
-2
10
-14
3
-1508
-16
76
87
4
-20
2
62
-258
-3792
-6
24
32
194
-5
26
-153
-15
-238
314
1
513
-95
12
335
102
-73
171
1
0
28
-9
97
-4
5
-212
-19
4
-4
-50
82
229
280
-27
23
-10
9
-1408
2
17
-12
16
54
-27
-461
1391
37
-342
-282
95
-11
-42
-1
-950
6
31
264
119
-71
12
81
542
4
-128
-31
7
-3
-23
5
-182
-50
-3
7
-75
-438
7
41
19
-1
61
12
-2
6
-91
-122
-4
6
-39
-469
-30
179
1966
-154
-1126
88
-12
63
-266
-3
-55
104
-26
-4
-34
-34
-17
-143
11
97
-18
54
-236
22
6
31
4
-820
-202
9
10
-4
681
6
2
11802
-88
15
-529
31
-83
12
4
-2261
190
1082
1174
8
62
6
-21
-135
-110
-10
8
-3
77
-4
-935
6
331
22
-31
12
-187
12
-35
-276
123
-4
61
-28
-4
21
-18
-18
9
-275
-30
-961
-43
18
10
-439
-4
-1372
-4
-13
36
1
-40
41
-186
6
29
11
13
-383
-178
-10
-16
0
23
-16
90
19
-22
89
223
37
94
32
49
103
-546
98
-44
-14
-13
117
-4
-7
-460
3
-1
-1316
-3
47
-30
-8
4
28
-8
18
682
-41
6
-10
-574
-259
-16
-213
-166
-8
316
6
19
-36
3
-263
-6
-297
-683
1
180
-5
50
-8
16
-1006
9
9
63
121
-16
-17
21
158
0
-28
11
1
-137
4
-195
-77
3
203
-227
2
-935
227
-6
95
-82
-108
-22
136
204
22
-66
6
0
3
-32
635
-18
-6
134
14
-6
-57
3
-108
33
60
9
-17
-114
-754
37
16
-50
14
21
125
-225
-8
47
-121
-17
16
249
-23
-758
-733
-16
8
-12
8
30
88
-25
-10
0
11
70
223
14
-164
126
-29
-5
2
-4
-1
182
-9
-71
0
1
138
271
8
25
-26
-40
-1028
-108
-472
-7
76
-37
95
-32
-1
2
79
1015
7
-9
-5
-1160
44
33
-278
89
-102
6
-231
-282
-534
17
145
-2097
2
-170
289
-32
389
57
306
-223
45
-4
-3
24
4
-4
13
-273
-461
-22
-15
-6
6
5
-1
233
-5
-235
105
24
-25
-45
-187
-44
-85
5
-16
3
13
-16
-68
-33
-3
5
-22
99
13
16
1
-278
-78
-801
54
23
2
-21
-30
123
97
46
-2113
-170
118
-3
-77
176
-6
-1977
0
42
-6
1223
21
10
-28
-43
-44
-39
3
6
39
1
-6
92
60
-6
-92
145
-1
25
259
-70
15
45
88
-173
49
-10
24
-17
11
12
-180
-26
-36
111
15
-11
8
-3
108
-7
-404
2
132
5
98
-328
1
8
4
-37
-10
-7
4
48
-38
-5
-29
-4
783
3
2
-135
33
-12
-93
0
27
-11
8
-1
-2
34
135
22
20
-50
-14
-5
-17
-37
-10
-250
-104
10
34
24
4
9
-7
24
-1
-25
2
131
-240
78
-5
20
4
13
-14
339
0
48
-48
0
59
130
-9
-49
142
18
-4
-821
-12
79
-6
-5
-5
55
65
207
-14
-1
-174
0
111
-413
-145
-54
24
-4
1
22
-25
-44
3618
6
-243
-1
662
-6
393
60
-433
-68
116
-23
-13
13
506
332
-5
-13
-550
8
66
-5
-505
66
0
4
-121
1
-24
-95
-1370
3299
32
18
-33
13
58
-81
486
-16
301
-29
1070
759
-96
1
2
-5
-16
-7
107
16
16
7
-23
0
-19
411
34
-2
293
-29
14
1999
5
-5
263
444
-36
44
-6
19
-1024
-153
-20
-5
-43
125
-146
3
-89
-7
8
-3
266
2
-37
3
1
-20
8
-132
-225
21
-18
14
0
-5
-6
-9
103
-46
220
-21
-2491
-7
2057
11
13
-6
-48
-16
16
-197
51
-95
-3
-28
7
-48
10
173
4
9
14
1
-36
157
-288
-16
79
-40
-475
15
-19
156
-3
-13
8
-450
1127
-404
-19
40
29
95
-52
140
-65
-11
-3
-59
5
-46
4
-3
18
27
-4
-848
-3
-48
-46
862
-86
2
179
2
324
10
-14
129
2
-1
14
50
32
-93
-7
-16
8
1
-144
-55
-32
2586
-4
-15
110
147
7
8
25
-110
-7
67
20
246
2011
4
-63
-3
0
-20
19
3
4
-14
7
6
-12
-9
-749
5
-151
-9
-23
-212
-1
-5
-347
-163
369
-9
-35
-2
47
57
-3
-32
-42
9
-255
25
-12
27
-15
12
-4
-13
287
-3272
414
87
-1140
0
-171
-2
18
-15
-162
-13
-38
9
12
-9
-28
-53
0
-1
4
-1
-301
-57
-103
-1
6
261
430
3
-25
-28
-4
-1
-69
4
-50
-79
14
4
-36
-137
46
-268
-50
101
-16
102
-607
243
-206
-14
-1110
83
2
-465
-484
-1
-135
-5
-106
-48
8
-3
0
6
-34
16
57
-16
-37
-115
-105
-7
-522
-157
-13
14
-3
35
7
-34
8
1136
16
16
-35
-52
0
70
-8
-24
-8
-6
16
-13
-10
-2
-25
20
220
-3
3
-568
-28
-71
-143
-34
-11
-1043
46
80
-4
-476
-251
-96
-465
29
298
13
13
202
623
-686
43
-1
1
52
7
11
185
2
-36
1153
379
10
159
-162
-14
-16
3
-3
-3
34
-72
-22
-16
28
5
-28
-1372
4
44
152
12
1460
-62
0
-15
-9
-149
230
27
2
-214
-748
-12
-11
-15
17
-3
26
0
11
-263
2
41
-35
-27
-9
-27
-5
-7
29
34
-2
31
15
124
8
-38
-4
7
-28
-88
-88
-116
-516
-41
11
2
-28
-6
0
1343
15
-153
2
110
296
6
175
6
-7
-1
-97
2161
-68
725
50
278
-71
157
9
-1195
6
-22
-77
25
146
63
-11
117
433
326
82
-16
9
-1
30
936
-52
3
122
-369
2
43
49
6
-171
34
-143
-538
-9
18
0
-2
-55
-9
-6
-23
32
1809
4
-26
-273
40
-31
-35
1
114
73
5
-89
-2
28
-53
11
15
14
-7
-1
-5
23
-55
-149
-20
0
30
-233
31
24
-36
11
-693
-7
21
-58
338
1
-528
126
2
-1033
-6
-42
-7
-16
-340
12
-18
-28
42
-4
71
-24
4
-2
-6
-12
88
-3199
5
-43
-37
-69
45
-476
-20
21
486
-2
-146
44
15
98
257
554
-81
70
175
-8
-4
7
70
17
-12965
161
-103
311
-146
246
11
-847
-121
-14
4
-147
10
-87
-274
-373
-577
-176
1888
-152
-12
0
17
-3
-31
58
-73
0
-336
-569
-253
-4
-10
-217
2294
1
-63
-14
-1000
42
18
122
56
11
9
531
12
862
6
46
34
-30
19
21
19
-1
7
-1
134
-1
1
-54
-22
-83
-24
59
0
-14
-505
16
-9
-60
-30
1
-4
18
-1
3
-5
0
29
-7
132
315
10
139
-6
6
6
5
30
99
9
-22
13
110
139
2
146
-213
6
7
4
-9
238
87
-35
-3
-114
14
8
5
84
-16
-159
-41
-56
-40
-12
7500
-3168
5
-10
6
-13
184
-137
-9
60
7
162
-106
-58
-700
234
-65
-44
0
-12
353
-53
-106
-277
-64
-108
169
-8
-141
187
4
-11
-8
14
-606
-14
94
1
6
3
18
6
635
1482
-10
-1
79
3780
8
849
-11
78
-86
-19
1975
-83
3
-188
1
-17
-5
-24
-7
-22
70
5
408
-146
-317
29
2
-9
7
8
39
5
-3
-128
36
57
28
-507
11
18
-106
-3
1
-215
784
13
302
22
32
-36
6
-25
-249
-6
-191
137
57
-868
3
4
251
29
11
-235
-2864
-10
182
-186
9
43
-19
2
-85
10
-4
29
-12
-3
34
31
53
202
14
-5
54
25
-82
-2
-10
-464
87
124
6
13
264
24
-2
-8
27
83
-217
9
532
-795
427
-584
4
-49
4
-113
1
-84
-8
-33
1124
-101
-26
-1474
105
79
161
-83
211
0
107
135
-33
-7
1
137
15
0
25
-61
-277
-234
-32
-54
-7
335
137
-35
-9
-330
40
24
-8
-57
138
-298
7220
330
-46
-556
-26
8
66
-32
-44
-11
-10
-96
14
5
300
216
-3
-91
-285
14
75
957
-863
12
1160
20
-1
10
-16
75
-1
20
87
-15
8
0
-53
14
-10
316
-13
-27
5
16
12
-122
398
-44
30
296
71
109
-16
9
16
-2
39
54
-30
-52
9
117
4
-1
-15
-19
60
-166
-1372
125
302
5
-20
9
137
4
-22
-130
-107
-982
-988
0
-103
4
-574
-10
10
69
15
31
-7
1
-165
-7
-21
23
-172
15
28
-6
2
66
81
3
12
2
-355
87
-39
123
35
-14
-47
791
-59
79
5
315
25
407
-42
270
-9
84
0
-137
-75
-5
10
-4
106
-4
-196
2
18
1
12
37
189
1026
0
-11
-3
180
59
16
-33
19
104
66
82
125
300
-10
-70
74
-11
-3
-691
-21
-1
-11
7
12
2
258
-6
-73
6
6
-5
29
-11
73
37
-8
8
-240
250
-15
1211
10
-87
430
289
-131
-9
34
13
16
-480
2
99
126
-332
258
352
3
3
7
-50
-223
54
-24
-86
-34
-168
37
-52
22
8
27
-200
-7
192
1429
-61
62
-240
-12
-44
-1127
1878
-2
-42
-10
-673
36
-154
0
-19
26
32
-61
41
-432
4
-8
739
-7
2
91
769
-17
68
-63
11
3
30
218
-118
-26
-11
43
-20
-505
253
-8
-17
-87
7
20
-6
-306
-38
-71
-35
154
11
-7
-49
-6
2
264
-16
-3
-246
-34
175
-5
14
-4
-1
-148
52
-27
590
18
87
49
-12
0
-195
-78
-1
104
30
51
-59
-36
37
-138
-3
-15
-944
-13
-12
-28
7
22
-66
-1180
-30
4
-41
94
-7
-65
6365
-14
-11
174
-315
60
374
391
7
19
43
44
19
0
1177
5
-12
65
-344
123
-23
12
297
-316
-1
1
-5
11
376
-80
-63
4
7
39
-297
5
1085
-72
132
16
-2
98
1
30
1
79
66
-199
-26
0
120
-2
388
-45
345
-57
6097
0
-16
-30
-22
170
1
-5
175
2
6
3
108
3
25
-171
-120
5
-200
62
-45
51
74
41
-213
-4
181
-16
9
-997
9
-24
12
-106
-17
-4
16
-2
1
-1
-57
-185
-43
-83
287
-177
6
842
-11
2
-16
55
272
5
341
-211
-529
0
-24
111
420
-4
0
415
-18
-26
-920
-17
-176
27
159
25
-9
-83
-110
35
112
-10
-3
-114
-86
-22
-2
-43
-2
24
-10
14
19
8
14
5
53
142
5
-500
-155
-14
-234
-2
-24
45
-12
-4
-76
-1
2
134
108
14
4
2
867
10
7
115
-11
-259
-5
88
-12
1
-123
0
6
31
-438
52
-55
11
8
-80
-53
-24
-37
39
10
373
144
52
-300
-27
-745
21
16
-2580
624
2
121
-2
157
2
-6
72
-315
193
-4
-30
-14
173
18
-1068
35
-13
18
-4
-99
395
-4
-3
-46
-11
16
-14
-6
3
-40
20
28
67
970
-921
56
-2
-224
-2
-66
-68
-3
-963
-12
92
-4
1
1
-1453
-5
-72
52
4
-41
-40
-150
-16
1
-88
-60
4
19
-111
272
-81
-184
-42
0
-96
-121
17
2
140
242
-3
-44
-270
-23
-3
1
43
-321
-20
-39
1103
-5
664
10
-3
18
-43
-227
16
-6
-38
1
1006
-5
7
1153
-122
-29
0
1
-1
3
43
-805
5
1
-3
80
49
66
54
-36
-5
-52
4
13
16
124
1
-529
0
-90
713
18
29
2
9
-9
45
1603
-20
-570
-15
-20
57
3
270
116
-4
-2
1
-5
-6
-10
5
-269
-5
-18
-9
53
-4
6
-26
-149
11
48
306
4
3
-10
-31
-77
-11
22
-168
140
-94
8
114
3
-10
-29
-188
29
4
41
-2060
58
-10
-52
-96
-47
-16
-410
16
-69
332
26
7
1220
-4
-1071
121
-146
-7
-36
-112
97
-19
7
10
-36
-3
13
-35
2
-55
-428
-75
-4
6
-76
402
-24
202
-20
-7
27
-20
6
128
-276
-9
-2
10
3
3
-138
-3
16
-16
22
68
-196
-69
7
-10
98
-7
28
-15
12
-170
-328
-8
2
-39
-20
144
-30
-2
275
85
-36
15
1450
-77
6
1
-254
-106
-20
-43
9
47
-234
-338
-216
47
9
12
72
28
-185
-10
6
47
-406
-7
-5
285
0
-56
2
57
-596
-729
13
-61
-29
-306
31
85
-33
-264
209
10
-16
11
-6143
-48
2
-13
-201
7
-13
-22
-2
-43
16
26
11
816
12
-6
-86
1407
-753
89
-76
5
3
-5
72
-36
-29
-7
-4
57
-10
-25
82
58
-45
-23
4
-51
-140
107
-5
1
-10
4
31
1
-7
471
-62
-52
3
16
-18
25
0
55
-3
-44
12
50
-4
-111
119
-63
8
7
27
-1
60
1
77
-20
-151
85
8
11
-2093
-10
-1
-8
14
24
-98
-8
-141
-2
329
3
0
6
-8
-1
35
110
-258
206
-147
-4
-17
1
-32
-65
1
2
161
64
75
-124
1448
26
-35
861
68
-170
17
126
0
-68
6
-20
-96
89
-46
341
7
299
73
5
-8
7
-35
-34
76
4
-30
-12
-194
13
-61
-30
-561
22
-42
-13
15
10
107
217
1
-30
-9
21
-378
1
-34
-5
24
305
-7
12
-11
22
-5
144
-771
2367
-54
-4
-4
189
1
-16
13
-135
25
-103
-52
19
2
50
0
-35
-6
-2
3
82
5
-1
-74
-90
-67
34
253
-16
-1064
-19
-127
644
85
54
-267
3
2
294
1008
6
-3
56
0
-43
126
201
463
-130
-72
13
3
42
523
1
839
-33
-72
2
36
-97
50
9
36
1965
172
-2
-213
5
-4
-8
1
-362
-5
-19
394
7150
52
68
8
21
205
2
-31
-196
5
-10
-120
59
-18
39
-131
10
-21
-292
-96
4
-242
-89
8
-39
4
-18
-21
-8
23
-9
29
-167
-20
-399
-713
-1
0
-114
7
288
-817
-103
-1
-36
14
-17
94
-8
2341
1
650
344
0
-1
45
-16
33
697
0
-222
2034
1
-8
-18
-33
-108
-9
257
-149
-30
-14
149
211
1
44
-216
-57
-11
0
-119
72
313
-49
-43
-219
906
1
17
0
422
107
0
-141
8
-3
-24
-2
95
1639
-144
564
5
-266
139
-68
21
39
-38
-17
-40
-91
27
-59
-989
-44
85
22
-13
19
477
-23
-2
-1
-62
-165
8
-170
922
-16
334
33
-49
4
14
-374
64
18
14
1
-3
56
-13
-28
74
-13
-12
1
74
-26
15
26
-30
131
-9
547
-143
17
42
5
3
1
21
91
-17
-3
204
21
14
81
-352
83
-7
139
70
22
-14
264
74
10
-796
614
1
2
-26
-3
127
-35
16
230
-99
10
405
-55
-132
65
312
706
106
3
4
-16
59
8
-330
24
-77
-10
-9
-25
-7
-60
-375
531
98
1
119
9
-48
10
92
-6
-8
-106
-128
-31
118
6
266
-27
-43
-209
21
-200
-33
8
-125
-1457
-37
-25
-72
-46324
5
-52
1574
-8807
-57
-1262
-1382
-2
-18
77
-349
58
-18
-3154
-30
468
0
-10
-1080
17
-38
-1
273
-7
166
-10
3
7
-19
189
-2
114
144
-26
-2
-79
-75
-7
130
-54
-14
-641
1
-136
-99
104
26
100
-10
204
122
-18
-403
-46
606
-43
-8
-26
87
3
-35
-22
5
-40
293
-10
-15
2766
-827
3
-224
-2
-71
-8
26
713
-221
109
14
15
-25
-83
-22
-1121
6
9
291
-1
16
1816
64
0
100
-206
154
-98
-157
-77
195
113
-71
-84
-1
296
-36
47
2
132
-9
13
-7
1
-10
-52
-20
82
-4
-17
-2
384
-4
34
-2
-36
199
-2064
23
4
30
2
-208
573
-588
-190
-165
-4809
75
-36
-29
147
-108
20
-79
-19
-39
-13
-42
-7
10
7
-1
84
18
-4
-162
11
-47
-4
0
-235
912
-2
14
-7
-7
1
4
-43
15
-22
330
-5
-10
679
35
-266
61
-1
292
6
12
74
4
38
17
1
-1910
-16
1
-531
-8
12
-401
-108
74
1
6
-133
-5
-113
6
-9
38
50
-185
-304
-3
117
571
28
248
-58
-3
-8
11
59
-65
30
140
-103
93
-283
41
0
113
766
1466
-482
-39
-41
-97
-7
0
106
-3098
342
-2
215
64
4
-3
-54
10
-119
1
-4
34
-17
-6
-270
-482
-324
1
-21
31
-18
5
49
8
0
-10
39
70
31
-51
-5
23
7487
-47
40
89
-54
279
40
-412
-16
7
0
-90
-110
116
15
-76
25
-67
13
87
-29
-5
-176
-101
-8
-21
38
29
27
-45
-4
-945
-543
-99
-33
-31
170
10
-22589
87
1639
-40
1
2
61
-13
-1
42
-278
2671
-192
-4
135
39
969
51
12
68
9
7
-72
4
-7
0
-12
-3
-70
-8
-58
30
-12
2
118
-10
118
-8
79
-741
-111
-113
-35
3
169
8
-4
13
26
-140
6
-18
372
0
-3
10
21
65
-220
-118
2
6
35
92
0
-20
-4
-12
-10
-456
9
-71
-596
65
14
111
29
2
286
4
848
133
3
44
25
347
15
-19
-132
2
-29
-15
106
1
-8
-60
-10
1
238
2
-8
-179
-74
1
-15
-8
-2559
698
-51
-68
16
20
1
-2716
-20
25
-8
110
459
-97
117
31
11
-65
-7
-85
21
-80
294
8
163
-7
-36
-94
208
-21
46
2
-10
2959
-4
227
-38
196
7
-19
11
-56
89
5
1
0
2211
-5
47
1
63
106
-19
-29
3
-8
-3
-8
-5
10
-12
-460
-39
-1
-8
8
-20
36
1
-5
-1
-213
142
111
-11
-89049
-4
231
-136
45
43
-152
91
498
-286
-41
-158
-16
10
-9
158
143
-241
719
-46
132
18
-12
-18
12
16
10
-6
3
4
1
-3
-300
-4
721
44
227
63
-304
89
-47
-200
16
-3
4
429
-142
102
4
-5
-256
-263
-99
-323
1
49
-169
-23
27
-5
232
18
30
890
127
-22
37
5
5
75
471
39
-2
-77
-96
16
-297
-10
75
923
67
-52
-109
-42
-37
-39
-1
-69
7
2
-357
46
1
31
14
-44
1
47
-108
23
-353
-2278
-463
-238
30
0
0
-22
25
-3
-118
-49
-48
-32
-2
-19
-1
286
2
27
-12
-317
57
57
475
48
46
-19
274
-210
-89
38
12
-61
-57
674
6
13
-609
-54
5
-5
-413
-79
-194
1
-67
-26
101
-82
-5162
10
90
54
-1
263
20
57
78
-36
-62
10
-237
-246
35
0
35
-12
35
-678
167
-103
170
-94
17
50
1
-689
-74
-98
-50
-188
23
-238
-250
103
-5
-41
312
18
56
-54
42
-1240
7
-96
-57
-70
-3
13
-18
13
1409
-1153
-49
811
17
38
2
19
-43
-72
14
-16
28
-14
-228
-84
36
10
4
179
-200
-12
-5
311
-15
9
-1387
-16
3
11
2
122
-281
-200
-866
-8
149
890
307
578
-131
4
0
-34
-28
-154
25
2
129
-2
51
21
8
-36
24
21
869
-12
469
528
-126
-621
106
273
-15
-24
-80
12
-93
-7
10
84
-418
-37
-20
-340
44
-45
-247
-332
-3
-5
-31
1
52
69
251
347
-62
-232
62
-4
422
-37
-123
14
111
-51
-2
-9
-71
4
-63
-4
3
-194
-627
57
-375
-74
115
4
-17
554
-1
20
-1
-12
30
-3
33
10
-75
-9
28
-3
167
-11
6
8
109
-7
37
-241
637
-244
-302
-5
2214
313
39
-79
6
235
-3
884
98
1108
48
1
-285
-39
-160
-19
-38
16
97
-84
-16
3
-5
-4
-25
445
247
-158
-183
294
-4
-14
3
-7
-2
-16
-3
-7
-52
27
-2636
-125
82
-3
2
181
311
-3
116
-784
44
-64
-20
128
-26
1
-17
-11
-22
-23
-42
-103
170
106
12
-595
-90
365
-308
51
99
614
19
-6
-7
-7
-24
0
-10
-11
5
-10
-39
-2322
-111
-186
3
14
1
-269
19
36
-44
0
94
8
4
-84
8
158
-132
-68
-122
6
0
4
4
-114
-129
-52
38
18
371
-5
8
-14
1
-3
-14
-10
-736
5
-3095
-81
-17
-45
-21
-8
40
11
3
-27
1
38
133
-185
19
-90
9
446
-31
33
12
150
-215
136
38
6
-6
9
3
-1294
61
-41
-12
36
-63
-683
83
-7
-109
-4
933
-2
-2
253
1
-383
-6
-2
-215
138
39
13
0
104
3375
-41
-321
-1
54
1335
-4
15
11
971
211
-5
-21
59
422
67
-5
-47
-4
6
0
34
431
-1
-9
-16
-48
11
-161
5
-220
-28
47
60
47
40
-5
2
-2
-9
36
6
-5
47
13
57
15
3
-7
-124
-8
26
-14
18
-138
6
-109
-1
480
-1
202
56
5
-123
-3
-5
-34
-3
518
13
-5
-43
13
1
-2
-7
-22
102
-3
-12
10
35
-650
-55
2
-274
-54
15
0
-2
17
3
-15
12
-27
-74
-2
5
69
40
35
4
-567
213
-291
14
-303
-39
-10
-44
-256
252
-3
3
-138
749
14
5
0
-4629
-15
0
402
-10
-59
-1
-299
-37
-25
37
7
29
-1476
50
370
-133
38
7
99
107
289
-10
-111
-102
-2
6
35
-6
-515
225
4
57
-61
42
-71
12
43
140
-1
-30
121
271
39
216
-102
0
-95
-2
42
16
-296
-5
0
-1454
262
-27
244
-206
-133
-114
-2
-4
-17
189
46
27
-33
1
19
327
282
18
134
29
315
0
615
-1
81
-146
-131
1
76
-2
26
283
3
25
-304
9
118
33
-291
-4
-35
-54
-10
373
-287
0
-1111
1
40
-4
41
-46
18
-10
101
41
733
-284
2
-605
-41
246
2
-22
-8
47
-3
-23
3
11
471
8
-32
160
-6
-11
250
2
27
154
-38
-16
14
-412
3
-24
118
28
-56
-23
-12
6
312
-100
-208
0
-18
2
88
-373
17
290
26
-4
-3
-490
424
6
-5
-3
-236
-5
-100
57
-1054
-72
-26
1
0
26
-61
32
-24
22
-2
103
-55
-38
-26
17
186
-47
5
-16
481
-69
10
1
-7
-1
0
-4
14
-9
3
149
15
1450
121
-36
13
-26
283
-2
5
-435
4
13
-8
-4
0
0
6
-8
7
-17
-2
-195
-344
-30
-3
-3
540
-213
-294
-3
-29
388
-5
32
-865
-182
-2853
880
87
-24
-1
25
-7
445
-74
-54
-317
-13
16
-167
-115
807
-11
-9
11
106
12
234
-299
36
63
0
140
-3
-78
1
4
-31
-44
131
49
-416
-3
28
-210
214
18
4
-26
1
-10
-148
-179
4
-91
287
-73
11
-28
352
-2120
-13
-433
-117
-5
2
1
4
296
-2
1418
-9
0
-9
-1
7
8
-81
15
251
145
-1973
78
-210
2183
-28
-3
181
167
-17
381
-9
-356
22
-17
-6
-2
-1
-7
0
-4
-1284
286
-400
-344
16
-126
-374
8
-347
16
4
37
1
0
3
-66
34
842
-13
-149
-94
-15
-7
-26
2
-22
223
99
-4
-1
-61
361
-14
-5
258
-2
43
-17
-1
2
3
-42
4
17
41
32
1
103
-17
119
-43
5
28
-28
12
13
-298
-32
2
-1466
-59
-10
559
-3
519
-27
29
-22
-52
549
12
-55
103
-40
-11
13
-24
-38
432
163
39
-292
-72
122
428
-222
-7
-24
-55
-400
-11
264
154
47
-79
6
-4
1
-487
-224
-9
-14
-56
-208
-3
-456
-5
308
-1
25
320
-31
9
46
-971
-30
-2
803
-4
12
67
14
-99
-337
-1
-155
-467
-3
452
0
0
28
-4
-202
-223
-6
-76
-16
96
171
-41
10
260
-434
-46
24
-1
-44
-123
108
-26
-8
45
-94
-8
-401
-199
593
4
158
-271
455
-5
-94
-43
24
15
8
193
-26
-10
-157
1
-6
18
86
-4658
282
-126
-74
16
-9
-25
24
-397
-4031
-2
-533
8
-65
18
-11
4
43
4
-299
1
77
0
50
-6
7
163
3
95
27
-293
390
208
3
-17
-15
303
4
156
61
-346
960
12
-28
-2
74
-14
-6
50
1119
325
-949
-88
5
-7
22
16
1
65
44
0
0
-11
0
-2
-38
0
71
-4
-41
-52
-146
79
344
215
180
-160
-2
-10
46
-5
9
23
-9
-1
35
-1
-126
212
-4
227
-8
4
259
3
-3
-105
-360
-13
333
-33
-13
-184
0
52
-22
21
78
21
146
16
-21
494
52
-1
4
-10
4
-343
-536
-2503
-13
-162
41
-21
5
-44
-1
16
20
0
726
37
411
-869
-8
1
-79
83
1451
233
-856
-9
5
24
-22
-56
-93
2
-7
45
-47
347
1351
-52
2
1
-55
138
6
1060
16
-46
81
-75
8
94
-240
26
-258
46
-41
-244
-14
47
15
16
-4
-151
221
66
2
-4
156
-30
-1
77
2
119
-19
89
3
2
12
3
93
1
-4
32
-78
1
-31
858
-109
35
3
78
63
5
45
2
-4
99
22
839
70
14
5
-8
1233
-5
21
-3
-21
-101
8
166
-48
-88
25
-142
26
41
-14
528
-8
94
164
-1
612
-10
13
-12
163
-85
94
16
8
216
-33
81
4
2
53
29
4
3082
-11
-24
5
10
-233
63
-6
-2
140
11
28
-10
50
11
45
44
-39
14
-30
7
-165
171
12
-115
12
2
-13
280
-7
-16
-188
-2
13
941
-8
592
-121
-4
-3
-10
-3
-73
9
2
-20
58
-5
-25
-27
8
-77
-14
-1
11
225
17
14
-42
9
2
8
145
-55
3
-5
113
119
76
96
216
-133
-5
-115
51
24
6
8
-93
2
-255
62
15
-554
-64
-72
1
62
-20
58
-379
6
30
-94
-8
-4
-252
-2
28
-2
1214
-27
-1
2
-819
1
-591
14
415
12
57
-4966
72
38
0
-8
-11
54
1050
-79
19
-5
16
-3
-3
289
895
-2
-196
100
-80
3
-74
2
9
37
-3
13
-34
160
1119
7
328
-9
-20
182
60
80
268
-21
5
278
987
85
42
143
-598
18
-10
1
15
1
353
-43
-86
15
0
-14
-37
65
160
-101
156
295
139
5
-69
9
-3
74
5358
-9
68
-24
-41
31
33
0
1
-82
309
20
64
10
151
-1
136
-71
-14
1543
-1
0
8
-92
-174
356
3
-3
11
-2
-12
442
-1
695
-1
5
300
0
-11
96
161
-33
-37
252
-4
17
-929
-3
14
0
-4
-175
-208
-13
-300
8
19
-20
-28
-18
30
-1556
-3
-5
-1
1077
-5
12
-12
0
58
-7
-5
-220
172
14
-119
647
-6
-345
-22
-64
8
101
99
21
-824
-188
103
7
7
-12
-66
33
-3
-11
36
0
117
140
27
33
-10
-3
16
-31
-1772
-24
-1
2
1
-7
-12
2
50
1295
11
0
-13
168
286
15
83
-23
-31
-83
9
-11
11
-2
1008
-7
5
-191
2
-2
3
136
-3
-16
-35
175
104
11
-691
-15
-27
24
-94
-18
17
10
1
8
-340
0
-42
194
-89
437
-227
11
321
37
-84
-6
-24
-11713
66
-106
-13
5
-88
-443
14
-1
6
-47
6
-680
-2
-57
-72
296
-427
17
0
4
3
16
-103
71
20
36
22
-50
-44
-63
4
2
-7
159
-55
0
8
-851
4
551
296
10
-9
-10
-4
32
1
-288
125
331
-19
-9
344
25
-292
896
-297
-1
-162
71
-138
-1726
200
25
-121
-1
-6
78
-9
16
349
-325
25
-8
259
42
8
-113
6
139
25
-384
85
0
9
-28
-492
278
63
-4
-3
-8
153
0
