2880108
18409225
3684505
3413696
3339715
1851551
785186
4137403
1613011
4460445
18097597
1763742
11300781
1964630
881352
3222297
4128302
6270323
1655634
769052
2141866
1531137
853813
2625255
856930
1579374
2025922
402680
1420097
1404373
2953008
1653047
639955
6454236
3153977
649173
679864
25800079
824192
799623
469122
1076504
795658
2216343
716210
1081794
4035628
452099
1751119
1372944
5086872
806654
2773552
587935
778201
959222
288339
398412
467476
606310
1100615
1048844
3142124
885157
16609278
3454709
662100
6700792
6833134
3631622
2297183
536799
635600
4575205
1319061
4438622
1322109
1022353
985463
2758074
485628
1248805
5244492
317282
557552
4548938
968510
1132029
538326
10317852
1640934
4092607
6764156
2554386
1940534
729253
1596866
545011
6013745
3636280
9057736
1612540
1074533
1876987
7119314
14865949
792914
2038133
1770715
9575023
1098758
2424898
3277751
1532642
937940
646122
2066179
2150435
3505366
824853
2508396
9504461
3702035
4796831
5707542
4076979
6244186
1592967
687568
1916627
6139666
1041259
1097508
851165
579532
2091376
2669467
1792405
7336602
6783558
2422781
1626280
551166
1063120
2268536
2309043
3044093
7236568
1228727
3246786
234079
10416624
830269
5387363
2661462
2056247
3901605
2890797
5165549
1398660
1162199
4448551
1281161
680851
753131
44007010
541801
3784763
957070
3325291
827145
3517708
10908372
922203
711012
1044455
11833873
2514793
1330255
374207
1314169
1478939
10169493
841618
4200638
3781769
1414237
4556244
1786352
4119178
918318
7147556
3228939
897108
860231
1533755
2046152
5466065
1188434
1289073
2794068
779393
695050
1643472
1318141
1333405
1066454
638407
541779
12661496
697714
1696747
1149702
18416892
4987273
756999
28469828
2663654
1943873
1020120
648452
851354
6961369
802378
505432
2412383
2801045
6044911
2152036
606625
6354371
924740
4290698
5414205
1086914
1649880
799234
6790480
2749578
2056880
1225292
11064229
1901841
356899
1786216
1415815
3880183
889164
1337936
892417
1577847
644959
1477422
319934
1498909
893218
2461696
1540827
1564013
11540227
1373014
1358894
3699019
1586025
24831703
2776077
14890715
11733336
4890484
6411072
29653641
3862192
2261363
2490356
3195657
285535
718749
9694312
1058654
8836095
2532860
718529
303986
661990
465344
295246
6500003
4138606
2302429
480632
3407039
213082
13763114
776813
1020012
5792691
3038302
22888486
7202934
3741217
6245766
3642370
1751287
372085
1151132
3588598
568830
1798889
1051877
4536602
1963780
1773436
3922507
15329615
2087543
5174280
1542512
203084
718595
4845345
995463
9509022
1333739
947303
1277005
935117
1253854
2708748
966877
507460
1265577
4181502
761528
2557211
2065180
2599176
710935
5577316
525606
1357251
454942
8816599
1089109
119992
31654971
2225364
1114279
1219460
962057
32847125
6207953
4641168
793051
2930878
1476673
3694506
18401372
996855
2859879
2871504
619990
8528440
934902
1492835
1205843
3805376
1377088
2760776
1571620
176647
2516034
1813552
1074806
1086832
1209078
2965062
3985808
1257201
1728779
1084169
371243
1170598
1572498
1676724
615987
1611610
1813064
4040788
705659
485573
2516023
4727599
1874156
739845
1086265
1549062
382727
8111163
1487261
946917
5023180
1883917
2569005
1843045
4952910
2690683
932980
2645405
2858735
1132136
628285
703858
2901749
961704
3627745
3936901
1252616
1272702
3801864
1005993
2882065
2320273
478192
580147
2607408
4336601
902217
1063736
326552
1000080
1299005
673706
1914675
6090651
2121598
6982666
1402354
2997111
1522954
1778634
1113888
1057635
8470326
313817
1131207
1183606
881902
1262203
302619
1729539
875157
7254915
561380
1690087
1144779
1776604
2544570
1454289
785804
725704
1376362
974636
869777
611416
1036864
2316618
780294
4620578
611549
2031091
1702339
12622876
2005210
925653
8732535
3288374
1215798
955872
7303903
4193951
1738993
660455
5729221
9739227
931649
917627
1478991
1824041
2078555
756483
4386087
903960
1834516
255188
19132235
2170080
6299859
2385873
6114621
1195849
786541
9720844
973724
5942602
1112444
1160290
515499
1163405
7785225
677161
1114056
571527
2240536
3118330
7148432
2591176
1265930
1362500
2641447
462021
1114544
1044371
556585
4074766
966137
1739465
810591
721308
2687327
1229555
690038
756682
1771224
845455
415363
2205107
646210
2405078
5685042
2341688
1242537
8327090
1056541
5468353
1054862
1802277
1094453
9419456
920090
387888
444670
2980104
1796457
215730
4657476
914148
1493173
2981032
1389752
2338661
567184
2542186
500750
2174121
483621
2089823
2112595
1562639
926557
2765498
1832808
815999
5628109
2803135
5032295
2505038
1960636
2196074
867886
3869153
3811705
1260958
13326966
1644832
4461788
930956
847107
1117435
3430785
209263
3396476
10225804
1935279
1228131
6251026
550298
5379144
2240617
1320408
868563
996166
2057763
1573390
1517180
790767
1028599
1183816
2297532
806484
2415540
847442
643513
1030975
537344
883190
2638143
2567177
3128192
657503
15650833
3281550
841115
3182505
429566
11290707
7710630
5838810
1513385
5824201
2343090
1252052
1235608
4224861
1932445
14139803
257417
2159661
26411354
4513304
4443110
1315972
1247507
3666142
5088284
912027
971448
1809064
592741
3299421
580817
1950369
707758
4264389
16981704
585906
4447211
2533117
625887
500605
580712
6795565
667241
4947712
22047190
1067391
2916068
783551
1646392
3209611
4883853
1200360
3399422
2405887
54444992
1102595
5342886
1722166
7502377
757507
504906
4678419
1159372
1767627
293323
525616
908242
2280251
996140
2293861
1681643
4017816
7459455
3588052
2862157
3689096
1980295
1453077
2498552
1756208
3194790
2372258
316840
3805828
773229
7919615
5066909
722484
716249
2407504
583377
2572698
3066823
524161
2021786
1790618
9706652
855637
2363012
3606688
1561304
2536351
1345764
5001076
2801343
870316
759620
2292590
5671640
774809
374145
1158226
1553320
5323386
485739
772269
738965
725426
2586505
7424929
3131938
1774189
4877842
2882916
2346199
1169885
343815
9927613
1065971
1761398
2551174
1194874
1008978
1206192
5764900
11241870
7986139
1565370
4423854
6244552
1051096
1378842
2796257
1658140
871267
1949135
2333477
2043474
276171
3361654
3228105
2680934
9435024
523382
630917
10030913
808179
1664304
426788
1028529
1108536
768775
3850361
3078172
271349
304736
308551
1293023
405354
2242259
1713719
2061539
929667
2616033
2339028
1863764
569715
1082192
1246594
659549
3946557
2936875
2508752
16254273
1255555
1613527
1461679
1967074
2717747
2355775
662865
2269172
841904
1386846
1712098
993948
1025932
6542963
27388654
1169600
6116989
3043532
3441634
5684086
286980
215311
664992
1543165
5598135
754714
1428800
7215500
6508651
1379967
962363
1425043
16887137
8328037
2861055
1819136
1954625
2906268
4020360
736550
2054765
821008
1011124
5631257
1253241
1307132
1930326
418343
2055936
2865391
1784468
1337652
5536539
547032
776711
868756
1337748
712495
1437398
2069603
940463
2592710
3523641
993465
7150757
533767
885234
4265355
19257006
1472422
2512474
2603519
589110
970247
1398983
752663
871767
658816
22186872
2588349
3613476
648407
1278562
11875276
1381402
2585147
2759420
2059826
3868578
3293946
2097595
2972238
4482898
4839727
8203919
576498
2601889
3751304
4201661
2482014
758707
1046334
8820296
3587767
2332101
3239768
512257
6872110
1338988
7378581
3627780
10803183
1753345
2380480
1023357
1494813
677733
5572630
9209231
1562108
636779
1509674
4932500
819233
1706443
1751109
2137104
473164
822612
1654923
694497
1697213
2150195
924657
224175
5185910
2371848
2815377
4030561
2222607
6598470
967537
408880
29918238
2281517
975575
1166784
18537881
3139470
3258434
1158731
388395
861317
1192680
9846646
1168196
836053
1220269
557357
3946806
1070240
1839551
4094099
1963570
21679161
1492022
2467542
3401607
4439973
2193764
2649075
1730070
2310096
950983
10568734
5002495
2696246
1795319
622476
1234470
2498310
1016042
8336702
2949022
3301898
366348
874565
401068
1776245
4895201
1501584
1022427
799277
7957765
1164367
1042731
3077001
298237
712755
2265913
905948
2889899
906877
5807674
3563398
3417161
439695
598528
39104421
279170
3934604
1639063
625246
1414538
7176167
2513533
703843
2151768
15000574
1003061
3912628
502511
979824
3797191
3081821
8838867
7892439
1078928
3591299
1124599
7796753
584296
408179
1194997
1124208
1550245
3219328
1848643
6986487
522673
843814
1591633
4035250
660664
11496505
664702
852191
1871958
4836374
603658
4180616
6144462
1199428
1911779
997651
5386361
5070810
5507642
469618
983871
1589901
1159525
3486097
13611739
4382479
7686955
1309175
1426770
708116
859057
11139051
7701543
1985865
5666023
832083
1236982
643776
854279
389703
2154836
4090502
2659149
6397201
300772
5799363
1152042
460816
1603862
3524513
1891865
770046
345058
4456340
2360655
1271714
3432115
794266
2384906
1883677
240091
4873291
1959151
11183055
11616358
3143889
1924834
2516056
947284
3626471
21432168
1931997
1232124
3497134
934404
3104624
1731288
2112257
1143853
19686912
1278869
1229597
653955
1795433
3034883
458039
1102261
1674773
2478589
1110997
979158
5717364
5927050
3587306
2658026
2448573
1863038
4256018
667986
486410
6245259
13891656
908175
992946
1128713
1005239
795910
1141130
3054938
3407039
4019839
1355109
1626319
5654322
2678438
2551219
534984
632910
470721
9885156
653063
3147142
7030986
5445623
1555012
1347185
1737472
3456458
2567408
562905
3506712
3914691
5015222
2145017
11896374
1106501
406315
2022357
1579660
803967
3530542
1174856
4514601
744042
3047435
3595881
2494182
392487
5066002
613666
1059682
3947454
597758
1007102
3938051
523589
934281
627619
4554362
1538752
1458557
4050343
3808711
1112686
3405675
5296298
1142067
3189240
3820789
704548
878293
2198448
539624
2197927
5529377
9381795
1918394
1436173
1927075
663822
1344783
507288
1431957
5000952
8920308
1849209
3982583
1327723
4063714
5380614
13487932
782032
12929557
11934294
1174836
2991423
670972
4934812
224764
4699216
1238492
2124164
3800195
1306939
1496700
562244
2506612
313779
3373641
1537082
581283
7588793
1588938
7899622
1176772
814950
2074287
60470389
3195868
625616
4388645
1201451
5871255
2236798
291475
6876569
944429
4478243
4743768
944975
12456343
6361082
1336132
1888404
473094
634228
724132
2441381
1462143
7825392
5862030
361712
603586
1311477
364064
585245
12696543
928622
1412210
655077
1411428
5499482
5134868
1763485
5875868
3654049
1175480
1540581
2759821
2593741
935678
2344434
5738162
616208
9181116
4565529
3462767
2468250
1956174
500185
1493523
1097971
864318
374687
2667891
3162272
1382329
253583
898799
490822
172978
9040123
799141
2060445
1687328
1109575
3808516
1461967
6237857
3039226
568354
1322069
836941
597561
594659
2703244
1108555
1088568
2268117
1653713
1403112
1069198
682350
833849
4427538
1257850
4121172
4381725
1636740
225948
530748
772931
3079818
1711155
1538165
3233303
23231819
1151667
1909269
344552
1302330
821949
816311
919909
9189755
2980291
2357700
683044
1443469
650348
1346480
841201
910580
5265268
446709
1472363
4090730
1735296
6308564
2748845
3552618
1911687
2333915
3719179
14534375
1159646
1187799
2972883
833799
540298
474648
3080509
1165152
2404652
807080
2236598
448656
848377
1733639
2037840
1267907
348716
343135
433377
1167924
3719151
657504
2840152
3658263
7832223
2007189
860463
3075056
1320635
2828717
939094
1420446
8046356
232306
15579067
1966847
743557
1440266
898852
641199
911304
1672209
859459
2722923
1410237
534839
727256
861864
1962217
6344545
1544930
3137529
691529
1143146
1861011
848412
3107853
1204271
1832174
4193661
1339089
1503076
8341923
702837
549211
1403927
8509845
910013
935497
546683
1803032
1308774
972025
564377
887640
7217565
4320177
1855638
2456139
2038409
606980
1375677
3146881
1291405
24707430
3178401
4110928
3356288
826357
837461
11267133
1780359
1300851
1034198
4229495
930028
8366884
1025395
1720759
1836867
2696126
43441509
1484771
4581760
902535
4579917
701781
625544
2798609
1011954
2984091
1453469
1889688
948228
660829
1434386
13395747
1440894
1929929
2870680
1841840
4094471
4380055
1171421
1755462
1017580
2028764
2182713
782185
202671
4029307
3128438
3533075
2175527
847327
1188439
2245237
614246
2316580
1935549
276216
1099362
5425024
725070
1412877
371325
633751
540859
4039398
2148133
1252802
859162
1391258
5349557
1954406
1267763
1045496
9547615
48125725
609019
2582962
1345466
626576
1340067
486708
4497929
4546385
8500008
3137579
3827225
1090714
414237
4929866
837770
765135
886298
2595367
912899
1751397
6792107
758473
1829111
2954546
3227654
472550
4230175
1753626
1019856
1781250
1093640
2013114
1417687
315401
4348681
1265406
1085884
894587
690210
326604
603377
1480994
1033680
40313224
1117080
622312
6850244
2815449
9302235
3569077
525082
4814256
5201507
12796234
1044096
6400473
824687
813380
5518521
6548129
2611564
3290413
1576214
1824274
1733480
20732134
3562050
1527977
2762893
1620861
939729
853812
2715840
1893596
531859
1454443
827465
927658
3155993
10268431
1062672
18322144
862533
1913605
1362941
669642
1751151
1095609
1282624
1011840
1956596
993935
562522
652672
6730860
637521
3631011
1206926
958811
2179915
566211
899136
5535982
6110733
1396329
2456355
813490
391351
1058056
3193413
3029771
2533723
26890598
1533391
1239517
1316150
1516968
1462964
2851750
1439486
409015
1018636
9146684
451069
718353
2460888
3925376
9402640
3176183
745066
195692
762342
667118
2004004
7954264
1934249
1923289
1000679
1962090
349153
1552935
3589989
2140421
651032
1677371
738885
2232649
1410622
851254
3739454
1001904
838709
2022568
6510642
1878177
4073875
445643
5371840
1711049
4723579
2433340
1447687
1833361
3845771
10738419
2649855
1349216
11786351
6521425
821384
3213702
8878583
1634065
1296274
3272621
4511686
2357389
2726744
1067408
2968370
1255080
4181197
722072
4079961
15937630
1085243
14687589
4097735
1635236
13238887
693880
3840396
7486548
5975336
19462992
2231446
829090
511436
3513403
2321540
3761716
2074746
1818745
4237676
12362852
1912326
2564579
1450952
5567457
1686735
2802012
3576103
2423575
24662488
605499
659235
2013958
717940
9454639
2427741
4995333
4465728
824131
2427354
829806
1438064
21616919
738504
5247469
2503659
579026
1069048
2437956
357162
660635
395515
3932961
63381591
8553616
5949804
608141
7060089
11450606
2035856
1258959
1313177
997605
2052810
3378294
2447783
638198
27864050
586623
10062738
1327640
4934153
929182
2360777
1885395
946286
2665372
390179
1019058
2247475
626449
1230355
555157
2220870
1146765
3398808
5665035
1392278
1097097
979316
2147074
1173978
1485083
489960
5038037
3988006
3867695
262895
4274042
2855974
2073465
4480826
5495103
4895189
994018
10812614
593651
2131129
4925836
1464418
8591126
2260101
2387398
960763
395981
1033038
2415469
1855619
17697166
596707
5424617
10195226
387771
1331755
945929
7401330
998299
693162
16726847
469168
568517
4070068
9490231
1155168
1222606
8257944
2760815
686238
958858
526927
6909725
11642285
1035408
223138
2558110
923076
944257
1158372
5752294
2139279
13486006
1390673
389007
455474
812939
2585485
1655439
2892223
2153799
1713571
1271106
2817372
872982
3246842
1516988
3960939
1379902
933851
1278768
693051
812318
1350375
1917329
3886932
1526110
1702303
865716
19779066
3013637
1097219
533707
10681792
4366282
869710
1377760
2738271
1826582
1444731
2858689
386163
308705
779384
1212962
3787961
924642
1440909
5008703
977065
8051728
4407413
423735
4058641
1415080
1674150
1954301
958856
1497437
6369016
1709548
4671499
2054081
1015434
2654498
1190759
701501
993605
2856743
4261469
393701
3365978
2713032
30171904
801776
8434531
1229245
1973572
967109
680581
2484832
1005201
971118
540286
1546274
3204731
2598530
7407883
1354771
1028530
2631191
1725743
5594050
543613
6171684
5225256
2778522
2536003
1272927
3238313
2552237
739138
1122677
591973
913751
712271
903996
1915882
5870934
587058
4916070
563503
1076330
669728
1520035
416157
1810922
3807967
9132513
2184735
3859532
2395692
944332
2844440
461269
2103151
597040
5106798
10506633
3717430
662752
1025849
3103847
9566506
1859306
1469524
464458
436187
3177117
754327
2330660
4482884
456907
3201192
836300
1770010
598412
16316088
981295
2096216
5334403
4120990
1535798
1022453
69092637
1178700
946082
1245625
2043673
1894255
791843
3652638
1130850
1074926
7248651
839943
678305
3138949
23785288
3885586
3048397
1082002
1711016
400395
1468931
9039455
598376
2906292
2711774
5381823
5479534
3686553
3843311
7321469
2505935
1647547
2652640
707371
6089303
5814013
4706986
1198934
4509688
16611139
1218171
2352396
2647783
2666799
787905
559360
3203105
305708
16362550
20109566
988505
9144573
1542966
3469225
3224290
830184
4989417
3553178
1095611
9975832
618829
1268324
7894698
1898134
1553164
1702055
1280520
539292
1126456
1052168
4852528
1113462
1988022
5525229
2798115
9890765
1997885
1285807
3747156
3413444
1290511
870143
779504
3228231
1236074
541136
865096
1495421
3885276
1257927
8406566
3627813
1123403
368841
1528108
8862240
598971
1263414
773952
700889
7217861
10682058
1063884
584376
1299688
14172172
2784471
1532234
982179
18238952
1447624
614530
3218542
1650296
11215702
5139742
1211012
9108034
708265
3508792
643358
1304966
795008
252451
1333858
5692528
7125760
2625703
2804672
1261356
906288
3330245
1673261
8081285
8906565
385886
632833
3768049
6324641
600702
3844289
1775687
1426665
4490831
3441606
3251496
783878
1031580
3465315
1361698
4364697
835571
2985132
684719
733947
1845645
3285451
1875080
991070
5795379
5538856
1734201
341018
1075371
573349
9108520
1067436
2989603
676592
10931308
2215168
467674
3516515
611005
1889586
3456346
699651
530659
1160288
2476340
2180359
368332
5164997
4800944
17775731
782423
3949003
316273
397912
2909582
998038
487075
1076494
1859223
1879311
2767916
6605186
8542191
1705471
1878125
596225
14793979
5584287
657961
341821
405960
22342383
15951309
17041865
1354303
4236581
534673
2646298
1853557
1548362
1793178
7468695
1747820
1578338
3814800
13188228
407606
1819993
4299619
2815592
10107810
1851254
1138724
6280947
852342
1458396
22003695
2933315
3840418
1229825
955443
2726368
408149
5632598
5384581
1280502
316138
683367
4279521
16817502
1354765
1092525
1583805
3747996
34174495
766767
1093090
1785167
10431449
989246
2430895
1307958
711798
1000933
933950
1777052
1123254
817994
2200568
839419
847202
1264755
5264372
4284432
33987765
887856
958676
3090784
1937747
24242103
2322839
502112
3561276
1192828
579138
1174855
3447182
3009237
2418350
3333593
1937109
2336905
719068
996991
1004764
2001056
1616122
1767322
842475
14635108
5397634
466047
398695
1316287
723311
4947436
1049455
654669
1325210
948157
1604281
3084400
2144785
592433
1749154
3723374
4198193
4090003
422526
881973
1134797
4913970
4766886
7051552
690089
2894415
430267
1237369
12572084
6700310
5234903
1641224
2725877
2462633
1482951
1721317
2471456
176306
10196350
966208
1263526
11799846
734747
1228052
4661952
2659466
2284811
860859
4603365
6290248
3221112
475402
1755329
3905259
1623517
6824219
1412279
1054102
3811936
6334296
648786
825453
5501392
6096161
689931
5579554
4483996
5076320
2871925
6907389
1544654
6300315
5442500
3275964
1827365
7819044
512652
1025405
1057024
1135244
1201451
6141095
939395
8099050
14375006
779668
2375219
1295326
7022033
9263263
1952316
3014291
764484
2124970
3003008
538716
1022656
337896
6127292
18118486
6475196
1711382
610651
6727149
2226390
573148
3019292
374523
488461
3015938
942637
5069403
9963887
872547
944334
542590
1221649
6977902
1033311
1419550
1335356
1050447
5402188
1797943
3061908
1671741
13053869
1704882
125266753
833364
633504
7818786
5267828
15199022
4237058
4239057
902252
2311589
4843215
300813
427559
754818
1120652
3876110
841344
1993404
798275
3720450
646497
4187760
527898
2340458
6982509
2712628
695417
3057804
464472
3833205
506337
806002
883597
1672835
13209002
1605038
6939271
1259312
1513970
530255
2383124
4204248
3244219
399039
630521
428155
445163
2253916
2182446
1075987
3097035
2368560
765736
816622
1008450
4006759
2028005
1366791
814575
683880
2489100
1428174
20054797
3060956
1094269
942064
4861559
2164017
2080215
2298973
14184613
2488213
1678725
2430662
4384834
11301981
1637976
553039
541163
1171612
2808952
784870
1570051
1129728
658991
2774320
1321751
526921
706543
1660283
995926
1156159
1396244
1873049
10869585
2449355
196852
2032902
1218008
1212274
26618905
1194399
697715
1642699
1248528
934987
3419174
2330306
4667816
1316290
7952042
13358055
601426
488164
4116974
1865191
5269313
3471610
10697110
457083
17893974
17671826
918411
2471500
767075
815770
805459
928870
1307711
658336
9345959
10655125
2512756
1825529
878305
9511805
437226
2293816
1475468
776697
2760710
7990831
1013887
15434812
2338383
980001
420473
5770332
1204807
7657910
577684
13843174
9067860
1345993
2988037
2056725
2815056
20700267
1189178
645859
680519
22700824
1590216
2876812
355200
1976027
845277
1046517
1479255
612194
2859704
544993
1973227
4432287
823165
27455260
1789200
715210
629064
21182215
18061575
1435992
2907389
3350657
887406
1692521
3538579
24978882
535160
3648353
458479
2322282
491023
821183
1857109
17283233
599758
678958
554250
308229
422444
1402747
2683457
663332
4890814
1202788
755449
1181974
2173795
2628767
1421146
3564423
1305029
4314331
2907522
4632681
1426676
3321525
5529724
4297280
3153565
1248503
4142855
1886741
11145458
8059289
3083207
1456924
3912487
2484875
6536293
671206
685624
1887771
1457579
12771360
999173
862273
9395126
7247472
5248511
420990
1661878
1080866
532688
1381405
1139886
6576959
4387498
1841975
2721743
487119
1598104
879515
891466
1846867
3158138
3251456
857108
547629
1830415
715037
1548147
1003060
872316
4767432
1156746
662231
6162101
2257969
320524
2447970
13529522
3795619
2159703
1925721
1505831
4280064
1177148
493893
10049011
1141679
3335353
488015
5700418
1284186
3120115
1252117
16410910
1910950
669322
616463
677142
5657051
5913895
1621247
1731462
529488
944903
3864250
6211923
1967834
4084663
2848700
822626
1869190
6384360
1349502
13722493
5215452
793162
4729000
2919085
1913891
1510958
5228027
4953339
4250621
1883884
959006
7741556
5089370
2511493
5321128
798182
1777989
2752804
6761417
1498184
924017
4267968
2587376
3055502
1142625
2968782
4534299
3040507
1528208
1062144
1088333
4123949
3305243
894396
1093927
3426522
1683923
5251261
335507
2311416
2113395
837446
1917986
7059519
2301961
673853
2881424
8332000
1753299
6962941
9566676
1407251
2489559
941456
3554219
3384103
3552400
699782
1407545
2904575
816646
644385
1717444
1521158
955357
6389467
6216692
3348900
1008558
508009
1577499
7152184
727852
1628072
2666944
3801622
1445354
3331719
1987905
633594
568434
866370
2097623
2253334
738333
5808697
650791
1970814
3010409
336962
26118277
10131694
835271
1258321
5823182
436746
1295604
1447741
961112
1067418
1185041
1489544
765975
693489
2238736
1795361
739109
3402831
2281024
1089603
12650834
10413060
885765
1194936
7070504
1791316
1159361
2447747
2536662
1064718
7529347
2619160
1250505
1396812
4296887
2821019
906834
5831767
409175
1276511
3668238
7136891
1852643
2850542
1038813
846697
1127583
1718387
7121986
3720499
746916
1432632
1322111
7380930
6308282
1524594
393766
856065
2338730
1678936
1930007
10296367
2937468
285016
534067
3469008
1543961
1669445
1532545
1801017
4198408
2692249
803058
873560
817185
1197905
4147336
387437
4366834
994152
75673106
267993
4526910
362467
719217
727235
2825922
2694968
1853696
2126315
2896482
2172460
607439
16860599
2171839
1070196
2774831
24214898
3895868
3299881
519767
6669801
1502257
1685141
3889960
1403556
768599
3437231
1981335
2375480
1066718
1064079
7308049
1010143
2379999
1971936
3579795
478800
426495
7016088
3121003
3149461
3662789
8312174
3122867
6367720
1280801
1009321
3426447
3306566
1180719
1820727
3706354
1746838
2949134
2015233
2135724
2785232
4665882
1129309
1579766
1326644
1048827
1919895
566416
28199465
2056815
431302
1584666
4584248
3021594
1962569
4563910
4441475
777703
2430993
4043474
4239193
1213060
1026383
821752
1237723
1065864
1018137
696858
602264
8172497
925942
3161759
4941623
602543
783917
1202398
16107375
3891185
623525
1972407
2784490
9957398
2098636
674512
7924197
1241008
802576
1116545
9195685
60867547
580806
751981
1007389
16837294
186597
5269914
543612
1074896
573825
1447675
1384000
21592762
1890641
2133429
3823721
2892487
7764536
1468606
1801606
1035276
572159
2045424
1527285
12782542
938149
992092
2201820
4217828
562906
417262
1598524
3165706
2457862
1446347
3056056
996711
1247090
4876172
6662275
2883045
2545865
920865
4861598
2963388
4965420
4829275
2506289
3904671
1544947
2842694
817315
3345081
59300051
45665750
1896933
871063
456970
1342668
5927949
2189547
4683368
22871666
808036
9237248
1717472
3356587
9224550
945653
1873013
605599
418919
1972248
978705
727917
876378
5207174
642286
2624457
3819921
385200
1177433
3875493
4832891
1755523
864725
842415
585630
2538137
1724457
2305547
3323537
1000214
6477880
4071987
2322722
5586295
1600348
1205365
610885
1438585
1928609
5190537
1377760
2686781
502707
3069211
2881071
642487
857020
2676149
1531718
440285
1847877
9791682
1276758
3897570
591192
3789153
1994849
690865
638561
748228
6535276
1278991
15662314
1214879
3500652
429033
2115272
696510
8424581
1574678
5516901
925610
975079
2607018
768389
5895259
2086708
1545548
1475507
1881367
1060812
912488
731848
7005161
2853614
4981367
693242
2264343
895437
3258490
2258075
14356730
1854960
301896
4903100
4281222
13650241
5108170
3166568
3050166
4298919
1443031
2569011
2443983
1565082
2633428
594286
2070290
7086021
853086
696244
4316511
7141698
491986
4030809
768953
8070399
6146059
800901
3980350
2074828
2175917
1864374
1881594
2570524
645695
1461001
1949251
1825016
4696708
1006855
1668469
968594
5034519
568955
1447570
9044562
1270262
1513540
1034410
1622327
377533
506547
5525669
956819
1504951
1755497
4419955
719626
2093596
6909558
813094
3087531
4834282
2279929
2389068
822990
19679795
4754900
6200659
1410859
3808128
873362
4765178
647241
938613
1318884
28942067
1481171
1091687
2298652
7852956
3818996
3528359
3866290
4381899
5794385
4629191
516527
5145901
1254664
4764596
689976
3459149
579057
393438
874488
990457
479230
1325950
4666345
3868492
1743756
934515
717907
948322
1432721
1742680
8733296
1044259
838325
1957474
266423
1410444
650891
2550078
6843290
998609
3428589
1084500
1772127
2562865
1698054
1243666
2179501
643986
1698649
846662
801404
277835
2469311
741418
1962222
5937862
1449354
2486243
673290
465655
657294
309265
1022789
3355187
335055
7010739
13019158
8899764
2833409
3142362
1664122
1922747
1502902
807480
938414
2425680
1149967
760234
988812
1524778
875598
1719497
2096513
1026209
3214559
1556174
2688235
565939
10888612
2939712
1184410
8572588
2227513
359481
1289159
983746
508812
3570237
6301312
4471137
884939
380949
1091551
2531907
1155346
5574631
5274326
6630332
1320329
1824492
1094611
1017441
4365584
371824
5511980
1741628
2932810
3040972
1449447
500756
2307827
924063
2236099
2387624
1882047
3786242
870575
1262484
725211
2819812
1125067
1399002
1957363
721934
790925
1569905
465703
23408257
6386470
1470983
2483720
907508
1477702
361204
4542764
2227351
783050
531164
847725
9498391
548680
4095189
1455781
1760989
8677365
733227
559029
1514056
823170
711421
5226220
1014864
883357
2222143
856535
4737707
6810976
3290402
2111289
6243074
2188458
11793736
596214
2043597
4812226
1148798
756021
11582705
1215092
1337125
3164732
981543
2053095
656217
2510449
10942928
2167532
27273068
634824
495898
4112296
1067228
3460682
8289887
1350327
4580193
6757380
782735
750675
519927
1401540
1375753
4253999
10545271
896940
22708608
1583096
1084852
1834275
657740
4931863
3001928
1668850
897612
2000190
827295
1373803
5659603
4179581
2453838
3032622
7431270
4670751
1105055
7552778
4821108
1990449
713116
6432642
816877
5552292
554410
292881
3673628
867879
3052501
3428505
1315354
1195490
7123416
12098419
4246905
2125165
1063275
1653304
1451138
682987
1347567
5475271
5245963
1623053
3198477
2948693
1359754
5067281
3905552
758582
1902792
722306
11516592
1835590
3008634
222775
2226393
20511909
8248715
2168342
1983144
1525577
511575
861194
1129666
14820352
7019628
937540
600762
1482257
1938400
702950
2959423
738440
2506017
3577638
1089508
14671462
1868930
721471
1009361
6145282
727425
5284402
5844270
1446499
1331569
943256
543692
749789
3033461
1374333
752530
25761568
3182105
4423415
891956
878410
1005564
923221
665979
7528401
4802029
3711729
1785485
14219513
1191296
702161
643769
1463050
1434766
2267752
4883281
2598673
746493
1287231
928108
950148
4268435
1206933
2901066
751269
2513154
1619241
1131436
2859572
435367
913991
2068145
811783
5204311
2070280
822139
2806459
1619016
7221231
1501009
977068
9982540
5913963
1149050
1495041
657566
5317502
8668459
12917143
376112
1129514
1568212
1734118
1335448
838617
8643041
955934
8090600
777547
20840284
2073400
8294948
3835615
37073826
873127
689673
1712895
1117561
3075184
4136370
3117902
658910
3464816
1127312
1665600
2170496
18963387
5764740
1773753
734808
1170874
1951894
18504668
1480944
1570644
1643269
640055
2628536
6219480
1365507
4051285
4552091
899017
1772396
1488389
595687
5113913
1148710
2069511
12449979
637462
4940536
5914175
3564665
507056
1303684
2987947
390764
1979047
717622
6040953
3135207
6722765
3725776
8532403
782833
2264772
3329991
909586
9085364
620390
1111576
1208739
5159641
8366760
566605
1424222
1051166
2999864
1023112
806645
17844562
699617
403715
807105
7993318
9479558
4228128
1770860
1799023
1293658
1311278
1936709
2625754
7129626
846228
1540102
5900518
838309
2431365
716533
979000
1651030
1202450
710106
5618096
2576180
2208226
1691972
812866
846762
723813
3723058
3520449
1060310
672037
1094439
511302
2876720
456769
8311294
482558
3517582
21766420
24989040
2515144
6935363
853034
4811774
1541571
2100231
3800154
10233220
2134424
1839586
3520803
1702213
604789
978713
3375828
959933
532663
4582297
6156488
7627270
538894
2612052
1854073
5668367
1180940
3820822
2850075
771720
2358267
1319774
366004
284725
2774489
977160
483191
3970156
1643094
6029846
715654
1097679
2429858
753365
12828904
1888518
970653
1797668
3100630
707609
1408400
560810
960946
2817623
837388
1269320
2178460
893603
567927
480665
3651545
1389947
1267903
9551072
850803
1176123
4406531
1290588
490829
557729
2294332
7283349
2515006
6720862
1670213
463844
2069487
3846872
383475
1647873
7588649
927320
3338063
932482
1288355
1471262
2749405
1162453
3229170
2269232
2937890
5277789
1916534
3018262
1106765
398868
2370310
1661636
1564263
6127368
1147700
8297042
3004012
5356815
684870
1012493
1582119
797136
2266855
4282351
5864091
6744167
416265
23796738
2346516
438129
2243322
3118529
1215229
570311
3999286
1666857
3161624
9813481
585807
2088180
1913504
4595501
1802201
3087894
1363352
1505276
367219
2111357
606049
5833312
1086399
673683
4164876
3379600
689641
6696483
610064
1086440
2996505
2346603
1738980
657173
1224850
704153
1367813
241991
3391807
916874
1880252
10198742
2116531
1496554
1751619
2016480
1189346
1321401
1078547
2122969
1194500
845032
2460990
964481
706651
469970
6846205
761216
2199499
1228689
1167156
2420093
617858
1476578
1111754
22128113
2393875
792916
3941478
1848682
1623249
1105959
5649633
59288702
639402
6559880
1622488
2773688
12294520
1731237
2383587
4212522
2269660
11036498
455840
1466060
1015111
659492
1531370
7649530
3147882
3525687
2655554
397127
2917738
1969901
1118804
1651047
1506503
1138112
563806
1224705
19633925
496924
533522
1476071
806949
6918090
2443166
2454501
1083891
2431220
594019
4646458
8251407
1339664
4697701
677029
3249572
9248069
1520819
326987
956130
558517
1655141
2326117
3403952
520332
1379903
2352853
4125838
2455605
861289
3807581
303915
1963485
1391249
3994789
1353207
2880505
698641
2535661
3200702
7403300
1584086
651272
2049607
689211
615591
1914137
837166
567543
4968191
2208329
3722448
518698
3614223
622055
1738180
4618088
18007003
3918325
734056
517701
3771480
3165939
1156071
469461
8091341
5808410
1342029
3727074
524133
1427399
10767980
1495449
8432846
649806
1980987
4032602
787854
411212
4522246
1911337
3005642
3864950
746055
13999023
1752610
3720442
2068228
3459615
13525676
2670284
1480724
1135458
4295285
1936492
6784485
591552
1529092
777933
418215
4203524
25067230
3630399
4993430
1508315
5783721
1786572
425855
1868694
4078255
8105366
600037
1217416
2124035
4889075
2601284
931214
2347569
1015072
2404374
889633
521054
1518750
625627
15371178
4990676
2389089
1262152
2049734
2284693
2263752
