232055
4542936
15616700
124558
144751
1383305
62984
153660
98291
100553
305651
298523
44373
1269099
305143
149064
90733
11948580
73442
443293
83276
109377
42418
7064445
4298440
209255
120775
139127
302253
70073
83924
70913
980210
851431
86938
347794
1991688
438366
574891
236410
69197
169608
473274
81330
206119
9108737
306689
516936
811045
50741
67068
683120
854500
103287
117242
360542
118536
1087613
76067
27051983
58762
28559
346812
190912
825411
368873
46442
134677
169122
339851
424401
121044
264382
144661
96643
679115
1044280
61294
1867779
98844
820220
105762
119282
106941
158673
60515
199810
59512
37508
2259682
118142
183691
944343
229874
734180
126144
305294
150571551
299824
149436
4222274
8470376
17802643
82629
118779
5571759
365108
687178
76163
136359
1265742
94421
60835
46318
160809
300549
354151
248559
84619
176081
466655
224990
114025
142612
296747
75017
105756
73675
62441
1239666
141513
564152
59040
797674
416583
104234
45780
154379
7495704
380373
36643818
245443
140351
423284
69490
115104
118609
4700435
454823
136216
72431
140526
149372
1105900
2335307
80436
86742
161050
464620
328622
83158
206385
79062
197401
48727
561660
235145
177048
59814
83236
2034630
100520
224887
127880
122805
53229
669178
71022
141688
169830
1293650
58959
37696
255035
10385091
6754199
915627
62882
49818
114395
93163
15710422
85707
205742
142515
116065
6879249
11763719
53145
149394
61736
62544
58313
188610
120598
77606
173986
220269
112320
146320
102756
352103
103965
117466
1865614
4197144
90422
250811
185206
1647606
210048
142390
197526
113616
98422
219974
124262
318308
340680
84574
48865
55033
73962
189514
94246
53304
79181
58075
3062104
61777
126540
5566830
137037
51288
1313448
569599
74683
226743
2582817
42195
149826
82394
801196
267354
111812
5571689
57572
68561
81783
199921
66233
53533
777771
337906
24929
245058
68621
300270
407029
434572
73597
186816
96022
3085711
166127
5353772
101954
188910
60156
51923
4061862
281380
3349004
59624
55083
191834
1379490
146579
49665
197205
22769603
47587
700476
70283
243298
56334
65162
69246
621806
503204
44979
13792160
187964
442437
136927
258756
38701
68731
190291
91260
225923
96468
86715
766592
82523
121784
1057631
115062
69193
150567
72499
6111686
132033
72669
1260347
83259
139644
90807
78879
81734
2097439
50422
740234
1300336
10017251
25104
221287
40191
114898
193542
133360
148185
200722
165436
1109439
113947
82928
1767001
323446
650415
99036
145297
263818
79752
77128
358335
1872511
197803
440849
319938
960265
115591
95438
306920
318393
575739
740814
115724
241569
8113502
256920
249523
83572
57262
52403
42697
998239
55879
32723
151839
231578
111427
106843
8265186
645640
44237
147512
298815
67101
28539398
54841
72250
71161
187011
18859515
49568
81945
136137
228555
33788
59895
406602
66815
132639
130835
104693
637693
593473
84125
116336
63839
818632
136916
206494
194808
93129
104333
166738
198061
219900
202147
112956
1119921
163427
75914
659850
105559
490020
697432
139061
797561
53887
6182795
610247
103300
100344
126032
123489
51875
109728
169693
568986
56536
3183496
377273
338182
3444587
7944870
106352
340312
1226450
93375
106433
10723463
260197
52707
324143
43052
207945
2748759
64668
98362
3159371
70252
2689037
92964
59178
632613
482687
2450411
46251
84955
43241
228989
1399828
45455
10097151
649730
1317646
353149
53088
96263
190494
229928
418250
47995
70236
58807
165510
133581
203673
94482
99117
53543
661819
58019
638618
235104
168912
328098
55907
142508
133174
1180596
113143
237052
2710034
670817
121835
259508
6755111
205840
229097
155620
771830
311920
480394
872051
76255
49982
61547
573594
1299935
162101
297310
114310
397786
2653863
138414
193141
2141400
127366
133634
55578
97711
190452
229213
279894
219586
1624916
68377
248318
152381
88715
754432
1038857
125206
318982
228044
47360
258854
208904
248048
4447604
640226
176005
84749
251144
298752
1898424
97363
2192951
3396718
238345
854243
189487
12899086
74165
109264
54865
140618
173694
406344
245341
167780
3127845
8316121
204573
92800
256567
72072
1893244
52727
261649
76296
168529
152559
47315
100762
81317
76910
312853
37462
3632371
83386
75257
10405378
85481
4422160
68226
67487
1433328
2544567
66312
129589
82944
255046
1088238
1243209
2630469
147749
49149
112741
338033
212395
168154
151499
404759
567830
3162682
614380
39976
245349
499986
62609
51442
281144
72745
144243
804597
61689
30865691
1683161
150467
951586
221631
107020
508585
62310
1715254
54860
116285
708014
874975
34754
5334336
543685
303908
238558
117177
224944
442752
183671
778285
57090
178743
47287
3306525
3596826
563840
5591363
60571
4440052
6961596
436663
46650
55870
329177
109378
71847
104534
85498
174346
54289
8423006
56743
7614553
2474687
65702
333268
98323
214912
55796
129757
6570904
100682
128226
455988
111233
47956
51024
66247
5550633
111520
94915
435807
120713
492724
81428
57442
121907
188605
871331
55134
80728
108035
113131
214680
239276
145142
216934
1479573
815916
887838
326929
433787
367273
399219
3913470
526494
1187450
206821
59509
38769
74071
108414
205797
155377
300766
520685
161670
4484784
4115731
118272
85557
363472
259504
3622848
2398689
66267
90576
14837872
77574
68178
53618
2691474
3639709
77977
247535
69106
270232
120907
78667
931084
459312
20443122
80819
716359
53148
271494
98253
297719
2317796
78743
79566
9099103
5610402
3490293
1061922
57509
1490402
116981
195890
343582
45311
82319
9766771
57239
55353
2300402
72872
95845
93853
45552
53200
145266
131720
82762
5058964
195684
150557
844725
73745
5792904
80234
1104922
927885
330821
73883
241427
270214
70477
4413788
1798664
344674
38494
218151
277207
93856
64631
40592
74573
71701
338123
1332827
4555988
3114207
54636
103059
982415
793225
636740
59772
392821
161888
42694
207335
77910
245038
75265
51910
71388
27626011
38976
19244525
62736
265749
44441
82085
82123
73025
99233
456167
238024
116941
98770
147861
403732
150386
578759
248465
135069
535316
76116
26402138
54764
168029
739135
35804
96885
147252
100417
139630
766198
2238677
397390
81957
31295
1158775
100777
347865
353529
81041
321945
165011
165961
61583
182379
52152
129742
653423
2001543
672320
114056
144344
138074
175007
621589
273211
379735
76912
106442
1354047
44701
46945
314881
1726538
115533
333102
384818
362743
243425
72112
15290715
818517
301513
4359125
2246350
78092
50241
18631515
1160977
79090
135555
77212
2154665
99020
16264206
2357618
401078
2305679
92544
97128
137447
98889
108352
129395
34359
53597
105051
82841
138942
2333735
104685
51569
53463
3911762
320368
122234
228473
1161752
3102195
925944
269681
84840
1291180
347991
80304
888784
2153613
2120402
65052
238744
1130103
389839
107775
201823
82573
63721
2536468
1372473
60475
3507777
248555
247863
70515
251085
82776
82663
239059
235477
1547887
72417
48259
51233
67926
170452
298556
1164401
4364623
235614
1524355
185171
789006
1533331
99770
136937
68667
70589
7677649
397922
121617
366786
14606496
78676
164331
2578012
299244
161262
232501
6408325
76986
113632
142789
177481
230847
87368
104560
340272
6362730
248253
76889
162686
517736
543654
207273
150407
377825
88220
74040
334033
54745
1153270
94355
150570
691440
270693
96274
248861
127198
44307
9861149
111250
68749
206685
205725
167145
183729
2336866
209747
60481
2344236
71816
163276
7819987
1792596
70322
1257128
59367
3271278
289318
297663
93446
161362
78829
86948
553360
256298
87424
148957
807318
11313800
52239
1494133
46751
65076
64786
754957
190532
8736260
1304934
84381
52117
184002
279829
172410
56030
172079
2834016
30042
126564
67884
121409
69008
1136208
54913
92185
79837
53332
422678
133636
366160
96281
328858
69679
166524
196775
53954
170687
2786696
90539
59245
59149
5786836
37935
323593
71418
98078
228839
98301
3641312
96839
89669
6168238
79284
252372
79177
530311
97013
99662
2939267
121079
251239
1142799
625821
647987
52800
189400
6744601
134012
4738215
225621
745415
182738
84594
229557
63914
99061
57155
750229
238394
187003
119288
78355
91370
146209
1666494
6095946
164312
616777
106152
1773293
1750002
3463905
215198
510739
754114
579949
393977
902310
230694
10034914
87462
770489
1401841
183329
99094
442081
65359
86253
53559
79817
2778301
185505
241439
92559
198310
275493
284290
355005
3768216
60514
266342
1093482
927644
66059
5519195
839381
117894
103180
105797
238267
307024
333762
87541
85714
444857
1089988
66762
147608
165937
73469
173502
2424715
85470
273033
1318932
326424
1537341
411680
1560255
199987
268772
1791112
70969
63699
120953
74026
198889
48288
62364
85063
103166
238038
221244
440692
83185
67108
251935
1721163
30072
1268212
283326
154091
74778
15437715
36079194
479151
37263
634355
99056
2789771
435296
9898165
74549
135600
1199598
2618400
233781
144641
897014
177918
88209
86482
381841
184626
330591
74161
94392
77733
230777
421921
82486
67357
134663
166120
274004
63557
128928
712526
374864
519351
129159
221901
280119
236058
39148
3044168
1203468
56285
55317
145194
180784
6369621
147721
70860
484873
168434
32589997
88950
4066145
122945
278882
12675582
265250
136407
1285349
2277725
59528
318787
75188
599741
84544
10424840
473745
77187
1590295
260072
355856
126115
33070
384685
117853
57898
183198
219298
139456
293674
5511127
97127
89804
48794
1577583
321677
101391
134758
9196029
5367688
554756
239774
121918
184914
93711
55611
131702
85830
2715644
54845
140878
3021217
182234
5010306
333996
580789
7720478
43110
76284
303719
199285
91926
110928
122656
74487
250278
276901
117560
194233
919611
85597
291397
94758
62128
113004
152122
944345
208890
224778
59926
612522
140428
102417
123834
138458
122278
133734
133528
76822
181498
139935
590466
81897
113021
65509
252190
1606423
260529
4364609
1922027
65331
200939
81295
68803
409926
281498
231488
199680
3408438
3607406
1611728
189022
248980
83137
49583
398111
600887
137938
410724
116997
123360
326930
465442
122548
51824
243808
71625
85629
176492
1394267
4646033
70208
110454
1812018
171174
432966
2202333
14428459
57305
55004
53553
2330415
213056
56822
37015
860733
421765
10923971
74669
142145
1024872
45343
14157002
715229
53000
100844
105542
524841
62421
46559
266515
387052
59420
252518
340715
62460
7282645
306745
80653
402794
1328513
3854146
163350
92664
96556
44999
106529
5051776
168198
148882
3380339
33845
66362
157073
8759237
59840
125854
2791964
102028
121942
141766
45914
96965
322522
137130
439330
3475651
58511
48033
1007181
122104
77369
71182
170755
5332905
233253
82651
384728
1955528
83533
65906
322428
171364
286385
51336
221431
53946
4399910
54704
277667
107610
262600
1765538
199007
170657
98492
201212
207155
365232
146395
66052
556499
4955970
66985
256955
3503394
647622
123981
181041
72580
65972
314729
69316
197558
857038
3175363
6536870
86365
10254476
219484
108621
306094
73113
197366
214678
67572
9161779
387506
288043
1252073
631295
234183
3123393
409024
68637
15052074
59533
1208635
671046
110265
867728
59326
129351
688736
59247
678860
74537
51597
197036
197712
108063
50061
266036
178044
3473641
197333
227401
217849
138922
116906
89253
191971
496924
142191
48877
122353
228662
803642
1207240
82112
63676
143028
6671651
128001
230170
168207
134125
94181
3709301
101599085
83444
312871
95605
301531
1426204
921938
70850
633006
2293636
60403
84904
271436
56984
61363
782986
81353
234472
130340
95692
169915
107543
206285
1741920
36891
287888
132102
59612
134226
51988
2037273
421454
135052
44628
138968
1016008
417948
140573
91553
57984
39471
125990
33532
355268
214876
65953
1497169
53001
100490
170404
366197
682385
65152
72442
336994
97338
62876
2169065
94375
141515
76239
195199
1259152
146942
511931
363246
162723
113840
501573
147091
236262
906786
99942
80571
240946
119695
576750
96092
82989
6438231
54636
1044931
102224
208542
136857
212989
1822006
105614
1045218
54523
758024
218152
87771
161049
58600
14986710
84899
38992
93882
68085
128809
2248132
126571
763700
227870
3251003
16642630
247044
175667
482524
3898239
1827299
857822
113476
154796
81933
81578
120948
57829
346809
4889980
1737257
220656
189822
50589
9026966
638113
42493
188803
70407
93319
123583
301347
17004803
223830
933385
93609
72442
92225
124761
1941449
181010
183180
73329
73247
148042
49853210
66221
56274
91485
96927
150281
61375
4755939
1838996
181139
1042676
34005
2291265
4306483
840258
2056419
124030
2028938
104605
37277254
234345
270484
217852
223785
46440
166834
113558
48459
2795734
160305
91281
389992
252383
1053854
541949
3270375
199340
42964
121159
61402
48901
244168
37939
194857
3809348
4688315
196638
164033
66956
842109
209191
1952819
241180
188909
42365
152138
877565
8148071
182920
159812
481609
52628
158737
307825
142526
2996279
633248
98316
133199
234610
63040
70151
283392
60502
179851
144555
201170
81478
56665
96293
63394
689456
83906
48989
255466
126136
423664
1973243
60127
199689
2422859
279721
284298
290082
319461
4963823
53198
208287
218475
3724743
100324
47809
201968
98843
395556
377246
3128310
11998137
266481
19374287
1215854
226118
123361
1782324
242313
4012347
74763
113005
59459
262264
306403
155308
237156
95204
77157
1786383
881663
209996
106179
11608721
82777
6893832
191794
7490481
104354
47100
1041736
107620
51787
126441
2660615
8186138
370864
6178104
134540
10065442
123035
38208764
104907
250830
526833
187434
83159
39820
271365
174346
12222123
45707
172142
128505
161191
113971
71607
51121
138838
70677
53817
1268250
121027
78785
56472
154973
120157
248824
80486
646407
64138
71012
260998
55721
54262
364928
56929
73595
203468
64809
230414
315039
392561
223719
319756
297808
164979
50586
58093
1757296
302630
189768
7353513
250400
291956
84362
59470
372331
147020
5734139
352219
136096
134215
5400899
502373
203526
337028
206142
848637
77029
249839
2241817
78766
230126
190217
895243
437911
121709
16262333
59645
36030
108977
5449783
36592
117969
4340418
59958
96839
57337
149931
402408
36422
79240
236461
122951
49965
70486
331408
1217044
291384
101563
12281683
122233
279742
229485
47993
114490
237796
231178
1895609
634917
146942
196670
131690
137687
363214
104477
89136
160300
152694
1255488
2081567
6494711
28774
248521
1563580
368829
220834
198449
138014
93293
1706188
131922
154572
6390006
424244
332539
203979
42282
109902
403967
228995
5969981
100911
139903
495620
424839
112585
138965
314288
63635
174109
100085
120824
84039
169029
40360
153261
52268
109512
2852957
455951
81510
76308
226078
200854
60385
139973
48108
89383
330441
139890
206171
76766
89539
57668
40491
1431622
127353
2722733
217372
82943
10284708
452294
309607
107293
960327
352659
81157
303992
1667509
49485
274984
42690
67804
163828
103066
98452
210153
68319
599327
193917
118708
266318
180923
864441
130809
1636621
131005
740707
123008
92891
1881474
184002
5341058
75651
149660
214437
205803
69489
190254
375840
612298
132058
180632
239170
136337
155567
70059
2491856
573428
14565489
50826
53480
237563
94095
248893
240731
688986
86200
361738
67934
90172
102876
1374248
249690
450734
182895
213612
6273278
794218
90079
47310
121138
164391
80946
127673
54830
35219
55636
50245
154537
53566
53537
2432545
1951169
196806
114527
102040
143200
42427
1599955
230058
295347
53861
65979
109254
397157
201131
49925
323787
1026832
113604
210776
4302141
418163
156743
236804
49260
54599
373154
230400
2520049
109099
114655
105614
128680
354385
51489
649600
197710
1533162
48863
56261
46981
155057
81030
645764
520943
600909
1559917
89254
618030
165587
93299
413893
1047615
505138
108147
61108
183195
783957
173668891
565231
312485
1648929
124011
1978072
101138
157832
367183
309711
904922
1352090
64338
143290
57938
185984
95835
84725
154328
271142
6750056
802206
262806
86114
70740
330568
121475
305648
63297
184457
101405
161931
149724
74009
55004
139441
53279
4818874
97228
294268
286256
92348
69711
14569775
432114
92172
79386
715809
192815
167670
141416
115294
156113
68443
55949
1870848
119856
2981288
55451
111177
4474896
38320
1094173
73579
255870
81361
99568
57117
1275122
640945
81486
248485
56853
205010
12403667
111113
122463
119134
337073
2968752
206996
2427621
240244
795092
300639
932822
360993
369012
141290
16479887
1163502
2610820
76892
169351
337093
1042089
74448
70801
343467
186843
1825274
128252
154801
54720
128757
180408
1746151
154049
1434790
2340340
88119
712721
3001557
183672
106534
84597
232625
421955
115288
540389
144554
1585698
34429
470078
738759
86668
437240
219683
99680
164133
136869
213189
74111
107093
709325
60576
121792
151815
2453098
158929
59011
47954
78648
170482
752925
263741
380455
134345
71447
1858233
496237
1333103
349482
2127550
176999
455712
1445530
247906
84555
517377
88734
96535
187122
4766814
362576
529032
609015
4388767
59056
326906
79525
101101
1323161
2098752
277210
287480
247848
2962134
175045
101909
144027
130962
885972
71268
213663
3553628
80472
47541
71460
75915
87921
827665
86340
185769
504791
46077
1139170
49306
124754
264570
85661
171509
597012
86137
44910
68620
157642
248651
124142
64188
191343
9694900
212990
299181
160026
339844
85129
217998
180297
68824
348015
44731
67355
3477759
100843
59964
64140
50721
130472
48428
67965
124334
50579
185724
132955
1503987
1051517
150601
247659
5175240
66451
479646
281266
52803
1067074
1231131
149126
80185
46879
2476298
237532
69787
75607
101997
155082
128063
170267
4892488
130238
247757
75121
918941
67743
1021326
112225
157115
194484
91947
134806
999998
77322
120092
71844
176795
401184
88464
1708755
17411754
101759
231764
531671
134469
117123
87877
134088
198003
61571
119951
126899
54557
93063
38016
1144833
99270
113083
74347
102270
39547
8016165
130778
45495
322777
105790
4528662
65499
247070
1959906
92894
63284
218925
976702
354513
225873
156858
143868
205797
213979
117421
201184
50903
133682
42893
355050
996465
300277
971399
74052
108625
5887559
73912
274593
125924
168666
409904
65662
1858266
132869
134086
316751
85289
68223
481494
91886
1728682
166242
180794
169101
289602
168367
53568
3342333
170420
225513
147876
219282
310079
77154
1248680
179989
636881
146812
69709
306350
47135
168824
1614793
20164423
66712
138176
337464
60542
2493776
95026
95916
50751
284130
117487
62732
1762028
1755470
501210
44279
123201
2410978
7318195
473650
1083574
98004
87659
31410811
4798378
182595
68709
65495
1489086
227010
203825
177085
74173
18816361
342168
71592
421185
90038
151139
129180
340654
210708
112264
436276
33435
315586
468058
108021
7858616
102956
44277
277881
355176
120796
249937
346243
14311732
7751404
470045
83502
188573
206901
59186
181995
164228
71868
188995
79357
124003
1091211
61122
58805
182707
111654
47705
132053
154462
871680
102001
1400147
141076
369086
74211
545520
59885
189384
149367
1638266
80317
51484
623756
324703
373087
540547
75099
117673
2215322
164511
2515437
2289546
98344
115159
673310
93913
63464
113357
301985
64600
673530
1105089
235054
112889
327023
353370
47850
436816
180807
4122566
65412
97424
2836474
103238
72820
101392
183643
72295
1407063
75923
182713
63270
75949
447502
150212
57816
105597
79236
8597958
83286
2401830
1491048
2230831
691043
1628635
87144
57267
264232
1857194
147406
164139
72912
1233038
46954
610303
123526
62437
162162
51790
47298
115770
120730
183154
271685
207230
57789
116329
5483459
168813
3793341
53194
210776
128440
2603529
216981
161893
183927
1768964
87450
185152
96683
43983
72866
166329
61675
237105
422218
122511
140861
146667
134699
1542768
77230
96229
75250
1773112
187437
121054
185342
422570
41581
90641
405288
175494
118252
2820092
65960
150821
40012
45965
640373
108104
481436
608035
1111535
813880
93418
845925
9701079
343498
267302
2885307
48611135
90176
63391
66412
137850
129761
798211
948545
5028640
252424
49915
132345
197271
110173
41499
104099
735710
69997
55921
93048
205204
82182
1501243
46025
83540
302925
150517
2252639
52447
69304
123881
231478
82821
99821
91724
93824
141146
52603410
2649791
59075
56382
73774
38278
77794
443539
39931
56406
125623
84350
56244
291817
204494
307822
303399
1820051
132240
208392
334956
387547
123022
46942
375810
28944
3471945
64825
6030056
62312
127422
194985
353064
70087
60160
116917
78985
1004597
600337
92630
248308
693175
227134
149606
10541058
245230
246232
192825
150072
115333
154765
90499
83516
95860
129720
65764
592090
39167
99546
107226
219346
3684318
65318
99446
92891
47083
540077
196520
1691680
236896
233880
625793
6470556
259421
2057010
391546
199611
45106
149915
217968
67337
90478
121137
54556
53101
334881
109813
2864574
244572
110790
313202
1136934
63330
662442
318341
117687
390441
247419
625181
8344624
108346
78975
90941
70577
54240
1561537
569547
71064
168466
96913
12170452
73886
19160529
681012
5828618
198715
130224
671088
1538030
169035
146611
93355
42284
56685
36655552
223487
64763
2345936
73572
3895770
667849
219632
113062
142941
805551
125462
56287
61971
261401
149406
473819
204117
143875
60909
185871
110512
192864
313487
249124
55328
75679
1946709
89821
32030
570305
391951
120042
86855
182291
136259
1005867
140144
3476273
1879421
180153
152881
171281
782640
2495151
30660
3894185
528570
80057
107537
77948
373197
152965
91813
110608
109680
3230944
263605
95227
1115739
150930
13428430
1028305
56957
100993
17722998
537888
107409
185954
4448678
917440
83256
66556
142523
435359
460402
226418
72228
121443
123337
223266
77043
85257
240400
207579
1123644
165355
79323
534573
142271
137470
136584
109635
1937762
300629
447295
87786
36568
76176
1819189
310487
173133
159287
99331
1777530
275606
688850
68501
1311572
194434
75819
104746
57635
272617
110956
57054
71326
609195
146200
139802
452755
92897
227121
2344345
113426
3335313
64167
7424639
1140791
199165
124321
60414
63319
95946
181103
129478
235987
337066
242208
2304197
156307
46052268
167875
78154
675073
51344
166724
55202
140743
93921
177315
59554
354501
1346746
61408
67877
54521
2312885
82847
52133
40651
149461
142075
4714078
111873
199870
398525
670238
382420
1933736
133363
178057
61834
203844
1640014
83408
168699
347910
126833
474439
1155634
58198
103380
87927
197519
2222573
107836
64750
532529
232437
450254
46127
2532079
144216
3407181
6822300
90453
177925
95104
49791
803828
83151
79911
178859
39944
69177
71757
1539920
1043160
125484
119078
275167
1392776
1899060
154727
54792
213947
311447
115244
55172
282212
117666
157026
65627
6894891
149470
126893
124289
290856
154981
82257
1804285
137372
13294126
289525
155040
89143
115922
394805
137201
63329
1374072
117111
744373
146351
1131872
9268771
215880
7650130
89676
287907
408681
336417
85974
91970
134458
280612
40835
171195
64771
802590
296795
95025
332959
151530
90714
116344
123303
128501
67266
502958
414847
184472
5593862
238900
15450562
185937
8899258
66575
80790
1111413
229788
1471291
80473
111773697
2453650
113141
83797
119675
186673
301205
89061
150096
100402
79952
51951
173994
89363
76021
125638
56533
53044
358942
108222
268749
47710
2369294
255562
6907479
158559
116012
79926
825538
224748
43745
194882
422629
111358
370858
6650495
274133
136049
2636046
135470
414076
182994
194930
717336
400894
101947
111465
308937
180831
224076
88320
112634
79474
4845655
43916
64848
145712
158815
80484
71989
191758
61777
163829
1121308
343763
139907
122132
381317
237246
78053
235416
3809553
49672
4324754
108231
1797562
597958
122189
93709
810803
120090
132728
154784
578472
283685
897461
210220
57193
26996617
2121594
58705
1931393
4473941
87895
98832
122143
1960369
5372641
2635568
220077
70327
95058
139787
181622
211398
315155
45818
147583
970386
131378
354334
192230
191685
123529
217813
125893
18248078
691245
65010
381562
223554
860025
203120
175845
118039
40417
97357
47043
61525
111722
1180605
255561
52286
183392
48833
318351
77991
147471
204957
324210
154486
1424550
207368
64531
64938
325972
77555
209994
15029215
257886
110498
111598
1667089
478907
124010
4372098
124893
156298
183059
868418
66897
113015
904323
81808
791342
752407
164822
2417309
91461
123629
144717
207042
62604
425292
215247
346673
1250766
60216
68818
130065
69170
482494
163448
742111
215354
94602
213254
168374
122527
83250
186358
392240
163048
90144
102522
50586
55469
64350
143947
36999
54645
2036458
140615
84636
2604672
162377
66604
86737
2261667
342440
4622992
86537
428127
392882
202639
131370
62647
153089
63286
112696
170587
124242
48686
39711
102136
4864272
119215
312973
63043
1032532
19325516
119578
1077392
71776
58708
1326178
422218
136491
532436
63002
191583
66086
30921
303326
1817678
199051
38545
497034
95710
9269794
265512
176793
56753
40991
361086
90851
10402557
132033
751428
87284
8557111
92753
367983
56595
52546
142974
140006
108292
1078057
322302
70669
1032194
35096
90161
6525654
136955
134662
134430
786482
91116
1230113
39542
64659
117143
1065492
158136
5857592
3175691
60630
111151
76529
64695
590890
191003
155378
144259
2207999
80744
2795515
589172
81269
55015
118951
66353
273305
338807
74521
35690
3179482
95461
109221
296747
215117
396722
291951
40708
101456
63315
189641
283751
189386
8923565
99815
145821
60286
106582
61094
42523
272252
264334
679987
176492
2457068
59696
383568
2538388
248274
88529
54333
111871
86809
151769
606488
1374202
189968
105719
151987
89500
18812840
131993
420358
126289
61432
372841
116249
90316
246644
110635
1852519
295632
61220
1759700
1787852
74471
63166
97509
184392
106504
57399
1066632
146291
73510
516632
126499
516411
15480511
79897
115803
296165
144474
127532
135367
51352
158435
1910655
70466
94546
317449
137933
145197
193020
85709
462426
48402
54156
622514
112374
899928
154978
104732
74857
93220
603445
47109
96416
18228676
377316
1210587
52611
22752675
12730751
224020
225008
812875
255527
77532
51962
235717
251314
75987
5929802
137330
230980
165179
159378
3250219
1349887
117083
59247
58427
98216
42368
54494
140145
43098
68235
5014003
133245
15425515
1794417
154193
105860
206994
173417
124096
7575015
263913
53830
45559
247479
141711
35895
174482
875469
6391895
165187
880065
57314
860837
9807927
3224531
1874138
511448
76535
135256
60408
119169
390365
481284
320790
475307
68012
4459846
2976235
1803238
276584
230755
218524
439478
2435120
157312
179060
85648
38712
394804
103146
229447
80827
1064853
133411
143079
19342820
542006
244387
62124
220098
120430
377641
36619
179303
51018
239167
1199932
1450865
46046
58675
222726
74056
40301
249058
74877
40959
63197
125724
200380
343025
3713828
99289
113601
72161
1470141
807473
2400146
112212
611769
73693
173346
743803
1881856
132842
1064984
433355
454635
79562
79390
125317
41150
358851
118689
510173
87843
55629
38461
151663
73721
54261
1633607
234796
271863
501406
423440
719451
492697
62601
84196
80273
228029
82673
3972452
741483
307181
88209
223108
98578
61407
69658
225110
70661
143480
52716
147530
283341
15588183
316880
118654
113837
901243
2347168
93331
4124754
134383
4424690
587659
7950008
1861700
64439
249448
70547
74328
69824
327426
2204598
169667
58149
113128
155802
43009
135852
75922
1330641
870488
122268
201735
72145
146004
122522
43230
200216
179477
145250
85534
204848
156061
364337
129563
3056795
843919
2230377
51858
2651593
71507
115606
54782
138107
1703266
196358
84902
1595093
2272964
78916
53034
52880
128053
67445
18368146
6708393
571785
60260
76396
74617
697719
3636243
250935
58550
61994
490342
127752
106078
3410700
185245
226738
93199
42871
287170
326527
581657
114662
1720578
2461113
75015
2713801
127616
1755110
921375
61750
155805
201596
74412
416209
129459
83424
319295
60170
1503585
224134
183844
82192
355154
1056674
121991
57613
129458
60470
3500339
37279
17234536
12395375
74724
133320
516160
59407
96421
159760
68018
88422
185413
55416
53563
1430691
68674
102900
114675
743786
11809587
440309
46257
1194052
111363
308616
733173
88303
64382
78642
48096
419002
58649
93114
131400
650560
141182
1011412
246236
118106
136781
153347
184385
90220
103335
311082
423236
34911
824852
60157
294865
1321162
204699
167177
197822
948910
2586081
303468
86068
98436
3711821
98833
3634426
150394
135262
102158
93588
6252864
257980
171843
190065
72831
215750
1076771
257423
1011072
86543
256544
1342917
110540
127224
50797
199682
59792
92846
48767
48178
99771
81695
95678
72196
1173754
1785021
37831745
75609
41208
77645
59975
2462062
447252
558428
162558
291395
475096
618409
1770339
193690
80807
65079
516990
66967
4936630
242999
61778
255060
132370
5216050
251179
97099
636015
3952314
333140
100344
1180114
2098695
159695
920215
433347
133174
1254535
162109
139261
2358631
170183
276242
413477
55412
84077
138023
156163
204617
7508218
49680
273301
1989460
167773
10008552
51367
1465180
447197
40222
61710
259559
160700
90744
96111
1370356
6612068
136438
137064
2443511
134776
118103
789521
80584
69379
363170
330495
125253
99614
575599
309132
49682
5127225
300645
86705
501451
7956866
71563
74116
162157
162438
319021
299134
2277080
134379
69230
31937
281468
8294332
129559
2725533
7697912
160267
140949
74922
174491
323821
62992
363874
426739
99424
1128530
160012
129568
173513
6930970
92590
407086
171923
132927
103514
298850
1736900
3378773
143841
84473
37263
959596
110193
143865
143064
230676
360239
81770
130208
53632
2545484
113746
51152
302509
164789
5532776
352534
65913
297170
33341
392512
455191
158520
219907
7693856
123818
36679
47344
148278
129043
4361171
3828212
84409
652744
1000083
45697
50709
185869
171567
71631
139362
1454336
32042447
42655
102418
220815
150850
77121
179918
567915
46230
305449
67407
1888709
119382
148854
6751013
676895
128167
118364
1951521
1517131
101955
557177
3517960
242734
6031033
158946
609280
1101841
164417
66706
425499
58047
306830
1969454
146566
93899
1307384
110424
83685
293595
2544097
319631
90664
143513
112541
129671
65062
249023
390987
710196
507797
82009
311341
146627
97348
2090810
49359947
81256
1070586
102636
131891
356924
89018
82675
9646746
94750
100034
122312
221845
174945
415086
63894
2220038
64951
58986
208196
74687
149850
104928
231159
96457
469770
83085
83550
288988
96955
125784
146103
276417
38593
4021445
93724
144983
129782
323210
4813033
129372
158860
202326
208001
205074
4970867
178818
127070
80430
34265
197678
133921
116859
1045998
75107
70400
112908
65790
188663
59950
100393
819052
424697
60964
329372
1512571
318230
4885968
65439
157322
165238
644297
220809
271344
41352
325934
1538089
915562
217519
930913
194064
159139
2688624
130040
238592
53075
235102
211857
120337
113435
48419
851752
109940
55513
2075504
186737
5121999
84163
11841931
434237
63183
80186
266500
696742
80083
85069
46493
292395
203843
5891532
76310
174314
980530
118293
210098
60269
1676547
101476
1689779
99923
65593
170470
78258
121335
646684
129661
203124
180959
2263901
1399188
299247
71847
244669
2926914
35902
118468
89643
67792
72658
506148
155638
583879
36708
161505
866659
315012
114759
324432
174632
122469
172751
445378
209603
210495
106547
4879417
132918
122209
1505213
45821
334344
299276
74339
49691
344933
1573482
262746
97171
84088
8740147
44929
33008
179924
288985
215675
83473
48386
250561
219782
316030
69888
314690
72805
87126
103490
156412
1185829
96570
151986
78954
1374299
2722521
317953
210172
118792
408600
389527
47535
328405
2672736
1678536
169419
584067
129266
7675923
50262
50507
59716
2414757
97230
1568401
59859
151588
242622
850006
315465
1225527
187344
44094
172077
374165
57435
77127
72143
1373159
143264
138931
48805
928167
125612
1365816
120910
130413
175571
4976360
366227
165219
151794
90481
355019
94037
67320
111892
446916
176586
197800
76287
281324
219674
582068
307383
92664
4324628
416337
379024
55640
143300
12308575
4168149
165236
112451
1286135
143350
58328
169335
200531
112116
39636
537204
1320733
255325
295055
209670
89877
116012
62377
317524
232925
222290
188620
8767238
81128
124902
108415
146276
96419
109560
152284
127676
92777
388282
53285
61286
67449
270661
1043785
747256
59273
224490
4305290
79941
9597362
166903
111998
1424553
92692
88651
1092028
126172
113992
222539
143383
57266
91408
177672
821934
368390
144355
72418
113004
58529
42829243
108708
614165
1448997
108923
63271
115362
239171
45034
111944
423425
2335272
702702
381302
99700
123123
125200
10142545
412173
111830
103414
205869
224377
42170
193542
79334
1190801
93724
38636
40601
43121
228629
84292
1178935
164387
126771
150114
321239
67513
1975069
109942
852478
52369
111244
17101809
295787
243217
14618650
1133531
100521
274551
105375
149013
219304
136676
519006
115150
77124
47713
233535
8361376
70311
126400
73866
199673
118561
320742
99739
124741
83180
93401
3145883
256169
186015
245509
51442
5456803
97366
93566
68800
170603
188808
141014
1539374
70162
307789
56185
324959
105623
285402
1783257
11925664
66994
43874
932914
29201
314447
325428
377266
144987
144769
1193162
90851
23183183
55647
849002
65214
22643904
159835
196316
1469208
47098
78277
6404824
202626
350468
59785
145321
307240
5088308
2221819
56319
536716
350081
154660
105181
66004
163472
2234966
2268646
53673
526616
110460
42687
164346
135612
2034500
1025984
4551345
83517
514485
470174
3384151
491081
306748
183073
50068
52581
8066876
2442378
581489
125840
130031
337782
3075471
45156
32702
59032
1002733
971591
93773
86782
66784
161914
81095
124784
76918
71804
4012857
125942
60420
2775930
180159
58294
319817
297653
53054
88624
7156441
653813
60195
61129
4765870
99199
73161
141162
81321
11869733
162362
61268
135305
4872692
169744
85577
87396
995550
124764
126878
130503
122019
1089292
225201
156034
386584
573378
3787929
68013
154079
907732
256819
389401
5969054
3982419
136240
153432
189336
1318780
9037342
120854
1859321
406053
100634
190724
59895
4643155
72423
1869512
135052
58103
1751228
3498866
241401
2973069
43983
47497
116269
359404
3358795
94302
90963
196488
48495
13962092
137154
572997
252505
18284692
62072
126262
52622
285577
387448
154675
105041
1804226
225738
3179231
147884
940167
44794
63764
71400
111849
141662
124039
186562
183951
794902
861388
76860
1502640
215712
728601
64690
187799
150604
229251
410404
111692
133332
97848
7825341
144657
113344
202090
98064
108629
242810
324452
67600
1565211
229241
52320
686698
84743
2673394
81471
141569
56533
251148
258447
152937
270674
130192
172172
114400
117529
97784
201878
89376
297183
253175
2808014
467681
300550
59172
507519
893797
113112
147686
125533
225137
91598
6162481
330839
171875
168516
39005
58218
876509
68783
37313
100366
52019
94866
5019936
29607308
116776
248483
122472
1328997
286374
121160
120006
70473
47814
152250
4543286
918764
305601
106992
206453
86276
69253
93411
5739247
136116
140040
292555
222344
254627
115411
116556
84086
737824
257716
19870486
680959
3623103
405830
62105
143241
71375
334665
122811
108255
884223
78627
259796
44695
139352
180675
312393
5289664
2188655
37141
125941
499638
243885
117944
116665
79515
125093
2617704
87884
103408
264393
1051937
111725
174190
55485
743838
140890
68973
115557
72552
70847
73657
77814
1589610
56295
125505
395030
355331
164903
78650
96968
171877
21375939
882502
240090
6442666
123126
51631
2520633
114841
1165278
759076
48649
270695
78664
159120
323376
372944
112230
2411496
275833
63701
68659
30829805
5906123
59379
78038
139876
244277
204824
44964
420637
102400
175359
154456
161667
1605024
190312
216357
75766
78366
47779
1603086
54121
48466
71446
35232
968484
69788
41777
2563584
6942513
114534
118020
1899886
2464744
329993
18203494
137823
206202
108989
7223796
176533
65191
198580
97681
55537
65006
57132
324951
84252
116956
146557
537430
150667
123001
71322
68536
68502
130915
74192
1489517
227773
60151
901118
224844
145557
62129
47984
43444
233913
3052508
511971
180385
105779
140136
154740
159127
308929
103768
61624
389713
37217
44767
95543
6574885
72947
14449747
160823
11289659
169178
164710
182643
51174
480704
1268411
947078
60668
237746
823747
63097
64912
4493084
137516
245253
5274498
106390
112137
37177
48056
629366
167238
145977
52946
336118
228389
8771725
360863
183618
63187
159220
5250622
107881
125231
249753
832435
30692
51503
148585
3711469
1784769
71578
433159
610291
246126
182927
1610065
115034
791000
588291
606793
10895475
58909
1629524
499066
9549921
117326
80382
373441
67493
780008
76916
2684042
149261
56690
230963
1090298
485977
798963
52305
162968
64287
3419367
4539680
177845
266468
499912
137553
220723
62759
104732
38562
80194
191627
115145
1006801
663160
80101
80065
257084
134930
118892
629692
258046
127759
39435
61036
85932
10129395
119465
118727
364001
67067
456577
128236
79095
137759
135912
13175823
766810
69528
88668
290711
1524093
149463
101327
304918
272972
144303
150781
57112
2312687
178839
90722
360207
264961
2145680
1277543
213136
1891354
954616
239425
1308823
53642
85388
64980
58635
1701591
372735
126350
245838
376200
40451
60497
67426
411127
232915
174402
147331
302579
475834
134241
158985
69473
278012
544692
73458
42433
357431
515241
11132590
71848126
657138
561304
621642
56265
100135
35370
110353
109840
149651
93936
116862
271740
66724
129236
5041409
79874
141663
43971
233698
610955
134926
33173
113462
175990
103998
65585
160353
217469
101146
95746
60094
280226
258071
98380
371876
406341
310167
64015
145007
96788
602224
918084
1703270
1525961
72411
436085
98735
64556
72831
167524
159026
74981
4589183
889909
83337
3203567
984333
4895537
117148
1526662
120678
95885759
774080
6572152
166323
85650
41032
73264
319164
194498
270752
68080
92845
215390
1640029
54696
51655
3986833
1564860
42958
181265
3011204
71537
41802
94034
119450
1164128
1931118
3953960
3146607
428250
282959
144762
56171
73363
120660
184623
120719
83506
45517
716972
69965
8632734
216298
2003330
486394
152653
303160
76052
445051
72124
52854
56568
99737
103611
303935
42145
180336
3410762
228968
616671
77243
65895
197082
36901
96357
1204126
108318
220235
406219
115059
82180
123698
4146039
140452
126514
242692
199173
8293963
147786
818952
125085
1984149
322875
106396
477233
58694
5161760
56759
431032
674302
885765
132275
77324
2321549
93056
191248
217280
423394
376092
9962388
62954
372561
1258255
74694
58545
962753
18560281
272651
120592
82539
18525747
48688
436259
17627499
55206
2127440
298900
87413
181425
71152
173649
381165
131000
37192
232279
163078
166098
7225572
74372
59766
105454
76876
219727
64252
992487
1324209
235810
141540
126792
101462
49882
2488138
115966
145774
5795574
214775
425683
353345
441524
51522
2113226
1273191
97853
71502
214450
47694
29826
4827660
80468
80606
143268
227281
486240
52311
136415
85684
81243
164000
47969
6582188
78557
2047241
127973
318246
1958597
97674
162362
88985
60798
225710
62681
67171
302372
441094
305501
183435
82108
255355
86395
46628
97156
85968
122637
295870
8108053
70457
151163
44367
107589
176363
86779
320841
233239
3518411
223509
221986
55414
63685
86981
7790975
322924
118466
874789
681218
1359946
212187
14930148
190723
142234
104253
57256
258607
107614
116293
242788
125667
107754
74038
3190520
143278
45590
74430
79180
82685
915641
1558785
44468
312384
1993979
144954
49327
182614
213318
436467
2454408
204910
47894
3507501
1188148
283485
88528
298252
133461976
217114
62453
49401
56142
515211
51411
124131
1848983
118897
141529
3431027
63355965
107432
89739
51143
333333
172407
140243
47157
212597
82193
118780
47181
6184443
11980555
126344
106550
1232745
195898
413197
242051
29144
111057
16532647
93097
98474
56811
76853
319849
410572
110093
77539
171635
89074
316813
82418
621647
221347
152058
1241922
397028
128559
85623
89790
2011423
91526
64253
931263
83941
557436
100275
55997
608269
135959
231375
73720
532997
114235
1678970
1607254
65823
1204001
139808
56979
595034
1081143
58321
55597
59626
6383520
1004615
516013
9499039
41801
201154
112224
4554715
44393
59520
385848
153077
89742
45726
1959668
63058
781770
224087
40385
1102896
830716
202903
181195
1082870
1658014
186920
227652
177166
180924
110972
162217
96370
70952
35382
157983
161380
153376
125971
103420
59336
1743453
71932
62154
784612
273014
962877
36733
184103
2304323
200997
98660
169168
264864
148299
212766
203275
219692
99185
103466
2794532
111745
177771
242822
4485845
393685
67404
82235
360372
174117
56498
393742
238618
74905
75792
79785
93851
372137
46485
1201857
425427
98651
294400
2798664
609657
127110
79061
174528
114966
138199
197236
44289
90533
35643
201217
6773151
227745
89432
105985
89311
699452
72059
174838
372537
290812
680993
74465
1326152
493885
48009
3725108
90408
1840503
4545453
849322
184327
71812
445844
66115
92667
188167
493289
91919
844058
336507
273314
405479
67375
52839
135200
188663
124933
738595
321734
1372003
6553354
40648
101254
69487
105343
86698
4392271
36004
115471
96817
69253
43899
52690
2404118
155945
1090195
219996
78260
42876
178738
3047527
38281
184347
537565
1575033
1674103
41400
81348
557385
5802890
105117
125181
73004
244414
284905
162992
344691
72069
221696
174833
109844
1026105
19839234
58905
4410073
205420
212044
149294
2494916
3457241
115353
1490602
196487
521504
326072
582917
136875
528917
113110
234200
101840
67723
46596
115781
90561
2538771
344090
126145
73709
235871
270183
87235
432868
394168
286058
51571
59516
663174
1003926
55858
186663
1984352
67360
120479
2643689
118508
89154
211965
2886237
392763
120886
13615615
77181
60126
101891
51919
156775
1020780
1545903
607147
172552
493163
88089
211642
95699
484572
450025
1044537
1958425
129625
65016
210139
1548160
230185
220289
1432051
300026
719481
162311
239878
123612
64781
463152
1001306
317133
70187
5384312
864389
713166
119150
287105
2458364
1735101
86507
2786911
259040
54588
55601
83786
131667
60311
2174757
182534
62601
191617
150769
96942
78095
1456945
1276366
7273940
315496
92662
4128230
2400663
97064
4412432
133660
216702
98508
2218063
145116
469361
77402
91538
511024
111090
13742784
383759
118426
3650466
90695
47175
12939806
90752
2498695
117108
674464
1893300
146739
1117183
125533
72455
3458463
98686
149040
90033
128232
513153
51247
272733
164865
235644
122068
83565
331458
454221
85020
316486
120987
252471
100557
2108833
47727
83372
234742
52340
186286
96220
432178
101023
143044
67941
716535
10061332
110361
123567
826310
155765
71277
145965
72086
316502
317806
86349
2132750
387638
2266287
158674
156755
101223
53726
1297872
196584
3696952
1825494
294200
3222793
82571
10466291
105029
52844
42324
88038
491777
70372
3008710
247187
54788
947761
70999
62490
138223
107147
238888
299057
1024925
190470
4134235
5710551
106213
169740
89079
12956083
18163161
231243
67184
142639
51026
629379
4634679
61787
226431
96854
447561
321477
129360
198682
146693
674251
688768
809499
39678
635775
5938769
413791
89778
55365
156251
137349
36283
35285
253814
134227
706754
82521
219149
71310
1153091
316587
300764
166978
233216
182447
53418
618211
171707
62508
205848
637216
95682
80965
180870
180223
160918
158788
180085
1554881
198303
234096
160909
66357
3662512
1516543
714839
755315
141417
61890
3119106
73610
417251
82153
62723
42780
9736786
67835
330821
63761
161500
52078
128343
1296994
301058
1772633
163655
348099
1349423
157863
48546
325163
68920
494272
1721287
33662
103528
61974
167377
164289
155749
81877
163874
55663
9876967
53222
583392
134779
93199
4042124
3257442
98073
132119
12538960
445344
11874810
358979
922095
40407
147262
68367
1288276
160097
63336
588942
1644608
66768
142708
90967
50487
227275
372446
179009
106980
30887
886380
78647
36915
132182
193026
102792
346281
408039
1744078
122395
78654
7518295
263904
149585
514835
421827
82987
2014499
65681
1118424
55132
2233461
114151
202497
480818
54788
121845
7190336
55977
61419
282058
144367
2094747
63726
4345437
111269
550446
79700
538712
3982810
64068
125621
1853377
390439
463917
4390175
46208
75677
61299
78474
2524577
5262232
205284
260128
66465
180428
182205
187444
3578161
6392910
33379
399526
91143
280940
117807
55171
68047
81736
281761
14039892
41755
89314
731017
46048
2623220
164587
93033
71260
475710
65093
273987
117042
503399
146938
137908
6251236
63328
130175
74197
212195
272161
130086
83145
3290180
66703
1351172
4009530
89267
230906
184878
5379741
269634
555417
159143
276464
83869
51935
216464
131613
45634
188489
90233
167084
117528
80438
86869
521425
68090
58773
999387
1181787
180554
251286
86279
114446397
414789
299635
176979
203352
16170377
77279
219727
84838
141302
46068
152809
1578399
104864
231553
555894
238165
1359981
1103296
147084
442840
94181
3482810
77754
92414
1976602
2576116
151284
81183
117395
542902
49800
254669
110543
746624
174528
3409475
713029
139152
19609474
213828
1263008
64691
734954
150467
413823
151370
75683
100626
182739
38383
119221
3973746
481827
90859
163706
590549
128919
211040
877531
925210
850796
571685
183949
89680
151053
103500
82404
148733
45336
4448748
88807
113304
5011619
58280
245863
87876
133735
254242
245211
320273
7433088
97831
1160700
118844
198773
116281
10893099
82951
180926
2679002
774211
134284
64112
2533752
176237
141754
102540
4108713
118347
109844
56768
127915
1140860
79018
61874
177898
274765
54205
83519
125663
175901
1228838
810528
332339
1050138
216770
88547
196851
111056
138891
2915419
122772
60212
33941567
134643
565355
1916670
75804
59674
60751
100957
117439
117764
307477
15084647
614018
61482
67078
143445
69314
51338
227968
39135
366441
428713
79031
176638
118469
51459
275972
237994
114118
83584
67879
333976
162058
1610478
151585
1752495
7878494
220110
105223
343400
1669388
207818
366169
698001
652091
48491
302203
154159
179391
247437
2171047
315419
63920
1718398
4777841
106305
3822261
250935
3001979
359123
650251
906785
57154
371735
2963249
53241
102902
126130
2002771
403263
171295
361851
162156
305947
55431
1203495
702558
93063
3510560
60324
79945
585756
190538
124976
73158
187766
51677
109549
2393540
2253692
4698203
125712
88905
4300533
197268
214006
192999
2117383
156408
50632
92045
75528
7701258
180739
149583
535797
345920
103555
86365
613612
253903
207086
189757
3020104
123608
195996
95382
1038447
72698
291387
600132
562462
195875
65671
54469
60866
251443
371047
250502
430963
102426
3608591
1607801
641051
2362279
176863
146412
1218300
234878
170187
739187
896399
82845
62651
136536
184446
138067
84805
87044
212786
129290
202262
2898941
59212
82196
426864
52981
218450
71257
200223
222139
1370714
1274051
138656
201124
124880
118767
67446
175545
207854
271837
153850
229913
2587224
233239
1281996
423464
86258
294954
188869
107291
7918353
6146020
866094
53551
93965
173564
250226
456118
392889
52352
226738
43342
110583
141295
611688
353052
1105951
84137
219480
70114
1286180
115212
61538
33470
582908
101394
1456795
69294
118885
34883
122345
211739
41147
72810
1232095
44253
490195
86519
977763
128527
952008
3027418
2880174
65094
155166
3382536
2593024
640919
2584444
50889
111602
1988064
119025
90345
382173
175302
820714
78226
122553
110486
1475700
315131
164849
176071
49837
61811
141622
319056
100163
46063
47453
86952
137552
1218790
14201604
233699
181404
1387430
79027
393940
791532
116663
270810
929684
204206
300090
64215
2024421
457553
5096827
2040323
1424665
690794
82916
135709
40626
158824
155828
12567907
396155
112382
114959
83538
115303
122562
119379
176506
138299
102625
50186
58639
146594
119458
1700802
88016
102776
229582
318856
7675393
276281
47697
1182027
123868
153769
80649
77176
284840
108451
42035
64556
789605
99982
2298663
155161
346518
113670
110416
49885
7488276
809238
343299
326940
55800
56636
95397
52638
512224
111399
593200
154320
110684
83330
76877
124885
673753
5841501
68805
1692809
193073
91448
40130
208675
4219368
1914362
175736
97319
53132
238426
1612471
192324
135075
83078
154849
468234
174000
5276468
156324
118791
237822
74469
216776
420614
197269
338601
454778
1172661
86692
134038
1284973
1832512
176062
60450
2150722
146828
983426
324126
296891
39959
108307
998700
282601
1516679
125036
287278
69278
155509
8843722
478862
631844
9196214
444322
47573
142683
73966
75020
76506
206106
84460
1548551
87602
648825379
41311
285462
628911
343718
10650584
165481
926363
153526
152327
91216
246176
57859
463881
1243282
45271
2275993
80441
541928
181059
7623387
173386
3635602
611962
190424
231628
3153352
5052357
75369
70619
1696538
231113
93353
59927
241853
47976
354270
550515
1473714
717600
4834652
61824
1523207
9986845
238156
3960867
454178
59087
14194494
134827
4853222
2376495
173608
73928
476292
190942
120217
1219437
410939
229879
730538
151032
265250
586512
455502
71654
2207381
91041
142089
46077
463270
1820757
65515
58483
61873
7181143
292250
573864
305553
16520516
95634
182843
70124
806602
1851569
61743
370577
182816
334131
121700
3844760
56905
211097
336738
176969
272273
2125950
179530
118219
263369
65198
234434
464938
73623
223471
112832
381562
3800589
433293
284949
26129
334819
51131
200127
118529
139544
335052
212946
103417
2852410
1934495
324068
193903
239908
459933
126445
597018
73043
3274865
12605254
123607
3999433
105006
78742
49964
55702
231743
124565
216169
68242
122058
3306391
227778
57485
85475
296859
109007
205688
41845
1977753
93938
224198
48505
247091
111609
190664
146594
637699
75658
280869
115857
557921
1554805
249184
4423671
2926473
115127
302299
1618547
1490424
499226
568804
129953
5046722
51113
1528289
182382
189242
256487
87120
125922
133699
16780831
2216278
48899
5869913
246079
57927
47866
241290
52602
1245546
49793
50891
273507
618887
117271
99978
1617261
209588
5326854
142437
77999
653041
66145
2436484
78860
120331
58651
56421
337799
1789179
51713
125364
111417
42270
127721
931497
14325587
172020
106582
394246
91388
393083
56628
118929
209086
111019
197665
13132054
331856
257802
63697
91120
389531
115593
98228
114455
4953883
68575
175316
663170
93392
2485133
254139
111463
245283
44359
540047
12871566
201843
73082
113348
176088
228432
352485
145265
60025
90975
281614
114722
222423
201326
132491
150543
72174
141630
90259
55928
66166
199124
67509
216126
95110
139005
172934
412531
16246757
76346
197176
522185
104785
70558
52721
10430027
698656
1846452
151497
187059
62614
129385
345856
160332
138416
136058
5913925
277669
58411
106014
46982
255273
380063
260271
198274
74953
71737
7645718
94905
726166
2025536
52028
44545
195796
175646
167086
1434580
68910
554398
98492
809131
72671
215904
150271
7571188
121253
214129
5532118
91806
1316176
379858
311378
1302994
7686876
64422
123605
69219
4159200
95054
1902422
1659008
2729237
10444713
69233
149459
829073
251573
47060
133570
69990
18530002
195120
96124
154330
35546
1147740
107564
88095
158319
89920
168321
1541153
65679
100641
114062
94122
3391463
1018494
294617
138914
85782
745008
107239
53849
265774
88091
138726
1322733
759403
82302
109385
3525911
100920
114298
146108
81010
90083
54506
86372
132230
1630951
582867
55696
1049109
582477
70707
63912
135392
154350
123899
309157
637542
52419
160328
133652
125179
390710
123742
91664
1375061
992779
64584
115049
9035557
1051583
530864
220108
410932
117913
232401
65839
64539
141895
369438
105434
1041162
224842
294084
499185
118275
18575348
1306137
348364
116229
73859
60710
1204417
9843603
136077
78162
6182492
72903
113356
55442
79772
113072
82912
76841
208373
54041
124977
83774
114927
2042645
65911
45094
369465
1315377
195106
263901
131585
747756
264743
144083
105887
154983
90144
187708
674628
213421
246359
244567
230537
144738
1362786
85739
863150
580538
151419
107449
86612
180566
900136
67304
566641
74595
74318
189265
260864
200673
130228
409657
122095
582648
131504
197755
124984
2695554
72982
379345
4574618
188951
76705
209895
3470211
82308
689303
331899
142497
142694
95206
67555
297544
159148
282425
74131
125971
107998
154648
286222
200173
113230
85044
397911
153807
88299
143566
85976
247419
104987
179611
85559
336826
1309463
1163359
122125
54581
308843
2575496
54933
111528
315722
311249
405562
114748
138821
246252
317081
94558
473500
119598
199220
106870
61101
79463
452051
152066
154270
80206
872896
65576
11119877
108144
2320371
1315118
136827
1364737
87023
118462
128151
89444
52847
2382606
93430
78553
61279
76215
1777829
441862
344916
104991
101700
1707144
125602
328993
121995
262830
108516
83726
57128
43345
92498
181277
52710
7971661
228226
236501
736949
257754
111473
194322
178440
3702377
249229
95120
244648
206932
346266
2311070
39657
90569
1235129
1285797
319481
245860
270816
321905
79543
51522
45485
42724
121421
479552
122685
3740134
159777
3209040
346564
256225
67991
411192
849093
5668322
123362
60979
146355
787869
151603
50078
130038
272973
421355
87111
162479
87809
869568
101613
69591
8750397
97825
322994
140667
5387947
260296
5992003
5676006
48959
246125
109097
63419
86714
66989
62873
140150
445237
74225
1908298
337942
86229
122314
79338
51553
177828
442407
147713
44329
345480
130109
147857
601532
53640
126177
198433
325752
609831
204154
76011
65302
343339
76739
101576
143002
8253404
158893
1288812
353448
90276
93377
63853
188864
221556
73885
4657090
171653
861388
81591
2427512
94386
1748514
239938
461376
282241
2233604
258998
298394
6569664
69638
239394
3416077
251284
85673
973306
53094
75320
1075057
164825
539663
44815
36026
1523104
180438
774339
350809
238446
950399
3037571
207526
184097
250450
1104324
109594
60839
209980
220246
158346
181911
100973
1631530
46704
271446
14077820
76427
85110
198553
376517
456926
155650
86820
108881
16996506
2704938
427634
5610897
5661521
69449
167228
3640283
24318228
1984735
1465927
154856
49544
178903
80915
4822473
55753
51812
76628
582447
106970
1540521
241496
71153
51184
60771
402519
43545
284799
168965
76413
428962
315213
707288
124780
342374
350665
218449
53999
362738
87711
1019386
110255
41551
815075
93112
339948
215879
112883
687088
64185
277234
128508
1047302
70540
229018
385502
92617
95562
148592
2177316
84817
154124
38438
77547
57454
8868720
133329
189775
119839
77923
91594
81986
561991
185880
162673
33082
424332
164370
135764
13842823
213380
48079
49237
108508
90962
131318
2675044
42579
199275
156950
77310
41221
128547
141097
9884572
339943
124586
4697224
112116
98878
390415
86165
63210
46571
49622
587523
425624
113221
48758
139848
1782514
111690
67237
7855256
3116919
122227
44210
131843
1520782
81372
73878
1408330
673785
116693
441117
71597
70153308
3995812
47841
124190
50977
105405
1779887
390875
3323881
195772
249233
136973
1382329
4919883
490556
75195
74838
76247
1815745
51596
1086486
2095217
339398
184872
1051098
102081
942485
112183
397247
182870
99953
652191
89063
99890
131909
62167
8591319
55730
115624
2215440
213223
117224
65362
187362
86813
82900
50477
365048
59104
64067
1343685
109104
71339
2435689
147820
248696
90318
59199
356375
78566
55830
140104
334846
201302
59087
108461
2406708
191056
67955
7405763
1173367
167869
93919
126799
178756
188733
230816
47574
315630
71746
71957
300300
66790
67960
49819
2443550
410057
102230
52139
1414092
2058939
110232
260301
8398716
3971417
81608
2965523
152675
39667
99335
21621447
66200
153610
7464843
874929
752335
3374624
77336
187012
1630956
193892
504824
8893830
147051
49095
173312
234584
101312
3576063
195342
194844
82716
1353074
522356
318297
318203
418556
422463
100018
55322
90864
247628
120958
75093
337613
90890
95918
234194
61105
159370
4108325
41108
84532
186293
186428
101748
75829
136225
2118898
1927891
60276
95437
1779916
71562
61231
105522
240762
273353
81861
216705
140251
66007
23294754
198715
86597
2065486
677367
229155
433307
3415849
110578
2198397
83851
3009530
192179
6823885
624507
43211
1680718
354907
531890
47543
128394
16614370
13191217
320473
4000427
42803
308410
107535
75571
74572
359185
65246
1019954
133773
218069
2100581
136381
159207
136400
125972
107542
584786
162814
44534
114247
1127756
99593
829120
369692
164826
153784
81334
170129
97130
248792
66069
179900
86422
516878
2158249
117676
134898
128521
84197
36130
234071
114172
101297
478297
60321
567642
90759
210543
109976
842242
1725838
174336
193506
504182
82115
58999
102734
80234
59139
1670305
57956
113415
115230
2562771
97545
95721
309371
259354
119029
6506510
81853
54091
69583
1008452
221373
51040
3410573
410953
198051
168122
50508
354247
143897
86182
337791
94423
98189
250211
486098
1243889
383067
42446620
409794
144043
84450
1859715
8906638
580513
218616
216434
1568651
8739961
97107
9440202
83265
273379
145008
146545
90233
97897
1507769
173915
182015
1881723
6696000
1794596
204214
106307
119752
155563
204315
149506
54299
202050
1044761
46526
147333
228052
315716
63403
782049
180148
75119
45326
1022850
31202
441658
1835385
110445
64993
157701
173308
124491
52962
132969
68622
237675
1920461
111288
136438
108233
5342593
211886
42024
136872
46067
760092
68967
123087
888280
3764145
365780
1947458
109000
75760
167781
5671625
111537
92791
518193
33068111
585037
404114
131653
7159073
58156
874941
55638
102989
84821
102603
805960
89425
120908
1004735
169020
7313227
90357
75765
101196
130597
139442
88104
63021
105041
335896
120781
44024
520460
105326
45716
267058
131255
93820
410572
67480
105666
168993
88783
66230
1056217
106840
311502
185131
60749
123562
4715599
269786
44594
68991
1559371
291894
3351816
105491
201275
242297
179081
32268
9413610
49021
64120
60035
203851
102245
100508
1252632
17591850
74110
73956
66872
109198
261918
177969
141305
108661
169180
65346
1891317
276132
1691090
497740
466198
71341
13076786
133166
191020
223301
186322
1099373
84042
2826759
2228747
444216
816692
70246
81442
45968
98733
123186
186942
1712400
247853
82990
362490
115959
64448
389167
280058
87207
8768504
160826
169372
611011
551027
100903
34676
10095115
854040
1112195
89476
1355281
162743
1551498
881185
605293
97168
80183
340949
57742
648064
58485
49765
