1747
3124
959
679
1795
4218
225
2909
1073
3689
2166
866
1591
4061
2157
7790
3407
1726
3641
20716
3192
4336
891
5369
2715
6860
16202
22894
1081
2859
6245
659
859
486
3102
2995
5566
1034
1777
962
668
5193
1494
1076
3909
950
1459
3300
710
4011
2924
1118
986
1349
4695
1268
2667
881
1643
1298
6644
1005
467
3038
2185
1454
1380
3152
1778
2091
851
3771
1426
12023
1912
647
13691
1252
2229
4693
4122
978
1678
1192
2760
2418
23534
1489
3417
1980
791
609
2649
2859
1866
2360
3955
606
3651
2892
11268
574
4883
2694
5646
1991
2999
1048
1448
2809
1804
3760
1010
8180
1079
5313
719
1967
705
2504
11171
3575
4232
1579
8235
1458
17241
2790
804
5765
2264
992
5010
1181
6244
4768
3725
2876
912
2587
2373
2388
3318
1360
1552
3247
2152
1020
1808
53378
1282
661
3350
640
1772
1393
1005
1368
5686
3053
2093
3250
1032
1671
516
1790
2974
25312
5938
1959
3083
1373
1869
1567
2337
1096
356
5670
13027
529
2041
3045
2186
10322
1335
2398
2535
8403
4593
1675
9861
1872
3629
7483
7828
295
3668
2190
1003
599
1093
773
3211
690433
853
1668
610
1312
1183
667
7997
1733
529
5191
1018
4167
3642
5770
1569
2387
2418
2568
4001
1423
589
3109
1188
1928
15136
1412
872
1197
3042
2159
2050
1793
2736
8068
1243
687
4604
628
4899
906
1881
8847
387
4779
772
1051
481
3523
3597
3289
864
506
1382
1805
7583
1218
4745
2129
2540
417
1235
9769
1448
1681
27850
2203
826
887
1251
882
2899
1940
3827
2179
2354
2573
942
694
7088
6064
2346
4459
906
2009
1397
3813
6201
3554
3020
1336
2577
1634
2553
2331
2524
3888
928
2173
9785
1135
1743
2479
5146
1501
2034
632
2315
5435
3963
1850
2638
6882
6322
2916
3703
755
2570
921
16815
1284
1416
2089
1321
4543
561
1484
1936
816
1126
1400
2050
1569
11380
13252
2565
3600
854
706
936
2198
9834
1678
1189
967
2766
2481
1410
1665
1041
35028
473
9447
2036
977
2682
6365
752
4843
262
2289
1630
1050
1108
4573
4435
4384
4183
1607
3091
980
1607
1951
9526
2917
935
1835
5754
4071
4890
2759
3180
4319
718
4747
2958
1305
2242
5218
7050
660
2082
1388
2688
4920
2296
1239
3337
5064
1904
1176
461
1870
2271
1701
3062
1692
3535
829
2689
619
3444
4590
3984
5206
5129
4298
1511
1592
1974
1218
3651
1440
1182
2170
704
1403
2665
1589
2147
1827
1036
1142
979
1097
876
4333
2154
1891
1517
23165
2691
507
1884
5752
1320
3295
3062
6228
6390
6679
2482
2235
543
3528
3009
915
1485
2689
18486
2669
1871
1981
1543
614
722
1733
1658
2046
1191
10929
1220
783
6368
1732
15188
5029
6743
9580
3673
14302
7598
5695
7022
3412
9150
1366
12859
2724
661
2199
5177
4832
5615
3686
3303
1087
1819
2194
12838
1132
6814
5433
1057
4096
2619
3662
1887
1803
1017
2140
1575
2624
7897
2841
902
4552
816
2663
1367
1078
2488
8056
1367
1549
8155
2574
7602
2255
1443
1908
1468
413
8498
4425
827
409
7312
1009
1980
787
1398
2906
4667
2799
1479
2092
6416
3253
1264
3294
1897
7029
2555
974
3910
2420
1064
24971
1200
503
11000
3821
1190
3394
4913
1614
2664
1203
7644
725
4123
2045
6636
2373
1740
3451
1538
4684
2281
2848
2857
528
2229
1226
2531
4743
639
1283
1036
901
1525
5894
615
1530
1679
1737
1962
4522
4247
1976
859
2662
2179
1289
949
4562
1242
846
3071
3554
367
6076
7383
4754
1220
1551
6919
451
4419
3329
628
3354
1325
847
1051
1243
1420
12760
935
736
1359
1204
13487
4966
543
1000
6527
2181
4787
2723
4984
2295
3330
4515
1268
3257
486
1223
3859
2070
2283
943
1300
612
2582
4605
5763
1609
6803
2213
660
5401
4280
4010
1762
1602
1810
1984
5297
1073
3624
2572
2055
21040
4794
623
10129
2060
1392
634
11119
1783
3262
1543
5416
6833
2543
920
2296
3931
2392
574
980
404
3583
1953
5273
444
1759
2884
2438
1822
13948
2912
2796
3979
3152
4976
1409
2961
2468
20467
2050
2290
2371
3136
3126
1350
1096
616
658
3690
3198
2348
3536
2306
9608
1330
915
5080
1532
446
904
622
3310
29741
877
9669
5173
6385
1321
2469
13258
10788
931
1030
2816
6759
418
4133
3639
2849
1191
2591
2167
8035
665
1950
1055
1263
2841
2407
7945
1034
423
613
2945
769
1637
1165
2146
253
1062
5590
826
19681
20333
1472
2063
1512
4136
1040
1940
3769
3262
402
546
855
335
5557
544
1538
2416
1221
2055
2076
8624
1805
512
922
10970
3029
2745
4608
3509
2389
1472
3260
612
3687
1546
1943
7369
1054
1379
773
611
856
2590
788
497
2810
610
1315
1638
869
3095
1600
3397
538
3010
4237
2781
748
4343
795
5334
1180
108190
564
2215
1747
783
1068
2228
618
1799
835
6485
1330
959
642
1014
1440
2245
9781
2095
1936
5377
3923
5640
3817
3874
3179
748
3797
1465
3796
1758
3348
3523
786
1094
1980
2462
1931
2392
2838
2466
1277
685
535
2145
2192
1937
712
2134
4895
1455
4276
4722
1317
872
861
1310
3761
5570
4868
2372
1348
2662
4184
2953
1318
1669
3159
953
12182
3102
1402
9721
3841
1450
2813
340
631
1414
1452
5236
3738
505
427
1074
604
2492
1013
2541
4163
3216
2497
5761
1122
1087
1271
3141
1384
561
866
2932
1269
2365
1836
2226
1841
641
4297
950
3072
1031
1420
2086
2007
1521
2280
3920
2975
4065
1823
4208
1741
3176
1224
673
3962
5568
862
1874
6254
2410
3997
3411
3039
4094
1346
4709
1884
1275
7437
5046
3132
1955
1257
837
2188
11990
3368
293
486
1607
870
1573
1939
1062
672
1332
867
1034
1893
14653
5016
1900
1284
1222
1567
863
7438
500
1345
912
826
1250
8528
13987
6662
2533
1183
1822
741
2348
3038
5301
3545
978
2939
1336
3672
1083
24882
10642
824
5019
1486
2797
2225
1900
1378
4997
2660
733
408
2064
779
1975
10935
7686
1194
433
2464
1670
1679
3651
2596
3514
2249
946
6888
5402
896
3205
7463
7468
805
3929
3960
1049
7976
1281
1006
783
1265
943
6890
1186
693
6247
849
797
1985
4882
3339
1702
3745
2525
2646
6676
889
2664
1652
832
1089
745
4106
968
1546
4730
3440
3347
1738
706
353
1735
455
2725
1928
13395
7365
2324
1520
2584
2472
2037
3079
7859
8476
798
2632
444
3576
809
495
1144
1945
3352
2813
1110
2858
260
791
2686
7866
11370
1712
462
7541
1267
1187
2562
7549
1212
2421
2460
626
8476
3618
5537
458
1333
2009
3123
1200
3703
1699
1707
1001
3051
4108
344
6321
7664
1977
4258
9222
2739
4302
1626
6164
2236
3083
831
1560
703
759
17252
3893
2907
1276
1400
483
4050
788
2934
8037
2495
1664
856
3296
42241
3265
759
19657
2336
1530
16901
383
3024
2575
1253
1436
6199
1981
859
1151
2352
621
3793
5489
1881
2625
972
11531
1448
596
3974
1383
5562
2373
4019
2502
1359
1282
2942
655
1688
2822
659
3976
897
834
1463
813
1361
445
3132
1608
1685
1762
1420
10910
1303
469
1888
793
1494
2610
5163
4236
3711
1142
7961
1198
926
1335
862
8692
1053
737
13093
533
6916
3294
5884
1512
2719
4577
3961
1520
1168
2112
1050
5626
943
1190
3185
4644
1515
2560
3534
5800
1401
334
829
376
19956
2614
470
2275
419
2210
1382
2227
914
8629
2615
5179
2677
3546
5923
1828
9546
4975
4718
4861
4800
1867
329
2156
8947
9058
2957
1874
2069
1280
525
1174
24851
727
4591
6209
1763
477
2425
3514
1111
581
2816
15487
1905
1367
1091
3634
5511
2916
1774
1450
4223
2082
11177
4849
3887
2019
288
1761
2982
787
16312
6537
2411
3560
3140
657
544
464
803
332
3237
528
4622
786
7851
1519
1237
794
3676
1102
4998
1805
4128
5028
5260
775
3043
1561
1218
1512
1700
7728
10264
2991
28498
1931
1291
2084
12681
1787
787
560
364
852
815
1973
6327
1397
561
7062
5359
1171
1548
3740
477
4233
2053
2435
660
10435
2682
1764
1877
2240
3219
491
1483
3106
1624
3340
1042
6177
6141
3609
7338
2807
2426
1857
1488
530
3466
4284
1696
3129
479
1812
6968
2742
2834
823
2805
4727
3591
2981
1247
1746
1286
806
8924
2080
5301
1069
4031
5285
876
1338
1951
1121
1758
4821
379
14522
1941
3439
1090
3271
8197
2362
11258
145
1765
1906
761
1104
1286
4190
4972
748
2007
841
2399
1017
3279
1709
783
6285
5600
5570
1760
12872
1237
24794
8483
1154
869
583
1929
3097
2424
842
2300
7806
16202
717
1291
376
4422
30894
2363
590
2533
1067
5465
1785
1251
2174
789
13050
2272
2538
4239
814
1785
572
1513
997
4411
1784
9353
41781
1644
842
1256
4097
275
2318
5642
2163
2083
1781
3761
3188
1502
1673
978
1273
2679
1833
3149
684
7682
3576
884
1828
7593
1290
1643
1157
459
14163
4912
1034
4049
12364
2705
1360
355
5191
599
2074
6168
16152
944
794
6627
1714
1666
4670
37211
595
686
2140
1097
8908
1905
1285
3549
6888
3928
1605
6440
1324
880
977
6814
422
1772
508
615
35886
5099
3991
3447
3824
2747
2090
4105
2538
16008
3034
1065
2262
1809
4444
19964
6404
845
1225
1385
3289
1251
3032
3269
499
1814
2378
3439
2552
12866
3881
3198
472
659
16425
3340
11517
2044
858
1626
5869
2393
5583
1823
17774
1411
6958
815
3171
483
4932
1436
778
697
350
3266
604
3758
2373
1829
1048
720
649
2141
788
2394
9638
2419
1794
2538
4942
842
2729
2090
2633
822
469
431
903
1481
312
745
3776
2578
590
2529
2051
2179
4436
3248
8129
2984
1109
1614
2206
186
1621
2914
755
1416
4669
2039
1598
2685
8811
1542
3959
2978
2330
965
697
2658
11071
1414
1488
710
1052
3001
2463
5175
1081
1480
2232
2529
764
16899
2623
3414
829
1393
1130
1229
1785
1754
2019
519
1929
789
19739
2945
8805
849
1866
2791
2593
2538
17858
1844
1848
2320
3875
2011
2482
10757
1484
2773
1658
3334
285
3169
2914
1805
3549
877
1198
1652
2379
7127
521
5594
361
22739
279
16178
2558
5592
6212
2777
60654
1427
1217
1117
2836
5533
4622
7984
1038
1777
2660
3078
7172
9496
1203
852
2406
1380
999
1141
2293
848
857
1022
3023
5512
1864
1429
743
1363
1126
4467
3754
694
2604
701
19506
3531
4198
2210
3875
1834
696
3014
1970
1587
3127
2378
5423
950
380
1009
3614
665
3345
343
2598
2306
2647
1547
4903
2126
9213
3727
1778
2932
1229
1687
1585
1832
4791
7051
424
1846
3512
1950
3015
2928
518
2374
2687
4891
1923
17477
2341
1193
2808
6289
2710
1939
1274
1089
624
408
778
4674
1238
1369
11539
1171
1296
9846
909
972
896
941
1020
13098
407
784
2090
1687
3708
4752
586
1851
819
233
1241
10543
3579
1117
469
394
2157
864
3200
1905
497
15480
13500
3142
1342
1888
2293
546
6183
3932
1371
4942
3129
1933
1823
6259
1309
1637
3836
2813
4609
1358
1258
1525
1074
5709
6581
915
2253
842
2945
929
1646
1277
1190
1950
1615
421
3941
4225
11952
2361
2512
1123
1441
1690
9189
2990
13284
1618
1399
7505
1002
2788
3405
703
548
533
6642
4363
2871
4234
1201
2444
2157
1826
959
5819
4756
3020
2323
2459
1229
1113
3773
557
3073
1113
2017
2279
2290
1479
454
4104
2493
2392
10644
1704
728
2034
1273
10948
11865
14676
2955
1916
3301
4523
2406
3463
9914
6047
2830
2363
4589
1826
1738
10298
3773
1764
14912
1279
3108
1633
1389
1933
857
2208
1842
3364
1082
3383
11253
3637
1847
1376
1983
2943
2291
3444
4802
2328
3460
1971
4392
3406
1360
1194
1092
2795
3096
624
903
1779
5832
1271
2414
1738
1696
2727
1038
878
1236
4482
1008
2067
964
4704
5412
9431
2713
3225
1723
3969
3980
1174
3203
1503
2111
2186
1468
89338
3089
25491
1616
2911
2112
1307
480
972
2745
1744
1892
5141
988
1995
10268
8134
1617
2873
3034
1769
791
792
3089
2562
1209
2385
872
5738
2531
3549
569
936
1027
1430
957
2449
2097
2224
4138
2479
3355
2463
2474
1923
2220
6896
2970
2297
2023
1514
3062
539
1052
2016
577
1845
3458
3203
5812
1639
2470
955
1436
1382
2186
1625
577
2238
2697
1078
3435
2094
1474
2562
1290
1313
2095
1042
7593
6389
2134
663
2889
2830
4960
1108
6488
812
1124
479
6174
2007
4186
931
3955
17806
1115
648
3696
4631
3014
793
5882
543
3538
8670
3888
5563
1110
1324
1119
1647
8262
1644
17525
1487
935
3162
2447
12472
680
6762
969
2377
2115
1823
980
3359
583
2854
1459
580
2664
2631
695
431
866
3654
393
1885
1561
1234
7617
335
1436
1990
958
1621
4106
1085
977
9767
1102
875
524
734
2643
736
4836
397
4052
2755
2680
3506
1533
14417
5031
7356
4255
565
1232
1136
1371
2463
2063
15622
4361
4079
957
1478
364213
6886
1896
416
90372
219
6920
1007
1712
1379
2729
951
2857
1081
2223
3215
723
3033
5964
3291
1309
1815
1586
5168
379
4619
896
2582
3082
2749
487
864
3330
3985
5770
2179
1624
3407
1335
2062
2534
2563
9188
2610
2277
774
2834
1928
746
930
2422
4895
2535
5356
388
1208
6487
4450
961
2717
9129
1119
1623
5311
1985
3542
2015
4226
2135
2789
5677
1180
366
509
2995
2272
2395
2282
3329
5822
1688
2115
1001
7234
14528
3888
1721
742
1330
482
505
3534
706
10471
3556
1373
1586
602
7535
544
4182
12052
9725
2169
2712
1163
4116
1678
892
4084
6255
5305
15591
1535
2348
536
3917
14012
2591
2001
1575
6752
5773
2547
2369
7537
1626
2070
2349
1693
1713
2008
859
2435
4112
5818
389
337
2954
998
979
7526
3534
262
6680
7080
3263
650
1973
730
17494
2564
560
2471
15261
1778
7081
3151
2995
510
2478
2723
729
1540
3402
983
364
2965
9872
4055
2071
3795
719
931
1735
707
3644
5403
10329
856
1292
1057
688
3084
5590
3687
3634
3354
1996
563
611
2823
2039
6613
3762
1412
2559
1125
7647
2276
3014
4206
3177
6867
841
3515
4629
15471
721
1670
1916
13237
1291
489
1628
1680
2248
3117
2275
849
3795
2597
3552
4450
747
2954
1154
6573
8114
330
4071
1659
1325
2634
1662
903
3422
1188
2013
1682
5325
3810
1111
2160
1371
1090
1456
1260
3725
1457
571
1049
1011
3305
866
3915
4781
1392
4517
663
5055
1482
7653
3895
1183
2810
1662
2335
694
2180
2317
6266
1198
620
2047
2875
3414
2711
937
6101
1742
6377
1411
4930
5532
941
1796
3699
6178
13689
2587
3599
3666
3993
6548
631
1289
1119
2175
4313
2472
788
2693
3032
4888
3450
6524
722
7154
1153
651
2366
1949
5658
5832
2178
6796
1642
1437
1995
3660
975
943
1862
6389
1254
492
3010
5022
1161
1161
1478
1631
2830
1302
3644
2536
1753
3736
2401
8538
4960
885
2509
9608
3387
648
3330
3261
6096
1099
2286
2865
1710
1101
2269
5504
1377
1643
4181
2105
5501
2080
733
1281
2600
3282
4924
1760
1450
2847
1387
11696
1733
2856
771
1122
688
790
2660
12471
1517
1185
2846
414
1731
826
3163
4285
5326
2762
840
944
829
9467
858
722
1564
1137
2315
3820
8143
1178
2718
10231
3289
3962
4839
2564
2149
2628
2812
2175
701
1996
985
1439
767
3898
695
87299
1592
2449
5854
3079
4091
914
3965
1426
2616
851
669
1257
3990
5298
4964
2706
1172
1747
2914
3171
1763
2800
836
6450
1099
1377
4299
1230
1276
929
4280
1465
884
2112
342
3292
1171
413
2482
2505
1952
14920
1522
1553
989
2650
4131
2216
4137
10945
2782
3368
981
388
1361
2253
5157
1042
11328
5173
7862
2671
2265
3182
3250
844
369
4941
866
1771
16125
2086
2437
844
975
5146
5146
1266
4479
1624
2433
4685
105180
859
1872
4295
1549
561
2078
3342
2459
1269
1975
1241
2523
10855
4049
794
3549
5169
7018
9211
11742
1630
2527
782
3245
1425
6671
1665
1352
6417
523
2142
2010
1500
1234
6607
8212
3220
814
2060
1436
1421
1772
1196
13867
10576
1684
1354
21419
1609
4580
4805
2407
1220
181
1050
1440
1502
2197
1099
3553
2147
768
3172
976
6204
1837
1947
267
2500
7186
2809
955
1892
1117
954
1219
592
983
2269
444
7663
2200
6522
3075
9187
2112
2259
509
4521
5540
1833
1226
1258
588
4988
1795
610
2140
10939
2876
1000
3411
3553
1153
2150
2265
2391
29747
1161
3067
1233
7570
548
375
2428
4490
1828
2961
938
991
2118
10132
1439
1727
4077
1432
711
4568
897
3497
1337
29696
10160
2368
35717
636
4424
2337
2756
1704
1086
1707
2347
3363
3471
6428
2371
1564
1274
13296
19681
10237
1988
661
665
4391
2043
2291
839
3262
1231
2030
3871
826
5480
996
5246
1297
1522
4902
2414
4521
2102
1848
312
4604
975
1691
718
579
2769
3052
1200
914
1731
5183
3163
3205
2442
2366
5549
1943
1554
7283
1047
1472
780
1342
2639
2680
1472
3794
3849
2686
10809
808
2097
4797
1511
3808
39235
2416
461
1316
3872
861
925
1553
5782
337
1715
3916
2645
1749
2201
3255
3572
10262
1334
1645
3884
3040
1619
12035
4138
6652
5441
851
2118
1707
1561
1234
5607
4763
3970
3576
1870
749
1103
1471
1671
1977
554
1272
3140
774
2766
2530
1183
3338
924
471
2788
1428
3399
4935
707
1535
2403
2720
1065
1747
4762
1255
308
1918
705
1678
1679
918
2772
1207
3615
2087
14537
3417
1120
4155
1162
1090
657
3431
2257
925
5727
3220
9063
1956
3633
1770
4193
1763
3272
715
5617
2617
4272
2767
7923
355
7660
2673
1223
1762
6706
2683
731
870
2258
18535
3007
768
5118
713
1079
1408
1013
601
423
2726
738
1369
1633
1660
2028
1947
2380
445
1417
780
1577
4241
1088
5748
1692
3446
2016
1078
476
2281
3244
6857
1241
842
8464
6927
1163
8534
3427
2116
30447
2132
475
698
1545
1332
4539
5724
13085
5511
1254
680
3258
1259
709
2789
3011
1963
2171
1115
2641
12648
1458
3331
5098
1254
1589
1312
2719
2137
2751
953
1415
6639
2093
3257
2431
379
1079
2017
7039
1106
627
2222
1387
1152
1909
3232
2132
1915
2673
20008
1692
6482
1361
583
1996
3802
3331
1120
1705
2500
13881
271
1863
4828
2776
6692
2295
2305
1496
1577
10602
759
3434
516
29414
2206
1099
3742
630
5454
2575
11898
53509
4074
5638
842
2033
2450
1611
3265
9664
8730
3363
6493
3205
506
2645
3507
1726
3586
3163
4918
3412
3119
1799
4984
1629
7421
4565
1696
191
2121
2463
1504
3869
833
5771
4554
1429
1408
2311
1821
1223
928
5627
3500
1284
4426
439
851
1651
2650
9426
831
2638
1068
913
1463
404
1197
918
917
692
1438
1587
644
814
7268
1225
903
2787
6584
5237
1069
764
3472
3000
4642
1608
968
2816
5006
416
3172
3293
2900
2643
5856
1837
2680
3292
1409
16427
205600
1625
1117
3062
505
1523
2407
1077
2480
3015
4737
1696
799
1809
1233
1902
3092
832
1551
1395
4411
4177
749
2158
737
2697
6063
448
6791
1809
873
1543
610
5010
6278
2199
2401
567
776
871
569
3535
353
879
905
4750
1568
3932
2542
1808
2550
929
1892
627
7124
1541
7738
1816
1302
2848
681
2025
1722
4038
1259
3362
1584
5588
1954
7060
2712
1995
600
4764
536
6144
456
5777
732
2142
8597
4624
749
4825
2029
2073
7086
10965
1714
3116
4906
2482
1105
2817
1172
2558
3900
2202
1834
3153
640
619
523
2564
2764
4270
1384
589
2511
1004
2233
1993
2283
1534
425
2178
5362
1886
1267
7329
540
952
636
1535
470
2290
1528
1482
1650
3632
12077
4232
794
1756
1091
3693
2886
2779
3964
2325
2401
1865
6911
695
2390
3075
8539
412
550
634
1448
6475
1125
12496
13155
7581
1302
22325
1728
2780
2839
2155
2414
4517
1170
2303
1991
1655
887
8025
592
4183
273
1261
1953
3525
2261
2010
3696
6106
1097
5208
1712
9771
2503
11414
1529
1090
3103
2190
1244
5486
1580
897
3153
1072
3360
5588
2820
2385
3085
6358
973
2732
1275
2454
1404
3606
1503
967
1527
3667
664
1525
2467
1272
2407
5004
2339
5319
931
1551
2990
2528
10598
833
3059
1214
5531
5936
711
1130
2056
2134
3956
6934
5142
1795
2556
3584
686
3503
1331
2348
769
8800
1668
2839
2126
468
3326
1814
2528
1327
2354
2978
9019
1813
891
878
2175
166636
1347
1604
16033
3464
1810
3179
2434
6030
630
3071
1077
3863
1484
716
2433
1475
4120
4968
1954
9051
1547
3595
1565
690
1514
2186
3034
1861
1008
1242
2533
566
2058
2024
447
386
6785
4804
1061
2864
1938
6763
649
6664
243
1077
2747
2421
2999
906
1341
1646
593
1700
542
1847
975
3372
1259
774
1381
9496
1961
938
1984
10425
790
242
2291
559
2338
1363
1433
1443
3118
559
4375
2500
2883
4109
4618
5113
3605
598
617
663
3786
2061
1511
975
4619
534
764
5180
8967
2496
919
1727
17991
18711
2429
4015
1903
5442
805
1556
5390
9814
2521
1820
645
5379
785
4369
1307
2173
674
2876
3491
3432
5690
4533
1243
709
1429
2119
2775
900
1637
3866
2049
430
20561
1297
3595
4125
588
1538
1075
1227
4626
8780
702
4436
607
1854
5867
2738
2555
1817
892
1114
884
1288
1673
1550
1103
322
1615
1729
2873
208
1189
3175
1310
2259
10537
1801
2816
1905
2727
3899
2860
783
718
6469
2373
4377
412
1837
4523
4994
4620
1784
10766
649
1492
3256
1950
2492
595
865
1216
2821
3431
1900
2216
1981
6311
1264
2961
1442
6057
6134
3500
2138
2641
12497
1103
9496
1145
4393
1735
9226
4236
501
9368
2221
4902
666
6111
610
1318
1334
10418
1234
5287
558
557
2007
1432
2548
1727
8145
568
1568
2221
633
518
1956
4323
1779
3733
8984
3344
2946
2758
1910
8383
466
6903
2717
534
724
5379
1616
733
1441
1462
1133
3650
1575
705
7849
16347
4618
13509
564
2851
312
4452
1842
982
327
3932
3170
2024
1158
1234
3469
4616
4920
600
1526
550
6092
1101
1993
9775
1579
3436
2827
3032
6852
2284
2281
3967
6778
3083
196
2718
15006
4444
3940
1803
1026
419
1716
6211
6367
2790
4415
843
20476
2839
5283
2785
757
1822
3061
1025
4946
11804
1983
2689
1049
1054
6517
536
2278
2084
695
3100
822
2420
3166
491
649
1531
752
1320
8123
3117
809
3989
1802
10383
1472
9530
1080
1586
4146
1101
3476
4187
3775
1935
1559
3538
6623
1190
2819
1616
4903
748
4805
3251
1796
1991
3484
1503
3856
2086
4209
1072
606
1149
2357
1537
2945
1924
1378
5717
353
1822
2545
903
2826
1849
713
1341
11195
7362
6193
23410
660
3895
1293
1404
2987
2389
1824
3780
926
826
2113
806
1437
2933
896
23858
1593
899
3566
2420
1696
848
1636
1944
1683
11630
319
1906
1024
2189
1718
1262
1694
2240
2522
1322
3028
4283
1215
2073
531
1711
6129
4176
708
1079
3743
2856
2199
907
38086
1663
2610
2697
2910
1117
819
3709
631
1973
1361
1250
4860
3403
2345
1408
2188
1895
1179
461
563
4692
971
3746
1477
791
3002
597
4316
2906
1161
17536
2216
2573
1911
1250
5015
501
2222
349
10120
4397
911
347
535
3962
2918
372
1490
2661
786
3038
588
31674
3017
2173
50759
8118
1772
1012
5895
5891
7349
7462
4349
886
688
1478
2584
1078
1165
2371
4562
2586
731
1401
1443
1150
1326
3133
2189
745
4896
1123
6841
2416
3148
914
1035
2438
324
527
2481
12465
1030
