1666
1248
1139
8940
8463
9464
9737
2236
3267
6486
1117
6234
2783
2208
7570
5739
2857
2767
7379
6104
1687
2831
3422
2369
5047
805
1944
6438
1863
2995
25486
2001
2343
1736
1435
8533
3043
1131
1662
12542
3184
3781
60376
6572
5730
1228
31000
1736
2819
2386
6570
1264
6206
4304
1196
5596
1629
6791
7351
3375
1592
1794
4020
5967
13411
2290
58250
2194
3087
14189
1694
1213
1435
1050
3090
2156
1003
4327
761
4013
2948
5171
1865
1096
1323
10217
13654
2660
9258
1436
4489
6796
1465
5193
703
19444
2700
6716
2342
847
5313
1283
2787
1504
11447
1350
1736
1126
3146
2071
1619
1408
1397
3329
1174
1756
3711
357
14182
2676
1929
5244
1605
2276
2906
2828
2562
2303
165256
1881
12664
2514
2845
1103
863
7311
1258
1599
16101
8477
2746
1839
2101
2484
2329
1187
2514
8581
19570
1235
8866
1724
1165
2022
980
1444
4459
770
2736
2194
4885
1536
2832
45557
2608
1541
2724
4288
621
4774
17507
770
2766
4823
9573
2931
6580
2417
1533
2778
1784
1509
538
18621
2288
3058
1361
2266
1591
2951
7522
1631
2890
6571
2503
2006
1266
4005
1408
6884
2103
5137
1760
5042
1297
827
4914
46221
7898
12412
4368
2002
3075
16094
1720
3255
9105
3553
3640
22920
2189
2274
607
3637
5311
3459
2840
3569
19501
3187
1431
2298
2161
1389
5792
4685
1818
11217
4042
4283
1960
1618
2061
11218
3860
9587
462
1496
6309
7819
1569
2138
1997
1767
1196
3914
3093
2348
2671
8034
2869
8563
528
3090
8455
2364
2291
1874
1011
755
1715
2056
711
2355
3274
30274
3676
1449
6608
4074
1809
2805
5570
793
12310
5418
3828
935
728
14979
3229
1232
1200
1139
1921
2380
2493
9176
4254
7751
15097
813
1085
5520
3767
2458
4932
2446
2468
694
19047
5392
2845
4730
1443
1701
1350
3267
1918
7182
1895
2119
9269
1090
6312
3312
2710
3053
865
2445
1543
1914
2100
13195
5192
1462
1832
1595
852
5000
6503
8750
1643
1699
2584
15127
3801
3031
1528
3899
1632
1254
3553
3354
2388
2031
1567
2590
920
1886
5381
2494
3852
6472
4402
9591
4400
2279
12367
4038
1665
4264
2409
9403
5249
2721
1602
4870
919
2091
1650
651
2990
16247
1695
4249
3072
974
31172
2682
1318
4151
1852
1658
6139
2703
2613
2123
2387
4376
3756
3439
5840
8320
2184
1556
1141
2737
1113
38777
2990
2654
896
2366
58446
1463
2582
1926
3515
2361
7000
1941
22405
8435
5854
1193
1787
1325
1780
1464
1372
3338
637
1136
1770
7753
1904
2288
2875
1386
2461
2699
9218
6879
2523
1344
3752
3106
4774
2694
4892
2314
2172
1283
3645
1569
1048
3243
2492
2134
1800
1002
33584
1686
2161
16634
5149
2804
4901
1362
3562
2209
936
2928
9897
2227
3944
4029
2856
852
2271
5358
2460
1313
8378
4992
14898
3537
1421
3720
1372
1384
1286
12557
7579
3766
4983
1971
3098
4676
3349
823
2226
7445
4003
4226
3049
2901
4531
2411
1131
2255
735
5799
5248
4375
1279
6432
2472
4397
1975
4532
1886
1450
4047
3759
1221
2079
1500
791
5820
1585
15095
2008
6760
1739
8519
4137
6251
4490
5446
644
5329
3500
3066
3223
2868
1924
2838
6089
1213
59136
825
7192
2745
4395
5750
10207
1884
7764
4296
1621
2064
15228
4380
1815
10018
6217
6343
3551
3538
920
6282
3095
551
3078
1441
2687
8990
2927
1342
3394
16844
1967
3387
4037
3238
4648
3031
14539
3208
1506
2373
2628
6903
4517
7318
4829
1952
3709
4065
5819
16807
1701
1236
1581
4479
3752
668
34848
3835
1647
8860
2908
2940
2220
4277
1547
1503
1605
1991
5959
1207
2271
2138
931
3234
3532
1202
1832
2701
1081
7599
3551
4728
980
3633
3102
5656
3381
2482
1599
1720
2696
3841
1042
1568
2149
2131
17114
2461
1450
8245
2066
935
1601
2373
4854
2606
6236
2291
2723
2164
1163
894
1436
1506
1123
1943
2534
1711
10515
2778
2064
4558
2397
2387
1280
2216
4247
1572
809
2632
2020
1334
2200
934
1521
5700
2957
2492
3650
3276
13453
5453
1394
687
1685
1968
3832
8334
6265
2115
2666
2197
4021
948
8223
1887
891
1058
4619
1160
4315
2308
5381
1055
1810
1646
2351
2028
2443
2000
728
4845
1323
3374
6605
785
1403
2957
764
2493
1292
2217
1779
20262
1272
4390
3372
1527
2762
6020
2630
782
6344
2319
2651
6842
1166
1321
8230
3053
3670
2690
1748
2123
8654
1709
3958
1280
5047
2207
7364
834
1400
1326
1849
3532
5564
1780
1100
2526
3341
2851
1949
1602
3181
2816
1678
1967
2155
1134
2611
6822
1761
1162
1817
1862
1612
2237
4076
6661
9727
1963
1899
2343
1926
1554
3957
1115
4596
1536
4454
4443
3426
2608
831
646
6331
1682
3633
3921
745
708
2017
2308
1087
3988
797
11678
3077
1459
1930
2900
2688
5170
1420
3694
19101
2912
2076
12880
1862
5599
1977
2279
4407
1438
1628
1749
1824
6245
1954
3025
2006
1498
1741
5526
3860
2128
3082
2611
7080
5529
1874
4211
2839
745
1915
3512
999
3175
9822
2034
6033
3388
1489
2279
5103
12339
1063
8056
1811
2840
1967
2771
6076
2474
2875
2314
8448
1436
2161
2148
816
8372
2074
13179
1735
19428
7197
727
4990
4047
4946
2115
2768
1059
1767
3049
900
5266
9815
10335
3734
1200
1664
1997
2049
6822
2613
778
1627
1631
539
3924
2476
10676
1815
774
1489
1357
2252
2081
5170
1305
5535
5009
10502
3421
1629
6388
3561
2428
3945
5654
1160
2100
6852
5572
1333
2575
852
5746
3269
946
3152
1722
2021
4286
9156
8532
7441
2534
7047
7593
2085
1237
14506
9266
5140
2722
1015
2242
1353
3673
2222
1208
3169
2153
2072
4255
1939
3863
9399
1568
1896
9911
1643
3868
2545
4479
1021
1033
10565
2082
7941
1347
5223
4805
1758
12600
2638
1873
6019
3623
1253
3477
9405
10429
5165
2875
6547
1958
2918
1358
2023
8370
1417
1342
2732
3340
4396
19788
2194
977
33055
4470
4220
17523
33521
8180
5997
1808
1381
9448
5914
990
2142
4745
1030
62925
1244
2728
2136
1853
6590
1548
2462
1455
845
907
2412
1913
2736
1429
1930
2652
2423
3961
9686
2319
3588
2155
5263
2418
11834
1307
3275
4749
18521
1936
1115
2820
1390
1634
3940
5210
2566
2852
5353
5858
654
830
6303
15887
4469
4045
6611
6337
2672
5615
3589
20616
963
1362
3686
2023
490
7705
2272
5414
8564
1331
11511
1355
749
3733
2476
680
3402
1480
2507
22990
5910
7635
1988
2079
2601
1419
1354
6477
7454
1445
2803
3899
2013
10422
4413
1194
11562
1026
3499
1803
2094
11878
1797
3613
4173
3453
2240
2832
6387
2588
2116
7074
664
747
1840
8107
7129
3230
12962
2349
853
2187
2908
2982
3878
6540
796
1054
2482
1727
2919
1608
7558
3272
4471
2358
3894
1009
4376
5090
2781
1152
9663
2812
6878
5304
3034
1821
9122
12677
1386
1092
385
1878
5765
6327
4125
2050
1036
5090
2487
2681
2134
634
2721
3490
2306
2197
6772
1440
1347
1505
692
1350
855
1721
3119
1776
2577
1395
2579
1690
3216
11335
1113
2238
6845
4468
1721
4850
1738
12688
1006
4690
6100
2326
4375
2312
3555
18501
640
2803
1676
1449
5750
5977
2862
2888
1456
1566
3308
2876
3111
3751
2429
1682
3016
2692
2573
6338
1803
791
4757
10569
1175
653
3025
5930
5874
2314
4064
6477
822
6010
2031
792
2133
1560
3411
2850
944
1285
3532
822
1791
9896
2402
3777
6176
3492
28740
2390
1536
1966
5580
3796
903
2114
2199
2932
6149
10897
14035
3061
1688
3954
5977
11691
3708
7774
19150
1779
3388
765
6270
1771
1883
3321
2967
3387
4916
6396
2313
21828
1940
2411
680
1828
24523
10191
5882
2182
4355
11822
2088
3409
1945
1023
2384
2039
2003
2013
3093
5582
3065
2103
1351
2476
4111
2513
5367
1989
716
651
9615
5321
1839
1293
2139
1966
9411
2785
2327
5827
3803
2713
1257
4471
5019
9866
4983
6733
2161
1070
2146
6950
29147
1241
9763
7801
3062
8618
1721
2647
3288
2754
4124
1043
5370
16640
6768
2446
1033
3314
4871
17528
12684
2188
708
1988
7469
1770
5148
13821
1617
5604
1937
1808
593
1654
34089
5836
1414
734
1683
4725
2466
1395
5107
1412
3002
14076
1689
2672
976
3230
1928
2357
4405
2325
1367
4131
3253
12965
3710
4627
2062
1944
4089
1853
2093
2968
1821
1989
1197
2115
24659
4931
637
4750
7535
6693
3532
3426
2472
1948
1859
902
2995
1516
4625
3017
1192
2134
3791
1273
7865
12834
1528
1821
3689
1865
8666
8099
2004
13553
1967
6732
2350
9627
1905
17302
7400
1558
13236
1001
1788
4474
5783
675
19940
7592
5051
6029
8757
2182
1498
1891
580
3708
147266
7650
2090
1652
2705
891
4335
810
2287
8350
3938
6176
5267
2241
1098
3876
7709
2047
1884
5114
3076
2862
3164
1573
1282
1007
1769
5733
1332
1640
3178
3147
3938
1771
739
2822
988
2085
3550
1630
2775
1837
2061
2463
20791
2405
1730
6455
3364
6694
1534
21823
2967
2480
1632
13217
944
1968
968
2792
1677
1212
12363
1578
8605
8253
561
8458
1027
2943
5907
1403
4145
1483
1013
7844
16067
23338
1915
4251
6259
3045
12891
1885
10414
3342
1501
5690
1729
10737
8256
6430
3242
3064
2205
1887
1663
3336
2073
2691
1254
740
2270
5271
4151
1972
1667
1398
1281
1487
763
1021
1668
1251
2288
2420
809
9430
11017
1482
2578
13408
3024
11596
1290
11558
2010
4870
2525
1852
1366
3424
1639
888
2661
12075
2433
2017
868
1836
20838
1692
4295
2034
2310
5359
5426
12630
13655
1981
1826
1114
9008
2762
4038
6375
6887
12326
3065
13666
2713
2009
10310
2487
2342
6066
935
2660
1912
4738
2258
2631
1080
2682
4616
6269
2250
5350
1333
1528
5087
1234
7984
1118
1649
4411
1790
1232
3258
6762
2687
1359
2259
2506
2426
17531
3173
3757
2554
2961
5018
1927
3339
3867
1162
3334
2445
1821
4682
1003
615
2146
849
1863
2921
5112
5679
2841
1536
2102
558
4196
3646
1481
3066
726
7900
2183
21103
3713
1070
2099
3038
761
989
4495
4501
2872
3177
2530
4465
5642
886
991
2125
1073
1275
3523
7714
1748
2058
1858
1223
1567
8218
2781
1580
7227
3292
1942
4034
1601
3236
1055
2972
13192
29756
1326
1377
2497
3889
1882
4984
3084
2225
14336
6028
5618
3984
11536
2584
6754
2098
5085
1020
1946
3177
4454
13349
1682
11247
916
1638
2563
1906
2679
1565
1566
1449
5535
2492
4232
7776
697
2360
232058
3661
2011
372
3234
1073
4614
2114
5741
784
4189
23266
2450
3499
3130
3336
8099
632
2417
2807
525
9063
2394
4506
3792
2105
1884
8008
3239
2134
676
1746
6549
1617
12332
7031
8889
2915
7338
985
3093
7195
12097
3811
4817
2748
5633
2769
1624
4675
1576
5711
7912
8643
1689
2557
5783
942
3567
5620
1117
2361
3518
582
1303
1542
1649
1454
3519
1667
877
2352
1965
3176
2387
9551
4620
4390
1062
11251
5681
3818
1933
5056
9361
5337
6912
3804
12385
406
1785
3316
646
7832
1159
4523
1309
3761
3861
1480
1440
6402
1018
2389
2164
1159
4718
1533
3493
5677
687
1042
4969
1181
3717
6343
5758
1945
939
1923
2006
5931
1669
8677
2860
3863
3681
14449
5683
1913
6702
1157
2981
2681
7561
21491
5445
1318
1272
714
631
2111
16480
2222
1167
8254
2104
2186
2501
5305
1811
1313
1033
1044
5281
681
1061
1789
1695
1115
3919
772
1786
15311
20885
3559
912
3466
857
6018
1026
10651
3386
2026
23124
5073
1849
3893
6177
6364
558
5283
5690
4070
16231
4254
2040
1369
5255
4450
1562
1901
15905
7057
2212
7130
3259
7171
803
1455
4169
1345
4831
5081
2896
3299
1649
2125
2910
3185
1045
1737
7811
1224
740
3345
1881
11002
2246
1504
2329
14853
5116
2739
16864
2660
5875
2969
789
2288
18974
2097
1973
22288
2849
1526
818
6682
778
4590
5222
9331
4001
845
4518
4989
2498
16364
1909
3676
1302
7020
1565
2089
22982
3124
2861
6126
5645
980
1874
2347
6148
3718
14359
13182
16562
3211
77614
3784
1920
746
3713
2250
5153
5434
3167
26242
3814
2382
1020
1875
1386
3908
3702
2462
3514
5303
4201
3055
8321
21644
2021
2325
1512
2652
1207
15941
1108
7114
3500
3040
3405
2573
2440
2553
1613
11087
1600
1057
3676
2073
1088
7622
1758
2756
1576
1395
3445
29815
1602
2225
912
2940
11717
1629
2138
975
2235
2269
2733
3449
1964
4195
1236
4067
3423
1857
5051
8134
1615
2589
3900
766
794
1030
3593
1787
1908
1760
1933
2918
1135
989
1154
4219
1585
699
11038
6277
1461
4816
2789
4148
2806
7212
2156
2455
751
1549
653
8207
3612
933
8356
3283
22716
970
971
5568
3597
9489
3682
1110
4351
2220
1047
2042
996
1557
3950
4732
982
48977
1995
4129
1951
2710
1646
7980
3725
3118
13505
2228
3308
3815
6364
7005
4211
7763
5406
3007
2942
946
4690
1383
2290
700
2089
6993
1557
726
5729
3767
906
5833
866
2983
2507
4592
1345
1052
835
2568
900
1668
1228
1914
13019
1141
3492
1973
1872
2390
4252
5755
4399
732
521
3347
2364
1882
2927
2173
3870
1084
1837
2309
4715
6920
3437
1747
3128
2452
776
3169
3113
1891
3146
3846
8827
1660
2167
11357
8388
5017
2967
851
3710
5659
9435
5507
7184
4074
1798
4061
5214
14796
2967
9679
1323
6879
4724
658
2828
1441
4263
11828
3970
3339
4753
4733
1580
1091
12299
2375
2218
1833
9032
12990
1849
1949
725
7838
2896
1293
1241
1451
1566
1792
1497
1186
3446
9797
1595
4424
2992
4189
1479
1389
5052
10235
20362
1936
3119
400
5346
3130
11521
2577
1053
743
2081
973
2471
1809
2060
1271
3423
1652
7209
1281
2366
3084
1606
1622
2931
2106
1574
3280
1896
1654
1311
10107
7951
3571
1754
3131
1694
4143
1434
30093
2495
5792
3119
21527
7377
2480
775
18240
16667
6235
1922
2489
8985
2489
27962
3215
1881
4225
1964
2746
6137
5373
1728
2201
3519
3907
2009
2961
2156
1261
867
1151
3021
660
12826
2481
7147
2855
1609
2431
4814
5456
3378
1304
5930
11823
17912
1710
2321
725
4030
2508
1675
2958
1073
4209
2400
4246
3770
2650
2777
3429
1043
2059
3435
2192
1454
2121
4248
10837
10468
1411
3466
4912
5733
714
1231
2002
22472
3329
5190
956
1520
1909
1972
2291
2799
1719
2500
1065
2664
14780
1120
1286
1519
2941
5649
1200
6313
4033
833
7086
5330
1613
1821
2902
2678
2097
2017
7716
1040
9936
1211
1427
33567
2950
1468
2790
6864
2613
2564
7313
13194
1898
728
2228
8806
2880
3816
1246
1684
1567
1785
5800
1402
5500
618
32630
4046
12423
7770
2811
1413
4669
4760
11195
954
1366
8370
2051
3120
2911
2679
5842
913
5969
3879
3017
6528
13948
1248
2984
3804
2066
3966
6405
2336
7261
1635
1938
1340
708
773
1990
470
1145
8830
500
8430
843
963
7419
606
2853
3604
1666
2101
397
2655
6748
28132
3106
1142
1300
2925
1968
11118
5943
4309
1901
1335
1079
2543
3136
4141
977
1343
3684
3165
5724
5552
2979
1415
1432
1691
4264
4958
1997
2206
634
1825
6012
2771
913282
12916
9430
2240
4948
2825
10327
11618
1065
1693
3440
1556
4897
1866
2360
1982
2401
4519
4417
4130
1705
1098
2696
1750
4903
1471
1619
1526
2994
1084
3963
5577
1447
1468
1065
2265
1194
4138
2836
4258
5315
5181
692
8738
1533
1498
2120
7455
1706
10706
2058
1428
22419
4485
2114
2202
1267
1940
691
6252
2234
1534
1904
4833
4887
3876
1726
6206
2737
943
2547
1227
3043
1041
2189
4721
3321
12602
21337
2088
2374
1959
1909
2571
7509
24165
5352
3900
58541
3141
1031
3999
6319
653
2804
7241
3438
1857
2709
1607
4340
2352
464
929
13995
1956
3416
2455
2195
816
4448
2167
6904
6641
7336
2656
951
1569
1986
1857
1710
2821
654
3319
17486
10876
1555
5222
8778
1666
1693
3259
1850
1452
4587
753
2791
3882
1519
3835
2247
2782
5271
2894
1109
1811
2807
2591
1844
12945
3549
3128
3021
937
1853
1059
3457
2196
1321
14611
4821
15341
5854
3003
5506
10730
2891
1320
1942
1659
3483
3878
6517
1878
12944
2732
2132
3992
1796
6280
1086
2542
2657
1987
3766
2215
1143
13945
2120
4806
2234
5113
1864
4307
10830
2652
494
4538
5675
1499
4421
11768
18055
7599
4254
1299
6500
3149
1701
3531
546
1958
2866
1216
1997
2523
4235
2007
2578
15176
3368
1489
2334
16164
3060
2546
744
3066
3201
974
7806
1460
1199
2943
6327
2206
1109
3145
5369
2057
1706
4282
1050
4832
3979
4769
3030
2188
3392
1769
1993
4846
26063
738
523
1998
867
2835
1362
2103
2718
848
1732
2494
4660
8972
5460
5028
3453
5145
558
4461
2248
4121
907
3354
1564
28492
1910
1230
1597
3298
10301
2814
3617
1618
3714
1219
2115
2022
5289
3886
1580
4269
5436
1637
1460
2203
1155
2404
1917
1213
2409
765
3396
7076
9047
2156
7159
26051
1378
6079
3977
8258
17231
23535
1384
1059
1717
3484
1270
3459
1036
2404
685
1932
2174
1928
4334
1921
486008
1852
4745
16692
2643
1575
9301
4061
1945
2019
11267
3817
1610
577
2102
2019
26108
2127
27663
3944
10749
14071
1723
3645
1659
5687
4608
1333
3363
1153
15489
1994
1534
4913
3494
5895
4159
2655
4647
12985
7322
4493
1798
1485
1734
1136
5558
2649
1469
1125
1155
590
2227
1331
4066
4488
1402
7392
1448
1623
1415
712
1016
1772
14287
1036
2251
1020
1176
21385
2141
1448
19846
3657
1913
6841
2583
2253
2310
2360
3450
8314
6569
12038
2218
2294
6199
2852
736
10195
2806
5424
5757
3005
6225
1844
2713
8029
6470
1443
2252
1762
21120
3732
2769
1393
4552
2915
1979
1544
1786
2506
1289
2179
681
975
2345
1748
11211
1705
1160
9318
1549
814
3612
2690
2777
1136
1715
2367
4229
2641
1043
1362
1134
4172
1849
4295
1103
2137
2281
4150
5440
2386
5014
3444
6605
509
3266
402
2802
8527
55286
2223
483
1324
1216
2893
5467
3613
2896
7756
22171
807
14156
4530
2352
1247
5823
5068
2679
3622
8280
4501
3590
1000
4308
4370
3555
8258
1397
1208
2204
7823
9993
1108
1822
1173
2335
2060
3156
2490
6194
1113
8439
2040
1554
1568
5769
690
1215
7359
1983
896
1623
1386
1091
3070
3670
7094
2245
8177
740
7258
1576
3916
1771
3757
720
2047
7357
37974
4779
1486
1651
6057
1588
7267
3682
3314
1081
3699
1912
18693
1851
5887
8460
15655
7002
2941
9879
10183
4811
2624
6473
4059
1191
7719
7390
4201
1489
1575
9532
1643
2410
1849
2830
3478
3738
4570
2527
1117
3355
1551
1811
1906
2173
1179
5887
4591
2413
2348
4815
1960
13777
5957
633
1429
1478
9749
6625
660
18822
1092
1208
4953
3230
1858
2987
854
2087
3559
985
2778
4450
1786
1563
4199
2371
1571
1277
1107
1018
1814
3928
1006
1805
1468
24409
4093
1350
2745
2348
654
5624
19964
1420
2088
1050
1726
9819
957
12422
4223
1880
3209
632
1620
2203
3434
730
1508
1871
3160
1089
924
2255
9614
28057
4362
7190
37286
1579
1484
3594
6804
3333
2822
4695
1507
2529
3268
7917
882
1343
1371
4352
1112
1368
1593
3484
7394
1291
4371
10036
3343
1407
1909
1772
1572
2521
2663
22449
3097
9698
6744
3342
1936
3454
30195
3141
3099
1484
3317
2376
4346
2744
11184
18709
1961
5578
2506
3022
1319
4826
4900
3312
1966
2567
1074
1758
1814
4058
7988
6648
3974
3419
4463
1749
1081
1754
1471
4453
4450
6543
8027
2299
4223
11103
2026
2086
2200
2558
3422
6035
1065
28373
4029
2205
4719
1092
1091
2436
1057
3445
22134
3218
4896
3206
3003
1349
10264
1577
4995
1022
2771
4120
773
2046
1750
2166
2769
2664
3962
2952
5040
1550
2557
4352
3588
3519
4279
7000
949
1332
3631
23588
2882
998
3664
2273
4255
3060
741
1509
2658
1518
1764
1219
1166
5863
1445
1283
12484
5620
3518
5249
2145
1274
1216
1588
4364
3283
1484
4568
6693
25656
5865
1937
3720
3207
3805
10348
1977
6415
1202
1895
1254
2645
5311
2566
4177
2385
6032
1306
1983
2262
4421
7004
9841
2983
1406
1698
1904
2561
1956
7274
974
9036
2320
4326
1681
7255
4168
1745
5621
2664
798
3445
3012
709
1745
1529
7947
1383
2842
2354
3495
5581
5683
1822
682
1592
3985
3128
7735
2223
2431
10933
9336
1662
548
814
2402
2566
6939
15037
2509
53407
2644
1731
5456
24377
4087
1981
2068
2223
950
5546
9599
5630
1512
3008
2034
3418
10868
4884
5428
2927
4189
4659
953
3774
2635
2795
12834
1118
4939
5265
1025
2917
2921
5083
2174
1826
6849
3315
21159
20189
2184
2934
1791
1763
3542
1134
2667
5003
1576
1858
13356
1001
5736
633
562
1824
1247
2387
1993
1969
2030
1341
5339
4916
2354
1018
2087
1743
2636
6783
568
5131
28573
1787
590
3284
1174
1117
2503
2294
3048
18610
11179
1039
2040
955
882
1631
1933
1051
1455
1269
4538
48343
14155
2351
8409
2180
7099
898
3291
5847
2000
2794
8594
1617
1699
3121
2720
901
8413
3393
1268
9122
2704
1366
2811
8341
1857
2908
1863
7610
7360
679
2195
9115
1468
3814
5057
3100
3678
381
4200
875
1500
7437
3973
7422
1141
2968
6788
8367
3148
1806
4076
5424
2458
5030
3574
3279
6876
1253
3733
980
1849
3609
2594
19475
15898
23734
2175
2119
3977
5281
1370
1513
1425
10254
2333
2913
1690
804
4897
1142
14053
2260
2070
2143
1662
4757
6769
3639
5688
3730
859
12059
2323
1441
4499
4884
3919
5342
1956
3080
2881
2524
5143
2791
7146
1569
1896
6983
3679
2626
1715
6559
1363
7630
1200
5924
1612
2633
1595
1696
10183
1831
9448
2133
40209
970
2732
1289
896
3177
852
5361
1842
2566
3608
5184
9097
4163
1679
2602
1905
1885
4401
2229
650
1507
1251
5568
2517
1193
10040
3409
1076
3105
9487
1486
1195
2773
1299
4851
3369
11480
3111
4025
1617
2216
27015
2475
3552
2053
4412
660
2195
459
3868
2362
6782
4812
1232
4898
3753
3154
1814
7390
5980
5090
1655
9082
1867
5212
744
5991
4013
2360
1348
1665
1630
13653
24150
8565
5661
4859
2318
6186
2125
1441
4384
11262
807
4937
1470
3925
1943
2696
3920
793
551
2104
2206
1563
2563
1051
7516
4936
824
3204
8112
3948
3939
3415
1255
1303
5590
671
2588
2106
1685
2941
722
19076
984
4860
2545
3920
2134
1214
11448
12425
1393
1684
1517
2913
3431
2119
2733
908
8571
1068
1710
1989
1208
1434
1712
1884
978
2944
51349
3634
1510
22050
586
3080
1195
1563
2453
3464
7343
2468
32740
2848
3968
7717
2260
10583
4135
1625
1528
17842
23131
1618
5975
9209
5320
1786
1002
4283
1017
1984
2379
1689
2841
6213
1914
5614
1956
4536
1138
3344
7662
2415
2140
3655
4925
11226
2070
2106
12926
6318
1384
2667
1372
2174
2854
2077
2691
1590
16384
1455
1290
2031
1703
2708
5736
349
3671
5981
4835
3311
4648
3735
4606
2186
3009
2112
5894
1025
261
1500
17027
6009
2695
8919
2227
3749
1140
7129
1444
32992
3276
1019
1767
799
1828
1427
4818
1408
3960
1047
3272
3054
8929
982
3669
1745
2740
6187
4322
7627
3579
2909
2916
1141
5691
2057
14950
25704
1797
1430
5241
1077
4847
872
3951
5625
3345
1449
1662
1145
1029
2366
1530
2874
744
2157
4788
1008
4205
831
1527
11729
1297
1996
1620
1867
5039
1366
2381
3709
1515
1354
2810
1049
4671
689
1042
3916
1241
1520
4662
2745
2034
2356
1238
2366
3385
1644
2184
1846
8164
4678
23554
1941
2750
5029
3573
32900
3722
801
1558
3857
1201
13837
2858
6890
2775
3575
2249
952
4122
2567
1837
2087
3763
26748
1022
2177
2288
5322
2139
2648
7198
1150
1387
1920
3400
2250
2617
1379
2896
37165
5703
4423
4628
2467
6338
5103
2301
6048
16872
2046
2961
1016
2268
2791
2140
1042
6702
1222
4904
2864
3390
1326
2216
1197
2517
5592
18270
3156
2579
1926
5509
982
1981
8456
6703
3350
2374
696
