2 9
3 21
4 36
5 46
6 105
7 114
8 153
9 170
10 176
11 207
12 200
13 169
14 169
15 163
16 243
17 121
18 126
19 168
20 98
21 147
22 125
23 94
24 117
25 59
26 70
27 82
28 81
29 55
30 46
31 68
32 46
33 67
34 33
35 47
36 46
37 39
38 41
39 41
40 8
41 47
42 64
43 9
44 38
45 35
46 25
47 10
48 15
49 19
50 29
51 22
52 41
53 14
54 18
55 18
56 28
57 18
58 20
59 10
60 8
61 9
62 5
63 30
64 23
65 11
66 16
67 7
68 12
69 6
70 12
71 15
72 10
73 9
74 9
75 4
76 17
77 5
78 10
79 5
80 5
81 6
82 11
83 4
84 15
85 14
86 7
87 3
88 2
89 1
90 7
92 14
94 4
96 3
97 16
98 13
99 6
100 14
101 9
103 1
104 3
105 6
106 7
107 2
108 8
110 13
111 14
112 11
113 5
115 7
116 10
117 3
118 6
119 2
120 8
121 1
122 5
123 1
124 2
126 5
127 4
128 8
130 4
131 3
132 2
133 9
134 7
135 2
136 3
138 4
139 8
140 11
141 1
142 2
143 3
144 4
146 4
147 3
148 5
149 1
152 7
153 2
154 1
156 2
157 1
158 1
161 1
162 4
163 1
164 4
165 1
166 2
168 1
170 1
171 3
172 2
177 2
178 2
180 2
182 1
186 1
187 2
189 3
190 2
191 7
192 2
193 1
194 1
198 2
201 1
202 1
204 1
205 1
207 3
208 1
211 4
220 1
221 4
222 3
227 2
228 1
229 1
233 3
234 1
235 2
236 1
242 1
243 1
247 1
253 1
267 4
282 1
289 2
290 1
294 1
296 1
301 6
307 1
314 1
318 2
392 1
468 2
488 2
489 1
520 1
760 1
1034 1
1064 1
1222 1
1224 1
