25620
1338
6265
695
217000
26082
87223
5516
148510
46748
1882
10389
45888
1702369
74491
2233
635
132408
24976
18826
6377
17758
579
1973
17260
1382
3134
936
2176318
19939
1000
13290
10321
1831
3275
13121
1087
1256
15755
2033
155282
18231
1321
66187
90642
20016
9038
59441
3028
4777
957
5788
84390
59784
13259
12399
17816
161528
3028
812944
1415
15522
26864
12048
372835
200673
199
14238
781
70904
888
3529
2353
2394
8370
1793
12429
23694
1573
285
464
23705
863959
1196
117599
4259
241539
3303
1210
30348
5290
3615
108065
106424
12354
500081
135831
72679
156075
116804
130566
17108
521
4156
3773
663236
1101011
79044
4858
19871
1993
133818
48631
11513
2897
301779
12682
198799
644
4708
27923
63073
3571
836150
355233
26577
60799
6812
73064
5757
8296
3468
33141
183757
19734
2854
2256
252
82093
50563
120926
25397
8625
16259
5519
1543
242399
2812077
1375
96115
56958
46092
997954
2843
2644
242903
17322
35282
8942
883
2197
4257
10067
38946
8776
5573
13423
2169374
143556
6696
13002
9153
959
39766
762398
3529
19450
771
15628
29436
523
2870
12974
4180
29187
6822
1404
400475
12681
6451
98292
463180
10337
132
27123
7189
839032
14727
41735
6424
8417
8698
15818
415
439
42310
5473
9519
758079
1542
30242
8183
8497
6024
3316424
15988
9234
18788
27050
20846
10423
42814
967
17711
1671
60381
9207
2435
2410
828
13042
38503
14375
29922
8327
879011
1628688
9754
215605
1477
2641
3569
149597
773
27560
38721
7185
5264
30225
1129
2289
19181
9655
3691
5986
3525
15346
281078
17589
17409
24871
152493
284
1005
33699
12811
708991
1628
1098
141229
1044
211
12310
8950
27180
180471
4791
27172
51343
30179
10305
22593
1636
887
3239
46319
415381
21767
19993
8491
63326
803
55656
23789
4222
2374628
36458
32341
1304
34425
26712
101249
35034
7185
69690
32898
19894
1989
91445
40
13963
51839
171220
66418
6198
24777
354548
4308
14575
4200
3192
21694
71890
96
1281
71342
5811
201217
42305
40056
412
16763
337761
123182
395850
1739
2112
5098
96068
1504318
31746
3986
94567
71830
60312
6031
7703
7266
18676
1947
65025
10742
9755
10014
8241
59351
320
899
41724
8302
46933
1553368
22700
266
72291
439930
1855
6533
1996
23772
70366
12216
28767
249497
49587
20562
14858
6387
3264
391
49358
2162
3277
2607
7159
13291
22010
193051
9421
58334
1509
154027
64045
43215
1802
91263
9976
5757
1469
2489
7907
197040
4345
14624
66610
1401
1739
10417
21564
65995
25014
37104
65942
3639
58712
8947
130535
7529
1235498
20639
32371
31939
40880
15030
1739
49342
86826
2641223
455
1967
6575
106858
48461
14713
164413
9662
152
41016
2079
1426396
2169
97590
93404
3317
116631
4884
4614
19519
1006417
101797
9136
1443
5264
472
22413
11316
9526
11779
333687
264516
1700308
2018
9292
29273782
12682
3606
107797
2678040
2625
39634
27061
1112
5659
58947
682095
42259
5902
2403
574
72713
318941
51820
20426
201770
6345
1755
10608
26091
3166
1141
1004
10341
29877
2259
12389
4556
1276
2465
55604
335824
1758
50439
2604
1241
42710
39109
21202
13602
157551
1400
21879
2820
16094
7775
7592
2978
10468
3877
14519
1119
6370
6478
3013
83238
1857
71932
103493
1854
6613
8245
40355
1176
5431
84047
15476
123906
1293
1598
10304
4771
16036
17365
3251
11160
99067
154012
10675
48420
13098
12323
13699
1034
37339
54981
21494
367355
181984
8072
859
600929
1824
18259
3004
5669
96251
2965
4600
53935
8304
546
39396
118043
30576
36065
16030
2696
7386
622
238944
18318
1723
24514
8177
46183
220819
3725
27031
62066
265777
29452
2563
3213
53925
258238
1156
175431
7529
318714
12244
2686
578
31666
3681
281857
7943
3038
14803
14908
6355
143492
4850
46442
5475
2641
5711
470
7101
109500
1945
5828
21523
14043
89387
245841
15071
24787
254039
13303
2879
584
70906
94380
2192
2043
61469
22362
17768
213521
1295
91679
9990
2787
5019
63489
839
2165
1698
21730
11491
38811
2554
5422
116202
46657
11407
21420
1428430
262390
17431
91195
2267
1560
16645
39611
67876
298266
14050
950
13189
967531
3119
14687
3834
2438
50014
18455
570470
60176
677
5458
140944
4297
31771
2535
253030
67903
913
347808
6915
38884
42089
240
277131
564
97787
18876
1463
6163
131043
3991
186117
9339
48093
345
42744
64637
3375
206
14324
844
18166
3208
112089
31738
4054
92140
2593
12649
1264
20984
2719
159021
47357
35826
2257
100104
542579
26386
14338
13888
1413
18011
3138
14320
168
13706
119301
110209
6338
23915
52680
10878
3841994
282090
147472
347
2887
43299
16341
23656
2183528
1135775
71278
4273
113818
122051
7682
43126
4236
2755
16047
24902
19973
27193
49113
11065
52825
182
30035
54397
4232
60217
3915
16830
886
604
99062
13379
7728
4556
3394
16944
38913
683584
9831
3612
2906
35880
15248
51147
8687
27422
4628
58448
165980
159276
1096
621
29646
1106
53629
2845
23777
2463
14264
1013
94721
2515
8910
13883
61183
98
95173
8125
8686
4033
116530
31963
634963
5088
7149
9271
33692
167429
9989
248549
9046
23437
4860
7789
715
2308
6454
9949
18209
1491
4596
4499
59062
4413
2184418
1691
1143329
2254
3068
26097
90058
7450
2758
58726
629
659142
19723
2075
182636
509859
61177
5985
49350
1823
122930
2596
86131
42680
8468
3668
14705
26081
16455
2730
858
1251
390
1922
83599
100413
681168
5015
236
810
964
1867
860
15535
79146
11005
2174273
3577
21637
2812
68801
8336
5972
120985
59851
9489
11062
1181
705
16594
6984
257810
1095
6174
31259
2411
7566
4040
1629
1848
773
690743
104235
1485
64731
16410
5837
13186
51924
2948
24886
103
17918
530
19590
2894
22498
2954
31690
246345
264
40388
14986
1483
335
21492
9430
1749
18059
23521
3124500
28274
1496
32373
16821
9534
1421
723723
9465
58955
10442
81848
173659
275087
20495
12984
1810
6700
1424
32210
34846
27318
116327
134389
7398
581
124196
117711
5450
53031
699718
114290
49651
412783
8582
4607
4841
14835
1377
3785181
869
2947
5251
5649
2987
22722
2931
24899
28423
2324
7091
7328
8710
1957
43856
56350
24072
1089
211223
1526774
237
3114489
21125
10911
17302
5579
1023
303047
47605
2976
278880
121945
1014
19243
289615
5788
30911
6809
301364
37991
7279
229583
7094
2241
12887
152169
6888
27737
3255
1440
2595
7296
6987
28407
29156
284
10324
8104
2595
1826
8933
8370
3884
58638
391830
24594
9823
3523
53368
3320
115395
1199
24828
10376
52790
50582
6667
114806
15963
9580
72563
1537
13076
16623
3974
46167
7146
17867
2944
765
1046
139519
13652
157563
10302
24820
24747
3071
6817
22273
279048
148030
39224
24516
40507
10286
9299
3403
3356
4110
18168
12744
2192
22165
144355
43684
5491
4990
18663
218722
114966
2310
33959
28439
33414
226384
21871
2292
210433
21731
16298
141235
5961
19646
214529
10506
4163
36347
21386
1172
130964
9489
11387
12113
2590
17855
36562
2616
32671
18865
5993
59482
17140
19135
5801
298365
42540
157412
232
1521
969
7767
19834
17631
2476482
187054
21757
30828
8436
7961
2110
6514
59709
122574
184947
98242
2003
482
34801
20766
202970
568442
35382
31433
15942
61840
5720
6997
3888
18926
116
87677
2316
7965
11632
3602
2178526
1267
1042
8434
865
36245
775
7008
246253
1843
155939
472
733
12609
69431
20488
21561
12303
52671
342
51433
15386
4650
2645
13758
45458
1759
4073
2004
2638
9871
8140
54094
4533
14691
5112
18589
6164
12807
3998
13624
948
46986
124766
51932
68607
959224
102946
27551
7378
25699
26547
2370
49208
6639
21438
15892
7089
7211
166778
799
691
333757
14311
47975
309
3232
26235
10308
27157
2828
6258
247
302
2179
233217
15293
146231
159001
746116
58500
13490
339652
1007
10255
25842
2606
12854
81577
65691
168
4953
0
1024
11305
60606
5477
2521
89386
52147
7476
40722
31760
28168
5453
136546
6015
1668
3042
68632
38021
1366
11586
5355
11958
171007
4035
18690
9694
23367
29208
2817
1719
279
2159
7026
26885
1142
42321
30849
686239
9401
388762
20107
933
15480
1039928
4855
78267
7077
3285
28008
26144
16585
10910
137620
104709
11866
4701
392
13153
365709
38730
4704
2224
1547
18500
1984
15223
2934
381135
44663
65937
41388
2723
2865
44542
5413
91934
3189
415167
10795
20512
874513
3214
2375929
13691
140569
6320
509
69175
500649
2012
563
208
3381
2950
4711
5446
1386
1128
12971
29040
24912
10863
293967
1122
1727
7583
9004
53178
4075
106585
211
1156
62493
108258
40301
17399
3013
49952
1096
3426
29586
658
907
46373
141451
1144
6171
2193110
19223
7640
35843
33435
921
27984
7329
6039
53764
7552
4685
94599
4945
12377
7549
470
6505
28549
104294
126811
41789
3141
16804
22219
2814
32084
3362
17978
1900
10762
1102
2756
26634
10134
92884
6525
6907
108874
21009
19116
26483
2196
1108
10057
1463
49469
16214
7650
49364
145481
6759
5394
210269
6036
1230
35981
4379
638
5736
11048
3251
9648
4726
3989
6067
237247
9959
7873
17066
2071
14598
74304
7526
642
9316
317
1745
216777
13748
7843
16997
13112
135902
10724
246684
1299
5516
14060
1064
6522
11380
23769
5033
18745
15967
2552
15697
334236
98211
3862
751
6342
115857
16564
5140
16799
6779
3444
3616
496
129880
5111
42207
9847
24614
7946
620
21194
9206
894459
29158
47270
26862
11498
11198
51181
927
12807
2997
57913
1062048
5441
15653
7343
25857
2611
5161
1743
6870
155435
15790
89941
55100
2073
2598
3181
89689
24410
630
22009
1388355
14964
10820
44897
78167
15652
773
3415
15340
8754
28912
439
47291
57048
44083
2339
149193
340086
13671
4266
6354
6454
119964
45911
3002
75073
12155
31233
30390
17001
139776
7291
4710
49366
580
3273
22996
20079
5284
493623
19497
3385
4575
51789
17956
16073
72112
13841
3270
33051
11071
732
198634
68963
2922
8763
20005
17944
28950
1269
2550
6775
2235907
61968
2582
188226
39905
1328
155
1240
1505
73024
45486
11236
6806
15045
38708
2644
559623
78434
54368
440
3156
15498
18336
1724
6840
40002
6630
8038
2212
3958
9388
6957
22520
91657
13347
45239
55836
8424
3790
6192
22623
7463
2560
2201
820
16385
60374
5551
20373
3864
19543
47961
452
18658
71545
7909
255373
7256
94783
441515
681630
18931
6216
212
11138
18092
919
6199
133618
352
90035
3747
7164
1381
2661
1341
361251
15529
13101
6471
1774
18469
2232
58092
9360
483965
14798
557793
8397
79429
12179
108301
1040
83744
329714
326985
26966
144555
741439
661469
20033
14236
192428
2984
36081
3683
8356
1347
1275447
9243
35641
5430
2516
191946
11491
101672
21761
66971
9456
602
6954
207503
141302
981369
246
1200
221
6726
14196
47340
336
11962
2845
15261
1174
10837
4857
21278
15658
13547
4983
12151
5110
376316
6763
10841
115016
31667
4044
2642
115775
7451
2270
335822
6473
7639
428
253235
681137
22232
317227
997
6973
11069
1773
1574053
77670
2598
1508
116881
383
3914
2155
170819
84638
8764
6957
15518
2118
660
7954
6582
158
5802
68546
6340
55320
134072
19187
34183
9159
521
481821
7677
237
559
62645
13086
3163
243352
7410
1326
458
970
529
3637
1231
1919
294150
1152
16194
5291
71750
1252549
16506
48620
23835
6105
1616
20085
515
7042
7060
11058
1011
1794
38683
11251
482547
1671
392306
4730
9701
12446
353938
485
16268
795664
1281
12103
72058
162
7815
6920
729
7820
16499
71353
2584
1867
60212
2400
360715
5779
444
3304
12927
11784
6568
683
84035
10842
39738
6286
108151
14663
74460
3726
1722
2894
86898
477263
20301
13537
4512
5190
7212
1046188
155289
10166
77552
1451
10948
108352
3300
37217
1221
18930
14125
26853
2309
1806
5582
75264
1104
179370
86977
53047
1553537
7083
99319
83658
18338
22223
2845
117030
14021
20279
270239
6063
29156
1155
246
3029
4356
18204
44806
10474
2011
41493
100
24281
1080
167822
19509
1947
13577
26462
21271
190273
225239
18687
16143
2209
28312
29333
5691
48812
6643
471104
12810
5077
37166
295824
22108
9375
8450
92621
2891
12918
19081
1318
351
1767
12040
5485
2662
2348
319429
15254
10278
42469
1696
32039
22194
13000
120577
9795
2034
51556
26069
1402467
6706
16179
82901
11353
351707
43518
6656
210241
13515
1226
17207
143810
107315
1139491
153433
33216
11253
2113
11133
164970
7913
1666
6931
14885
109665
66809
1330
117298
109573
9439
27244
49040
83216
1023
17365
5546
1717
97288
13918
659
509
1618
184
28389
648149
15986
22391
1677
597200
33586
1202
68977
901270
5360
13859
19624
12280
21194
1848
5299
1828
10967
17706
43553
5275
396
1106
101477
7904
57749
951
34124
28287
5877
14226
2056030
4776
2771
17299
9048
62204
105107
20263
1507
82
26073
14618
37735
2562
8903
131003
32263
76458
252820
4443
814398
10869
132140
8396
3418
813
6672
74145
38477
2294
12852
1421
7652
106396
760763
5762
25242
1711
77694
66948
26939
42091
8350
28883
119402
6547
4721
4235
41721
28159
254846
30259
34955
66286
20599
2003
10217
9723
367
6409
27967
16812
10225
219398
5906
138517
112857
2074
9900
5886
4078
103809
94965
4825
48200
15214
920695
133877
10677
29885
1537
7867
1145
3392
50964
3058
52077
12532
3095
12786
137848
881
311892
2998
470
790
28878
8081
245964
38975
29965
12703
30990
3569
1957
8898
8563
70611
10262
49838
198508
2017
1552
6492
701790
1027
67274
1956
12028
434
1814
109765
134408
1376
14568
31515
21911
5243
4804
27957
15068
1590400
16521
1834
1201496
4176
11068
282706
27202
38282
1342
549248
641539
908264
612
75668
1384
3491
87912
32922
47998
1438
1949
29605
2166
4550
1488
2531
2050
9763
11987
3760
7036
1438
16996
151277
6776
131129
129481
1670
1070
73053
1463
14477
182101
1105
548
2221775
56051
51258
2584
194556
1642
100049
32368
11401
3721
76343
32038
17784
10024
27872
7040
2007
7927
15794
9757
1904
14472
189031
2983
1720
53759
4608
1072
74749
16172
2369
30671
4764
15366
8170
377
59971
932
2492
214314
688
32604
15926
23948
2814
534
25842
3989
108175
590653
80191
143859
134512
558
7048
18051
303776
3135
22908
8231
1569
3021
1773
2029
2957
2324
29793
48996
13075
531888
7105
1518
3807
7148
20767
1481
97340
52729
4990
930
15694
11204
33817
32422
33978
5948
100699
13214
54855
4198
12011
76586
14254
10331
1282
14231
1229
454
12978
1743
41504
3351
2157
28928
1080
38818
52996
1360
77167
26331
2954
7577
135272
5908
7289
10558
19925
4962
24634
4074
12984
1271
31393
1440
772
5108
35620
759
1861
941
7220
43535
3319
2217
1957
31353
15650
7287
720112
9969
1607
655156
29628
16851
14954
525827
6301
10228
94875
92766
18700
10950
8550
180005
22293
1935
4717
5732
185080
17201
1317
188586
41751
299930
81368
73518
104113
7961
12793
30360
12911
34121
2477
45764
109518
2546
2716
19167
1209
8287
38748
1037
43221
126852
1628
9528
13562
2426
8049
54305
5774
6608
34782
6786
4364
4009
125752
80316
110712
12092
2056
190875
120
7877
18989
5944
1162
37201
732
44423
58371
8469
20637
8839
741
1930
4485
335
4363
4471
11630
7954
37942
14565
865
287298
29519
2834
24180
11336
1644
72418
9088
105906
48389
739
1286
4353
12290
99383
24078
23916
53025
42698
216837
26930
18011
21945
608
200146
669
2068
2840
3984
14603
13291
700607
4653
44047
6770
6221
337876
37733
955
11893
672902
160868
508
185136
13681
12075
1926
28429
15862
12457
19859
10883
81327
5616
63155
25635
1021
6493
30087
158892
4878
1239
9371
5196
52203
2825
634
1093042
2996
4719
39122
2415
7783
21552
16742
150043
19895
1786
2463
628
7043
55073
369
3778
31580
1900
40920
1964
10593
4735
7404
65554
66772
49642
24483
2860
39466
89713
1981
155657
2169806
9903
1080234
83668
259333
2270845
5493
3184
6053
1503
938
50851
23791
493064
112857
2528
30394
2602
113881
312
73663
913
411308
6445
2546
1998
2679
17321
2546
3034
2315
1267
1314
54296
2325
29554
17701377
635
14722
696
1262
5198
3819
1407
53473
15548
9069
630688
5961
2517
91341
34075
52047
1506
1523
32224
25012
16527
18675
46545
3914
9273
22282
30434
27638
62614
411473
12302
1353176
16020
12660
225842
35822
874251
5780
47083
4239
5153
305654
7059
490206
84246
2495
1067
66642
7161
275667
502
61867
41805
363301
1195
2126
20457
25962
154736
20442
741
68957
64
6893
40555
1223
24768
24119
43968
7642
9875
4746
1622
715
457260
48180
8755
3860
22135
23267
3670
4105
290668
472
1782
488797
49389
11960
18344
16309
1940823
1351
66949
2495
31761
18319
95928
12451
19218
130423
4025
139081
6352
928
1099
75046
35318
21235
104166
9827
1692
18838
65959
10363
2314
153948
22435
9286
12704
137168
6426
10357
385
25753
7194
11227
25152
40909
2558
3703
3972
12105
1954501
209470
6427
10778
84552
3840
40731
2696
97693
33385
7311
5022
3077
4394
89803
46978
36328
58854
8661
237211
2160
27483
3641
32637
2561
2432844
46118
4209
1430
7952
1268
7666
558
6929
8818
22683
1048
17364
2953
7696
3347
14736
11716
912
1746
623
27886
1088
1471
8965
2593
2856
12132
8239
333
75368
5682
84162
52619
5018
7890
5004
23570
98008
9231
19763
817521
3640
11209
47380
5248
48810
7880
17259
5609
979
882
1453
19505
1127
36256
37115
412746
3218
25713
791385
19129
10860
132802
585
98619
27330
169489
81231
1933
981
1023721
1367
24198
6612
26894
7419
76571
1891
1987
48349
1033091
8913
34949
6609
29799
29393
250
30637
59894
4503
5333
149251
873058
511
1158
105900
570
586566
21690
60176
257065
37946
196061
24953
86977
28219
242657
217167
17372
2908
5368
3683
6735
38588
925
5610
34589
15788
61783
127864
84554
121
47785
5948
36800
17514
27977
155443
11994
140
959133
4968
1023536
2760
442
32228
1260
387463
9354
15671
25883
178
44130
5166
17624
20003
505
326
3411
247304
1424
27420
16225
26565
563
8333
1271
12627
6962
41942
5613
27204
32393
11776
8801
8089
1203
3826
2483
7421
11484
2617
7311
4336
1955
6934
9491
34490
584561
20044
64631
2157
94
600
1910
228737
40936
11526
47307
3380
12688
7252
1578
5819
35559
23544
119226
22920
6323
26703
168143
4922
32148
5962
25369
21366
1297
387
18358
651
1570
38061
37982
3675
4601
75792
108
3364
11507
12654
256490
1332
12198
91833
187
17104
62241
6300
16807
3245
103882
656
17664
6879
20763
1775
25125
121611
89687
40740
12419
72302
585
736458
15776
3672
27815
1106
22793
39515
93585
33317
9368
3728
251263
14285
2900
2997
1217
1240
144174
65454
1110
171209
2826
1491
500
16651
81696
54281
3972
4159
2964
663511
20223
75095
18239
8178
399674
272858
42240
2682
665
496
972162
5256
246316
8838
2025
685389
3252
3770
19394
5509
35903
141858
12238
75778
3210
336791
9299
9607
16010
3483
584017
4896
252
41513
1333
1822
20308
5812
788
106800
2682
19947
2008
385
20034
22867
15874
281077
3370
26311
3149
15641
52091
7623
10764
107095
1998
4889
41060
22414
925
7828
2171
22259
606832
914
56251
74655
4885
14275
2037
8865
236971
21476
2199
22474
1492
3916
509
10988
2525
5810
29443
4667
7091
3411
15501
3076
3135
2635
3319
8299
56603
41371
10450
2198711
7248
7604
14530
994
25219
27139
1376
1108
8453
160781
14266
5890
78282
1263
1243
21809
229872
7036
13295
5373
97485
39792
305
3147
6394
60302
9433
3528
806
10175
17237
25019
49207
24395
95484
76860
201244
929
41643
19261
2461722
34029
12009
1462
5190
27480
15747
2368
5506
3356
10378
10590
4781
64490
5450
5384
2991
7768
99671
2336
13881
24971
13372
4232
668
13956
3559
237808
2824
492
15130
11446
17324
4324
34805
21493
8549
742
8451
2650962
426095
940
42066
29103
49543
5560
2292
81836
21063
12752
4591
515
2078
20640
1845
1025
96854
73571
125855
18743
1443
8339
38363
32379
241251
87553
68557
91569
3395
2585
117696
177779
774
710
1590
23706
12098
29835
50438
809
10645
118483
68387
1792
2208
2709
37924
137390
6925
283
54307
11962
50842
14610
13092
16074
32767
197046
42316
7102
538
687
70786
45886
30198
7896
100871
24848
35582
121065
160231
8031
4378
19059
2219
10993144
2472
9655
14615
18278
36915
2781
3871
18827
8575
24976
633122
741962
1794
142352
66734
1401
40057
40638
20527
350953
49780
57219
50043
713
10168
225338
93135
7706
434658
21423
390658
7086
1209
1337
52873
1861
284179
102129
16948
127339
180938
112824
8970
10813
15197
7762
735
55597
133696
60278
618
4414
1193
4354
16981
4659
129812
186
105925
1025
234517
198
8594
3276
8336
10622
14674
2305
8409
14196
476219
29590
43857
74404
22957
2907
4834
2464
8005
372
763
4343170
45197
1297
25160
1893084
86579
9991
4938
51032
25420
162470
37700
2824
18736
2046
53748
11268
172572
232481
2131
8334
5164
207589
14051
6837
660
5656
2557
5235
45681
4262
499803
22545
9661
10834
30331
16700
3584
84493
5903
2613
2305
9968
7955
5342
5323
31428
99522
7137
3684
6961
6054
4191
36424
3285
69425
1101
50034
30129
126737
354982
25485
3775
7892
18968
1375
24726
610994
9091
21617
290053
76251
4174
7924
48833
4802
981371
9493
2313847
323532
13735
11505
6945
747
8626
11455
30589
2905
20333
13856
11072
327
3479
3698
1943
597
14471
10848
1672
2240
630208
1233
147956
116313
38066
2534
9263
18182
1065
18173
2744
32091
1944
3555
1054
97809
10879
9286
3750
16793
12775
30383
1253
4428
639244
47125
1970
1528
19604
61736
75500
7034
69315
61434
123366
68950
8214
713
59503
80
1902
9127
2191
220
44299
8833
35428
9045
4205
1300
2079
62658
1095
15102
910
84535
7845
26615
11492
81009
5741
2431
6078
4167
145152
84298
8812
12242
6341
13338
741239
565251
368266
30337
11195
958
6216
9086
29461
16666
1925
95647
177
3434
6922
1144
124926
709953
13328
94420
290549
685
169497
628
112
1296
1035884
146391
1392
265813
2228
8653
17641
6435
11471
39095
8268
47740
129765
14151
96152
7437
2035
4888
5180
5159
73194
129560
44359
1419
51182
28288
6922
55458
13856
144698
9465
1283
10555
1986
8187
169736
11218
4156
4071
605
16340
20849
8493
10061
4375
1227
292237
55869
6423
28158
39137
27955
50863
6415
111927
6858
16772
51014
13348
140808
2691
23869
2697
4605
75542
20807
9970
848
201792
64212
68645
2374
36565
5381
511188
646176
9651
23264
225274
906657
71818
1074
1460
2645
13090
79051
98799
11580
2173
40904
23134
2481
131
5929
6257
40871
6442
39888
47416
1131
8510
7760
847710
1995225
362902
100012
5857
1331623
181186
15450
12176
241693
9023
616811
23819
3816
7554
238742
22131
1671
1318
523
5326
75349
3980
112767
1379
10877
73242
5448
15964
4581
64583
63521
3835
81795
292847
1811
13113
360516
1774
112121
2762
9981
6908
1949
6267
151
62402
1412
100810
344620
16436
3565
4365
2436
4260
987
14878
11569
18499
1612
31515
1935
29823
20269
602
60739
271861
4319
8363
120006
26090
2962
5736
8771
726
7038
64556
75011
2295
39618
8317
2178283
192
4505791
2374
14913
3688
7470
58090
14553
674
7013
517
9945
1156
25969
460807
245954
2895
2521
83452
6390
4856
14145
74592
268828
10510
85094
8480
232
9313
415858
53429
1018
8542
29228
8531
93757
1083
2423
20808
10667
7967
3694
629
90207
10595
543
2863
14136
2901
5567
4035
3311
2226
721000
96806
71418
12539
1014
7263
37158
707
14187
7445
6790
637
17779
1137
5604
53791
77699
18730
41190
459
27710
21568
44169
1973
281
33341
17851
7261
29771
5313
30498
2568
7285
29281
1433
26973
19237
54481
1549
46215
24560
444554
773
93306
24147
3661
3842
437
31623
3699
2715
3101
316251
34762
26467
10856
7243
449
607
10144
2104
39564
36827
11775
22948
4103
14253
3286
2186
240125
1650
11373
16732
2772
22294
518
115944
34347
4184
7639
1021
3555
28511
55781
2931
1616
2469
5414166
1464
964
64732
7202
115509
325
1515
8634
15989
87294
1809
22634
0
14599
130003
3146
10255
64232
223502
15149
16240
1271
825462
39389
6241
182690
1363
1784
6855
4702
11989
126146
6589
5555
6143
6160
7992
1202
25253
3579
155088
41900
26519
14801
8972
6086
1702
13355
21089
6189
8108
107463
1040786
7285
16611
187574
390474
4565
1303
407
1349
749
1850
116328
633
30700
2640
11445
12880
1269
7327
308
56267
539
21901
13407
1292
29002
19097
40935
1053
5467
58807
4245
60839
11747
61917
3605
9767
108403
14528
63723
4486
4293
3317
7970
51024
5971
82087
11195
63021
113255
79465
37983
53322
82177
63500
21853
7010
563
197412
32446
6453
12480
22836
37295
26858
12868
11011
2524
27055
19546
1379
65995
11213
2056
20666
16885
11648
1879
2476
156
5735
2523
1343
12513
8822
18254
5463
4250
96373
27130
3864
1541
15925
17850
45335
2403
16828
2939
161567
4131
5133
105895
344552
1725
14683
6525
16594
3752
32864
15710
100570
6384
625375
30922
8604
1595
7267
8259
30242
2697
478429
11052
864
61539
3158
7405
786
240763
1723
52245
24886
19029
13219
11671
2885
5940
211
104149
150585
18563
12261
8682
727989
40848
29308
6013
11008
55320
27868
28559
105911
867
9173
132124
59572
16531
79225
2244
479919
4965
13743
51875
501
7140
37991
73714
188702
18549
1039
2804
87395
559
1277
1546
17764
2696
20889
11665
24775
1637
19933
10899
1791
41823
1150
4092
200099
719
20795
17176
14222
32256
10696
6570
3837
83332
332
6008
418960
33584
48930
921890
1210
107484
2961
112030
5780
19681
390793
2564
2900
26806
411499
7736
474
48216
4581287
46884
4551
119058
2451
41273
24121
2061
81881
9868
2115250
362051
142680
5951
12940
10313
50408
4957
794
26639
548007
15240
148446
49633
42541
1007932
375926
6793
1939
4000
14207
6034
12276
2699
438
12503
6486
1138
96130
31012
7737
2590
8567
51535
7545
3733
18134
42304
513
33877
3874
6546
106112
2056
68856
1529
619
781
33219
15728
27515
108851
1071
7634879
17593
12546
13267
69147
114457
5577
389874
463568
25402
3191
27620
9100
2937
13252
27083
2081
15677
5547
21384
5076
49997
2355
7769
159356
46396
2259
10621
7013
1953
134117
1671
5825
25328
52
231
7639
17922
112891
4580
52491
1284
14294
1335
10407
195749
282298
8552
994
10948
544264
4826
3645
26059
702
7510
10573
11226
1736
43810
30378
122742
1333
6387
9570
10724
42531
1520
51366
7635
52557
8035
45898
3119
1355
209300
17563
89630
2322
38877
7342
1410
575
4114
4390
17630
1482
8118
733
112056
822
113637
54290
2532
17424
47077
133853
3337
122853
9079
140
19027
6167
25766
412
2555
52006
39442
4652
15035
16761
2350
1398
13425
197820
5306
1157093
20331
47374
19380
59873
8596
635
2473
127290
79281
3418
30340
281406
35719
580026
153979
888
1800
14841
541733
7740
118294
6339
54605
2316
478943
7135
268774
14158
287292
16248
9194
300933
78140
379
3628
25020
10209
10181
1805
1167146
916
45337
1399
55462
36222
110340
62338
29644
2518
1022
10379
54113
25773
3411
34779
17234
135049
11341
1767
1125
11842
561
7770
45480
427121
9872
102987
10123
1502
35764
16081
1383
21062
103444
383
198136
14651
38758
7989
499165
22333
582
25856
7736
4540
341
7383
463322
2566
213
63884
42063
88569
1468
29433
1032
682
3902
14748
555306
25006
27706
396200
29544
16369
3524
68176
61814
99969
52986
7030
39919
9726
2434
4013
2721
2263
1299
4467
256935
2639
1531
575
33087
1492
53561
17924
1181
4016
381152
1635
9755
20849
6143
20333
4812
371
3137
17458
3810
8967
7460
10690
1311
1246
20132
166593
33668
43982
12520
22561
155109
11680
7823
1246
5718
17625
2548
4501
1702
14340
12536
255
28071
40179
42186
4405
78837
107284
19011
185859
23581
102581
975
70851
143
2246142
8618
15254
317049
669
77279
24353
8921
4572
374017
872
4671
32856
3388
18215
3746
19364
28084
6168
5471
19454
9089
1418
13629
9729
41105
5900
27661
23136
560
210
3280
25782
21685
4551
735055
4544
593590
3676
3087
56505
488728
114905
57830
2509
1387
74305
18062
2597
28585
403091
10892
3858
34372
10988
32833
312612
7615
33022
8681
99631
7151
227334
580
13073
819
19882
7032
73451
5672
33335
120082
3615
7667
58931
2112
6204
47370
81759
1039332
5901
21039
46998
14040
881
8384
920
2946
1025
43170
45079
370
6347
1711
15627
15804
2051
8566
82638
2394
11507
25758
32470
2325
10936
8805
3205
678
15118
3647
17630
852
26574
330791
140829
14848
8924
21783
162995
13625
232139
3569
7759
5742
7323
3929
18159
1247
21670
4326
2558
868
615
6334
10603
14783
8918
24852
119715
2926
13154
6335
507682
10793
1744
1138
10253
8738
791
18294
212255
93677
30285
719590
5603
2202909
6791
3433
5342
146771
43750
12835
13719
9749
32095
82294
746
130263
44497
248
65307
6401
21497
59487
847231
10060
15426
5133915
3945
9959
7447
1497
916315
529407
106046
2473
1294
15941
6126
7020
184158
130592
30465
118505
163890
6466
325055
48433
12180
89999
72304
2384
235612
2048
10324
4006
1426
8871
1345
236289
2895
3033
349420
1370
2721
40505
1261
16421
209
4725
1827842
67300
1326
64504
22942
6913
409
1914
26510
11530
1619
307106
59978
7767
194994
1085
8010
1577
2466
65727
272
75806
63325
403
479255
35468
22120
1262
14186
116812
30962
44499
867
89420
156300
669
476
10047
54937
1896
10148
7427
270434
96100
47729
10725
244973
41306
252
70825
98683
7240
6049
13023
25276
4003
4795
3820
3702
84796
1829
957
105923
1429
380099
89599
1014931
10306
1148
6033
901
10456
2187730
18063
10251
138094
27700
6520
38199
4082
9224
31715
361
10958
12779
9688
14261
64783
664
63506
2167
5769
100291
16312
303053
504
70952
247194
1503
1452
3168
10328
105478
87791
2208
14407
2733
16792
22478
25459
26110
24988
14435
15819
3217
660
24855
7745
6048
47503
25507
28160
1298
16368
60432
1704
11041
853339
10366
985
7424
1854
17294
74829
90366
11428
1719
55515
1622
110416
6449
9053
770
696
80337
6616
1820211
3386
60238
31804
33660
1117
314656
11773
433
947
1147
1068
4580
718544
94925
37130
2669
521
400281
40078
34556
10877
33042
886
18788
116145
55344
160385
102451
15589
172
16101
8171
31221
842679
188031
78101
5759
6045
10836
234922
8961
8631
25688
15872
72652
4317
10423
111
2438
93354
656
1013
459
25204
10303
22379
10350
373536
32071
913
74499
7055
7616
898580
76348
83379
80959
4402
197915
2657317
2842
908
28894
53992
6242
12938
80502
237691
7591
16805
6223
28510
81342
1037
39470
187887
58225
750
11885
79203
15919
2625
12973
6106
1933
864
199673
10213
51851
25197
6923
8164
10647
19053
153315
199238
905
92286
152091
2253397
38239
508
2662
8243
1849283
20628
396765
8588
144708
5479
10650
8245
1007870
69270
13596
8971
4246
6066
6766
11720
5830
139828
3174
51420
2033
368
16623
1326
3847
8670
107691
106825
104717
1768
38122
135277
2114
1813
765
145059
749
1060
19787
10063
2879
188
11839
4043
151185
121480
2877
4340
40996
345760
21810
14683
83271
198914
1440
146164
6031
6456
8231
3602
33550
7474
44958
208930
232819
6668
1141
365726
75265
32901
140
17707
3937
68112
2786
70532
676
1905
65043
480
7165
17085
21958
19167
13501
31187
2117034
3784
5039
31135
587
10385
104025
11481
7120
6964
5006
87921
2758
2678
966
4183
421
1000
54472
5471
11217
3027
420453
13382
8006
11308
306611
31002
65533
14382
144786
4371
3704
21485
5141
2515
2160
13585
33151
24606
272400
775
5149896
6941
10768
44787
7041
44088
2206
33571
6823
54255
410
143910
1021
29353
18647
21763
7992
99501
1795
5521
23438
2481
7625
52373
13429
4119
975
19827
35143
2650357
138122
393263
1107744
26591
1991
56559
7868
11332
740
93885
7527
14657
172533
14959
16896
15114
2811
3197
688
1643
5049
461
3189
57188
332731
24433
21009
1781
2618
1440
5321
2385
10558
1318
2245
42027
774
2118
625
171131
59984
5400
127821
18658
5680
767
7549
7647
1442
1842
54668
2565
29825
1559
9333
10859
4111
23206
14468
1906
11670
65402
161785
56923
35479
132797
63421
25466
285918
7622
2412
7764
50079
12761
4018
7103
80545
41246
33041
10315
9892
15943
2360
45930
23742
47126
1312
1917
1137
2690
38050
4652
655829
16870
10899
81342
6565
2398
109099
11343
4332
24315
3350
1861
6248
57610
28423
22152
10217
617010
1105
26511
89256
6957
2619975
23093
12791
15223
39795
846
385990
722
7017
71194
209664
1512857
111405
7830
1555
174261
236755
1977
83651
28128
865004
486536
173808
26870
1149
11113
2566
17538
1106
4515
856
378
2046
6570
662
128505
270
14175
2687412
15214
20460
6088
30649
28535
57129
110373
23756
49088
490
389656
56718
28900
1285
37044
1006
75769
45169
216773
5567
327927
17886
8817
66063
1023752
20038
5822
4241
5466
127654
69096
183357
61245
21913
22648
19996
3324
285501
8748
91780
396
434267
20119
10170
36172
700790
611
4342
966
116
39453
5763
153739
119325
19945
11661
5444
1078
675994
119590
187622
18749
55716
1825
383741
2836
8708
11795
11205
4122
5598
107792
1329
3113
2537
2112
79762
1753
906
16936
4126
2745
7575
76169
90939
62262
23222
52574
2387
772
6912
2291
6469
2061
12409
95371
7312
10518
3652
25671
1415
2445
4370
73112
551
6953
13638
11507
1819
27408
7089
8564
25821
19611
2474
397414
38478
20442
5834
14289
52139
4723
4402
162532
1581
13645
22622
13045
1369
8757
43950
79833
6200
2103
5006
499
12070
89578
9289
20938
7662
3070
7362
33931
640
1264
2002719
31037
112388
112990
10477
8824
2078
68163
12428
10920
1955
1212
25184
6431
7109
18763
7902
49950
7842987
98977
647
5314
503
27462
308781
1630
7479
21865
17690
399
1255
1502
11360
24065
2531
20436
3456
6179
24403
1392
56784
791
4167
837
1900
26677
4759
41160
11895
1906
51915
5450
40593
5154
52836
6671
223878
1733
37957
6066
22620
27291
13224
73777
4483
7127
3526
14117
5127
132
1135
15528
4101
1202
3126
160446
3984
147340
101576
674465
5674
1456108
8490
11872
2663
23378
11453
809
15625
11716
596
5757
5777
6885
45935
17870
2403
45439
1347
342
2708
1526
11954
218300
37446
14452
23666
1378
320278
12446
1129
4006
2743
47991
552
21517
5275
11243
10534
341922
225193
9847
4056
71112
22087
27312
248
1129
39678
11669
85152
2447
30047
60290
340304
27062
19682
8678
68176
7034
301680
4538
6360
772
1963
299190
4829
12543
1387
5925
53909
109188
1052
437
142500
21854
3372
13861
11291
7224
143794
7668
338399
8346
7947
12836
2922
1454
11597
812258
1417923
860651
10874
5464
11292
9315
8167
9273
2667
2100
13355
2661
11032
35464
5981
6864
1008
660
35072
926
1946
1617
6903
66728
12548
4518
51153
12614
7887
5506
3514
27363
13411
9642
13116
1732
3013
18489
14723
2934
188545
26636
107290
3263
11428
97262
57579
3144
1045
13018
83942
121506
88936
3448
2791
76648
120192
831
1470
28887
18437
4683
6940
17892
33881
8357
26236
5485
18069
75102
2343
74589
15685
11755
64304
1163
2438
30223
1742
1310
34917
28779
70644
38206
45856
36608
156056
42701
9283
2471
10198
20210
2706
28044
1265
11826
131937
7791
1760
710
12651
21155
1986
1795
351714
4426
3283
1334
681
3813
7927
1672
107182
6640
238727
108547
31147
11952
36128
1106
980
20471
234813
4939
3456
48212
5876
1003
14889
46153
32898
1159
31249
8158
1165
13092
566
48527
166752
9763
17107
974
3341
32581
14546
4991
1919
33084
29569
12407
32434
18773
28047
51825
1099350
2423
89113
5014
149587
519
3352
1191
7010
1063
42377
4954
837
1507
4968
51987
6342
4514
4454
1425
187450
559
80127
205558
2942
1964
2306902
1823
679
2880
70380
111532
251568
3657
249971
81175
20400
150408
505
26580
1126
924
28704
3500
33703
396401
3222
77219
9380
118224
4813
3317
6812
14194
290853
16311
3932
6614
3295
11993
30756
1935
6648
29459
23973
2548
902469
41101
38527
13229
14199
7132
989
7100
7403
1230
915691
457
8418
201275
6162
34149
26444
68437
8139
1110285
7297
2331
36181
29179
77471
4139
4264
31359
66049
735
208000
1646
12379
5455
7868
45713
131885
10767
12892
33713
1377
5657
37106
55761
9333
2441
10808
10741
7868
26998
44337
5826
9331
32043
17344
106785
61421
7276
326066
8851
2510
1155
13626
25259
6769
4081
61001
9657
7267
3163
258144
2241
159604
172274
457369
34502
3259
20533
16208
977
30192
1678
19007
15826
615530
1684
99801
2555
16146
182151
3276
2849
4447
1686
5007
2781
161331
48626
744599
629
14500
1028
20604
179889
13078
1183
1014
119159
24438
4010
248450
149329
44856
101317
7151
6656
1309
12634
4118
19706
49685
4500
67168
66734
2730
2549
2905
18453
16175
22511
15029
15728
710107
19269
391
166805
13364
5994
854
1674
99511
1866
18089
1124
4660
114697
81792
336
43394
1441
7385
10589
9992
2570
8887
6080
21071
2035
106660
2644
7285
128668
24305
15714
10285
12280
59273
5483
21891
9950
120203
63554
6696
13872
52509
1195
2968
16821
2237
5437
22660
11740
30127
621765
58098
1342
64645
628
81918
14974
24881
20411
101104
8837
3085
164804
85503
2306
72190
49637
1497100
19794
21423
2635
174210
28521
36017
10994
576164
1670469
57443
8322
1360
197393
99184
17176
14825
8515
193515
3506
11387
2445
252283
10270
41477
169356
4932
1158
1671
1921
12485
16502
1305
900
41035
23220
45206
3807
41244
19204
170212
18492
3330
12989
64325
7224
94067
1010
38457
1356
13559
2696
2779
111857
7574
5415
6272
2018
6565
151081
142588
9416
751
17547
2777
75076
52052
3614
1743
2870
12410
16129
112
4406
21714
228
2012
201489
49948
135539
1966
1666
276060
1127
3975
222954
13038
7062
13960
85160
12144
10661
54277
73491
11171
15397
10253
2980
2317
3766
1119
396
33416
34175
498057
60552
114020
27086
14390
239
18966
6767
12418
10430
3825
76938
527
17481
9332
1896
232
6513
6508
11860
11083
4970
10015
7017
50026
168934
128969
59018
9700
5057
11416
266155
3504
14099
156495
10410
2371
259076
2213
108207
7072
140
10796
219399
962
19146
2371
29759
103896
284322
2013
3359
865899
16763
49708
6531
2571
4915
13100
1291
81309
51793
3380
1019941
12763
1800
15850
155944
13654
56982
9852
11047
65292
68124
5391
2898
36295
1772
269205
5974
63529
47434
9079
26768
2788
1139
398122
10938
2926
263
822
9771
350
5643
12082
632257
9182
8641
37091
220474
4263
606
3869
16234
147668
5045
56
27675
109873
15371
24511
19615
3780
1936
48285
175463
36799
2460
281
104668
47246
4268
18066
629
5993
2789
45690
28405
9052
57195
1712
12452
11237
711
30466
78004
25431
14852
12547
15376
4965
183
12317
284389
6979
62613
5673
6533
172
318935
132050
3584
26773
4527
35504
25604
3077
12861
1598
1221
891105
19779
2019
1727
22141
1380
16883
124776
46664
31517
398
40
33163
1419
6523
132
102645
72928
15804
1555
24219
19631
31057
35540
2488
26786
550171
13392
12688
5015
87970
53464
1976
2938
10356
43013
175
5297
3745
10101
194565
632700
19741
50960
2078
6389
10058
705607
80521
6923
7614
517865
18595
85582
0
7356
11713
9883
483184
12269
17200
13627
14940
9303
10421
76183
41050
9848
776
86468
47397
5585
4276
1738
674914
44035
308528
448
423
127645
28064
20988
218560
14044
92433
36459
862
778
20845
2508
4134
1648
4549
116433
1531
1046
5525
16315
192223
102418
11565
1202
18478
28025
127361
4387
28483
8472
10610
8697
589196
7137
14184
14249
1983
211
61649
5769
3859
24365
35485
49235
40475
174133
13450
1854
25680
25017
1331
2237
17329
5058
10597
12710
103533
454
6962
6608
4769
4462
112874
409
6376
1339
17286
15165
1138
150569
1133
10011
28922
82174
4611
3256
189807
5566
20516
514
27909
35327
487
7335
29741
30059
6613
9765
618
24100
3188
3075
117476
31319
1672622
13597
466893
11243
64736
10572
49882
4818
268477
2886
34372
22216
10280
13040
3005
70904
1848
5181
2017
8102
13995
1868
982
50489
27818
770
638
24137
111131
16512
3445
154143
3850
36250
82296
5992
6272
1564
22957
1793
23158
1723
4487
1073
21471
703
2589
15987
16485
4322
1302
14391
1234
460264
31634
81336
914
589702
9098
950
7801
130217
44920
21029
10680
58121
9872
5416
907
2480
216136
669507
23089
1346
12124
21539
12971
434
1374
23053
1680
1002
3965
7450
9677
180556
668071
3543
793921
2169
719
93500
1319
3672
5434
20918
307474
11964
82190
1023
4503
33665
8236
35584
13875
989
26576
5311
2825
2194
3477
6928
13877
15706
327811
395
855
8007
80875
101426
1657
94830
7838
411951
486
1938
2511
1408303
3604
9613
1670
8654
76672
1798
2341
33417
4055
26700
6809
681
1086812
6925
1648
58936
192
68080
5479
130774
27192
101232
9374
3113
3522
58501
269422
877
794026
52065
9467
59546
896743
2500
898
8721
95132
99851
5455
96778
448
81483
68325
43302
823775
16464
15026
3132
3656
8164
1100
2034
202568
14320
7764
119198
46497
64534
32178
567793
7556
10705
18775
83863
68761
11614
13772
21805
2329
2723
532
75679
3845
23879
37664
131644
618
318
41176
73871
1734
36119
177092
1552
23364
99660
16964
1717
2492
134192
1288
75045
780
20084
627
7243
146021
115124
12910
23482
17847
1140
4352
1049
1413
2702
148445
3185
31272
1661
2351
106537
2257
20249
368060
53643
34019
1066381
91579
29563
3425
1874
609245
24598
40992
508853
1923
39315
1761
49060
1665
3483
548
55218
4393
54185
2667
27590
25307
894
12009
13691
26212
12777
30158
21219
15518
24813
775
3498
1572
18558
37840
13542
1622
1801
13855
4260
18736
101709
2737
42787
1159
44157
12537
1579
1260
25278
52234
8421
89549
863
15799
16566
28177
425454
247
304
6474
938
3456
905
2296
11395
8097
4471
14935
623
10090
489957
1422
8724
3622
2011
3027
6015
233
7551
15715
9196
66954
2057
138284
39003
9503
241110
70817
20797
13998
42132
408327
9342
2641
176
57335
11874
42478
985861
28081
26368
46447
10119
44351
570
871
3982
253126
1342
58175
5874
140570
2204
816
51463
551141
9910
15264
9123
297252
1531
7973
4892
5461
578
166275
241148
575456
21035
14354
9182
299201
101231
789968
4793
20103
23976
9328
9280
2460
6212
14902
8163
8471
4580
44599
12469
2584
24104
40736
26383
244097
1054
1353168
4927
4139
268730
21637
0
31763
56501
12706
30017
15850
19515
16154
82781
15762
10182
9124
25305
413
122667
6536
287005
21748
10258
446
16829
552581
2565
40988
9605
1457
232
748769
846
27325
2764
1788
9522
1729
20957
3015
32592
1626997
69484
32902
500975
1205
42553
115167
33409
3119
7113
730
2088
8026
9648
462574
62898
8015
659
6065
4200
1976
7202
1401
11841
2301
2327
12629
50913
6297
2401
323742
4779
30576
4269
27529
57662
802
2018
7840
18838
4515
6721
13661
322606
153703
14260
15337
49036
1828
15446
773
7380
1238
2825
157901
11566
1613
99892
1217
24448
42064
9785
15675
8609
36443
50614
47079
13529
839
342038
37615
32863
211885
5151
1683
11452
8786
3328
27444
437
5574
12312
6355
48766
7764
16326
28010
2668
6097
2241
6137
8991
28060
36701
146717
18525
2351
333786
11677
10938
5816
725541
1246
2975
88121
5559
7959
307582
5028
9182
769
2273
7433
4355
10375
2169
2346
16195
1070
7063
1408
8443
15176
5141
7027
40193
44074
88511
2115
3349
21319
794680
1864
214235
3213
6847
47118
30800
170275
14151
2177019
722238
4013
919
37114
8567
165158
321
43436
56569
3510
53403
1733
13105
15659
54184
4565
39481
37913
29363
17110
3677
34023
11462
68562
7793
5688
2118
298
5119
1706
10601
640
97501
23169
1849
3172
2416
201138
62252
2376
10449
4808
817698
8089
56752
7062
79665
61666
2627
2673
10610
2572
23130
19738
149489
1801
12267
4080
49506
7133
7712
17733
24333
7890
8314
10257
2351
109806
2444
6156
21030
9844
756888
13961
5734
3549
95822
4628
24776
1910
2037
137952
14923
106751
12936
13363
39123
3262
25925
13779
2955
575
1747
205515
41010
1664
5834
44696
8064200
12944
521536
1116
58031
19322
49847
948
1170
10535
21154
107108
19036
21147
46406
4100
59468
32075
1126
8161
22843
87396
2772
13793
26396
1777
7935
4799
58845
13229
123345
232706
1250557
2915
5800
6197
422
39154
314
16158
8659
20896
99409
166816
3433
109527
15000
3531
41348
1114386
196785
95028
196135
266035
126499
12865
18345
35095
10978
207234
48037
21907
1831
2918
21505
322
1304
63094
7855
175
3815
168
2794
43782
8728
3354
29648
7630
32500
14372
336722
63186
7957
85110
4431
2451
23458
170
11528
258
29225
1364
100897
3547586
1729
12800
3529
15917
14145
1044
9203
12201
1559
28681
145776
48430
4700
32569
5052
23175
1901
19303
2709890
40521
19038
40985
4934
22268
2297255
119723
14658
1490
5340
16020
32126
9193
1069
5618
394083
25257834
21401
7423
1269
5570
3050
45961
2268
1361
56630
16753
5074
20167
337108
17384
793917
998201
1405
597759
8628
172376
13208
581
9992
2744
64750
3732
176945
321867
12314
695
12627
21055
21207
6881
35744
9260
12839
2318
3578
1710
2394
81977
14694
3342
10610
138412
10258
5071
1660
19502
11965
1318135
25081
1096
20087
92130
5576
387
344168
207315
3379
463921
1858
1234
904
21503
5604
75355
34848
1454658
235
218583
14883
2112
2561
179958
16894
976
1992
619509
105356
46206
26533
7299
35670
125692
11788
985
19046
9933
7133
33967
970
5899
59037
4229
3556
253456
879
961
1862
1500
7080
17702
3409
5541
84078
16525
28268
36641
31640
32648
218416
15949
42191
26295
1981
12414
14147
23697
104609
13967
8973
18980
1217
2096
12797
91505
6621
1751
118035
12081
17815
26620
785296
14784
1394
199324
38345
45791
89479
144882
16541
3665
7859
2084
18618
3815
7597
74317
4876
236776
48486
2758
3489
2147
1654
20557
2322
15660
20527
168105
17730
41595
67102
59891
92380
9768
12756
9431
648
1201
31655
70325
1165
2375
758
505115
2859
4451
14693
20333
7888
57276
10652
2194
1310
25169
194366
2936
22256
1476
4806
934
212794
14620
5029
24583
6558
567
14612
3344
2440
63181
558
42542
53742
21763
5692
62130
16329
21182
39051
22538
11034
12642
8711
7437
4249
133359
11595
4844
3190
4316
1689
783
1639
848
5751
412040
36879
29830
2502
3804
4276
10550
5650
15826
1210
253073
17177
13712
2521
202225
48209
85077
9194
64283
3204
90721
516284
2252537
1490
22948
11018
12236
108767
18282
1500
15182
123880
3311
2802
316350
47124
21911
10906
86113
709
58083
2597
3851
5310
2910
41456
10569
413761
3247
21220
59379
5351
726
364987
7148
6734
56853
22907
5936
8156
144
11563
9027
247174
12974
5615
1851
18222
11826
11047
72497
15584
318797
1009
27142
12341
24995
29782
5080
33338
272533
385628
20047
43431
3923
489676
20334
9143
28538
5502
65025
70735
32944
2173
18526
8473
1220
11709
37695
3980
9139
73470
8550
39777
11974
7499
4051
22834
37365
6620
159405
37796
12956
46623
14781
69898
7728
9693
13243
697554
59721
1510
285084
6692
19828
5545
13553
13242
1851
85976
741049
96115
24547
18915
7145
4077
42483
3173
40
6760
1378
42133
6617682
110860
5996
35276
92
5459
51867
14703
62213
2547
2428
31651
35780
21248
1914
90007
4460
1993
22669
16750
15597
1601
71540
17780
15787
4173
22348
42761
159771
7140
3087
11246
2694
4469
81407
16817
234
9926
9841
24630
28866
7319
8047
4020
2386
55630
15052
94493
34492
305650
2512
34363
16149
25513
33550
34115
3047
1409
13948
15514
992342
8139
94698
5511
3160
7934
224
166587
16780
7738
11302
6331
39257
339004
2389
35867
18779
857
69756
13672
9266
100820
398
4314
6580
42381
12769
332
393
5240
40
7529
7901
37219
125909
25975
1514
14437
4689
23116
2087
28152
39080
19677
9292
56139
14171
140708
4972
275
7593
3145
3080
1093
303458
196
77718
28226
17025
210876
3016
67934
51056
56227
1016
9060
478854
2147
92468
2007
4199
40
19503
2418
25754
67072
9304
1067
68249
9186
1820
46389
180
11870
45380
454325
2094
1312
1525
1989
14598
166043
117175
5444
1611
2583
4392
44600
4287
101678
142697
6719
3724
38048
5760
30227
27667
65637
16627
2200
201661
64607
36721
1142
100866
1157
39384
1595
24886
2432
19705
1311
4424
23054
3969
4488
5015
154855
1128
39404
4695
40659
1766
245394
29561
4572
23529
11301
28391
8709
62883
68101
12181
16491
1953
24519
10168
14594
167330
3065
2754896
1945
1412
14790
8312
11936
17103
9296
444596
3391
4683
9535
2771
8071
28119
7148
8079
14196
1327
12016
1269
8982
2445
260208
5856
30779
5897
30757
1028
300975
8110
28562
445947
1456
125401
1247
33332
6315
464483
2374
5653
13254
88227
39023
1374
41036
40317
21369
836
7603
5874
1945
5548
19387
19790
7700
48815
99961
35058
2335
4823
7037
1427
40116
11143
8722
7317
63103
3475
4618
10974
78762
7322
4657
648
41210
710568
14497
1891
39777
25320
31870
11007
2680
507
2311
8736
1022286
744
150733
991
11952
24896
5229
32544
624
55654
51169
42280
26227
58853
18515
3067
747
2030
2133
9879
3361
7248
23647
11180
3009
21363
5664
2005
47537
927
3084
30410
863
79977
9063
1170756
21377
3657
164
41479
65021
17537
10070
442
55581
10381
19606
109424
41235
13163
9790
33764
31365
102785
152136
295641
44728
54725
43949
2798
18091
6531
1528360
1026
6186
1667
7436
1056
76530
906
3190
52897
37837
56669
12237
60
5382
4247
5620
57668
526
5398
8717
4636
1443
2454
2014649
697320
14067
5298
2736
74549
84
14197
13603
1358
104
198397
124610
1666
28501
66626
3975
14953
1959
55317
49344
1091
85063
829
6848
44750
445761
1742
1039
22026
10806
13657
2410
28360
47469
75478
3143
10610
2238
105777
7397
39598
30796
32812
2073
51161
9121
3205
9020
681
6435
6221
1952
1903
3335
17314
1087
2173347
470
26633
56168
829
7549
75237
3140
71242
10412
461
14937
12181
251219
20605
36914
24581
62299
9068
17025
2109
15582
3212
18152
186364
7518
20410
2586
13683
57734
2678
69583
18117
7129
130307
951
24565
156
19127
1285
29890
24917
1558125
67611
6805
23228
143524
42527
3982
7018
2583
2937
470238
16871
14890
742
31249
110404
64160
3159
5011
8460
13299
2696
162740
4043
1842
16122
456478
110738
14092
13372
4561
788
22306
63704
3952
14266
250316
1322077
12894
2108
1221
13023
81335
21765
18247
864013
726
5286
118109
6156
37728
7563
4012
553723
28192
3213
9911
7890
11145
8662
16725
19485
38600
1617
682268
277045
3527
2150
1838
27923
21879
37408
478032
228507
8059
3725
1981656
664
10058
296
56455
18146
354996
12790
1516
8117
34615
111102
13002
53280
5408
486
13158
1104744
2257
723463
40213
662209
36341
1886
32710
19908
1833
1243035
2200155
7729
67328
99822
1677
134712
660
30935
75362
5729
25214
6935
48647
19936
5173
9093
5054
6521
330
12233
34524
34345
35859
3088
603662
7607
9766
240218
301491
4566
15875
2393
14279
14949
242041
1088
49172
2049
9535
1215
954
596
81477
9918
27074
5947
30976
2162
4064
5397
2373
6866
3757
10176
8693
34052
23984
3217
1661
578543
45418
33075
6156
149857
632
30165
16261
97774
13341
103109
13627
8408
7201
76
99264
1086
179081
87201
536269
389148
7755
81105
23127
806
7109
116119
434
12985
3563
6194
15098
513961
55082
41858
70337
2919433
1363
129144
878
10898
416076
5564
17855
90277
87635
6567
1312
433
139657
11481
33240
8297
712
89720
711
60
6255
108321
193
14131
6971
181951
442
35331
2451
105225
6489
14637
91740
124604
3584
23834
20905
13836
161320
2613
3771
2521
55899
5228
21462
5794
166306
33918
9316
735038
1034805
1418
4000
10882
68657
117559
1112386
1883
16707
12602
2165
80861
27926
11729
2460
442
57059
61495
1329
428741
2031
17553
8063
180
1702
779554
1375
120
2709
523
37294
683
16291
1129
227950
21099
473589
1470
8421
595
45237
3783
659
14070
6691
5911
16846
36154
21030
8189
17736
17834
74761
24081
4566
11238
37064
3597
69826
11455
8165
18079
17302
63819
1976
17963
4192
33340
49152
6079
94035
24298
10588
232925
2725
1019
75552
5415
11235
25065
7696
130512
4120
8492
14899
15331
4483
11409
11481
650799
400168
19465
687
3809
7926
272396
23070
27596
150075
528623
24485
7863
5916
4019
8821
9052
10471
14266
10487
47321
29696
6115
25532
23172
89551
9265
43233
536037
2218
1893
4071
2642
4702
8471
181827
4748
13862
20945
1326
78968
2602
7323
111674
699
6406
2311
8564
1265
61258
22091
731
21255
4712
25557
31042
6361
8388
26469
5682
626009
54533
59594
333
17231
87416
16359
37325
4086
4663
36244
2565
4125
1511
2465
8201
81974
8550
153785
37159
515
3300
9039
644208
97465
1031368
25134
1136549
56245
311
2550
7761
184
567
2635
1812
51263
432439
5122
96481
10053
8251
9293
47435
30698
1432
2802
6192
501
11602
14694
115841
44103
28427
84474
68171
3239
28918
1583
1389682
180742
312729
109147
24182
6292
58064
3546
22477
191475
169719
59873
35394
2116
32454
827
8044
78376
4908
2091
114981
2338
732
37459
136038
2173
1287
9155
82569
5098
539816
8006
117211
59827
31975
61676
100469
208
62613
27586
21549
4351
34384
765
4348
1650
6611
36725
44161
14279
3380
2268
2095
3481
16656
142899
1333
2855
42357
19261
126404
6663
21756
522962
9656
1325
4654
766
14341
15208
13655
2945
1964
686
3274
3590
34307
344245
19114
107879
1154
22418
1154874
47714
16250
95303
5199
244017
17537
37595
17445
6892
460022
1805
13763
2897
97682
5440
4894
28724
270513
4153
36434
18877
15026
343547
3059
13357
258314
220
33953
18042
903
267768
348418
13125
157631
206757
6661
15801
10247
1931287
3992
2174
21401
622
37335
63295
2974
4109
2549
3598
48318
2880
6211
1137020
13240
8169
116466
90926
10065
98133
5595
1958
2276
995
517288
750
491
4495
774
1317
21484
6177
175766
19700
5216
641
89682
32376
45678
13263
29935
2395
13417
109856
1667
7366
43328
1769
480764
27175
2177258
5225
149444
63362
2913
1006
36978
40895
2648
27535
291
9070
40906
836
1474
6618
1264
19898
464
20547
15355
223449
40135
39415
14267
79944
67835
85194
65196
21698
168870
713
44146
752500
2252
14121
1351
86076
3966
4110
21899
90536
7949
23040
132267
2364
5110
2314
19525
6736
6647
1009
38135
220
29286
78431
252299
168664
676
29468
272295
7223
1288
59546
5168
38801
91568
669720
293931
6165
1666
218618
28350
21863
1386199
16831
304
47207
1404
83411
4906
9793
1036478
2062
13884
29684
913
76360
16622
71098
20282
13083
2854
2757
1198
2303
7820
78652
61803
2038
147853
467
17619
58165
51104
8231
7129
85340
8233
132176
76729
14470
6631
1397
45848
21221
97275
3596
796
48525
34133
1165
4512
2568
4415
1583
2559
18696
35945
71
13582
729
6083
6846
475669
35019
309
9466
809004
1810
19208
853
9016
9338
27797
393896
2423
1116
957
9672
6693
18930
4449
233522
26782
1876
11326
4855
5910
52509
795
6805
1017
232
14770
19712
11349
990
2192
9646
6611512
6726
1528280
5366
1683
52226
8982
5357
2233
61236
6369
3100
21778
3373
6208
12222
2824
313064
4300
45221
6073
27999
4385
170294
5876
24651
1451760
1422
24307
88620
28546
393048
60291
33924
81858
545
2318
2124
1540
36199
2244
89354
306
599
164616
8386
31016
2515
207
2261
31640
1051
79509
49284
42623
1039
11210
5888
12877
180
223851
7837
7022
8020
5128
884
12709
4767
203108
1319286
33357
24694
2054
2769
134434
13565
755
21640
696
34457
35967
960
2615
40968
2705
17153
367
21377
273
13754
81274
35145
4883
179605
20620
15308
27936
56203
3554055
1569
984
27132
75453
44598
9938
46109
2993
10679
849742
902
49031
10706
21913
13150
759
35952
9428
658
26049
548097
199
1307424
5477
55959
126739
14069
8350
2455
35499
937
2862
4518
697
35560
24629
3893
82478
35901
3451
67457
86367
1569
824
65592
153910
1659
44923
6877
270236
8090
2928
993
27467
8331
25880
8235
17113
102602
2272
6028
87809
15454
1983
8945
1366
41129
1345827
38078
14385
3026
7985
13990
11903
169247
57809
4484
1232
16893
27176
6525
5142
49423
185963
564
952
4410
140695
669127
98676
135151
18193
3575
174337
14816
813
2223
2463
1290
24044
421559
11010
96687
34998
34812
128718
11719
2210
95066
15496
9560
45201
65740
27457
35729
1754
337682
1152
1758
21222
1350
9227
258054
2010
4856
24780
57485
69349
3364
12059
8510
7745
46807
415228
11814
1571
8136
1212
15047
63199
2561
5582
4053
65329
6547
1087
6873
111457
8736
75785
1609
7209
3895526
455939
67313
38694
6931
6581
1590
38746
339
5749
45946
2631
2586
1888
2882
2980
472
3004
19735
8265
159306
7632
6850
1070
8266
6427
28410
10190
2002
4972
3224
2788
10420
2940
129686
454
2242
6163
1355
9747
1141
589
705803
79391
11670
15603
82131
988
9625
81590
1615
5723
22350
7095
2182
5316
1533
6492
18016
127326
420
43421
35547
1121
207848
9284
22340
348320
6467
77788
824
1619
8952
1338
22797
7122
95231
44042
14677
678
218
32439
102371
30137
7366
105575
6194
6051
160
6813
19779
27941
1906
432
792
133758
697
150488
36089
7043
4377
12580
6138
40112
12835
609220
49996
162563
48451
450
11306
7771
15866
2545
14006
2402
79234
23247
496
9610
52543
49340
65730
16002
44656
6280
6119
2205
361564
1315325
25146
441
13946
2452595
9678
2594
4185
642
95339
1919
32400
2094
719
178162
22304
9906
2121
643
3011
20690
11036
11508
9186
11641
1423
32569
2343
6323
1089
100453
8234
26360
2508
2216
6229
44654
205148
47192
48789
19996
53007
19290
5485
7012
39482
91436
32587
2292
5640
22235
108878
22586
1505
48471
5468
4541
1761
1745
426794
6855
2363
6188
3224
8476
180
21539
8713
41422
474
3610
347785
39208
601
18662
19902
34356
6474
159411
47257
8151
298
214
222214
10132
113174
25048
1299
298151
9680
6421
2012
164993
8855
455123
8662
1879
4826
43106
22233
15987
4158
6066
1316
4084
32039
3016
610
24542
757937
75953
24118
3835255
274467
7576
27614
78698
32201
3560
7760
49432
6092
37558
930045
8378
799
3854
1364
16291
58408
17084
4440
6337
1379
94553
6179
820
3220
14472
3779
19548
36323
8673
1494
4019
3913
89768
4869
13076
1292
138490
3516
21844
639602
92004
2325
512
32279
13299
1124
422
21203
7020
14623
16340
4682
30748
4559
5677
11132
3452
164184
2502
55530
4399
1175
158
1854
45278
24689
10546
255
2407
10031
38693
893
63286
6881
83677
85297
148674
7561
1554
13907
2118
332
2586
3733
60519
4677
22399
1115
7447
109662
1181351
74442
1343
42550
17485
55763
33531
2162
10827
3837
1959
69569
2091
5831
55653
139553
5660
70919
16637
1439
2095
99765
474366
2438
25586
5520
66468
54250
8687
30917
43646
167473
59911
34849
965
4303
6959
10793
14328
142232
1328
106979
17987
104959
15855
14478
47224
126379
2554
108145
13411
1400
14529
2967
68984
40587
77434
12962
11713
879266
252455
1954
863
553
1436
2040
14551
4993
124153
2484
32234
42547
5163
3190
184904
17167
1213
10278
355128
189192
2490
17493
56253
15531
18172
998
5776
7102
5181
556
63826
38185
659
343328
359349
237
53157
3797886
10160
5034
54399
10931
44758
26159
3535
12275
12252
1144
26184
53687
3017
19556
35550
316130
2297
2063
11786
6809
38651
6648
37801
205285
19163
6233
2064
2204
489248
5888
1404
4870
26823
6426
73356
6079
25958
63540
456
1572
3325
101989
456337
43750
1024
155624
95009
10781
6519
7553
3516
132405
1332
23080
27230
775
683
62717
52734
24957
2590
77323
20412
5290
128400
28965
53513
95266
992
461
47081
1160
6560
54105
216390
10808
1493
1132
733004
11500
385140
2618
185260
108331
7121
46940
4018
1150
5363
2807404
971
40545
14977
2630
429
1847
13461
23251
5687
107276
88217
11228
28780
212
138773
16411
2403
2460
1923
14131
13303
6237
1206
4094
53111
4768
1774
41716
207585
11040
260502
2859
392
33538
2490
1362
961
14510
1183
13317
27688
12574
854
52742
7514
17205
2492
102641
32906
6243
7429
19381
4197
2855
1400
1007098
72874
39284
21456
4199
10718
1622
1805
1037
10183
4490
105891
20036
352
36370
9473
31147
4279
1083
4217
1476
181980
31768
436
15098
5549
69326
4522
5320
4958
1819
145616
16439
159109
16338
1066
6163
21630
12537
3460
1329
1748
43486
1243659
1203
5037
2784
1010
11032
163399
2294
3380
14273
172298
2715
1326
74679
15345
7611
4637
30998
576019
12983
1568
1013
357885
8661
331
101667
35768
75604
991
1740
7854
648082
65425
3803
2335
72994
11536
4812
81738
5246
29177
30473
95509
60838
1522
16164
3351
287191
32060
366
105629
30312
403
25522
3884
15545
12907
7604
1470
8186
307
479907
1547
4827
5973
6597
56368
603
308804
4016
49451
2965
80782
394554
24364
12208
1188
1377
31679
4292
1201
4854
1827001
4938
490612
67987
2653
3037
2471
1275
72640
387711
1650
1557
678537
8705
73215
307
48586
310667
6960
97774
5101
19655
332
1553
1592
776284
10753
11183
23889
104178
451860
6653
6097
1958
991844
49013
64110
4941
222963
8343
7172
21080
47467
7290
2482
168813
156079
3067
38379
15835
7883
1527936
30543
16369
8590
1792
47096
272366
266629
13845
11035
1828
125644
20515
28129
1795
8727
212164
2591
9550
148718
5257
980
411429
137873
3825
6001
9418
7860
4056
1065
380065
17217
103995
27639
568
6467
170933
33282
6525
18276
8223
127326
230221
5812
68434
213135
10792
114725
16204
94829
11011
1914
80996
4700
8693
2113
55704
218525
22701
29929
920322
872
6922
1688
4821
86300
1466
18011
54042
38843
3794
523
51912
274635
87607
44462
796
52776
50106
541260
49157
34573
3786
30963
15959
30303
20715
16427
85744
45562
7276
31898
3836
13383
112999
11209
58797
1690
673
19492
10499
3377
18851
10327
162997
343827
6905
1334
5453
1953
15505
319385
986
3722
22600
47868
93638
91563
2639
3148
231404
7588
420168
306790
596
7359
1075
42875
1399
28813
3885
208
6052
5042
316314
3263
2408
22104
13818
156627
7634
1671
980
6289
1013
23732
56619
31507
371
155743
2944
100814
1641
2582
763
8411
898
105784
4556
67375
46449
5458
13956
3651
1023
92065
5353
14894
12532
401343
1569
32322
2389
2877
7443
31219
103745
3903
6634
2257
25469
3323
37903
5003
72999
269
22826
6472
7063
17777
1135
14110
129831
178435
2155
1773
8036
10602
33732
2007
166686
2563
4419
3788
1218310
3047
17233
1366
3476
63972
22276
47650
1661
11494
2662
46799
867
2330
1150
41250
4402
57014
1586643
5123
8089
2647334
25192
219322
19097
28236
88596
206
172007
46584
30778
24150
10970
4460
69992
2142
12869
333
1329
540
512383
53721
2895
2284
21540
16030
5872
167162
2248294
4332
110564
402170
666
254847
16412
9956
11867
18193
115757
4120
55751
94310
83568
2547
54477
10676
30285
31652
41013
1719
12690
54315
90985
191
5157
2838
1117
41677
30269
38586
963
1148
64599
2231
1395
35478
166312
14267
6746
30110
42625
231562
3068
667305
101146
5389
47475
383410
18621
14629
2137
8204
5828
11497
4731
168903
6459
5151
4477
12131
14383
82790
3779
4932
54829
2287
20242
3588
8833
1536101
5765
6391
863
1894
3548
1714
1201
7988
53818
49680
59202
55855
4788
13800
5320
173540
645
127885
9552
18523
19675
46414
15439
11954
17409
1767
136814
41711
4228
23848
612147
13018
883
5502
6352
77278
49191
105569
3326
93939
6286
29642
8056
50994
1832875
7821
1872
19307
69875
1424058
2174897
8001
27047
2586
2260
35483
32115
7250
4039
7478
792989
177245
5468
33865
44872
63261
18798
2134
469
693
1530
4473
565
1344
4794
474
2961
31571
14172
25608
3518
13604
3790
2721149
5901
3837
57439
20981
132
567322
291822
17203
5342
1358
60949
6833
8855
561
47106
1668
19469
15338
443498
919632
69142
1132
1636
18876
97639
42550
113870
4783
10257
11221
199689
3174
3347
3404
1492
1230
3987
13858
15762
8693
13204
1936
23998
11305
34261
299730
7041
5399
8211
16730
1295
192825
6803
27885
31977
24443
4649
5901
882
25256
251879
3273
558
4640
2106
4227
12516
28938
33439
13078
7005
100484
13902
99532
3735
11997
190627
10176
1344
7294
1628
813
68767
39107
47276
4176
412635
11566
7621
25785
13272
5080
18965
2255
51174
38820
9399
2801
1242
312107
1470
1207
2211
4870
9286
5777
164379
116295
7291
4298
97078
15180
33129
618
3880
1785
18202
161725
4570
2060
48851
2295
86644
40
7221
394759
13248
74221
16994
85189
377756
380
110063
9774
62595
5353
6816
29833
1598
127430
27059
19681
855
12534
8881
1198
10327
26202
404
3141
5497
13622
7488
31593
2941
1512
1937
112567
207653
4361
117656
497212
93539
233
3717011
7742
94016
26389
4713
6170
67840
7482
29184
10831
4209
36241
973
3316
7789
2121
13716
5636
244687
108676
2260820
557
42862
1453
65757
3548
4425
1004
39497
141350
10168
103326
7418
1245
1120
1693
5461
1414
5107
4474
32856
155268
748839
1790
29957
4553
36286
8996
2062
28575
17390
13952
30984
3300
17151
1632
7125
3861
46931
88631
514447
7509
4657
5882
40139
179653
4527
1301
380
2218
5244
271382
11326
3721484
45937
14277
6205
2481
1674
146214
13737
29483
146298
32278
168457
23612
927743
149476
33657
1573
42270
67904
32734
21292
1273
11184
10498
18532
34150
7528
1131
85303
27771
58138
3337
14150
64
56944
1091
3049
1088
22239
53829
261
22857
99872
796
14327
2509
41886
140878
11772
9256
50391
11427
216
284
9737
19944
24508
465
141741
6612
83427
51587
404
59417
32718
310341
31589
11390
1410
7411
277243
61717
4221
4693525
9950
15813
18491
10501
645
7832
19764
1869
21481
16555
2122
45628
2274
366
285201
872566
4512
13670
812
1615
2732568
89382
491870
2934
15584
158108
770915
9049
87303
2363
45663
16132
9490
1954
5745
50669
11335
23947
17667
64911
771889
2924
1768
17205
4916
31218
8327
4065
11599
23308
11731
29492
422712
73390
7081
7837
31510
248765
4918
188499
24032
22990
12342
11230
15675
79386
6457
8905
69543
8016
2843
11948
2500
18449
4007
882
59739
18607
148882
173031
506
31624
3067
9704
6914
22370
68169
100929
13752
1685
248
245141
26429
7778
9586
273556
1908
224
27328
5407
47329
4193
2498
1618
10269
422303
13652
3923
165705
6056
12082
37643
8938
46218
0
4851
39462
45155
9647
30320
9260
548
94139
2851
26301
1857
11995
869
13863
4703
7305
48345
132117
5986
3802
1301
166982
8728
2267
4772
32990
25623
32535
14284
295174
2285
219635
12399
903
1112
4349
21512
8571
18058
11150
33998
221366
1223
5423
1019
12539
1788
1303
3903
49812
1158
115420
14500
5511
1157
29238
1012
13580
34191
140
634979
920
5959
50830
5121
4458
7128
5939
16922
208717
160
76138
12440
15113
410
1506397
7552
2448
108335
14856
16778
887
8404
261
564
269844
10415
14774
206606
2576
140027
3108
2611
14815
4891
12351
1386
197529
34535
6036
2983
39251
17805
2954
8559
128
43829
128429
22173
3424
58712
19642
11775
39590
1640
70215
2214
13218
643
2137
15767
7647
1044
114329
56523
2834
96
31054
18383
1821
4902
28689
12146
2144
837390
31540
2836
990791
9867
3875
1708
22536
133084
570
6420
32213
48559
453453
5188
5874
254207
2865
103674
12153
14044
40743
1041230
10171
21901
13838
7244
3637
203899
14976
24270
20988
19111
21132
56164
16080
10430
15001
15756
104935
516155
4632
382685
32468
21272
44069
31141
202222
55589
26308
768
212074
10310
148102
227483
14784
2704
151774
25536
199
935
1359
4250
4716
14979
11511
107696
4006
347
11641
38280
7919
2183
1260
2168
83207
1078103
228831
54664
9049
9921
13420
11802
31530
1365
2240
1092
14091
5184
22844
90749
128
640
44731
23173
2831
2515
1921
7638
18617
148333
5734
44939
7120
11060
135
35473
177945
62778
39145
9606
25942
112857
11874
61241
29421
12079
28633
30770
3849
2809
89228
633168
11034
301497
5580
9139
8134
723
2425
21165
90537
18268
2658
8889
28417
1393
91864
8512
28797
3273
7657
6237
66521
19569
10199
786
7881
72207
2651
139059
178700
4454
10864
2613
268
605541
1155
124375
390
7046
18500
7264
21949
11432
7291
8785
1856
1488
7112
43952
10406
34335
2205457
15386
1986
10515
51935
29381
6988
25746
6040
858451
1849
376
65089
28927
7033
9924
531782
14367
22999
18838
9140
461
4144
186678
2390568
4349075
3362
1592
2389
962
30347
3598
46066
8984
230592
1683
4744
13566
270
18010
36825
3559
7755
24210
37604
3017
91378
115718
15404
66107
43150
6595
6186
49204
31973
15813
12751
7546
1220
2015
15744
93692
18515
33131
63401
1663
5959
4040
10898
22175
5511
935
18468
5501
12917
9749
19576
798
7489
15650
43943
25785
7237
1627
3226
2846
100131
17359
3716
1355
11505
47790
6033
9717
766
15279
8360
5175
600187
2492
710
33627
1702
32845
3438
7243
1965
141471
18685
6995
14067
3878
213282
6263
4259
670
2104
10903
6419
6897
7239
635
4486
80
1332
30804
8832
9464
217788
5756
286068
13774
110385
21798
7405
327
2534
20985
3104
7838
67579
14820
1171
35564
2932
7186
5072
9709
4580
69929
9910
147837
2640759
219564
10712
3009
7246
8565
959
7193
1749
297440
746
12585
5876
45863
100864
43777
24639
8846
7309
10676
62419
39767
978
1670
5628
4625
339562
1785
1922
8531
4663
10320
17597
8332
1314106
17579
9739
70398
10672
59537
10731
14179
499
13072
5940
4125
8040
31516
345404
9947
19175
71665
7007
24095
248854
22169
282831
12805
76549
10438
31624
5182
7873
93943
1303
1230
7845
9624
12192
1760
1194
3034
7981
14322
6523
20271
12964
73164
117136
8667
6394
383
45142
16214
4299
17955
108920
119254
1828
7790
7593
1490
2130
55033
16370
9412
4843
16220
3391
25754
1612
140143
4322
32218
81509
107573
182023
24310
41376
169012
657710
1075
7687
10751
64953
6001
1588
13821
9207
1084
2273
68196
10257
1574
5110
563962
843
23480
5020
21203
660
7614
99097
320492
52395
28354
340
7346
35194
41428
28850
3112
3941
30070
34994
10987
19549
52755
8547
7205
26453
40837
4614
12982
52729
21847
27378
4074
66106
1055
4127
5863
9528
4197
197186
26842
18709
3311
6496
8536
7777
28869
12199
4798
41018
15925
50088
7801
18339
845
1680
18260
114209
1105
1585
7572
23236
8406
25566
2319
1730
8254
2011431
3110
688764
2228
3155
75609
2408
158582
21360
1957
977
330802
1228
2964
67788
2857
1992
10565
929917
2388
924
6208
31839
175
14560
1526
2892
27986
6747
1283
5748
43975
18238
232398
438
72570
8908
35561
2432
474379
245065
2202
282203
11994
741
1930
30214
58687
11991
11493
34602
7455
10541
533
21339
2736
82606
7166
80910
4115
130696
11966
45738
3234415
1487
680
387
1954
6131
1374
119544
9664
42462
16773
535
4342
4993
117045
27130
12654
8094
142501
5180
1361
1363
828565
1748
2193685
372
7434
7940
314599
22333
49868
225953
529443
3262
2714
135624
16612
1477
2318
4818
3917
2999
66465
4489
1934
8242
9274
136394
61713
575
18399
160796
92
17222
4461
35627
93766
10351
103517
37003
1175
228726
712
212123
10784
19953
16188
1701
531
6292
1576
25808
4793
3575
153
92989
5240
741069
6229
11608
10782
171896
38571
331190
38293
5754
5239
5307
157692
153208
137139
25017
108681
29213
1304539
591624
506
2184
28624
902
53438
25897
352483
409
6483
1051
596
5710
46673
9912
96707
1966
8999
4136
900
118979
35259
5548
917
85479
15342
11469
36681
11826
1260
6927
7869
1322
93638
16137
18215
111449
7601
25312421
12014
24077
109160
5710
6870
8160
1299
14043
4171
75885
174948
1184
37491
77447
9337
3199
2573
825713
3214
10121
19120
2453
1683
29478
145220
3210
1496
38709
71095
35018
2939
5705
35249
175
3531
2369
3107
472
12452
1339
13702
264917
43219
825
3681
4991
2880
4398
3503
19446
3185
5921
2023
133950
11408
60622
92528
64425
53943
1285334
13511
1261
14838
17253
18842
210203
5308
9216
80653
2062
472
8045
5550
31073
872365
54124
16313
3061
341471
7451
7182
21512
33871
544
24924
6264
13556
1542
2006
725
343343
7570
41579
5344
9600
58514
8535
72914
169740
53533
40615
22600
19045
45292
37883
10738
3733
942
21428
2072
3406
23092
46525
273
12859
8650
53053
25735
65952
14059
32453
36536
43915
7496
393
1681749
10218
1507203
491690
143586
14834
107803
92
423372
7148
8920
2500587
15163
1593
2239
62171
31323
12264
1628
5371
22428
8909
886
25347
64255
6383
86821
758
1362
110641
405924
12501
5991
2222
79564
2574
6652
3361
8309
23828
27106
1408
977
33564
1185
78243
3317
328533
1325
247
23499
97824
17951
67301
24885
12519
1023
7457
1794
2692
928
408826
1060
5413
2509
2571
41666
30956
19082
3425
7903
1668
34895
2405
37996
18687
5385
20813
72140
1839
708
3801
281833
7278
2918
54100
18275
78677
107463
35990
1162
4583013
8930
42445
29302
2602
625
445
23153
1403
979
1151654
87649
51890
6707
11702
17939
32322
2046
5382
1269
1715
1060
80894
397139
20966
1398823
22964
29011
44118
387
153911
12961
1941
20103
41308
4161
984
200387
1137
13563
4024
4139
4322
4436
5570
2168
10906
38786
8200
1789
1292
13608
2164
67523
7514
57588
7574
20832
5579
7205
95250
24164
606907
30085
772332
766418
8126
58076
9041
232493
17733
13698
1166
15080
3738
413526
15657
8377
2265
689
26122
3888
34721
5886
1596
7436
40735
25530
3146
5026
1171
10947
95863
644
2217
6727
116839
38173
179
723
2760594
3137
717546
52589
7818
2903
8505
29487
1053
6507
36656
932
464658
41019
6756
1081
151886
17720
3420
160841
1157280
1939
112156
10048
30794
39059
140937
691535
2145
91416
261626
3180
35235
56703
28551
610
48899
21416
3544
86729
2641
5401
31592
361635
20116
11415
10690
2003
1439
2429
3483
59399
5538
7139
7781
195368
186488
39528
6209
548247
882
1282
1205
497
3259
6402
1393615
2702
1671
52898
97079
1235
4746
11415
13913
11537
515
47131
53478
1525
18273
854
589587
44760
55283
7032
66541
16753
13017
5841
4481
26110
2052
145099
5125
173620
27157
2057
50209
37146
47634
1072571
602
4416
35387
5811
20664
18565
126609
46720
21489
232434
15639
276808
7174
1930
12294
11305
23803
47766
392
1784
109080
6452020
149370
2994
20129
2183
134564
2331
169956
873
18865
4162
2314
20966
6360
16456
20260
18798
2075
207531
73288
1307
19583
3597
24196
42610
47239
2988
7373
101735
138461
1065
45783
2862
816
12935
3907
69747
314580
2640
80258
1120051
19385
27351
5383
1305
1017
2585
13254
10668
218124
48115
3890
37662
3198
3834
19744
398722
86316
809
4887
3323
4928
400
2469
5445
4629
1770
13811
6706
13577
2206
1412039
43686
4993
50502
49797
85492
8834
22529
203256
8950
579
1704
35895
154922
489308
208
2482
118525
2886
2692694
225417
3880
14138
3535
42549
26249
1400
1570
446923
61968
110049
1969
2193
1444
8392
2789
7669
13590
34000
105261
73634
60738
28306
9769
4993
8802
1065
90890
14874
23201
4065
3653
27474
12720
2047
127166
3950
79390
2918
91058
861192
2322
8621
18161
15528
62359
20011
52799
12360
32343
3208
29329
3231
10676
420
28025
74931
2349
35345
89846
205494
8782
187465
176
2054
1745
866
4529
3278
30955
15387
4473
31491
1429691
14988
18561
4552
19679
5869
194776
10938
2115
5601
17827
10328
1050
13047
4781
262854
70546
2894
98161
1383
9267
39921
33474
1933
1193
209047
11941
48070
5889
9288
924
8437
807
962
5104
24091
1634
197592
12655
561815
752
7064
7001
43275
23553
1662561
1218
574769
49494
1254
8767
21667
6503
2723
3211
7280
75418
21312
359292
9468
1786
41665
1744
37289
135393
7928
108597
6729
5525
260
12826
377
79416
1832
8655
22170
30544
13815
17544
2287
38191
5948
20351
4945
92067
12816
173665
5864
22032
40097
32971
2427
16062
41826
15192
930
2318
11225
27421
3122
3368
1017092
9369
87644
42441
8108
212375
7408
92397
62809
1181
104658
80345
8740
15849
164
98399
178159
12133
481
7088
3313
10968
198375
1605
16373
1376
43849
19196
14297
26698
29820
16384
2196655
20836
103655
27965
6194
10130
385021
2538
7779
1336
113050
6912
2864
136622
6576
5936
152195
530808
1413
64153
74018
4950
107456
28002
8629
4729
51025
9176
2103
1782621
52604
137688
23773
46133
18818
1212
2484
200
38263
6287
2147
112574
26799
363148
105495
16629
1213
7734
9896
1250358
2513
7945
263
12012
21441
687
6973
1868
72271
31706
3289
3845
104823
276856
108651
1174
135096
13498
1774
396
45258
11213
5684
7693
320
17410
1451101
126275
1985
8580
580
691280
144
7222
2182
835516
24451
5849
967784
844782
163807
38835
1406
96201
938
211
36384
2034
1634
109342
4168
32504
6443
9131
2689
961
218485
1664
1811
1570
10160
6760
22232
31369
19596
4567
27634
51126
26698
1618
8495
12363
6855
5686
177
5334
170783
10735
3156
27853
6783
17090
691
16703
11289
23145
1633
295022
82634
6016
4960
1545
570
49659
1322723
22357
5755
22134
6682
64461
33553
5505
919
8355
1662078
35520
602052
10870
157468
989
1659
69900
1665
49001
51310
14650
24355
15623
1987
45470
9755
364
1276
12718
138586
1067
4581
76373
21654
1448
38330
273345
9270
3619
2137
14094
9120
10471
1877
12383
42052
6956
6059
11459
1855
28844
9616
16733
23516
131768
596218
1217
5588
481402
14890
30286
69669
486
43348
959
28447
20673
3185
33956
60552
378130
1579
14918
130496
69282
9533
8399
92650
271792
360
7613
9601
1869
2315
182551
33807
8232
46985
110272
8155
366595
7808
22004
459520
2613
600
1254
11976
3690
15677
5682
17749
540
1256
315
5237
307
583
30303
9228
9581
19717
13138
28361
2222
87782
9504
1040587
10392
38757
16278
214354
7906
8529
8614
4655
26808
5244
63956
6681
15197
70641
14281
10730
538
89733
2443
738051
5538
23924
76865
436729
838
5322
26928
52963
11456
4545
1163591
123534
641829
14891
66159
43603
106476
18018
2232
2650
1626
6209
7872
33585
249288
4009
5572
8562
316561
561
1815
27055
264943
7896
2205
2215
16569
347
97882
2136
162708
54787
82484
695
4973
46679
29035
2597
2444
103161
880163
14346
24795
31068
819165
35174
24401
3298
7042
16202
144533
25296
4419
1248
1146
54344
4097
6441
1017
4799
39011
126186
651464
2471
4174
7462
198944
796
35031
575
454
3835
125328
8352
440
23902
997
12479
22791
26515
1385
3610
5735
4902
6851
13774
43656
15822
1253
164200
1586
80561
564
67257
20289
4744
14306
1329
8082
5031
6354
19124
3683
2527
13214
13356
1002
109533
37161
8403
3631
10273
94756
593226
617
2928
58474
20975
7863
2404
24060
135039
6255
12525
29219
32228
1318
3815
3234
5944
45213
1997
8187
1836
6569
16990
150842
6376
27243
303164
47652
20746
16871
16961
2541
46737
1034
3146
94176
229
5681
2852
18264
2233
3480
5923
356745
493
2283
497788
347
17446
1910
78504
129734
6590
16127
46043
11920
8033
161646
33974
940
7320
19903
4819
16770
48162
11617
250700
344939
144139
8989
5190
2063
2210
3230
13476
7908
44348
1842453
319
47536
2369
3032
71380
68615
96000
6330
26415
704
44
66509
324862
1190
32271
21310
21833
2954
32503
8459
2906
195331
22240
18742
86998
7302
30969
134290
13945
660
21476
4451
275630
31986
37725
18264
2526
82703
725967
1329
19629
88
17720
1231
29746
28930
26320
4405
1700
555296
1167
106100
7050
5726
4429
792
168975
35074
2467
56476
10117
14137
27671
5167
2404
8788
1444463
4254
1769
554
1996
21356
6620
6014
9372
337031
977
1521
19527
127097
838
5973
52279
8023
10628
399
7033
174848
2778
129319
1090
5935
1716
3154
5126
15595
8288
8812
32483
27720
6335
1007
1025496
148
7234
26483
2990
19427
5859
7734
27151
8015
740
21147
11923
3293
500432
158758
502
20312
82674
4276
710
33148
22992
1225042
30675
49014
1334
1198
22891
13741
23891
19409
152152
38952
827
2141
753
14814
7708
1238214
26814
2821
164965
47979
708
9334
87023
2484
2587
27582
21169
8145
8999
1120
32069
16413
5138
12046
360402
19848
81524
24638
6559
98935
31984
7307
12504
520
10812
204896
5709
55461
12010
770
35817
1239
4418886
6765
18610
1175572
3489
37207
10567
21165
2108
1103384
10288
675544
12902
1779
130527
146043
39261
32986
11194
31587
23376
49383
400
7683
67261
23618
201309
38847
12063
17984
38668
5951
6318
6010
1538
17843
2008
249124
32471
5824010
89276
3027
6716
5845
2501
316458
19389
2302
39163
2848
19795
93680
101753
1091
1506
1268
38835
156630
26489
79719
5178
17103
546723
5637
195247
20897
14426
22911
609
7580
1612
2171815
3112
4446
50481
2705
9999
37885
733
1523
3710
101862
529201
26436
1061
4414
5698592
22194
523216
78447
6510
76876
12110
87311
8909
7080
175
24758
38473
579
2894
136221
206166
694932
920409
32881
4269
9133
2712
1237
2528
9710
24836
25329
168402
804
3858
7364
51500
418866
934
13661
4425
7156
27393
2392
1531
16422
10036
23132
2811
11843
1484
2163
46911
6296
30374
12644
3210
79570
11572
179696
11062
23356
36635
156025
45714
296
2471
1918
3415
231294
731610
217578
576
441190
7387
10745
10287
1681
3272
3138
7585
32494
1073
259133
108169
9319
324
1597
1020
12746
56031
4402
70201
6374
188711
2862
1298
32716
35359
25385
9977
5583
201159
12589
417119
19808
819
284
126039
28107
115019
998
7416
8432
6409
727
10627
3031
7098
10405
283934
276251
55848
317553
25945
2924
1126
19335
26733
18141
295721
212352
3428
30176
1386102
1259
2235
1371
303351
3197
13398
513
1657
31858
2989
12496
6573
554657
323
11763
54070
1310
55123
1750
43661
2075
28456
13969
24021
23515
167659
9028
122965
2823
10267
9911
21719
36086
1380
56144
3820
1634
15547
25640
114691
83752
7557
54457
4019
948
26770
116793
17067
45275
644271
2513
84211
4295
278361
11490
4974
2410
725
45718
215407
11552
13055
3527
6010
1493
6535
117165
10663
82275
500
302593
2004
12856
12353
17219
9519
15954
34414
69051
1583
18128
2304
200362
702
2334
72263
1928
6662
1608
2105
392662
40576
2117
14502
2838
7945
32227
5142
679833
16862
654
4849
70363
34728
59368
5167
2671
33100
19817
2759
353154
11320
8443
141009
10784
18493
10228
8479
20433
17543
43970
29124
4539
968
152094
47603
12962
166355
48143
40034
10972
34137
3516
6256
137746
7494
2517
2479
10084
11463
2894
9297
26132
547
3494
4526
35265
1944
45291
4939
61002
5819
68202
1834
35481
11214
60324
69216
1547
596755
4050
6790
8274
6284
281126
4160
34166
25245
5874
16076
7579
98755
25003
316
57664
20472
89284
16862
389381
1694
6749
3216
154839
83812
7016
35559
17233
2982
175
1117
8718
7612
3143
2382
27768
80646
395
99621
19550
5394
777
35461
7075
5825
14096
30232
411
77974
6589
602060
6162
6494
3236
217817
26487
924
5503
257079
886
1827
2927
67274
1289
775
743
18766
1385
13154
1308
23973
8632
3480
3674
942
3977
464
2334
1847
5057
174669
32990
579
18733
30587
62266
688
3972
123962
7635
356729
14425
308306
5898
11085
12325
1949
7009
23236
45027
3712
110946
85653
4452
115977
2398
1003329
501
10744
514285
2740
185146
1603
6602
18345
10333
22871
7351
10478
1012
4221
195421
384
3355
9600
4565
4078
21628
1307
10237
75025
133884
35102
5676
2311
28987
77651
2054
315
4016
676
24976
1027906
7979
709
12048
141283
1018
42683
112195
12637
182497
44350
6482
23740
50902
29701
3053
2722
721
12043
80617
473366
15338
951
2154
830
257248
59032
12556
7362
4258
10258
6724
8353
13768
7275
56110
487
143875
11944
31633
4277
19222
17929
1931
136
33130
4931
8053
14401
94417
11221
9285
1121
2177
14202
189616
2589
1004
22772
9120
16775
149625
31936
1275
789
14618
209508
1594
23451
56432
131827
53970
279
70831
92173
105446
2249765
993
1690
74127
1289
1930
19164
6312
2840
520875
4064
4795
1967
57589
95145
2618
2429
981
1270
6690
68100
683
188124
27824
21221
221534
24378
6471
5935
15645
15861
214620
6991
3495
351
4192
1365
257658
1474
954
5041
696
580518
346579
8553
22703
3070
3150
14736
6366
49673
7532
6791
6471
16382
6246
45496
195941
2893
17634
2073
62103
26174
402
10354
24469
13031
44075
44684
789
21992
5811
106876
519
8731
1465
35247
1257
81105
33185
2101
9760
19452
30705
901
932
17838
1957
386678
3913
122215
31115
3349
59800
136615
1767923
3450
2179
1619
1329
556882
15862
6763
18068
120078
28061
103357
140
16873
3213
109657
30505
80366
447753
4644
11871
48710
61746
1298647
19532
3283
1708014
4526
2954
718
9840
139139
431
244773
127198
13043
9077
70192
7257
3519
947
11313
10063
8552
32674
43236
10335
120016
226
42540
1217
52444
55821
21033
10512
774
987
2250996
50610
215
4030
154771
4136
3531
7823
31429
10275
1455
1752
358815
41580
684
13063
10994
52785
130579
3187
6547
8138
4364626
10571
26254
10114
10051
16828
12528
566710
22495
8375
4166
3581
1976
1774
27174
517151
21931
17032
10110
16831
3706
5984
29892
3091
298475
2399
59046
28557
5108
140991
407
95404
431
18064
17143
5284
234120
1204470
1024318
886
2454
9258
820
15409
1956
88947
23125
20219
2769
68458
339920
5055
13934
28655
2462
6364
34868
13776
13585
2031
12122
9350
3450
197399
4508
68177
31094
12989
101544
132668
44786
7286
87917
766
7574
2164
7968
16810
9853
5277
12207
49362
5906
1842697
1912550
15693
3546
18633
34166
9471
10891
98105
421
15015
48942
582
296
53840
68120
1749
7270
11154
1519
7129
13610
160818
19617
46685
9645
20707
1249
1734
12030
54623
279628
2738
18189
36391
148864
25191
7348
7262
4520
1394
5689
2912
35522
4961
80872
2587
3525
48415
165705
44494
32732
59962
157349
12703
240760
1151
33292
24549
933177
49131
6221
22921
11488
683787
6765
16435
11023
33357
6470
9300
2120
249
565042
12620
82317
17662
4622
24855
12768
6279
2978
8638
4024
4796
123101
12086
38295
22112
10900
31256
504
4689
15653
121936
1856
343840
45611
143640
8986
492646
2322
1191
7107
50556
50071
73124
1400
12697
215615
131996
4108
356
2903
16109
22233
31019
20319
19014
19598
77639
3482
43806
17555
1196
2186
1907
12649
472
191145
3444
10130
3585
3586
2086
4740
9142
30822
1924
42230
3058
1623
5939
15158
7229
25706
5670
60258
290109
692
36778
1546
9001
67429
5741
9712
12305
14201
184
2729
12312
803
1537
19480
753177
3846
35773
114158
356116
29646
35774
59472
95463
786
7265
79078
1016
4406
21720
20222
31807
85887
4701
8659
211909
1412
2867
199
57504
69829
2822
92452
4032
2544
4371
6165
1810
25769
45105
69606
5711
7293
2754
19352
6228
58993
1365
14649
757
7810
46464
32185
9040
711
14428
26199
2033
3692
1816
1996
16807
62518
281
31212
66465
5442
38117
1364
66391
4261
72347
413078
3616
4671
2252
3467
55672
8560
2598
349794
1051
3151
5911
90147
18557
18129
66693
16570
8483
10613
504
8704
3460
118612
5456
9524
14781
36312
15406
180
4585
55973
5405
1031855
24942
2193870
64979
9411
11307
25445
8533
228
10730
27492
175406
6243
7843
526934
18082
1236
112770
61099
159330
46698
39138
21953
1276
5656
31292
9373
21611
5121
90781
3308
14942
8696
74995
327203
4134
647
489
215984
7780
634344
34655
11477
4525
1090867
5537
21715
66864
55936
52532
914
1035
20877
264741
4717
21831
13489
7198
5066
7059
12353
8868
86031
27783
7299
1704
5591
5048
12252
1200
8914
180206
4803
5541
3945
2121
52373
1419
2416
1163
4420
91478
135056
12058
25659
1176201
666
35308
25453
20156
2193
1624
148733
2948
245465
9211
2291
9377
8191
1615
6577
68645
463972
293199
48834
22834
91171
1566
1611
226518
2160
3869
21591
10804
192032
31461
294765
8008
198279
85247
40326
126438
23899
1692
355
102404
5072
10116
10275
795
685
9712
36426
1266
611748
3671
19662
27776
10348
762
16276
4882
282851
0
93876
113111
6702
44095
8197
13779
10407
6149
2131
2493
93567
37521
7805
2415
27023
10796
1245
5032
34971
168
5444
15136
126397
9610
302
120062
51362
18219
6481
7489
64027
4165
1405
237909
49617
19559
709
10296
35612
20654
3323
64966
33874
103078
5085
22321
6833
911
2751
1679
14661
188604
380455
29915
8179
31572
5737
190375
1592
2825
404
4304
887
1014043
604307
29862
223161
2896
6367
15014
104303
27922
1108918
6195
3525
62111
16742
62102
223613
1077
19449
559667
17023
7113
9541
19053
3981
478089
32078
738
61585
34008
401584
12979
33487
7244
11198
4035
9066
537
407
4803
15273
41995
2041
6832
81718
9877
15753
9532
58222
1520
10202
6348
1846
84071
11409
11270
852
3142
4462
17845
24704
21555
913505
25362
140
4649
351
1230
774745
5914
107121
332
6243
91310
882
7711
4369853
959
39154
1455
4306
13568
2620
131253
471
24553
82741
1166
6124
2036
15584
7704
2690
1130
45067
106313
769
21896
352
3840886
3019
3017
20350
15070
81476
25242
5044
40930
2724
76776
30731
5052
385279
90210
883
1036
1711498
12976
47191
39218
38394
487325
555
655
122575
30664
10630
177231
9101
1516
33317
40079
48443
134549
6690
2857
1469
356
4877
11902
8153
26143
282
739
228964
90022
1480
531206
3131
24470
352
32899
51841
30496
2211
41067
63800
2924
2406
169
1304672
40084
140433
32004
36819
4078
38645
1062
25236
6558
734
3885
2166
2604
226432
494
3243
7145
484749
8778
11742
1987
1062606
50040
23552
49181
584
339627
3038
2413
81403
16536
2852
6190
61988
1101
8127
638
222980
124813
3044
103127
12463
113673
4016
20355
43304
2045
7268
1088
1350
49408
46875
6108
17806
107678
25498
34481
279834
49322
35753
6713
25869
209584
5567
378898
636988
7329
18886
67002
18392
6638
2016
8104
311430
486
53120
389176
13186
44962
3325
8985
50118
217992
46413
60816
9105
7338
82280
1010654
39742
18065
667
985
4339
10782
39877
99
3231
75526
2967
814
6004
184
24246
10301
12811
620
323686
24057
2883
5474
860
1898
33958
21974
37013
2575
428063
1424
26653
2108
67656
199
15308
294030
97140
4873
129836
6079
4760
2297
41853
981570
1425
10482
29545
187992
1206
18818
100283
26475
11175
7801
932
7231
88892
190882
751
159941
7501
1636
7805
53194
61285
11678
4485
3062
6260
12146
243400
412
2339
5373
2278
22640
45857
20037
501
377
5491
182596
1055
799
1865703
1646
53593
4404
122254
12304
7974
10723
42231
80
175056
26079
16720
384
16907
10268
21684
118614
680198
5866
227879
46301
10022
386
28198
4219
1620
31281
11461
4922
2165
59203
1641263
4531
6682
1784
94373
104987
58251
40683
21668
4152
169780
575
32155
4675
2734
1513283
7133
46004
5498
4149
2720
5840
17331
1234
11358
56834
3321
6340
7476
281949
16490
1665
2755
57742
11558
9240
18520
45105
249819
6184
4165
66521
65210
118580
905059
7452
12474
1872
1720
3601
41976
9472
51957
3968
215810
382746
8066
832
35093
7291
5526
68676
24561
42180
1266397
10489
228515
1252
3626
81422
1229
9011
100004
3502
7494
178850
4616
7378
5857
1183
81385
53933
316
634
39221
14403
2038370
2693
35030
387365
60585
1876
326405
70769
131162
62308
6428
651
22329
858188
21007
40902
456
1229
30400
3958
375786
2179415
9668
7669
310
24412
17185
36720
30413
40531
11806
11212
42566
53076
10359
14699
38273
5173
3461562
984
1123
27361
29091
748
10416
694
1120
18612
3829
15290
1390
4665
1376
15372
24806
7490531
340664
93984
9492
654
119011
3941
41105
3997
23943
68778
227
2210049
501990
699968
1103
1725
257110
6796
7329
13059
95474
37520
2973
143763
101063
384
5783
1396854
2922
4011
779
13364
3751
7919
8249
11801
2391
7160
41317
232317
2319
4261
8853
3079
23739
7854
12796
2035
2131
76408
95800
57587
94588
131704
1586
30393
24835
320291
4529
6422
4028
15672
675206
14674
4222
37580
6692
654508
39810
284921
34468
9739
796
2032
19990
771
2323
26250
2428
2124
12647
2613
16395
207778
12287
27063
10231
8287
150849
15167
22327
13983
89925
15831
17880
3953
28079
4721
9848
6972
52924
460088
30578
49267
19356
28683
7686
1750761
286085
1317
5583
3400
2315
1137309
56577
2824
2893
9054
55858
18871
268517
116282
232375
10090
29643
16407
15286
30004
177803
111519
24636
32964
18715
2118
410
6460
102247
3585
9232
5938
151176
10547
554589
624882
362881
15644
518
31817
172830
1939
15168
143227
7931
1608
51851
1910
1464
6695
8069
955
5706
3433
3080
909
2038
28426
8055
554
453
6433
10163
17530
121755
677520
36655
1700
7451
2264
58129
324
1883
4229
43234
9484
295
588723
1620
51943
730343
20041
3673
400459
365883
648
9365
2144
2052
248871
2021
5584
43412
17213
5998
24644
1393
107221
25750
688
38829
15883
2026
773
1205
523
2347
2633
3209
48277
41315
7150
71469
102519
383
14271
16002
2052
2174
2230
967
1664
496746
277895
1865
22872
38569
419655
5071
2996
10937
33498
16026
7214
976
84398
4551
9191
4478
20529
2075
29470
61009
845
56805
514
4636
32331
19920
5882
24821
4357986
912
17154
8752
3791
3293
1424
436548
11901
4763
1066
7358
77606
7164
5609
114305
3853
822
2850
2417
5221
13415
14937
37899
4898
1710
30385
141926
2105
18219
104032
286
3994
108082
328
63565
1896
504385
4186
992
1041
12320
54115
59293
223779
42794
63806
67033
42926
57019
950
11262
8211
34406
875
7101
9299
6819
5348
7945
269
577
11771
4772
38136
18973
359
14444
51396
7180
76
2261
1196
72934
191998
32914
17224
1154
1078534
1899
20264
32123
28146
105932
582587
1313
20381
29058
26732
4548
657268
11500
9567
105351
5155
14437
58696
1158
32664
2448
3227
50767
1578
716
11484
2698
22439
55414
235281
64311
16756
105283
3553
23278
3852
253978
132750
3598
870
1448
274641
293805
2867
2638
25508
113377
2704
1660
1905
27971
48300
4782
3996
36910
3136
464950
2924
2984
130583
13878
202681
1103
25078
65318
3309
21856
225005
274315
14521
7017
177754
9641
1703
36476
2397
471639
3302
24762
427085
10193
93788
33149
1747
68740
229451
1685
5141
20795
1373
61341
19918
10066
344407
70611
605062
7445
91685
3472
11097
43754
557080
1126
5994
1148
3046
1667
23031
704
1482
80073
2200
8181
23463
2402
33022
658364
3406968
3332
1152
4802
4884
9303
16798
30636
2035
520
77824
16755
77513
5585
5594
26501
1454
13584
31119
861
1573
539373
4882
59934
47472
26723
122595
50604
26781
12192
30025
52078
3094
7439
83889
4590
65648
4353472
39500
7189
6121
416280
2484
25208
13823
19734
6355
212946
18289
80068
82958
5336
870
322843
4984
9062
10800
60061
2571
724
461011
169186
515901
13508
16658
2206
3600
1339
21958
2060
10888
4063
7880
62435
957
5012
6130
25637
3142
196
8545
7021
9495
69126
1377
108430
42974
99575
41011
4544
53431
2406
64727
3155
16839
2542
21026
5697
48593
10583
4779
19294
1439
12807
12277
111827
1189
642217
49804
4438
31056
5518
81341
604
14004
49210
3441
1071091
30863
2705
9007
8402
1856
4663
897088
1353
39440
435
19848
48433
78931
9357
10257
1046558
224
5373
1220
1686
160307
1256
27866
2520
446106
101327
68346
518
108414
21990
3484
56903
1712
55119
18792
5334
19245
120006
28477
10695
21916
12130
5972
403
2324
1680
3092
3824
2550
7252
1414
1411701
12571
96775
7426
4892
10202
880
3398
18231
18033
75914
30918
7611
15732
1109
28183
4895
7074
583
1367
22791
228359
24336
75165
4028
26481
2825
17434
91185
1951
615
241343
99562
13578
8074
236014
102191
465
13570
656
5041
2342
65943
4012
8100
3139
63342
789677
2517
42168
2667
7184
7809
4080
595
48148
16806
512822
11680
26149
32445
7090
18758
10217
17320
76330
85616
23611
2052
37002
52151
12823
13204
101005
429
13552
2104
11681
1204028
56618
57484
9615
13400
52909
116594
3414159
22919
6788
3506
18189
479280
148
616
113753
31788
6090
2511
1799
1982
1629
60978
52046
1064607
19665
113948
574
7371
2606
85965
98248
12170
3200
121387
15546
1030311
2241
92572
4164
5290
2307
129
1034986
162106
7258
11630
273550
6452
259711
113986
12234
8614
2088
167
857657
10672
20852
4850
1101
1234
123
5819
3329
21480
268528
2267
107987
15075
1655
4168
18878
19102
4337
24058
27595
4224
962
89729
9729
3366
4051
8860
188473
10888
1545
231949
78872
4183
14740
33157
8022
2240
10869
118643
869
675
86923
62336
1568
16910
28244
8745
1021
2046
5957
1755
41367
2090
102152
34585
19274
97042
276
8536
11329
6415
224689
16841
31173
105557
1404
18101
1303730
22422
5341
107345
7524
49321
50231
129
874
12398
99413
24766
11707
37828
14067
19874
99338
35403
70998
40078
1729
5582
9575
1920
8566
54689
2139
1182
1472
4896
20356
9342
1356615
20493
83826
13716
1903
12243
1213104
1446
12629
48522
9861
1526
5875
33762
2424
11671
406646
36428
377589
29575
40172
5905
1450
144887
37923
3681
1654
13341
346
472
3175
41726
1564
10084
2767
2597
22247
5032
45242
94380
34986
6542
7222
429
2965
18204
41996
3074
16732
132232
36010
4910
16774
2232886
37314
36886
41351
2143
9130
21696
13066
69438
11424
58168
6634
167369
2305
51204
6045
737504
76243
63205
17907
5542
5622
6115
10779
24607
31518
23957
57284
235801
4757
1672
196680
76089
2411
279375
17414
10198
173919
400990
3053
415993
15004
7780
94751
88686
45167
16922
25492
156547
21883
63306
2041
2776
131914
269761
55373
1959
9856
1505
114843
131928
34614
30414
6173
12473
152210
165896
207084
8962
27796
73373
33233
6324
91752
2374
52875
7298
6924
8292
6063
1323
8924
1249
206
11599
237398
7208
377663
64859
6350
33530
59535
50805
1295
2937
252746
33124
793
109602
28751
2838
448301
45352
79927
12573
2961
6838
19204
287
13130
274727
6934
54684
12294
4770
1060
130638
6849
60618
495087
24871
7053
544
112153
84189
5453
932
7561
17129
15451
3635
5109
2058
6144
138668
1144
13112
1868160
15055
3781
56479
55872
7391
63822
463690
889
145384
184857
42715
8731
1502
11124
3171
38135
10687
9257
65266
9560
8148
1106
1109
1408
16736
2515
21055
396
67768
14013
32828
853632
157848
14195
51232
124984
3002
17627
29570
8907
37987
17600
18409
352453
2215
2460
6510
2650
1557
80
121495
32301
61949
78119
2761
20181
43011
82318
78128
3550
16925
6587
41556
23849
6187
3228
2987
2983
6741
138024
4033
1456
284
1157
102337
53283
382
27419
626263
11965
63389
418
56487
2838
1393
1604
1060
18694
1674
42644
6533
809
1075
10156
9101
4900
601858
116843
5413
7947
41615
18730
12844
13172
71466
9955
25061
22210
2634
2916
3484
1043
1047293
4345
36368
57231
412
17638
861
19240
18840
2229
5762
48283
1186
2882
711
9906
37595
27125
40
72802
56462
23342
52579
5408
1508
4837
244602
113383
33589
3177
1461
783
4000
29869
178531
16519
1173
29838
2049
635
2425
33839
10308
2081945
45083
1058
249695
7999
428886
1310
25133
364298
11055
31760
13600
14654
3910
7160
62828
9373
96048
339
13381
49802
47095
69547
70349
572
22407
4691
1316
3585
9782
30942
34621
76821
521026
94796
1233
103107
32539
1984
1008
807
9917
941
96244
36819
772
6681
1844
10544
4854
9647
4611
10179
55389
13350
21391
841367
4717
26822
18199
623
2172
499194
12512
4009
99800
561
2595
7038
56690
5304
24147
967
1779
63645
20588
4784
3809
51652
233185
6000
7870
627871
3566
2075
27525
1859
222547
1748634
158483
771
8747
40217
5085
4780
6761
753580
398
37172
43232
25827
2142
1878
377233
8406
483713
138951
20634
53584
28559
10881
31344
12050
8305
209059
15912
21103
1288
17532
54218
73868
13966
8248
3740
89429
39781
3703
1331
554
12950
5511
7853
8438
17642
223
36151
15915
59494
16046
651
24074
56711
26414
72242
53083
1161
44717
2212
115588
298
168926
83973
10557
8819
2748
37937
3717
50011
2766
18052
2176057
7696
5679
4620
1734
6476
1436
21259
2829
122209
1836
5690
2464
37591
14177
49560
747
1992
4689
1073
15593
1855
701
737
6877
13302
35500
20728
15580
9472
36318
19142
53482
13859
2902
9942
19064
504
203861
1752
5741
121144
20950
770374
7535
1230
31339
20775
6785
3722
2079
21713
118254
65276
6298
3251
18940
3853
77694
893
1626
2822
23938
163834
520
12431
3304
5094
541740
3560
8545
9980
79666
18862
12999
1368479
19151
404787
10651
17073
40244
1017
1100
16007
2320
512
4350
139547
236
10930
4412
6438
1670
511719
6284
23576
44118
12059
96052
490
28975
204263
3436
5273
2264
17885
8360
5093
6368
219362
1079
3945
6610
1261
30168
136530
7792
11277
3673
74147
2505
11468
6792
80609
14776
286628
24758
21925
10985
8573
31151
30764
6484
30607
5451
86929
870
40254
26402
1625
1115
154372
60307
2386
34089
226
264
3688
25216
8215
331935
2463
704466
40320
48430
5401
150929
57132
80705
23950
6324
42865
60297
41686
9668
11381
378126
2062
2964
178433
32132
741
5712
237731
31079
2248860
4516
