55
5
33
291
33
9
56
52
398
42
23
22
46
34
17
26
48
97
9
36
28
10
73
12
25
9
22
10
4364
6
135
9
51
9
12
366
17
37
10
14
44
39
31
53
11
47
154
38
35
333
89
16
27
24
35
10
10
36
34
10
12
80
19
1100
69
93
1064
69
43
8
124
23
418
182
54
29
261
107
188
38
203
10
96
25
11
25
291
62
240
16
18
21
51
123
18
253
40
29
39
12
34
33
153
25
96
105
60
33
262
61
20
70
105
31
71
5
243
4561
44
73
30
1698
229
14
72
32
26
31
469
81
110
14
60
10
28
16
10
15
163
21
172
61
420
9
5
45
61
42
263
11
51
66
67
30
30
217
173
7
12
20
21
48
29
22
26
146
43
36
20
92
7
267
46
11
33
10
33
307
19
10
22
613
290
175
26
28
332
60
9
184
31
234
16
41
438
1446
68
58
24
96
66
18
72
7
290
30
48
15
22
22
20
14
65
47
21
60
15
25
62
171
18
22
58
101
187
19
21
57
27
786
56
16
298
31
364
17
34
76
194
63
30
811
28
35
7
37
158
53
50
42
1509
27
24
72
35
30
25
28
7
15
241
124
49
11
605
12
86
30
9
32
75
185
41
28
47
19
17
97
38
4
57
28
378
9
18
404
39
12
25
25
42
322
20
35
74
24
636
85
52
128
56
41
37
340
88
52
29
1
22
116
12
8
90
45
46
17
32
13
45
254
17
83
28
21
13
10
74
43
254
380
10
22
172
33
50
237
48
16
53
51
16
64
15
110
571
13
41
28
5
24
19
140
478
83
44
206
23
2221
14
15
19
827
22
13
92
937
42
32
27
59
52
230
236
18
24
16
45
66
24
10
9
12
12
12
374
21
64
12
955
8
16
69
1526
57
13
22
78
12
36
49
29
57
59
7
24
530
12
139
10
436
73
194
42
8
39
42
222
67
23
5
127
35
160
73
648
25
182
17
12
19
18
217
20
9
26
107
8
8
23
169
26
11
29
33
51
15
24
47
19
210
11
6
10
637
54
40
18
18
414
16
517
278
75
33
45
41
5
40
14
75
866
79
116
138
63
8
101
72
35
33
11
36
20
28
15
9
27
59
31
65
238
38
69
4
17
53
64
46
79
59
166
13
318
10
116
42
20
46
10
11
23
18
52
12
16
5
757
10
338
165
85
20
10
9
34
18
139
18
65
9
85
53
203
41
147
13
34
38
149
43
174
37
17
10
4
10
124
300
59
40
53
124
122
57
15
54
48
110
20
11
102
62
14
34
45
36
8
35
14
243
12
10
31
129
79
104
8
57
21
44
16
15
41
193
115
84
20
20
79
33
16
253
22
194
17
64
15
129
33
148
207
5
21
65
39
38
54
92
208
40
32
21
173
12
46
12
7
11
29
64
7
23
1284
72
18
32
454
245
19
37
81
14
79
14
31
27
16
92
6
18
9
37
59
99
33
25
18
45
31
88
18
76
28
162
43
11
60
42
47
37
30
150
9
15
20
65
50
39
256
16
8
39
129
5
451
9
14
155
26
32
11
144
37
122
9
29
2
61
20
23
54
30
88
4
46
29
50
60
32
41
92
75
112
36
21
186
48
28
53
54
185
10
8
9
29
607
39
58
30
98
7
90
44
187
19
21
39
34
23
64
41
46
2000
162
154
254
30
40
153
27
65
13
48
102
17
689
121
7
962
62
51
7
34
36
11
50
707
118
23
19
12
28
110
31
28
23
20
16
20
242
20
14
151
14
58
80
121
25
5
29
129
9
772
313
6
60
32
5665
162
42
9
516
13
69
277
24
18
75
21
87
37
57
39
469
328
40
33
22
51
181
116
14
89
8
69
58
214
114
31
167
60
24
27
34
74
34
34
10
16
34
35
48
44
279
23
30
466
24
73
329
9
6
52
42
66
26
10
85
55
47
658
9
40
56
71
132
18
10
10
30
27
104
11
11
16
61
46
73
34
1
81
128
30
43
15
16
62
50
47
82
511
25
20
1024
8
15
24
43
14
22
10
162
19
106
3
31
33
69
124
8
13
32
22
75
15
28
169
919
14
29
378
52
54
14
267
23
13
16
11
77
386
144
36
1
4
606
505
31
19
30
263
52
36
215
163
25
27
68
31
4
29
4
19
18
6
43
44
32
394
35
37
37
11
28
71
114
123
139
151
63
47
8
185
6
9
22
161
7
50
41
31
14
36
2
20
193
26
15
432
49
19
62
95
6
142
13
50
150
26
6
44
37
106
24
30
14
98
46
17
29
11
5
111
9
177
11
19
64
114
39
33
27
11
10
303
55
125
31
30
33
12
160
10
18
107
14
725
72
195
13
748
88
335
36
18
1060
20
28
48
72
4
7
19
35
32
61
74
52
81
64
73
28
97
46
51
18
91
21
1270
111
25
74
26
6
49
885
57
202
76
99
27
15
26
57
16
126
30
110
548
157
31
11
12
23
8
44
78
39
13
44
166
29
26
385
162
16
61
8
30
28
47
1305
746
15
63
20
7
9
98
23
53
48
15
16
18
11
16
77
81
490
58
35
261
77
31
176
713
388
11
88
18
28
6
12
52
221
17
118
63
38
184
17
235
10
34
43
13
338
29
1074
21
21
8
29
65
143
48
14
55
51
19
15
32
24
33
23
31
10
54
170
18
30
14
242
122
14
55
154
223
21
14
1492
1035
28
187
74
7
382
45
82
13
48
8
55
35
214
8
291
20
29
13
4
128
54
20
180
15
79
151
15
318
11
156
47
52
29
14
90
31
227
2
116
23
10
66
52
365
13
10
22
23
22
5
43
103
92
1884
13
196
22
76
49
219
14
41
6
30
813
100
32
303
293
10
17
75
16
19
23
96
46
44
16
33
6
6
14
32
23
39
44
38
160
130
9
122
36
12
22
150
64
58
15
178
22
66
1473
92
10
55
183
7
50
44
11
13
14
17
46
216
77
30
43
1817
117
27
43
44
437
242
76
37
98
45
54
24
32
56
7
40
24
12
50
480
37
77
107
44
27
47
101
74
18
11
92
91
15
37
31
27
28
18
70
78
116
165
139
14
26
68
82
18
23
33
35
83
130
33
16
4
34
72
84
111
11
29
5
150
52
178
133
161
333
6
8
1
10
18
9
9
40
19
7
73
90
21
23
14
3
243
27
143
215
54
53
36
12
30
39
19
12
4
42
104
178
90
37
270
21
22
92
35
11
246
56
50
10
106
23
36
86
21
112
13
12
88
41
44
26
3
158
216
6
72
55
26
70
38
73
127
17
26
26
122
40
342
22
42
239
71
34
26
31
31
6
23
56
35
20
15
73
38
30
9
19
81
203
40
51
9
4830
18
19
21
6
82
12
29
35
5
78
61
404
107
25
184
90
16
65
38
58
15
193
11
60
59
88
133
20
51
240
1592
166
127
31
62
16
87
26
28
76
25
9
49
19
30
279
9
16
27
2
165
17
49
120
10
48
48
44
71
12
25
33
50
23
63
12
15
20
113
40
298
241
16
14
248
57
47
18
34
34
50
58
43
69
84
106
24
50
51
47
9
14
6
91
34
75
117
23
146
6
14
1352
69
146
13
10
579
21
52
33
21
18
197
19
21
13
55
125
25
42
81
72
39
39
47
292
21
22
24
35
22
36
25
7
76
8
7
111
62
5
14
34
16
79
323
24
70
11
29
12
7
29
55
20
32
86
506
664
56
51
15
105
87
29
94
52
35
22
88
45
25
83
19
38
1423
21
25
22
154
15
28
27
115
31
7
28
31
4
137
43
128
17
42
116
23
58
24
23
3
233
37
68
40
81
169
100
309
47
132
79
117
159
7
23
227
16
44
69
40
26
23
68
36
188
119
45
17
27
826
49
23
83
37
20
414
25
93
42
31
29
39
30
53
219
35
134
23
29
15
46
16
26
27
6
16
35
82
397
26
28
79
156
17
46
45
157
12
287
11
818
111
19
47
15
68
191
61
51
24
27
40
35
16
12
16
30
65
92
9
63
81
9
49
248
18
68
25
23
30
12
257
87
34
16
57
105
20
27
60
530
6
17
17
110
456
14
115
28
1019
59
65
139
76
101
1449
52
27
19
20
13
74
59
328
33
42
20
141
53
13
10
1186
35
34
8
20
76
127
52
9
74
8
62
8
2
17
16
53
192
22
36
34
35
168
49
30
245
49
320
75
25
14
36
17
59
22
26
82
20
52
10
113
101
18
6
49
24
39
8
32
205
22
30
56
26
34
117
56
11
25
60
23
359
71
12
9
17
24
46
19
63
29
16
20
222
87
140
7
22
18
45
11
41
97
27
11
19
30
10
185
27
40
154
32
48
21
71
33
313
49
1323
12
26
28
21
1
22
20
13
35
2
963
56
118
193
7
32
51
36
69
153
5
11
37
25
28
20
46
16
41
31
34
64
71
23
38
103
81
61
69
31
167
20
18
41
158
14
30
24
13
65
34
39
7
35
30
33
68
52
13
59
40
40
29
22
55
40
25
10
6
20
52
50
70
126
19
27
18
108
48
240
19
41
71
50
17
28
2
25
12
42
20
8
111
15
84
25
14
91
16
53
7
19
10
189
143
30
19
45
51
32
19
144
110
39
19
13
323
13
33
72
449
21
38
18
40
19
27
45
30
76
22
416
24
1868
97
36
25
50
103
31
34
29
135
6
44
57
225
40
19
62
35
59
13
19
147
58
136
44
74
18
17
13
423
4
64
561
26
13
53
12
115
45
26
6
16
132
25
55
13
14
29
22
23
30
53
164
640
36
32
212
21
115
30
38
27
64
33
22
22
46
47
13
47
8
16
11
22
24
34
5
26
18
122
406
53
166
32
63
57
33
149
20
231
32
33
36
75
65
64
19
92
5
78
8
23
33
37
76
18
44
173
64
75
38
29
20
42
32
15
285
41
130
22
1
52
160
17
31
19
23
55
36
13
20
28
39
12
51
38
58
30
32
31
19
44
12
55
36
17
52
125
44
36
22
12
70
29
310
91
33
175
36
40
23
6
9
8
313
24
16
46
11
8
39
62
188
225
33
415
20
46
169
11
1088
24
66
46
1
61
60
90
9
117
39
175
59
21
7
134
157
7
29
34
34
54
35
96
36
51
22
21
4
29
54
119
21
23
1181
10
22
39
43
25
8
21
1413
54
27
102
46
76
296
57
59
1616
15
19
9
79
51
54
12
17
99
182
539
73
49
78
18
57
85
122
483
94
36
10
11
7
27
228
13
4
16
52
204
117
10
21
97
11
19
454
34
90
158
15
20
12
11
23
19
79
12
75
2496
11
43
78
13
15
21
66
35
9
383
17
43
42
94
20
59
50
32
81
40
6
9
243
113
15
24
320
127
65
12
28
36
24
6
165
37
77
61
63
133
320
190
37
24
61
74
32
3
14
3276
32
558
18
17
28
34
5
33
126
25
31
5
28
429
23
23
12
34
32
70
440
23
49
32
781
212
24
14
45
31
7
35
27
22
36
10
11
26
76
18
26
28
43
153
18
11
33
89
34
140
291
479
125
198
73
22
42
115
89
22
13
21
109
73
220
29
12
7
195
41
22
40
64
25
19
6
27
155
1619
65
3
21
107
45
90
208
205
46
19
8
180
10
135
45
75
135
60
19
12
121
6
26
42
26
22
17
40
242
9
35
165
5
35
85
25
20
33
9
138
341
65
52
11
41
33
32
57
276
229
12
47
27
42
22
19
109
10
24
62
19
12
9
48
411
39
20
78
4785
103
39
15
58
49
24
55
31
25
62
121
49
17
148
17
23
48
125
10
34
46
43
15
57
39
66
37
505
45
26
23
7
301
57
5
31
18
26
57
8
64
125
129
18
54
22
99
59
40
10
43
32
11
21
9
86
41
8
97
32
284
82
390
11
50
44
4
131
7
18
37
48
9
13
100
19
31
56
213
18
156
1466
15
14
68
21
12
34
63
43
5
98
8
73
43
180
38
21
172
38
23
15
29
28
192
7
117
110
26
105
14
19
13
1536
25
16
37
26
142
4
86
41
7
208
4
47
17
16
92
82
15
20
192
74
94
157
47
33
48
48
42
238
293
31
47
37
71
76
63
21
32
54
24
56
43
32
39
13
22
6
22
35
12
297
9
183
89
18
19
344
138
82
77
114
164
6
56
82
402
454
94
22
9
29
209
29
28
45
48
44
15
68
100
32
25
47
31
48
31
35
194
96
48
13
23
79
52
25
217
30
288
73
3
222
30
31
1502
53
202
275
45
39
25
57
4
16
20
17
148
116
211
62
27
29
117
29
39
25
26
26
24
14
181
30
1451
60
470
54
126
15
42
39
17
60
133
42
46
16
187
33
53
54
28
101
64
27
69
40
39
22
12
112
41
118
351
23
62
56
12
3
71
34
33
17
79
80
169
21
16
184
4
45
15
22
218
21
24
243
84
431
22
13
47
61
21
43
13
28
63
78
15
12
29
102
12
42
16
128
128
325
25
24
43
30
15
138
23
20
211
120
13
19
53
22
66
86
22
102
90
49
13
49
12
40
83
46
22
126
58
407
410
235
27
441
30
85
66
26
34
23
33
96
19
32
10
71
54
60
16
52
33
181
17
5
30
34
19
14
109
49
184
23
21
60
75
1639
29
14
109
96
34
39
92
59
56
10
37
26
132
17
149
79
45
15
34
15
74
106
71
477
7
20
87
25
106
261
46
40
52
44
45
31
54
4
1517
43
27
7
16
13
26
18
31
48
63
164
61
34
35
14
48
37
26
26
112
208
21
59
113
164
49
20
210
36
760
9
31
18
113
295
36
106
425
13
57
66
16
141
404
0
35
68
66
11
9
1
150
86
16
44
18
18
45
366
13
23
48
13
32
62
55
82
171
154
9
25
32
300
234
35
21
138
106
13
21
27
18
41
17
717
7
136
784
117
2
40
130
37
17
16
820
125
60
49
33
22
72
45
220
52
86
59
29
43
99
18
39
51
19
121
386
53
55
578
46
181
1
55
92
26
22
36
19
13
977
45
118
1159
137
22
31
123
86
77
156
18
74
24
221
27
18
27
26
33
11
79
158
17
68
25
40
57
160
89
302
50
50
109
54
110
38
29
273
74
14
15
17
8
24
34
99
55
14
3
360
45
201
18
47
94
120
11
26
51
107
98
2
7
38
18
141
208
7
13
48
89
8
38
22
50
22
26
37
66
30
22
37
35
29
34362
77
44
70
74
33
95
64
161
37
56
31
12
40
25
14
16
10
13
310
447
17
33
38
22
12
182
108
34
31
40
27
35
64
331
142
2
361
41
20
148
159
72
51
292
20
31
186
32
44
8
11
1154
1793
32
1
31
41
25
209
14
10
16
705
10
17
12
141
50
162
3
18
44
88
19
36
227
135
34
234
136
8
37
247
49
25
181
41
522
15
15
144
121
65
51
146
181
59
73
50
29
92
47
126
23
15
82
53
18
5
22
153
57
503
43
14
3
313
23
26
63
38
35
23
60
200
7
216
41
27
78
27
10
21
5
52
51
112
7
96
27
74
18
35
7
234
11
28
64
64
44
19
269
151
126
12
60
92
24
4357
110
45
5
58
62
86
90
10
6
154
15
13
15
178
101
32
11
83
26
30
32
76
28
22
209
8
19
9
28
33
23
113
22
6
60
29
533
21
24
15
63
32
23
55
26
18
125
273
293
16
700
111
58
8
14
119
61
6
30
60
12
29
33
8
13
66
7
26
107
24
66
79
16
60
38
36
10
63
29
120
22
10
136
11
139
13
8
33
12
52
34
87
63
26
120
136
25
40
30
158
154
43
17
15
29
8
19
62
19
41
12
157
18
13
287
11
380
15
29
16
148
31
218
59
11
124
6
52
24
21
156
50
60
297
32
13
56
57
22
17
62
238
140
82
6
18
22
155
19
52
20
16
89
30
39
10
37
113
121
53
27
34
254
4
127
24
17
91
43
62
17
163
46
598
83
452
35
30
24
29
117
54
17
11
26
78
68
19
29
2
60
228
46
57
161
32
67
13
10
104
4
4
9
51
93
23
76
34
22
20
9
91
23
94
11
39
19
45
16
18
161
47
41
21
10
347
4
18
73
29
26
10
30
18
281
43
205
868
126
10
18
109
17
40
45
10
50
37
81
555
213
895
125
15
18
28
74
34
100
84
14
13
6
16
14
156
22
54
16
16
27
29
27
10
76
98
179
57
131
11
16
21
729
196
22
3
40
145
25
13
861
51
41
536
30
35
47
494
149
393
135
9
10
182
7
69
21
8
96
46
29
17
50
88
77
17
14
541
23
1139
8
37
60
12
15
130
52
8
31
16
80
28
72
23
11
20
86
12
19
167
107
144
178
23
15
7
69
236
56
41
93
142
148
56
201
22
10
9
17
179
41
249
49
62
63
389
46
4
6
581
5
232
32
5
44
95
31
81
85
185
206
10
98
27
491
15
2170
399
29
71
199
12
25
54
697
17
32
187
30
38
440
57
10
218
228
10
65
10
44
12
13
249
81
93
18
11
38
8
35
12
134
31
330
14
44
33
18
333
41
15
210
22
67
21
225
5
23
358
153
19
50
23
101
1097
13
20
82
589
26
265
25
147
1458
19
74
25
22
237
6
557
77
129
116
26
25
20
25
11
97
20
70
15
453
85
19
24
4
36
53
23
52
5
119
32
75
22
62
21
59
294
21
11
37
34
137
31
153
9
20
81
1486
122
25
16
254
1054
37
83
69
441
52
38
98
25
5
156
23
16
70
30
26
84
49
9
102
213
81
17
41
19
65
69
22
8
48
180
9
18
74
20
45
41
79
22
63
15
36
36
21
340
189
59
35
7
12
57
11
15
87
166
64
9
41
48
28
206
133
37
119
117
13
73
9
31
5
14
62
17
9
34
37
23
87
40
20
9
71
28
84
8
24
20
36
20
9
659
37
35
134
60
231
76
118
2
28
19
15
35
42
21
44
36
266
104
25
8
62
27
49
28
35
8
73
1050
24
18
62
8
152
8
12
224
32
25
28
25
45
25
29
27
33
56
42
1835
3
15
26
24
23
27
337
25
14
17
265
12
47
38
27
174
117
22
10
400
30
26
92
25
37
14
19
26
31
19
28
280
150
37
1285
34
6
129
40
17
28
23
10
69
176
13
19
56
13
27
266
34
16
5
8
44
19
63
33
62
57
129
32
101
52
51
31
22
7
62
124
26
42
10
18
332
18
307
27
12
40
22
57
317
70
220
157
46
51
84
6345
17
38
17
22
14
53
50
99
42
76
27
182
16
61
1199
27
421
95
63
114
14
4
52
56
48
102
49
47
14
89
9
26
14
42
48
31
16
62
103
21
116
44
22
48
290
42
21
25
15
23
318
41
53
137
59
46
27
30
50
21
9
17
162
3
187
30
58
4
142
51
33
30
12
15
62
7
1596
122
110
18
66
23
19
709
34
21
11
103
37
87
20
171
3
45
66
55
7
62
26
48
21
22
49
175
9
89
110
27
93
285
70
6
24
636
37
15
39
9
68
130
89
44
10
54
68
143
357
24
29
57
269
32
12
51
66
9
37
31
18
38
8
210
34
33
74
20
25
80
37
9
75
156
567
70
53
11
47
4
62
19
29
243
12
16
58
17
22
310
147
10
78
127
29
27
12
3
341
108
9
22
6
34
78
15
98
36
94
36
35
101
30
43
4
14
12
21
123
162
16
60
7
22
48
19
28
71
52
175
126
22
53
51
577
11
9
78
59
444
39
43
5
176
16
57
47
88
38
916
223
43
16
50
905
561
123
29
76
13
19
35
53
38
51
30
90
369
24
19
8
126
78
59
35
15
36
12
89
40
17
18
86
26
142
877
61
33
30
89
7
19
26
39
73
20
25
19
70
51
841
48
207
51
28
42
78
12
74
58
414
48
78
131
25
20
40
459
23
61
206
34
88
60
5
19
30
18
368
8
22
86
295
10
62
103
49
251
23
45
27
72
30
111
255
2
608
33
121
23
226
7
43
53
34
64
100
30
3
30
34
357
17
16
40
180
18
18
689
16
28
222
281
67
127
13
7
15
23
66
3
79
56
11
16
49
31
89
13
37
49
17
40
254
28
44
31
30
33
15
22
83
11
33
120
17
29
18
37
23
44
19
18
21
22
33
36
27
10
257
12
45
45
39
95
31
130
33
7
20
699
29
29
105
66
94
41
16
24
10
60
22
187
7
6
13
28
51
49
25
177
475
59
34
442
25
11
50
7
27
31
817
26
26
0
23
38
18
113
37
81
70
31
32
1123
293
61
120
20
28
53
39
86
23
33
31
515
117
2
20
55
56
23
9
33
6
93
10
558
42
170
222
47
1
15
12
40
32
15
143
41
103
54
792
53
189
17
11
134
44
9
33
66
85
15
12
39
57
40
24
8
53
70
65
44
44
387
106
47
122
40
34
22
6
16
45
154
23
87
85
58
35
421
39
1591
22
26
31
22
44
26
100
209
59
25
64
77
12
25
93
31
9
89
47
6
105
49
17
8
53
49
58
41
75
3
9
40
24
13
361
93
45
8
8
75
41
5
13
16
34
95
51
16
47
321
77
496
171
315
23
14
8
107
24
37
182
14
188
17
19
132
41
18
38
151
136
23
52
6
20
50
24
65
31
11
23
25
38
13
264
35
21
8
34
53
62
20
15
14
296
33
17
38
32
17
44
187
11
21
18
25
232
48
57
32
50
94
62
32
52
47
8
190
288
137
26
35
38
11
45
72
16
28
7
43
8
17
77
33
26
81
37
62
35
60
7
21
134
3
22
56
12
58
699
44
21
8
45
80
47
13
49
23
18
30
486
27
7
40
32
80
46
6
15
29
6
21
115
24
37
9
110
48
65
15
121
36
51
7
21
56
63
349
31
50
32
10
67
74
12
20
18
187
8
307
73
56
14
348
12
21
76
18
702
650
597
29
80
80
54
39
27
40
17
9
30
30
15
14
91
12
78
99
40
48
50
25
50
21
148
155
51
26
195
95
10
20
390
26
23
56
142
18
6
37
26
25
27
104
153
9
17
327
59
33
32
322
223
169
36
57
224
91
70
15
7
83
14
404
8
14
34
10
54
36
27
22
48
40
7
61
448
129
174
81
289
416
21
8
75
15
22
22
45
15
23
10
100
70
10
34
274
73
4
14
82
114
83
21
19
119
26
4361
208
23
27
89
22
25
433
77
236
22
29
155
140
55
61
44
68
8
44
45
68
53
23
184
48
469
16
35
14
27
11
42
16
51
23
14
45
212
14
89
18
845
41
94
13
37
34
28
14
15
78
3
20
183
263
20
55
36
54
496
167
65
7
10
29
245
30
707
13
126
14
88
61
34
20
184
175
307
75
6
155
296
48
58
7
33
0
128
27
10
259
8
54
18
296
13
325
63
152
8
41
20
28
9
6
59
35
69
17
35
67
22
13
119
4
220
18
63
43
137
10
81
35
23
46
85
63
1294
18
15
45
83
391
59
44
26
39
28
1
128
12
23
23
36
11
39
97
174
27
54
4
20
9
13
79
457
63
10
52
225
35
48
154
23
39
107
345
83
72
30
41
18
27
70
353
216
227
363
10
37
54
11
12
89
54
36
195
18
32
70
21
4
15
73
59
6
31
23
39
92
11
62
103
143
45
30
25
73
36
49
25
21
26
145
11
11
102
32
14
42
26
28
29
52
1608
95
37
131
15
18
120
25
56
8
482
78
7
44
20
24
116
226
4
24
21
78
40
35
9
30
160
103
34
13
22
59
43
12
6
44
24
25
131
30
33
34
9
11
11
18
42
392
428
179
65
37
96
98
41
90
33
27
88
29
17
593
16
171
28
52
17
1465
33
30
79
14
213
15
35
30
41
59
46
18
708
82
47
55
54
17
17
41
15
47
35
21
2
21
69
17
106
38
34
294
24
33
38
99
20
103
213
72
22
15
293
69
33
4
58
40
11
13
23
128
29
23
18
99
27
8
26
151
45
49
70
281
6
13
399
42
366
107
42
14
22
27
54
42
20
89
39
329
34
36
37
178
75
38
41
32
30
85
26
12
15
115
163
11
40
454
5
8
209
106
75
101
10
12
21
156
1000
16
212
15
32
35
8
22
121
37
8
7
136
59
34
21
15
48
29
142
17
69
116
40
5
191
35
79
104
29
171
50
150
473
14
57
23
48
273
25
11
98
19
86
10
65
87
18
43
42
11
19
67
46
22
12
87
62
150
6
474
35
41
20
51
77
393
13
28
122
57
8
31
35
38
115
63
5
28
36
97
956
41
38
50
47
24
19
105
11
11
14
19
43
48
9
19
20
24
129
27
13
16
24
44
87
42
35
185
125
884
69
36
58
8
297
95
170
42
34
295
58
64
22
23
20
40
35
8
15
14
42
65
10
174
67
157
26
27
131
16
12
75
19
16
36
38
17
40
320
59
279
6
59
44
8
18
26
11
135
166
17
55
2
6
12
87
5
22
22
434
90
321
153
37
50
57
31
78
53
10
42
2
21
56
21
9
11
7
1012
78
282
35
47
12
35
76
29
26
75
401
35
14
20
13
71
25
791
13
18
40
44
12
48
8
81
24
47
62
47
27
3
15
31
15
30
10
89
11
49
22
88
24
20
80
44
87
24
22
32
36
10
43
165
1435
133
204
29
16
696
36
79
59
77
116
17
943
68
25
15
37
78
138
21
46
16
48
32
237
28
13
32
175
162
19
314
29
44
11
57
53
142
136
13
21
30
28
32
14
80
40
278
23
1552
292
188
12
75
6
35
23
169
83
3
99
18
128
43
17
1089
263
41
23
63
93
79
11
10
2
64
52
299
3
28
29
35
67
21
41
104
124
56
43
6
37
38
158
7
53
8
10
47
13
39
185
284
29
43
96
35
96
20
5055
22
20
10
19
44
72
91
34
16
10
31
65
21
10
20
40
57
55
620
75
13
195
39
10
27
209
12
71
55
273
240
2
15
67
56
51
78
11
37
60
13
31
24
9
31
11
148
7
64
23
30
46
59
41
13
25
143
29
37
374
21
57
73
318
8
84
19
12
26
38
63
13
25
18
55
54
85
13
31
259
3
4
28
124
9
125
44
179
215
58
10
32
9
33
51
13
24
58
14
22
177
9
102
31
232
19
114
47
381
14
9
16
18
78
23
22
9
45
21
64
79
48
75
629
45
15
164
26
18
18
39
87
43
74
25
20
25
429
111
76
27
25
406
61
47
75
65
9
173
44
28
63
185
41
24
33
11
109
29
32
107
34
22
11
69
9
50
72
70
148
42
53
694
13
93
4
25
21
39
54
19
14
187
32
65
9
27
18
12
233
32
34
18
17
373
7
12
10
41
13
26
12
31
48
45
24
272
15
34
78
160
66
62
43
117
60
25
234
103
28
123
30
43
17
38
176
28
935
33
30
446
77
116
19
20
50
21
48
21
18
173
23
22
75
24
28
17
35
4
17
17
183
16
183
75
252
22
27
26
51
25
55
129
3
118
28
9
36
6
38
250
7
42
5
24
28
7
24
37
12
13
36
504
51
54
56
34
177
43
74
56
32
92
17
5
17
37
42
743
49
52
96
45
41
39
135
154
4
50
33
22
94
366
35
128
94
87
12
17
83
13
110
67
125
10
21
54
190
9
12
34
28
54
105
14
10
54
64
26
5
21
70
8
19
37
1155
73
38
9
180
46
35
36
24
7
25
51
24
31
112
69
48
44
87
48
15
53
338
74
113
74
186
146
39
28
106
18
54
33
17
43
108
16
10
66
154
63
40
36
15
38
12
59
18
394
17
13
18
4
30
67
11
31
57
1092
90
18
718
95
30
13
22
39
25
27
42
19
4
325
26
12
111
25
21
7
2872
15
100
58
104
61
12
159
25
7
23
64
23
40
55
308
51
55
61
38
52
40
33
22
26
4
20
153
13
25
155
24
9
42
116
110
133
268
348
54
96
230
6
33
366
66
149
68
24
11
13
44
46
40
30
189
22
19
26
33
34
230
9
36
49
25
45
30
380
50
79
132
75
41
54
176
21
95
2
31
9
17
12
172
7
16
3
23
19
53
10
15
98
61
5
43
16
73
29
27
349
28
59
90
15
1
271
126
1312
178
60
14
73
51
76
8
41
38
339
20
14
143
21
27
14
3
44
24
117
27
178
42
5
26
18
116
204
74
28
108
1203
34
19
6
53
8
50
20
20
14
77
51
84
34
264
56
19
6
33
76
35
29
17
1271
159
33
1559
22
322
30
20
22
141
80
22
14
108
18
27
25
21
12
25
3
44
11
95
20
4
312
8
71
179
56
25
25
21
49
15
12
28
8
62
8
24
30
23
25
96
14
27
10
58
10
60
451
34
14
35
222
81
7
17
12
34
300
235
220
188
27
106
21
331
57
85
10
28
116
5
36
113
335
95
46
55
4
113
16
33
28
22
570
26
9
42
57
17
101
118
4
72
152
49
13
30
108
1831
31
14
233
14
71
33
17
8
23
308
1509
176
20
101
38
230
18
34
30
12
115
55
14
134
45
39
14
58
68
19
53
32
487
31
332
14
5
45
38
44
12
49
36
17
20
112
17
116
60
6
345
134
57
19
27
99
217
34
23
102
16
56
12
757
28
29
103
21
50
61
33
71
396
21
49
241
18
9
27
14
57
14
33
406
8
193
105
13
21
57
376
26
270
38
86
117
63
237
68
21
35
13
29
1162
75
23
38
25
72
43
6
23
11
127
13
12
20
47
102
56
23
16
56
14
33
23
39
41
124
41
55
41
41
73
98
48
52
180
46
37
45
100
23
44
13
12
17
61
7
11
12
356
71
35
78
197
37
128
24
317
33
67
41
28
60
92
111
202
11
20
17
12
36
176
24
54
78
121
83
27
108
330
60
19
6
154
105
20
7
23
40
55
20
8
52
57
24
40
161
71
30
6
192
87
19
32
50
25
28
26
41
339
162
93
3
46
55
1004
138
31
55
14
32
24
21
45
57
34
22
36
60
2081
14
51
49
15
21
29
58
14
6
8
134
42
29
24
19
77
18
44
261
9
58
131
12
17
22
54
36
9
235
58
37
129
57
395
18
5
52
19
47
10
14
29
59
62
40
1395
41
44
44
20
20
39
9
957
213
1
99
19
138
234
6
9
67
25
43
16
33
45
24
18
30
22
43
60
208
244
73
13
30
334
51
26
144
6
60
60
37
44
27
21
45
84
15
333
87
42
15
159
42
10
2
28
67
31
63
109
5
445
70
35
107
45
20
88
34
46
8
43
64
26
20
16
314
19
1
405
17
26
19
4
155
184
62
36
191
9
1067
2139
14
11
8
53
155
70
180
12
16
46
9
13
30
15
98
5
6
10
11
19
141
67
71
79
11
26
107
48
90
25
66
29
5
48
130
14
563
27
50
57
210
13
13
299
8
64
89
1300
54
14
12
67
32
43
8
13
172
31
35
20
84
11
30
119
137
215
42
41
25
19
28
65
66
5
23
6
41
30
8
17
23
17
13
10
9
24
28
26
9
15
597
26
30
137
75
154
60
138
23
28
43
22
18
85
33
61
80
31
84
48
150
15
18
39
69
69
33
65
4
33
14
327
73
82
129
83
168
38
82
605
9
51
111
62
48
16
34
25
59
32
115
122
24
173
108
17
701
39
32
45
25
56
61
25
5
8
16
62
146
66
40
74
28
33
25
26
33
387
19
90
21
153
29
25
18
31
145
39
367
754
607
92
33
8
15
5
18
191
38
37
31
17
16
70
50
58
64
75
21
187
160
40
64
10
40
65
177
9
17
283
13
21
12
17
18
58
11
206
29
18
62
417
17
35
63
23
4
264
15
292
125
742
26
40
22
62
17
62
42
33
51
35
91
71
41
39
113
94
180
45
13
22
206
79
103
3
24
168
16
20
352
509
39
93
27
17
16
187
44
149
67
76
133
24
58
43
65
50
13
17
67
66
55
9
41
41
30
600
65
172
33
135
46
141
42
89
7
26
6
24
36
26
13
21
24
21
5
22
14
51
29
31
328
7
28
48
16
21
95
9
26
40
52
188
11
13
59
16
49
8
43
29
31
2
28
29
69
97
49
54
61
30
14
53
79
53
42
36
21
11
41
128
4
19
134
71
15
17
11
6
33
6
5
16
15
92
51
285
37
21
19
25
20
127
162
30
248
61
80
208
66
22
95
50
47
34
46
44
99
196
31
21
37
3
26
23
340
41
21
29
56
13
43
15
173
10
23
1076
30
13
61
64
21
62
44
11
14
29
7
49
21
15
159
227
51
119
1229
40
90
19
89
2
5
57
24
644
150
31
9
23
17
281
9
54
21
97
33
66
264
35
3
36
10
46
36
73
21
66
63
42
45
23
17
41
3
26
32
95
113
300
22
538
279
1065
9
120
218
36
42
149
2116
116
60
90
71
32
15
18
55
36
34
168
50
59
97
138
50
25
39
19
98
81
87
25
74
8
194
28
21
16
41
104
285
53
37
106
639
24
7
7
13
78
53
5
71
213
114
34
8
66
1079
15
35
2
41
31
5
26
121
34
170
13
16
34
42
12
77
62
22
75
46
24
32
43
11
18
22
46
37
18
15
46
52
1070
81
23
15
15
31
126
12
92
11
11
27
41
125
24
17
121
13
36
302
48
16
23
345
4
303
10
28
67
303
157
20
22
6
30
44
56
24
46
27
49
44
86
51
11
25
77
11
7
12
10
25
8
15
12
34
6
28
29
23
62
12
13
19
331
159
56
351
14
39
121
237
23
216
83
27
31
13
277
12
25
24
9
9
444
24
13
195
104
91
17
79
53
483
20
39
5
23
33
28
144
83
73
105
13
128
19
472
166
56
31
201
51
44
24
98
59
22
23
11
192
67
9
33
34
16
37
26
291
118
26
32
28
29
23
58
14
25
28
30
678
594
45
27
21
41
107
685
23
7
83
62
5
21
76
34
43
44
323
146
76
2
20
41
33
21
7
45
134
61
26
17
367
8
11
19
33
13
35
20
7
68
21
49
168
204
22
171
217
44
4
339
29
83
80
17
60
29
84
7
79
37
27
111
16
32
41
63
112
13
29
170
26
16
561
21
880
112
43
68
16
21
131
77
51
21
9
10
42
114
66
413
14
34
16
115
38
15
85
40
99
98
56
105
14
16
28
27
8
35
172
15
18
106
331
13
28
22
32
22
47
18
19
857
26
157
100
6
58
50
253
57
19
37
164
22
53
21
14
97
533
32
32
45
110
57
235
32
2890
20
8
16
27
167
13
126
89
5
22
132
104
30
18
46
53
30
31
17
103
8
43
231
29
58
36
111
128
88
10
61
199
35
4
164
35
24
29
41
86
77
86
27
57
3
34
19
27
213
16
18
16
83
19
5
59
35
18
51
144
17
24
10
26
22
5
49
149
93
24
32
78
66
15
23
24
71
29
37
12
16
11
58
54
275
15
17
63
1486
33
114
53
53
21
41
41
587
24
22
32
42
91
43
39
10
19
379
165
54
72
12
90
27
63
566
55
14
40
30
37
23
20
75
15
21
15
9
9
18
93
45
28
42
44
90
188
357
47
39
3856
55
20
31
77
109
10
1450
96
55
7
17
33
33
14
1437
46
55
100
212
411
45
116
62
64
55
4
42
17
72
50
54
1587
10
122
109
24
9
20
17
44
20
23
26
14
185
290
985
135
30
15
27
10
28
61
243
22
58
252
1451
49
7
95
117
107
775
10
33
62
12
470
17
415
16
42
18
8
88
16
8
168
138
30
9
33
75
72
13
15
17
101
18
44
81
144
7
30
19
21
35
300
27
19
9
15
171
8
55
10
6
37
18
25
37
79
17
59
10
19
118
38
111
11
36
37
7
161
12
127
5
7
9
62
20
91
61
100
223
225
25
559
44
73
67
37
13
220
22
89
213
213
4
18
133
75
123
55
38
291
58
412
15
10
48
59
148
465
38
49
42
20
11
1237
104
27
50
15
217
30
24
16
64
15
67
15
20
16
1752
174
133
9
13
7
95
464
79
8
6
22
120
25
23
102
20
45
54
17
54
272
269
19
349
31
17
177
2073
216
11
37
29
14
26
130
45
87
12
22
7
9
34
9
91
15
37
26
37
41
388
36
55
67
4
22
128
119
38
79
6
350
20
37
8
8
445
21
5
86
198
112
29
26
41
246
54
24
192
900
12
6
28
22
20
22
37
13
31
30
49
20
85
73
112
8
62
23
101
256
20
42
410
113
34
23
21
20
73
6
53
20
43
29
91
1626
10
98
72
12
27
547
42
249
46
31
23
15
15
98
149
9
20
6
13
139
40
1
21
11
40
318
9
25
24
349
13
6
68
217
5
125
59
44
33
34
34
181
35
56
4
78
35
42
109
23
22
13
60
21
11
39
8
56
325
398
14
67
229
82
22
13
213
79
190
9
32
24
37
85
15
30
607
29
76
14
48
120
36
82
38
88
11
13
24
19
14
25
468
14
313
21
43
41
167
48
233
82
23
42
18
33
25
22
8
29
71
245
40
1656
26
66
29
8
22
38
22
220
24
58
39
173
15
13
17
34
5
32
53
18
73
76
33
4
22
58
16
5
84
19
231
68
74
34
419
24
294
35
14
10
44
88
131
327
88
94
18
23
95
22
37
70
34
16
7
32
35
47
61
62
141
45
941
5
38
30
290
90
88
36
478
13
39
25
42
13
29
49
10
54
106
18
206
25
0
50
24
49
12
18
6
42
51
838
27
15
125
17
430
72
74
39
6
19
33
23
3
61
36
18
236
164
6
10
35
371
27
22
30
41
41
282
68
31
37
33
6
46
26
70
28
109
21
190
67
117
16
9
22
45
29
42
14
12
86
142
101
28
30
19
9
35
16
175
159
34
17
240
95
34
55
12
45
40
82
13
29
17
24
20
131
49
64
18
182
177
37
148
54
15
42
37
16
44
20
18
43
66
255
199
31
17
21
49
8
11
19
11
67
14
49
35
33
156
24
16
20
189
6
37
213
92
34
8
13
248
87
12
57
20
4
35
65
70
26
103
624
35
22
37
55
124
21
18
2
119
25
40
61
9
99
31
302
101
44
671
12
52
16
36
151
16
38
113
71
5
13
85
32
54
206
135
26
145
29
925
57
18
41
16
2
18
29
129
22
10
35
68
35
16
37
24
143
32
57
21
10
31
62
84
77
18
23
26
61
106
110
33
29
261
122
9
70
14
22
16
5
38
34
55
31
169
467
26
17
29
62
842
23
8
22
3
15
7
14
30
129
31
65
18
25
102
33
34
39
24
16
58
12
25
20
29
212
119
137
61
531
10
30
205
42
24
58
9
61
94
26
40
65
9
68
11
339
28
150
13
4
557
14
171
7
17
14
25
37
31
4
330
59
171
61
28
132
34
31
26
15
42
30
31
13
7
489
10
333
13
190
47
26
15
62
43
71
18
10
29
28
21
655
13
105
60
229
54
76
36
26
96
48
17
9
32
34
50
14
17
22
107
13
80
6
981
86
31
41
61
354
21
10
194
565
83
181
937
27
10
19
94
155
25
74
257
68
9
40
97
30
35
154
23
80
6
18
8
20
10
20
66
28
22
41
71
17
275
234
43
36
21
46
32
10
157
15
7
85
8
61
30
1538
45
68
33
14
91
2159
138
36
7
30
67
35
55
9
15
236
12
42
15
276
50
6
2
29
26
69
67
23
67
220
65
82
7
81
3
170
20
35
115
12
39
99
64
22
53
39
12
97
204
15
44
10
280
175
34
72
24
212
32
29
33
12
463
84
93
25
92
54
55
66
10
31
47
20
72
9
28
134
82
848
11
300
449
95
20
43
28
42
35
24
37
136
30
30
82
48
26
45
170
154
287
39
495
30
4
34
57
5
345
108
32
17
23
20
18
41
35
41
62
353
11
22
17
17
146
115
32
43
17
34
58
48
656
29
494
118
342
14
22
9
20
29
52
40
16
61
28
6
61
44
22
7
105
73
45
42
35
50
387
33
22
17
133
27
39
6
39
102
53
446
10
16
193
27
12
13
17
52
141
32
15
10
2
25
74
232
58
14
14
35
80
40
105
78
61
1831
6
10
14
29
32
4
21
34
11
28
13
251
37
113
28
13
51
29
87
141
288
74
9
29
76
211
8
32
19
14
127
56
95
31
16
312
12
1094
13
57
214
24
108
16
207
168
40
45
17
187
8
10
261
12
1031
4
340
161
16
9
142
33
104
30
49
71
31
35
63
24
46
401
81
27
107
75
35
123
6
25
29
19
63
71
33
37
6
34
27
55
88
56
8
333
31
18
17
80
30
166
21
32
31
2624
31
17
31
37
325
13
347
31
98
18
52
115
22
38
74
227
31
372
19
98
21
7
9
56
669
15
10
25
342
26
36
201
43
24
314
41
285
13
20
436
309
84
19
32
32
31
96
7
46
39
10
68
32
31
15
23
36
13
1037
73
55
4
23
12
10
13
73
7
63
45
265
29
20
28
9
15
16
2
98
65
55
83
699
419
27
353
23
29
9
39
41
25
176
686
17
15
64
35
27
25
54
7
53
11
162
9
14
17
14
8
60
78
321
6
7
19
45
41
19
41
4422
111
59
92
37
39
20
18
182
35
22
108
14
42
12
15
12
89
127
26
5
174
18
188
42
17
27
63
29
47
139
102
7
90
42
66
24
16
26
29
47
565
804
9
83
27
18
15
26
15
28
39
27
52
191
65
21
21
13
108
24
116
175
19
21
123
84
43
68
154
16
50
14
27
34
105
81
410
28
38
12
28
13
96
144
79
70
74
40
104
19
23
206
48
72
174
130
41
16
34
6
7
29
50
80
21
19
8
82
4
38
23
17
46
10
183
20
287
48
20
19
159
209
42
608
26
124
57
27
1
238
40
78
323
21
82
314
55
69
189
15
22
110
38
36
62
17
69
266
11
7
67
974
16
15
96
25
3
43
44
37
108
47
11
19
11
79
376
217
56
34
403
75
7
14
108
8
50
14
50
11
15
22
300
498
120
56
19
574
21
80
10
13
112
32
13
138
6
2
89
384
16
200
63
68
30
150
27
140
43
40
39
99
202
100
153
129
77
7
28
20
4
93
46
41
16
49
34
26
28
13
8
147
64
58
33
69
20
63
15
4
17
81
16
36
54
199
20
63
16
933
96
17
654
125
10
44
90
8
86
162
35
63
34
23
74
17
27
22
221
39
21
40
17
159
57
62
5
31
94
18
12
28
10
96
73
36
25
26
85
139
2384
244
11
67
99
23
76
2249
1069
42
12
5
17
89
5
94
5
8
207
164
21
54
31
48
31
98
152
314
187
36
16
19
123
10
53
15
24
11
25
325
161
76
0
18
98
1541
302
16
23
52
19
11
129
155
647
61
93
9
33
38
13
78
21
66
21
11
57
87
59
27
39
11
15
184
539
4
35
17
125
7
36
363
54
30
5
13
41
82
87
75
23
122
133
183
536
118
36
15
84
57
160
16
248
8
117
199
22
443
66
240
38
65
19
6
32
131
53
79
12
1558
10
19
53
20
39
19
18
383
45
16
46
17
20
128
92
231
20
78
52
46
364
6
55
326
15
14
291
35
12
128
160
41
59
181
8
7
14
35
152
66
20
89
14
26
4
11
49
28
11
42
196
61
66
7
214
146
192
105
41
225
87
54
16
43
99
54
147
34
67
26
66
39
32
6
1066
62
50
429
92
199
18
21
37
21
75
155
182
54
20
25
18
15
37
36
33
62
21
25
87
64
28
25
158
168
14
33
19
72
28
18
23
15
115
396
4
73
30
32
23
1607
38
25
53
8
26
68
52
48
28
128
9
905
17
23
2
251
49
21
121
17
411
13
2890
144
50
242
87
153
204
23
1730
58
74
154
11
7
11
59
13
163
78
44
51
24
108
10
28
105
153
7
37
13
825
7
131
59
35
309
40
356
27
48
787
27
132
30
255
13
13
446
24
69
26
74
206
93
73
66
17
564
40
37
24
22
18
175
197
30
5
63
89
28
196
9
72
39
35
561
48
14
43
80
12
94
55
35
48
28
136
77
13
17
342
37
13
38
356
17
18
1156
1
26
106
59
19
53
42
21
104
9
332
13
56
29
27
53
2
17
7
49
32
87
61
36
41
21
39
3
36
15
10
200
17
18
71
104
355
32
73
11
135
1471
41
101
29
17
19
568
26
38
28
721
36
5
20
15
384
106
17
18
20
77
63
16
394
13
59
21
145
262
306
17
4
194
32
31
195
35
46
66
4
123
76
9
742
87
20
38
12
3
14
40
143
36
19
18
66
18
68
74
218
52
222
32
81
65
8
26
501
11
19
47
4
150
49
19
32
73
63
24
213
15
14
40
63
22
712
14
111
21
25
39
167
15
33
343
70
67
8
20
265
44
79
9
45
104
91
243
51
93
13
10
51
5
214
35
58
25
27
52
28
8
266
51
29
304
2
13
38
112
59
16
250
7
45
10
8
25
124
47
20
233
20
22
127
36
1059
12
70
48
75
35
62
94
37
24
21
199
78
14
51
56
15
230
11
294
22
31
12
33
27
79
111
38
108
72
16
37
42
158
29
31
14
55
33
29
89
11
19
70
61
33
28
12
13
268
31
11
18
104
11
26
55
35
121
38
22
17
789
126
259
16
573
4
68
66
42
887
41
11
25
34
6
574
1479
55
222
2403
13
31
37
20
27
82
35
240
89
5
11
55
22
21
109
156
50
25
13
19
164
46
9
350
34
35
5
8
147
78
77
81
553
24
64
27
43
23
133
21
393
78
17
65
88
25
56
21
108
10
219
58
92
29
457
40
57
56
30
124
6
11
25
15
29
16
80
9
240
44
44
35
219
65
12
34
13
63
14
286
38
153
112
16
6
16
59
53
32
69
68
14
20
21
82
32
59
301
23
74
12
76
41
111
89
181
351
258
65
8
57
70
37
2
9
72
8
129
82
58
79
202
14
31
421
5
24
171
31
40
36
72
13
357
833
153
20
66
25
5615
243
47
25
5
69
11
24
10
48
15
12
315
8
3
86
80
114
18
18
21
477
50
23
10
115
24
58
191
36
14
16
22
58
57
33
189
20
26
19
21
5
86
80
41
94
74
55
92
22
45
126
16
8
20
29
16
26
376
40
152
36
12
20
23
42
11
39
5
23
39
76
131
87
532
14
50
22
400
17
24
4
99
19
32
39
118
13
63
27
31
59
17
25
47
31
14
183
60
569
20
12
16
43
49
43
200
31
7
31
27
90
11
119
25
39
25
119
72
737
19
309
61
595
14
1177
66
22
12
136
62
22
20
371
8
22
1192
21
44
48
62
207
32
52
96
58
35
214
17
25
119
75
42
15
50
6
12
98
162
37
26
18
460
1
160
33
17
130
512
100
36
57
355
45
20
155
27
365
76
50
41
62
82
1119
50
484
64
27
4
804
6
116
113
25
15
6
34
151
146
174
710
44
45
33
5
32
37
22
34
216
42
43
72
57
27
145
356
25
10
25
28
92
26
138
152
35
6
50
7
30
15
105
104
26
190
2
6
16
65
51
111
79
21
206
384
56
158
88
61
19
164
23
335
62
50
29
40
30
92
100
27
39
77
23
20
35
8
29
14
100
62
6
10
19
20
24
22
13
3
26
13
25
9
37
36
24
34
62
24
18
1074
26
36
56
26
21
30
27
1515
220
40
17
10
41
342
9
374
261
1126
311
16
36
15
12
17
173
20
29
19
62
21
67
228
6
22
90
18
22
587
11
36
818
123
3
10
20
99
20
18
349
120
20
46
15
21
110
14
19
25
80
50
82
7
21
114
13
5
48
7
50
142
26
50
47
65
5
619
6
14
14
364
49
9
12
44
113
50
59
27
37
33
133
92
290
14
13
38
279
46
6
84
227
12
86
60
27
70
58
115
22
41
355
16
35
120
198
25
88
78
12
6
17
26
13
22
47
9
18
16
73
54
22
33
144
7
6
47
30
68
120
183
28
34
26
15
30
33
31
56
47
16
40
7
22
13
24
17
313
78
506
70
90
210
3
20
461
58
302
47
18
36
37
210
130
83
38
8
33
70
73
36
38
26
76
4
34
216
12
39
98
157
132
47
9
38
15
85
42
14
4
80
80
327
134
21
27
85
33
6
10
22
208
32
41
15
1493
27
10
226
28
50
190
44
29
136
57
40
87
29
252
61
13
300
158
32
2227
17
35
1264
15
11
11
62
14
36
65
33
148
40
20
9
51
28
95
6
457
229
41
63
8
18
81
27
10
22
389
77
4
23
91
615
11
6
191
19
78
26
120
36
31
585
10
35
64
7
107
19
11
97
48
19
29
138
26
20
39
72
156
16
151
9
13
8
12
462
13
36
4164
171
28
32
25
9
404
185
51
65
29
132
47
42
21
8
156
25
34
45
10
34
38
31
18
101
12
37
20
70
41
94
145
12
65
3
12
47
8
490
122
275
21
24
11
188
39
46
31
39
43
42
128
4
65
42
15
41
79
10
192
44
44
20
103
182
174
92
16
41
17
49
315
11
226
29
79
36
86
46
517
45
45
213
29
96
57
69
26
22
82
2
15
26
79
13
47
55
23
17
36
31
4
28
131
12
311
45
36
15
49
48
91
44
97
31
28
35
299
263
25
36
31
21
20
10
54
24
205
9
19
38
74
22
21
10
31
11
33
13
63
234
58
4
36
12
63
77
23
29
127
22
130
87
504
32
89
17
7
22
47
37
61
80
16
100
1550
120
12
18
18
1028
29
32
77
43
126
8
74
31
249
19
10
16
153
99
45
16
42
51
9
65
17
54
122
21
483
40
66
272
75
59
37
128
62
212
597
247
13
285
127
21
30
21
54
61
21
23
63
47
25
47
15
31
12
9
23
28
169
15
43
69
18
42
1021
89
42
16
43
61
41
96
33
31
529
263
30
104
12
16
13
31
31
23
45
47
35
146
23
366
20
7
12
27
64
93
89
5
38
25
4
94
50
24
173
53
80
25
71
20
7
205
118
33
19
27
19
66
6
28
4
65
291
23
5
27
18
70
30
11
15
500
29
91
15
7
24
48
8
22
280
31
10
114
24
35
17
22
26
129
42
14
16
18
42
41
43
123
194
72
10
91
432
72
41
66
21
26
320
13
4
20
89
27
12
62
18
14
73
134
7
23
48
113
12
24
8
39
10
42
4
49
238
61
77
21
381
17
52
31
22
34
15
37
52
20
51
26
12
68
34
58
10
142
346
3537
52
11
15
111
138
71
24
7
58
103
33
16
52
48
36
59
77
86
71
24
45
37
49
36
126
313
48
152
80
49
22
670
145
16
62
6
8
10
32
7
27
21
105
22
1
534
17
164
133
16
18
16
300
107
9
30
515
8
38
39
4
13
7
79
136
125
45
28
251
14
112
50
62
195
46
33
77
44
29
60
20
47
75
25
48
11
207
8
3432
36
49
33
33
14
31
7
1895
497
15
60
336
24
35
9
21
25
188
58
53
11
15
153
18
231
38
11
35
56
40
28
25
180
30
57
36
134
5
35
16
1
54
91
361
12
19
51
14
17
658
44
29
468
41
711
222
155
94
14
55
31
57
180
117
13
19
63
1054
48
3
6
17
118
187
29
29
39
10
24
21
20
245
47
6
9
56
3
269
112
27
125
18
5
18
184
14
54
44
54
1083
24
29
9
471
237
41
17
52
23
19
695
8
36
129
13
46
15
63
20
202
50
28
27
9
880
23
27
44
76
173
20
71
108
74
56
41
24
67
20
20
5
14
30
266
37
124
9
23
176
20
22
5
36
133
12
30
25
9
24
41
599
147
36
18
366
151
532
32
49
114
17
624
36
50
12
14
154
39
24
116
2
22
48
49
18
83
19
7
102
53
49
5
13
34
25
382
6
18
17
63
18
522
66
55
65
55
108
281
38
171
4
25
222
188
46
240
19
16
82
21
44
31
70
13
98
34
19
209
42
8
9
26
42
207
16
1981
682
36
56
12
53
24
18
99
193
23
27
17
30
101
7
24
146
117
80
147
45
484
190
33
11
12
27
38
28
943
16
102
21
14
20
76
22
4
23
83
32
59
62
33
22
15
28
15
24
90
48
15
25
92
25
27
37
25
19
153
26
56
28
37
34
20
43
16
35
22
42
90
62
90
102
46
54
46
48
42
399
42
18
21
123
155
243
24
17
9
32
19
18
37
51
27
286
754
26
18
22
70
69
49
25
312
13
31
18
20
3
61
103
38
23
27
48
7
139
727
38
101
9
131
25
141
224
32
53
116
101
12
8
48
144
41
47
170
21
15
31
17
48
13
98
13
91
21
2
106
43
20
362
153
319
35
2
25
7
112
44
15
228
26
1051
45
11
70
132
25
32
32
310
29
22
31
128
8
34
14
179
91
143
39
12
30
78
19
25
21
27
143
28
67
70
11
43
124
1477
210
23
16
36
31
141
120
19
59
17
5
20
40
47
114
31
39
8
42
62
46
6
20
28
13
6
20
536
28
119
36
105
47
25
70
128
91
13
29
34
68
159
15
29
87
36
44
158
436
51
44
7
153
6
2
145
68
1109
30
20
13
18
13
18
31
5
68
40
22
30
349
201
22
272
11
53
28
44
35
11
528
54
35
225
22
139
19
25
43
36
64
333
46
10
20
72
56
15
26
19
87
13
19
71
54
89
183
16
173
530
65
43
39
56
28
51
24
19
68
62
12
14
41
29
25
18
45
586
24
11
21
7
27
13
44
124
103
84
43
110
23
20
123
70
79
4
29
10
49
85
20
13
242
24
20
62
148
304
11
64
8
9
20
44
102
7
324
34
117
138
17
312
516
55
28
34
43
380
1159
78
36
188
50
13
312
13
455
22
21
10
23
25
10
50
14
26
686
311
308
25
59
26
98
45
38
289
45
64
30
30
147
23
12
336
196
83
42
35
23
17
76
222
222
8
11
6
33
76
25
31
139
292
50
45
12
156
23
33
125
216
96
14
11
28
104
21
22
37
19
12
12
78
20
29
23
13
54
68
12
40
33
23
54
6
4
78
80
16
46
6
38
8
38
31
65
287
38
179
101
25
6
44
247
52
37
5
24
15
32
14
34
166
26
54
37
20
323
156
39
97
20
236
24
42
33
16
31
3
217
637
38
8
15
32
309
48
92
11
8
113
21
18
46
35
164
85
1106
110
147
18
23
3
59
283
1457
43
187
29
257
30
4
29
47
79
11
220
74
52
16
1481
283
71
7
129
40
56
33
264
313
18
202
254
34
7
537
225
15
15
18
12
50
68
100
864
53
14
115
29
322
23
87
95
88
7
176
38
56
1
214
464
13
39
157
62
52
66
41
17
178
42
7
76
22
9
61
37
30
168
22
46
30
11
7
119
42
59
44
73
83
284
95
14
14
47
51
29
44
55
23
34
63
92
9
21
70
43
188
115
87
249
97
75
22
57
224
9
147
10
55
39
64
24
104
31
77
67
77
872
14
55
17
55
12
27
132
22
13
29
28
17
44
283
22
71
39
18
41
32
9
24
31
24
27
30
25
54
35
26
37
11
1313
5
100
84
57
21
14
84
14
65
25
26
10
279
72
49
51
35
104
23
26
171
28
60
67
670
44
29
72
28
6
26
68
47
3
15
31
26
542
37
7
27
33
77
15
48
59
290
132
62
23
28
33
507
42
114
9
87
62
14
59
31
292
59
20
13
69
41
24
15
101
44
27
86
9
343
312
51
6
13
114
36
21
140
14
21
39
23
9
24
68
17
34
29
46
10
16
32
24
554
349
79
12
51
602
65
97
83
12
29
32
12
17
21
25
95
13
31
67
55
63
36
21
8
51
48
27
14
41
131
15
168
56
151
22
9
58
10
15
69
13
107
84
37
103
44
60
28
19
629
19
42
68
554
8
77
34
17
58
72
70
18
167
203
14
22
8
34
47
1233
16
34
32
45
45
9
114
35
150
10
28
52
46
4
37
53
36
185
15
211
67
72
20
40
74
49
10
54
121
52
452
24
82
284
43
75
20
107
13
27
37
10
16
20
39
4
12
44
87
70
8
33
298
126
24
167
312
27
65
44
44
4
16
35
17
25
35
94
58
19
10
67
23
28
9
19
17
115
34
61
26
27
31
62
47
43
45
77
13
6
42
45
27
103
9
135
56
65
9
5
9
17
11
2
25
14
6
38
30
22
76
25
37
55
34
23
16
6
12
158
22
22
165
12
61
25
79
723
39
29
16
17
22
84
38
237
11
577
637
4
42
13
12
60
10
33
9
58
59
38
98
189
21
33
31
15
36
12
87
11
21
236
11
14
55
456
2450
26
777
7
15
2
65
10
29
48
81
11
45
23
36
13
20
153
60
497
338
178
62
121
144
23
30
188
26
86
3504
195
58
7
45
27
5
42
60
24
20
124
69
2
18
7
161
29
1031
5
63
9
107
135
107
563
25
28
80
147
151
45
25
10
937
21
6
39
115
53
21
25
257
23
27
40
42
82
84
55
19
429
14
13
67
76
36
64
30
13
54
82
122
26
29
63
12
13
25
24
53
9
15
74
82
51
45
11
93
176
83
49
101
294
94
18
76
351
61
25
6
9
4
45
17
35
9
6
42
69
331
47
17
10
118
17
41
94
1030
134
1241
67
18
67
23
320
60
54
68
447
171
90
33
58
17
39
95
31
23
10
6
21
73
15
84
66
100
516
13
48
72
111
24
92
49
13
7
20
415
54
65
39
37
9
61
36
28
57
45
32
32
22
37
287
45
41
13
109
13
10
43
33
234
58
29
424
26
78
46
82
85
22
20
323
98
20
1
14
9
57
18
18
126
1035
147
16
56
13
101
10
118
29
52
408
73
50
272
74
124
33
16
160
99
21
4
7
82
42
19
92
29
27
174
24
5
19
113
74
165
59
246
40
37
113
31
34
18
17
208
616
27
77
27
15
23
45
33
7
22
17
30
12
15
23
30
9
62
33
24
18
841
49
33
203
59
41
215
71
27
60
374
105
12
13
266
291
101
390
193
95
27
6
6
11
49
13
15
26
46
15
104
276
37
106
1705
7
138
30
12
19
19
25
80
21
5
23
32
50
33
179
14
74
55
25
27
284
8
20
53
444
21
19
235
43
59
25
22
21
51
76
95
6
50
41
165
43
107
21
161
20
8
1045
5
135
44
42
58
66
18
47
27
9
57
56
7
267
77
23
40
83
26
8
48
64
828
28
36
30
7
25
2
12
27
82
28
134
68
4
14
40
79
31
33
44
151
28
44
11
39
47
44
63
34
23
29
46
42
19
24
350
209
63
20
161
26
42
369
65
4
135
16
21
225
25
35
41
1042
14
67
42
24
129
49
10
7
61
76
17
34
372
480
7
26
18
54
39
9
50
12
27
28
169
82
60
59
28
367
28
1469
220
23
20
61
25
69
5
20
71
89
222
55
11
60
73
8
20
15
18
187
61
54
18
749
38
8
28
25
74
108
48
22
39
4
106
55
42
209
137
102
27
35
36
89
59
6
76
30
15
23
24
51
12
10
24
1557
27
64
61
71
105
1109
227
34
64
9
15
24
17
175
13
23
172
17
10
210
42
268
69
14
18
97
11
73
16
93
81
79
34
113
17
491
66
34
217
16
51
19
37
6
26
5
20
29
127
96
19
89
58
27
16
459
236
45
163
21
23
65
20
51
44
97
30
333
26
99
53
6
6
28
54
211
19
29
37
83
83
60
15
411
21
472
6
77
63
190
87
8
93
19
544
60
18
18
385
6
143
65
39
64
15
27
349
2
31
248
1568
30
43
13
61
239
29
44
14
71
22
12
52
38
34
294
152
83
14
16
15
22
35
32
46
384
77
47
194
12
135
12
6
79
41
676
75
129
14
39
17
12
64
54
5
38
322
30
93
30
18
116
15
21
22
490
22
66
22
66
47
109
80
1019
36
28
128
108
59
201
14
330
54
93
163
13
23
66
3
4
173
10
64
53
17
164
49
64
90
13
63
34
85
12
35
60
27
21
14
23
17
423
397
16
17
355
34
120
34
11
45
48
18
21
9
14
20
267
21
41
53
664
8
15
15
34
16
12
6
73
183
127
50
19
15
43
374
45
7
44
38
31
47
46
19
27
162
20
13
99
7
15
15
17
37
13
34
35
32
20
67
9
42
189
19
176
13
13
9
614
58
21
17
339
34
126
16
31
37
54
81
30
8
54
7
80
32
15
67
31
38
127
7
34
437
30
3
186
940
18
23
551
77
15
278
119
40
51
55
18
471
20
82
74
96
79
7
27
35
2
136
13
33
34
38
1025
95
26
118
165
6
11
54
91
24
22
118
34
19
137
85
24
40
9
15
222
84
17
63
23
506
140
14
36
27
48
267
85
10
90
27
16
155
17
37
104
21
321
64
1597
53
113
28
41
29
48
12
62
37
45
65
27
115
79
246
40
136
23
24
25
79
216
31
422
498
5
21
14
9
26
45
45
14
11
155
20
453
23
49
1427
15
46
308
301
56
43
28
278
38
315
44
198
9
38
8
64
105
41
21
61
32
44
179
54
2079
78
250
31
160
15
89
41
13
43
18
63
36
80
5
30
303
150
34
103
170
874
29
12
27
24
51
91
10
19
6
16
25
10
44
20
24
39
80
20
100
19
74
38
154
66
16
27
27
34
62
151
13
16
45
294
65
255
75
66
53
343
10
8
7
526
21
40
26
1540
102
12
19
12
438
37
7
60
166
33
159
42
24
638
5
62
1468
99
201
570
44
86
5
57
60
67
11
18
56
243
119
16
133
13
7
106
19
70
227
60
23
150
27
50
27
12
25
194
32
17
40
11
86
63
26
111
291
25
1134
1729
27
24
36
31
73
15
24
84
60
37
101
24
17
42
26
23
143
44
67
80
22
249
18
57
164
41
1435
67
64
63
43
14
16
13
127
49
68
7
21
22
28
260
145
242
18
21
53
66
493
15
193
138
37
36
25
65
3
172
68
17
83
2
24
246
25
9
5
117
27
36
65
12
72
101
15
11
267
88
24
8
39
350
17
49
47
59
97
13
205
17
32
34
37
30
8
26
248
102
21
5
69
38
50
87
17
339
19
4
18
105
41
16
144
181
43
29
15
2
28
118
39
210
8
365
7
887
124
46
36
16
22
57
47
387
30
10
9
18
150
65
57
31
1571
29
537
58
17
25
57
116
65
10
58
15
39
20
17
27
50
14
48
8
114
14
15
109
119
1
16
36
58
39
13
95
54
25
35
64
38
33
30
346
16
75
1
112
17
155
41
9
26
7
19
82
51
15
86
9
18
406
321
16
14
54
99
16
8
113
11
36
27
1489
867
21
374
83
246
235
22
26
111
26
59
12
416
28
29
19
89
9
47
14
17
67
18
37
51
37
11
66
6
26
56
20
23
75
20
30
40
122
38
48
40
32
13
35
84
25
22
291
176
27
101
17
3
7
829
9
16
134
15
45
20
124
483
54
71
19
22
5
293
14
74
56
11
10
18
8
55
105
45
178
44
20
26
10
67
98
20
145
22
216
36
22
96
30
12
68
14
21
16
103
30
30
20
66
41
60
41
16
12
59
70
18
13
17
18
54
19
25
492
24
62
45
41
40
78
105
81
40
171
40
29
53
37
17
18
152
37
5
17
57
37
3
28
30
80
73
97
90
19
30
51
18
483
77
115
498
36
18
38
65
74
24
107
30
308
62
11
139
8
64
190
8
30
75
139
76
82
3
19
8
111
21
39
60
16
34
8
228
50
27
9
63
70
176
16
30
4
60
187
39
18
182
17
27
19
40
20
106
77
138
26
253
16
41
30
15
19
46
124
25
29
184
26
43
178
41
31
385
30
397
21
48
11
27
37
42
48
32
10
799
54
7
23
18
177
24
23
65
22
91
200
23
171
61
15
16
14
55
20
268
44
62
125
24
743
39
63
13
14
34
133
64
321
32
513
33
172
9
7
539
96
64
30
59
5
60
64
184
21
16
228
32
15
100
19
448
23
23
21
13
43
12
11
27
2
65
28
8
152
34
147
43
55
48
46
30
5
77
194
42
46
8
63
880
1217
32
22
51
39
22
28
62
464
11
16
22
50
39
28
14
30
48
18
19
4345
725
40
34
189
8
1051
37
83
11
43
34
55
25
28
38
9
89
25
30
17
221
227
55
14
862
42
60
45
8
94
37
26
39
29
38
29
95
11
151
24
15
121
76
33
30
13
26
13
487
14
41
72
68
134
608
20
59
32
36
16
41
38
97
148
185
257
72
39
16
126
610
19
21
156
14
15
20
24
620
26
19
31
48
80
48
69
26
200
142
102
34
54
155
60
42
7
247
51
217
39
25
42
58
44
314
93
46
114
36
12
39
5
10
161
10
89
235
17
101
290
24
15
9
18
29
94
114
776
50
8
7
894
44
10
19
53
3
17
155
47
40
46
264
22
7
15
36
80
5645
28
91
138
106
386
123
113
89
21
15
34
181
24
41
287
80
3
26
113
10
21
52
17
176
13
36
26
22
114
61
96
116
22
41
31
33
55
52
149
138
52
28
10
600
143
63
20
53
24
109
28
15
111
19
84
29
15
110
26
87
15
75
391
152
85
196
14
3
111
49
153
37
6
18
203
19
21
13
206
219
44
18
365
18
98
11
6
38
67
1
25
58
49
11
72
35
56
35
60
90
25
50
57
103
56
33
74
32
63
50
64
19
461
14
30
39
12
19
416
54
29
65
48
20
25
26
49
44
36
70
22
13
16
105
21
25
2584
346
128
56
17
89
23
23
38
55
71
20
102
23
23
16
33
63
8
39
7
37
68
9
2
28
76
17
19
43
14
143
75
20
156
1078
53
12
3
63
45
122
50
124
19
29
5
1311
12
13
388
40
61
493
88
182
29
101
43
163
22
35
8
34
10
85
39
236
1
30
144
38
39
218
12
15
34
42
5
17
15
357
35
14
12
29
9
6
17
29
23
276
12
15
67
240
26
18
910
172
34
33
31
48
155
9
437
9
22
23
66
61
9
52
19
28
63
16
21
444
44
44
28
70
10
14
216
41
152
16
135
33
8
22
5
30
56
161
36
21
47
47
20
73
19
50
34
77
23
72
320
5
25
37
88
355
9
83
59
21
49
39
99
48
5
78
35
32
41
674
12
16
14
37
28
632
39
87
461
151
174
24
20
85
37
27
3
16
15
157
12
29
20
155
22
15
58
203
145
23
30
76
40
12
14
25
109
8
28
14
279
19
35
82
18
20
11
21
70
35
70
9
12
45
22
199
41
24
155
12
24
39
87
74
558
44
26
643
20
79
15
8
178
76
55
40
16
49
19
11
49
35
80
718
900
249
52
62
23
16
14
78
16
20
281
38
104
215
187
29
52
64
120
11
37
119
37
91
23
5
14
252
56
8
37
958
27
50
57
345
48
17
196
51
38
9
164
23
63
92
41
140
24
93
74
27
46
410
116
335
37
66
4
49
31
1
114
7
15
61
27
143
80
37
78
15
133
217
17
211
23
109
24
110
33
157
40
160
11
44
25
33
93
17
14
75
1356
111
103
126
83
249
78
99
176
27
20
15
210
7
26
91
51
6
20
22
20
4502
372
432
13
29
17
16
98
49
95
35
73
46
62
34
3
64
45
40
60
24
27
19
21
30
9
39
47
16
83
18
11
10
174
677
153
60
65
24
27
14
484
26
26
295
14
62
2
16
1756
27
1024
11
77
172
92
176
33
103
54
9
544
13
36
31
14
41
17
298
16
111
31
36
43
108
80
189
5
40
44
28
17
54
40
25
43
89
22
16
43
28
19
183
88
49
47
45
40
509
20
4
20
104
29
297
12
7
5
15
48
16
23
3
152
29
218
25
17
17
4
50
59
71
41
80
16
56
57
10
4
28
9
71
33
38
32
34
318
463
84
7
53
70
22
29
294
309
98
21
139
38
19
39
24
21
32
58
786
11
55
66
139
35
21
599
127
127
25
128
43
44
13
14
10
18
103
19
38
5
72
76
40
114
194
121
28
32
41
12
154
18
57
34
144
48
47
16
26
54
56
345
16419
19
13
26
46
51
279
74
434
20
11
52
90
2576
17
22
38
182
20
58
105
48
15
10
19
10
10
195
32
22
14
211
12
86
288
22
126
65
94
43
318
40
57
28
313
86
82
27
13
40
19
47
28
134
13
26
52
197
15
29
92
1757
67
6
12
15
36
33
294
28
36
20
41
12
7
40
46
70
33
26
206
97
52
64
15
333
85
20
26
18
775
25
46
66
14
16
1472
7
8
79
251
639
12
64
65
8
15
52
32
64
51
34
15
91
72
268
97
24
32
19
37
144
23
206
79
727
77
80
12
16
30
163
23
33
90
20
20
38
47
30
27
44
35
16
40
15
64
10
92
19
8
123
28
12
6
68
46
13
12
45
40
41
4
35
23
36
5
46
21
129
16
19
33
10
387
231
214
4
17
8
34
13
34
18
85
217
36
45
145
68
367
420
291
21
39
43
36
120
122
51
14
1
308
197
84
23
56
13
31
140
43
33
31
158
738
51
18
161
58
22
74
25
178
12
10
265
242
58
1560
34
9
35
31
23
38
25
6
35
50
494
12
41
18
11
33
63
154
167
5
9
39
143
10148
147
3
19
84
42
55
90
351
95
25
204
15
162
140
9
27
19
24
17
26
23
36
21
1465
17
35
20
35
161
50
119
36
112
67
49
25
10
441
51
14
7
41
69
38
42
2
22
34
21
5
6
44
19
126
5
17
81
41
6
40
12
55
59
65
15
20
236
60
411
79
24
8
38
24
29
34
74
39
27
11
120
94
24
18
13
197
36
195
75
34
64
37
18
50
30
5
100
160
7
323
63
40
44
23
13
31
17
19
244
152
23
70
68
45
40
67
232
14
81
89
20
89
69
20
910
308
56
13
35
34
1
120
72
12
22
26
15
20
205
14
103
18
37
412
14
16
57
33
19
44
7
6
39
103
49
124
7
133
6
9
244
28
16
347
27
29
75
12
144
16
35
10
58
23
35
968
171
141
11
56
279
24
92
24
11
61
24
14
288
411
38
79
73
15
19
24
21
88
9
29
142
27
18
46
33
1099
30
15
63
43
16
11
38
72
278
115
4
71
76
71
39
13
9
37
22
23
154
331
43
26
21
26
78
66
57
19
251
502
24
23
97
44
266
21
11
66
24
27
77
32
17
19
1219
106
6
629
96
507
141
40
9
20
104
70
10
25
1070
58
37
43
35
28
33
186
225
77
34
10
85
32
687
35
92
27
23
28
46
49
11
123
39
560
21
717
127
56
57
28
15
60
18
88
3
17
61
70
60
173
28
321
19
50
57
14
9
3
14
41
35
6
833
38
30
23
74
9
703
24
9
125
105
31
64
12
73
121
38
13
160
95
37
16
70
67
487
17
69
19
70
62
7
9
117
10
11
120
32
39
108
30
41
21
39
22
37
67
23
27
73
37
29
303
63
36
55
40
49
36
7
57
39
71
21
8
70
67
58
31
40
29
14
22
34
50
18
13
833
32
29
24
40
93
50
13
15
5
10
18
4
18
233
126
23
28
14
1122
255
56
27
18
350
33
22
14
48
222
14
304
39
21
31
71
91
118
14
23
26
51
71
27
14
95
270
88
31
13
15
59
995
18
13
22
260
108
62
131
1
69
11
301
14
474
11
70
20
14
24
159
19
60
42
8
15
14
10
22
173
1241
29
5
241
75
17
10
28
16
50
25
12
205
82
14
547
26
25
4774
377
5
16
114
32
90
24
223
94
29
100
147
174
3
129
39
34
91
585
33
85
44
39
39
46
219
200
9
70
269
149
14
31
10
28
78
27
98
22
64
3
20
40
52
48
26
17
15
5
125
29
38
147
5
33
55
365
28
298
56
22
246
791
693
379
23
19
13
72
95
22
16
61
33
31
13
45
10
212
144
15
12
57
18
54
115
18
24
163
59
37
82
29
18
6
19
36
113
16
27
5
494
32
23
79
177
69
139
28
31
65
9
492
44
31
61
116
1558
502
18
17
23
17
499
40
21
70
16
66
30
108
13
9
13
36
70
6
24
30
77
17
118
165
432
19
47
146
93
21
17
57
21
142
40
28
553
54
220
124
46
13
22
9
234
101
9
2
20
6
61
22
45
18
37
10
7
57
13
224
73
228
23
12
51
26
6
557
978
123
44
14
40
266
200
45
29
69
66
17
84
42
29
58
70
19
169
37
22
28
37
84
19
23
61
8
150
38
23
229
14
9
23
84
22
13
5
1802
87
64
1166
55
55
145
18
9
19
220
57
214
37
40
64
23
45
21
1253
72
44
12
49
253
65
151
52
21
48
25
14
367
7
87
96
26
736
35
63
10
20
12
50
125
87
70
34
30
95
25
77
26
289
17
307
676
21
14
18
24
28
111
103
20
9
174
633
106
64
25
113
541
400
37
419
58
202
53
5
10
10
88
40
48
85
18
37
59
772
7
16
17
25
232
154
108
85
39
50
120
3
20
188
65
41
8
43
110
20
38
25
0
276
9
15
8
17
56
40
26
33
22
30
19
78
51
108
11
16
14
9
26
33
30
11
33
73
10
41
15
45
14
50
75
14
61
515
8
24
87
30
36
8
86
211
43
30
48
42
10
51
66
30
20
377
48
26
43
27
153
169
10
362
36
158
30
21
20
701
27
18
15
1601
15
15
3
76
42
233
192
184
21
15
548
16
6
8
316
1487
13
26
11
34
16
62
31
67
18
76
8
16
190
52
69
133
115
31
25
363
54
32
35
76
25
97
54
49
18
90
17
36
40
43
17
43
42
27
32
32
315
8
66
22
366
9
29
70
32
1409
72
134
80
8
11
45
28
36
97
5
864
749
154
9
391
37
15
12
62
41
1582
38
33
29
24
38
122
21
20
47
17
9
48
29
611
10
102
274
14
90
46
572
35
67
11
28
267
19
229
14
10
13
42
8
27
41
42
32
60
70
19
266
40
39
9
35
50
23
29
23
26
42
18
101
25
19
24
42
22
15
26
177
59
122
19
26
19
56
40
28
22
1992
45
50
1465
23
37
50
24
24
41
155
829
15
9
14
131
28
15
7
58
72
13
38
47
29
102
64
36
15
24
19
38
62
46
53
254
668
22
6
79
327
13
87
66
44
103
58
63
14
139
68
9
33
16
86
111
44
30
23
16
18
845
182
10
42
34
8
14
213
56
21
4
42
1
43
52
65
70
41
35
31
273
14
11
14
261
37
37
26
50
5
15
35
17
26
1
32
29
159
18
9
34
34
65
10
26
44
10
8
14
63
122
72
13
47
11
24
