18
674
4
10
9
737
7
118
7
18
21
16
14
14
416
327
67
172
836
17
166
49
202
32
76
6
396
43
6
12
98
52
100
19
410
39
100
28
97
10
1780
37
2367
385
218
200
24
15
9
365
7
100
17
9
31
89
1417
152
1714
29
1575
57
51
113
204
161
135
342
116
39
198
35
73
15
85
17
5
19
5
163
12
105
124
117
87
4
180
178
67
33
31
8
123
72
23
137
253
132
26
28
111
53
59
732
18
567
703
72
65
20
530
80
33
58
52
3
944
36
15
1317
124
220
35
21
2
7
4
429
12
198
21
8
44
40
127
26
58
31
3
2
36
55
126
65
15
7
55
53
151
6
57
42
105
52
220
22
58
11
181
182
72
12
8
85
76
161
90
20
520
96
22
36
12
178
7
15
177
233
12
111
18
544
17
14
71
5
588
171
80
25
50
4
2101
170
133
378
30
43
29
412
10
526
22
90
18
382
100
2094
15
14
107
63
184
374
72
3
379
169
51
13
167
29
229
19
24
39
233
136
85
48
124
694
1253
13
812
131
19
10
62
519
39
94
4
84
39
7
12
279
42
68
158
158
251
380
17
20
182
561
43
55
6974
4
18
4
103
24
4
57
21
13
3
127
13
295
239
21
26
9
672
41
168
172
482
243
916
3
123
26
75
47
18
109
6
477
120
12
18
40
49
1014
162
189
1167
111
5
15
103
135
61
13
470
42
910
26
139
146
19
27
31
42
198
199
35
120
26
963
143
9
51
20
19
437
27
766
20
61
22
277
714
8
1047
17
279
47
14
23
200
46
8
81
269
10
23
6
8
62
21
67
138
54
30
252
4
166
280
20
51
99
214
1879
470
27
6
15
17
69
32
39
23
393
197
9
46
24
99
15
12
35
34
963
167
378
26
107
3
119
490
624
8
25
104
29
52
76
10
151
7
10
4
37
84
9
142
24
196
657
163
142
7
60
6
178
1759
33
222
60
10
103
9
1170
2
67
1927
170
527
217
20
9
102
298
378
29
12
10
31
9
149
48
17
16
63
63
26
244
528
177
1557
549
111
347
9
61
184
51
15
1483
46
4
94
1514
49
248
87
36
6
31
2
10
152
195
39
35
17
391
21
34
336
20
581
17
632
18
188
249
6
875
22
18
43
976
123
0
295
195
214
35
226
156
146
111
28
91
400
22
111
932
100
69
43
39
8
97
13
42
133
385
27
77
88
47
181
66
1838
252
89
39
147
39
12
72
16
2854
64
1323
197
338
149
2229
19
207
103
33
864
147
181
13
3
22
15
287
58
15
205
10
541
389
10
10
37
432
137
29
28
846
503
20
147
45
323
13
282
157
333
8967
55
8
341
20
369
19
42
12
426
205
26
32
56
253
12
335
416
12
9
944
6
266
238
6
22
455
4
265
10
112
16
65
16
40
42
49
176
60
319
104
13
158
1498
38
481
384
40
132
21
351
64
18
169
11
130
3617
12
144
152
29
22
6
79
8
122
11
26
73
45
391
15
55
3
68
5
124
25
65
595
367
451
433
10
27
43
27
105
245
719
183
40
385
10
8
68
129
56
118
52
7
20
10
158
204
488
264
1864
589
13
75
86
247
335
56
81
29
12
273
39
38
7
6797
53
9
274
32
308
22
53
14
13
87
55
7
24
13
116
31
3
36
31
37
10
5
27
63
85
347
333
13
65
183
368
65
220
1430
17
2
379
107
81
8
4
59
19
167
92
1114
480
112
177
69
28
133
27
346
63
667
108
23
7
17
23
139
24
85
61989
174
50
173
34
73
6404
301
48
56
21
1673
16
212
354
265
88
40
314
14
156
48
16
68
4
68
175
87
61
63
34
4
233
475
14
1629
45
156
452
50
225
186
106
46
7
34
35
18
112
16
107
14
18
203
33
118
4
476
18
212
15
272
1194
222
138
13
180
174
106
31
16
14
16
1339
16
112
33
11
70
133
139
35
1319
43
9
102
65
21
25
116
225
96
34
10
435
17
12
345
51
142
11
96
7
123
131
24
210
524
14
22
304
108
832
18
99
7
14
111
225
138
442
66
1776
28
123
25
80
59
233
12
3
61
69
1
358
365
1
60
526
561
16
168
268
293
37
10
43
37
5
3
365
15
161
40
129
391
26
1303
16
142
134
57
179
98
1062
16
164
40
268
122
145
134
23
239
121
4
36
41
2310
610
42
9
16
249
37
66
356
6
17
13
152
240
44
29
5
39
1296
17
1082
39
1
52
17
81
138
154
284
97
45
59
22
26
9
87
65
25
48
5
10
47
8
2
30
12
3
232
73
68
199
20
171
21
216
228
1050
3
9
18
12
4
283
2718
1
4
229
3
30
14
701
93
82
16
169
91
6
14
279
404
27
49
575
154
47
3683
89
29
414
6
247
705
181
389
78
62
12
1
35
15
136
225
33
0
269
33
21
78
126
81
5
3
152
8
15
62
379
316
71
92
417
19
67
5
91
54
13
83
21
169
75
18
8
50
40
124
308
88
19
14
63
21
132
216
9
335
2234
19
62
4
12
5
108
255
157
790
434
5
90
313
96
16
204
381
21
199
395
214
488
114
16
1393
8
11
41
319
3
202
10
20
10
101
16
400
18
219
37
15
22
48
19
273
35
148
141
109
82
40
274
40
13
200
73
9
7
11
409
23
47
16
22
166
64
18
140
36
7
32
72
2
40
88
210
2
115
11
15
63
168
159
250
293
651
118
130
388
40
19
29
349
177
118
148
64
196
17
92
14
39
95
459
12
59
16
197
44
14
4
58
71
6
6
598
53
32
239
310
74
310
5
30
26
2
76
48
11
32
1070
6
447
30
122
138
74
25
35
6
41
316
103
62
51
239
73
45
24
1424
37
10
13
29
977
5
0
916
687
222
47
383
29
106
1608
355
13
38
1
573
1500
61
13
3
60
97
38
12
282
8
16
2
121
4
4
181
54
246
29
143
160
1520
64
3
17
52
541
66
119
3
83
39
310
102
375
1568
198
61
107
370
9
40
11
110
10
16
37
1818
234
64
831
319
6
2328
104
322
55
3
348
804
859
13
14
15
20
5
18
364
23
22
11
54
96
26
3409
26
4
118
18
69
6
56
131
7
49
398
29
60
20
15
11
132
32
23
7
26
4
379
78
12
36
28
42
103
1216
335
89
53
9
18
213
237
116
12
17
9
17
5
30
18
8
21
67
4
540
69
2066
130
35
110
111
56
6
107
934
71
3710
435
62
55
44
750
136
37
88
100
42
33
720
102
14
15
41
19
31
1004
65
12
11
123
55
45
370
20
7
16
65
5
15
132
1340
27
70
1660
141
14
178
54
28
36
301
22
369
364
2
92
31
11
178
159
17
259
10
174
67
111
34
696
25
121
46
54
27
217
148
4
57
359
141
9
52
264
59
49
3584
221
27
8
1157
435
939
3888
715
345
1494
7
114
18
351
166
8
45
96
208
23
159
174
34
14
96
50
5
18
105
153
30
37
66
10
4
339
10
40
37
215
1229
15
203
123
220
154
35
226
74
669
152
12
12
54
410
43
15
183
276
67
132
10
137
10
60
7
213
86
75
153
19
46
295
36
591
45
34
85
38
25
12
269
29
351
28
31
1
28
134
100
60
96
845
662
647
15
32
181
727
78
10
66
52
102
16
1271
202
3
256
121
97
124
127
134
58
65
157
313
20
72
24
7
6
126
130
22
6
39
304
51
296
1496
135
297
101
676
25
21
19
73
52
50
4
354
92
151
6
891
982
74
95
77
1
79
1076
46
300
193
14
36
2040
7
23
103
13
104
14
268
5
35
110
257
48
15
331
474
203
217
118
44
32
454
232
1509
90
19
9
3
410
632
14
19
163
32
28
54
30
29
49
255
222
102
358
193
3
34
1546
20
142
84
415
28
2386
33
9
6
1716
23
61
875
21
894
559
303
4
34
10
273
288
5
23
147
10
10
41
30
72
8
189
71
64
63
4
10
95
42
55
11
635
279
327
9
941
12
14
155
794
33
42
74
51
14
257
544
1487
503
6
68
51
658
57
20
20
71
489
88
1693
19
103
93
12
2
12
31
46
29
28
6
0
415
2914
1517
315
47
340
4
460
21
29
619
25
36
12
268
275
134
85
45
362
27
20
71
189
411
166
311
47
80
92
27
30
10
40
12
395
909
216
57
19
14
53
50
37
31
1816
78
263
20
36
43
285
3
19
39
962
404
15
8
335
2
39
53
28
32
153
20
37
100
2161
88
15
365
189
37
25
74
31
41
146
106
78
24
30
28
31
612
21
26
8
58
84
113
37
199
711
356
100
687
60
425
12
8
321
142
10
4
6
14
17
32
17
52
38
24
92
126
47
36
222
34
54
76
67
170
254
1032
145
174
89
10
237
105
188
5
995
32
81
73
13
20
374
23
12
57
54
234
15
196
45
7
71
68
44
15
29
5
102
43
3
75
81
1
15
841
133
42
145
123
133
15
30
87
127
107
33
4
65
13
736
5
20
30
1012
201
6
11
12
430
246
30
19
58
26
3
102
20
44
25
4
616
9
7
113
59
107
407
635
8952
355
292
62
19
20
207
148
4
222
11
53
1
25
33
251
824
83
81
2
266
319
21
130
376
8
44
112
25
21
36
8169
113
118
1597
13
394
42
87
138
91
345
116
44
10
36
174
38
41
465
1
18
31
65
6
10
510
37
346
12
15
3
346
91
343
464
55
9
64
3
269
156
70
31
708
17
95
3
141
44
400
12
402
50
63
552
242
11
111
18
74
34
219
82
619
107
178
45
178
17
424
52
348
252
59
65
258
14
34
11
91
10
233
9
5
1141
20
218
269
48
1479
42
32
980
68
86
132
70
1
12
37
10
917
348
47
32
339
10
212
84
2
253
18
429
19
38
1390
4295
20
13
8
39
10
3
23
143
74
558
1513
151
9
1
18
100
2
30
15
25
35
68
16
3
83
79
5
45
25
13
8
348
53
40
30
211
80
10
38
654
98
15
101
30
561
73
17
47
555
74
351
908
388
55
25
26
14
69
19
58
15
18
118
237
88
36
45
16
11
127
1476
231
11
31
10
24
267
109
33
0
525
29
8
10
1032
7
374
49
441
150
2
27
43
463
15
38
30
158
205
25
0
136
1061
8
9
215
380
1041
13
2
93
82
40
598
16
18
118
73
16
17
18
77
14
11
21
41
251
6
9
41
49
62
0
41
31
45
314
4
61
39
159
109
42
173
23
53
8
50
26
22
1782
28
19
67
1827
32
365
283
172
240
79
313
7
5
2
150
31
1524
7
20
707
8
4
175
448
58
94
354
21
50
39
5
21
34
66
4
32
117
35
56
33
77
13
41
4
101
4
130
51
1305
313
284
117
170
13
2
56
44
64
18
408
5
29
19
584
1385
21
486
8
6
111
6
27
484
418
94
361
45
225
138
13
176
17
168
22
6
299
7
915
90
66
22
290
2724
14
150
55
432
522
68
25
290
173
66
52
540
982
61
21
9
6
30
29
91
7
434
204
11
35
26
436
10
18
476
46
14
174
134
103
45
33
501
76
1461
145
5023
46
20
44
83
34
8
27
27
26
18
1487
486
43
13
137
77
123
23
633
11
822
4
21
784
181
756
339
33
51
19
119
19
55
177
797
33
88
3315
188
19
13
67
5
10
116
921
8
3
22
557
10
9
133
16
511
82
1116
21
57
365
281
133
45
435
11
61
12
678
167
72
51
162
359
233
185
23
27
126
67
26
79
391
7
38
95
17
86
48
3
93
58
22
1211
13
129
92
110
17
120
72
2
299
29
12
362
247
312
15
5
27
191
2
43
47
10
57
142
17
468
200
582
13
51
1093
269
21
93
66
22
1
182
270
38
87
86
19
61
43
115
75
32
1113
210
31
357
12
144
556
24
27
308
8
23
124
9
96
104
197
67
5
34
45
24
12
356
306
8
74
8
59
401
115
45
7
25
74
9
258
48
4
97
98
128
35
12
12
138
69
52
60
40
17
162
1113
85
53
364
39
318
153
68
28
487
30
2047
108
650
28
192
3
12
11
540
15
13
599
28
177
56
30
1
31
64
161
47
68
142
34
1477
179
348
154
67
70
81
9
397
94
596
38
65
1
13631
39
159
25
46
7
62
71
581
91
23
107
96
30
20
7
320
303
97
33
35
290
15
333
167
4
90
119
6
11
97
3440
8
202
24
250
151
12
106
4
90
463
100
44
136
136
49
212
9
30
2
45
43
1556
16
24
33
13
44
7
412
14
54
185
141
31
102
519
486
404
191
17
106
20
65
9
18
49
20
13
34
39
403
269
598
35
1277
466
138
20
120
364
1493
93
126
31
208
19
200
87
865
2
14
6
57
11
564
388
57
14
30
35
1333
10
378
18
6
48
154
581
986
396
36
45
1585
456
49
45
123
323
160
124
46
194
1385
913
0
52
79
56
120
39
38
28
29
983
6
24
13
32
12
31
75
59
76
92
29
19
8
14
33
365
91
40
41
62
82
46
216
121
23
1
12
177
8
35
487
465
373
42
400
147
612
100
562
543
15
443
84
162
153
1097
26
2269
100
11
4214
7
28
32
119
271
21
39
69
38
20
78
7
108
18
503
5
1044
7
177
102
169
171
143
335
3
72
64
1112
4
209
44
111
13
50
426
1087
38
50
863
41
50
2319
2
36
7
423
19
14
361
157
16
10
231
128
54
109
222
15
371
40
15
197
780
26
382
31
169
53
14
21
37
36
127
268
36
69
122
20
524
189
122
125
166
9
15
445
48
230
23
312
20
6
627
95
1524
416
48
154
117
28
167
108
29
23
13
130
93
54
8
33
142
173
9
759
81
100
7
268
934
35
34
111
46
899
37
152
14
31
465
28
29
22
4
106
34
1129
537
219
52
49
403
13
286
15
129
96
156
4
178
596
88
29
74
49
15
41
76
135
59
2
54
11
534
256
34
386
78
73
1394
7
137
42
403
292
37
93
36
58
11
23
26
23
22
13
0
22
74
88
109682
18
42
24
823
705
182
39
78
32
2
178
8
227
175
26
5
87
20
27
102
5
64
56
510
18
3603
121
102
170
9
11
248
89
81
41
85
522
74
13
104
102
52
38
2
27
876
5
564
38
23
128
3
8
267
142
51
3
17
20
159
42
146
54
7
141
424
115
148
38
30
2171
328
40
254
38
37
18
72
166
36
588
413
12
126
21
34
58
181
10
1
281
171
340
62
4
175
12
80
18
103
131
245
263
372
35
18
43
18
451
22
77
220
1379
2269
116
20
51
23
4025
1820
122
11
19
153
112
27
14
81
213
317
4
882
15
48
17
14
59
28
22
130
900
45
371
112
13
68
8
84
58
22
51
541
336
7
7
24
579
17
31
37
5
2583
20
196
8
11
850
14
111
27
66
97
14
101
12
196
9
23
70
0
70
4376
210
58
17
121
19
13
1832
41
35
50
514
85
298
225
516
179
59
251
56
11
205
1868
116
6
13
9
468
245
10
109
60
174
119
19
128
17
6
108
3287
91
12
35
62
162
256
310
151
9
266
22
57
10
1
12
50
54
774
24
20
15
49
2584
4
106
43
32
4
1432
350
45
52
9
23
97
64
499
1233
192
5
36
827
17
367
14
70
48
10
23
4
138
30
84
83
276
332
131
299
1
236
7
50
30
15
120
17
472
15
19
13
132
12
157
50
6
19
542
14
222
195
55
634
101
12
296
10
72
60
95
31
42
2685
141
1605
842
21
14
162
31
221
49
4
33
25
50
99
128
225
50
25
19
33
102
393
378
98
10
13
15
79
22
132
129
4
269
45
31
455
24
9
14
40
60
62
46
54
7
356
308
67
190
44
12
18
255
26
17
81
588
48
47
0
464
40
1506
18
6
26
81
739
869
193
211
88
13
282
12
1192
13
4
987
43
369
9
760
88
11
27
17
28
57
37
50
231
4
135
135
373
254
11
34
18
236
212
16
91
315
178
81
102
8
9
1269
243
12
215
100
96
37
2881
51
6
1380
14
4
749
1512
4077
225
13
5
27
143
35
4
78
36
116
127
146
26
55
9
412
30
19
529
65
100
116
125
26
33
13
15
3
26
1579
1149
1480
62
326
44
20
266
346
9
106
41
21
223
324
179
12
2
203
1693
296
9
138
327
184
4
38
87
105
15
708
36
67
900
58
2757
14
13
97
35
5486
27
20
21
75
20
123
399
5
137
32
309
36
71
608
47
109
166
110
1112
22
53
20
58
65
16
213
19
11
38
12
2155
395
459
314
210
30
110
18
116
13
126
1944
0
570
3
33
8
55
296
33
22
255
27
34
84
387
14
1261
167
163
595
161
37
68
1972
7169
104
3
3
3552
93
148
4
824
58
31
73
432
98
59
322
255
93
14
369
23
87
19
191
39
190
617
111
138
2294
6
504
12
68
107
19
227
30
8
15
18
245
170
141
16
9
206
40
4
92
34
16
699
233
14
99
26
606
11
266
198
186
82
249
110
359
58
29
159
93
62
9
214
90
22
8
349
9
31
75
9
375
299
13
1217
67
4
95
5
869
424
59
15
13
60
39
405
44
8
6084
43
273
1
99
407
73
140
230
191
120
680
279
57
13
10
319
32
19
20
45
170
94
6
55
270
36
378
11
58
352
255
525
87
378
435
6
2
30
468
5
46
1273
998
294
3
86
19
30
11
424
16
457
55
186
1205
99
107
158
76
157
1782
1046
392
51
245
36
34
448
249
188
66
32
1726
842
74
113
15
14
326
6
499
2950
313
157
19
6
3
147
37
1490
81
64
11
27
1743
18
225
5
82
33
411
33
38
286
15
552
58
10
36
13
33
1380
41
30
66
24
2179
206
4
209
127
152
38
9
19
75
286
393
22
15
15
177
287
17
193
9
18
173
51
723
28
617
2943
11
5041
582
8
49
652
345
29
36
23
247
25
40
64
35
9
12
22
94
10
149
102
521
407
28
66
370
344
18
16
42
156
7
37
15
65
358
603
379
18
169
190
100
100
117
18
56
12
65
78
14
166
373
31
173
362
182
36
185
464
46
371
110
161
7
309
3
150
217
436
146
13
74
52
6
131
1267
43
18
40
481
8
589
24
364
86
124
242
11
31
79
415
4
26
43
6
38
49
941
97
29
21
25
19
61
12
407
31
214
150
21
14
1
15
16
3506
17
62
4
21
138
20
471
119
160
164
25
18
91
25
247
230
1197
90
739
35
784
102
41
437
58
1538
73
18
788
6
34
41
57
2115
549
325
1241
50
198
668
53
1
224
93
50
86
21
69
46
11
1586
477
30
174
5
97
350
144
1045
13
189
2
83
116
26
40
18
2564
29
113
11
15
190
22
857
95
55
113
78
119
19
839
10
235
189
48
26
286
392
97
9
44
375
126
1727
182
147
9
133
32
195
77
102
33
110
296
7
18
40
30
86
84
14
26
106
56
172
59
122
279
8
12
140
34
57
51
652
997
31
2378
139
984
2435
133
115
3661
379
45
404
3
1338
18
44
151
46
16
76
26
9
22
8
180
4
31
84
155
18
714
73
44
144
220
577
67
11
10
76
302
60
1546
3
1238
230
42
354
218
14
29
21
9
0
9
29
396
325
241
859
1
63
162
284
162
99
15
14
20
32
66
11
529
9
2186
14
132
8
530
87
210
3
90
167
252
42
116
16
16
10
128
13
180
448
91
23
11
91
114
1392
18
311
59
203
67
34
36
23
176
50
91
62
9
129
240
30
260
111
5
41
4
390
47
5
153
0
10
3
115
73
155
969
158
103
35
179
786
356
105
20
220
6
66
11
105
49
943
73
16
257
54
649
53
434
28
102
195
6
313
113
16
51
80
357
37
139
45
4
14
39
29
413
154
603
182
402
31
240
6176
12
220
85
17
7
216
1115
5
215
882
47
7
2
133
7
8
43
19
14
356
13
187
33
352
9
354
46
39
363
15
19
6
138
28
346
1371
164
1578
28
55
8
161
16
1197
49
936
22
176
103
10
9
47
166
54
21
382
18
37
15
105
15
302
60
44
130
232
227
3144
195
250
54
74
22
32
19
106
11
94
5
70
11
43
34
598
192
110
36
6
66
58
9
437
69
11
85
1125
9
38
46
31
7
56
9
20
12
62
51
67
2095
2
128
94
63
173
36
4
14
51
33
276
17
348
88
65
29
28
2403
4
11
145
15
299
77
61
24829
68
50
103
217
2
36
112
21
26
25
101
87
10
28
105
103
29
8
11
133
154
94
3
285
94
38
757
160
38
22
148
124
72
1947
806
5
246
5
351
15
104
68
124
102
271
21
8
115
107
5
7
25
11
17
48
13
3
15
6
78
271
31
11
14
3
18
19
238
139
68
30
6
114
428
65
1680
568
43
10
317
42
14
10
952
157
129
8
180
97
46
52
115
151
3
13
267
19
7
169
98
279
194
83
3
26
69
74
2
21
177
231
111
10
47
491
8
195
15
36
25
348
63
479
7
12
378
7
17
6
168
226
73
346
5
82
40
8
10
7
481
1144
246
132
161
47
435
224
77
128
9
15
40
122
49
50
161
249
60
40
52
712
73
14
16
518
77
37
16
159
30
52
780
51
2
25
216
648
34
389
9
159
12
1515
2
1061
766
277
91
4
117
27
146
16
172
93
172
47
305
50
153
18
816
360
2
7
6
33
35
336
22
20
44
90
434
7
170
85
72
94
209
16
88
24
14
413
6
21
18
141
210
20
48
26
76
13
80
355
110
23
47
499
39
29
60
229
80
7
219
30
40
835
256
19
14
204
66
429
4
1496
6
805
17
61
182
162
11
26
163
538
274
126
97
103
85
29
42
44
27
366
24
251
14
2772
90
102
30
125
20
51
4
78
308
7
31
30
10
294
291
56
43
12
334
10
39
1
72
19
19
482
22
71
145
99
684
21
270
3
39
77
268
56
649
87
230
115
18
93
261
2
79
44
146
78
306
464
27
193
35
53
36
17
34
37
135
8
126
3121
200
225
23
259
238
4
14
44
23
57
5
704
5
276
19
142
52
24
2722
216
40
376
42
22
323
26
617
11
45
5
104
258
9
98
384
15
13
51
483
15
941
5
102
8
28
104
43
21
33
34
176
601
2
185
215
11
211
33
598
351
151
137
279
20
721
22
84
12
2507
18
57
7
23
44
14
165
8
57
575
514
5
10
267
768
18
190
21
201
15
26
14
18
2366
111
107
326
231
25
25
259
32
20
36
63
286
5990
30
25
9
77
1069
39
120
158
237
16
66
32
19
232
30
256
158
69
32
8
58
6
47
35
23
48
18
15
14
11
6
46
31
405
246
227
33
27
90
19
326
25
85
71
19
9
42
844
149
2
12
37
25
152
15
83
25
282
22
4
61
332
20
197
387
478
137
35
936
9
16
1
43
71
43
12
8
12
80
253
1015
118
32
4
328
17
6
220
22
50
8
26
231
410
17
2
24
17
24
300
169
332
2
10
17
149
459
9
1894
198
126
5
105
851
5
46
34
103
12
208
72
475
14
431
49
39
71
78
225
1204
417
223
9
223
358
10
440
939
7
425
160
36
97
33
90
25
13
42
24
8
68
59
36
205
3
86
27
275
101
330
135
273
17
21
11
33
61
203
37
178
28
15
46
32
161
42
41
15
158
285
779
10
2583
5
302
2
22
163
33
104
21
121
368
3487
14
2
16
39
47
21
4
13
53
41
0
16
105
149
186
341
408
102
17
17
27
22
391
18
123
442
87
110
4
68
456
31
59
19
18
157
19
41
20
208
64
48
33
6
6
46
25
68
28
215
3
404
28
5
53
31
57
11
26
20
449
83
6
37
10
90
44
1
7
33
40
61
105
582
82
27
53
14
398
60
323
128
3788
89
5
13
42
1
15
9
28
52
1
120
9
540
15
62
53
4
10
358
8
142
6
11
210
36
15
150
4
25
27
194
114
2
280
13
39
28
49
970
28
388
119
53
32
1557
89
145
11
0
41
55
47
488
383
4345
23
236
192
49
4
56
1036
4
387
631
559
4163
64
27
31
44
275
207
146
330
8
46
9
1508
15
575
918
31
14
847
152
623
1412
16
22
2
32
88
131
22
141
13
336
40
16
16
41
742
41
24
164
72
7
2032
88
1727
36
61
158
40
42
9
7693
421
179
11
48
26
28
35
155
1295
10
40
55
21
72
765
177
7
21
14
21
27
686
1476
6
8
163
138
55
30
36
352
10
31
27
81
2
399
59
520
5066
11
18
22
4
98
1319
17
1240
226
24
171
64
9
7
723
1162
1119
9
460
483
24
592
33
42
3
381
97
7
304
260
55
258
171
62
175
29
92
90
4
10
52
192
1422
160
161
15
22
411
60
1319
35
70
1
33
11
3
129
85
27
35
31
402
12
47
17
212
127
3
587
167
166
3597
546
82
69
41
35
743
108
13
84
3
21
274
7
100
5831
93
37
15
6
132
16
1486
347
149
232
32
3050
850
358
293
3
422
8
862
5
21
7
14
26
40
100
161
54
257
80
80
96
50
89
71
37
23
37
161
21
28
10
14
21
31
25
3508
45
16
18
102
3
49
74
26
50
59
145
102
221
23
10
81
891
1097
22
4
14
36
10
32
22
168
132
9
82
5
27
16
42
1159
43
220
22
76
21
2
14
27
2907
89
42
148
400
409
28
450
3
252
3
30
10
85
624
61
21
65
995
318
11
351
4714
453
19
11
686
18
11
18
161
228
28
15
1436
100
169
105
272
49
5
113
52
153
2
293
71
57
238
113
20
11
92
63
7
284
5
663
23
25
112
6
10
22
622
806
428
50
168
63
22
166
74
7
11
58
30
56
67
37
17
268
207
112
96
8
52
502
55
116
4
4
0
242
10
113
221
100
65
142
264
54
1070
129
130
1139
15
7
132
7
228
38
521
866
3484
114
453
354
21
47
507
605
5
30
60
468
12
15
211
37
24
268
10
29
201
205
170
63
193
948
149
44
234
6
65
1776
303
11
171
290
10
80
16
41
1238
828
277
7
124
31
1264
453
249
136
102
41
69
5
35
1153
6
149
879
19
16
129
10
48
165
135
21
8
983
311
43
60
327
33
55
7
107
124
515
12
527
5
99
25
9
6
435
50
131
2695
1149
8
349
52
89
96
76
43
12
64
32
91
559
16
75
829
368
4157
8
47
54
13
6
244
181
173
248
46
62
6
102
13
98
176
194
85
1010
155
171
39
88
155
382
824
78
186
21
126
14
38
6
285
559
15
374
9
29
15
28
246
82
37
15
4
43
25
899
86
183
54
96
27
31
22
24
153
135
35
117
298
78
228
540
26
15
513
60
52
431
25
23
133
145
37
108
8
246
1035
143
111
39
96
169
89
510
41
90
142
189
38
7
683
204
36
62
628
10
12
26
39
197
98
15
401
2166
59
52
7
110
123
9
5494
11
40
186
133
11
52
40
181
275
212
15
10
3085
95
42
43
135
135
113
13
70
512
172
208
14
466
7
118
43
110
18
460
39
14
15
94
15
44
7
494
314
25
141
57
110
138
1171
300
724
11
10
337
19
17
690
18
1383
45
194
24
326
3
43
74
54
44
20
13
3793
2
84
21
8
65
36
1326
237
9
84
97
625
311
124
34
67
41
125
127
135
66
7
18
251
2
115
25
7
205
605
131
11
14
90
20
19
24
15
1632
17
292
91
56
660
32
69
36
743
25
393
558
2
54
471
22
40
1133
28
94
40
6
46
3
6
77
147
90
460
81
22
31
12
33
4
17
284
20
54
363
2426
62
21
303
73
66
20
44
87
43
5
418
42
47
8
19
41
2015
72
111
47
19
546
10
147
24
28
60
57
143
57
90
192
10
5
29
56
56
284
452
77
132
304
228
269
361
257
164
434
5
232
2886
8
28
184
12
1
5
45
492
59
3455
53
35
24
378
167
148
216
59
63
58
2836
4854
28
36
138
1274
60
10
983
604
140
19
60
11
195
40
58
53
20
139
15
16
81
80
97
9
103
17
19
183
385
90
156
77
3
18
372
10
110
37
164
174
37
705
40
22
39
36
156
2378
18
21
559
60
21
813
9
49
1
13
321
71
804
37
6
27
25
23
14
72
257
89
481
15
433
20
12
787
1349
350
8
37
40
19
202
96
56
667
27
245
1730
36
2262
334
3
98
21
377
61
28
15
509
50
308
125
135
201
453
74
416
213
4
394
44
415
83
18
35
72
27
361
4
13
18
1053
97
25
2923
347
5
26
547
156
65
36
1417
13
147
16
16
7
7
10
19
14
53
11
3033
203
649
15454
11
34
24
262
352
487
26
3734
703
263
363
301
5
13
48
229
370
90
251
1501
25
79
743
47
149
103
29
29
16
166
627
18
74
9
92
181
135
541
15
88
13
420
21
70
30
46
13
132
44
24
213
36
435
176
6
107
75
530
14
16
1029
11
71
1535
51
485
1084
14
10
410
102
25
175
47
17
489
17
50
37
1546
449
201
6469
215
239
30
49
112
31
88
396
325
1717
3
11
15
27
4
18
7
128
3
142
179
105
124
38
44
262
87
50
33
226
35
347
79
129
15
1
498
58
8
4
46
775
155
177
30
2
1
120
612
34
31
18
27
119
23
8
349
56
762
422
1581
58
56
14
68
48
329
4
91
389
172
2
91
112
38
43
220
13
24
92
738
36
28
2
80
186
1785
22
8
149
1151
824
10
954
3249
50
1130
73
599
151
35
113
164
347
77
108
4
76
267
35
114
24
1316
94
47
53
31
0
124
40
51
1
119
191
43
238
52
41
696
81
82
104
116
98
683
220
222
60
52
33
57
54
46
22
104
55
32
178
21
198
54
4808
20
150
10
1354
266
172
25
30
132
242
46
28
30
6
129
22
16
14
340
117
927
65
15
77
191
15
29
33
6
50
83
15
22
636
906
55
476
21
429
61
187
137
35
19
12
27
10
56
77
54
11
683
66
64
151
18
528
4
5
238
93
35
31
44
3
105
88
8
965
325
89
248
239
372
98
59
30
277
1755
50
250
8
449
609
484
80
8
42
31
251
460
1027
1
29
250
135
33
6006
35
29
6
9
19
31
86
459
5429
52
14
265
9
30789
84
9
347
13
74
143
50
32
6
376
49
81
26
23
198
168
50
993
8
414
45
25
35
1
11
28
133
160
42
58
157
47
250
60
19
191
5
203
1
16
61
255
25
117
103
179
23
33
81
26
373
30
54
10
61
28
23
244
271
146
126
21
72
20
147
28
751
187
355
22
44
1931
101
27
49
70
269
26
0
21
658
113
37
792
33
26
776
28
120
68
67
322
45
17
120
77
202
258
183
223
12
97
68
95
69
709
95
6
82
15
14
33
8
12
141
219
16
497
67
432
839
24
71
799
508
53
150
300
712
55
222
15
2283
1
103
24
292
48
35
428
203
64
11
72
187
4
39
12
313
8
11
62
162
20
34
13
54
134
463
304
130
57
300
69
95
1579
28
54
47
135
10
10
11
4
28
1855
32
525
37
366
209
235
73
101
6
20
7
1438
20
19
157
147
62
952
298
54
14
1
3
30
134
22
45
10
37
325
79
50
8
24
153
259
17
276
75
34
31
256
30
354
31
41
329
69
133
83
1034
64
28
847
115
65
3
17
77
416
7
2
371
254
384
9
32
370
109
17
29
36
33
5
2
8
8
499
11
858
6
27
96
4
5020
45
145
80
69
170
16
41
22
5
21
19
55
162
41
9
2425
1330
21
113
36
349
15
30
72
221
18
22
18
89
91
90
24
145
66
24
26
87
2
76
90
75
50
4
339
61
203
2
43
10
16
2345
15
124
28
17
187
1706
25
1442
86
482
22
5
36
27
135
45
8
233
5
8
85
52
169
100
161
320
53
119
13
63
170
128
62
30
13
11
65
63
44
852
665
195
377
77
109
161
58
821
52
22
13
30
188
126
103
51
237
60
49
167
88
27
198
331
63
12
51
38
200
298
1126
262
16
37
2283
43
130
25
92
42
33
35
7
14
1533
463
82
339
13
1599
154
10
35
16
64
132
21
36
53
2
2036
7
22
12
261
38
32
71
4
140
662
19
102
40
171
329
6
433
42
11
105
38
105
5
46
8
64
24
339
54
29
9
814
4740
26
114
91
44
133
14
52
92
15
47
497
54
70
448
148
57
156
13
216
93
29
4
560
3
800
78
53
132
12
12
9
161
1924
17
53
47
45
14
69
15
53
234
11
73
77
142
284
319
12
178
15
498
140
310
438
30
58
122
77
216
11
169
5
79
1472
284
10
333
44
5
197
585
97
1
117
381
20
35
10
49
8
25
228
51
14
25
962
1156
27
217
154
130
152
8
268
121
263
137
5
157
438
18
137
40
28
121
466
14
14
159
1
69
72
155
17
142
761
109
167
2
20
643
171
23
16
55
1380
63
65
105
5
133
213
10
37
96
53
67
161
21
377
284
347
6
20
137
6
102
33
64
31
3
381
12
32
159
809
42
70
1615
15
155
14
183
133
361
60
59
11
6
31
1376
958
217
381
244
3
3660
15
113
126
28
20
74
50
240
44
645
9
35
11
734
60
391
182
30
22
166
394
98
22
105
340
140
11354
38
116
3
25
1052
3264
44
3
26
52
16
451
47
16
94
37
186
17
112
5
215
18
24
37
133
130
5
221
5
5
541
763
362
5
15
6
19
70
24
222
59
49
23
15
15
97
47
23
199
220
25
31
10
219
90
469
82
6
18
41
24
42
274
610
65
53
30
320
499
49
647
1525
301
21
66
100
2181
11
295
269
9
96
245
16
66
26
25
187
5
153
361
299
16
373
24
11
226
17
33
116
17
21
151
106
1732
58
119
149
29766
35
413
74
705
18
9
365
182
39
25
111
232
107
13
17
4
52
450
719
26
25
299
10660
68
97
141
117
33
8
276
39
26
281
23
12
1163
14
66
11
180
638
199
78
19
344
19
597
41
131
48
73
22
7
52
51
214
30
11
15
258
2458
61
227
639
40
352
241
5
198
3
487
6
1523
266
103
6
6
14
99
109
44
182
87
201
16
1306
3
183
64
11
176
616
6
293
597
30
134
2
100
37
5
41
441
60
27
41
152
1478
65
15
22
503
513
454
15
236
252
78
41
41
7
37
24
27
245
139
41
90
68
29
37
59
175
81
101
133
25
38
21
21
244
151
826
227
704
44
2
1595
342
334
43
121
21
86
378
15
165
242
25
28
113
148
27
35
66
1037
124
2
217
96
66
32
47
113
20
6267
12
419
546
51
78
84
41
120
135
108
4586
207
155
31
33
54
508
111
21
174
56
208
1
76
21
9
625
25
107
137
126
14
249
1495
217
432
158
16
44
175
142
260
16
159
383
2
127
32
15
8
327
33
21
13
2
629
55
46
192
72
6
42
6
35
169
1
2268
397
109
7
48
62
2
154
126
17
175
403
21
21
38
152
12
32
125
393
63
11
1340
17
16
9
16
290
17
152
270
13
15
51
85
93
74
85
163
7
36
105
55
19
10
45
30
45
105
33
10
720
131
34
14
42
1514
313
46
744
36
108
11
51
45
757
36
377
195
190
906
37
83
5849
670
372
76
280
23
4
2
6
557
246
3
46
119
18
119
9
49
23
130
3
689
25
181
166
36
103
160
95
3117
718
43
5
431
7
75
8
14
266
83
16
71
25
11
58
26
588
435
112
5
4
9
26
104
200
15
54
176
275
78
31
154
102
61
3386
14
2
110
22
10
47
250
368
9
18
37
16
23
82
16
74
23
42
20
40
68
40
453
138
49
27
1999
36
139
116
23
55
377
61
1
11
17
86
77
279
3
140
44
85
17
5
434
156
155
472
267
9
59
44
198
44
33
19
15
64
233
222
145
107
11
24
16
14
86
420
48
23
17
97
53
2269
21
380
63
160
8
25
121
71
6
6
24
357
76
416
61
43
48
29
5
40
74
32
22
49
1669
44
46
724
861
77
75
794
601
246
631
237
7
24
157
3
74
83
487
218
6
499
416
18
58
9
17
5
29
482
94
67
13
72
22
78
26
34
33
203
15
57
114
51
29
9
26
615
126
78
210
68
67
22
226
537
37
437
454
46
189
197
139
500
281
410
115
17
24
308
60
34
16
40
117
7
80
21
5
8
12
81
760
513
1827
175
420
85
12
21
25
497
152
535
355
118
11
16
969
269
44
148
52
64
11
19
103
16
5
181
12
767
64
18
2
43
40
37
0
241
39
19
9
834
38
209
95
66
35
83
37
405
125
99
837
465
231
155
23
234
15
22
30
5
12
7
111
6
30
136
50
55
21
49
2008
93
85
4
9
37
15
5812
33
358
7
39
8
19
71
112
1055
1256
147
5
589
275
36
1271
30
15
102
8
27
67
70
74
1306
37
315
287
74
115
39
62
74
160
310
474
22
2098
135
75
14305
631
121
80
23
25
209
9
127
234
45
75
24
6
80
131
151
10
136
20
143
27
46
1721
142
82
30
94
541
359
40
7
34
40
4
928
21
456
13
78
41
22
2407
106
22
54
49
33
373
73
41
36
17
45
65
67
204
10
165
191
30
65
30
222
53
12
794
59
350
631
1
183
356
37
6
539
123
96
663
7
13
495
45
114
27
41
204
7
294
24
163
408
42
51
23
44
27
7
14
578
336
656
412
198
35
6
38
509
75
653
13
6
20
6
21
67
13
157
14
22
238
275
176
11
12
54
195
173
13
251
1100
46
436
36
20
26
241
3
10
189
30
453
4
9
136
136
15
57
322
374
14
94
3584
6
2259
48
13
21
199
163
62
20
217
23587
22
461
173
144
42
9
34
56
30
1403
60
515
153
592
3
119
20
26
15
37
201
15
75
36
6
66
10
27
793
447
425
438
18
281
67
58
503
39
15
552
22
343
18
27
77
68
164
632
276
383
136
16
23
34
4125
44
225
585
1
48
60
8
132
1617
9
405
38
36
667
95
611
21
305
93
126
199
309
4830
12
166
127
96
13
11
277
148
340
2
186
13
46
203
232
51
179
291
12
33
95
34
19
1365
69
59
76
82
53
164
158
59
5
42
62
10
270
100
15
6
113
345
40
342
81
139
575
785
491
142
12683
12
19
365
193
49
40
0
4
644
14
133
28
793
13
15
44
16
22
696
8
29
183
1654
11
94
641
34
17
11
25
917
104
1424
63
110
61
80
7
17
82
220
193
13
48
269
1965
171
82
252
78
42
18
10
4
35
2674
10
26
57
66
5
610
17
10
500
72
395
1832
47
107
1
370
55
84
39
635
6
31
120
532
2918
209
227
454
259
182
13
859
82
351
165
20
120
31
108
30
441
10
215
113
210
94
25
19
417
389
11
516
279
45
61
1503
382
284
75
10
6
54
300
14
17
1174
36
3610
11
244
252
54
100
105
19
184
176
27
4
68
107
142
160
23
10
78
16
20
15
565
504
24
7
72
1516
349
6
691
37
59
18
15
12
89
34
6
84
41
6
824
622
17
22
75
196
22
9
12
4367
283
0
48
603
36
307
49
17
5
296
271
334
7
35
14
13
202
52
594
19
47
95
490
9
1184
702
290
27
11
99
2
79
14
79
16
75
84
115
4
80
89
60
12
19
39
282
50
41486
25
736
7
38
6
188
555
34
209
46
52
138
51
11
21
15
0
34
428
1751
14
204
3535
114
137
229
9
128
37
312
26
11
47
206
25
36
345
16
9
481
273
11
71
36
2
11
857
26
29
255
44
136
595
101
13
306
78
43
2189
12
6
859
61
349
2
139
109
32
3
11
10
44
23
46
84
108
20
644
1660
106
22
65
108
1
14
9
32
16
10
40
143
1492
40
243
19
54
29
418
103
112
67
121
22
1186
75
384
39
69
83
187
27
26
2334
31
33
19
407
179
124
108
50
9
32
19
30
428
13
7
187
7
272
466
83
5
105
1888
83
47
24
95
105
28
156
160
355
702
9
130
43
53
11
35
14
1767
172
160
40
43
270
12
182
30
63
223
74
133
59
5
1739
5
48
1041
31
204
45
127
91
136
528
587
20
226
94
70
35
29
58
565
167
2120
20
35
294
115
16
20
1696
23
552
106
146
28
211
10
11
15
33
11
24
29
41
695
74
1017
23
301
282
32
135
76
70
209
46
9
166
70
4
14
170
49
90
314
13
2955
113
15
8
16
7
41
487
25
135
146
240
20
420
62
72
89
27
120
151
71
159
306
70
282
55
11
10
518
17
88
279
17
28
68
192
295
33
558
4
15
414
10
183
6
52
1102
75
12
35
14
29
95
36
1053
6
88
67
57
6
24
55
281
18
5
79
328
41
44
16
575
105
96
368
30
41
95
124
26
143
196
104
519
924
399
8
30
356
91
46
64
14
57
139
300
275
18
24
9
23
22
257
32
793
27
24
111
395
82
23
40
978
87
279
36
150
65
109
1206
119
24
14
3
5
1309
204
68
15
182
321
489
32
76
162
19
22
400
49
253
19
328
13
1546
143
18
97
380
29
108
11
1
85
143
25
3
2917
115
123
142
12
62
8
131
15
15
25
31
34
392
16
95
12
96
13
101
25
8
5
338
46
2
98
48
17
184
5
546
34
135
384
80
695
178
382
12
471
195
1943
271
25
44
5
47
112
509
67
69
3
9
53
13
36
151
45
650
16
125
460
9
9
177
545
60
386
161
90
149
17
130
16
12
7
12
1124
635
441
7
15
10
77
101
28
3
42
26
55
21
303
492
13
374
36
42
40
59
1346
324
14
17
156
146
369
147
450
44
67
8
628
94
2
480
172
111
171
23
2414
62
270
266
111
319
30
118
11
7
113
16
56
45
336
459
334
40
242
52
768
970
20
13
85
22
3678
191
32
3
46
3
24
233
9
1658
287
112
286
45
244
94
9
950
87
28
420
500
322
54
44
457
7
10
432
382
284
16
7
51
64
446
73
11
2039
37
613
352
68
2453
13
54
42
39
1654
73
275
265
517
205
357
119
143
855
1
16
3
241
41
68
26
90
1250
66
3
228
9
2
127
796
18
115
66
8
244
25
182
52
46
26
75
386
126
11
35
32
77
13
37
20
13
28
4
12
47
309
1589
250
20
56
712
324
7
107
18
663
420
381
15
21
102
39
19
11
56
264
9
220
1147
183
54
919
2748
4603
26
26
114
87
54
23
116
15
9
106
26
94
51
25
778
17
33
3
363
2524
52
659
87
17
137
60
165
17
10
164
16
550
153
60
94
69
1142
17
4
23
33
8
14
28
58
13
80
8
380
14
380
30
88
325
22
23
241
305
36
33
86
96
74
439
77
3
190
68
37
367
63
116
3
28
61
98
8
17
46
17
121
118
109
9
80
128
22
54
9
57
188
101
646
431
113
9
311
1037
432
26
7
29
2216
586
292
1722
695
1243
369
6
420
452
17
202
29
75
72
290
97
14
111
90
53
48
151
82
10
17
130
139
32
43
1475
1752
491
33
110
1
32
15
1
224
5
61
10
591
9903
473
29
296
684
36
14
58
19
331
300
107
15
1
123
789
7
40
410
9
34
6
676
793
22
109
39
127
1985
510
54
147
178
376
21
343
173
139
87
17
588
43
37
86
22
253
20
1
70
11
603
7
8
12
23
132
1738
18
11
85
93
50
10
9
748
46
238
232
21
6
3293
4
42
4
8
41
59
12
12
60
150
98
12
4
22
18
62
1167
135
9
71
59
33
27
302
25
65
219
10
39
12
107
67
5
300
77
21
197
217
28
33
11
10
369
77
370
1006
71
150
33
173
28
438
34
214
38
28
18
193
85
81
44
27
118
791
45
2
20
12
44
21
104
29
24
400
306
33
26
413
26
132
185
235
20
4
38
37
356
69
33
2
28
96
450
5
1
66
1185
881
60
63
1104
30
69
10
45
119
613
7
7
43
7
303
273
14
98
6
251
1356
50
172
25
378
80
24
295
123
6
223
24
555
359
86
19
95
331
11
59
26
129
522
10
160
29
28
33
155
108
20
48
275
20
93
503
89
93
731
371
67
521
11
1
5
182
7
450
12
37
586
2
55
6
154
109
426
41
1
67
52
30
91
11
152
26
185
345
448
107
28
178
405
87
13
243
339
144
107
30
5
12
158
5638
16
314
7975
24
772
49
17
63
4
48
35
8
275
97
4374
1
76
9
33
51
286
7
38
282
29
32
119
11
49
411
95
362
15
8
127
20
13
127
24
80
58
338
1472
1
167
131
67
119
17
55
53
408
25
1349
8
0
14
37
2350
90
9
573
315
200
482
289
59
15
70
985
804
14
169
39
192
1166
25
161
168
7
150
273
38
16
47
37
687
184
634
47631
12
98
136
110
612
228
197
8
1
866
17
42
123
885
14
30
56
153
799
124
56
28
71
151
773
3
65
4149
788
35
1051
117
750
240
16
248
16
13
385
13
35
114
313
12
66
311
83
185
4
22
121
45
31
1423
20
202
161
486
256
412
1045
87
325
48
119
563
189
19
352
85
4
250
332
779
41
174
5
3011
65
322
369
27
5
360
28
391
15
19
64
125
16
86
11
314
46
226
58
62
7
36
41
702
432
2390
90
1667
62
101
468
28
146
11
76
163
2770
1383
0
104
23
59
14
5
39
28
182
11
214
64
5
148
34
12
175
14
212
259
26
9
503
79
157
696
183
200
1221
42
330
1014
30
30
47
128
4
108
112
34
384
45
15
218
10
264
14
1684
12
574
23
217
12
25
75
93
16
9
2
1135
73
39
27
691
291
59
27
123
34
69
146
873
5
433
1808
72
13
28
559
155
135
243
150
68
417
151
12
29
2
77
139
72
192
939
344
150
412
40
25
18
5
1262
57
574
195
29
14
14
27
195681
15
258
141
14
59
8
10
292
395
2583
37
41
15
95
162
35
44
135
213
7
489
308
250
59
31
476
21
126
43
358
395
29
21
127
31
1095
185
60
88
105
50
391
233
393
16
19
81
11
157
73
253
190
78
10
5
349
1651
206
163
56
396
6
18
311
362
20
467
8
435
60
380
2
17
1636
425
105
146
122
187
2
129
4
13
8
33
4
9
246
628
24
134
205
1018
14
35
588
17
14
36
181
53
42
535
10
118
11
704
90
33
113
449
83
1358
41
37
7
427
82
97
93
400
186
230
58
422
61
20
29
22
379
9
115
7
2
65
33
47
34
192
37
4
188
21
549
169
216
17
12
128
58
43
7
221
229
713
19
21
1874
4
18
157
78
64
45
47
12
310
120
207
114
506
127
412
3578
452
256
108
190
322
4
9
16
101
472
13
2
152
516
258
9
474
12
13
7
60
26
13
78
42
78
3
2
11
13
3
45
236
34
674
80
310
14
16
86
14
113
32
91
16
736
193
27
1973
14
250
110
498
454
10
75
377
11
397
221
120
55
15
50
17
157
14
42
64
110
110
9
27
41
47
176
878
149
18
6
39
37
122
91
57
19
222
147
29
3
1
303
49
1165
194
157
29
255
10
19
189
12
19
80
142
20
87
20
39
25
1575
19
6
127
12
295
11
267
179
284
176
25
64
166
48
74
86
355
122
526
209
54
11
4
116
65
163
1191
23
10
220
13
244
89
131
188
8
26
299
536
249
190
2
467
300
24
20
70
35
9
132
64
65
1317
34
64
3
865
4
324
26
11
454
430
48
4201
9
40
22
55
11
88
14
13
129
755
8
109
86
4
102
905
310
27
70
30
68
24
90
19
75
60
1357
112
104
282
217
12
123
889
37
338
36
22
63
33
7
519
12
152
4016
14
38
153
30
89
103
24
42
518
381
536
71
220
61
101
336
323
396
117
54
866
2
1043
34
93
158
24
24
178
41
5
174
82
81
75
20
79
22
29
7
1545
47
11
13
346
46
30
34
80
28
4
39
148
439
7
168
95
320
153
0
450
44
60
592
51
468
251
198
46
5
571
15
101
31
27
92
641
963
97
23
2158
15
76
8
241
7
2508
20
16
203
21
369
102
11
308
221
1479
134
351
73
20
913
38
151
2878
43
10
1739
1275
32
145
34
177
97
15
105
376
87
9
17
40
21
82
40
23
118
372
7218
12
345
112
10
645
3
39
17
5053
95
284
115
112
410
578
407
21
66
126
28
45
30
859
101
16
39
98
1675
4
56
1392
1
387
79
142
177
52
73
21
195
1387
754
40
405
28
580
31
32
882
25
349
25
68
31
322
178
70
41
13
71
177
438
133
601
75
17
37
39
162
590
359
671
19
53
126
95
97
221
19
5
144
634
393
616
182
79
59
5
97
96
123
101
60
160
12
194
31
266
69
20
994
7
68
26
72
70
28
51
94
4
96
579
55
33
214
90
27
51
35
63
63
16
196
89
209
25
17
7
78
11
156
26
25
21
74
69
25
165
14
169
95
16
46
23
24
203
3
260
174
627
398
129
558
18
91
814
74
78
12
473
18
26
16
103
123
30
32
236
22
3
118
12
30
287
75
81
31
69
27
423
34
1129
378
139
50
13
7
22
107
46
41
1488
16
402
631
1392
9
12
895
24
30
8
139
83
134
19
36
5
38
575
22
175
284
38
140
108
239
16
11
20
352
7
223
1989
3
3
71
158
170
107
33
495
114
12
10
284
290
509
27
82
573
960
66
513
127
8
384
274
7
20
1
19
317
70
11
59
128
42
43
82
42
7
1010
14
8
44
53
30
9
138
110
100
342
85
38
67
31
12
36
11
94
57
54
392
52
152
114
11
28
31
11
24
355
187
121
232
271
20
182
545
46
23
10
503
25
611
110
21
40
9
251
776
46
995
57
15
31
9
151
196
256
245
13
9
1085
58
13
18
48
161
83
35
199
65
20
1305
60
58
965
1131
2191
135
4
6
17
200
127
57
35
216
59
1060
21
32
42
16
317
391
1
63
12
13
189
14
135
99
58
241
89
85
353
35
140
16
537
111
8
13
3
174
38
1933
100
189
15
2
615
4
7
290
20
39
729
65
38
207
624
989
18
3
21
50
62
606
403
36
812
23
46
111
254
379
18
212
2
204
23
34
80
9
39
19
809
91
14
22
317
63
1
129
231
648
88
636
9
1536
323
45
274
24
205
127
28
10
96
137
4
10
155
32
151
299
111
113
24
41
8
135
32
83
370
99
60
27
1081
20
12
85
28
156
74
68
644
361
33
691
5
46
25
12
2833
139
5
11
192
56
59
19
52
5301
13
18
11
169
42
20
56
7
32
2284
6
12
45
134
37
49
176
18
34
39
17
61
4056
145
235
683
12
614
2537
950
14
51
31
25
351
450
67
53
131
18
17
67
38
20
46
155
120
61
29
309
50
1013
417
202
28
56
103
19
20
1354
17
12
32
108
86
63
108
59
29
66
996
115
54
6
129
81
102
164
344
687
33
159
287
1219
109
8
148
22
330
72
684
2
75
1284
19
196
54
161
30
16
32
8
1752
6
95
51
7
49
5
37
60
60
61
264
632
264
17
33
155
9
38
225
260
81
715
4
44
1003
73
1568
96
23
226
25
5
9
1154
35
586
98
32
36
131
220
31
43
140
363
6
2207
41
62
21
434
35
1
12
19
119
107
4573
29
4
1501
94
154
8
65
60
89
117
110
140
285
1964
14
13
24
13
637
101
21
139
731
279
43
90
43
1216
54
9
128
3
363
82
76
295
121
89
12
2
36
12
128
222
327
104
396
28
31
128
26
366
149
86
384
32
87
233
1974
330
7
265
185
10
28
613
396
25
80
6
57
2
50
128
17
139
12
362
308
16
253
158
37
11
21
72
65
10
154
149
152
25
41
10
37
146
167
17
37
54
1598
184
6
74
103
27
86
122
242
47
4
6
403
121
156
7
52
1711
143
1
177
15
47
18
82
139
49
24
502
42
51
63
14
126
3
2
9
85
8
825
36
476
114
416
7
29
31
328
25
72
7
2229
18
130
604
373
56
20
64
20
175
14
211
267
173
435
175
955
124
512
9
816
635
30
457
33
13
293
59
3
8
324
1445
9
24
25
54
33
13
123
164
39
76
9
9
82
93
63
462
80
31
92
9
74
21
58
252
377
578
162
307
14
4
103
21
5
365
22
107
116
266
70
449
17
3
2
59
829
10
89
141
348
11
52
54
368
39
1487
1050
17
55
66
20
66
9
127
14
15
572
649
9
2
25
297
1
262
6
22
18
22
32
1375
28
153
145
80
356
116
393
2332
1
26
392
83
303
64
16
26
5
56
87
64
23
164
260
44
326
74
577
20
29
2
3
29
5
19
207
562
101
52
119
39
156
57
47
116
58
12
10
74
40
744
70
60
8
155
13
12
191
163
36
63
52
3
18
28
84
3
30
475
265
64
339
58
58
40
26
1
157
143
32
132
255
114
2
294
97
122
184
621
3
127
55
225
204
78
37
96
89
382
74
290
16
74
7
410
34
61
170
24
10
219
8
134
19
491
72
110
17
19
127
11
97
143
11
13
151
63
30
230
221
1
7
3987
5
44
998
19
95
14
44
33
60
470
6
331
541
62
56
89
52
2765
18
412
32
796
183
828
221
195
107
44
9
397
6591
28
33
1557
94
41
137
59
348
14
36
19
206
7
38
1096
112
71
14
13
2
221
285
757
55
142
14
106
54
11
21
47
32
3
8
5
1633
20
10
1472
21
58
20
771
18
7
379
5
89
714
23
191
71
190
378
68
165
18
462
199
57
145
110
456
6
176
79
802
34
17
353
109
249
477
39
13
14
1569
38
31
75
2
51
412
8
14
190
26
11
22
42
2
138
43
94
7
18
31
232
10
256
416
258
242
46
49
1013
362
27
1217
57
20
25
33
14
15
98
59
167
370
1067
279
21
372
349
4
3
54
34
46
143
17
19
13
1150
620
14
14
12
16
7
303
176
64
5
57
174
85
67
110
701
59
876
4
20
42
42
65
924
7
45
180
7
16
7
8
40
39
19
56
122
46
1820
34
6
45
168
574
490
2
13
227
2
32
758
11
5
1341
188
1639
22
2
45
20
111
60
16
2866
4
34
36
4
151
197
15
8
178
16
61
29
27
32
27
330
294
54
449
31
7
183
9
154
5
15
546
16
118
593
41
21
462
40
6
188
375
848
18
213
84
7
778
40
21
345
689
73
11
37
17
360
24
6
57
14
35
35
17
118
2
30
15
4
197
20
11
682
110
37
31
28
27
336
7
65
106
65
208
38
297
9
46
258
64
31
661
62
14
2
1546
1837
26
16
42
16
52
68
6
604
216
49
10
93
2
658
190
34
125
108
62
163
13
13
85
42
22
532
16
95
122
12
1182
81
11
32
197
509
7
113
97
216
110
70
546
4
251
66
19
17
169
4
80
576
205
87
118
35
365
135
18
8
11
23
79
109
268
30
310
288
840
33
52
19
52
156
29
145
33
34
6
241
966
408
12
82
213
8
24
2814
379
93
64
31
88
30
277
71
211
47
8
94
1
173
10
19
1360
38
116
32
22
509
145
106
539
335
67
45
1260
54
85
301
4
160
23
8
49
33
76
41
93
9
105
119
23
165
111
48
166
419
130
756
98
12
12
6
8
123
8
93
9
543
30
11
13
1877
23
10
33
127
159
107
76
150
7
4
10
105
198
25
566
31
9
5
6
70
116
174
7
90
27
207
115
94
72
665
539
100
224
117
198
6
3
92
172
65
45
8
87
15
95
15
1221
1001
2187
23
63
109
2
1773
34
25
30
288
79
610
40
24
17
163
7
4
385
45
519
48
76
90
114
241
33
14
467
102
70
190
718
89
61
170
16
16
281
43
325
68
67
1144
99
5
27
273
431
57
1
20
298
181
285
370
32
9
47
71
26
151
442
120
162
7
14
5
1663
142
6
448
59
63
264
65
30
36
1114
30
227
212
10
30
94
269
66
42
3893
1997
74
34
9
13
54
798
224
229
3
30
73
24
392
4
206
24
88
124
45
375
59
759
71
3
30
73
359
759
26
11
36
537
354
20
213
66
10
363
436
253
8
342
138
1810
38
5
34
694
450
49
159
77
481
125
109
17
133
8
44
23
55
16
154
22
86
155
488
80
16
428
527
34
98
306
59
25
31
29
3
62
175
648
7
194
192
73
73
109
38
16
6
3
9
53
44
144
79
43
69
16
89
111
74
122
57
79
371
262
29
90
13
786
183
34
32
182
86
402
41
31
98
328
22
15
18
122
5
276
249
192
27
33
642
17
248
33
260
2838
569
51
5
3
886
685
59
16
5
36
19
52
622
17
12
44
67
457
111
45
152
108
409
7
10
58
1077
83
128
4
307
507
21
25
183
10
28
602
38
106
13
56
352
38
32
133
60
82
466
194
151
238
126
89
20
376
795
96
10
6
72
718
58
72
2769
235
16
80
114
8
3
1162
156
58
41
717
156
166
196
478
18
960
98
14
26
42
312
32
37
30
179
47
96
90
54
10
125
1
11
43
301
367
154
331
50
0
12
747
175
12
779
9
24
32
420
1346
4
149
428
7
1
24
120
113
325
4832
182
577
70
140
4
31
28
250
23
39
87
23
4
937
3
16
56
7
3555
190
99
76
104
388
17
750
558
1121
11
415
13
11
26
451
904
9
7
67
86
108
41
96
78
18
52
16
68
512
7
14
114
88
12
308
287
38
9
42
157
30
15
477
429
464
128
3
80
34
276
205
41
83
556
116
54
28
67
2124
28
4230
145
1787
87
13
197
123
93
17
14
63
47
110
560
1112
11
214
92
378
9
19
523
9
82
382
97
8
87
56
69
247
21
134
15
11
249
3742
23
51
2855
64
8
7
190
784
38
15
19
3
317
82
2793
18
597
275
531
55
7
13
737
386
70
32
7
67
14
25
29
43
28
54
46
12
6
61
3
6
31
11
135
19
769
26
279
32
74
2209
222
46
2
22
566
61
9
212
120
7
25
920
54
552
35
86
11
39
2
138
11
122
7
354
3
311
117
8
27
234
134
11
117
37
24
103
75
817
61
134
365
165
74
183
151
172
1229
11
30
841
167
84
85
913
133
83
25
18
29
194
45
31
76
1818
1159
28
122
462
42
3
43
383
206
25
788
24
108
25
3
203
15
2602
110
13
588
448
63
213
1242
191
25
18
20
54
192
108
30
42
460
42
8
2
17
3
60
117
115
1248
21
170
308
552
71
760
197
0
282
29
31
957
521
19
12
66
159
76
80
44
46
213
10
3
2
18
28
25
96
118
45
354
23
81
348
611
64
83
1084
7
2484
2
34
288
82
27
86
318
153
119
125
7
27
101
226
111
130
327
43
471
10
34
112
33
244
348
49
34
108
42
158
51
24
141
14
2773
50
248
1469
48
13
18
4492
1984
280
75
94
26
353
57
73
129
500
119
370
17
32
31
813
6
16
2552
39
16
79
84
28
488
59
27
19
16
70
203
1207
380
182
344
846
200
33
185
52
118
749
67
7
6
8
569
239
10
65
2564
903
35
11
369
101
8
1
40
44
8
905
101
19
104
135
233
193
340
13
429
8
111
2689
13
24
13
224
4
455
10
129
27
4
19
36
10
54
48
56
12
6
33
42
109
79
25
130
20
127
12
18
32
88
132
27
55
2
115
324
13
84
17
50
208
64
241
253
8
302
61
1344
164
42
16
28
21
641
10177
36
42
59
15
23
15
56
27
32
88
844
753
178
28
92
85
203
34
20
20
19
32
77
174
221
1223
6
139
223
26
55
370
30
50
159
34
4
8
10
21
36
63
353
304
22
42
6
587
12
108
149
508
52
290
11
845
143
313
70
159
11
9
15
149
248
213
96
8
276
396
45
72
74
12
37
21
526
900
5
23
45
6
5
275
37
110
254
15
16
146
913
60
318
175
137
134
411
1147
206
6190
4
424
89
4
213
502
116
5
19
47
92
169
297
20
39
359
1370
77
73
290
133
139
232
5
164
95
130
12
89
94
340
64
10
171
79
7
129
12
287
86
93
22
67
32
308
19
36
53
85
325
429
126
36
70
885
17
4
2
8
8477
127
11
9
45
23
2
241
47
121
71
8
29
52
185
181
8
558
79
19
369
206
31
1465
148
490
795
61
121
227
36
410
1119
419
11
15
49
88
88
41
55
64
6
32
28
2
17
186
87
1816
44
150
17
11
107
122
446
70
1103
19
76
53
12
3
275
914
249
40
8
151
86
798
456
5
6
6
73
17
3091
392
3
54
11
170
4
24
26
116
805
2
98
9
214
118
171
1861
20
179
189
98
87
30
55
163
37
12
24
109
612
85
30
61
410
184
130
31
30
57
10
119
20
383
299
41
231
164
122
56
1602
238
126
2
18
461
113
20
23
25
17
3890
38
752
475
255
534
27
9
332
46
2
6
1478
26
174
165
179
146
34
20
53
178
105
78
37
577
51
230
133
501
2559
17
326
100
30
186
208
123
106
23
339
39
35
397
196
44
53
101
49
28
149
80
6
20
41
10
13
22
323
2579
18
173
47
554
874
7
357
86
308
43
173
1381
10
285
60
61
100
22
16
84
197
13
69
76
30
9
12
86
52
69
4
1089
74
47
23
26
14
712
18
270
73
85
42
15
114
626
195
10
261
150
40
48
46
151
12
86
17
24
232
55
576
27
14
14
41
32
12
186
168
44
47
116
88
10
178
44
91
171
188
129
3463
136
5
68
18
192
31
9
9
358
219
21
17
702
33
47
45
8
445
3
15
171
156
5408
20
508
345
2082
158
30
18
194
319
162
13
172
281
49
243
142
8
324
235
264
26
61
57
86
176
2
1802
80
21
9
32
13
84
294
229
451
11
159
70
229
50
35
219
81
10
10
582
393
295
135
29
179
9
254
20
510
35
128
13
14
296
49
166
6
9
427
142
735
30
19
374
8
5
12
25
258
13
1167
32
16
76
280
26
36
885
13
62
125
17
32
28
168
25
79
620
74
4
1810
43
19
27
72
42
246
417
69
28
2
22
56
100
5
290
581
19
34
499
263
190
26
18
25
23
642
31
134
66
550
8
33
9
14
88
31
901
109
40
7
13
110
1532
111
96
7
5
9093
1
181
58
307
20
12
75
714
95
8
167
431
421
74
29
533
107
21
28
16
29
146
508
3
44
55
194
6
18
11
109
171
27
91
11
36
228
508
11
1880
274
71
60
686
34
125
58
12
2
25
89
12
470
354
59
362
20
25
47
14
12
551
1397
122
345
62
372
6
7
78
390
97
82
587
67
18
136
268
116
31
38
54
126
276
268
106
38
76
62
33
161
61
17
21
1410
19
3
20
1
19
91
42
13
84
215
864
19
110
25
125
13
1129
295
250
171
144
121
8
30
108
30
64
5
63
189
82
171
26
70
54
36
1486
305
74
29
3
74
981
13
177
1115
56
128
35
215
7
278
218
99
89
16
71
37
209
31
159
1
432
741
21
107
49
378
153
13
95
34
75
52
451
243
247
18
6555
12
21
44
207
16
6
32
38
118
30
11
13
432
276
6
63
127
44
2540
2
163
8
97
77
33
25
123
18
83
46
189
116
48
24
11
80
58
399
27
512
35
39
392
133
252
8
1664
237
55
76
60
35
4
40
139
193
490
34
40
9
26
9
54
24
211
10
14
66
46
5
116
96
27
59
349
50
34
78
2
76
56
10
19
31
16
53
18
113
27
372
35
19
134
43
7
12
13
130
71
210
1479
157
680
48
269
442
125
13
209
25
115
71
18
52
33
146
139
33
10
100
135
30
5
6
6
89
13
94
14
41
171
99
919
6
1638
235
3
44
72
158
9
8
194
39
49
383
134
46
23
1174
24
1027
84
38
48
21
39
56
6
28
24
11
25
179
15
891
11
70
2
10
30
433
563
908
67
12
201
92
372
14
23
116
37
318
99
107
72
16
10
3
5
395
8
169
28
800
8
1186
230
516
90
457
743
9
112
53
20
350
91
69
7
183
1
523
5
1489
363
143
10
27
77
341
11
175
15
331
15
242
522
125
11
285
68
14
127
295
12
339
85
142
53
2304
25
51
23
11
62
249
480
589
288
91
771
256
76
62
57
79
441
361
17
73
65
220
394
23
21
25
297
236
41
108
0
22
51
546
53
383
1
191
12
426
11
23
419
189
211
50
54
122
46
1297
207
148
79
60
104
241
76
1153
8
22
23
20
461
1466
6
15
20
102
53
2
148
0
51
57
23
102
19
28
22
118
24
159
35
686
113
38
7
104
74
100
114
18
220
721
27
24
12
17
87
11
306
435
11
591
18
205
16
167
10
85
97
99
132
52
19
34
152
66
18
24
473
209
12
23
33
286
195
36
79
18
158
3
406
632
46
498
142
29
79
418
25
89
17
111
96
55
21
59
378
52
19
22
80
92
330
10
507
144
78
4
31
51
1102
128
18
28
9
26
43
24
54
122
11
212
18
107
109
2196
18
12
10
276
14
39
42
146
80
31
42
146
682
122
7
1543
36
3
39
984
314
14
176
29
61
19
790
12
142
35
893
26
13
211
275
40
25
234
72
8833
953
0
13
17
314
21
1196
155
38
401
8
107
52
7
31
79
105
49
17
21
96
5
284
1842
36
8
16
23
17
166
38
16
5
398
360
152
13
32
26
25
304
78
13
714
107
23
44
8
50
54
28
566
5555
114
239
60
87
233
29
33
18
1155
924
12
54
1544
14
58
414
67
21
93
56
7
747
53
13
746
122
56
22
58
178
58
208
9
64
18
4
76
667
23
22
52
6
266
42
498
142
30
10
19
220
14
14
84
29
18
25
26
570
26
27
15
87
91
113
48
222
3584
77
11
48
11
104
701
71
198
20
16
37
99
41
35
319
33
35
14
26
64
19
174
153
46
17
218
160
303
84
5
136
22
489
5
125
58
17
52
251
96
166
58
18
21
25
80
23
360
0
221
25
30
309
63
43
207
13
524
224
155
65
221
25
23
16
20
36
3581
12
267
3
6
12
7
798
0
1768
15
148
201
87
98
36
46
13
1783
183
1081
81
85
160
10
12
412
72
2
105
132
316
276
28
39
61
221
27
47
478
192
932
191
39
4
114
45
14
396
9
39
64
90
2
379
15
25
56
6
345
8
5
59
674
32
8
31
668
84
30
113
5
18
27
1
231
2
32
184
243
55
46
32
3
202
211
190
30
135
322
34
76
72
62
3
16
21
334
16
4
2
223
594
11
1479
81
77
12
486
46
138
22
80
5
1324
24
48
11
264
102
45
11
31
237
271
253
39
49
857
15
126
1254
335
11
659
258
2138
64
19
19
252
21
102
15
60
9
54
21
44
113
85
8
25
20
47
735
512
4
37
60
34
417
431
71
171
38
34
6
21
5
37
109
728
95
13
10
372
88
50
2178
321
93
514
13
11
460
87
13
106
46
3599
7
10
63
19
86
20
877
79
115
1129
129
26
358
12
70
492
2
22
884
20
62
288
232
24
116
378
30
87
60
94
95
53
34
14
42
23
129
24
120
385
32
41
9
1
71
16
855
9
128
130
106
39
5
136
18
352
67
85
28
23
55
148
61
14
381
17
286
40
820
10
100
15
43
918
172
57
18
332
104
183
38
72
22
221
25
103
1467
1640
78
242
43
16
579
117
9
266
1917
24
28
92
40
1265
653
1282
186
27
34
455
101
379
58
42
231
137
48
11
3386
284
246
16
111
81
168
937
32
40
40
82
638
429
35
5
139
370
29
20
37
3
405
241
268
706
25
75
8
389
113
117
38
438
950
236
732
109
636
250
10
45
27
17
43
53
137
87
15
118
64
16
62
145
324
34
151
28
297
115
15
7
78
262
17
9
23
59
102
147
52
31
35
161
260
299
264
3208
449
171
682
247
167
2
21
21
51
54
44
28
5
35
1779
45
25
30
34
851
32
26
17
68
360
10
91
32
19
222
41
84
5
43
3
33
31
7
49
69
622
48
543
27
188
29
27
39
22
9
120
69
8
34
11
27
2
18
99
17
23
44
295
72
68
21
38
296
35
16
21
7
379
5
65
28
20
172
24
15
300
63
239
23
8
28
1
94
1828
16
248
905
7
67
17
144
29
39
74
352
196
424
3
151
199
4
5
177
109
328
157
215
77
116
1174
268
16
160
325
18
5
20
14
432
352
136
116
193
30
513
33
24
762
30
407
107
333
22
117
22
308
91
92
119
60
88
4
67
74
23
28
1288
49
55
41
10
28
974
21
98
11
39
2367
858
16
332
268
27
30
179
177
11
154
179
294
284
19
218
57
158
23
11
426
61
28
626
90
274
2965
390
6
206
43
100
833
369
77
6
142
104
21
18
304
24
24
39
77
50
92
39
255
217
37
38
1823
162
229
948
386
127
23
15
17
18
50
105
98
224
142
223
52
1767
32
14
15
49
59
0
57
1
30
49
53
411
17
8
160
7
47
41
182
868
53
4
35
155
28
20
44
51
20
87
100
41
148
41
64
300
98
392
84
67
40
14
243
23
41
26
152
109
25
3
136
70
26
37
9
29
74
52
8
341
1960
131
53
8
20
9
685
85
3
7
31
240
8
17
84
55
9
15
39
11
30
983
14
25
135
55
350
93
69
721
61
9
206
1931
39
38
45
203
72
31
16
6
90
8
43
84
633
53
13
88
7
376
75
1
741
182
620
72
121
15
49
91
1599
473
384
159
14
38
148
45
18
321
47
202
1553
392
207
343
7
866
9
191
60
26
20
35
699
1007
80
5
202
90
125
59
21
560
21
216
79
400
15
101
195
1006
243
45
3
49
17
130
22
84
47
40
485
17
1090
8
363
9
76
37
19
87
129
56
62
32
45
118
91
16
266
497
21
58
55
285
187
195
724
14
106
10
796
18
31
28
24
151
16
97
259
130
36
109
70
74
153
217
471
26
81
452
11
132
336
6
1
15
801
170
61
2
547
28
103
97
660
2
41
6
121
25
60
184
62
53
28
65
250
24
18
320
55
21
84
422
647
595
54
125
19
162
150
796
100
36
201
22
251
141
44
84
42
85
123
18
1353
294
64
15
32
18
244
15
23
178
290
13
22
1
48
73
575
14
17
157
240
9
4
134
16
11
6
397
14
257
97
19
86
29
31
27
76
7312
9
490
34
156
229
81
470
14
465
57
54
19
72
69
30
33
13
124
425
100
100
5
163
118
90
87
85
8
17
75
231
36
37
52
202
586
209
130
12
213
15
60
4622
106
32
132
506
65
321
90
1048
156
187
55
128
124
63
114
33
2690
9
14
561
4
51
547
75
2
34
37
323
28
17
566
4
20
92
29
192
196
74
103
180
29
10
139
34
31
29
783
3
824
44
75
132
43
295
119
13
52
109
232
10
15
29
17
1388
37
445
304
352
60
151
461
11
509
185
15
27
1
40
1232
41
26
52
6
1
234
2226
26
233
40
16
197
577
22
392
24
196
4593
134
16
33
10
56
293
186
107
360
5
4
55
25
587
603
1567
406
134
8
3
166
128
13
8
73
265
4
4095
66
18
9
43
6
95
58
14
20
28
209
43
384
3
101
54
171
980
39
15
975
23
902
310
155
33
107
124
440
41
37
108
2989
258
90
2
316
5149
5
156
1185
23
253
91
451
158
615
33
333
22
16
10
26
21
1680
408
554
214
107
186
76
82
128
513
135
129
345
18
84
358
122
6
165
59
46
88
178
98
186
541
9
9
23
146
28
52
491
2
231
63
4
27
25
17
114
16
524
91
23
72
519
130
82
136
49
174
1036
63
23
22
8
43
347
57
24
1388
18
11
181
21
19
7
60
32
87
18
112
300
349
10
164
23
25
8
83
38
141
5
230
198
128
45
16
16
28
52
23
186
9
44
262
116
198
5
1150
5202
306
113
253
521
193
8
91
23
125
103
185
14
8
291
67
4
8
6
822
36
4
1659
412
95
50
838
33
110
1023
731
11
1479
200
38
1504
5
613
7
12
118
585
22
27
126
276
111
11
327
24
77
22
60
11
475
18
21
46
61
19
72
116
1502
171
191
42
18
39
3
113
4
612
319
22
24
5
4
17
49
18
33
11
23
28
17
426
270
174
1171
322
152
3
253
134
16
38
242
68
145
5
19
20
207
335
41
7
8
97
53
277
4
362
9
22
40
46
131
65
155
167
15
167
1155
16
2
24
62
287
80
95
15
2
1226
321
98
3
27
72
228
768
41
10
48
27
268
110
185
116
410
220
129
111
12
152
868
1193
57
24
18
85
25
195
22
16
10
119
17
21
24
41
461
11
32
11
177
22
748
70
22
293
59
13
73
15
10
32
476
348
349
2
64
75
47
2
35
5
44
32
91
15
14
84
12
9
13
139
346
9
58
5
36
24
124
31
516
63
459
246
271
3
646
7503
107
23
41
22
75
349
34
103
22
110
15
566
26
261
145
9
403
63
18
1275
74
87
17
300
109
13
17
17
33
350
152
255
30
314
82
258
1097
42
1106
3048
13
61
680
36
1
180
88
12
245
457
39
242
19
3632
66
6
170
16
755
39
25
41
21
26
108
61
32
8
9
23
12
10
34
186
5
93
14
67
35
20
105
474
140
73
42
111
143
1213
169
377
64
767
122
6
3781
359
206
83
26
120
40
32
341
15
195
30
23
116
58
18
6760
2
351
16
9
75
188
859
8
10
7
151
189
40
187
2
2780
44
18
24
2
108
501
49
556
336
174
349
83
26
31
32
18
20
7
18
313
254
22
76
41
1411
32
987
6
25
154
33
14
126
5
268
8
78
72
6
627
414
55
89
90
5
44
15
320
254
11
293
14
986
72
371
275
20
51
581
24
110
17
1544
1690
48
1188
7
7
152
11
61
16
34
52
49
46
675
41
3
294
5
1
15
421
1773
7
756
10
22
53
1644
12
16
20
19
257
36
341
6
22
12
35
1685
50
263
24
138
70
84
10
95
117
63
148
22
734
32
189
26
79
23
130
95
267
1424
71
10
10
416
27
1050
28
71
9
44
865
239
72
52
131
154
85
27
371
47
4
221
31
15
51
175
115
87
416
152
148
56
1616
145
66
30
85
157
35
9
6
612
4
120
100
10
5
32
77
47
247
1260
8
159
107
50
27
6
14
278
30
64
37
216
24
49
8
147
1434
62
58
59
47
2
3
74
254
278
26
385
352
207
118
106
119
2113
307
94
10
23
9
187
31
31
87
828
618
405
29
173
125
6
123
99
662
119
53
3495
375
34
36
28
752
66
92
5
67
46
1112
51
631
284
13
18
23
432
135
20
383
13
44
261
111
78
363
40
532
113
391
23
907
61
12
146
6
26
102
496
292
437
289
997
221
129
66
73
50
25
6
15
31
225
9
4
76
88
49
5
194
88
182
11
13
2
14
767
42
67
151
72
151
75
3207
19
111
44
20
3
265
259
599
35
46
98
84
57
151
8
5
7
69
32
134
28
283
6
26
843
748
101
93
5
83
1100
365
67
37
204
1
94
54
25
72
4
133
44
230
394
74
50
429
23
23
73
39
19
1853
89
1
6
33
78
25
19
315
28
50
193
82
138
187
1470
23
19
2
221
25
103
489
26
723
66
33
79
9
29
147
35
270
33
63
44
15
5
88
51
30
579
121
15
35
40
178
5
348
156
358
8
67
24
118
32
51
58
21
200
107
7
79
279
102
51
9
42
37
24
215
20
75
29
96
65
94
44
61
57
32
16
437
234
92
76
35
26
988
52
25
673
14
31
985
217
48
10
15
101
12
143
25
29
370
1515
62
125
252
366
35
596
39
24
6
253
172
99
100
83
466
41
41
67
62
15
92
237
49
90
0
85
10
63
106
40
391
136
160
55
16
1995
732
40
8
6
58
22
272
73
25
23
21
345
60
24
844
73
30
144
11
163
352
34
22
816
12
2
909
129
37
193
5
353
