[2452259512, 1118496229, 65535]
[1512530287, 4294967295, 65287]
[2616101905, 4294967295, 19672]
[1550886382, 4294967295, 50354]
[3577074913, 4294967295, 26431]
[1515397323, 4294967295, 51442]
[1150168344, 2563421911, 65535]
[655317226, 1304318372, 65535]
[1053941647, 2819596142, 65535]
[3104216115, 4294967295, 56471]
[1547514038, 3462491611, 65535]
[1046198347, 3169581974, 65535]
[1481318542, 4294967295, 61739]
[1550933955, 4294967295, 55551]
[1549799693, 977403841, 65535]
[3076795870, 4294967295, 63347]
[1065329217, 4294967295, 59940]
[3084348288, 957980328, 80]
[3046107916, 3450786228, 65535]
[3046138707, 1514735227, 65535]
[3848988978, 4294967295, 44563]
[1353537700, 1928396859, 65535]
[1046196444, 4294967295, 80]
[4294967295, 4294967295, 65535]
[1687678959, 1316216703, 65535]
[777635803, 3218154028, 65535]
[777428127, 4294967295, 38244]
[1300361865, 3071713098, 65535]
[744825387, 4294967295, 33345]
[2715611515, 2631373015, 65535]
[3771548807, 2624276075, 443]
[2437071602, 4294967295, 47259]
[739726402, 865853017, 65535]
[3101170535, 4294967295, 53293]
[870286668, 4294967295, 46159]
[1046196444, 2131261071, 80]
[1150193783, 4294967295, 80]
[1311214603, 3771550074, 65535]
[588335397, 2131276857, 65535]
[868249423, 4294967295, 43302]
[2495775326, 4294967295, 11513]
[868249366, 4294967295, 80]
[3125531277, 4294967295, 53]
[1264678793, 1118496235, 65535]
[3182584630, 4294967295, 26908]
[908676465, 4294967295, 53718]
[1511330620, 2819595738, 65535]
[957972899, 3341173491, 80]
[2424701629, 4294967295, 46764]
[1546580936, 1304334418, 65535]
[2500393645, 3125531806, 65535]
[3173602582, 4294967295, 80]
[2247093542, 4294967295, 80]
[2599225889, 4294967295, 49834]
