268
-160
-1776
169
-1133
-668
103
-94
1962
273
-1903
-1282
1743
892
13857
-4260
-574
2940
-9692
-1829
1217
26742
-3839
-1389
-70
-1749
151
-1338
122
1508
-3303
528
-462
4620
-310
161
-1412
-8822
245
558
-680
777
-512
-1321
-130
1637
-1129
-401
533
2518
-1939
648
7949
206
-731
698
856
515
5501
-2378
-843
532
730
23357
293
-636
237
8756
608
441
1552
-5191
-638
-1152
-17116
1051
-4220
511
685
53
-2145
1227
13180
996
-958
4130
-2908
1600
400
-373
-71
-6502
-830
-48
1038
-246
-1661
-371
5937
-964
-65
6433
183
-219
-664
-98
-860
6616
750
-453
-1164
9813
2368
-320
-1519
9847
-323
-727
156
25
-2261
-53
-23
-2178
588
2291
3674
379
-1728
-995
221
-523
-432
1459
-8794
-814
368
573
31
-368
-780
1498
90
-320
674
-182
-385
343
597
524
718
2090
-131
-225
-7581
-665
-1578
-874
-1259
-1499
1700
1676
519
-1689
-637
177
-1249
217
141
-1962
-633
-3232
-1622
-374
843
707
179
483
-342
-511
-488
867
795
2858
1969
-1863
540
-136
-1129
-230
-411
-1465
5073
-574
-1155
2877
-1688
-684
81
-451
108
1080
1103
658
-2979
-831
-6559
2208
-4121
1119
143
1425
419
-836
-2211
-338
-2100
-223
2679
465
-286
617
-72
-9
-6162
95
41658
-1004
9562
4414
449
-337
1335
-313
294
-2777
1967
-514
-233
-2507
2682
90
2304
-464
-1943
787
8674
378
-1338
-1301
2268
327
-1184
-845
-2265
72
12809
294
-168
-33
-179
-3378
-326
-955
442
-756
-748
178
6315
3887
74
-623
1819
-642
90
556
-191
327
-182
-7025
170
701
7774
-225
12
172
1438
-1580
-190
208
-829
61
-517
2
648
-287
-319
-489
223
615
224
378
-39
-227
-2
-55
-1602
-3184
-1546
-62
-1436
-1328
101
-2651
-284
482
-1404
535
-390
89
19580
-410
-97
106
1794
-970
116
21330
-249
-1996
498
-536
-1349
-244
-1383
-2848
826
-3990
594
-26
-737
267
12
-115
1089
-1258
-1141
507
-433
-816
-262
1110
407
17452
-707
-647
534
-220
351
2164
-1731
-2473
1161
-11
-3628
762
-127
-1622
1426
-345
-1189
-8
-164
-346
3524
485
-6
244
667
-492
608
1457
257
-1206
-2219
10604
-76
-832
39297
-4914
-1890
1150
689
-316
233
2201
-94
760
443
-289
656
3859
-1436
1123
959
-524
-876
3581
-1784
-2267
869
1747
-270
-673
2066
-1566
-1979
662
-757
-20
307
769
346
-345
-4650
-191
-1183
-493
-233
718
-1169
688
-1412
6066
2311
-158
1699
-41
306
-595
3437
2811
-265
313
12232
-2508
431
194
3149
-141
232
-1710
1111
8833
-180
-173
3396
566
638
1306
354
297
-6022
-3197
470
6547
624
109
-702
450
-1060
-1721
-1981
-493
751
112
-700
388
410
3506
-81
-923
-1127
-372
1790
579
-4738
2263
4644
518
-137
398
1507
47
-1543
292
-1791
-2620
-244
-936
-348
-2763
10007
833
-800
307
-502
-391
181
500
-244
58
-1152
-84
-1287
947
4408
-259
-424
1588
689
299
689
-290
-707
-158
-42
-4009
129
215
-157
-3502
-423
759
-3207
-1573
-70
-4203
81
-2044
545
3111
314
6507
-106
-1445
-1970
1428
-208
-2611
-432
-200
514
-2573
767
28
1327
-22
3217
-252
-276
-573
2967
251
-1383
-1267
-220
-184
-281
-144
512
-504
-234
1383
5662
-5496
-395
2660
-634
-111
116
-707
-311
-2365
1093
-282
-2388
-893
299
-6271
-6379
-701
208
6124
610
-1250
-192
-1175
140
-4723
-610
-1024
1904
1944
-982
-5323
206
-738
-120
1386
811
96
35
1072
-1229
-537
122
-1078
398
223
3038
-1094
561
-744
1224
453
1132
-1836
-230
-566
-92
-3011
-13537
-553
191
713
129
923
315
268
189
3473
-771
1019
-516
-268
11
-151
243
907
69
-38
2089
-1081
1123
-4161
1177
68
-14
-3884
1397
-1246
-1499
-253
-3442
471
-592
152
-484
-84
-1206
597
572
1146
-1280
4356
226
1471
-598
844
-382
2143
-144
-2378
143
4965
-1096
-157
202
2671
450
289
-1476
-368
1234
-46
-331
118
-263
341
337
957
1615
1083
1278
-444
-249
-685
2751
-35
-2595
994
-223
6325
87
747
1006
53
-1979
-406
1614
318
41
409
-1896
2536
-499
383
-1947
-1473
249
-267
-900
65
-1971
-1959
1889
-2083
102
1545
-454
234
-170
-348
-807
300
-15481
619
-1079
-4886
2530
-6562
-8150
750
304
709
633
-3553
456
-450
161
-658
-1185
-353
-267
-9
1040
-857
236
4239
-339
-2473
-2573
-240
398
-830
-113
-83
-340
-229
926
-69
-174
581
170
-166
-397
1459
-647
578
-229
-718
144
-25
647
1180
-906
3165
-67
5991
440
1712
545
-319
-11488
-1329
-15593
513
-90
-1027
3447
109
-2142
1328
460
-197
2257
562
-495
886
905
-8026
1002
1196
-796
280
-898
10580
-194
226
2040
-894
-680
-329
220
-2606
351
2147
494
-3935
1098
101
172
498
-1070
-2401
6492
1716
92
-135
874
317
-6772
-75
2249
317
30
1762
701
-920
-345
191
1263
1787
263
790
545
2888
1963
701
843
235
1670
1321
-2271
864
353
-91
4274
-575
528
-700
-602
2513
-2346
-1288
-148
-286
-175
-2982
1029
-266
1370
485
-333
-137
157
-1397
-579
-821
-1228
-29
-487
1519
2313
16349
-421
-1324
-725
767
-530
-335
-109
96
-59
-7
2486
130
1512
-840
-1621
707
530
343
-307
1090
112
-1048
404
-776
-199
1096
604
268
-447
1314
-206
1160
-809
-855
580
297
-26
38425
142
-943
-10765
146
-7793
3143
-15
563
-500
63
-242
1632
-174
564
386
-255
122
-238
654
304
-113
-231
-1999
7854
-756
-697
269
7284
-2332
1214
2162
3516
-10
-4030
674
1850
-321
-1015
-4125
411
-502
1793
1415
-5734
1172
-1427
-407
-68
-1991
-255
-1182
-1155
388
1078
-959
-1187
-1672
28
-5
760
-259
23
-898
261
1015
-927
-865
-1406
1330
67
-670
-320
-471
263
-474
-671
-821
-87
-122
-518
1205
-4069
150
-337
-1552
-7026
-994
-2431
-9942
-2218
956
170
326
-1335
223
-1124
233
192
-1930
2305
5675
744
-769
-979
-55
825
3351
-19
-2555
10246
1071
-2286
1050
13680
-391
173
24
6804
1564
5713
823
429
-21034
336
-454
114
-263
23
6020
1461
-255
-1804
539
205
20808
-418
36
218
-142
106
-2202
467
4127
189
434
-58
-694
799
-286
-2583
-108
-326
-312
176
-2942
-2453
-360
667
309
150
1621
174
-181
-353
-697
-371
2805
-437
-4349
-385
708
-3556
-533
-8277
217
123
164
-396
841
-194
769
-571
48
-1174
-9531
-78
219
1965
197
607
-38
8102
338
2
1897
-361
-58
-2411
-31
693
1546
-5
-180
1731
1398
2014
-784
-863
-89
1
1760
-2561
-9671
-539
-401
674
2045
374
-290
1176
260
4224
-1209
-344
1672
-646
-1477
-2870
2350
-251
-1950
-264
3
-120
-345
-413
256
-1521
-6721
-329
1502
-115
5334
230
-1014
1975
8515
-1604
128
-605
26
249
-10420
-1011
-2390
726
-14138
-1482
-162
-5643
169
-101
-1065
548
1787
-1115
-47
1777
-252
-161
-694
426
-231
-618
-10437
381
-6418
544
203
-10160
-456
-918
193
2192
-1525
84
-365
9259
370
-301
-497
114
-1557
17
-4203
1050
329
10265
3156
1152
1442
1623
-1508
-869
1151
530
359
3596
57
-1637
-437
2354
647
106
-837
-183
-329
188
3036
105
1691
-2924
-2270
433
429
2965
1066
291
-12
-255
24
-1314
-561
-442
-3451
1209
185
-361
-9
1351
856
-119
-40
-1309
1428
356
-323
-2959
1853
-1457
-46
-1829
-1353
-164
-104
-4258
142
728
-126
69
881
31
7189
-1378
392
122
-2009
-405
70
-10318
-74
-6134
-339
316
-364
86
-1073
-3550
-551
-887
-227
1061
-49
-296
-393
295
-444
398
914
-1953
-1126
-1930
-3334
570
-4197
7959
252
-1761
-36
-361
-140
-395
971
515
1601
-562
350
2451
-15490
104
841
42
-15052
-479
-2154
1306
1247
1375
1723
1142
-564
2627
-2817
-2663
-2402
720
1103
-281
763
1220
1230
2783
1466
-36
-172
-2061
1025
-139
1054
-664
37
-402
-60
-518
-1225
-6550
-4738
4855
-146
-966
-2497
94
245
1512
-394
376
2312
719
251
1935
118
1216
-937
243
12345
1339
-1222
46
-372
-668
377
1689
-649
26
-2056
295
1145
23716
2245
706
79
-2356
-411
-4192
873
-456
454
-721
489
-572
-416
-8035
-414
-2481
326
-40
3723
74
379
-607
1951
242
-349
-2356
-200
-310
-9005
7050
-12773
906
660
567
851
-53
257
1723
134
1072
-695
6493
2582
392
1365
118
-133
4974
-58
-2681
-1379
891
-77
-3720
1049
31
141
3591
795
-3
-2360
-212
2916
-834
394
-229
642
1177
-3000
-581
256
-1093
-736
-411
-1901
289
39
-245
-7385
-3323
159
1322
4
-1210
-1035
2557
2467
2129
3425
3226
-511
-8056
145
434
1332
5158
9802
-2046
-587
701
940
-279
1695
1144
56
566
-295
354
-1128
131
1535
1045
237
466
2854
418
-325
16
-67
1367
749
-610
915
-319
481
2092
-324
226
-883
2676
-98
792
1772
6079
106
-2379
-1252
-2051
560
952
251
-438
255
581
4679
-2147
3584
-289
252
238
2903
4203
-239
1016
-2007
10281
654
-117
-1021
1330
4564
174
-2170
-2620
153
-768
3143
-639
-4148
2904
6488
-1437
1332
-4370
403
-1499
148
348
974
132
-3877
-104
-196
-1504
2119
6494
-3467
-2775
-238
-3482
864
1601
215
4
7075
529
-635
807
-1311
-351
146
126
831
-138
-1251
-668
813
-1026
502
-73
530
-724
1218
-3567
-126
-19290
-1308
-758
-2109
-957
460
-423
-3651
1123
-2034
-1606
-834
-3142
-38
-681
250
-4498
-180
1670
540
28
-1161
-716
205
998
541
-344
-1786
-92
-564
304
-19835
-149
-1069
1927
-1654
-21
-1229
3411
1011
662
2879
-439
-6639
8741
-899
714
286
1200
585
2062
-1812
3803
4997
-25
777
813
-784
4909
1007
-1410
-2435
-2314
-1188
-1521
-393
204
-264
-555
-863
-810
351
-735
-3654
1390
-422
-1485
-231
854
-378
-787
-140
-1886
788
-417
-501
-266
-571
-418
43
755
-761
-1037
431
-4626
-1400
399
-95
-6364
3342
-2324
279
420
-639
1589
-1330
299
-2237
-55
-483
-192
4027
1598
176
319
-792
14187
-4570
-507
6212
-799
1618
403
-3703
1182
584
-273
-648
-416
653
322
-603
804
-478
-358
-1741
7593
54
507
1196
1229
-30
-1432
-114
-648
2318
1644
-2982
4550
982
119
357
-1436
-3233
181
2114
-656
1301
-149
-587
-1617
-143
95
-175
3567
-55
-685
-272
1167
160
-117
2265
-821
23
1621
-3332
-729
195
-988
-1197
4990
148
87
-707
3030
48
-2502
-374
43
297
27107
-1403
-207
-1625
1431
-871
-4805
-29
8123
45
484
301
141
-932
578
765
-2995
-302
615
-2413
-98
2071
-1909
-560
-1163
-9803
2139
1828
8156
2332
1576
-347
-178
-628
2077
7778
255
-3030
-267
-3205
-83
2534
-75
-73
415
-1532
340
-390
-137
-179
-722
789
389
2975
7286
1318
-1179
1073
1270
-936
1130
1894
1390
635
3771
361
1140
437
631
-6391
1570
-121
566
-1037
214
-1914
-4
-6341
3359
-3937
409
3403
-239
82
-1883
-7306
127
-807
1977
527
-1665
-1884
-479
-84
1550
-743
250
-99
-2530
324
-538
-374
1410
287
384
-5822
1503
-589
280
589
-1473
1092
-160
1109
137
-21822
-94
-446
-1640
-195
-1034
642
-16
2018
-3742
674
1019
2045
-251
641
130
-1185
150
-1769
-28
-606
619
496
897
69
-5155
543
391
-685
-2497
291
11810
-1003
492
-1855
5230
-454
85
1344
1392
-475
595
-1134
919
242
-6830
2844
1944
217
1218
3489
4260
-780
565
903
-1665
264
-782
-340
38
-6044
-148
-255
-361
-2243
-17041
-205
-1943
2664
1117
2151
-4068
-5192
279
9011
183
155
838
-428
492
918
57
5256
40
9171
-756
-89
458
779
-834
698
-1065
188
-4065
1349
7504
1900
1148
-217
-190
1811
-320
-2624
-2522
-13
289
1754
-13
20
-694
-40529
-231
-7286
436
-272
272
-816
-525
8233
-399
-236
-88
-1527
-793
-1015
-371
-64
1130
-164
897
130
395
5153
391
792
2675
-53
-58
212
1586
-615
308
-755
56
-674
1250
651
12
37
-54
-145
1593
-1273
595
147
382
-750
-432
1878
-1116
-174
250
306
1120
-452
819
-23
-413
2046
-1406
-644
12500
-795
1463
8061
-142
-3037
-488
674
32
2128
-779
96
117
-29
-268
2286
-1028
44
-270
2210
-287
281
-132
125
183
-295
1026
-196
239
-1339
-304
1868
770
712
-182
-109
1965
740
146
22
11
-1131
1167
-147
-274
2454
-57
-175
-46
718
-7826
8135
2268
-27
176
251
435
-532
1367
-40
5815
147
-258
-300
-217
-419
-853
-22
-250
146
867
-2188
295
31
-2467
-351
124
84
263
490
-501
229
365
733
-319
-635
11
784
1223
-141
10984
-1485
247
-1270
250
136
-113
-308
-427
167
448
-528
-1011
241
-6333
1768
47
-10651
-1789
-257
-167
105
-838
853
-642
376
-159
208
117
900
-259
-910
871
1544
-3188
629
420
2283
522
-125
83
-111
-6460
-145
292
219
-453
-1256
-214
420
573
-10
-1313
4826
-2166
-28
2565
-215
476
1171
370
-23101
-1049
43
272
275
1478
-363
-720
40
4965
426
-2394
11
-131
138
-68
-128
-146
-844
-718
-398
-6728
-663
-188
92
-4801
544
-227
2154
589
930
-36945
10578
158
641
104
252
-37
-452
-319
44
116
143
125
-171
-10656
2994
1762
10
341
-373
84
-526
-25
-11804
-3
-310
-8783
92
-301
-137
-4
-9
-5867
-582
-410
2165
-728
-188
-1059
124
-1224
-59
1290
-39
98
-119
-133
-3
56
86
11609
2432
142
179
-3212
5882
-197
18
-66
-474
504
0
-2460
310
3527
140
398
-113
2908
901
1657
-3928
794
1046
-97
-296
-86
11643
-132
1887
13330
45
144
1485
48
-1622
548
280
130
-576
-159
-154
612
-350
-4322
646
999
-73
53
-307
-23
988
-1654
238
-881
-832
-5995
-1473
12
-466
-1185
-2025
178
-29
-283
152
150
-338
6736
-920
-291
1431
-5058
227
1212
215
178
627
135
240
-2042
-588
-1428
64
1504
275
-3759
-20
115
-170
-50
590
-49
235
-6181
-61
-2680
91
-3
-2054
1730
1908
860
-171
40
-298
272
-130
-199
-9
-313
-1431
-464
-295
-245
-799
-1864
237
12
1916
-168
622
-641
31
439
-312
875
-101
57
-481
-627
64
-148
-5293
110
190
-109
13874
29
190
-97
128
-142
-228
530
-463
186
-690
-2164
122
634
-129
-47
-1566
-367
-1425
-949
-176
-166
-527
-87
47
-3678
-231
591
-141
-11
81
945
297
2255
200
617
730
-68
-246
-7694
-1472
361
-431
-708
320
-432
347
-1540
-2172
-264
455
-47
-36
-289
1724
-348
-2276
-5370
581
1252
-215
136
-322
3015
-461
-30
261
-424
1442
-1924
697
143
2425
-65
-55
1382
27
693
-2133
-1098
-277
-388
2830
107
-577
-369
-188
77
525
-1081
1842
-448
1380
-1589
-131
-662
-2037
-882
322
-3247
115
1348
40
631
-488
803
-194
-87
-100
-426
-125
-260
-60
-1882
-23
797
-528
-16566
-29
517
-406
-176
204
-18
-5818
-182
-364
-967
-248
221
769
-621
-698
267
83
552
-268
-586
2346
99
-20
4538
-13
-216
-81
62
-1272
29
-1105
2039
710
-2866
-371
-336
115
-591
-1298
-198
116
-92
-337
328
852
-600
103
-2874
-7003
-803
271
408
-781
1185
-59
-3997
930
7489
307
857
-35
675
137
-56
460
144
117
126
-4952
-85
-204
-1696
769
-124
497
-496
-62
-1607
371
-168
-51
-194
120
50
416
5352
-168
-190
-1764
-1051
2212
80
17
855
-965
-1301
-406
641
3396
1860
-1959
202
-1825
100
-94
-1462
111
-265
-79
-285
-1575
2417
398
-14
-2466
-694
3430
330
4180
-19169
-130
-144
122
207
20
1064
-318
447
454
-1452
-179
-405
-128
62
-77
-275
-121
-390
-268
179
-2089
68
-10818
36
-3125
210
-191
-921
-173
-2960
30
-488
-112
-288
17210
-902
475
523
-343
-14
237
-282
-651
187
-2626
871
-412
-150
108
-191
959
117
1525
-1705
-263
491
1
-6914
-271
228
881
-401
328
-2255
-491
30
741
1296
-217
1086
-249
-2196
-359
-137
-433
-450
18845
144
-1066
3
15
-485
520
54
52
-644
-861
640
1102
778
-333
-112
-623
-2442
-108
3256
-928
449
-68
20
-76
-177
240
-1574
583
-4403
-236
4426
-36
-546
-148
306
238
-105
74
-6326
44
-265
-647
-89
205
558
92
-111
-24
-131
2340
-61
-231
-143
-117
102
949
736
-169
20
-110
74
270
218
-327
37
-218
-159
-588
540
1308
-856
109
-545
-290
67
-10163
-1781
-813
2137
307
-411
279
-1559
51
-66
-168
-518
751
-1187
-523
948
716
-83
-214
-54
-284
752
1662
838
756
1010
119
330
-474
-622
-254
-1354
208
7098
48
-269
311
600
-812
-61
-73
-144
-128
-522
-59
-831
-293
-477
-181
1
-268
-5
1583
-203
346
391
3080
-882
199
417
316
2232
181
-65
-88
2529
-35
-227
-1365
-377
-183
-9
99
-2710
418
378
-36
1256
1091
-181
-207
-293
-139
-466
1622
-247
1606
795
678
-1911
175
-201
-1532
778
-70
168
181
-68
-36
-190
4444
-136
243
-26
172
-6056
1116
599
-36
-5
1068
-475
-68
1157
1837
-775
12212
-52
10542
-726
2404
54
-756
286
-985
-183
-385
-84
187
685
461
-141
-383
1659
-1236
114
-33
-38
181
-1703
250
264
-1412
99
534
3058
340
-655
-268
677
281
1096
-209
58
425
-123
-421
568
-98
442
-697
-321
272
810
258
-359
122
1391
34
-41
-921
198
-816
3711
1194
473
-77
-686
-7136
-111
934
904
394
-325
-245
93
-191
-572
70
-26
-353
434
304
1004
-158
-615
-1138
148
510
186
-2088
-120
-265
119
73
67
286
72
-124
137
-343
-3661
478
41
-86
-83
-856
-1038
-267
1816
-1536
20
-952
2869
-1116
-2464
179
774
452
-67
-385
-323
238
139
294
376
-58
-30
-296
-602
-279
812
-1341
116
-219
-231
470
4842
-105
-4284
441
303
-1163
221
683
-48
-1640
-3489
-715
335
365
-507
773
-277
184
-1825
1459
-316
591
338
-446
245
-1254
1382
319
121
239
3170
24
-428
-58
-1123
400
-185
550
106
2372
1761
88
-1894
527
3017
507
424
2917
391
73
1411
-30
314
-732
78
1002
4580
635
-1733
-141
2
1763
1359
11307
83
182
365
-357
125
-276
6419
-149
328
-234
-113
8
-527
-148
27
348
-180
-1814
-184
-124
-1495
166
10
-12
-135
-64
114
248
2
-69
12
-9746
712
67
717
-28
-192
352
280
77
-164
723
1185
584
-38630
2170
-5
-671
-642
-9759
-456
-1619
-2520
576
126
567
-443
-10918
-231
308
1513
1054
-60
-5220
51863
123
834
-230
-539
483
-57
-86
298
143
-189
329
3181
-330
-323
3521
-1780
-1670
-832
33
504
116
1271
-218
219
-25
-59
747
-221
197
453
-1298
120
1483
1472
-784
41
67
751
119
1069
185
149
5033
922
425
-161
-8
-320
-355
389
932
1102
-87
-1479
232
11
-540
-17
-1524
19
293
-948
-863
-301
-103
-602
815
128
-682
59
-282
-498
59
-3546
-562
131
-468
-722
-128
-1148
-390
19
4826
2411
-37
609
360
-18
2207
386
-1391
523
-64
-2937
-479
-1436
-5852
-3232
-47
1421
644
-59
-47
-261
444
-758
-355
-1026
2616
-313
-629
-411
379
-1818
-965
390
82
-91
8484
236
-100
-178
-1272
320
-311
753
489
-984
1932
-772
-229
43
475
-410
2665
103
-45
5529
-177
836
-1449
-151
515
-772
-266
618
2001
849
280
1173
-371
748
32
-3549
-550
196
5
383
374
155
-2044
-9
-81
4329
-246
-39
-158
1396
-280
-1034
784
98
810
-184
-764
-960
-1021
-1959
-150
1444
1997
145
-871
-740
2686
617
3344
-1620
19
-415
-47
-94
615
937
-3665
293
-256
-89
2646
289
367
-1014
549
37
-1419
-155
123
-510
-2
-936
17
15066
198
211
490
2493
-45
87
-1580
185
157
204
-413
-1691
-2369
201
655
11095
-5401
-565
-53
-190
-527
82
-98
1630
482
602
-23
954
141
-317
-983
-88
1400
202
-640
-1700
634
1254
293
797
-464
21
-360
3464
2063
-245
-451
100
-981
83
156
-802
-230
-457
227
190
5151
-154
-754
-99
6928
-451
-159
2370
-1470
-511
-3217
-479
-825
135
-476
664
-32
157
-335
-710
-573
510
226
24
1278
1438
144
-229
-168
-690
-191
-845
1219
929
-943
-14
-7462
106
217
306
39
1413
72
2628
257
-211
-269
1913
303
42
48
17
-576
-3383
-67
-634
1184
88
8
-63
-427
61
139
1178
146
469
25
-10827
264
-1093
76
235
5433
102
-53
538
-3
330
729
-100
115
-90
-245
-75
-483
1
-144
-654
326
-17
-226
-534
1045
-1565
1709
6194
24
-1605
-721
-98
401
29
-27
183
328
-94
-35
4570
-101
-255
193
-31
-491
4121
-879
3546
-186
-482
-136
-8
-1080
-111
-2685
236
1235
-169
60
-101
-34
417
-40
-72
-1039
25
1039
-274
220
-2257
97
101
2338
-36
-375
383
-1053
6395
-236
3177
272
2
1957
221
473
-87
-5
543
-220
-281
-238
-267
-15862
6883
-517
-86
-32
3570
-222
142
1438
-7477
594
219
-338
171
200
-483
-172
142
502
309
3636
8
149
1009
1093
-299
199
-439
682
5527
117
-562
-33
-160
129
-1259
-1
110
-461
3105
-125
-181
930
28
-139
5
147
-103
-1564
-1017
-497
885
1077
2627
756
-313
-252
836
268
-1205
-3920
447
-65
1939
414
-102
-207
315
318
41
514
938
57
8
-347
-49
-101
646
45
860
3
-1702
-152
-10864
-74
-612
1569
1581
-803
650
72
4614
-183
-27
22
797
-190
317
-162
-806
-441
-1232
-41
-90
459
-8
60
564
761
-1821
176
11009
282
11
-119
-73
-1468
-647
260
-294
124
1784
1539
718
-271
3573
-81
-89
-158
-3017
-560
1127
626
-69
942
439
-595
-844
-114
-374
68
3011
-36
-135
-5971
1176
8364
-371
-240
140
323
-53
271
-1559
-715
1872
32
91
-1424
660
502
452
-19
236
-168
-116
-122
-68
-426
243
-134
43
32
5457
-18
1228
3
734
-110
-17
2172
-490
504
-3637
-196
-60
-693
44
-557
-3381
-259
-42
-89
-258
71
-355
1202
-166
-3993
-848
-10
69
-1121
388
-87
15
496
-6
-682
746
-978
37
-794
-692
318
719
-859
96
98
2233
207
-46
-32
57
386
-94
-255
-181
585
-124
-3
228
4031
771
-112
826
103
25
58
-940
-471
-1889
164
138
-1036
518
1750
-397
866
-750
-39
-307
-1055
15
-533
-199
652
-773
409
3655
129
-2176
526
64
-157
174
-315
-149
-58
471
1386
-1721
283
749
-402
504
643
19
168
-640
-2
48
443
140
-79
-2296
-189
1859
-5153
270
478
-54
523
41
48
137
-81
-103
-488
295
161
95
-1606
-19
753
-16
232
-204
1828
-146
145
587
-25
-75
442
142
-24
114
-727
-585
140
-82
1518
331
381
482
-251
-239
-33
-668
50
-30
-814
-1083
-5174
-446
-1442
-1337
-397
938
1832
188
205
69
724
334
-7278
-450
-969
718
99
44
-2172
-58
27
-334
2344
200
2209
-3120
-16
-396
39
-35
255
285
2314
-1504
-52
1214
-167
-497
-2998
-193
1378
134
-162
3537
346
47
-136
-3172
-99
233
9002
-629
-264
-493
96
-234
-1072
890
-1427
-1812
937
88
148
-305
-277
296
68
2220
-74
-226
-6224
72025
-382
-19
-660
-2016
40
-537
60
262
-1415
280
310
-351
-82
4460
-18
59
509
247
129
-80
387
197
-90
247
-114
-83
-20
-22
-253
-138
-45
27
429
-116
-109
-25
180
-34
-1130
-1175
-253
728
-90
-180
-402
-168
145
-113
68
35
-120
3658
54
-939
240
12
695
327
-467
-292
-136
-293
467
-44
-97
239
140
44
714
-41
191
1092
47
874
527
144
-1496
37
648
895
-1985
2551
824
32
284
2277
137
-629
-29
126
485
67
-198
332
-718
77
126
-52
-298
-313
42
23
-55
-467
49
528
20
21
681
-2122
-372
448
31
-33
-445
-681
-299
-133
367
3527
-32
-171
-1725
300
52
56
-164
152
-95
464
28
-17
17
497
-5
963
1444
-167
-1241
-45
-1194
52
338
33
-2039
-52
-1
657
420
54
-222
-57
-17
231
40
174
-3516
-273
-35
52
564
241
-144
26
17
199
48
-32
-169
-338
-374
-116
-29
-15
2392
-104
579
-19
90
-1251
214
-92
-82
-256
5125
-145
-508
-105
-3
236
51
-91
-52
44
-101
575
131
-1523
-109
-1359
-88
-113
156
-216
267
141
-929
12
435
-219
-91
-33
77
-1459
1018
-41
126
9
-12
-1299
-1893
34
-187
-39
1496
227
223
365
-131
-4935
-845
-61
9
641
-483
255
174
-72
-403
-47
143
1326
-1
1063
144
1906
-150
414
334
-77
-59
-628
-9609
-154
-862
-174
-2122
122
40
-3
95
950
-163
22
109
-307
136
64
198
2410
-504
-48
128
1837
13
82
163
-207
-289
-183
1
166
-10521
-184
69
234
-171
291
-34
4
-213
2
-94
94
-67
-53
230
598
1799
55
2496
-7
216
-156
-31
108
198
-213
-129
-55
158
4389
13
482
12
165
-73
11
0
61
188
13
179
-126
6
97
-34
-152
-900
-49
-42
-419
66
9380
-32
-5
-3
-330
-480
-97
-594
2250
740
544
-732
-244
-127
-275
185
-33
2100
267
-96
-771
-646
-55
-215
-79
74
-5304
-37
79
102
279
59
16
346
1806
2703
182
-45
-70
-1034
84
367
39
-195
299
-2114
191
405
56
1572
-14
688
-16
21
-175
-1861
-1105
-132
72
-74
1724
122
80
-49
807
-72
-676
5301
-81
250
187
-152
-140
24
451
91
-1374
287
69
-1159
34
-159
-1137
761
47
367
5
48
83
-255
242
-54
-57
-216
-1588
144
147
127
-357
-483
18
-142
-55
-62
-117
-56
84
-7
-57
688
84
-61
41
-65
1130
11
180
-43
286
-47
-18
257
-60
-6679
186
-180
-119
33
964
86
54
-85
1204
1729
70
-23
52
-258
168
1731
0
69
-309
53
-292
-49
325
91
-94
-34
-1567
-45
-29
850
122
-753
-3286
-85
-249
-270
-162
-4068
-130
233
2081
-9
-258
2130
-1235
306
-19
-124
34
1120
-166
1630
598
-382
3160
270
-13834
-2862
1073
-116
-457
-29
-108
-41
-112
76
141
101
-181
-37
-5076
-77
-1130
1608
473
180
956
-21
-147
-138
9
7
105
-99
-128
7
-3874
-489
-65
-283
196
268
1087
158
93
27
35
127
71
-143
260
208
-205
-983
-122
-50
-490
-42
-8
41
-102
-256
-7
-35
536
-352
-121
760
49
-3693
-203
-67
415
503
67
377
-266
226
-72
50
-105
-23
66
202
69
58
-131
491
158
-35
275
56
-2322
-88
216
172
142
-40
333
-55
-1560
202
-64
25
-80
145
-55
81
1661
68
-151
8
425
1509
-732
1235
272
-654
-80
8929
-45
-6158
-54
626
-111
932
-220
-34
65
-656
-43
10
-502
-920
-295
0
-167
35
27
58
-75
41
-53
216
31
34
49
-96
239
-111
252
220
-260
-747
1218
5922
-52
-8517
-58
20
-136
-1002
-173
-703
-292
-170
-1169
186
76
-551
25154
-427
-19
-427
60
-188
-148
8069
148
69
-256
-17004
46
31
272
-570
0
-196
637
-606
-214
-33
-79
-2
-406
-1
-246
-133
150
-629
-1145
-2
132
-32
134
1485
-1440
89
-25
536
20
-57
-300
-828
1066
-91
142
-311
-153
-864
11
5511
63
392
127
18
-57
196
56
1964
-76
90
-160
-218
-38
34
130
1010
-3
355
-19
145
-25
1708
-43
46
-86
-423
7234
-242
922
958
-3509
22
-5
-565
244
69
595
-239
3115
157
864
384
-66
-78
366
156
-11
-482
-43
-510
-102
43
-47
202
-203
354
141
69
979
37
61
-108
-266
-1364
-390
247
115
-226
353
-200
973
227
157
-1918
107
179
23
-8
-88
1
-13
-241
-277
-540
211
1487
-332
-39947
-271
371
-30
-172
-1838
51
2308
-1776
602
133
-447
70
109
290
-44
-31
-1399
1620
-26
-12
188
-613
-579
65
-92
-79
7
40
148
-68
-326
906
17
2250
-706
-124
36
-179
-166
-94
20
75
38
20
-139
88
254
373
-267
31
-31
-129
-169
2271
-23
33
1500
-138
263
-128
14590
42
-204
89
64
-655
44
370
-175
152
76
-56
-129
596
-265
-77
-6
-93
-85
131
-519
130
82
-759
-9
-14492
4
-468
-47
253
-994
-1249
-169
-367
2382
66
176
16
-157
-2177
-27
44
-327
-130
-768
-8338
-464
-98
277
104
729
-976
-147
430
290
-95
135
1138
206
83
-113
2
917
316
30
77
-1191
-20
74890
239
485
-95
-1
55
-577
-212
181
440
323
-130
18
61
-196
-391
-84
356
-9
689
32
361
-24
3668
-55
-64
265
-29
-38
262
327
13
-2193
530
67
85
-34
219
-26
-50
1559
-17
-53
1934
-529
-9
-64
262
-358
-329
-1310
-45
-92
170
-57
87
-118
85
41
251
64
170
-36
-29
62
-758
45
776
-307
-149
143
831
126
52
-42
-14
-1821
382
30
402
279
12169
-579
-71
-65
139
-6893
23
70
-723
-829
-166
-3
141
-87
-283
870
-2728
185
-377
955
1020
-659
1880
-90
1617
55
49
-9
-74
176
-85
-32
243
-19534
-51
151
-506
-121
-3042
70
-1168
277
103
468
7
-31
225
-1005
-31
57
268
316
245
-8971
-38
-282
-87
-4069
-49
-226
-171
-568
-42
-66
13
-99
38
-38
-261
25
-1
12
-68
-30
36
-61
-460
2679
-866
15
-274
10
440
1229
132
40
340
2352
-491
856
190
-100
17197
173
-69
-170
98
-87
-697
19
-25
-49
9508
3356
123
-30
867
-66
98
51
-29
426
568
-5790
19
-11
466
148
-140
-102
72
-28
-4408
-181
304
238
19
-117
-471
-336
-29
48
-146
223
-535
132
136
26
-213
-833
156
-170
325
111
49
-30
-182
-53
-242
-9
-1709
1398
-90
1245
-81
-150
-122
-143
1351
697
-263
257
-109
168
-1411
-369
61
-732
764
611
-87
1190
-442
-438
52
566
8
506
-66
150
49
-130
133
-379
343
-383
-5632
27
292
276
370
-27
-312
-659
162
-4887
64
-200
-41
-132
-18
579
520
206
44
-824
1017
-76
113
-49
442
-35
-627
-49
-146
212
-486
-97
-74
-287
-286
-162
-109
-128
232
119
16
2559
16
-23
101
220
-57
-88
-925
-29
261
227
-159
15
-333
26
264
-1188
-1100
-58
178
45
-158
319
123
208
-264
135
-15
41
-657
-333
633
122
-28
70
242
-14
31
-175
1305
78
-160
-320
2761
-24
-297
-739
660
-681
-286
45
-352
-25
829
1044
-353
92
-10
-309
117
-351
156
125
-1221
323
-152
-1265
456
109
-474
-142
-181
-91
-160
811
-146
-158
-47
635
312
28
136
580
-1478
-306
82
-112
-193
-434
-782
-214
197
250
-1452
-232
1604
46
117
569
-528
253
355
343
120
146
-35
123
198
-385
-583
-69
21
27
176
-47
-82
31
506
336
-10
-136
19
-365
79
97
-32
29
-805
-121
354
20340
-894
-229
55
-14
-94
410
114
2830
19
-775
69
-318
514
490
-204
-46
886
852
106
6
235
-158
204
-35
-1503
-834
5282
49
191
-23
18
-84
-15
-23
12
885
206
-78
57
-417
-178
-267
-133
374
373
-25
54
111
1089
-970
123
-92
-512
19
32
1380
5622
-24
1995
562
46
113
64
225
33
-2034
206
-159
-141
-48
2021
-17
-62
-71
-287
-45
-2195
2223
269
-244
-73
2138
-1152
-41396
-9
84
300
75
-166
704
48
8
21
146
56
-592
7
-896
-31
426
71
-35
1245
-77
-49
-1
-3575
-29
12
107
-17
558
-1302
-39
-903
97
99
-401
-145
124
387
14
947
-107
264
5462
86
30
-45
79
72
204
876
-47
288
71
-2626
7289
-1473
-15
-338
39
-300
4559
191
130
-36
1176
252
-7363
107
-146
0
-123
32
95
-62
-17
7
-167
-774
80
-46
-154
-343
30
-3304
362
-312
-350
-2281
31
62
-141
-640
-1138
-31
364
-106
1862
24
428
-168
619
9
-292
-207
806
1375
-196
-95
-9
-233
5
-176
969
-48
0
1032
-147
18
204
-43
136
-23
36
185
-97
-182
6565
-114
-159
145
-18
456
8
-323
-95
75
515
51
-631
-776
1711
34
-1368
67
-213
-96
-110
-323
-199
1721
19
212
-1073
278
-184
4
-607
45
449
-130
1009
562
236
-285
183
-121
66
170
497
124
160
140
-244
-459
1767
-763
362
-163
-731
-1
117
288
50
-101
0
177
179
-13
23
-71
104
296
535
125
174
4
22
-507
941
-40
136
118
-361
-1510
-117
-360
-48
48
360
97
1141
201
1730
70
126
1265
-151
165
-14
262
-2795
164
619
-869
562
-1
-239
-42
-28
27
-14084
47
1117
283
-929
-109
-53
-2505
-11
-112
34
381
18
68
180
-460
99
64
126
-473
30
-81
134
-507
370
28627
-2
-103
-1446
-12
-213
89
205
27
99
29
-104
197
265
2812
-1433
214
130
-2421
159
320
-269
1295
155
-1649
-91
-75
-37
-23
-1153
-62
-282
-235
80
423
-305
-15
22
207
666
87
-104
-92
-730
-36
402
-30
-98
-19
732
235
-323
-119
-140
-158
-52
-35
-73
8410
-64
-50
132
-508
-11
66
-192
-64
-230
-57
-428
-656
-45
49
276
313
-224
-466
-111
97
53
-365
33
-67
36
78
-68
186
27
-330
1140
291
150
720
-383
-108
569
-19
-2067
-968
-4715
4
1044
-143
-382
-111
190
-10
78
1541
-37
50
-94
-171
2097
-45
164
60
79
-111
60
-93
-82
-98
-94
-461
57
-75
189
406
-104
37
-47
180
880
-36
17
52
-52
-138
-620
-92
341
408
-75
-60
-87
-146
-43
282
-155
-87
685
-148
60
135
31
-175
761
-391
-28
-254
156
235
-250
-14
-707
-998
13
251
505
13
-504
-79
-105
113
69
2303
-299
12
-46
-109
51
917
-92
112
1995
35
9
-50
56
-48
221
200
-159
370
222
-757
-714
-6
-1064
-132
-279
-8
-53
-1381
379
-2719
-350
-38
104
-93
-103
282
275
22
286
-167
-136
1347
-104
190
198
419
-271
-1384
68
18242
637
-38
-6235
159
27
-63
-51
1157
5
-193
21
-135
-147
30
-763
156
416
37
180
-59
-3311
148
-12
-134
-229
110
359
-416
331
40
-31
2319
-79
-1872
-103
707
-22
9
1161
1651
39
-1399
-1527
54
129
225
129
200
-729
23
-382
562
-474
177
-148
448
-188
14
1047
1108
-2
-464
432
-221
92
558
3337
118
52
-7
123
180
101
8
1729
148
-256
-118
812
-469
-4139
1277
9
-8
-48
-893
419
-101
710
21
-92
-133
114
653
-188
26
15
71
-24
-143
-40
3998
-271
-229
28
-1760
-285
-46
-114
679
2423
-604
66
194
53
-22
-330
53
12
-58
-178
-613
85
260
117
-152
-50
103
4
201
-84
2246
47
-27
-29
242
-535
-20
-12
2249
-667
27
-17
-57
-141
-30
-812
-65
260
-61
-105
1
-111
-21
22
-28
12
105
178
25
110
1099
-15
1033
-51
28
45
-126
-163
-14
-1000
76
22
47
17
77
-1542
-20
134
-105
23
985
-135
51
-55
61
-127
-24
-1540
170
9
-42
-18
63
-499
-66
-1194
-66
39
-20
84
-20
-13
9
20
499
-246
12
-96
-536
91
7
55
-126
-127
-261
-44
-5
-76
-45
-181
272
83
31
-294
112
-45
-108
1475
4
-86
1356
118
-92
-6
437
-227
234
-270
-12
-76
-131
-12
-24
-52
2654
107
-11
28
199
-151
23
59
3180
19
428
-210
168
-241
-97
-41
60
-30
5953
-273
89
74
-983
44
-9197
34
97
-19
-96
20
-150
924
-862
-149
98
-409
34
-132
-453
109
-39
-9
-19
-77
-49
-227
87
435
1650
-3
97
14
0
-53
-88
51
144
3216
45
44
-72
-17
3
128
-88
261
-3
49
-62
141
19
-10
-104
50
14
103
58
-201
935
-323
50
15
-2527
254
1766
300
-93
-2
-72
60
559
-73
24
-21
17
54
-206
-78
77
-102
100
-189
-183
26
67
609
31
-116
-222
222
-969
-45
27
-33
115
85
-92
1373
-50
-45
-491
-159
-60
391
-67
-13
-103
26
23
-4
92
57
-85
61
-6
9
5
13
-94
-6
160
-59
-132
25
-327
-125
70
-71
-23
134
-60
499
-111
69
49
85
-2
29
-163
-676
138
31
1727
313
-210
-110
24
77
769
1935
170
-1586
26
28
-47
140
-14
-72
35
-102
1532
327
404
4106
18
-182
-23
2244
27
-580
-29
-146
-42
47
-270
-131
131
-17
-50
40
46
-16
-33
15
12
2399
1009
-11
-116
-1002
-28
134
29
309
7
-21
-208
-283
-38
-15
-273
-1378
-11
-814
-56
-377
2280
-116
-4831
-78
-156
74
502
-5
-44
17
-54
83
-112
76
-3
1282
-893
162
-63
-354
-149
-259
-3
-24
1556
-258
86
64
-1
12
348
-120
1375
-4
12
-43
412
119
69
64
-164
-605
4
72
150
47
62
-740
13
96
71
-33
-284
57
-164
1259
280
81
-946
3
46
-141
253
47
92
-41
-26
17
-70
-43
-319
120
-18
-553
1177
88
-1148
-47
118
-84
-263
-68
10
-49
-20
-23
-15
-21
-173
-63
32
-1859
34
72
-46
-9
-34
-111
3
58
27
29
-2
-30
-98
84
54
-72
76
54
-179
34
242
-83
95
27
-143
-41
-5
94
110
69
2
-32
32
248
-365
-1433
-6
25
56
42
100
-4
2
50
301
292
-31
-271
-125
127
-140
-113
-201
-368
-239
37
-103
4
-593
-17
-146
12
255
225
-178
-212
-22
48
-25
-442
-424
-24
215
-214
-4
-167
105
-12
26
4
539
-69
-54
-1477
-2094
187
-56
-426
101
-4
52
101
11
-78
1160
2573
-1
5
-25
-53
20
3
-92
-152
-47
-4538
-15
-901
61
-130
-208
10
-18
-287
-278
-1044
-78
30
116
-70
37
-2780
498
218
-49
-411
612
-194
1
-23
-32
-880
1
19
-61
-268
17
-1139
-155
-82
-9
95
83
-150
-87
1993
24
-149
-19
269
84
-2
283
48
-390
-20
-15
223
156
89
43
694
-171
-204
-185
137
-54
-70
-76
-24
28
155
71
22
686
-292
-26
-98
-173
-4
-82
78
227
-289
-78
-147
81
-246
-6
-415
-8
98
-61
-63
198
-292
-83
-310
-176
541
975
10
-128
13
154
454
-50
-107
-35
3
-10
-113
65
217
-145
-10
-13
32
-321
7737
534
-112
-177
-20
-43
20
-80
-44
-205
75
-8
81
28
39
47
-151
211
641
-316
1041
162
-244
138
3
-11
928
144
6580
-136
-247
14
-47
-52
188
-76
41
18
42
-81
601
-18
-195
-169
244
-44
5
-375
-27
183
1211
2
-29
43
93
308
-320
188
-465
7
41
548
43
-320
-201
21
1475
172
32
556
-126
-76
256
34
75
381
66
6
33
-38
1461
13
280
-288
12
-112
14
141
740
8
-50
-195
-10
199
772
266
-790
-10
26
-443
-244
-144
-132
22
-79
-209
-567
1212
-42
-70
233
-154
13
6
18
84
6
-11
32
24
-61
80
72
-55
15
292
59
205
61
33
-63
66
83
4052
-2013
8
45
5
-10
193
-78
-2778
-262
92
97
-15
-28
-14
-25
-801
-24
970
42
29
12
28
-137
38
241
75
588
72
-1451
-16
-45
-59
99
-61
-39
2
-326
156
96
-9
7
-7
-38
528
-38
2640
34
-567
57
781
-12
-2
-3010
-80
28
57
55
-386
43
1152
-67
1122
-73
22
-38
99
23
-1
2348
-42
-23
49
-62
219
5
-25
-16
-18
0
-29
534
-1059
43
30
39
-516
7
-112
42
-178
3
-39
-1
-1125
-16
-4
476
-62
-14
47
17
16
-566
2
8
-405
90
40
-111
23
35
187
-73
-399
89
-21
-5
-116
513
23
200
-28
-14
-98
-107
-80
60
-43
117
-65
-57
-43
113
-231
3
-40
40
13
21
-97
49
618
213
133
-23
-33
190
42
88
2557
67
45
12
88
39
41
18
-2379
-384
-550
-59
-73
41
5921
-2640
36
-106
-1897
-68
-124
122
80
143
3282
139
-56
418
326
-13
80
-3
-851
6219
872
-23
-9
101
55
2351
-35
179
92
-61
69
11
230
-28
-43
133
-233
42
4
50
-5
-288
94
-9
11
-39
129
144
-13
451
98
-148
788
212
3954
-40
-113
6
-152
-107
-115
20
-489
-151
2646
-65
917
-136
42
89
20
2390
-2
112
25
170
-104
13
306
14
-213
69
-27
-32
-12
-36
16
-1
48
83
-51
64
-542
-77
935
-21
14
-122
24
-293
28
-4870
297
382
-24
-33
4
-103
611
-12
-59
-1
30
-3
-8
-62
104
46
-49
538
6
2903
-175
236
15
-77
-48
-2177
1
42
1411
77
359
1516
129
-15
66
-513
-863
-217
-91
-30
-1
-40
40
-21
-436
-42
1060
230
-972
-4
6
-215
-14
-7
-17
331
4
5
-37
-36
-80
64
-58
-7536
38
663
-57
-11
-8
263
-59
-63
6
-338
199
37
43
-65
-16
-16
-23
-30
88
190
2375
386
-51
55
-110
-34
125
28
-23
126
-1074
2
-1246
90
71
-1556
-38
-604
55
-27
-22
-307
20
26
120
208
-85
37
194
112
-3
366
-27
4
7
-45
-314
20
1066
27
21
-80
-304
-239
13
13
-2
-1
-36
31
178
-45
-48
-30
96
286
-33
3
43
-42
4248
20
-89
41491
-9
16
1481
-108
4
-332
-36
-299
-2
42
-13
-167
129
36
339
-1
-8
0
0
-37
-118
-20
-1
-793
-10
-18
3164
4870
61
77
39
43
-30
-1731
-963
137
-22
-527
-13
-17
91
91
60
-533
-1187
-565
-3
126
135
84
40
-63
351
850
683
228
-32
78
78
-27
86
3
68
-26
64
-477
133
-7
-277
-4
-91
169
-96
-29
65
45
3722
-22
-1165
6
79
33
-114
-595
61
33
1493
38
-22
-105
75
-48
-164
-82
-83
-94
-28
35
-7
38
25
-5055
-119
-271
-39
-17
2
9
5
-52
549
421
47
307
-592
-29
148
35
7
3
8
38
-84
-78
-14
115
-13
67
3
-35
-10
21
-13
-219
53
54
165
-9
35
128
-1281
15
-3
296
-171
-195
-65
-13
-128
-177
33
251
229
-135
-49
-141
-49
-76
100
-77
-125
34
165
-29
-25
-106
-14
-98
114
619
-192
33
874
-47
-14
76
15
154
37
-113
10
12
32
333
175
-117
-157
-10
1
-54
316
-66
-45
233
323
124
-49
157
-49
1
-231
-198
-13
34
22
158
-71
-143
31
28
38
46
1
-244
0
327
274
-73
795
-132
-1576
-43
-77
78
-65
261
43
-3
-5
21
-111
-12
46
-382
109
-10
-38
6
-285
-45
-153
66
-70
2
48
-2
-60
351
-50
3115
34
14
-1867
5
90
3742
-150
55
-114
-1130
118
32
298
93
10
9
-2371
54
-630
287
-518
-562
2219
409
-3
-153
38
-144
-51
2
-37
56
-30
149
-106
-3281
91
504
-28
-286
-49
-28
39
-153
45
-39
91
-677
784
-12
-19
12
155
-122
-5964
5
49
-13
216
-2795
-63
167
-2691
-1
167
14
29
63
185
-19
-74
-115
30
308
-1341
-322
114
-242
764
38
340
8
-398
32
104
-13
111
-22
5
-233
31
-74
81
27
22
-132
-35
-33
30
-20
-911
21
186
-99
-26
-30
-59
-81
214
-332
200
-4
165
-75
114
-324
2
14
-741
170
-108
-31
14
12
68
-194
-183
131
-47
37
-394
55
7
38
-23
147
-731
-50
54
88
-144
9
-44
675
31
-994
19
-53
-3
-9
-218
2348
45
2598
96
-79
-15
-182
-23
-3184
-633
140
-26
-41
97
-58
-169
20
287
2403
-1096
1272
-35
21
-105
-5
-570
-331
42
51
53
-94
54
93
-3
-138
-490
155
98
-20
834
-49
-169
666
334
31
-53
23
-70
127
0
-161
4
-23
-34
-12
-230
15
-38
13
69
-3
50
-30
-2381
80
-2597
25
-17
2451
308
-28
-110
570
-36
-514
70
-10
182
-94
60
5
25
-103
-45
-102
213
202
-337
-14
-40
9069
-385
-2533
3
-1713
-127
52
483
28
53
56
-455
-560
78
496
-26
-47
-93
-7633
105
-251
-20
-35
-39
215
-204
139
93
9
-619
-11
-397
-24
85
-18
-125
-29
-152
-250
35
75
-139
298
-21
34
402
84
-29
-72
1961
-86
15
-70
-121
-175
-44
-94
36
-35
150
105
-2
1135
-68
-207
-19
162
847
21
-277
-349
-565
64
-8
16
263
-4
8
337
-4
-41
11
450
27
22
377
-470
-49
46
-158
32
252
-98
93
66
23
-28
-159
-40
78
-34
498
31
-16
-70
-20
-28
-19
23
47
29
-23
-33
-236
-50
43
-178
34
-9
-1874
-407
802
16
-90
143
-85
115
-271
-103
18
-378
-16
-179
73
275
214
91
23
-53
16
-390
114
1537
10
27
1662
-508
-76
-61
492
-3125
220
34
-124
533
47
96
-869
106
-167
173
-54
-863
24
354
-94
-362
2
-3
-42
16
-57
7
196
150
53
96
87
114
1343
72
3432
64
-152
-31
25
192
-47
593
21
-393
4
-35
-293
-319
6331
-96
16
61
150
-21
251
-63
-37
149
9
361
-1634
304
32
-1
-4827
3
39
-286
136
-181
-1036
363
-29
-127
32
59
-595
-13743
78
496
0
-37
-272
-70
-1970
278
58
-120
-39
4
-24
-169
18
2035
24
87
-32
72
13
-1525
-21
-6
22
-740
5
1349
45
-57
-90
-335
-56
11
-66
7
43
6
-124
-207
33
-7
65
13
-99
72
53
74
159
-26
405
-25
-151
-45
-7770
43
-198
61
-959
124
-106
-77
177
-186
959
-225
-8
256
-41
-26
-150
-21
6
-27
-387
46
-162
84
69
-611
668
-71
36
79
-4
-1007
-76
-312
-96
386
345
-320
-117
-71
-101
5
-300
39
-322
146
-89
93
-540
80
979
80
-1018
7
1299
-436
-85
103
-74
81
96
-126
-27
-46
44
17
314
17
-16
31
4
5
-288
1889
-18
-131
-8
-26
-3
0
84
1
-100
-57
8
-4
-15
-28
-88
-268
-273
-22
-17
-3538
-2
2
-14
-185
17
1
-2
429
14
11
-53
11253
78
354
-397
-26
21
44
-123
-22
18
151
11
-141
90
-33
-15
8
473
281
153
31
-50
-27
5648
20
20
-6
13
110
-25
-29
-555
-21
-97
37
6
194
-14
29
-130
-2958
48
-71
61
22
-17
-9
2
269
-20
55
18
4
-39
61
-131
-14
-77
-8
-98
-27
-14
34
-23
-85
17
24
60
76
43
-139
43
264
20
4
-13
295
39
144
-28
-14
64
-28
-1114
-22
-2
47
151
31
19
8
329
5
54
-1
-127
-39
3543
80
13
-7
-558
-72
4
42
-128
3
-38
-78
-713
-3695
141
833
29
-30
-4
-219
7
305
30
28
-3
19
4
-4
61
-6
-72
4451
-9
42
149
-10
-619
972
25
-86
-154
-39
-311
46
-26
-15
3
-137
-37
0
136
29
-15
53
9
-7
19
16
-86
-56
75
21
7
14
-8
-80
24
-7
-11
143
-867
-32
-1
-13
15
-8
-10
658
-421
47
50
-33
-16
95
-13
-7
502
7
-13
-49
-130
6
288
-23
15
-2
-4
-82
64
-54
158
-61
4
99
-120
-2
16
-91
15
433
-237
196
-44
163
-20
-849
-65
33
-351
-9
460
43
-31
209
-12
-39
48
39
-52
-584
-88
32
-171
-90
23
-3
4
922
-18
-36
38
-64
-97
12
-12
-86
-14
753
99
36
-79
-58
-46
71
-571
23
11
-68
8
-29
1139
72
916
20
59
62
-26
-67
-24
23
-15
-60
17
-23
-205
4
16
8
-35
38
-47
12
-49
26
-532
-139
116
8
12
-19
-35
85
-18
67
-31
27
-25
-1
-23
14
-763
-344
106
-1592
35
-26
-17
-22
31
-39
196
230
-5
-11
-192
-1001
-8
-1258
14
33
-28
76
-43
-13
33
-74
-2184
33
-99
-103
28
15
171
-20
-31
-101
42
-3
-40
51
25
74
21
-149
240
-73
2
78
-15
-7
-43
298
-134
116
-4
40
60
48
109
-409
-43
157
3
-8
-6
-3
-17
-16
32
-12
-20
11
30
92
29
-30
-2
60
40
-35
3
351
-53
58
9
5
-5
-97
-365
-24
-43
8
-17
-288
-89
-59
85
-5
-1
-25
-9
-7
4
-9
175
-23
-9
90
-135
12
-31
17
40
4
-816
55
57
-17
-8
28
-22
-5
-2
-8
-3
-53
-25
78
39
22
-9
73
-10
-29
140
15
-228
16
-7
127
129
384
33
10
-21
-678
86
-70
62
890
-33
110
-16
29
203
211
-125
0
-531
-17
-106
-27
-16
144
564
-34
2
38
-2
-2
13
9
7
28
-9
-3
-9900
-309
43
18
44
25
-8
-16
-58
-216
112
-6
50
20
-3228
0
27
76
950
11376
125
-307
-20
-67
22
21
14
-34
-155
164
16
7
568
225
-67
-5
-74
-95
-54
-3
331
-10
10
-29
17
-12
-383
-23
-72
16
-10
2
25
15
184
-47
-31
1425
70
-49
-29
-3
4
14
167
-2
-2
306
5
-27
-32
-25
310
3
-2
1177
49
-5
305
22
-89
6
3
-3
1894
50
79
12
181
-23
-68
-18
49
-197
-47
40
47
55
-6
17
869
-4
6
-60
-100
-3
-10
-54
211
-78
5
4
-13
19
-27
-17
3
-69
-7
160
-60
3
0
20
116
56
242
35
-5
-66
66
-179
737
91
15
38
-27
0
21
18
351
-65
-10
-102
35
481
-24
64
-75
-2
-21
-11
17
-12
18
-11
-164
-29
-40
-5
-25
-27
40
-29
-47
-16
-2100
29
-21
109
1076
23
-5
81
-334
-19
-12
21
-10
-8
-102
26
-84
120
-53
-5
-111
19
-23
11
108
-38
18
240
8
-251
16
11
-780
-44
-28
41
15
190
26
-610
-334
39
38
1798
64
-15
-531
326
-32
3
31
-114
3
-56
-57
9
56
-460
-1466
-327
602
4
3
-2
-10
-5
173
-2
-10
19
5
-37
-18
-18
331
-12
2
-27
-11
23
48
24
203
2
29
-50
-761
29
-51
-285
-168
-296
-16
-3
34
1
29
-126
-85
3
-11
53
9
-76
-25
-1
-272
123
9
60
-3
-12
-15
26
25
13
35
-8
-25
-60
-26
-7
14
1
-33
-31
7
-10
46
-50
-37
20
19
5
-13
15290
13
0
0
-17
161
56
295
-61
75
-6
-48
-9
251
473
-32
-3
-43
9
67
-43
98
-51
168
-19
11
36
-2258
147
-9
-74
9
-16
28
-13
-240
-8
21
-181
15
-48
-3
-338
80
-428
-36
22
2931
49
-6
-41
254
-42
-53
14
-7
53
-56
10
226
-13087
34
11
-1
-16
46
5
182
-239
-57
-54
119
2
-1
49
-100
186
-36
8
281
205
41
1
-59
-278
65
24
15
-20
-81
6
60
16
-49
239
66
58
-312
-10
-9
-18
2
-7
16
121
48
-11
-14
-60
39
26
1493
-36
-25
51
-21
-120
110
72
107
-8
-27
10
-38
-9
-61
-41
36
14
38
-37
23
-27
-37
1200
16
-1957
-11
40
-52
-15
-12
-1
16
12
37
-9
19
15
-132
26
9
-58
-2
-46
-47
-34
13
-16
23
-42
-136
-19
-22
-16
-702
262
52
-118
270
100
48
-91
30
-6
-27
-34
32
575
42
70
-1
52
-586
-35
-96
196
3
-276
91
-26
-16
55
12
30
-187
82
-8
0
-33
-102
308
15
-101
1705
14
-11
3
-192
69
7376
-29
-15
100
-21
-3749
-257
39
445
234
-24
-46
-134
-148
-86
-8
21
-387
-384
20
-49
61
-108
31
566
33
588
399
50
212
14
-209
104
40
2967
-6
18
1
-10
-10
11
60
74
-122
336
24
-1049
-4
75
7
-276
-18
170
-116
-99
-321
-13
-55
32
125
163
-47
5
-41
-28
744
-33
-8
-8
17
-29
30
-410
45
11
-17
-20
-18
14
-338
-3
42
49
-77
-29
-11
-11
115
-128
3
44
-31
-13
121
-1
-13
-932
-38
6154
-48
21
-462
-48
-29
-7
-2
11
19
-23
-15
-20
-11
368
72
326
24
2
178
12
28
-77
-49
4
1229
-65
-125
10
20
0
-405
-38
48
8
-19
-75
12
-38
53
872
-45
6
-625
-154
34
-31
-24
106
265
32
-4
-24
80
-3
-20
-182
20
127
-7
-11
-23
-17
19
-4
-48
231
-224
-74
-5
2
6990
-12
47
-7
-21
-3
14
-45
6
29
148
-523
-153
-79
11
7
-75
6
29
29
-116
50
38
165
-8
-61
344
10
-26
10
-3
116
-20
-70
4
484
-9
127
-1
44
27
125
-219
11
-80
-28
-22
-32
-2
-291
11
6
658
-1
28
68
-147
-18
35
-6
820
-48
5
41
31
11
0
19
-58
-53
9
-67
-382
-23
31
52
-26
233
16
31
1465
-66
63
-43
-74
121
14
-77
-80
-9
22
-43
-143
25
-10
1286
-6
30
51
-59
-252
22
62
-2
34
-32
44
34
17
-27
2
3
-501
9
-20
38
-16
-42
16
-1
-10
-53
11
-44
0
24
129
140
22
50
371
-49
-6
-45
6
30
-33
47
-7
-788
17
0
42
237
-36
85
-47
-16
-210
20
-18
31
30
-1049
-30
44
15
192
21
-28
-252
54
-2
385
-94
442
-28
175
-9
2
356
14
73
4
-171
67
-1434
-232
-521
53
-33
-63
-48
-12
-26
-30
30
26
-14
-5
11
47
5
40
-40
11
-63
4
20
58
-62
-41
-37
-13
25
-39
10
926
-65
-4
-24
53
17
432
33
-6
5
26
-20
57
169
4
610
-76
-45
18
21
-242
19
-339
35
608
-4
-21
62
-59
121
48
-4
-3
10
59
-641
229
7
17
-65
19
-29
6
-943
73
2
14
19
143
69
70
7
-129
-147
37
115
22
-29
11
-20
-45
-1495
-172
-42
-33
14
1
-23
49
16
44
83
-68
-50
-56
-34
14
249
12
-73
49
-9
-18
38
-35
-15
27
-18
-15
-15
232
-9
86
6
-9
-214
70
-98
-18
-154
10
17
13
3
164
-153
-15
-73
72
68
-23
-364
-17
3
-178
68
-169
-57
-12
-17
75
3
113
-4
0
88
-26
104
-220
194
-72
214
-30
16
-179
5195
21
575
4657
-17
-77
-17
128
22
-47
-31
21
-14
24
-39
-187
39
434
-41
248
111
-147
-920
-28
-1
1
31
-24
-9
125
22
7
-32
-54
5
56
-192
104
326
-48
-57
32
41
-11
78
123
16
28
-16
-81
4
-133
3
-38
-16
-426
29
18
11
-9
-33
464
-3
-17
-3093
7
380
-14
-172
-13
36
92
18
40
18
-4
-11
55
-15
-20
21
-16
-295
-34
-22
-426
-1110
-208
28
4
26
59
-2
-8
-31
12
-36
45
20
76
-6
34
-237
19
-91
21
-66
-35
121
31
345
-15
34
-35
-52
-8
30
-16
-10
603
15
3
-35
-9
-127
7
-33
-18
-33
6
-61
52
759
-2
32
-45
-27
-421
-25
10216
-289
2
249
206
-367
-21
7
12
50
21
10
-46
-1
4
-157
-199
11733
-4
-11
-107
-24
144
-29
-1
466
-14
15
-67
37
2
9
35
180
-136
-295
-3
-5659
-66
32
-46
187
-40
12
188
29
26
-34
-56
48
124
21
3
84
-36
-51
-590
33
29
123
-62
11
-23
-31
-4
-24
93
123
36
0
4
183
43
-41
-45
16
-740
-27
1
36
-15
48
-62
45
56
-1295
75
73
-11
-344
-8
-3
-41
-8
75
31
47
62
-28
-35
-1294
58
35
41
254
-9
134
-57
729
142
20
1
1170
-579
-55
20
-100
-16
-22
-1
4
27
14
2
1221
41
-1004
-37
53
-75
-6
-78
49
-49
115
-1038
10
-37
-28
-71
-49
-18
1
-135
10
171
-32
21
-25
39
-181
-261
-56
16
2230
163
-2
-5
99
-294
-5
32
1
1087
-25
1619
-4
-10
5
55
-108
640
-33
-209
95
245
5759
65
-294
-7
105
42
78
1
2
0
-170
11
-29
33
-1
-24
-260
-261
-19
33
-11
-2
-72
50
32
-124
-63
-117
-56
-189
36
28
-6
1
132
-30
-11
16
-8
2
-904
736
21
-29
89
-139
87
38
11
30
-14
-3
380
5
18
20
-54
14
11
-15
-30
69
192
2633
33
-41
-11
-23
-5
152
166
-294
101
8
72
54
-47
73
-31
104
45
26
21
-12
69
-15
10
-29
-105
64
-21
14
3572
10
-41
-10
-84
-82
-12
-191
-14
-8
213
-224
-128
104
-390
-1616
103
-32
29
-5
90
-44
358
-930
-313
8
15
25
-99
-29
-378
137
52
20
-37
104
-432
22
27
-39
37
-31
-25
109
489
245
-108
37
20
0
-663
71
11
-41
50
-120
-31
-11
103
-15
453
-845
24
2
1205
-63
-43
-23
-52
9
-37
-27
-22
-103
-101
-25
37
-40
25
-29
-270
-21
32
-3
6
-38
22
21
1
-7
14
-25
-45
15
-107
-21
39
-8
-17
-9
19
-4
6
0
-7
10
34
-11
-34
5
-56
13
205
0
181
15
8
31
5
52
-4
13
29
21
117
-1203
-96
28
0
-20
-4
-15
49
7
1
52
0
-2
5
0
-3
-2
-65
-4368
32
-16
-17
95
51
-2
-20
0
-33
42
11
0
-8
-5
18
-9
10
-9
-1482
-1
47
-58
23
23
-1
5
-14
-5
-7
7
13
1
-153
27
-2
-25
-25
-8
-3
18
2
-20
-4
1
-10
34
-19
4
50
-52
13
-816
3
-16
32
-160
-20
-1
17
-15
-9
-27
103
-59
12
-4167
-83
-2
0
-30
-5
-2
-5
-13
260
75
8
23
-41
-7
11
-33
-1
5
20
-9
-1275
9
6
3
-4
-2
145
-41
522
-99
16
6
44
-26
-9
-3
-5
13
179
-30
30
-36
-6
5
10
-3
-45
0
11
13
-1
49
-8
0
-52
-15
20
-1
-1
32
-15
2
-22
-14
7
-7
-3
16
1
-8
116
52
-91
-48
3
13
18
20
-55
-3
-26
-11
27
-186
-38
6
-25
-10
-20
-35
2
7
-1
-219
-56
-6
24
8
80
1
-42
-38
-612
-4
6
3
1
-13
15
-8
-14
-4462
-32
-80
190
185
-41
55
-5
-12
28
23
11
2
-42
-7
71
-69
3
-17
44
-54
19
11
40
-4
2
30
226
-3
-11
10
-53
0
-406
31
100
44
1
83
8
3
-14
-19
2
20
110
-1870
-14
0
20
27
-23
3
39
33
9
-9
0
-39
13
-620
162
-5
-368
-4
-62
19
1
18
-14
103
-6
1
-58
-27
0
13
-47
17
9
-13
1
5
-14
-24
247
4
-25
-7
5
-5
58
2
550
12
44
-1
-19
-16
-1
0
-4
-33
-4
-29
-22
-26
19
1
-104
-32
10
5
4
32
153
-4
43
-4
14
2
14
24
4
7
107
-4
12
79
-211
-2
-4
9
21
50
-21
30
0
-2
-15
2
-20
23
161
0
-33
4
13
28
19
-9
-6
71
-3
30
50
8
18
2
-10
-11
16
239
21
4
23
327
3
175
3
9
2
-3
681
-8
-4
11
-6
6
31
-40
-613
-3
140
-94
-86
-48
3
25
254
264
-4
-198
-67
-24
-233
24
97
-1
-110
42
-13
10
4
14
-8
-16
53
108
-5
-8
-6
-50
2
-7
-1
0
-25
-7
45
2
-2
-14
5
-15
-2
-95
5
-69
-19
-32
-4
-13
26
92
1
-15
-1
2
42
3
0
127
-1
-37
-16
14
-130
-23
-66
2
2
-9
-810
-3
-4
0
-7
-4
-2
-39
-4
127
31
334
-28
316
17
-455
-9
5
-2
-21
-1725
9
-85
-1
-24
-92
-275
-59
-35
17
38
-14
7
1447
3
-6
44
-2
-542
-91
-4
1548
0
8
2
42
3
-12
4
-32
-8
7
-105
-142
1
-3
13
12
79
108
12
-4
-12
-11
14
22
27
-3
-5219
-303
-12
-40
-217
-94
-2
-24
43
5
-299
-4
28
1
-18
6
2
18
-30
-7
15
-53
1
5
-8
41
-2
118
62
-30
8
-6
-8
48
-8
4
-11
-26
2
0
44
63
1
18
-5
64
11
2
33
-3
-45
-13
5
2
15
15
-23
16
5
-5
14
4
81
-16
-9
1
-6
-273
-16
5
-13
1
-49
0
0
0
6
7
1
25
9
14
-34
28
-459
26
606
-948
-5
-2
-405
8
-82
-9
64
-49
24
-2
22
1
-9
-4
-46
19
-67
-29
-13
31
-23
6
-47
-287
-5
-93
-12
-22
-32
-3
-3
26
17
-48
-181
2
0
2
-12
-20
-3
31
-40
1
2
8
-1
165
9
10
-326
21
-1
36
14
1579
87
34
1
34
-42
-11
-3
-2
-14
-29
2
-42
3
5
-41
26
-13
45
-194
5
-31
100
-63
-26
44
-1364
-23
-4
63
30
4
-20
131
-6
16
-1
-61
20
-31
13
462
-1
-6
0
-3
1
1
2
-25
-9
-30
-21
4
-18
-36
488
-3
-46
-21
-18
18
-231
0
23
3
0
-14
74
100
-23
-31
3
1464
-13
-6
-7
-7
0
6
5
4
-83
481
-23
-4
-43
60
453
1
-4
5
-9
1
-6
50
7
266
-122
7
-3
-6
8
13
-815
-86
16
11
-121
2
52
-19
3
3
-12
0
-25
-88
-7
-6
-40
24
51
1
-5
-4
-4
-507
-5
2
24
-8
13
-14
-4427
121
31
-133
-21
15
-140
28
15
23
-18
-25
33
-2
2
-4
-9
5
-1
-2
22
127
2
104
-3
24
-24
-15
-7
-16
7
-1
3
431
-2
22
3
2
-272
28
8
-23
86
91
1
22
15
256
48
-39
-9
9
-590
-5
15
129
89
-6
4
-9
17
23
14
35
31
18
-26
-336
-5
-839
-10
16
5
0
10
10
-2
-24
12
15
9
-4
-11
-3
-1
30
-21
9
-37
-50
205
-27
-46
-1878
27
-34
-7
1
2
-30
-16
-26
14
-456
34
-117
-1138
29
29
5
1
3
19
4
-3
13
73
-3
0
-239
-2
-95
-123
-167
-14
272
-10
102
-10
-13
517
-17
-71
14
-4
2
-9
-21
-21
-1
-2
-22
-3
-6
20
-1493
-28
636
-8
-6
-16
-13
-24
21
-1
18
4
-60
23
-5
26
0
-39
23
-5
213
-4
31
-24
-3
5
-27
1
160
-50
-374
18
0
-6
-7
3
1
-12
-7
-53
-56
2
-19
6
-27
47
5
-3
-22
-34
-16
2
14
9
1
-6
114
-47
-10
-137
18
5
-19
-16
-3
-41
10
-42
-17
774
5
-10
-26
42
-23
-12
-15
9
114
-173
7
-2
684
18
14
20
-41
-7
6
7
3
-96
-2
-20
-45
-39
-27
1885
-10
245
27
-54
-12
15
40
-6
103
157
27
-7
-301
10
-25
8
-39
0
-10
-18
56
1
17
-565
0
8
-135
-15
-12
5
-127
28
-33
4
12
15
-61
-8
94
26
9
-8
-7
27
-19
-538
147
-3062
-3
-29
10
73
-8
11
56
-45
7
10001
51
-54
-2
2
12
-8
-5
-4
-5
1
-4
35
8
-34
-18
-1037
16
-3
-6
6
16
90
-2
6
10
-7
-15
18
-11
11
12
30
18
-1
-1
0
48
19
0
-49
-7
23
31
-33
-2986
-18
26
0
8
-1
-5
-24
-384
701
9
12
55
-2008
2
-11
-55
-32
12
-7
-6
4
-27
9
62
2
-21
-14
-37
4
92
2
6
19
-28
154
-3
-7
47
-51
-13
3
-30
88
-49
9
3
33
-19
3
146
96
0
-114
13
-14
27
-27
-161
84
-32
-85
20
14
824
-42
13
94
21
15
0
-25
134
61
2
-7
-20
10
9
35
-676
61
-6
21
17
102
-3
-27
-31
-5
61
4
8
-90
8
-6
6
-31
34
8
-12
-27
-138
944
-2
-15
17
-1
-19
-1379
-6
0
-16
-1
-154
-2
-166
0
181
35
1
-39
-9
-3
81
0
-1293
-6
-148
64
7
13
0
-2
-615
-13
24
-5
-23
0
-20
69
9
57
-9
2
0
0
-4
-14
-9
41
-15
1
160
15
-48
-1
-36
14
132
-5
-99
-2
-13
-47
-18
26
56
-87
-8
-2
215
600
-20
38
6
-6
-4
15
-5
3
-11
-1
-10
13
30
-5
-10
-17
-17
-4
-24
-12
-3
-19
9
13
-164
26
-6
-22
-8086
-18
391
2
10
4
-40
-1
-73
-36
-9
-65
184
0
13
-38
-42
17
-632
-51
-59
50
-34
165
-15
-758
6
-26
-7
-9
215
-12
-44
-11
7
-2
367
15
2
-82
-111
-13
96
-8
3480
-3
17
50
29
-4
-265
-31
10
1
-1
-8
-295
3
10
-3
0
148
-40
-17
-7
-463
27
6
224
10
-1
-10
-88
-1
12
645
-12
-6
-1
-318
-12
-2
17
10
15
32
95
472
13
-10
57
-24
148
-13
27
-68
42
-25
-25
16
1009
25
4
-3
-29
350
42
-31
-680
-33
-399
10
-50
-1
-43
-8
-36
60
-51
-1
1
0
435
-1
-86
7
-1051
-9
-3
-375
1
-11
-55
-5
49
-8
-10
-29
-1525
31
-112
-8
6
-20
-51
11
149
-36
-8
-42
8
-16
1
-32
-19
-1
19
-15
-4
-15
17
-2
-46
0
1633
95
8
-75
-18
35
-37
0
-21
-5
0
-26
1
5
-6
-5
-8
0
-8
31
0
-85
81
4
-3
16
4597
6
-7
22
76
-64
-4
-30
22
12
-22
5
-18
-16
-14
174
21
-622
21
15
-170
0
52
2
-6
-1
-293
6
-6
91
25
2
41
48
-28
0
-12
-50
13
11
3
-7
-13
147
-3
2
166
-4
356
-91
-4
-5
12
-3
-5
-5
-20
0
3
927
-5
-9
64
-11
-21
-14
-121
-1
4
7
-4
-2
5
121
-11
6
263
-250
-1
-71
-6
1
-19
0
67
20
-2
-30
5
5
-103
11
-23
-65
-6
40
0
16
-11
30
6
1
-3
0
2
-14
88
-1
-2
-25
-6
72
8
-17
32
0
23
64
88
-7
-1
14
-2
-31
4
-40
-22
28
-4
-8
6
-3
-15
171
-23
53
91
-9
-1
60
6
-7
-10
-4
-15
-7
-17
0
20
13
3
4
-40
-23
-1090
-29
-3
10
1
-23
-38
122
20
68
49
26
-121
-44
73
-3
24
3
7
2
-1
-122
-170
9
23
33
21
-13
6
4
-3
-20
-3
33
2
-19
-4
-148
-38
-49
7
2
579
-2
7
-16
-30
-23
-47
-13
50
476
5
-46
64
29
-1
-29
0
3
-39
-690
-4
-1
1010
-5
-1
25
37
-63
14
1
-15
71
0
99
8
0
-14
-273
59
-7
-14
12
-153
286
-3962
16
-22
12
-49
5
-4
0
116
-5
25
1
-344
0
-28
-7
-11
-56
-20
-3
-41
44
-8
-11
18
-24
22
0
7
-1
-3
-149
3
14
37
-14
0
-40
1
-19
348
-7
-12
-57
10
-4
1
-11
-2
-4
-8
20
-13
3
1
-4
-320
-27
-23
-2
-6
-38
-291
0
-16
-227
-20
12
-3
-11
-10
58
-11
-33
9
-28
3
3
3
-79
0
103
-21
1
-184
-3
3
45
-8
10
-3
2
9
-7
-84
68
2
10
-29
-1
94
6
-11
301
230
19
17
-21
0
-475
-5
-16
-8
-106
1747
116
57
226
-21
16
3
94
11
-14
-4
-55
-1
-23
216
36
65
-18
-20
2
-1
-30
6
-4
10
1
408
32
-19
-9
4
7
8
-39
-2822
-12
1
9
13
-7
-70
-21
-5
-34
6
-46
-34
10
-149
-9
2
8
37
19
38
2
-25
-149
48
-3
226
61
15
7
-43
-3833
-14
-12
-2
2
10
90
-47
-42
-77
-110
3
-3
-25
-24
127
7
8
0
8
-7
2
0
-14
2
-7
1
6
-6
0
-4569
-4
-42
20
36
-40
-16
2
19
-32
23
-44
-6
-8
-4
14
14
-2
0
-30
1
-10
38
-309
3
-6
-28
-38
15
-265
-26
34
-3
15
-483
6
-17
92
-44
37
-18
-29
14
-36
1
9
1
-19
2
17
19
1
-5
-3
-1
0
18
11
1
-12
2
10
2
-7
2
-12
-15
2
-78
25
-1284
-36
-244
-2
11
1
0
11
339
-16
-3
19
-1
-7
-12
1
8
-13
8
0
-17
36
-26
11
27
-3
38
4
-3
0
10
-17
2
-64
1
1
-2
-3
-15
18
3
12
14
3
4
99
32
-2
5
-53
5
0
11
1
4
-3
1
2
-4
2
-3
3
-4
42
-55
-4
-18
-38
0
-148
-1
12
-2
5
-61
0
-5
12
-29
24
-4
0
-1
-2
39
-263
108
-1
-3
-1
6
-4
12
1
0
56
8
25
-11
1
5
-4
97
11
33
13
-3
-2
-1
1
-2
-7
-20
258
0
-12
-1
3
9
-5
440
-16
1
0
-11
44
-10
1
101
-2
4
-5
-1
0
-21
2
557
6
47
-13
4
-2
1
8
-3
-12
4
-1
-57
-9
-41
5
0
-2
0
-2
0
26
1
150
-2
28
50
1
4
82
-8
-23
6
0
-12
-3
282
-13
-34
3
0
21
-16
0
0
0
5
-1
13
-14
-4
4
0
2
-4
11
0
18
0
-486
0
9
-27
131
7
-8
-92
-1
0
73
-2
11
1
0
-26
-5
17
-7
0
-3
5
32
-6
0
10
2
-13
2
18
-5
-2
5
15
0
-28
28
24
-3
-33
3
21
41
-37
45
-6
4
-3
-2
-1
-113
0
0
44
0
-10
-4
-3
12
285
24
-66
3
-12
-125
3
-2
-21
4
3
8
-6
-170
-11
0
19
-4
0
-6
-1
0
-1
28
-8
0
0
5
10
0
-25
5
-13
-64
-9
-13
-40
0
0
2
19
9
-201
36
-13
-30
-15
-2
15
-3
0
518
31
232
11
-1
-8
-4
3
17
0
-19
-3
-9
-2
-3
7
0
-6
0
11
-5
47
16
-2
-66
-6
-46
-3
0
-57
0
0
-1
1
1
-4
466
55
16
23
-3
-14
3
0
1
1
5
19
-39
-13
4
-42
-34
5
1
-17
-2
0
33
-1
1
-168
-35
-1
-4
0
70
0
-11
68
47
47
-3
-17
114
-1
-3
20
0
-5
-107
-21
-25
48
5
-5
-11
0
6
-15
3
291
0
-1
13
-1
-61
-1
269
-4
-25
4
-3
-4
21
1
7
-7
-2
0
53
-8
14
-6
-5
4
38
0
-13
-2
-2
1
-3
0
4
-2
19
0
-3
3
5
13
-15
-7
69
47
-24
0
0
4
0
23
71
-23
0
4
4
7
24
3
-3
-12
12
33
-1
49
-87
-29
-22
0
0
0
0
1
14
8
-8
-231
4
-6
5
0
24
-1
0
0
0
-2
-23
2
-47
-4
49
827
0
-1
6
-13
2
-6
0
-39
-16
5
33
-2
4
12
24
2
-1
0
-8
0
0
5
-4
10
5
21
72
6
2
5
3
-4
-29
-2
90
88
145
-14
-11
18
-6
6
-18
-6
-9
0
0
-1
7
0
42
12
-3
12
-12
2
-1
7
16
-7
22
-15
14
0
0
-3
3
0
2
-2
-84
45
4
54
12
-1
0
-4
16
2
-13
5
-5
-18
2
15
-4
-11
20
40
-9
1
-483
-1517
-1
8
578
0
-2
0
-1
-11
86
17
4
0
-4
4
-1
1
1
-22
7
8
2
-3
-4
37
5
11
-32
-1
1
0
0
4
-18
57
8
35
3
-278
20
0
33
5
-12
-2
-1
-22
9
17
-2
3
4
8
7
-13
-10
-11
-4
42
22
-16
6
-2
21
-77
-43
-3
13
12
1
0
0
0
3
-5
0
-14
-14
-24
4
-12
0
7
-5
-12
-22
0
0
3
1
-34
0
0
0
-2
-6
-3
0
-5
18
-1
1
26
37
17
13
-18
3
10
6
0
13
1534
10
0
1001
0
9
42
-95
0
-25
29
12
110
-48
58
-6
83
27
3
-88
0
14
-14
0
-7
-1
-22
-6
-44
-13
-16
10
-12
4
-2
3
-10
1
-29
15
0
3
5
7
32
11
0
2
-8
-7
0
-5
13
-23
6
-19
-1
0
18
-30
2
-3
-71
0
3
0
26
2
-7
-15
-15
-18
-3
0
3
-25
-19
-4
12
21
-2
-60
-39
-3
6
-17
3
1
0
4
4
-24
1
-3
-16
-129
21
0
-1
42
-1
3
1776
-1
15
-25
0
-19
-13
2
-1
-101
6
-2
16
14
-2
-12
-2
-43
2
-3
-12
4
0
6
-148
9
10
19
-2
-7
34
270
5
106
0
1
1
2
-2
-30
20
-21
-11
-30
3
6
2
9
-2
-214
15
0
9
0
0
-1
19
-18
-137
-2
-19
-2
15
-1
-144
-15
2
-10
0
9
0
10
75
9
-1
2
-1
0
13
37
1
6
-5
3
-5
0
0
-2
-2
-19
1
-14
1
-35
-2
2
-17
1
4
-1
-2
-3
-10
-1
2
16
-4
-4
-27
-10
-13
11
-9
-1
5
2
1
77
5
5
6
1
0
0
-5
1062
0
0
-31
2
0
2
2
-2
2
0
8
-2
-3
-11
2
0
0
-145
-1
-11
0
33
0
-17
40
0
-96
-23
20
-1
-4
-1
-2
-117
-17
4
0
24
-971
-42
111
5
0
-2
-12
102
5
1
0
1
-4
14
0
-7
0
0
14
-2
-68
13
2
-33
30
-378
5
-5
4
15
-64
4
1
-19
1
3
4
-8
-4
4
9
-22
-2
39
0
-18
14
1
-6
-21
-32
4
37
8
5
-9
2
0
32
3
5
-20
0
-2
2
-5
-17
-9
3
-22
-21
-4
0
-1
1
-18
-444
-5
-9
-4
-10
-986
-7
0
-1
-4
-5
0
-2245
3
-111
-81
-10
2
-1
-6
-21
0
-26
12
0
2
21
-1
11
1
12
4
0
0
-8
-4
14
-66
-7
-3
1
-27
3
10
-4
6
-2
2
-35
66
0
-332
-10
4
4
23
-114
-7
3
-294
16
-76
-14
11
-174
-4
2
-10
6
-6
0
1
6
0
20
4
-2
-66
6
-50
2
-1
-39
0
31
3
-26
-607
-1
13
2120
13
-36
4
-1
0
4
66
1
-3
-96
-7
0
13
-19
-12
6
97
1
27
2
4
-2
1
0
22
3
0
1
-3
-37
-1
26
-5
-15
0
-22
-1
-35
33
-20
32
-8
-4
2
43
17
-1
4
2
-12
5
-3
-1
-4
61
14
9
-6
15
0
368
229
-7
-43
-5
0
3
1
5
0
-10
-1
2
-6
0
12
-16
4040
-4
14
8
-4
-1
-5
29
-18
15
-379
-75
-6
16
1
-23
-4
33
59
-62
-6
62
-5
-2
-1
13
36
18
60
36
-1
21
0
-15
-17
15
5
-10
8
10
-1
0
125
20
0
-1
6
-1
0
-4
13
12
-5
8
0
4
3
75
-67
-1
120
6
0
43
0
-21
-1
-5
-5
7
0
-60
-17
4
-18
-10
-7
0
17
24
-5
-14
-7
-2
2
-293
-2
-2
0
4
6
-2
0
-2
0
-12
-10
0
2
0
-576
2
2
-16
14715
3
17
66
-1
1
27
-427
-48
-1
9
4
-8
-4
-78
-10
7
886
48
-20
-2
0
3
2
6
0
6
110
-2
4
0
-5
18
1
9
0
-1
1
0
9
-6
3
-34
6
-8
2
-15
-6
0
0
0
-166
21
-15
-3
66
2
9
29
19
3
0
-46
-14
-327
14
-109
1
32
-14
2
8
4
-16
4
-20
-2
2
-1
-12
-7
594
-2
0
0
3
0
0
0
-2
1
16
4
25
-2
-9
-2
2
0
-1041
6
-5
-105
-4
-1
3
1
2
23
5
18
-19
-4
-12
-2
0
-3
0
-4
-106
-1
-3
4
-3
7
1
67
4
0
5
-94
2
-623
1
-3
23
0
-13
-10
-143
4
1
-7
1
-36
14
2
46
28
0
36
28
0
-1
17
-5
-8
-9
5
0
8
2
13
-5
-53
17
107
1
30
-20
47
4
-1
3
2
3
-9
5
0
0
2
35
-1
-43
0
-6
-36
-1
10
12
-22
2
-42
-16
1
3
-1
5
10
17
-8777
-82
186
-80
0
-50
-249
-28
81
-5
-8
0
3
10
-5
-19
0
11
26
40
3
-22
-8
0
-24
16
-4
80
2
5
99
61
10
-2
-2
-3
-8
84
-9
0
-21
-3
-54
-7
-4
23
17
-1
32
-11
-17
-3
1
-7
-6
0
2
7
3
2
0
-2
5
1
0
1
-1
0
-15
5
7
-15
39
-207
-5
-3
24
-12
54
0
1
-13977
5
22
-4
0
-2
-6
-13
-6
-1
-3
1
19
-13
0
-12
4
3
30
21
37
4
773
-14
0
1
-3
-489
-4
26
67
-1
0
-19
-1
-16
1
121
-15
45
13
18
-8
7
-1
6
-10
-24
-9
-2
-43
0
-4
-5
155
-1
-36
-74
0
-7
2
16
-54
-6
0
0
0
11
1
-3
-12
-2
-60
-4
0
29
2
0
0
0
23
2
-90
-2
32
-4
-5
-277
0
9
-2
5
18
0
-1
-3
-9
3
-2
0
154
1
-11
-1
0
15
-31
5
-12
0
1
-3
0
-4
-4
-78
0
-23
-9
-14
20
0
-9
-9
-21
-6
2
-48
19
36
2
1
-61
39
184
22
2
6
-9
-182
34
-13
-25
0
0
51
0
4
-206
-1
-6
-34
13
-11
45
-1
-5
-2
0
21
220
-12
5
-6
-13
-38
-30
-11
19
-2
1
0
-4
2
6
20
-211
-133
-1
0
-1
9
2
6
0
-1
44
71
6
-3
4
2
0
6
6
-24
0
1
0
4
-1
19
-2
-2
-12
0
0
0
3268
3
19
-2
-9
1
22
16
-10
2
65
-1
-40
4
4
-2
-10
34
-7
-27
263
1
0
-2
0
17
9
0
-2
-10
12
7
2
-2
2
-25
13
18
28
0
-24
-1
-1
2
-78
81
23
0
2
-24
-9
-74
0
36
14
115
-1
-20
-19
19
-10
3
-2
-7
3
7630
9
0
11
-18
0
9
6
-2
-31
-4
-2
5
-43
57
5
-8
2
0
139
-3
-65
-9
-4
-18
60
-41
-42
0
0
4
6
0
1
-61
0
-17
-4
-16
-1318
-242
-92
62
-1
-2
-3
293
0
13
0
28
9
0
1
2
-7
0
321
345
-1
7
-11
0
54
-10
-38
1
83
12
0
-1
-672
-3
24
-61
2
-9
-1
-7
-6
10
-314
-180
4
-7
-7
0
17
-18
-2
-4
15
-10
-5
6
48
-104
6
0
14
-1
2
-1
24
0
5
80
1
-2
-2
0
6
-1
4
0
-36
3
-7
-2
-22
231
0
-7
-20
5
-73
6
2
-3
17
14
0
39
1
-24
-5
2
0
-1
0
-5
0
277
-22
-280
2
0
2
0
7
-20
86
4
-4
19
166
22
-12
-53
-11
6
0
0
-74
53
-2
94
-8
-8
0
0
27
0
0
0
-1
-9
0
0
8
0
-86
0
6
-2
-2
0
-1
0
-14
0
-5
0
18
-21
10
280
9
5
1
1
1067
15
-1
-16
-5
0
-13
0
4
0
3
0
-9
8
0
-1
9
2
17
1
4
40
-16
0
0
-14
-2
0
-1
0
0
2
0
0
0
0
0
-2
-50
-1
-1
1
3
0
-9
-7
2
0
-1
0
0
2
-4
26
-4
-20
3
4
-62
2
-1
1
5
0
0
2
-1
2
0
-106
-27
0
3
7
0
0
4
4
-1
-21
-2
0
-1
0
-13
0
-18
0
8
-8
42
-3
0
-53
0
34
-3
-8
124
7
28
-2
-2
-5
146
12
-2
-1
0
-3
0
0
-1
0
0
3
6
0
0
16
-1
4
0
-11
-3
-18
12
1
-18
-5
-16
0
4
0
29
0
1
35
0
2
-4
-1
0
-18
1
2
5
0
0
-2
7
-24
0
0
0
2
14
1
0
15
-25
-12
0
-2
-22
0
-6
0
-1
2
3
3
5
0
18
0
0
8
0
3
0
0
-11
0
2
-8
0
-8
-133
4
0
5
0
-26
22
18
-2
0
0
0
2
0
0
0
0
0
22
12
2
6
2
36
6
24
156
-12
0
-2
0
4
-4
2
0
3
0
0
1
-3
0
-3
0
0
0
1
0
-5
13
5
2
4
-14
-107
14
0
0
-1
0
0
-15
0
0
0
0
0
-22
0
0
3
0
0
0
-2
-25
17
0
1
0
54
1
-1
-10
-5
0
-15
34
0
70
0
0
-2
-3
1
-2
-15
1
4
0
21
-3
-333
0
3
0
-1
0
0
0
0
2
-10
23
0
0
2
0
-2
0
-14
-5
-2
4
0
-2
0
0
-132
-1
-12
-1
18
8
0
-6
-1
-407
12
4
-1
5
-8
0
-4
5
148
2
-7
-50
0
7
-14
0
-29
1
0
4
1
12
1
0
-1
0
-2
26
1
0
-49
0
-1
4
-7
0
-3
0
-2
3
-4
-172
33
-50
-9
1
0
10
-14
1
9
1
0
-17
1
0
69
-1
0
1
-19
1
-3
-10
0
-13
-1
0
22
100
0
1
3
1
18
-6
-28
2
9
16
13
0
17
13
2
0
0
5
-1
-2
5
0
1
0
36
0
0
26
-9
0
-128
0
0
0
0
-38
0
0
0
0
-4
0
0
-10
0
-14
0
12
0
-2
6
-11
5
0
8
4
2
-1
23
4
-16
23
2
1
5
-3
12
0
-127
-288
0
8
-6
0
-20
1
0
0
-27
0
-3
0
0
5
16
-18
0
0
0
33
0
-14
3
9
2
0
-19
25
-12
-5
28
10
-1
10
0
-64
0
0
-2
0
6
0
-1
-13
-3
4
-1
0
-3
34
0
16
3
2
35
12
6
-24
19
2
0
0
4
6
13
-7
-1785
3
6
0
1
-1
-2
-22
-14
0
0
-11
-9
-55
0
143
44
-18
0
0
-6
38
-7
120
-2
22
-30
-1
20
-3
2
0
0
33
0
0
-3
2
0
0
-19
28
0
0
0
1
-2
0
0
6
0
0
-15
5
0
-5
0
0
-1
-6
0
3
-38
1
0
1
2
-6
0
-28
15
0
0
90
-1
11
0
-18
0
0
0
1
0
44
-1
19
11
-30
0
0
-3
-1
0
0
8
-30
-4
-292
13
0
-22
0
0
4
0
2
0
0
-2
33
-1
10
9
-6
44
-2
0
0
-13
0
0
0
-1
0
-1
0
3
-4
-4
0
-1
15
2
0
0
-10
-566
0
0
0
0
51
0
24
0
-22
0
0
1
18
4
-60
1
15
-1
0
1
-16
4
6
2
0
13
-3
100
0
1
0
10
18
3
1
0
0
0
0
82
-25
-2
-10
13
16
5
0
8
-13
-32
2
0
0
1
3
-7
-8
28
0
25
0
-15
-3
0
0
33
-4
0
-7
1
81
10
0
6
-26
2
1
18
38
0
0
15
30
0
-15
0
-74
21
23
0
0
0
0
-8
-1
0
4
13
3
0
15
0
0
0
0
0
0
-2
0
2
12
0
0
-5
2
41
223
-1
27
0
0
0
320
0
18
23
29
0
1
0
0
0
-6
3
-2
-45
-28
78
1
0
-3
-11
4
-2
-7
0
18
-11
0
0
-22
6
10
0
0
0
-19
-20
-102
4
-2
48
-15
0
-5
0
2
7
-1
-7
0
-498
-4
25
100
8
2
0
10
-26
1
0
12
-2
1
13
0
43
4
-34
-4
-1
0
0
-14
0
5
-9
3
4
66
0
-17
0
-2
0
0
0
-11
1
-8
-6
189
0
0
-15
0
77
20
0
0
0
0
0
3
0
6
-3
0
0
-2
-26
-303
0
3
0
7
6
27
-11
5
0
-2
0
-5
7
0
4
4
3
-5
-1
-21
0
-6
-1
0
-27
0
0
0
0
0
7
1
2
1
40
-10
-2
-113
0
0
0
3
0
-12
-9
12
2
0
86
0
0
0
2
4
0
-8
0
0
17
-2
-15
0
0
9
7
9
25
0
0
0
-25
-1
-18
-8
-2
-3
-2
-21
6
-3
18
-8
2
830
-1
-9
62
1
7
-2
0
0
5
7
0
1
1
-8
0
-14
27
0
-24
-5
-3
0
0
11
33
5
26
0
0
-16
1
-48
-1
-1
19
50
0
1
-3
8
0
-48
-2
-2
0
-23
0
0
-80
0
2
0
0
0
0
-1
-2
2
0
-2
0
-13
1
-2
0
0
3
-5
-10
-1
0
0
0
-395
0
-51
3
-2011
16
2
0
2
0
7
2
-6
24
63
0
0
1
-49
0
0
0
63
-5
-10
-2
-507
4
-3
-1
-2
4
4
16
-18
8
1
0
12
-5
0
5
0
-1374
-1
-5
31
-10
5
2
0
0
0
14
15
0
16
7
-30
5
-66
1
-34
-67
-5
0
0
0
0
-4
-7
-5
0
-1
1
9
0
-16
0
0
-4
-1
16
0
0
0
0
3
0
-1
-6
1
-7
29
2
6
-7
4
0
0
-1
0
7
0
0
-10
4
42
14
0
-1
0
-20
0
-2
0
12
0
0
0
12
0
0
-2
-2
-4
-3
20
0
20
-11
21
-7
44
0
-1
0
-11
8
7
0
20
7
-18
-1
0
0
39
0
0
-24
1
1
0
1
7
0
0
-18
47
-12
486
-2
0
6
3
0
4
0
7
0
0
13
4
0
15
0
0
2
7
9
1
122
8
-19
5
10
0
-44
0
0
2
0
0
-5
0
4
0
0
2
-37
0
-1
6
-3
0
0
0
0
0
0
-21
0
0
-4
0
0
0
31
0
4
0
7
-6
-14
32
6
0
0
4
0
-1
-2
-21
18
0
0
6
-1
0
10
0
0
0
0
0
14
-2
-2
0
0
18
0
-8
0
0
3
0
8
-8
-10
2
1
2
-1
0
1
6
-5
0
-9
18
-1
0
-7
0
6
1
0
0
1
7
-15
0
54
1
-3
0
0
2
0
0
3
2
3
0
-21
94
0
-2
19
2
-17
-5
2
0
-39
-15
-18
-5
-2
0
-15
213
1
9
12
0
0
2
3
0
0
0
-8
58
-56
0
0
0
1
0
-19
0
-1276
1
216
0
9
14
0
-3
-6
-76
-18
0
547
6
-2
-1252
-1
2
0
42
3
3
31
7
-13
0
0
19
0
1
0
16
13
1
0
0
4
0
-11
0
-6
-2
29
-14
1
2
8
11
0
0
0
14
0
0
2
-5
2
-30
1
0
-201
-4
0
-6
-23
-4
6
0
0
-5
0
3
37
-4
3
2
-11
1
57
-1
-12
0
13
0
0
0
0
0
0
-6
0
-2
-1
-8
0
0
1
0
-36
0
17
-1
0
3
1
69
0
-3
0
0
0
0
0
-5
0
-6
0
64
1
0
9
24
0
0
-369
0
-1
0
-11
-7
15
0
0
5
10
-16
0
0
14
31
11
0
-2
264
-2
0
0
-31
6
0
-30
13
0
0
2
-14
0
0
-3
-15
-1
-1563
-7
3
-2
4
0
0
4
-19
220
0
1
0
3
1
3
0
0
0
0
0
0
8
2
0
0
331
5
19
0
0
0
-14
-392
-51
-1
-24
10
2
-12
0
0
0
-2
3
1
-69
-1
-5
-6
0
41
0
0
-10
0
1
0
3
0
7
17
0
0
14
1
5
64
-1
0
-4
2
0
19
4
0
-1
-7
0
33
5
36
-1
-15
-41
0
12
-7
0
0
0
-12
5
69
-841
2
-2
0
11
0
-3
0
16
0
0
0
-5
0
-14
746
0
0
0
10
-2
0
32
21
-10
-1
0
0
-2
270
0
-12
0
66
0
-144
-11
-3
-4
-1394
-1
0
2
-1
0
0
10
-9
-2
9
-2
-3
-3
0
43
0
-7
0
0
1
-2
0
0
-8
0
-2
-1
4
-5
-4
0
8
0
0
2
0
102
-4
-24
0
-84
5
7
0
-9
0
286
0
0
2
-6
0
0
-2
0
0
0
2
-1
0
0
0
0
4
18
-285
0
-2
-1
0
0
-2
30
-5
18
0
1
-19
-30
0
0
25
0
0
3
18
89
7
-13
0
102
-34
-17
-3
170
0
1
0
0
87
-27
-1
-6
0
-2
-2
0
-1
4
0
7
0
0
-87
0
-16
1
-3
0
3
49
-35
4
-4
-1
-1
2
2
0
0
76
2
-27
4
1
25
13
0
2
3
-29
-9
0
1
0
-8
0
86
0
-25
-133
0
0
8
0
0
0
2
60
0
-3
-3
-321
-9
0
0
-15
29
-2
0
-9
-2
0
0
0
-5
-25
-53
-25
0
0
0
190
0
-12
6
2
2
-9
8
0
17
0
3
0
0
2
0
0
-4
0
-1
11
13
0
-16
-2
-8
13
-21
42
0
-6
0
1
0
1
0
-4
5
0
1
1
23
0
-14440
24
0
0
-3
0
-2
-4
-14
0
10
-21
0
-4
0
6
-3
79
6
2
-5
2
4
-4
16
0
-5
0
0
-3
6
0
24
-2
0
0
4
0
-9
0
-76
0
-33
6
79
0
17
-31
1
-15
58
0
19
43
-9
-26
0
-1
7
0
-1
0
0
0
0
-4
0
4
23
0
0
-84
4
0
10
-7
0
1
0
7
7
-10
0
-1
0
0
1
0
-11
0
0
-21
0
0
8
-6
-48
6
0
0
8
0
-2
0
0
0
0
43
0
0
0
0
0
12
-1
0
1
0
0
0
0
0
0
0
0
10
0
0
0
0
-1
0
0
2
11
0
13
-3
0
0
0
0
-1
0
0
0
0
0
0
0
-524
0
0
-1
-1
0
0
0
0
0
17
-1
0
0
0
0
0
12
0
-7
-2
0
0
0
0
-1
-3
0
0
0
2
-21
0
0
0
0
5
-1
9
-3
0
0
0
-1
0
0
-2
1
0
0
11
53
0
-1
0
0
9
-1
0
-1
0
0
-2
-3
308
0
0
0
6
0
6
0
0
-16
0
6
5
2
0
0
27
7
97
0
0
0
0
0
0
-1
-18
0
91
0
-4
0
-15
0
0
13
0
0
3
0
-10
-1
0
0
0
0
0
-44
0
-2
-3
-1
2
0
1
-10
0
3
0
0
0
17
0
0
0
0
0
-2
-1
0
0
0
1062
1
-19
-20
0
0
0
0
0
0
0
0
-18
-12
0
0
-4
-2
0
0
0
-11
0
-289
0
-20
0
-6
0
1
0
1
7
0
-4
8
27
-22
-17
0
-15
-7
0
0
-15
4
-9
115
1
0
0
0
0
0
-27
1883
0
0
0
0
-2
0
0
0
0
33
13
1
1
-18
0
0
0
0
6
0
2
4
0
0
0
0
0
-45
0
2
10
0
0
0
0
0
0
21
0
0
0
0
0
0
0
0
0
-81
1
0
0
-2
0
0
2
4
9
-1
0
0
0
0
4
0
5
-1
-15
0
0
-7
1
-6
0
2
13
0
0
-50
-1
-5455
0
0
-249
0
0
0
0
-161
0
0
1
0
0
0
0
0
0
0
-1
-7
0
0
0
0
-25
-1
0
0
0
1
0
-1
34
0
0
21
-1
0
0
-20
0
0
76
0
0
0
0
1
-2
1
2
8
6
0
1
0
-3
0
0
0
0
0
9
0
0
0
-19
0
-14
-1
0
0
0
43
1
0
0
-1
0
-8
0
0
0
0
3
-2
0
0
-15
1
0
0
0
0
0
-200
0
0
0
-2
5
0
-1
0
-74
-11
-3
0
1
0
2
-11
0
0
0
0
-2
0
0
0
-61
0
0
0
0
0
-19
0
0
0
0
0
38
0
14
0
-1
0
0
0
0
0
-16
0
0
-34
59
0
97
0
-8
2
-1
0
0
0
0
0
-26
0
0
-1
0
0
-20
4
-2
0
5
0
-3
0
0
4
0
13
0
0
0
0
-11
0
0
2
6
0
1
0
0
0
0
0
0
0
0
0
0
0
0
0
2
-115
2
-59
0
0
0
-2
1
1
-13
0
-1
0
0
-39
0
0
0
0
0
1
3
0
0
0
0
0
0
-78
0
0
0
-2
0
0
-1
0
-9
0
0
0
2
1
0
-12
0
0
0
0
-7
-1
0
0
6
-1
0
257
-2
0
1
0
0
0
0
0
0
0
-2
0
-40
-4
0
2
0
-13
0
0
0
0
2
0
0
0
0
0
0
9
0
-6
-5
0
0
38
0
6
0
2
-65
2
0
-2
0
2
2
2
25
9
5
0
1109
0
-12
0
4
-11
0
-13
8
0
-2
-3
0
0
0
0
0
0
0
-2
-6
-2
0
0
16
-26
-1
0
1
70
3
-24
-39
0
-125
0
1
0
0
6
0
0
0
2
0
0
0
0
45
7
5
0
0
-1
0
-15
3
0
0
54
-1
0
3
0
0
40
0
0
0
1
-10
-3
1
0
2
0
-2
9
0
0
-5
0
-26
0
0
-41
13
0
-1
-3
13
-5
0
-1
2
0
-3
0
10
-4
0
2
0
26
7
11
0
0
0
3
-1327
0
0
0
0
0
0
-73
-44
0
0
1
0
0
0
0
-3
0
0
0
4
0
-12
3
8
-64
0
-2
0
0
17
0
-12
4
0
0
0
0
5
0
2
0
0
1
1
-19
10
-3
0
0
-4
0
-4
59
0
0
2
-2
0
0
0
-6
5
-1
-13
0
2
14
-23
0
-19
0
0
0
1
0
-5
0
0
-2
0
0
0
0
0
1
0
0
0
1
0
-86
0
0
17
0
0
9
14
6
13
-2
-1
0
3
0
0
0
0
0
0
0
0
0
1
0
-2
0
0
0
-45
0
0
-40
0
18
22
0
0
-2
-2
0
0
0
-2
0
0
0
0
13
0
0
2
0
-12
0
0
1
1
0
0
0
0
0
-11
-5
0
-4
0
0
19
1
-1
9539
0
0
0
-3
0
-2
270
0
-11
0
0
-291
0
1
0
2
-6
5
-3
3
3
2
-12
-1
0
0
1
-2
0
-2
0
0
0
18
16
0
0
2
0
0
3
-19
8
0
-10
0
-2
0
-4272
0
-26
0
0
-1
-2
-2
0
1
0
1
0
0
0
17
2
-3
-2
-1
0
1
0
-26
1
0
0
0
0
0
-4
-1
0
0
1
1
0
0
0
0
0
3
-3
0
0
-12
0
0
0
1
-15
-1
0
3
15
0
0
0
1
0
0
6
108
0
0
0
0
0
3
0
-8
-1
0
0
0
1
0
0
0
0
0
0
0
0
3
3
0
0
4
-3
9
17
-1
0
0
0
-3
0
0
0
0
0
3
-11
-1
0
0
14
0
-8
2
0
0
0
2
1
0
0
-5
15
0
48
0
0
0
0
0
0
0
0
2
0
0
47
14
0
0
-11
0
8
0
0
0
0
0
0
0
-2
0
2
0
0
5
0
0
2
-56
0
-1
-2
45
0
2
-4
0
0
0
0
-5
0
-1
-1
-5
-13
1
0
0
0
8
0
1
0
0
25
-183
0
-2
0
0
0
-64
0
0
-1
-16
3
0
4
0
0
0
0
0
0
-1
0
0
1
-64
0
-2
0
-42
0
1
0
1
-4
0
0
2
0
0
0
-1
0
0
-55
0
-20
0
4
0
0
5
0
0
-12
0
0
18
0
0
4
-1
2
0
-7
-2
0
0
0
15
0
-2
27
0
0
1
0
0
0
-4
0
0
-17
-1
0
0
0
0
0
0
-7
0
3
0
0
0
59
0
0
5
15
0
-12
0
0
-6
-52
0
0
80
-8
-6
-7
-2
0
0
22
0
0
13
16
-1
2
0
0
0
0
1
8
0
0
0
-8
0
0
0
0
0
0
0
0
0
0
0
1
0
0
0
0
0
0
0
14
-7
0
0
-3
0
16
0
0
0
-6
0
-1
0
-1
0
36
0
-2
0
4
0
-13
2
0
0
-1
0
0
0
0
-5
71
0
3
0
0
0
0
0
-4
-2
0
0
-11
0
0
-5
-1
0
-6
-1
-22
0
0
-1
0
-29
0
1
0
-2
5
0
0
13
0
0
0
0
0
0
4
0
0
0
0
0
0
0
0
0
-43
0
-5
6
-13
-12
3
-3
0
0
0
-1
0
0
0
-1
3
0
0
3
0
0
0
0
-1
0
-1
0
0
6
0
1
15
3
-4
0
2
2
0
0
0
0
-2
0
0
2
4
-5
0
0
0
0
19
0
-15
0
4
5
0
-2
-2
0
0
0
0
0
0
-4
0
0
1
0
0
0
1
0
3
0
0
-7
0
0
0
8
0
0
0
0
0
0
0
0
1
1
5
6
0
0
0
43
0
17
0
-7
0
0
0
0
0
0
0
7
0
89
0
0
1
0
-4
4
0
0
0
10
0
0
0
20
2
0
0
0
0
-2
0
0
0
0
0
0
0
0
0
-3
0
0
0
0
1
0
24
1
0
0
0
0
0
0
0
0
0
-1
0
0
-9
0
0
0
0
-6
9
9
-1
0
0
0
0
-1
0
0
0
0
0
0
0
0
0
0
0
0
0
0
0
0
19
0
0
-52
4
6
-10
0
0
0
0
12
0
-3
3
0
0
0
0
0
15
24
0
-1
0
0
0
-2
0
0
-1
3
10
0
0
-12
0
0
0
0
0
0
5
-11
0
0
-1
-2
0
0
3
0
0
39
0
-19
0
0
18
1
0
0
51
0
0
0
0
1
0
0
9
0
0
0
0
1
0
19
0
2
0
-2
0
0
0
-6
8
13
-6
0
0
-292
0
1
0
-1
0
-6
0
0
2
14
1
0
0
0
0
9
0
0
0
0
0
-2
5
0
0
0
12
0
0
49
0
0
1
-5
0
0
1
4
-2
-1
1
-13
8
0
-2
-6
0
-1
0
1
0
-1
0
-7
6
-1
0
-3
3
0
0
0
0
-24
0
-2
0
0
-1
0
16
0
0
-2
1
0
0
-9
-5
1
-2
0
-2
0
-142
0
-29
0
0
0
-8
1
0
14
0
16
-17
4
-1
46
0
0
-1
0
0
-291
0
0
0
18
0
0
-2
0
0
0
-2
0
-4
-187
0
0
3
0
-3
0
0
1
0
-7
11
-1
0
-3697
2
-1
0
0
0
0
0
-2
-4
0
1
0
-393
-2
10
0
2
-288
0
-39
0
0
0
0
5
-114
-6
0
0
0
0
1
0
0
0
0
-16
-60
0
-1
-5
0
1
-5
0
0
0
0
5
0
0
0
0
2
0
0
-1
2
3
0
-6
-5
1
1
-2
-2
0
0
0
1
-6
6
0
-4
0
0
-4
0
-1
-38
-2
0
-10
0
0
0
-7
0
0
0
0
0
0
0
0
0
-1
10
0
0
42
0
0
0
-1
12
87
0
0
0
0
-1
0
0
33
0
0
0
9
0
-6
1
0
-3
0
0
0
-2
29
0
3
0
0
0
3
0
0
-1
0
1
0
0
-180
1
0
0
-1
0
-73
0
0
3
-13
0
34
0
0
0
0
-1
0
0
0
1
0
0
12
0
2
0
0
0
-1
36
-6
14
-13
0
0
0
0
0
0
0
0
-13
0
19
0
-1
0
-189
2
0
0
0
-9
1
0
0
0
2
0
0
0
-30
0
0
0
0
0
-46
-21
0
0
0
-46
0
-10
2
5
2
0
0
0
0
-128
0
0
0
31
-1
0
-74
0
0
-3
11
0
0
-12
0
2
-1
0
3
0
-1
5
-1
0
-2
0
0
0
0
0
0
0
0
-40
0
0
0
0
0
14
0
-55
0
0
0
0
0
24
0
-2
0
0
0
0
0
6
0
3
0
0
0
0
0
0
0
0
0
-20
-2
0
0
0
0
-4
0
0
0
0
0
0
0
0
0
1
0
-14
0
0
0
-36
0
0
0
0
0
0
0
0
-5
0
0
0
0
0
0
27
0
0
0
0
0
0
0
12
0
0
0
0
0
0
0
0
0
0
0
0
0
0
0
0
3
-16
0
1
0
0
24
0
0
0
-6
0
0
0
0
-3
0
0
0
1
0
0
-2
-2
0
121
5
0
3
-1
35
0
0
0
0
0
0
0
0
-9
0
0
0
0
-1
0
0
0
-2
-6
0
0
0
0
0
0
1
0
3
0
0
-2
-16
0
-1
0
0
0
1
0
9
-6
0
0
0
0
0
0
0
0
0
0
0
0
0
41
0
0
8
0
0
0
0
0
0
-1
0
0
0
0
0
0
0
0
-6
2
0
0
1
-22
0
-20
0
6
-12
0
0
0
0
0
-2
0
0
0
0
0
-3
0
-1
0
-16
0
0
-14
0
0
0
3
0
0
0
0
0
1
0
0
0
0
0
0
0
0
0
1
14
0
0
0
-2
0
0
0
0
0
0
0
0
0
0
0
0
0
0
-4
0
-1
0
0
0
0
0
0
0
0
0
0
14
0
0
-2
0
0
0
0
1
0
-3
0
-2
0
-1
2
-5
0
0
-6
0
0
0
-4
0
0
0
0
0
0
0
0
0
0
-3
0
0
0
-4
-6
0
10
0
0
0
0
0
0
0
0
0
0
0
0
-1
0
0
0
0
0
0
0
0
0
0
0
0
0
0
0
0
0
0
7
0
6
0
0
1
8
0
0
0
0
0
-20
15
0
0
0
0
0
23
0
0
-5
0
0
0
0
0
0
0
0
0
0
0
0
0
-13
0
0
0
0
0
-8
0
0
0
3
0
0
-44
0
0
0
0
0
0
-3
0
0
0
0
0
0
0
0
-4
0
0
0
0
0
0
0
0
-11
0
0
0
-6
0
0
0
0
2
40
0
0
0
0
0
23
0
0
0
0
0
0
0
15
-9
0
1
0
0
0
0
1
0
0
0
0
0
0
-4
0
0
2
0
0
0
0
0
0
0
0
5
0
0
0
0
0
0
0
0
11
0
0
0
-51
0
0
0
0
0
9
0
10
0
3
0
0
0
0
0
0
0
-4
0
-6
-2
0
0
0
0
0
0
0
2
0
0
0
0
0
0
2164
0
0
0
0
0
-1
0
0
0
1
0
17
0
0
0
0
0
0
0
-8
0
2
0
0
-1
0
0
6
0
0
0
0
-2
-2
0
0
0
0
0
0
0
0
0
0
0
0
0
0
0
0
0
-10
7
0
0
0
-3
-8
0
0
0
0
0
0
0
2
0
0
0
0
0
0
2
-12
0
0
0
0
0
0
0
0
0
12
0
19
0
0
0
0
0
0
0
0
0
-1
0
0
0
0
-21
0
0
0
-5
0
0
0
0
0
0
0
0
0
0
0
0
0
0
0
0
0
0
5
0
0
-2
0
0
0
0
4
0
0
0
0
0
-5
0
0
0
0
0
0
-15
0
0
0
0
0
0
0
-12
0
0
0
-8
0
0
0
1
-3
0
0
0
0
0
0
0
0
0
0
40
4
0
-2
0
0
0
0
0
0
0
5
0
0
0
0
0
0
0
0
-1
0
0
0
0
3
0
0
6
0
0
0
2
0
0
0
0
0
306
-2
0
-7
0
0
-20
0
0
0
0
-8
9
0
0
-1
0
0
0
1645
0
2
3
0
0
0
0
0
0
1
-4
0
0
0
0
0
0
0
0
0
0
0
0
0
129
0
0
40
2
0
1
0
0
0
0
0
0
0
0
0
92
0
-6
0
0
0
0
0
0
0
0
0
0
0
-32
0
0
12
0
0
-4
32
6
0
0
0
0
0
0
0
0
0
0
0
0
0
0
0
-8
2
0
-2
0
0
0
0
0
1
0
0
4
0
1
0
0
-2
0
0
0
0
-1
0
0
74
5
0
0
0
0
0
0
0
0
0
0
0
0
0
0
0
0
0
0
8
0
-1
0
14
0
0
0
0
0
0
0
0
0
0
0
0
3
0
0
0
13
0
0
0
0
1
0
0
0
24
0
-6
0
0
0
0
0
0
0
0
0
0
0
0
0
0
0
0
0
0
0
1
0
0
0
0
0
0
0
0
0
0
0
0
0
0
0
0
0
0
0
0
-2
0
0
0
-1
0
0
0
0
0
0
1
0
0
0
0
2
0
0
0
0
0
0
0
0
2
-8
0
0
0
0
0
0
0
0
0
28
10
0
0
0
0
5
21
-4
0
0
106
1
-6
0
5
0
-9
0
0
0
0
0
0
-13
0
-18
0
0
-90
0
9
0
0
0
0
0
0
0
0
0
0
0
-6
0
0
0
0
0
-10
0
0
0
0
0
0
0
2
0
0
0
0
0
-11
0
0
0
5
-22
0
0
-6
0
0
0
0
0
0
0
0
0
-3
0
0
0
0
0
0
0
0
0
0
0
0
0
2
0
-2
0
0
0
0
-3
0
1
29
0
0
0
0
0
-1
0
0
0
0
0
0
0
0
-11
0
-2
0
0
0
0
0
0
0
0
0
0
0
-41
1
0
0
0
0
-20
0
0
0
1
0
0
-4
16
0
0
0
0
0
0
15
0
-4
0
0
6
2
0
0
0
3
0
-20
0
0
0
0
0
0
-6
0
0
0
0
0
0
0
15
0
0
3
0
1
0
0
0
0
0
0
0
0
0
0
5
0
0
0
0
0
0
-8
0
-10
-155
-7
-15
0
0
0
0
0
0
0
0
0
0
0
0
0
0
0
0
0
0
0
0
0
0
0
0
0
0
0
0
0
0
0
0
0
0
0
5
5
0
0
0
-1
0
-13
0
0
0
0
2
0
20
-7
3
0
-18
0
0
0
0
0
0
0
3
0
0
0
-21
0
0
0
0
0
0
0
0
-1
0
0
0
11
0
0
0
0
-174
0
-71
0
-1
0
0
0
0
0
0
7
0
0
0
0
0
0
1
2
0
0
-4
-4
0
-45
-14
-3
0
0
0
0
0
-11
1
0
0
0
0
0
-3
0
2
0
0
0
0
0
0
-51
0
3
0
0
0
0
-12
-5
0
0
0
0
-62
0
0
0
-13
1
0
6
0
24
0
0
0
0
0
0
0
0
0
-18
0
0
30
-16
0
0
3
0
35
0
0
1
0
-3
0
0
0
-1
0
0
0
0
0
0
0
0
0
0
0
0
0
0
0
0
0
-2
8
0
0
0
0
0
0
0
0
-9
0
-34
-1
0
0
0
0
0
0
0
0
0
0
16
0
-1
14
0
0
0
1
0
0
0
0
0
-982
0
0
-1
0
5
0
0
0
0
0
0
0
0
0
0
0
0
0
0
0
0
0
0
0
0
0
0
0
0
0
0
0
0
-30
0
0
0
0
0
-5
0
0
0
19
0
0
0
0
-1
0
0
0
0
0
0
0
0
0
0
0
0
0
0
0
-14
1
0
0
0
0
0
0
-5
0
0
-2
9
0
0
0
0
0
0
0
0
0
0
0
0
0
5
0
1
-1
0
0
0
0
0
0
0
0
0
0
0
0
0
0
0
0
0
0
10
1
-2
0
0
0
16
12
0
0
-1
0
0
0
0
3
0
11
0
0
11
0
0
0
0
1
0
0
0
0
0
0
0
0
0
0
0
0
0
0
0
0
0
5
0
0
0
0
0
0
0
0
-2
0
0
0
0
0
0
0
2
-1
0
-2
0
0
0
0
0
39
0
0
0
58
0
0
1
22
0
0
0
5
0
0
0
1
0
0
0
1
0
0
0
0
0
0
0
0
0
0
12
4
0
0
0
0
0
-13
0
0
0
2
0
2
0
0
-1
0
0
0
0
0
0
-2
0
0
0
0
0
0
0
0
8
0
0
0
0
0
0
0
0
0
0
0
0
-3
0
0
0
0
-45
0
31
0
0
0
0
0
0
0
0
0
0
0
-2
0
0
-3
0
0
0
-28
0
0
-2
12
0
0
-7
-2
-16
0
0
0
0
0
0
10
0
0
0
-5
0
6
-2
0
0
27
0
0
0
0
0
0
0
0
0
0
0
0
7
0
0
0
7
0
0
-12
0
0
-14
0
0
0
0
0
0
0
0
0
0
0
0
-4
0
-1
0
0
0
0
0
0
0
0
0
0
0
0
0
0
0
0
0
0
0
0
0
0
0
-8
0
1
0
0
0
4
0
0
0
0
0
0
0
0
0
0
0
3
0
0
0
0
0
0
-1
0
15
0
0
0
0
0
15
-16
0
0
0
-3
0
0
0
-6
0
0
3
0
0
0
0
0
0
0
0
0
0
0
-1
0
4
0
0
-9
0
-18
0
0
5
0
285
0
0
24
0
0
-4
0
0
0
0
0
0
0
0
0
0
0
0
-1
0
11
0
1
0
0
7
0
13
0
4
0
-15
0
0
0
0
0
0
0
0
0
-2
0
0
3
0
0
0
0
11
0
4
2
0
0
-49
0
-197
0
0
0
-2
0
0
0
3
7
-56
0
0
0
0
0
0
0
0
0
0
1
0
0
0
0
0
0
0
0
0
0
5
0
0
3
-12
0
-3
0
0
0
0
0
0
0
4
0
0
0
0
21
0
0
0
0
20
0
0
0
0
0
0
-1
-21
0
0
0
-4
0
0
0
0
-1
0
0
0
0
0
0
0
2
-10
4
4
0
0
-25
0
0
0
-1
0
0
0
0
0
0
-1
0
0
0
0
-1
0
-1
0
0
0
0
1
0
0
-2
0
0
0
0
-1
0
0
0
0
0
0
-1
0
0
0
0
0
0
0
0
0
0
0
0
0
0
0
0
1
0
0
-1
0
0
0
0
0
0
3
-2
0
0
0
0
0
0
0
12
0
0
0
-6
0
0
0
0
0
0
6
0
2
0
0
0
0
0
-2
0
0
0
0
0
0
0
0
0
0
0
0
0
0
0
0
0
0
0
0
0
0
0
0
0
0
-6
0
0
0
0
0
0
0
0
0
0
0
-16
0
0
0
0
0
0
0
0
0
0
0
0
0
0
0
-2
0
0
0
0
0
0
0
0
0
1
0
-10
0
0
0
0
0
0
0
0
-1
0
0
0
0
0
-11
0
0
0
0
0
0
1
-1
0
0
0
0
0
0
0
0
3
0
0
0
0
0
0
0
0
0
0
0
0
0
0
1
0
0
0
0
0
0
0
0
0
0
0
0
0
0
0
0
0
0
0
0
0
0
0
0
0
0
0
0
0
0
3
0
1
0
0
0
0
2
0
0
0
0
0
-8
1
0
0
0
0
0
0
0
0
0
0
3
0
0
0
-164
0
0
0
1
0
0
0
0
0
0
0
0
-3
0
14
0
0
0
0
0
0
0
0
0
0
0
0
4
0
0
0
0
0
0
0
0
0
0
0
0
0
0
0
0
0
0
0
0
0
-45
2
0
0
0
0
0
0
0
0
-29
0
6
1
0
0
-3
0
0
0
-2
0
0
0
0
-1
0
0
0
0
0
0
11
1
0
0
0
0
0
1
0
-2
0
0
0
0
0
0
0
0
0
0
-2
18
0
0
0
0
0
0
0
0
0
0
0
0
0
0
0
0
0
0
0
0
0
0
0
0
0
11
0
0
0
0
-7
0
0
0
0
0
0
4
0
23
0
23
0
0
0
0
0
0
0
0
0
0
1
-1
0
0
0
20
0
0
0
0
0
0
0
0
0
0
0
0
0
0
0
0
0
0
0
0
0
0
0
0
0
0
0
0
0
0
0
0
0
0
0
0
0
1
0
0
0
0
0
0
0
0
-12
0
0
0
0
0
0
-13
0
0
0
-5
0
0
0
0
0
0
0
-1
0
-69
5
0
0
19
0
-5
0
0
0
0
0
0
0
0
0
0
0
0
-4
0
0
0
0
0
0
0
0
0
0
0
0
-1
0
0
0
0
0
0
0
-2
6
0
0
0
0
0
-39
0
0
0
0
0
0
0
-1
0
0
0
0
0
0
0
0
0
0
0
0
0
15
0
0
-1
0
0
0
0
0
0
0
0
-148
0
0
0
0
0
0
0
1
0
1
-4
0
0
0
0
0
0
0
0
0
0
0
0
12
0
-7
0
0
0
0
0
-16
0
0
0
0
0
0
0
0
0
0
0
0
11
0
0
0
0
0
0
0
0
0
0
9
0
0
0
0
0
0
0
0
0
-2
0
0
0
0
0
0
0
0
0
0
0
0
0
0
0
0
0
0
0
19
0
0
0
0
0
0
0
0
0
0
0
1
0
0
0
0
0
0
0
0
0
0
0
0
0
0
-64
0
0
0
0
0
0
0
19
0
0
0
0
0
0
0
0
0
0
0
0
0
0
0
0
0
0
0
0
0
0
2
0
0
0
0
0
0
0
0
0
0
-4
0
0
0
0
0
0
0
4
0
0
0
0
0
0
0
0
0
0
0
0
-72
0
0
0
0
0
0
0
0
1
1
0
0
0
-3
0
0
0
0
0
0
0
0
0
0
0
0
0
0
0
0
0
0
0
0
0
0
0
0
0
0
1
0
0
-8
0
0
0
0
0
0
0
0
0
0
0
0
0
0
0
0
0
0
0
0
0
0
0
0
11
0
-19
0
0
0
0
0
0
0
2
0
0
0
0
0
0
0
0
0
0
0
5
0
0
0
0
0
0
0
0
0
0
0
0
0
13
0
0
0
-1
0
0
0
0
12
0
0
0
0
0
0
0
0
0
0
0
1
0
0
0
0
7
0
0
0
0
0
0
0
0
0
0
0
0
0
0
0
0
0
0
0
0
0
0
0
0
56
0
0
0
0
0
0
0
0
0
0
0
-12
0
5
0
0
0
0
0
0
0
0
0
0
0
0
-13
0
0
0
0
0
0
0
0
0
0
0
0
0
0
0
0
0
0
0
0
-10
0
-3
0
0
0
0
0
0
0
0
25
0
0
0
10
0
0
0
0
0
0
0
0
0
-2
0
8
0
0
0
0
0
0
0
0
0
0
0
0
0
-2
0
0
0
0
0
0
1
-15
-7
0
0
0
0
0
0
0
0
0
0
0
-1
-1
-15
0
0
0
0
0
0
0
0
-11
0
0
0
0
0
0
0
0
0
0
0
0
0
0
0
-29
0
1
0
0
0
0
0
0
0
0
0
0
0
0
0
0
0
0
0
0
0
0
0
0
0
0
0
-3
-3
0
0
0
0
0
-2
0
0
0
0
0
-3
-6
0
0
0
0
0
0
0
0
0
-2
0
0
0
-2
0
1
0
0
0
0
0
0
0
0
0
0
0
0
0
0
0
0
0
0
0
0
0
0
0
0
1
0
0
0
0
0
0
0
0
0
0
0
0
0
0
0
0
-20
0
2
0
0
0
0
0
0
0
0
0
0
0
0
0
0
0
0
0
0
0
0
0
0
0
0
0
0
0
0
0
0
0
0
0
0
0
0
0
0
0
2
-1
0
0
0
0
0
-6
0
0
-1
0
0
0
0
0
-2
0
0
0
0
0
0
0
0
0
0
0
0
0
0
0
0
0
0
0
0
0
0
105
0
0
0
0
0
0
0
0
0
0
0
0
-7
0
0
0
0
0
0
5
0
0
0
0
2
-1
0
2
31
0
0
0
0
0
0
0
0
0
20
0
0
0
0
0
0
0
0
-2
1
0
0
0
-1
0
0
0
-1
0
0
0
0
0
0
0
0
0
0
0
-5
0
0
17
0
0
0
0
0
0
0
0
0
0
0
-3
0
0
-2
0
0
0
0
0
0
0
0
1
2
0
0
0
0
0
0
0
0
0
0
0
0
0
-11
0
0
0
0
0
-18
0
0
0
0
0
-29
-2
0
2
0
0
6
0
1
0
0
0
0
-2
0
2
0
0
0
0
0
0
0
0
0
0
0
-2
0
0
25
0
0
0
0
0
0
0
0
0
0
0
0
0
-82
0
0
0
0
0
0
0
0
0
0
0
0
0
0
0
-15
0
0
0
0
0
0
0
0
0
0
0
0
0
0
0
-3
0
-2
0
3
0
0
0
0
0
0
0
0
0
0
0
0
0
0
-1
0
-2
0
0
0
0
0
0
0
0
0
0
0
0
0
0
0
0
0
0
0
0
0
0
0
0
0
0
0
0
1
0
0
0
0
0
0
0
-6
0
0
6
0
0
0
0
0
0
0
0
0
0
0
0
0
0
0
0
0
0
0
0
0
0
0
0
0
0
0
0
0
0
0
0
0
0
0
0
0
0
0
0
172
0
0
0
0
0
0
0
0
137
0
1
0
0
-23
0
0
0
0
0
0
0
2
0
0
0
0
0
0
0
-2
0
0
0
0
0
0
0
0
0
0
0
0
0
0
0
0
0
0
0
0
0
0
0
0
4
0
0
0
0
0
0
0
0
0
0
0
206
0
0
0
0
0
0
0
0
0
0
0
-21
0
0
0
0
0
0
0
0
0
0
0
0
0
0
-23
0
0
0
0
0
0
0
0
0
0
4
7
0
0
0
0
0
-1
0
0
0
0
0
0
-9
-1
0
0
0
0
-3
0
-6
0
0
0
0
0
17
0
0
0
0
-11
0
0
0
0
0
0
0
0
0
0
0
0
0
0
0
0
0
0
0
0
0
0
0
0
0
0
0
0
0
0
0
-13
0
0
0
0
0
0
0
0
0
0
0
-230
0
0
0
0
0
0
-2
0
0
0
0
0
0
0
0
0
0
0
0
0
0
0
0
0
0
0
7
0
0
0
0
0
0
0
0
0
0
0
0
0
0
0
0
0
2
0
0
0
0
0
0
0
0
0
0
0
159
0
0
0
0
-2
0
0
0
0
-1
0
0
0
0
0
0
-3
0
0
2
0
0
0
0
0
3
-1
0
8
0
0
0
0
0
0
0
0
0
0
0
0
0
-4
0
0
0
0
0
-5
0
-9
0
0
3
-1
0
0
0
0
0
0
0
0
0
0
0
0
0
0
0
0
0
0
0
0
0
0
0
0
0
0
0
0
1
0
0
0
0
0
0
0
0
10
0
3
0
0
0
0
-6
-13
0
0
0
0
0
0
0
0
0
0
0
0
0
0
0
0
0
0
0
-1175
0
0
0
0
0
0
0
0
-1
-17
-289
0
0
0
0
0
0
0
0
0
0
0
0
2
0
0
0
0
0
0
0
-8
0
0
0
0
0
0
0
-50
0
0
0
0
0
0
0
0
19
0
0
-7
0
0
1
0
10
0
0
0
0
0
0
5
0
0
122
0
0
0
0
0
0
-15
0
0
0
0
1
0
0
0
0
-1
26
0
-5
0
0
0
0
5
2
0
0
0
0
-3
0
0
0
0
0
0
2
0
0
0
0
-20
0
0
0
0
25
0
0
9
0
0
0
0
0
0
0
0
0
0
-2
0
0
0
0
0
0
0
0
0
0
0
0
0
-2
0
0
0
0
0
33
0
0
0
0
0
0
0
0
0
0
0
0
0
0
0
0
0
0
0
0
0
0
0
11
0
385
39
0
0
0
0
0
0
0
0
0
0
0
0
0
0
0
0
0
0
0
0
0
0
0
2
0
4
0
0
0
0
0
0
0
0
0
0
0
2
0
0
0
0
0
0
0
0
0
0
0
0
0
0
0
0
0
0
0
0
0
0
0
0
0
0
0
0
0
0
0
0
0
0
0
0
0
0
0
0
0
2
0
-14
0
0
0
0
0
0
0
0
0
0
0
0
0
0
0
0
0
0
0
0
0
0
0
0
0
0
0
0
0
0
0
0
0
0
0
0
0
0
0
0
0
0
0
-4
0
0
0
0
0
0
0
0
0
0
0
0
0
0
0
0
0
0
0
-1
3
-21
0
0
0
0
-200
0
0
0
0
0
0
0
0
0
0
0
0
0
0
0
0
0
0
0
0
0
0
0
0
666
0
0
-11
0
0
0
-6
0
0
0
0
0
0
0
0
0
0
0
0
0
0
2
0
0
0
0
0
0
0
0
0
0
0
0
0
0
0
0
-2
0
0
0
-19
0
0
0
0
0
0
0
0
0
0
0
0
0
0
0
0
0
0
0
0
4
0
0
0
0
0
0
0
0
0
0
0
0
0
0
0
0
0
0
0
0
0
0
0
0
0
-15
0
0
0
0
0
0
0
0
0
0
0
0
0
0
0
0
0
0
0
0
0
0
0
0
0
0
0
0
0
0
0
0
0
0
0
0
0
0
0
0
0
0
0
0
0
0
0
0
1
0
0
0
0
0
0
0
-6
18
0
0
0
0
0
0
0
0
0
0
8
0
0
0
0
0
0
0
0
6
0
0
0
0
0
0
20
0
0
0
0
0
0
0
0
0
0
0
0
0
0
0
0
0
0
0
0
0
0
0
0
0
0
0
0
0
0
0
0
0
0
0
0
0
0
0
0
0
0
0
0
0
0
0
0
0
0
0
0
0
0
0
0
0
0
0
0
0
0
0
0
0
0
0
0
0
0
0
0
0
0
0
0
0
0
0
0
0
0
0
0
0
0
0
-2
0
0
0
0
3
0
0
0
1
0
0
0
0
0
0
0
0
-27
0
0
0
0
0
0
0
0
0
1
0
0
0
0
0
0
0
0
0
0
0
0
0
0
0
0
0
0
0
0
0
0
-10
0
0
0
0
0
0
0
0
0
0
0
0
0
0
0
0
0
0
0
0
0
0
0
0
0
0
0
0
0
0
0
0
0
0
0
0
0
0
0
0
0
0
0
0
0
0
2
0
0
0
0
0
0
0
0
0
0
0
0
0
0
0
0
0
0
0
-12
0
0
0
0
0
0
0
0
0
0
0
0
0
0
0
0
0
0
0
0
0
0
0
0
0
0
0
0
0
0
0
0
0
0
0
0
0
-3
0
0
0
0
0
0
0
0
0
0
0
0
1
0
0
0
0
0
0
-1
0
0
0
12
0
0
0
0
0
0
0
0
0
-1
0
0
0
0
0
0
0
0
0
0
0
0
0
0
0
0
0
0
0
0
0
0
0
0
0
0
0
0
0
0
0
0
0
0
0
0
0
0
0
0
0
0
0
-2
0
0
0
0
7
0
0
1
0
0
0
0
0
0
0
0
0
0
0
0
0
0
-280
0
0
0
0
0
0
0
0
0
0
0
1
0
0
0
0
0
0
0
0
0
0
0
0
0
0
0
0
0
0
0
0
21
0
0
0
0
0
0
0
0
0
0
0
0
0
0
0
0
0
0
0
0
0
0
0
0
0
0
0
0
0
0
0
0
-30
0
0
0
0
0
0
0
0
0
0
0
0
0
0
0
0
0
0
0
0
0
0
0
0
0
0
0
0
0
-4
0
0
0
0
0
0
0
0
0
0
0
0
0
0
0
0
0
0
0
0
-1
-4
0
0
0
0
0
0
0
2
0
0
0
0
0
0
0
0
0
0
0
0
0
0
-14
0
0
0
0
3
0
0
0
8
0
0
0
0
0
0
0
0
0
0
0
0
0
0
0
0
0
0
0
0
0
0
0
0
0
0
0
0
0
0
0
-2
0
0
2
0
0
0
0
0
0
0
0
0
0
0
0
0
-29
0
0
0
0
-1
0
0
0
0
0
0
0
2
0
0
0
0
0
0
0
0
0
0
0
0
6
0
0
0
0
0
-1
0
0
0
0
0
0
0
0
2
0
0
0
0
0
0
-1
0
0
0
0
0
0
0
0
0
0
0
0
0
0
0
0
0
0
0
0
0
0
0
0
0
0
0
0
0
0
0
0
0
0
0
0
0
0
0
0
0
0
0
0
0
0
0
-1
0
0
0
0
0
0
0
0
0
0
0
0
0
0
0
0
0
0
0
0
0
1
0
0
0
0
0
0
21
0
0
0
0
0
0
0
0
0
0
0
0
0
0
0
0
0
0
0
1
0
0
0
0
0
0
0
0
0
0
0
0
0
0
0
0
0
0
0
0
0
6
7
0
0
0
0
0
0
0
0
0
0
0
0
0
0
0
-2
0
0
0
0
0
0
0
0
0
0
0
0
0
0
0
0
0
0
0
0
0
0
0
0
0
0
0
0
0
0
0
0
0
0
0
-4
0
0
0
0
0
0
0
0
0
0
0
0
0
0
0
-7
0
0
0
0
0
0
0
0
0
0
0
0
1
0
0
0
0
0
0
0
8
8
0
0
0
0
0
0
0
0
0
0
0
35
0
0
0
0
0
0
0
0
0
0
0
0
0
0
0
0
0
0
2
0
0
0
0
0
0
0
0
0
0
0
0
0
0
0
0
18
0
0
0
0
0
0
0
0
0
0
0
0
0
0
0
0
0
0
0
0
0
0
0
0
0
0
0
0
2
0
0
0
0
0
0
0
0
0
0
0
0
0
0
0
0
0
0
0
0
0
0
0
0
0
0
0
0
0
0
0
0
0
0
0
0
0
0
0
0
0
0
0
0
0
0
0
0
0
0
0
0
0
0
0
0
0
0
0
0
0
0
0
0
2
0
0
0
0
0
0
0
0
0
0
0
0
2
0
0
0
0
0
0
0
0
0
0
0
0
0
0
0
0
0
0
0
0
-2
0
0
0
0
0
24
-36
0
0
0
0
0
0
0
0
0
0
0
0
0
0
0
0
0
0
0
0
0
0
0
0
0
72
0
0
0
0
0
0
9
0
0
0
0
0
0
0
2
16
0
0
0
0
0
0
0
0
0
0
0
0
2
0
0
0
0
0
0
0
0
0
0
0
0
0
-3
0
3
0
0
0
0
0
0
0
0
0
0
0
0
2
0
0
0
0
0
0
0
0
0
0
0
0
0
-6
0
0
0
0
0
0
0
0
0
0
0
0
0
0
0
0
0
0
0
0
0
0
0
0
0
0
0
0
0
0
0
0
0
0
0
0
0
0
0
0
0
0
0
0
0
2
0
0
0
0
0
0
4
0
29
0
0
0
0
0
0
0
0
0
0
0
0
0
0
0
0
0
0
0
0
0
0
0
711
0
-3
0
0
0
0
0
0
0
0
0
0
0
0
0
0
0
0
0
0
-50
0
1
0
0
0
0
-2
0
0
0
0
0
0
0
0
0
0
0
0
0
0
0
0
0
0
0
0
0
0
0
0
0
0
0
0
0
0
0
0
0
0
0
0
0
0
0
0
-1
0
0
0
0
0
0
0
0
0
0
2
0
0
-16
0
0
0
0
0
0
0
0
0
0
0
0
0
0
-3
0
0
0
0
0
0
0
0
0
0
0
0
0
0
0
0
0
0
0
0
0
0
0
-12
0
0
0
0
0
0
0
0
0
0
0
12
0
0
0
0
0
0
0
0
0
0
0
0
-4
0
0
0
0
0
0
0
0
0
0
0
0
0
0
0
0
0
2
0
0
0
0
0
0
0
0
0
0
0
0
0
0
0
0
0
0
0
0
0
0
0
0
0
0
0
0
0
0
0
0
0
0
0
0
0
0
0
0
0
0
0
0
0
0
0
0
0
0
0
1
0
0
0
0
0
0
0
0
0
1
0
0
0
0
0
0
0
0
0
0
0
0
0
0
0
0
0
0
0
0
0
0
0
0
0
0
0
0
0
0
0
2
0
1
0
0
0
0
0
0
0
0
0
0
0
0
0
0
0
0
0
7
0
17
0
0
0
0
0
0
0
0
-2
0
0
0
0
0
0
0
0
0
0
0
0
0
-21
0
0
0
0
0
0
0
0
0
0
0
0
0
0
0
0
-123
0
0
0
0
0
0
0
0
0
0
0
0
0
0
0
0
0
0
0
0
0
0
0
0
0
0
0
0
0
0
0
0
0
0
0
0
0
0
0
0
0
0
0
0
0
0
0
0
0
0
0
0
0
0
0
0
0
0
0
0
0
0
0
0
0
0
0
0
0
0
0
0
0
0
0
0
0
0
0
0
0
0
0
0
21
0
0
0
0
0
0
0
0
0
0
0
0
0
0
12
0
0
0
0
0
0
0
0
0
0
0
0
0
0
0
0
0
0
1
0
0
0
0
0
0
0
0
0
0
0
0
0
0
0
0
0
0
0
0
0
-22
0
0
0
0
0
0
0
0
0
0
0
0
0
0
0
0
0
0
0
0
0
0
0
0
0
0
4
0
0
0
0
0
0
0
0
0
0
0
0
0
0
0
0
0
0
-1
0
0
0
0
0
0
0
0
0
0
0
0
0
0
0
0
0
0
0
0
0
0
0
0
0
0
0
0
0
0
0
0
0
0
0
0
0
0
0
0
0
0
0
0
0
0
0
0
0
0
0
0
0
0
0
0
0
0
0
0
0
0
0
-13
0
0
0
0
0
0
0
0
0
0
0
0
0
0
0
0
0
0
0
0
0
0
0
0
0
0
0
0
0
0
0
0
0
0
0
0
0
0
0
0
0
0
5
0
0
0
0
0
0
0
0
0
0
0
0
0
0
6
0
0
0
0
0
0
0
0
0
0
1
0
0
0
0
0
-9
0
0
0
0
0
0
0
0
0
0
0
0
0
0
0
0
0
0
0
0
0
0
0
0
0
0
0
0
0
0
0
0
0
0
0
0
0
0
0
0
0
0
0
0
0
0
0
0
0
0
0
0
0
0
0
0
0
0
0
0
0
0
0
0
0
0
0
0
0
0
0
0
0
0
0
0
0
0
0
0
0
0
0
0
0
0
0
0
0
0
0
0
0
0
0
0
0
0
0
0
0
0
0
0
0
0
0
0
0
0
0
0
0
0
0
0
0
0
3
0
0
0
0
0
0
26
0
0
0
0
0
0
0
0
0
0
0
0
0
0
0
0
0
0
0
0
0
0
0
0
0
0
0
0
0
0
0
0
0
0
0
0
0
0
0
0
0
0
0
0
0
0
0
0
0
0
0
0
0
0
0
0
0
0
0
0
0
0
0
0
1
0
0
0
0
0
0
0
0
0
0
0
0
0
0
0
0
0
0
0
0
0
0
0
0
0
0
0
0
0
-5
0
-2
0
0
0
0
0
0
0
0
0
0
0
0
0
0
0
0
0
0
0
0
0
0
0
0
1
0
0
0
0
0
0
0
0
0
0
0
0
0
0
0
0
0
0
0
2
0
0
0
0
0
7
0
0
0
0
0
0
0
0
0
0
0
0
0
0
0
0
-1
0
0
0
0
0
0
0
0
0
0
0
0
-18
0
0
0
0
0
0
0
0
0
0
0
0
0
0
0
0
0
0
0
0
0
0
0
0
0
0
0
0
0
0
0
0
0
0
0
0
0
0
0
0
0
0
0
0
0
0
0
0
0
0
0
0
0
0
0
0
0
0
0
0
0
0
0
0
0
0
0
0
0
0
0
0
0
0
0
0
0
0
0
0
0
0
0
0
0
0
0
0
0
0
0
0
0
0
0
0
0
0
0
0
0
0
0
0
0
0
0
0
0
0
0
0
0
0
0
0
0
0
0
0
0
0
0
0
0
0
0
0
0
0
0
0
0
0
0
0
0
0
0
0
0
0
0
0
0
0
0
0
0
0
0
0
0
0
0
0
0
0
0
0
7
0
0
0
0
0
0
0
0
0
0
0
0
0
0
0
0
0
0
0
0
0
0
0
0
0
0
0
0
0
0
0
0
0
0
0
0
0
0
0
0
0
0
0
0
0
0
0
0
0
0
0
0
0
0
0
0
0
0
0
0
0
0
0
0
0
0
0
0
0
0
0
0
0
0
0
0
0
0
0
0
0
0
0
0
0
0
0
0
0
0
0
0
0
0
20
0
0
0
0
0
0
0
58
0
0
0
0
1
0
0
0
0
0
0
14
0
0
0
0
0
0
0
-25
0
0
0
0
0
0
0
0
0
0
0
0
0
0
0
0
0
0
0
0
0
0
0
0
0
0
0
0
0
0
0
0
0
0
0
0
0
0
0
0
0
0
0
0
-17
0
0
0
0
0
0
4
0
0
0
0
0
0
0
0
0
0
0
0
0
0
0
0
0
0
0
0
0
0
0
-1
0
0
0
0
0
0
0
0
0
0
0
0
0
0
0
0
0
0
9
0
0
-2
0
0
0
0
0
0
0
0
-10
0
0
0
1
0
0
0
0
0
0
0
0
0
0
0
0
0
0
0
0
0
0
0
0
0
0
0
0
0
0
0
0
0
0
0
0
0
0
0
0
0
-1
0
0
0
0
0
0
0
0
0
0
0
0
0
0
0
0
0
0
0
0
0
0
0
0
0
0
0
0
0
0
0
0
0
0
0
0
0
0
0
0
0
0
0
0
0
0
0
0
0
0
0
0
0
0
0
0
0
0
0
0
0
0
-74
0
0
0
0
0
0
-7
0
0
0
0
0
0
0
0
0
0
0
0
0
0
0
0
0
0
0
0
0
0
0
0
0
0
0
0
0
0
0
0
0
0
0
0
0
0
0
0
0
0
0
0
0
0
0
0
0
0
0
0
0
0
0
0
0
0
0
0
0
0
0
5
0
0
0
0
0
0
0
-11
0
0
0
0
0
0
0
0
0
0
0
0
0
0
0
0
0
0
0
0
0
0
0
0
0
3
0
0
0
0
0
0
0
0
0
0
0
0
0
-2
0
0
0
0
0
0
0
0
0
0
0
0
0
0
0
0
0
0
0
0
0
0
0
0
0
0
0
0
0
0
0
0
0
0
0
0
0
0
0
0
0
0
0
0
0
0
0
0
0
0
0
0
0
0
0
0
0
0
0
0
0
0
0
0
0
0
0
0
0
0
0
0
0
0
0
0
0
0
0
0
0
0
0
0
0
0
0
0
0
0
0
0
0
0
0
0
0
0
0
0
0
0
0
0
-8
0
0
0
0
0
0
0
0
0
0
0
0
0
0
0
0
0
0
0
0
0
0
0
0
0
0
0
0
0
0
0
0
0
0
0
0
0
0
0
0
0
0
0
0
0
0
0
0
0
0
0
0
0
0
0
0
0
0
0
0
0
0
0
0
0
0
0
0
0
0
0
2
0
0
0
0
0
0
0
0
0
0
0
0
0
0
0
0
0
0
0
0
0
0
0
0
0
0
0
0
0
0
0
0
0
0
0
0
0
0
0
0
0
0
0
0
0
0
0
0
0
0
0
0
0
0
0
0
0
0
0
0
0
0
0
0
0
0
0
0
0
0
0
0
0
0
0
0
0
0
0
0
0
0
0
0
0
0
0
0
0
0
0
0
0
0
0
0
0
0
0
0
0
0
0
0
0
0
0
0
0
0
0
0
0
0
0
0
0
0
0
0
0
0
0
0
0
0
0
0
0
-10
1
0
0
0
0
0
5
0
0
0
0
1
0
0
0
0
0
0
0
0
0
0
0
0
0
0
0
0
0
0
0
0
0
0
0
-2
0
0
0
0
0
0
0
0
0
0
0
0
1
0
0
0
0
0
0
0
0
0
0
0
0
0
0
0
0
0
0
0
0
0
0
0
0
0
0
0
0
0
0
0
0
0
0
0
0
0
0
0
0
0
0
0
0
0
3
0
0
0
0
0
0
0
0
0
0
0
0
0
0
0
0
0
0
0
0
0
0
0
0
0
0
0
0
0
0
0
0
0
0
0
0
0
-1
0
0
0
0
0
-3
0
0
0
0
0
0
0
0
0
0
0
0
0
0
0
0
0
0
0
0
0
0
0
0
0
0
0
0
0
0
0
0
0
0
0
0
0
0
0
0
0
0
0
0
0
0
0
0
0
0
1
0
0
0
0
0
0
0
0
0
0
0
0
0
0
0
0
0
0
0
0
0
0
0
0
0
0
0
0
0
0
0
0
0
0
0
0
0
0
0
0
0
0
0
0
0
0
0
9
0
0
0
0
0
0
0
0
0
0
0
0
0
0
0
0
0
0
0
0
0
0
0
0
0
0
0
0
0
0
0
0
0
0
0
0
0
0
0
0
-1
0
0
0
0
0
0
0
0
0
0
0
0
0
0
0
0
0
0
0
0
0
0
0
-12
0
0
0
0
0
1
0
0
0
0
0
0
0
0
0
0
0
0
0
0
0
0
0
0
0
0
0
0
0
0
0
0
0
0
0
0
0
0
0
0
0
0
0
0
0
0
-72
0
0
0
0
0
0
0
0
0
0
0
0
0
0
0
0
0
0
0
0
0
0
0
0
0
0
0
0
0
0
0
0
-29
0
0
0
0
0
0
0
0
0
0
0
0
0
0
0
0
0
0
0
0
0
0
0
0
0
0
0
0
0
0
0
0
-10
0
0
0
0
0
0
0
0
0
0
0
0
0
0
0
0
0
-5
0
0
0
0
0
0
0
0
0
0
0
0
0
0
0
0
0
0
0
0
0
0
0
0
0
0
0
0
0
0
0
0
0
0
0
0
0
0
0
0
0
0
0
0
0
0
0
0
0
0
0
0
0
0
0
0
0
0
0
0
0
0
0
0
0
0
0
0
0
0
0
0
0
0
0
0
0
0
0
0
0
0
0
0
0
0
0
0
0
0
0
0
0
0
0
0
0
0
0
0
0
0
0
0
0
0
0
0
0
0
0
0
0
0
0
0
0
1
0
0
0
0
0
0
0
0
0
0
-2
0
0
0
0
0
0
0
0
-5
0
0
0
0
0
0
0
0
0
0
0
0
0
0
0
0
0
0
0
0
0
0
0
0
0
0
0
0
0
0
0
0
0
0
0
0
0
0
0
0
0
0
0
0
0
0
0
0
0
0
0
0
0
0
0
0
0
0
0
0
0
0
0
0
0
0
0
0
0
0
0
0
0
0
0
0
0
0
0
0
0
0
0
0
0
0
10
0
0
0
0
0
0
0
0
0
0
0
0
0
0
0
0
0
-1
0
0
0
0
0
0
0
0
0
0
0
0
0
0
0
0
0
0
0
0
0
0
0
0
0
0
0
0
0
0
0
0
0
0
0
0
0
0
0
0
0
0
0
0
0
0
0
0
0
0
0
0
0
0
0
0
0
0
0
0
0
0
0
0
0
0
0
0
0
0
0
0
0
0
0
0
0
0
0
0
0
0
0
-2
0
0
0
0
0
0
0
0
0
0
0
0
0
0
0
0
0
0
0
0
0
0
0
0
0
0
0
0
0
0
0
0
0
0
0
0
0
0
0
0
0
0
0
-2
2
0
0
0
0
0
0
0
0
0
0
0
0
0
0
0
0
0
0
0
0
0
0
0
0
0
-1
0
0
0
0
0
0
0
0
0
0
0
0
0
0
0
0
0
0
0
0
0
0
0
0
0
0
0
0
0
0
0
0
0
0
0
0
0
0
0
0
0
0
0
0
0
0
0
0
0
0
0
0
0
0
0
0
0
0
0
0
0
0
0
0
0
0
0
0
0
0
0
0
0
0
0
0
0
0
0
0
0
0
0
0
0
0
0
0
0
0
0
-3
0
0
0
0
0
0
0
1
0
0
0
0
0
0
0
0
0
0
0
0
0
0
0
0
0
0
0
0
0
0
0
0
0
0
0
0
0
0
0
0
0
0
0
0
0
0
0
0
0
0
0
-1
0
0
0
0
0
0
0
0
0
0
0
0
0
0
0
0
0
0
0
0
0
0
0
0
0
0
0
0
0
0
0
0
0
0
0
0
0
0
0
0
1
0
0
0
0
0
0
0
0
0
0
0
0
0
0
0
0
0
78
0
0
0
0
0
0
0
0
0
0
0
0
0
0
0
0
0
0
0
0
0
0
0
0
0
0
0
0
0
0
0
0
0
0
0
0
0
0
0
0
0
0
0
0
0
0
0
0
0
0
0
0
0
0
0
0
0
0
0
0
0
0
0
0
0
0
0
0
0
0
0
0
0
0
0
0
0
0
0
0
0
0
0
0
0
0
0
0
0
0
0
0
0
0
0
0
0
0
0
0
0
0
0
0
0
0
0
0
0
0
0
0
0
0
0
0
0
0
0
0
0
0
0
0
0
0
0
0
0
0
0
0
0
0
0
0
0
0
0
0
0
0
0
0
0
0
0
0
0
0
-18
0
0
0
0
0
0
0
0
0
0
0
0
0
0
0
0
0
0
0
0
0
0
0
0
0
0
0
0
0
0
0
0
0
0
0
0
0
0
0
0
0
0
0
0
0
0
0
0
0
0
0
0
0
0
0
0
0
0
0
0
0
0
0
0
0
0
0
0
0
0
0
0
0
0
0
0
0
0
0
0
0
0
0
0
0
0
0
0
0
0
0
0
0
0
0
0
0
0
0
0
0
0
0
0
0
0
0
0
0
0
0
0
0
0
0
0
0
0
0
0
0
0
0
0
0
0
0
0
0
0
0
0
0
0
0
0
0
0
0
0
0
0
0
0
0
0
0
0
0
0
0
0
0
0
0
0
0
0
0
0
0
0
0
0
0
0
0
0
0
0
0
0
0
0
-2
0
0
0
0
0
0
0
0
0
0
0
0
-2
0
0
0
0
0
0
-2
0
0
0
0
0
0
0
0
0
0
0
0
0
0
0
0
0
0
0
0
0
0
0
0
0
0
0
0
0
0
0
0
0
0
0
0
0
0
0
0
0
0
0
0
0
0
0
0
0
0
0
0
0
-50
0
0
0
0
0
0
0
0
0
0
0
0
0
0
0
0
0
0
0
0
0
0
0
0
0
0
0
0
0
0
0
0
-1
0
0
0
0
0
0
0
0
0
0
0
0
0
0
0
0
0
0
0
0
0
0
0
0
0
0
0
0
0
0
0
0
0
0
0
0
0
0
0
0
0
0
0
0
0
0
0
0
0
0
0
-24
0
0
0
0
0
0
0
0
0
0
0
0
0
0
0
0
0
0
0
0
0
0
0
0
0
0
0
0
0
0
0
0
0
0
0
0
0
0
0
0
0
0
0
0
0
0
0
0
0
0
0
0
0
0
0
0
0
0
0
0
0
0
0
0
0
0
0
0
0
0
0
0
0
0
0
0
0
0
0
0
0
0
0
0
0
0
0
0
0
0
0
0
0
0
0
0
0
0
0
0
0
0
0
0
0
0
0
0
0
0
0
0
0
6
0
0
0
0
0
0
0
0
0
0
0
0
0
0
0
0
0
0
0
0
0
0
0
0
0
0
0
0
0
0
0
0
0
0
0
0
0
0
0
0
0
0
0
0
0
0
0
0
0
0
0
0
0
0
0
0
0
0
0
0
0
0
0
0
0
0
0
0
0
0
0
0
0
0
0
0
0
0
0
0
0
0
0
0
0
0
0
6
0
0
0
0
0
0
0
0
0
0
-4
0
0
0
0
0
0
0
0
0
0
0
0
0
0
0
0
0
0
0
0
0
0
0
0
-4
0
0
0
0
0
0
0
0
0
0
0
0
0
0
0
0
0
0
0
0
0
0
0
0
0
0
0
0
0
0
0
0
0
0
0
0
0
0
0
0
0
0
0
0
0
0
0
0
0
0
0
0
0
0
0
0
0
0
0
0
0
0
0
0
0
0
0
0
0
0
0
0
0
0
0
0
0
0
0
0
0
0
0
0
0
1
0
0
0
0
0
0
0
0
0
0
0
0
0
0
0
0
0
0
0
0
0
0
0
0
0
0
0
0
-4
0
0
0
0
0
0
0
0
0
0
0
0
0
0
0
0
0
0
0
0
0
0
0
0
0
0
0
0
0
0
0
0
0
0
0
0
0
0
0
0
0
0
0
0
0
0
0
0
0
0
0
0
0
0
0
0
0
0
0
0
0
0
0
0
0
0
0
0
0
0
0
0
0
0
0
0
0
0
0
0
0
0
0
0
0
0
0
0
0
0
0
0
0
0
0
-3
0
0
0
0
0
0
0
0
0
0
0
0
0
0
0
0
0
0
0
-8
0
0
0
0
0
0
0
0
0
0
0
0
0
0
0
0
0
0
0
0
0
0
0
0
0
0
0
0
0
0
0
0
0
0
0
0
0
-5
0
0
0
0
0
0
0
0
0
0
0
0
0
0
0
0
0
6
0
0
0
0
0
0
0
0
0
0
0
0
0
0
0
0
0
0
0
0
0
0
0
0
0
0
0
0
0
0
0
0
0
0
0
0
0
0
0
0
0
0
0
0
0
0
0
0
0
0
0
0
0
0
0
0
0
0
0
0
0
0
0
0
0
0
0
0
1
0
0
0
0
0
0
0
0
0
0
0
0
0
0
0
0
0
0
0
0
0
0
0
0
0
0
0
0
0
0
0
0
0
0
0
0
0
0
0
0
0
0
0
0
0
0
0
-3
0
0
0
0
0
0
0
0
0
0
0
0
0
0
0
0
0
0
0
0
0
0
0
0
0
0
0
0
0
0
0
0
0
0
0
0
0
0
0
0
0
0
0
0
0
0
0
0
0
0
0
0
0
0
0
0
0
0
0
0
0
0
0
0
0
0
0
0
0
0
0
0
0
0
0
0
0
0
0
0
0
0
0
0
0
0
0
0
0
0
0
0
0
0
0
0
0
0
0
0
0
0
0
0
0
0
0
0
0
0
0
0
17
0
0
0
0
0
0
0
0
0
0
0
0
0
0
0
0
0
0
0
0
0
0
0
0
0
0
0
0
0
0
0
0
0
0
0
0
0
0
0
0
0
0
0
0
0
0
0
0
0
0
0
0
0
0
0
0
0
0
0
0
0
0
0
0
0
0
0
0
0
0
0
0
0
0
0
0
0
0
0
0
0
0
0
0
0
0
0
0
0
0
0
0
0
0
0
0
0
0
0
0
0
0
0
0
0
0
0
0
0
0
0
0
0
0
0
0
0
0
0
0
0
0
0
0
0
0
0
0
0
0
0
0
0
0
0
0
0
0
0
0
0
0
0
0
0
0
0
0
0
0
0
0
0
0
0
0
0
0
0
0
0
0
0
0
0
0
0
0
0
0
0
0
0
0
0
0
0
0
0
0
0
0
0
0
0
0
10
0
0
0
0
0
0
0
0
0
0
0
0
0
0
0
0
0
1
0
0
0
0
0
0
0
0
0
0
0
0
0
0
0
0
0
0
0
0
0
0
0
0
0
0
0
0
0
0
0
0
0
0
0
0
0
0
0
0
0
0
0
0
0
0
0
0
0
0
0
0
6
0
0
0
0
0
0
0
0
0
0
0
0
0
0
0
-1
0
0
0
0
0
0
0
-8
0
0
0
0
0
0
0
0
0
0
0
0
0
0
0
0
0
0
0
0
0
0
0
0
0
0
0
0
0
0
0
0
0
0
0
0
0
0
0
0
0
0
0
0
0
0
0
0
0
0
0
0
0
0
0
0
0
0
0
0
0
0
0
0
0
0
0
0
10
0
0
0
0
0
0
0
0
0
0
0
0
0
0
0
0
0
0
0
0
0
0
0
0
0
0
0
0
0
0
0
0
0
0
0
0
0
0
0
0
0
0
0
0
0
0
0
0
0
0
0
0
0
0
0
0
0
0
0
0
0
0
0
0
0
0
0
0
0
0
0
0
0
0
0
0
0
0
0
0
0
0
0
0
28
0
0
0
0
0
0
0
0
0
0
0
0
0
0
0
0
0
0
0
0
0
0
0
0
0
0
0
0
0
0
0
0
0
0
0
0
0
0
0
0
0
0
0
0
0
0
0
0
0
0
0
0
0
0
0
0
0
0
0
0
0
0
0
0
0
0
0
0
0
0
0
0
0
0
0
0
0
0
0
0
0
0
0
0
0
0
0
0
0
0
0
0
0
0
0
0
0
0
0
0
0
0
0
0
0
0
0
0
0
0
0
0
0
0
0
0
0
0
0
0
0
0
0
0
0
0
0
0
0
0
0
0
0
0
0
0
0
0
0
0
0
0
0
0
0
0
0
0
0
0
0
0
0
0
0
0
0
0
0
0
0
0
0
0
0
0
0
0
0
78
0
0
0
0
0
0
0
0
0
0
0
0
0
0
0
0
0
0
0
0
0
0
0
0
0
0
0
0
0
0
0
0
0
0
0
0
0
0
0
0
0
0
0
0
0
0
0
0
0
0
0
0
0
0
0
0
-8
0
0
0
0
0
0
0
0
0
0
0
0
0
0
0
0
0
0
0
0
0
0
0
0
0
0
0
0
0
0
0
0
0
0
0
0
0
0
0
0
0
0
0
0
0
0
0
0
0
0
0
0
0
0
0
0
0
0
0
0
0
0
0
0
0
0
0
0
0
0
0
0
0
0
0
0
0
0
0
0
0
0
0
0
0
0
0
0
0
0
0
0
0
0
0
0
0
0
0
0
0
0
0
0
0
0
0
0
0
0
0
0
0
0
0
0
0
0
0
0
0
0
0
0
0
0
0
0
0
0
0
0
0
0
0
0
0
0
0
0
0
0
0
0
0
0
0
0
0
0
0
0
0
0
0
0
0
0
0
0
0
0
0
0
0
0
0
0
0
0
0
0
0
0
0
0
0
0
0
0
0
0
0
0
0
0
0
0
0
0
0
0
0
0
0
0
0
0
0
0
-33
0
0
0
0
0
0
0
0
0
0
0
0
0
0
0
0
0
0
0
0
0
0
0
0
0
0
0
0
0
0
0
0
0
0
0
0
0
0
0
0
0
0
0
0
0
0
0
0
0
0
0
0
0
0
0
0
0
0
0
0
0
0
0
0
0
0
0
0
0
0
0
0
0
0
0
0
0
0
0
0
0
0
0
0
0
0
0
0
0
0
0
0
0
0
0
0
0
0
0
0
0
0
0
0
0
0
0
0
0
0
0
0
0
0
0
0
0
0
0
0
0
0
0
0
0
0
0
0
0
0
0
0
0
0
0
0
0
0
0
0
0
0
0
0
0
0
0
0
0
0
0
0
0
0
0
0
0
0
0
0
0
0
0
0
0
0
0
0
0
0
0
0
0
0
0
0
0
0
0
0
0
0
0
0
0
0
0
0
0
0
0
0
0
0
0
0
0
0
0
0
0
0
0
0
0
0
0
0
0
0
0
0
0
0
0
0
0
0
0
0
0
0
0
0
0
0
0
0
0
0
0
0
0
0
0
0
0
0
0
0
0
0
0
0
0
0
0
0
0
0
0
0
0
0
0
0
0
0
0
0
0
0
0
0
0
0
0
0
0
0
0
0
0
0
0
0
0
0
0
0
0
0
0
0
0
0
0
0
0
0
0
0
0
0
0
0
0
0
0
0
0
0
0
0
0
0
0
0
0
0
0
0
0
0
0
0
0
0
0
0
0
0
0
0
0
0
0
0
0
0
0
0
0
0
0
0
0
0
0
0
0
0
0
0
0
0
0
0
0
0
0
0
0
0
0
0
0
0
0
0
0
0
0
0
0
0
0
0
0
0
0
0
0
0
0
0
0
0
0
0
0
0
0
0
0
0
2
0
0
0
0
0
0
0
0
0
0
0
0
0
0
0
0
0
0
0
0
0
0
0
0
0
0
0
0
0
0
0
0
0
0
0
0
0
0
0
0
0
0
0
0
0
0
0
0
0
0
0
0
0
0
0
0
0
0
0
0
0
0
0
0
0
0
0
0
0
0
0
0
0
0
0
0
0
0
0
0
0
0
0
0
0
0
0
0
0
0
0
0
0
0
0
0
0
0
0
0
0
0
0
0
0
0
0
0
0
0
0
0
0
0
0
0
0
0
0
0
0
0
0
0
0
0
0
0
0
0
0
0
0
0
0
0
0
0
0
0
0
0
0
0
0
0
0
0
0
0
0
0
0
0
0
0
0
0
0
0
0
0
0
0
0
0
0
0
0
0
0
0
0
0
0
0
0
0
0
0
0
0
0
0
0
0
0
0
0
0
0
0
0
0
0
0
0
0
0
0
0
0
0
0
0
0
0
0
0
0
0
0
0
0
0
0
0
0
0
0
0
0
0
0
0
0
0
0
0
0
0
0
0
0
0
0
0
2
0
0
0
0
0
0
0
0
0
0
0
0
0
0
0
0
0
0
0
0
0
0
0
0
0
0
0
0
0
0
0
0
0
0
0
0
0
0
0
0
0
0
0
0
0
0
0
0
0
0
0
0
0
0
0
0
0
0
0
0
0
3
0
0
0
0
0
0
0
0
0
0
0
0
0
0
0
0
0
0
0
0
0
0
0
0
0
0
0
0
0
0
0
0
0
0
0
0
0
0
0
0
0
0
0
0
0
0
0
0
0
0
0
0
0
0
0
0
0
0
0
0
0
0
0
0
0
0
0
0
0
0
0
0
0
0
0
0
0
0
0
0
0
0
0
0
0
0
0
0
0
0
0
0
0
0
0
0
0
0
0
0
0
0
0
0
0
0
0
0
0
0
0
0
0
0
0
0
0
0
0
0
0
0
0
0
0
0
0
0
0
0
0
0
0
0
0
0
0
0
0
0
0
0
0
0
0
0
0
0
0
0
0
0
0
0
0
0
0
0
0
0
0
0
0
0
0
0
0
0
0
0
0
0
0
0
0
0
0
0
0
0
0
0
0
0
0
0
0
0
0
0
0
0
0
0
0
0
0
0
0
0
0
0
0
0
0
0
0
0
0
0
0
0
0
0
0
0
0
0
0
0
0
0
0
0
0
0
0
0
0
0
0
0
0
0
0
0
0
0
0
0
0
0
0
0
0
0
0
0
0
0
0
0
0
0
0
0
0
0
0
0
0
0
0
0
0
0
0
0
0
0
0
0
0
0
0
0
0
0
0
0
0
0
0
0
0
0
0
0
0
0
0
0
0
0
0
0
0
0
0
0
0
0
0
0
0
0
-2
0
0
0
0
0
0
0
0
0
0
0
0
0
0
0
0
0
0
0
0
0
0
0
14
0
0
0
0
0
0
0
0
0
0
0
0
0
0
0
0
0
0
0
0
0
0
0
0
0
0
0
-20
0
0
0
0
0
0
0
0
0
0
0
0
0
0
0
0
0
0
0
0
0
0
0
0
0
0
0
0
0
0
0
0
0
0
0
0
0
0
0
0
0
0
0
0
0
0
0
0
0
0
0
0
0
0
0
0
-6
0
0
0
0
0
0
0
0
0
0
0
0
0
0
0
0
0
0
0
0
0
0
0
0
0
-3
0
0
0
0
0
0
0
0
0
0
0
0
0
0
0
0
0
0
0
0
0
0
0
0
0
0
0
0
0
0
0
0
0
0
0
0
0
0
0
0
0
0
0
0
0
0
0
0
0
0
0
0
0
0
0
0
0
0
0
0
0
0
0
0
0
0
0
0
0
0
-6
0
0
0
0
0
0
-1
0
0
0
0
0
0
0
0
0
0
0
0
0
0
0
0
0
0
0
0
0
0
0
0
0
0
0
0
0
0
0
0
0
0
0
0
0
0
0
0
0
0
0
0
0
0
0
0
0
0
0
0
0
0
0
0
0
0
0
0
0
0
0
0
0
0
0
0
0
0
0
0
0
0
0
0
0
0
0
0
0
0
0
0
0
0
0
0
0
0
0
0
0
0
0
0
0
0
0
0
0
0
0
0
0
0
0
0
0
0
0
0
0
0
0
0
0
0
0
0
0
0
0
0
0
0
0
0
0
0
0
0
0
0
0
0
0
0
0
0
0
0
0
0
0
0
0
0
0
0
0
0
0
0
0
0
0
0
0
0
0
0
0
0
0
0
0
0
0
0
0
0
0
0
0
0
0
0
0
0
0
0
0
0
0
0
0
0
0
0
0
0
0
0
0
0
0
0
0
0
0
0
0
0
0
0
0
0
0
0
0
0
0
0
0
0
0
0
0
0
0
0
0
0
0
0
0
0
0
0
0
0
0
0
0
0
0
0
0
0
0
0
0
0
0
0
0
0
0
0
0
0
0
0
0
0
0
0
0
0
0
0
0
0
0
0
0
0
0
0
0
0
0
0
0
0
0
0
0
0
0
0
0
0
0
0
0
0
0
0
0
0
0
0
0
0
0
0
0
0
0
0
0
0
0
0
0
0
0
0
0
0
0
0
0
0
0
0
0
0
0
0
0
0
0
0
0
0
0
0
0
0
0
0
0
0
0
0
0
0
0
0
0
0
0
0
0
0
0
0
0
0
0
0
0
0
0
0
0
0
0
0
0
0
0
0
0
0
0
0
0
0
0
0
0
0
0
0
0
0
0
0
0
0
0
0
0
0
0
0
0
0
0
0
0
0
0
0
0
0
0
0
0
0
0
0
0
0
0
0
0
0
0
0
0
0
0
0
0
0
0
0
0
0
0
0
0
0
0
0
0
0
0
0
0
0
0
0
0
0
0
0
0
0
0
0
0
0
0
0
0
0
0
0
0
0
0
0
0
0
0
0
0
0
0
0
0
0
0
0
0
0
0
0
0
0
0
0
0
0
0
0
0
0
0
0
0
0
0
0
0
0
0
0
0
0
0
0
0
0
0
0
0
0
0
0
0
0
0
0
0
0
0
0
0
0
0
0
0
0
0
0
0
0
0
0
0
0
0
0
0
0
0
0
0
0
0
0
0
0
0
0
0
0
0
0
0
0
0
0
0
0
0
0
0
0
0
0
0
0
0
0
0
0
0
0
0
0
0
0
0
0
0
0
0
0
0
0
0
0
0
0
0
0
0
0
0
0
0
0
0
0
0
0
0
0
0
0
0
0
0
0
0
0
0
0
0
0
0
10
0
0
0
0
0
0
0
0
0
0
0
0
0
0
0
0
0
0
0
0
0
0
0
0
0
0
0
0
0
0
0
0
0
0
0
0
0
0
0
0
0
0
0
0
0
0
0
0
0
0
0
0
0
0
0
0
62
0
0
0
0
0
0
0
0
0
0
0
0
0
0
0
0
0
0
0
0
0
0
0
0
0
0
0
0
0
0
0
0
0
0
0
0
0
0
0
33
0
0
0
0
0
0
0
0
0
0
0
0
0
0
0
0
0
0
0
0
0
0
0
0
0
0
0
0
0
0
0
0
0
0
0
0
0
0
0
0
0
0
0
0
0
0
0
0
0
0
0
0
0
0
0
0
0
0
0
0
0
0
0
0
0
0
0
0
0
0
0
0
0
0
0
0
0
0
0
0
0
0
0
0
0
0
0
0
0
0
0
0
0
0
0
0
0
0
0
0
0
0
0
0
0
0
0
0
0
0
0
0
1
0
0
0
0
0
0
0
0
0
0
0
0
0
0
0
0
0
0
0
0
0
0
0
0
0
0
0
0
0
0
0
0
0
0
0
0
0
0
0
0
0
0
0
0
0
0
0
0
0
0
0
0
0
0
0
0
0
0
0
0
0
0
0
0
0
0
0
0
0
0
0
0
0
0
0
0
0
0
0
0
0
0
0
0
0
0
0
0
0
0
0
0
0
0
0
0
0
0
0
0
0
0
-1
0
0
0
0
0
0
0
0
0
0
0
0
0
0
0
0
0
0
0
0
0
0
0
0
0
0
0
0
0
0
0
0
0
0
0
0
0
0
0
0
0
0
0
0
0
0
0
0
0
0
0
0
0
0
0
0
0
0
0
0
0
0
0
0
0
0
0
0
0
0
0
0
0
0
0
0
0
0
0
0
0
0
0
0
0
0
0
0
0
0
0
0
0
0
-6
0
0
0
0
0
0
0
0
0
0
0
0
0
0
0
0
0
0
0
0
0
0
0
0
0
0
0
0
0
0
0
0
0
0
0
0
0
0
0
0
0
0
0
0
0
0
0
0
0
0
0
0
0
0
0
0
0
0
0
0
0
0
0
0
0
0
0
0
0
0
0
0
0
0
0
0
0
0
0
0
0
0
0
0
0
0
0
0
0
0
0
0
0
0
0
0
0
0
0
0
0
0
0
0
0
0
0
0
0
0
0
0
0
0
0
0
0
0
0
0
0
0
0
0
0
0
0
0
0
0
0
0
0
0
0
0
0
0
0
0
0
0
0
0
0
0
0
0
0
0
0
0
0
0
0
0
0
0
0
0
0
0
0
1685
0
0
0
0
0
0
0
0
0
0
0
0
0
0
0
0
0
0
0
0
0
0
0
0
0
0
0
0
0
0
0
0
0
0
0
0
0
0
0
0
0
0
0
0
0
0
0
0
0
0
0
0
0
0
0
0
0
0
0
0
0
0
0
0
0
0
0
0
0
0
0
0
0
0
0
0
0
0
0
0
0
0
0
0
0
0
0
0
0
0
0
0
0
0
0
0
0
0
0
0
0
0
0
0
0
0
0
0
0
0
0
0
0
0
0
0
0
0
0
0
0
0
0
0
0
0
0
0
0
0
0
0
0
0
0
0
0
0
0
3
0
0
0
0
0
0
0
0
0
0
0
0
0
0
0
0
0
0
0
0
0
0
0
0
0
0
0
0
0
0
0
0
0
0
0
0
0
0
0
0
0
0
0
0
0
0
0
0
0
0
0
0
0
0
0
0
0
0
0
0
0
0
0
0
0
0
0
0
0
0
0
0
0
0
0
0
0
0
0
0
0
0
0
0
0
0
0
0
0
0
0
0
0
0
0
0
0
0
0
0
0
0
0
0
0
0
0
0
0
0
0
0
0
0
0
0
0
0
0
0
0
0
0
0
0
0
0
0
0
0
0
0
0
0
0
0
0
0
0
0
0
0
0
0
0
0
0
0
0
0
0
0
0
0
0
0
0
0
0
0
0
0
0
0
0
0
0
0
0
0
0
0
0
0
0
0
0
0
0
0
0
0
0
0
0
0
0
0
0
0
0
0
0
0
0
0
0
0
0
0
0
0
0
0
0
0
0
0
0
0
0
0
0
0
0
0
0
0
0
0
0
0
0
0
0
0
0
0
0
0
0
0
0
0
0
0
0
0
0
0
0
0
0
0
0
0
0
0
0
0
0
0
0
0
0
0
0
0
0
0
0
0
0
0
0
0
0
0
0
0
0
0
0
0
0
0
0
0
0
0
0
0
0
0
0
0
0
0
0
0
0
0
0
0
0
0
0
0
0
0
0
0
0
0
0
0
0
0
0
0
0
0
0
0
0
0
0
0
0
0
0
0
0
0
0
0
0
0
0
0
0
0
0
0
0
0
0
0
0
0
0
0
0
0
0
0
0
0
0
0
0
0
0
0
0
0
0
0
0
0
0
0
0
0
0
0
0
0
0
0
0
0
4
0
0
0
0
0
0
0
0
0
0
0
0
0
0
0
0
0
0
0
0
0
0
0
0
0
0
0
0
0
0
0
0
0
0
0
0
0
0
0
0
0
0
0
0
0
0
0
0
0
0
0
0
0
0
0
0
0
0
0
0
0
0
0
0
0
0
0
0
0
0
0
0
0
0
0
0
0
0
0
0
0
0
0
0
0
0
0
0
0
0
0
0
0
0
0
0
0
0
0
0
0
0
0
0
0
0
0
0
0
0
0
0
0
0
0
0
0
0
0
0
0
0
0
0
0
0
0
0
0
0
0
0
0
0
0
0
0
0
0
0
0
0
0
0
0
0
0
0
0
0
0
0
0
0
0
0
0
0
0
0
0
0
0
0
0
0
0
0
0
0
0
0
0
0
0
0
0
0
0
0
0
0
0
0
0
0
0
0
0
0
0
0
0
0
0
0
0
0
0
0
0
0
0
0
0
0
0
0
0
0
0
0
0
0
0
0
0
0
0
0
0
0
0
0
0
0
0
0
0
0
0
0
0
0
0
0
0
0
0
0
0
0
0
0
0
0
0
0
0
0
0
0
0
0
0
0
0
0
0
0
0
0
0
0
0
0
0
0
0
0
0
0
0
0
0
0
0
0
0
0
0
0
0
0
0
0
0
0
0
0
0
0
0
0
0
0
0
0
0
0
0
0
0
0
0
0
0
0
0
0
0
0
0
0
0
0
0
0
0
0
0
0
0
0
0
0
0
0
0
0
0
0
0
0
0
0
0
0
0
0
0
0
0
0
0
0
0
0
0
0
0
0
0
0
0
0
0
0
2
0
0
0
0
0
0
0
0
0
0
0
0
0
0
0
-7
0
0
0
0
0
0
0
0
0
0
0
0
0
0
0
0
0
0
0
0
0
0
0
0
0
0
-3
0
0
0
0
0
0
0
0
0
0
0
0
0
0
0
0
0
0
0
0
0
0
0
0
0
0
0
0
0
0
0
0
0
0
0
0
0
0
0
0
0
0
0
0
0
0
0
0
0
0
0
0
0
0
0
0
0
0
0
0
0
0
0
0
0
0
0
0
0
0
0
0
0
0
0
0
0
0
0
0
0
0
0
0
0
0
0
0
0
0
0
0
0
0
0
0
0
0
0
0
0
0
0
0
0
0
0
0
0
0
0
0
0
0
0
0
0
0
0
0
0
0
0
0
0
0
0
0
0
0
0
0
0
0
0
0
0
0
0
0
0
0
0
0
0
0
0
0
0
0
0
0
0
0
0
0
0
0
0
0
0
0
0
0
0
0
0
0
0
0
0
0
0
0
0
0
0
0
0
0
0
0
0
0
0
0
0
0
0
0
0
0
0
0
0
0
0
0
0
0
0
0
0
0
0
0
0
0
0
0
0
0
0
0
0
0
0
0
0
0
0
0
0
0
0
0
0
0
0
0
0
0
0
0
0
0
0
0
0
0
0
0
0
0
0
0
0
0
0
0
0
0
0
0
0
0
0
0
0
0
0
0
0
0
0
0
0
0
0
0
0
0
0
0
0
0
0
0
0
0
0
0
0
0
0
0
0
0
0
0
0
0
0
0
0
0
0
0
0
0
0
0
0
0
0
0
0
0
0
0
0
0
0
0
0
0
0
0
0
0
0
0
0
0
0
0
0
0
0
0
0
0
0
0
0
0
0
0
0
0
0
0
0
0
0
0
0
0
0
0
0
0
0
0
0
0
0
0
0
0
0
0
0
0
0
0
0
0
0
0
0
0
0
0
0
0
0
0
0
0
0
0
0
0
0
0
0
0
0
0
0
0
0
0
0
0
0
0
0
0
0
0
0
0
0
0
0
