19437
12064
3072
6550
20337
16053
9800086
17005
9118
12591
3780
72142
4932
3953
105324
7576
62985
31806
9357
12614
9004
11856
2425
5896
207
25433
33685
2500
1692
86546
8135320
8520
11876
6813
6621
564846
3374
11108
59594
2535
16397
280
172023
249983
6444
1245932
5510
36119
1833
2050
760309
3192
59935
33663
6074
7965
36402
8362
19528
3657
132863
7230
1153371
9445
2095397
12560
21321
98868
17344
5271
2372
11508
17776
182
33092
20371
8403
43130
158822
295902
4337
3105
1590
3057
6173
322
10504
22121
1918
21113
21901
1479941
2183745
1250782
6748
3005
12003
3828
10577
14704
2911
2423
7622
389622
142213
17141
3776
5226
39013
3774
477
2730
99018
9399
53555
5686
6905
4605
73641
53668
14097
2123
9728
3405
87545
786706
5392
13051
8592
10233
2684908
44910
7018
2857
828
111386
28014
1809
2370
1105469
1868
38260
5855
17396
22120
7462
66284
2770
41864
13998
4530
1403
13146
2374
6306
9154
26675
108612
5941
6750
133255
25464
8176
1357
411817
3666
8687
21820
3723
11398
11773
475
27982
461867
2427
14036
10478
23405
5754
5323
3953
10298
5319
1224307
441556
160389
19104
5174
34099
37857
20868
5740
2065
360283
6346
1936
14136
94593
668
21340
10529
9435
29768
1418600
5328
10565
57146
26195165
10693
7234907
97663
92884
10363
30102
21972
1481
74682
27727
263130
2242250
4865
37264
4078
51551
290119
2082
1514
7677
3843
17213
10163
7318
7097
5264
28187
492810
12526
275
32200
7706
14206
20866
17111
6371
85315
7583
1502990
3569
79
1377
580
17493
7759
4930
36742
5040
21829
3427
3438
1248680
10162
2662
5163
633773
49041
25278
8510
904
19108
4602
10297
3187
2741
8284
10612
1436951
54500
26990
305
18171
300
285095
468556
508
17211
8439
8137
5306
1744
12671
5877
34953
7293
24492
15872
5593
96478
16892
12021
200643
11609
5787
6835
60989
167713
3481
108293
9879
30887
34975
67265
175833
16597
2779
7325
492843
10244
8438
4265
1791248
236
4605
10258
11617
166773
315
23623
15704
20786
10769
15670
53041
20333
123254
122182
533
1963
9002
2293
13636
2061
3146832
29453
8125
24297
294911
404125
324192
1959
428114
674
25941
29024
21844
17568
39992
3678
346
155214
10275
533207
4888
34579
38223
324710
102794
6030
9181
16319
10568
2558
1374878
65651
19405
346620
19137
1888
7838
7646
18766
3427
4766
9216
167111
278395
1203
160778
1844
904
17906
2352
71785
10820
2538
47366
27761
9886
9111
8980
4098
83511
8632
46048
480317
10514
2376
8293
5014
5154
21665
10687
176492
4027
793
22483
11690
37729
3983
4874
79040
1019992
375650
2403393
13225
13976
6828
9552
98999
3486
22139
329
252025
4279
4205
12138
154150
30851
9795
17337
8814
26309
9193
3951
121
3155
41
1986
7087
12786
45787
4777
15023
792
5993
5226
2198
45687
4880
460535
103994
5944
1726
2743
8101
12669
129115
10626
4841
6675
56812
346441
7214
7411
43851
3858
80766
58066
1436438
28191
5655
120408
4011
31173
4042
1041
8750
1050823
19133
489
15351
13352
31973
4557
96246
39830
425554
642644
38442
3524
2065
38055
186
12059
36249
15676
22054
12389
9400
20470
4011
23810
29110
12670
4301
80039
8182
5115
12413
14142
9814
13089
19318
11418
2127
12317
83751
1690
526098
42478
45970
3360
90206
129
11048
1173074
3256
2716
8601
135808
36124
81012
9751
110638
24499
41387
8418
3092
2295
4423
2492
10308
2087248
4043
9782
18245
147
22016
59332
16756
17662
94029
12396
1003
64147
15497
11720
1473191
3618
586868
6128
8729
17142
22774
371
2472
16840
4849
10324
169105
451
3951
570935
5280
18662
5405
21698
171952
5005
73901
11597
20996
8595
1562
13263
4353
23474
14156
816
5442
8550
40843
1717889
6513
3633
16350
31309
23375
29798
12545
35253
27983
404
2722753
10480
375954
35165
24604
1865
21898
33712
11177
2877
4712
3853
2429
2122
10927
3097
12438
9712
1403
4179
15444
13371
11948
9728
7390
67164
4448
1726
35871
6445
6905
796515
374501
5555
272
9355
159
397675
2224
17362
5855
4412
14399
14458
9925
4439
2192
11977
9335
11699
1718
4823
3497
42446
5272
262287
24140
85072
2176
64098
7728
379391
35906
347740
8776
7708
2258796
20544
161953
16168
9305
3379
30592
408169
10057
25742
65926
10799
2273
5691
5498
34094
475350
5520
43302
6826
1986
245369
2855
5169
18596
5047
20288
17435
55798
16117
17687
2663
1656
13410
5162
1971893
12992
5917
2312
7826
5263
89719
6257
13852
15392
26358
27913
31471
41121
6315
6500
6144
50445
4504
31549
7647
56251
84906
974194
6636
4491
1452194
9386
179705
71122
30611
13129
2807899
4157
27872
329460
164390
7411
196868
2912
25209
120099
2282
7147
7945
23872
5550
1602
30265
20720
4165
2392
2628
5616
2188
4922
106324
1851
43973
20739
45285
5414
24843
8329
81610
163805
59819
5084
10883
10573
263196
6932
39449
35557
12880
187347
7706
3201
1536
8475
5085
48721
29662
2806
558
19311
47735
11871
9044
27291
432595
60987
6413
4460
6098
3375
185038
7083
22556
28832
11466
11839
2764
12906
11802
16050
2840
166952
27394
1773
10766
2176645
5352
96254
4795
17780
13701
217251
972
6407
9363
69858
19596
3090
7410
12622
5517
8376
2429
15911
3341
2392
13495
9922
99372
5882
2889
3366
3765
261
1356768
4910
19956
2783
6891
21203
18612
6651
2453
336
262870
12881
1225
83846
316882
12267
28306
1500
8663
26996
9184
18518
4913
140978
373820
54376
3684
3439
17482
1045653
280825
2830
7272
99099
36955
1193207
129654
6752229
2013
2052
588580
12751
53359
3852
16983
10049
7701
89172
7547
8970
910494
173
5267
50546
8359
4072
2660
18310
588696
1109
28734
28242
138445
12089
2653
12970
3343
1113
63676
179030
10106
13863
1864
20274
1962
417810
3335
36308
375535
518561
27561
124092
29068
745068
6256
2788
2262
12909
11919
304
6725
28381
24080
1786
4637
59429
6457
259837
277179
145873
2110
8415
72531
16725
2775
8649
2339416
46570
29657
1783
7113
2040
30196
770134
6875
2423
47285
2898
19932
13184
840
52823
14111
228
10457
1771237
5488
4572545
324
320810
1706
3815
302975
13218
10154
7026
19776
23059
3745
25047
39151
2458
3108
3898
421591
4778
6026
733
2099
9376
2238
6560
42445
12851
57580
13208
7127
2453
21180
22857
4594
2659142
41106
5049
3801685
7158
41315
21351
47892
2466333
19553
4140
25532
127231
41377
4399
7524
4213
1393
23618
1249
1017
5149
11432
6690
4704
2153
189939
12680
12744
189179
5450
227527
9204
411943
4845
7007
21852
1679956
4290
2725
5429
1830
160899
2609709
7120
381620
18294
1436
137492
2414
4379
7982
31831
8439
272392
5622
8492
30550
18882
1016
1708
252739
11810
657687
14561
9767
11127
5433
3890
28518
3998
3102
8096
9131
4824
10214
120
3845
50798
178907
69695
21559
17393
6177
41751
36101
1008
7968
22025
8526
7415
204
866879
16338
458171
340261
17742
12789
14499
109679
458958
20029
217867
62449
2053105
47674
10013
10134
98
67900
89985
4055
1530172
25777
451789
438429
1232
7233
1064
21271
36629
40551
4877
41568
19194
24856
8385
2224488
16768
2445528
29762
14850
67471
182
1385
7506
20786
3723
5684
444635
15051
11740
15110
26293
13347
5703
54093
287962
5075
17625
162221
30370
964
24045
16765
13515
730794
4892
50992
17385
34378
8838
31681
2962
29965
19388
1683
45321
2611
3187
12068
44428
6524
4547
2467
8954
771358
11857
4469
5063
1667
3353
13413
4790
57571
284385
1437
5254
9174
6406
9853
16865
35001
23550
14659
37294
4734
7489
73607
10500
8249
5179
5688
2938
0
20239
2575
1069118
2810
3387
87573
7975
10311
7713
14314
17353
12380
885
27884
16009
3054
9881
63208
2715
80537
4594
4925
24479
2473
6808
5941
22841
28308
8881
9754
42027
5888
17440
2393225
14871
5249
6741
32979
215
9162
62791
14907
6772
6453
16625
21715
49761
1888
1286
4827
3201
13859
391071
27317
1091
4695
1170
321011
2794
8092
60261
15579
307
9751
13132
2880
9996
119849
25017
58082
31490
11398
44776
438
43046
7254
30134
6112
524950
587
5851
2642
3375
5660
2170
7649
41429
2706
21398
64053
3235
13686
3406
2404
11065
2580
28149
783
632357
25562
2734
4694
1960
27871
4058
6434
6815
5606
9677
344352
3690
1247
9840
64158
14155
9397
55111
3779
6651
3686
12397
5445
9922
1853
11848
449675
492125
292
6079
1390737
5773
9868
9378
114116
2176993
3899
18324
174798
619
4172
4327
1445
1313598
14195
7747
200085
1388
43010
891
267521
186122
3366
9944
9873
3100
23725
33016
2264
2315
979869
5349
16949
7262
16076
5008
3878
2950
7951
23971
1681
11463
32378
12244
7711
12097
3180
5790
28368
6776
1326
11991
12003
930
3540
6942
4855
2906
124498
7903
17788
4453
2473455
4877
3536
308892
7626
3334
13631
16581
1848
13735
25682
14154
144940
344248
2441
28266
12147
13148
3442
1221
6527
10758
43815
11206
3854
602975
1561
15071
125147
5104
617
546
4110
4843
13762
569694
2977
25872
11083
35721
2539
22374
5572
7096
5881
170289
9433
2179
587833
22637
6065
5284
2492148
258463
276799
2112
32955
44705
2864
1592698
9105
499510
739503
19892
48
4707
7550
9628
27320
1806
6497
40742
5083
18387
108455
43605800
1976147
581176
1941
2294
849
33801
9379
12620
4799
2987
288
92310
367300
15630
10368
10050
25715
156358
15920
7370
6346
5713
14530
9235
3297
7128
399518
13133
6142
16622
19521
99820
5193
7269
12298
23463
1668682
600418
139914
21573
3322
617623
6722
19957
13904
2006
1054
7869
13206
9422
14523
5268
2774
82731
512012
2570
511917
343
3785
28111
82444
965
48869
6453
7516797
1166
377044
1933
5363
33433
75309
16425
8339
23728
1709372
12725
5677874
41008
8516
2607
14049
222270
12897
5750
3774
28990
144990
9837
4311
35544
1080815
6804
337429
16580
6242
13050
6640
7826
715
4735
5626
15262
811
68333
27280
205855
9226
2314
53639
1731
2723
3194
50749
237875
2005
67880
885
68780
2319
12008
28274
19926
2825618
21591
23211
13930
4384
238345
5653
9111
1713
4152
238
12369
369
5693
12413
9228
8718
9200442
82453
150562
5321
20002
72966
141744
118
714
1537
1009
49582
41155
5351
17746
23964
18387
158078
18505
349063
37791
1642
9244
2436
15493
8182
4240
5484
49199
441746
59100
7718
19840
20004
8210
67902
5604
441331
6480
6072
2638
6249
10455
6706
13654
43830
6383
139118
1166
56554
3334
6249
3142
6926
4416
2942469
569263
3213
18551
8782
17529
5388
62067
11107
2677
16092
30761
5363
30117
3699
12391
2221
9847
3974
38079
31014
3572
29753
3676
2521
550
2180363
31686
40
87104
3869
1167
4295
3909150
98284
5839
66572
14543
15802
2938
11679
17482
19815
3351
879
10100
15838
7767
14969
4158
4973
6865
12272
30455
44447
12903
3738
7319
80507
114878
16584
3118
794345
1096072
23451
17080
5791
25544
5146
6213
11072
7303
1590
4726
12117
25122
794765
109332
7323
78012
6476
13389
17563
78805
8138
52918
9519
21315
3524
1479
2104
9205
29900
18486
14489
1699
3477
3125
77119
26810
26866
76056
44899
215144
27895
2455
79829
18958
2788
6697
3358
1940778
4022
4613
2788
10863
69377
10682
1178
3971
1886
4188
53713
45050
6770
346790
26885
1023
21727
209150
8790
4106
326177
459
8451
2319
13514
31258
4697
10599
118
9092
9481
33715
2873791
309101
658154
44063
11658
3390
445149
24526
6960
112016
14819
17098
37087
5499
9609
41411
37232
39191
10908
61292
9279
24299
1682
10199
81740
160342
14258
52837
3435
14669
3122981
10833
10950
16159
115978
155897
14874
16393
11206
4022
6890
105203
4321
257545
1554
2790
735
2599
13351
5836
2400226
5669
23619
49739
26754
44922
9716
4963
5661
10594
4680
81021
7277
3605
144871
1851
3966
154304
19203
16361
9398
14086
33005
3698
7776
20925
5511
10683
15547
13804
2201
12604
15393
136144
4079
2854
47492
385
21371
41
22727
28702
8989
3288096
64886
1458
42769
40039
212942
152335
646304
310314
16312
11874
3722
1552
544
3013
2049
10576
49024
35646
12102
2511
61418
1811
1291
12094
11278
7607
418
4174
2638
10062
79856
47013
15260
3068
9913
20366
503522
65645
5960
10411
37795
582421
1880
2661665
15932
4283
28397
133864
12252
49645
3754
11115
2566
67623
519839
3855
1244375
14029
1000
16509
9540
13129
5966
15352
17310
133352
1678
936922
82625
827114
6846
12161
913
34010
434704
5141
430
8557
2502
12196
4463
1458
911
296176
269961
6695
9522
6501
5778
102191
16382
14080
912
46994
8591
3706
1606122
304460
6180
9377
14562
14896
3308724
29589
11611
29284
7536
59929
243
33212
3217
48353
18823
64391
7702
642
2257943
97905
7390
5148
175245
1401
2219
1852082
3975
8478
3230
26773
316093
389453
130513
14936
10886
576344
18190
7044
10932
128460
13386
4695
59574
92622
22108
10782
715
14502
11911
5154
4796
7383
4165
151
18117
5434
7778
268015
10779
7169
43728
7165
6418
29161
28365
2943282
7497
26269
10771
16851
14545
76316
6447
4059
47006
25676
8807
12942
4885
2797
62887
255297
15124
7512
21580
161211
4914
1219313
9707
8028
3343
10084
14683
5823
14647
49708
11117
16003
65875
4010
101918
6730
4512
157541
113464
1214704
7343
76684
109322
5489
12574
5819
135401
2782590
5590
105579
7704
12944
1000
397043
199
6543
62931
8523
6243
7373
2970
1262
25105
2122
11443
4308
4790
1057644
10599
13176
199310
78397
11900
1098229
3788
1373
11018
1667422
4104
31227
1688
33615
48334
47775
11426815
26260
2276
1661
13474
5989994
1094522
69854
482
3061
6538
26171
14259
139601
9938
1911
6298
7492
9600
109623
7567
129682
14048
29778
7048
10189
6531409
678
7724
5460
4248
108756
43007
49380
108186
20542
18548
23059
14336
76546
10034
2159
30676
3732
2333
218
4647
4052
309363
18680
249253
11902
8421
2755
3914
3867
10463
13765
3047
22948
675
9425
3522498
4275
1749
25564
8487
4086
28330
1152
549231
1944
1885
18810
9424
44758
6949
32269
8402
11616
1229
21246
8586
2366
271
80918
7382
104909
4342
7546
300105
19000
27967
21155
3763
5562
3021
4765
4955
11581
11282
3725
1871
85929
1482596
17414
2526
37982
17921
420579
23593
7826
10854
9744
5953
52337
66089
2099
4336
489546
1956
8786
25785
4011
12622
909385
16350
11821
4828
204398
6238
58058
21007
2264
20224
54534
14497
390842
2308
15475
7110
8101
31894
26821
2766
113655
20463
9582
7753
1952241
2957
45684
10910
7831
191250
45716
5779
12508
12779
6453
13892
234968
4016
12759
1288
8320
15217
6317
7646
16526
5292
33138
9590
10603
38005
24680
40065
64143
80146
16118
4792
156676
3301
13523
6112
8509
9803
12048585
91068
12638
8243
274
5480
10925
8892
17774
31290
626
27642
106817
278023
204928
3306
5550
9981
2183361
5003
990
498518
4995
7173
5386
4102
3290
9499
270010
118813
7038
5900
18775
97548
7271
14526
1471
38710
2427
17791
3999
22791
4041
1021
7357
179747
12546
15395
76716
28165
3015
9042
3825
7133
2099
18449
11776
2131
962
57658
26068
6250
103480
3523
10617
15424
1224003
31816
21774
80462
32688
121313
4829
10222
28643
37145
2752
4354
517
368684
45744
63914
3847
7017
1417
13333
15743
1691880
14711
1593
12762
5138
78702
292203
3687
7489
3301
12885
17631
1462846
2825
6912
5653
3397
61675
8952
17637
146536
2697019
9973
29894
10392
11209
2782
10033
22537
50252
4968
807237
4864
11125
15346
865
324
233292
154026
4983
71735
3971
12679
27889
2364204
24641
6374
1374513
47497
12346
78049
7673
11293
4996
1331609
5672
14608
93681
60874
5158454
27190
53826
12058
6225
2469
1806
15688
9826
18224
19124
198
16624
275044
715670
7521
2881
23995
6439
43941
61401
815896
3428510
4595
99214
37879
1397
15753
208122
4511
37974
34586
695
159
675
208
17899
456
19140
292070
9613
560618
16889
5574
7032
3725
4971
9994
35287
9198
1643
3135
8574
359
63706
55607
54238
305573
19901
1982
31690
73914
8737
21109
3716
14267
4171
44255
5698
6729
33466
19854
356375
431893
97278
11339
23299
7593
14620
14807
8593
6332
16578
18574
5829
787490
2672
2319360
780398
16275
1769
32796
4804
72846
3305
1259
4368
1907838
33763
74972
32943
20260
9159
241224
3942556
8467
15737
202690
5070
9979
702490
45020
15173
21585
1035
13793
134209
12857
6149
13114
919
6458
14581
11826
18013
5872
2982
86697
10823
71700
52016
22901
6087
133504
2514
235427
18571
5632
3839
18208
57537
7434
5245
41330
964
3407
3164
2247
4513
76
1853257
1693
306879
1272274
9826
8057
144802
3741
25960
10661
7408
377618
43759
4054971
1315
63956
27725
20616
18890
4319
9831
9469589
1216623
80270
5852420
28245
10270
202185
3854
1970
3329
8942
13858
33898
3682
2600
16539
6063
5834
24636
239034
11808
121016
21263
15047
11446
11080
23047
400053
15747
14732
26195
6924
3002
4678
25253
1951
29187
526
7779
3253
2137
123575
104
18570
48336
59273
4624
6220
5917
5697
1009
18234
4863
393053
10577
81533
1698
5800
47944
15115
11725
33426
7663
7878
5226
10865
12109
1696
20501
1722
10259
30623
13147
35304
119421
7538
7844
75374
5170
11472
3583
69188
7213
110354
6889
19337
38459
277701
46067
18265
8146
14710
18769
21801
14201
8585
9541
10241
3633
25968
43610
17354
0
13762
17749
5417
2980
9861
11792
58319
53656
9644
958
9480
36153
7582
27430
562
10485
9578
1015
4477
6023
6296
19636
3420
4354
6855
15707
14440
27808
3054
204855
5057
12608
6429
3196
5168
2666
11920
9816
6179
30701
29243
12614
11133
2911
6421
1879
3396
11199
3255
22508
138493
3770
16284
3176
3684
39868
7685
6547
8758
132587
6490
64677
3757
1992
8992
9528
431
42033
10358
8476
269
889
9361
327897
57542
2051
5363
12229
297304
8305
6060
8295
3581
8598
12291
8026
1749
153239
3809
22796
15785
7337
65866
148008
8096
27912
1442
8580
34149
455
51042
7877
1343
3346
3035
3413
7033
12114
6871
760634
5612
13556
13504
29127
11547
19791
40201
14678
12524
2542
1851
26611
5449
23226
33914
6150
19778
22074
30459
7446
26702
104199
3229
16777
6647
1606
7251
5592
16318
15962
213426
11795
5439
18631
2712
3554
8380
599570
302939
5145
4186
7151
20303
5062
7359
8384
2422
3377
149825
6539
42415
58914
69822
1156649
1026
5729
10750
47362
3727
3843
8411
1651
30146
3779
3711
1040
19716
2020
70116
2340
5301
6489
12005
6959
8241
1187
77165
8440
1909366
14864
2110
2393
17439
174791
4230
5022
3216
151570
67405
11876
5500
1370
4941
584
5280
14540
5285
11153
7084
27001
21465
30788
5144
14544
16326
10403
6018
104599
89859
2050
6941
241131
5776
77704
22332
1056159
5334
122759
28015
37298
3858
148911
20827
4826
20063
140288
15388
134807
1783819
3578
2757
7820
34533
1396
18116
345431
8202
7879
1163945
14587
6764
8120
7622
20504
39974
23916
2140
13141
12155
10329
1616654
33156
16865
548626
77624
4079
7313
14428
13113
824
7613
11015
391624
40749
5808
33645
9715
24005
2696
119275
6712
558115
5798
1038775
203345
4503
76726
10044
80
6065
2784
5978
39701
99434
3860145
5972
11847
7712
20353
34801
81
3581
674
1521441
107083
84814
1064729
169310
7406
26995
15759
19922
7692
8601
5274
46305
21729
14664
6523
17620
8303
25778
200
5736
495
21113
13599
2448
11611
2009
6034
7098
1628
14108
24701
13136
158149
2356
741
10636
63572
68867
510
1454
6651
7329
574524
3785
8992
40452
9009
22119
17842
3531
15385
2450
1590
31288
32613
4881
4121
3514
5919
8907
8030
167614
14053
1888
12201
72763
323475
4554
5359
6152
5877
688265
7071
1155
663610
19713
12476
7858
7042
37413
360667
5559
1712485
7868
8519
10014
224395
2334
15330
10241
1365124
198887
211335
2481
29216
22893
4843
134343
390349
19856
12050
250413
4802
1249
2688
5548
4299
3000
7925
5148
9332
497105
28408
20542
2150
105487
12678
2513373
8773
540921
29436
6530
3465
26288
4944
13476
11653
5619
15189
6885
20620
391132
35733
15777
2935
471493
114756
1784
22397
3554
619152
285720
30009
13449
8160
183523
500597
53217
13363
7509
13252
259
211621
28639
13192
12211
250523
7732
5723
5443
61713
902194
3501
56274
8258
6473
13192
1174
10475
2290
7945
11769
36084
1255
15473
3765
3984323
7679
13226
821840
5126
20620
29844
8245
23702
97866
27171
26029
5009
14462
2002400
9650
15365
25024
194870
9997
265282
10816
4150
18715
83211
4558
37843
97244
224
2594
8319
36464
79077
13625
3450
18177
3384508
1203796
14395
131480
8765
72953
71872
1972006
4386
6244
873
3152
1190
5833
940
3397
3740
628
142490
5416
399899
44685
3424
7925
144416
12928
446
6274
10946
48823
1278
5955
12068
12852
19792
1154
20988
3610
8641
0
7163
473731
104959
912
1089294
2779
1731
9058
10335
18574
39038
2978
1197302
637194
51043
20283
9451
7700
2403
8622
23379
4290329
635
61411
43451
27654
11466
842604
12837
8215
10689
12777
5291
9033
1275
2414
17090
14640
56056
7578
8166
102312
11290
13529
432
17174
208775
187288
6918
1099
5693
8978
869159
11552
170681
136936
1312
830365
24703
6934
2991
4366
1766
58011
688
35583
1999127
12264
8042
757779
31237
6969
24278
3240
2007
1723
9778
745391
2724
9809
55583
10734
8468
38664
920
32040
7440
42736
4122
13445
30196
5537
9066
4017
2704
38171
10871
25318
6681
34735
11327
129263
13167
31850
10736
994730
135284
2102
7331
81575
18697
9204
2079230
7977
80
96292
534435
12797
41973
12828
6939
13871
3235
1783
37609
5913
2412
30694
7088
12553
6631
1496
9158
13286
62386
30874
144
8498
3768
4167
744
96549
6019
8683
2184723
1452
128513
2686
1835
18280
5762
32502
405494
3051
2948
7861
2139
645552
9585
17291
70032
4208
3854
898
1671
51031
492589
4944
200097
20119
24686
8261
6606
25150
10846
4971
1484
1020
4601
61427
2346
3319
6257
2595
97784
185
28205
5086
21437
14228
471
16938
7789
5808
5806
2945
42708
1809703
355879
8389
3709
3802
99265
11763
8870
5186526
9566
1973750
31160
0
4994
2326
12128
9024
14994
8690
2366
1508
4087
186
7306
151711
5424
10836
66005
42643
2135
57028
17469
1694
2185490
5672
1976
7893
14480
21677
11870
174117
492
5997
4344
1779
8203
6581
8779
4440
2775
23785
12792
1721639
3840
1286
146336
44108
10971
1357
70151
23126
5910
37703
5377
27564
2397
26952
3144
4776
13281
842
43373
11736
1732
19227
3372
3482
3831
4439
6998
13544
3348
6265
141894
3281
10148
3614
11237
31439
42663
42450
4101
22358
1488543
1586
30261
1575
53600
11640
4078
2566
10224
16556
63456
12014
16921
45497
11201
994006
8368
9928
12513
131628
3153
6594
3950
83123
8592
2127
11446
768
4554
5210
3854
5055
1717161
5739
7547
6224
10841
10448
3030
109236
14035
1133
9257
19934
27840
1498127
10204
5709
181123
2412
2223758
32821
15116
7271
435438
134582
11131
5483
13907
10188
17263
7043
10074
1917
30525
3970
125276
18881
1793
8914
801234
2186
6439
1138
1995
62618
4701
9293
19335
3324
2418
46417
9575
8715
12448
19666
5145
2834
110001
7175
68917
18105
10622
11370
670427
18600
770043
37931
180700
34358
9684
51950
5123
12258
20104
26035
646369
9860
3771
10548
357160
8678
1477
6619
9731
10440
199
14645
733
3148
2025692
52336
33900
13412
297636
2439392
13111
169347
31382
1119753
198769
20189
15832
18612
40
743324
73053
9146
4264
129950
3321
8423
112866
13929
6517
71862
6291
51865
186792
98544
531594
32019
13901
1850
7804
5112
49078
13780
6029
1323530
232369
1019
460525
11195
464822
147708
2719
42795
31368
6074
31936
2256
36234
18504
12048
4904
852
3454
34518
39364
6201
746908
99546
464
6235
538808
330794
21223
1511
5779
265
11798
4123
13118
4963
3550
271023
261
4984
10149
24973
741160
278776
3586
274771
313496
84254
12897
39638
504
2942486
3130
4970
3728
1093
709923
8179
12147
11910
3257
94597
1168
36648
2264
289455
2744
87881
11534
747950
5330
410671
7286
51127
12569
219789
144977
395824
22325441
14341
2381843
6790
39639
5796
2919
1319392
10269
2624928
32350
908
2181737
12275
52529
18712
11414
795252
1009
6733
30948
21524
10446
31123
11970
756
239
122574
5719
7132
6771
4177
16617
2408
17628
1435
27102
2716
25423
1271314
12269
3594
42681
5007
197789
18980
2666
10076
2117
184876
16143
161164
889372
10000
34623
15779
25353
10739
6298
7536
270190
4881
39329
12132
45837
92
59494
10339
2967
7636
1460597
1444
17239
3711
1069209
19727
319
130939
12674
1253
11737
1356
7097
2797
1163
7989
1200196
9597
197519
16405
9549
30927
884804
99237
4443
174209
16641
15356
10937
11201
1806
208166
5165
3524
19735
6555
18599
796274
62020
8659
1624502
4060
10571
111971
201124
4046
830948
5270
96608
1727
25026
20742
13929
1405
7976
9718
5971
5608
62355
3052
3575
2838797
3981
10487
4784
2697
7454
5595
37877
4766
16171
10482
22089
1924
594431
4343
9443
47883
82703
7466
86886
1167
1625
19402
51504
99319
1055
6709
10720
27431
49408
10171
7948374
8167
5865
24940
16789
6899
113888
82034
2816
14606
6149
8991
92075
23151
20105
6483
6623
84515
125898
29476
2267
5167
268931
3268301
6432
13451
18906
14776
5062
21603
26878
5209
607
11162
1453
3290
41682
6053
4844
446480
10271
12967
4411
3511
13980
46814
3818
10300
4713
20399
20702
12952
5472
4938
15638
5405
1460
13549
454
11727
10399
8426
6683
7390
7347
49530
313652
150310
23347
39525
344974
32526
2023
706426
15558
7712
60433
9514
7793
2749
12260
513850
24515
2783
18241
6462
2514
1437513
10411
159033
22677
207862
35464
46992
11281
22054
127755
5386
381097
14138
514699
1432
726
4133
23510
1220688
12317
1798
7772
13361
36414
3847
16348
7352
12454
1982
16403
13945
9079
2050
13151
5017
56481
9702
154
3518
39916
4930
3779
5771
185933
2108
23268
20419
1782
1098822
15063
15795
2894
13003
9333
3130
7255
5974
12102
7302
59424
37096
336801
15502
12396
6484
8864
37122
35195
21271
8869
10466
36773
9525
9592
5917
8167
17897
5046
348568
729900
9148
124674
2153
44461
243756
3468
8475
3996
28247
3983
4262
752477
1157
10451
3718
3853
4825
22465
10376
4936
40505
66812
232
6288
146706
9145
12292
2691
510
4352791
8899
14009
15168
9517
36107
8389
411982
176
14829
58038483
77488
805786
1914
5247
3161
438
54949
256
2009
17577
10133
22578
46475
4394
3444
34530
10776
96484
27467
3017953
27393
1264930
13740
4222
20004
1981
20724
653780
16060
39495
38010
2205602
17755
11640
6116699
15553
48829
12146
18746
4959
3007
4901837
9838
7690
3787
24013
19786
875622
3817
7290
89002
15478
400
10886
13226
2131
715255
3712
70649
5091
16815
3617578
6472
21342
6504
20604
7096
19155
201421
302159
5845
3133
77523
1900
5029
15332
17453
226696
101743
2135
7985
4189
19614
250692
8181
12799
22385
21293
17456
59592
3306
37578
5160
4200
11118
230
14197
448307
11713
480512
13818
5950
7569
23736
11378
9306
870175
1517597
28241
46400
100692
17544
9725
877
2162886
248188
15427
2036
7661
4624868
10220
516076
33693
3697
82495
668
665915
40619
12428
7542
30395
20699
18010
4157
13575
6425
9365
170480
12341
8055
80107
19620
3472
129
1982
16081
213113
23880
1786
5014
47775
10290
27649
10436
16533
5246937
14453
76936
3339
1848
19244
12982
5370
1625
1911
19052
1182
1509
1585509
1096751
12506
1296872
6974
28568
200762
31043
5642
14275
147708
20080
2170
458696
6231
16672
1485168
16406
6171
51992
1495
8690
3646
8195
6903
608643
1184
112354
372425
324552
11025
506
3285
1213
61697
3686
36307
471323
3153
11228
3930
2560
5052
4142
9066
3414
20641
23251
301336
7762
38178
26262
9494
7399
6344
257692
16853
111663
1680
8297
36821
5946
7446
6730
7200
24711
838564
13571
3970
4846
12246
3151
2474181
4184
3184
7344
16084
2206
10005
28345
3646
2479
1233265
1372062
2854
4934
9434248
23602
407655
14079
13073
35657
6941
22583
4663
3228
277901
8661
35696
8399
8353
2183392
300213
3962
82021
12174
19991
76686
3863
1395
31049
3377
11948
7555
4016
29337
84379
4881
178517
331986
10048
17793
467
25965
3328
16918
1250
4031
23576
8411
4373
4888
2542
25412
10515
11660
15115
7406
6877
9703
1631
107362
35836
4886
17787
2549
23118
382507
1898
49918
3460
784564
2123
765616
9561
19113
397
22098
17368
2223
1151
9331
12524
7075
20120
562342
16499
7792
2212
9200
4450
55520
10030
16206
8627
4752
51139
12515
104693
5487
2904
2762
37204
4135
64589
19510
11870
35662
6414
40521
12459
33730
18665
55948
2573
6559
1568431
27117
21296
22100
7524
27888
19573
26635
665
983
55049
12565
431
8311
591866
435065
708644
7684
12600
31666
56410
5111
1158293
19145
708
132764
2732
398
1590
11323
11353
5756
16085
14606
8360
2375
19933
6559
558
4072
2932
62244
4365
1934021
957748
17673
232163
29041
11991
990830
12304
2224
1862
5141
2042
7386
6213
18730
12626
16295
75136
6337
11910
16365
1318403
5516
14488
61414
5663
71037
29156
45805
7088
5830
152522
31507
35502
17685
2049
69992
861652
12721
11663
236
76693
20744
76361
8981
2713
125799
40578
80941
107104
9590
761891
69653
53477
9509
112235
8532
40006
10233
17212
6532
2587
4527
83576
11073
10099
3469
3231
11730
8894
702
8374
8772
21832
11637
2180
8080
12230
14053
5416
34312
17881
17159
6943
35013
9560
9270
10245
70282
9225
13566
52433
88985
14314
92408
27270
5402
57550
128018
6856
78437
85514
26703
2794
23683
3231
11326
69451
1059
21609
2960
6718
252713
3641
25371
5037
95809
18811
9711
150028
116859
295774
3719
4102
1408
882
5293
3419
24867
40007
8591
28249
648
17979
2801
2073763
30839
4849
80303
71585
331680
9622
19899
256
24280
1524819
9581
101114
36359
17240
1150
13059
119995
218262
3870
1257
75151
112573
25313
1842473
9352
36643
9085
82620
36149
12224
59679
5273
3790
12873
2945
136009
9881
5039
4808
626782
20904
90704
2802
990
81001
7412
24876
6031
12982
5321
4437
62549
1288050
981
81513
6448
10209
2284
370
3685
18296
7679
57529
73745
3354
598
8610
7399
43838
7271
2973
9123
19661
5867
8091
147826
4272
8637
58880
306029
9386
39019
31836
3087
13754
125510
5695
30825
136589
22522
6488
790998
17363
8769
70353
9429
6758
356
64274
1635
2874
759262
46081
13221
10077
65549
833
32147
5491
9582
11963
85720
24602
56055
215
7016
11617
82439
5190
73535
39607
816
23971
5896
22012
597
50733
3339
104
5446
3080
264157
8734
90035
96994
500
2207
43381
9358
375915
146
2966
3272
35791
7659
24652
87667
195
204338
15206
123825
4725
9365
1092
2858
2335
6703
5127
1632856
575
1059451
3309
116598
6680
13125
44387
1948
136564
228153
8317
5932
1541
3692
3963
272
9413
3957
12489
7027
34429
404696
18125
15411
6734
45333
25161
1934
5277
12459
1245
80961
51792
5349
4513
12703
9919
44106
924
4743
9727
13205
9545
161043
31816
30020
3673
10457
5652
5879
1492580
1273
5349
9106
4156
8081
8801
4038369
6022
9100
6749
3988
22388
33341
33214
124473
13080
2411422
2222
32869
8356
1614386
19141
2708
3881
10013
5016
41104
1884
32553
2303
2469
9697
46939
15890
56358
27078
9799
13911
5107
15596
2068
160
62248
113753
6049
896383
35574
12279
18999
2793
8789
3117
22342
2377
2970
9629
7303
2413
51096
68921
921
97475
33080
26294
17205
8818
4347
2723
3274287
12383
4763
9078
53978
45542
5848
7240
833
6120
4826
869
163310
1354
4688
4303
2158
5799
2453
32787
2085
6102
220526
32371
5675
6508
58036
10954
25671
1245
6266
224039
4745
20041
6298
7386
21743
37008
4465
84337
7794
8075
179116
7477
24959
21736
52203
2554
73160
11088
70738
4407
5959
18242
20778
8598
10971
3926
3328
185984
11617
60608
22294
38628
13313
6007
524277
171497
5698
230498
359763
3415
15564
64375
11364
27639
872781
44672
4619
29289
173815
893
18785387
2971
30876
7631
6702
260136
4906
19213
6327
8393
2992
5259
6695
25598
12827
2029
16077
873
1467
12437
3415
6693
35074
469047
12675
2551
3656
7845
62884
6546799
10031
22316
5651
7840
34846
1545821
1871
4941
155547
141056
5122
2252
11051
30535
462661
14136
19021
3471
81933
128334
33046
34501
16167
0
19781
112261
52901
5377
79159
10686
27519
74692
2927
359907
25167
3420
87286
4031
4970
42687
111491
59774
1869545
20409
1376
2513
8839
1051
53289
71031
687105
1157671
11329
10887
34915
170203
6943
1802
1622
345772
417
110666
7878
5317
193
1609
3185
3510
78650
682280
1684
26575
21102
1306997
190964
14717
6663
10833
378227
11365
33559
39283
3061
20207
24471
6665
8598
24173
18347
10476
3471
3736
2219
4120
10358
13515
6038
34380
7200
5798
4949
36509
345177
17630
5230
187745
7073
13553
3187
50675
38361
14943
2158
28384
425
2291
4808
25639
241496
2985
8954
12527
10902
18178
19206
46964
4151
19886
2279
1091
1026
1450998
2200
5928
24764
5587
26694
130
23098
80209
23979
4114
15259
21321
56413
8170
26216
2000
15856
2429
15630
4195
2541
293624
175654
3804
4668
6701
10639
7449
157266
25925
6470
1539
1695733
15541
12378
28890
711128
20981
43073
5212
4549
220334
4844
57131
10795
33639
4205
251932
7833
8140
18017
6702
26999
583
597149
2961
66315
83659
7681
8058
10045
689
19266
6443
542175
3340
6768
10031
5738
9370
15849
4420
33830
7779
3326
708609
10249
11728
23917
2180860
187938
1175544
6341
4658
13683
12363
2110
20862
146055
12709
10953
2289
27766
2626
11772
2198
27557
285095
10815
60147
84804
3276
18346
6230
1797
7993
526636
25802
211809
42546
4326
2149
8701018
7309
2564
4135
13976
1344
139014
2262048
5419
19673
48660
831649
16744
857
7204
16449
3190
87632
556
4505
7022
187813
104158
208850
130536
3148
45571
15157
12956
1026295
2613
5564
805
33928
1182
214564
20122
2242
11946
3322770
3640
1123
2472
25612
16478
2587
7154
509482
3416
16565
101544
8511
2668
8627
299270
1690076
1401
21502
10538
2648
27413
3915
4337
8573
11443
1033
3845
19422
28588
7823
14450
4151
9618
21409
6237057
47225
14375
2190
10825
19829
10462
48744
132328
4684
27482
4218
10405
1568
13314
3166
16035
2785
15644
4196
155605
1615
8097
8165
6589
443
9157
1707
307488
5215
8663
62718
12279
543386
19620
27573
1250743
840
167347
6076
670945
70749
2712
5875
1823
213236
44146
68313
69834
14061
5425
203370
841008
15433
230141
10365
12059
7429
10662
128232
7675
64049
295843
7797
3468
56542
13459
8507
28245
77406
719
1643063
13109
11168
163087
24583
6683
8197
40151
502
1679
17199
5158
1780
1122270
15788
1084110
5497
4441
215005
8713
7755
26286
97427
1087
7517
806485
3267
35373
1290598
13160
16073
15047
502
93012
6174
5048
5246
12644
9625
8667
1139070
12035
5091
739231
1542
22570
85061
20615
7989
2537
976729
6499
9995
10152
727
15268
5640
2405
28007
8859
7995
31670
3627
7801
37033
3862
11421
38579
12442
21636
10218
21451
2103
1214
206752
16267
11347
7021
234343
177437
2418
4779
8760
1277681
28276
22929
58618
4347554
17654
15393
17386
23162
568
5818
17538
8147
18633
3240
1896
1930
12689
251228
4757
109895
130630
14228
14248
2659
3070
130446
398067
4548
22643
23488
200268
7579
21447
5027
6592
55467
108801
58971
19949
7527
89509
82060
250024
69197
13231
13186
22447
19698
1934
44767
3066
2714
20862
27949
147617
11959
4778
1916
10252
6944
18805
11430
54526
1983
8369
20110
908
8046
85910
8240
5652
60355
24192
62308
5529
178604
19231
55028
8070
9170
3726
8556
9314
9934
5383
9164
3198
7947
10200
15156
16230
45080
16286
1697
20741
34956
13261
5852159
71418
9248
10988
9879
1714666
4697
25374
48095
8574
6412
123483
68945
5701
10280
1298
7961
63517
1010867
975
3947
16316
15569
5621
355743
1649
10252
113560
57242
1168
14254
12288
9308
19268
25499
2775
7134
30123
28162
17595
32567
2797
743
17710
15899
66707
16729
17725
8485
6092
86812
31454
23627
20737
27649
6232
9424
2267
7332
28085
238240
39274
4916
49349
18333
27624
905
7640
7294
7582
9251
6138
188812
7004
6859
1158
783
13366
11512
3741
10225
39144
6732
14299
335174
12692
817
10423
11567
5715
104490
7174
4488
37427
6406
18497
10191
14507
6034
4945
1458
16588
1582
1828
12924
1196
46948
14494
834301
16180
39404
1662
17302
5682
40412
4411
4151
12183
1234
3163030
2518
4431
308452
192096
18690
19270
18221
4733
43043
9630
792
18911
85
49510
1125
26143
28579
14104
24300
8656
11430
7737
1518
4016
17419
7795
3623
17662
14194
83508
7970
6088
1281485
79430
3622
13141
1998
27916
3586
11479
5382
7513
33342
6846
1536
850841
41009
25819
4287
178
24668
3105
38228
17960
122613
124
4459
5530
805
107200
10596
13431
140860
5242
12175
1508
3904
2316
8886
2471
25218
99934
8839
12541
2303372
7003
19611
44471
4211
4420
7449
667
3847
264
4356724
19895
936
334
10400
387222
12328
66205
273
13865
47652
1878
11137
2034
25004
195494
62908
52817
2932
4517
4489
84963
11689
1482
3132
25435
113142
18053
13267
15263
878806
7165
4278
4516
450699
251564
12222
36983
6233
6923
635
6906
115759
4888
6384
84003
186
9225
1322
12833
7349
74499
13259
73790
1795
47571
1354
28450
28557
4071
9960
3094
2531
2792
7864
4006
17913
21731
7999
4372
634295
7844
6389
6384
7330
1055760
8574
78446
114776
115048
7704
6547
36534
14105
69637
35587
7219
164115
21598
4845225
29037
28723
2019
8831
3818
21019
1538
7947
10775
17367
4866
7892
3493
1958766
275853
9141
1580
1722
11926
3514
237917
5414
5007
8190
5316
3225
33092
80090
9021
142258
3394
28570
629
78255
20957
75917
993501
11736
322305
1020
9895
31947
215195
30948
8864
6441
814546
6964
10011
24898
7169
29968
2481462
4571
1864
14847
1229018
1507380
68064
3460
45183
10525
8546
824
20258
4757
168250
9179
226541
20756
19451
92112
6202
17250
3545
27176
662599
7820
2899
26007
2531
48676
11604
5154
4253
8953
396993
2960
23425
8321
24773
448815
17454
17241
144645
3732
8136
23330
5610
947
8099
138598
4044
37938
296694
45216
4725
5112
401693
90099
11387
4621
1351614
11222
22689
131720
168103
20794
7755567
72153
57355
1129
6072
24331
11775
1418
1405536
60278
349844
8278
17157
51016
19218781
32051
11408
11112
856523
19300
2406034
12941
13287
4831216
5932
24732
643
6018
12298
2516
14275
74638
32364
534331
226340
8637
150523
230158
56645
6956
11380
3685
2827
6485
21937
7689541
16782
9654
4553
311350
1172
9617
575
50254
9630
8814
8513
226968
30817
99919
7157
9197
12139
51107
11941
341
18871
3784
3305
8633
898762
4713
9215
1658
3442
67053
50460
81929
4681
280685
5703
40831
4232
52863
1771
345700
3462
2160
330794
5521
10485
5074
3961
17627
4743
1066
21917
43991
25463
32524
22181
413724
3144
5869
148679
5400
26442
2653
35567
22616
72870
5790
58261
1346
17617
43963
2146
8199
209198
6226
8553
39437
966021
753
221559
9545
8961
7063
15274
8984
27072
14497
11457
176821
3357
1355
245940
2474
23308
11940
11152
7940
9357
84690
5430
306084
14183
75793
917
8251
43092
7015
22915
539
82438
56743
10857
143128
4526
890
108423
6709
506256
6208
172
1903
9441
18679
5368
41016
6403
17752
4181
9750
25613
5847
3059
5349
4281
1120
4805
3517
3475
39355
6731
70905
13931
2934
7669
13307
3735
2655
4727
14211
3908
5395
26057
18110
14204
18378
7676
11951
287163
14771
6902
4521
1576
22707
16528
6639
156
7846
9460
2784
164049
29989
18737
18834
1053
1418013
3702
23925
17565
19552
21015
167973
6191
73454
74543
4487
549080
13923
8080
8173
3350
32828
1002
63071
31073
1300
11993
2182
27351
12697
31255
37251
244633
76633
11263
4352076
325453
2968
659925
58561
7410
2207454
5331
4307
18619
5192
14164
2081
6351
46063
3027
1848
838
137076
10121
11111
3429
2732
81397
20197
22069
13195
3465
762
4215
6362
7190
9358
4401
27367
3003722
100560
1396
12091
16350
11740
6887
65954
25776
1411
3289
95853
9389
405017
24721
6819
4124
3133
3089
2029
7662
538
3320
5062
14254
315165
5521
219346
11163
42455
13609
1899
2803
14291
10649
39132
1106
47462
65934
8099
3353
8075
10395
1503082
8254
1400
4841
25593
27142
19557
8840
1207
16214
3963
6271
7041
7649
22560
3450
67620
6405
4884
6652
8652
7241
3807
2676
59696
21665
256712
4612726
6963
94435
19182
19134
114217
9419
9792
1637880
7771
3550
5633
28445
124
17832
10069
66496
4163
1964
131632
22240
1444
594921
125248
7098
1678
4261
23734
13968
19813
7829
8162
6666
10151
7109
11491
7070
3906
19134
10748
2163
4739
6978
2180
3068
1789
20075
10201
18914
52887
509981
15169
969
9736
20727
522373
13944
1474
8669
5813
48382
1462
336317
8663
13213
33837
9028
2035
3224
135840
36402
3800
2945
421962
5408
614388
10199
7051
12586
40909
18607
23141
175276
710610
30907
2598589
5617
3498
3761
7425
12041
8978
751473
19020
17518
82772
18088
21021
116424
18515
11221
3409
18575
53855
105101
4229
1287
3484
46108
538333
11647
79050
8414
13228
195249
14544
1562
585769
2759
434191
6104
31031
334
18158
89892
20962
10188
3337
8170
264953
179643
3018
11138
111877
1477
21035
17792
5703
6884
8554
205409
4395
8575
92851
21323
10832
7872
1647
6827
27924
16792
120
2433
729
8100781
43256
11419
1280
9915
8070
199893
32065
28847
5638
3450
144
120065
36202
2900
517
17740
1920
27245
2417
15452
79280
9745
4165
18118
328356
463887
9573
19951
5042
155976
10575
7287
10171
817668
125149
9855
2066
204938
198057
99109
12040
11968
1166204
1394
63770
7160
5311
2634
12925
32445
5980
7305
2814
41684
907
8937
5282
5931
31284
7548
1876
136203
831843
1328
8461
3600
7505
45658
9633
8971
2827
2377
174561
5557
11708
65211
17051
20723
104351
3707
6405
7010
7047
25294
153300
45978
2006
26520
9884
17627
1100
2765
8758
741
1989
9289
664
3092
3668
38272
18113
2208
19795
130577
2411
233
52788
12439
2628
6013
957210
2628
89596
15195
5380
13314
896314
18386
8404
96987
1431193
11245
2193
74161
180894
2888
15546
386
17110
3843
11189
26343
3334
7096
15123
3111
6746
6582
6467
10905
6533
13003
140429
2133
2268
5732
3190
4946
11536
3162
103551
12884
53954
2274
10208
10152
2220
3500
30535
57877
1882388
3907
5060
9998
7710
6857
2417
10415
17983
2413
9033
8097
11041
1183
10218
34380
6329
7920
3070
7584
8857
3882959
3517
64402
2387
7163
8691
18614
16144
6742
1360
8759790
6800
706288
30306
19744
6385
6322
11871
52958
6058
262
31995
3787
7370
6307
50646
227278
25022
14941
3758
601847
5766
30994
54434
5392
2708
7885
6065
584245
59511
6164
52030
288501
26258
22425
6505
11827
23455
460712
23737
2181402
42035
7583
1026056
51244
68735
6665
14392
12652
14625
32773
19975
8200
8090
3423
1239
2384
5018
5339
986
240765
116977
4097
33674
12664
5797
65551
4166
3986
8837
50170
19484
4801
3194
11705
1770257
18996
26789
2959
4705
11359
6532
1398
6608
13981
4636
3885
4178
2640
27631
91838
3608
1331589
6458961
4354
656
2651
6161
1879
20795
7663
23061
1676
10339
59759
29057
45721
1268
27205
6473
129116
6324
1166
9797
27168
2598
1914
883
4989284
15063
233
26158
11394
566490
4166
69983
910
26574
1980
5828
15697
19754
11400
30258
52310
223573
11079
7221
49405
9842
4721
32897
5848
2531
89133
10624
18429
42111
10672
42648
49124
19797
15086
26773
56789
15103
2394369
5279
1694
40942
22973
14039
41007
1257
5374
1381
5574
14220
6013
1093
10639
198508717
15663
34858
15261
6316
2891
7389
27412
10464
3075
118551
35528
12081
10979
8519
8469
165796
10327
2291061
13484
115392
17641
14180
3001445
1301
2559
526
11131
5215
45684
10773
3644
6050
37547
133116
58517
56343
10385
261
10446
10390
17710
7345
6428
10007
17061
10332
9947
7228
34491
6272
6190
6448
6009
22161
122803
9199
2313428
1978
38545
31295
3339
4630
2785
2660
7792
19343
1912
9373
3272547
6248
35680
268763
8942
14170
642
5967
24291
2619
9520
8242
10401
28799
23431
3473
29094
11393222
13901
15202
21218
3252549
10736
5038
199375
2560
21893
8788
1613425
317378
4376
5035
18710
3964358
198807
10738
8393
27824
119636
18580
131136
6590
742
4208
54798
3199
2029
185131
8681
78540
21977
565593
37711
4785
957
30402
4672
9291
2749
289
8144
23377
120704
10610
8827
3874
17403
5142
133490
393
7212
72271
4199
52845
17637
411626
10507
42187
6079
5040
1810
7227
377256
8026216
4499
55829
190278
11932
3891
1189
9436
32100
517
18351
17358
13869
16788
10412
7100
59390
2409
32596
288942
8457
10767
628811
7952
67787
3534
15072
105101
6304
10591
224692
1971
10756
6307
18515
3581
4578
885
1985
20347
31552
4700
60842
11041
3505
10484
102519
19914
7154
3324603
9508
4897
11047
9013
4959
2326
249624
61157
8619
12470
4833
11245
21334
2935
21707
33285
11994
37470
1630
20462
15485
6232
10913
4944
10783
13759
4215
9105
2599
19292
866
1654
8235
1724
14869
3476770
1130
6663
2546
426784
24349
17009
2184898
33999
12644
7017327
1591
183646
9309
34898
99276
4388
55609
11889
45678
14328
11391
20902
9791
6257
1527
19905
22452
168755
3739
15969
34033
19982
11550
3886
27746
11265
115067
41990
22368
14496
7847
3652
2045
9077
2231896
7528
171
187471
25867
218608
63087
4569
16943
2603
1031
11039
1489
38559
132074
9339
4423
47080
25854
1300
173571
20160
4470
1605
5886
37251
3018173
14340
256869
23937
31949
190574
12711
9837
4216
9351
12473
7875
1667180
3594
1362998
85085
996
13924
2207
10535
29488
803657
10084
5828
1385
8811
45427
32831
11489
10485
86425
15812
20375
27121
1552
2791
962670
204176
72126
14361
615186
16108
76030
16073
11628
1933
2617
3983
5407
9935
4416
9647
15140
164262
23003
7921
11710
8678
8501
3449
2968
7092
12184
21948
321286
29669
18421
2400
32312
3271
2973
2721635
59896
44895
30282
22432
6136
90218
3467
144449
324362
2874
14400
52921
20950
13325
12853
6810
305483
17455
572
1178
22488
31077
15530
133011
44085
889
22937
9129
45362
44229
2698
9646
5831
602419
9420
11408
12307
55978
2591
110756
49163
7783
33042
18426
184702
1200143
3097
81936
14391
3419
5032
7282
6035
12352
105407
96203
2313027
218377
5551
20676
3389
139470
133179
7053
25176
322325
6343
9599
25797
23117
11218
33847
9584
234726
11292
3657383
7275
5053
80750
354451
7350
46573
16070
969
1997
232384
5193
16101
1983
6312
3666
4687
104750
2650
65616
6688
5755
3314
3650
12016
12150
1248
5621
2130055
42928
9733
1077610
67034
79267
66039
16193
7111
8190
7908
4112
5344
10211927
56313
3050
10068
22409
36324
3703
11715
152670
4402
36693
96907
1480
109256
16834
55354
84535
13256
11205
3357
3743
8571
1279468
104313
906057
43726
5998
74998
8223
1268
9082
7890
1520827
9691
30545
112290
540669
677526
15392
4433
26957
2783
654420
11929
19588
21256
10861
28279
5181
22942
8843
12750
1573
2140
15445
2005
10372
23245
137046
64161
3414
77358
145570
21229
7829
12554
983297
17007
9960
8437
7315
7245
39797
426
5499
15351
274846
317
1582
13529
22793
4620
950594
18017
6069
7027
2833
3191
57727
84053
3907
101631
3620
73339
139087
6059
6402
10142
14391
14329
288
6769
8675
1385
102438
33887
9969
6511
20690
2779
11180
1982869
12221
3601
13310
38961
4455
80394
2941
35358
563
8688
19374
6695
1528
6925
3854
9428
9030
871
6527
4018
2723
7905
7123
4433
88502
5071
1494
2005
14041
109469
8978
8254
27713
31530
1072
2195
2711
7616
4712
7148
26448
6185
254
2328843
1384
17723
903
8374
17279
7161
22056
4237
132681
6987
14119267
396031
33361
976
18871
2262
11797
31688
2810
51132
7708
3777
19357
28095
17976
17685
2913
4539323
66138
2994
137766
20187
4827
4895
15747
15739
2180
58601
2009
1220
14594
10099
3273369
3642
68173
591
21831
2184
2319
38736
6199
1325
23515
16723
41900
9418
8149
11281
1910
2081
379
20993
17221
50121
173718
15019
7383
369279
2672
13012
39532
32687
79771
5337
9107
12121
4800
219738
54651
7909
582413
6852
4938
840
7842
3702
28840
6994
423
1249
24523
4336
18040
8045
7246
7585
62408
55570
14863
10869
5365
2090
1751124
12835
5294
4817
6611
3597
4713
2453
287773
7868
4201
68097
13619
3902
8318
119822
57624
21219
630962
31600
1981
4606
9901
2160
15523
10353
17436
19070
14015
16961
6960
17503
10540
21190
3936
36638
3464
15367
16633
104
20405
10364
599
8961
2222
33333
6970
3753
4203
1524140
3820
1459
27263
6251
23004
14514
1500
7491
296
20850
3208
5676
96236
9168
1642
14942
1093
19580
1018284
4489
410771
3570
4160
71313
5088
307240
298506
38959
8079
6964
7182
3196
15719
161296
34589
650967
23898
2531
791271
4948
5295
39957
4359
340
191302
27860
3641
2903
3505
6853
42158
10419
54332
30898
57656
3079
802763
7922
2626179
19186
667070
1847
54868
7951
5531
60593
96230
53687
12305
7730
23926
964
26182
5749
3601
3109
106803
1238
12210
114300
16719
4820
13800
8982
6036
123953
14515
24721
5019979
5951
4026
32229
759
5370
4206
36666
67257
144693
6468
9653
2112
10906
144250
3845
55783
412310
4761
4908
32241
6718
17973
20320
156935
13639
2309
37244
8176
1382
5862
2193
19353
39399
10646
2365
6776
59935
4754
3728
676469
2409
27888
3102
11836
15698
222531
486191
614408
1101484
4553
6205
66156
58839
5438
4737
10022
10125
33218
152645
411
5829
35281
19398
232
8570
141877
13516
52266
145189
8537
5126
52796
93370
1136
9585
94505
19771
3793
5615
621842
8222
7904
6225
2644851
20597
15974
217405
16775
78857
20647
7835
8628
2746
4875
8358
15555
263742
10767
2480
13516
7306
6712
19487
28559
28616
45332
551876
20053
3495
8216
1689
101827
19132
25856
915
4824
3454
11883
1256704
15788
126105
3488
6435
16777
4341
747
27626
11498
9902
16593
120009
3120
16526
15060
26563
65338
160913
19367
25630
8365
909
19240
7759
17585
6681
432669
848494
2244936
20015
9499
34635
1196
13270
417748
5117257
64418
4497
4373
7699
35111
7391
2635
7434
6822
39252
15820
17700
12719
4896
44510
1785
63632
2170
3566
46152
831
5585
5919
10141
66245
4849
3733
1963
53737
222122
11020
15657
10874
3313
12648
39533
3736
7135
4017
4448
60660
28411
4952
7292
13625
15031
6293
1915
14396
8063
240320
16113
174844
10406
136385
2109
5654
9627
35351
13038
7954
306596
1969
27505
4317
7775
7993
5315
7946
2998
54935
127527
2315
2898
5122
14215
1243
309
10157
12279
11424
6161
868910
15953
3481
2985
5271
9728
12343
173931
22362
6864
7083
22969
3283669
5636
9133
578
6926
157821
82845
3693
2383678
2924
8341
493
1071
12169
8015
9274
171416
1357
53250
39814
4062
62034
5173
51393
5182
2005
13159
4224
13484
1276
185
71485
12746
9216
12338
4094
970
23966
2551
10341
1288
5038
574326
38385
1571367
12264
2679
36969
8711
3419
25754
7212
106664
18343
819009
12061
271400
294580
358660
12643
245234
2441
131836
2712
26372
11740
32672
20721
6919
23570
28366
8006
58195
5887
119340
16751
5970
3324
2907
1386
147452
4943
2623
96262
8075
3783
7290
43016
15384
16665
9917
31672
1051421
6411
28741
3143
21890
815768
74451
36347
4733
27916
2977
22789
19361
23407375
298548
13792
25455
31259
1112
26260
9144
36834
6346
244797
4836
4654
10850
8417
3923
22097
7408
6060
2808902
964529
1103
9361
8914
11689
22268
9183
14359
943
18590
2450
19603
8470
20652
191943
31494
268773
12668
63859
12869
15219
4443
15689
33197
22711
7547
1493
80867
10531
15112
257853
31644
3369
2772
1391
241021
3171
25634
2231
2227
47928
31425
31521
6911
6552
7855
382964
4519
18921
9980
9166
2836
16006
1284702
1294
87811
277900
4337
14521
6716
8919
1352298
18090
319
5382
6343
2324
23045
9771
480
16427
17737
18753
41964
53394
10403
85909
3411
10804
2726
48311
6684
3556
165510
11441
17546
11358
25634
1758168
28437
4194
15775
39109
11990
29067
7516
443
989
13752
11211
2486
3226
25419
10592
31988
7493
44395
33762
10827
18594
110729
14841
347130
24386
8865
154457
2818
6317
12016
25987
60710
47437
1509728
4369490
1548
4305
64419
593
21523
7810
8408
1443
9759
3633
34038
564
2518
93394
2098
12386
2115
5076
234820
3225
5852
6642
27179
44744
85883
2748
6595
9436
7558
35482
12929
13329
8301
9315
3477
2902563
18592
5188
8366
9794
16973
17715
24915
29894
6910
6699
5275
28522
1387
3745
2933
2783238
7154
152844
1244
5143
120930
21530
10969
3752
2143
19268
6777
15030
3862
8868
88906
17058
189430
47445
38852
14017
947827
1759
17587
857
581
16120
53559
91063
6579
11085
47982
11446
3983
12042
4061
6844
505
10710
3749
7630
5323
9457
5864
16416
991308
1833
25580
8678
166059
16535
4801
48721
14717
2631
5476
4076
7798
5020
115424
10904
29249
182683
20807
1794
5015
20319
160129
4561
17615
9060
4285
268
3361
31171
15894
17475
3500
9146
58031
5562
2177
1225
1942
63515
3565
5579
24654
116087
4436
16977
4410
117611
14605
36251
352304
4256
6076
25334
26038
8030
9136
479340
68617
124170
5051
11875
3944
562387
7570
780
1624
11734
233002
21574
4429
22136
7300
132940
11605
12374
13392
1668
43400
5984
85444
5405
196831
3669
10609
15804
5467
9516
4838
941
140353
3588
230555
4915
13084
61764
307981
1072112
7463
3823
2692
121255
1795
8135841
8974
692
2426
2910
25339480
9007
509453
6184
17104
8857
14048
1754
5381
13975
9935
5016
836
6609
6651
4473
358337
11295
3000
2109
21260
10908
38680
33246
11133
10664
64048
18169
4355748
25918
47333
7329
52826
214413
62876
7772
1476
1881
17739
13928
28428
922
96677
166966
6616
4762
154877
1514
3913
8643
7423
4392
11873
30076
39523
5482
5369
33900
3495
26245
8546
22430
11222
13415
125074
2694
6004
105009
3493
11125
96123
305137
16171
8659
9875
6904
13087
17969
3573
23112
5542
37049
13397
4788
1859761
1077161
43924
19733
6813
5558
7949
333236
77922
497334
18425
17430
51153
16875
2098
9923
587859
924042
39207
8850
5713
491929
13371
7302
3819
5420
163254
5268
7642
17649
15874
2781
11003
3622
566871
8425
2521
1682
7935
6792
8794
3168
78949
1479
10956
10532
54453
368675
4704
2379
10717
174160
63114
14967
15373
22577
3025206
217759
29507
9256
2131
220205
3417
11391
14045
3916
5885
7355
22692
232586
142774
2965
19937
19355
4741
10964
1204
323962
18899
29541
13977
35496
4715
439598
13215
279427
1601730
120627
17399
896
7919
626398
10521
76604
723
8899
137550
111529
14199
1271
3477
49491
89296
41434
2869
4421
48795
5019
92952
11307
2248
12930144
37285
143421
45742
77800
6851
21860
221899
971
6185
306883
3001
117465
5150
22817
23884
17030
12510
252995
21747
266
12053
6429
281380
6022
17527
77903
52377
14700
1235151
434780
4489
3612
6917
5856
5694
2770
7735
11943
19465
98980
1918
6906
39873
5929
10259
117144
631
50580
384
1942
8360
4530
12814
18794
307835
29422
6616
1673
29805
15323
220021
20052
28441
1959
9748
13315
11737
418
4049
4483
21751
2927
147700
5838
27432
8593
666
7511
8474
3022
3940
16362
50906
52621
23123
12042
19578
87065
8293
74132
4808
6524
2702
167617
6210
16444
4777
82001
2908
8237
93944
16649
11778
5110
10990
55023
8913
651337
3406
18982
7809
8798
4616
7789
46576
1683
200520
40299
1473
9060
443
224
17808
14640
1823
14028
245593
5820
11454
2821
3091
19066
994315
9217
3149
11540
24754
4443
91959
10096
5181
17144
9230
7128
15921
8088
15707
3178
43345
5503
71611
3191
52725
10859
1238
129600
2538
11424
2881978
12759
13545
3677
39167
13028
6697
8640
410
7825
5321
4757
11926
236799
12374
14919
65729
15308
14727
4157
7318
11294
2293
12817
39085
59210
1698
17831
74130
4260
48529
7422
7411
35529
18192
1879
2121
236422
7542
2856
272
3813
20061
72379
16059
13616
4894
10617
82421
29309
212854
9007
20411
4462
2960
11604
3420
13429
9358
3596
6885
12114401
777
115494
16428
9676
8774
4078
2642
46274
2465
13190
8323
2726
15882
53747
13503
4479
3907
17004
740832
4012
43423
1245
22784
26578
11140
5032
1569
37923
1168
839
33137
4282
17649
14592
10180
72796
26226
12944
66922
89847
2692385
23570
4801
11191
30431
4674
22728
87515
12480
2413
194003
19295
18585
2363317
31794
7828
61268
35539
4600
205316
19244
82762
4960
15601
3796
24568
5914
13167
21616
13327
11973
12648
25930
428710
488501
3365
4323
8511
80218
470406
1866
7827
1039
6538
5380
16667
7952
14107
833804
122299
7637
12425
7475
15583
1870
689
979
15045
2832
3212007
6604
12358
256098
375603
7298
10951
115032
31062
166247
15418
12971
4020
4463
799
9072
3146
2319
223615
19583
36432
8818
89210
491830
1046377
4049
62160
5101
20830
34013
14952
36198
9887
14962
18574
808456
23794
7458
9307
38242
20578
519
9492
4562
2586
6108
2703109
179526
3075
157704
15837
18156
291024
72671
629369
1788
13518
5934
73080
12188
142668
126982
16549
27197
7540
4723
992090
14283
11956
14943
31483
1231272
438143
359008
264680
4858
5756
125414
49659
211998
384
2012
11473
265347
8006
52721
55765
2661
11985
202454
742
85809
242254
2054
12710
4982
22281
627
60393
797
3180
125450
1852
46980
1022
5063
8828
36149
6308
56807
4922
2519
488
613
6195
539231
59910
16233
70494
14673
167168
40246
1026
18840
6258
67087
4392175
28503
1497
7237
23777
4662
3146
17520
61065
14799
25791
5221
21026
4903
58682
1217
47581
19972
3199
47956
15018
9715
15004
19403
4205
33898
38752
1030
7299
7507
536
5336
27581
15183
12252
9332
45760
23365
806016
5517
39890
6453
1287
2641
18124
2925
12340
5900
3697
102394
1394220
14591
17312
683
13136
3559
3766
4440
17256
3586
3944
9170
18867
2499
72584
18302
16083
7373
31328
6842
8543
83212
4223
66093
1655
275233
6015
682941
7654
6568
1404
78967
991
1002
8422
6006
74422
13964
22270
35361
2565
8047
26602
123859
3370
11043
548
11243
20530
1281
23508
134679
22638
8497
33668
5657
3275
238921
3642
92188
143588
4583
194600
9003
11619
3071
13100
5985
227884
1119404
3295
6689
1366
7377
1558832
2761
3367
8919
9370
3086
15478
73175
15968
790
2971
730459
2830
218913
28506
782356
56737
9006
2505
5615
3550
3802
1672
2111
1933
28296
5755
13942
34847
1490971
9290
1304
1598474
13647
11218
182990
10960
458373
9530
16769
285148
18194
4129
664
8712
179904
2534
5196
76512
1795
84661
7465
8975
3192
14910
10502
13987
4413
25528
35293
2595
8587
27690
37630
5214
214213
7350
2727
299090
20230
24398
5332
23206
101113
1062
19227
1144
43092
12428
393656
301976
25634
12409
24274
19378
498642
12675
25691
18167
3179
18664
71267
1631
63990
1271233
37410
13700
3153
8237
8374
5003
610
2022
6022
13747
7803
1653614
2442
170736
10388
14965
4611
15796
2188105
9451
52025
118207
37134
89215
2177861
125394
36413
18306
12641
57979
14584
21996
49398
5909
1683908
76150
3973
9877
3036
4440616
141717
77315
1695
67251
2166
7521
587901
6409
5829
37608
174078
9358
75559
1702
6345
395771
19689
11164
12889
37040
35417
19488
3021
8697
38417
2508713
289
3273
5282
50302
349843
3908
94501
6816
9487
291117
28811
9930
12615
52222
4453
8919
568614
160919
5958
2959
194801
5862
3977
214438
71635
327
488861
402188
56692
32882
8611
4798
4990
2088
154888
762631
151675
20238
5319
211103
125592
260637
13767
1656
12243
3885
7456
25572
16346
5185
2717
4383
1448
13796
174408
8249573
584008
2563
8088
5934
1293851
24577
5196
321497
16206
7871
6432
1608
831
3196
9161
24399
24204
632274
1642
3378
3578
10146
24979
42184
4534
114650
13957
3876
2542
9074
4381
5536
2975
5352
16999
3502
10576
35469
1118902
8868
157354
7478
104018
2558
10765
5753
36142
11310
80342
3406
55246
31424
3204
2504
2357
39813
15633
11993
4562
495
4158
161081
24629
22904
164
7898
2072
76276
10347
51290
9026
9338
1600
62757
29447
4836
1976
50361
68017
4067272
28203
2035
6872
50470
2388
2260892
8891
1903
254370
20011
9788
3396
8389
58821
3921
3877
967
1870602
7895
13008
6152
30426
20560
7091
805
2874
4652
8236
657904
920
26816
13948
5320
1840
3290
8506
3528
15577
27392
13661
2854
23166
10617
2308
15179
3867
745
5399
16082
20368
5833
862
13175
278988
2603
14491
413119
24065
5492
3476
18365
126
492
34786
8743830
14019
5515
1326
53180
8715
1570
1852409
196174
2810
3872
2123
429486
7438
85582
338750
13299
458928
71467
4332
1881
378
2767
4333
949107
103297
22143
714
20167
59398
482
9575
103256
784
3967
1098369
31214
5579
4231
5688
20099
252840
15781
106593
16952
3893
6930
11782
87671
4509
6640
1795
36827
4716
6182
2549
1509
18339
6552
9378
4168
23957
4375922
4081
4176
4779
4032342
15680
5427
48619
2495
14842
18282
14725
52196
2959
8566
9233
36019
80211
1726532
1620
7913
4292
7235
13405
5004
6386
10070
3876
140453
10025
10301
7969
431
4662
5604
15889
74076
162649
13979
6951
5760
4198
11589
13643
2035
10900
12282
6352
5669
86440
574754
22853
16377
2445
20932
5616
39788
4098
33405
10855
17434
2497
4711
9159
18285
678000
8734
6658
36448
4397
3714
239406
6991
9718
26268
17375
2132
946387
1914
8618
9236
2722
97544
1467530
5450
27297
27956
4118
18140
6473
7967
23809
5273
14161
575677
4426
263081
13074
34562
364185
22319
7745
8924
8362
1993
710
1200
21868
809
10027
9215
3205
205090
3483
8181
10040
30035
134270
60736
4346
11349
8898
30114
1443
26347
4299
1565
48837
17370
5786
19918
1398391
8605
10329
8815
61936
1534
758741
11937
1008
90273
887884
22215
13330
212
288320
11753
19865
2171458
4451
7113
3740
956
18260
4433
408918
2455
196
467326
556902
405182
293448
55
2573
585399
5368
89307
549
2190
8425
2312
3098
22907
3691
2223
1755
9744
14832
3441
5863
12357
308
11765
18099
9290
234092
3850
54429
26453773
22377
10048
1469
15439
3377
313
6679
2995
3026
45353
10223
9545
83921
13775
2998
1657425
4171
3087
166412
22627
189614
11137
51346
4705
1235271
6131
210992
190105
5508
1723
6435
3296108
18305
38248
765
15996
2516
7431
10088
35892
2767
4216
17085
4834
1426
8802
86454
76910
4909
14767
7725
67692
7891
29220
23455
1379272
8458
6716
402948
10343
5615
5638
1188
11232
64244
5801
10611
40413
18649
12906
403368
9222
2137
7075
7658
12422
12822
186
86990
24015
143421
5310
10281
47935
1039518
7606
37846
1984383
21112
2971
24973
3762
9172
26230
13601
8552
322089
15734
11078
7745
228592
8167
15919
64435
4158
21131
9497
931962
6819
2766
5634
39002
8893
713
5955
381
26849
3140
19855
12017
1493
9043
3391
22381
1015
200712
14200
131524
34784
5624
3365
9789
14521
11357
47560
1290439
4615
14664
3272
2422
5826
3721
2555
6676
6542
1704
9717
25140
9973
13446
45014
24932
1442
454
2211
10515
56657
2076
1306
10117
102553
5332
7250
8356158
19434
6265
237027
3344
20390
14049
116
375
10864
1355
709130
24925
54919
2004
5566
4025
4172
220292
8186
128596
2850
16367
3469
9706
18869
74050
223663
27431
296
5722
2098844
6135
828841
6744
2132
105001
3141
6052
19972
141421
6764
37410
4163
23118
134335
9052
2021
76649
2799
1353
6690
7794
158861
8353
1161
803381
39882
1221963
1996
3485
9358
457490
12160
0
8156
8954
4051
46530
14825933
2346
4022
2445
676
805
17785
27836
3409520
34310
2815
3521
28221
14899
10137
10310
814758
15804
1062
46067
9122
4855
3250
4857
10352
3583
8495
9754
3476
6483
7088
5508
24298
360661
5060
19294
3458
15253
9210
2418
9814
2007
40714
14403
6660
594833
48351
13093
4702
5466
8542
135168
1236
39396
2229489
72716
10250
44357
2258
3889
222011
13457
8214
28480
2421
2917
35133
2759
12753
2446
43123
88484
13778
99825
1212961
5733
11161
12633
2564
12456
5764
9280
11567
56191
39559
2225
1369
352
1064
34148
15012
459538
18813
4623
2644
4861
16430
15946
33671
113565
5694
7066
15400
2322
5233
10622
3308
4153
2636
12967
2130
8232
3066
895954
2766
1896
53402
8686
1953
108792
18526
2576
37127
8184
416
13130
9461
6651
33395
47269
10719
12742
60689
26058
382
5931
12172
6365
42734
84056
3816
10765
5301
40605
2578
1186
2175
45443
3788
24940
14448
263460
16235
3050
2247
6543
35151
7100
75174
2580
55577
1082
12232
114726
15932
14118
172251
84154
421585
2025669
12274
49449
192564
482806
64354
37354
1444
59832
3582
187318
1291
18653
51297
7927
2567
11497
13048
1721
5693
14044
5711
6623
23505
1459
11949
23305
392150
21329
43337
9564
23836
13726
6039
2289
7071
16090
5555
22740
1216175
4563
2148558
1254738
6432805
645630
483
455
51284
969
5317
9028
5473
13864
2198
16509
2880
5462
600911
193447
24814
18127
9224
46480
783420
2007
10310
9430
124649
5572
52167
432836
9532
104735
405
813
4165
5737
813290
5948
4150
5446
1439
18301
3093
5055
19672
846997
934031
72225
6984
11481
121789
257694
10405
52774
152492
21937
47340
82964
10535
33193
14303
71557
14287
5367
46191
754883
798404
6664
39149
3170
594398
499827
473
6566
13276
10255
13027
74018
6623
22177
14979
27038
1568
12172
192014
6280
6759
25295
302354
3747
2804
21143
524
12173
4800
6317
18341
8370
4153
11547
226
35933
5729
87762
14856
144336
22415
2729
2289
20035
3965
3359
81103
211017
6172
6054
33049
5086
6461
52724
43464
4175925
22800
5622
8100
3881
12761
10163
150602
5102
88877
9204
1012878
36091
9609
8118
3993473
3289292
545753
3642
8677
11756
12042
700
22721
8469
1226
2476
4355
10473
832710
446209
45498
7196
15612
9575
416278
1229
7730
2809
1553
14563
2291
33874
104681
27925
404100
3844
1246
3223
7363
12122
6702
47878
178878
52765
1615
2988
2907
76908
7607
2854
5053
10586
251900
7618
13295
8157
9611
208936
10753
425082
9296
3782
889
11909
76223
11828
19205
10379
2418
6627
13245
47158
24192
6135
34522
12159877
1050537
158
4164
15923
1839
7187
9554
234479
26232
28893
1398
43455
13913
172
28282
7741
28648
229429
1816
86515
924601
364310
2247
180061
3181
21479
16825
7525
5836
11188
5947
8220
2163326
69009
9715
20797
983
590
23339
500651
1551
9128
5336
33602
560
450
20047
170699
28587
38422
16367
7593
3147
7018
1624
9181
46656
1382
3141
3404
1293
120867
18761
3550
28933
39824
770228
15786
12979
63980
1541
4573
133536
8769
10709
3281
3260
573324
5860
5519
17470
4521
6328
258639
2073
4129
8998
2342
122448
4679
414
1913
12447
366
2396
5083
5903
2457
481
9373
2818
4975
32976
2147
23556
30186
8232
7898
3914
58975
1464
50072
6264
271271
2854
12789
692
574
8050
1802
17032
1306
6734
35442
457833
3864
33278
14996
80270
22383
7812
16768
80
523
3674
133
8617
15552
4046
39767
3487
10816
58553
7258
7525252
16836
5286
2888
4081
706215
540633
5573
7445
17304
2125
3991
32318
2878
3715
928
13031
60062
101370
72289
2983
5396
4727
2786
2247
2940
6132
4282
2550
169093
1539
12021
3746
6141
1512
5280
26800
1068832
5761
45660
14867
51679
8567
1562083
3958
7650
8186
10922
31939
19150
37145
9696
5896
11026
252324
4493
8278
14606
5198
183347
38680
54777
4294
424185
54859
972807
3960
13232
8472
6315
7471
22604
26493
9300
24443
349955
3255
796
2860
3956
1333
82586
1948
4988
2056
28798
6273
4125206
3218
3815
15273
5882
36992
142011
6139
7229
7211
40610
2330
2923
36442
1251
1098
12087
156081
6703
1169523
14890
59253
5312
13992
11243
23727
5845
591946
32935
2656
29051
29662
8827
60726
2927
3850
55124
8958
693152
6401
7106
13413
1476
11702
62434
9706
2301
4308
4930
71875
453579
7807
20280
11310
36757
636562
7780
6953
14511
5469
17849
2686
1748
25522
58685
85478
11985
8455
4426
22577
11916
7008
8609
318977
2180560
66930
12458
1165725
8772
22139
29428
5028
133692
7888
3796
8465
14723
4302966
5060
25487
35176
47295
2049
6041
60507
8153
35483
418324
7925
2371
12032
2710
181999
8072
7202
9153
10852
336
9181
1664
5919
114994
1862
81231
2707881
4798052
1130157
11329
23427
117316
2194
16888
57743
1286
6250
46319
6737
39846
9784
14155
4631
1443414
3563
301834
126040
54938
13686
129654
13475
5692
5032
197387
3680
13019
66127
4075
23908
1515
3129
40254
195305
11537
13935
11767
224718
30956
6219
48680
469478
68823
987
16701
19464
34116
2452
9258
1739
3082
1498
19389
3629
5029
6107
7899
10777
11030
1619
18707
575149
169385
23391
5995
15886
2804
176785
12550
91110
130020
51493
42596
1269835
4502
1759
30935
36551
2697080
1151
27398
16485
7120
6419
82659
10755
838307
70415
1919
9460
12235
4713
14908
5461
1207
19083
61758
40529
136636
536
31395
21712
12820
108776
75042
15352754
3853
513841
3618
127098
4679
62773
3125
8892
13804
19105
3550
36227
5291
2501
3486
12991
402
718
3042
55486
3934
2029
30883
2280
731592
4160
41009
720982
5962
6525
2008887
29981
7458
25701
3111
4299
132029
11796
16566
5471
2625
8693
86536
3729
12401
346954
2109872
2260
61010
4780
2262367
677
6452
8499
184541
6610
10487
56066
56768
78190
95403
17617
3832
335
14525
7667
788
25017
65525
25032
15123
880
137530
2209
1401
7511
21755
41227
16085
6727
17278
2495
16114
7643
13328
7867
8736
10018
9307
328
4088
28852
35111
23730
167868
786429
35865
2047
10444
6643
10072
7685
248586
5487
20215
7731
16714
35565
24172
41498
2300
135062
55879
893
3221
20194
102028
29962
2208
2850
20222
6257
12954
15520
1515
4728
8368
3363
57209
35707
6244
7724
15378
144924
12025
23437
8332
133663
64131
49336
710
507
35409
6071
67954
105898
8182
13289
8534
57351
17153
52959
48490
73334
5259
29125
1284
6448
131
6906
1746
3548
25571
19256
11179
3201
34004
1771
22773
2227
9651
5665
2277
7336
4660
7376
8979
9736
234178
20483
7966
8435
2591
3139
3657388
9900
319826
13255
45356
963
546
4768
1321
269660
66142
671
6596
4381
4645
3513188
2322
4605
699
4303
191750
10736
1665
8587
67760
2331
8025
10301
35211
24675
94965
15328
71783
5258
5540
4868
190157
1212
9966
50418
5764
5610
21024
981
81100
23846
677
95767
6859
1576482
3820
890
5245
101834
1547
6294
30560
10809451
1896598
11379
24988
323427
633
7547
9217
38242
324
1494
10564
3816
3306
1148718
1079
784878
117592
150755
13156
375518
28090
19678
90125
3511
102815
12069
191110
1418
3579
2044
6005
5403
41397
2060
17384
11533
17994
214032
6808
15319
30418
822
3873
40464
227864
3286
120055
9021
12414
7115
11506
4925
4769
728889
374
14526
108928
3653
305181
7220
1661
953
2667
9690
240
3874
3142
3160
126524
202004
1446
11429
1252633
1716
3865
3416
12097
3906
19429
4381
14891
28083
2478
1423
10900
634
4426
5460
1812
10066
16161
1935
88447
5905551
12961
15866
5685
7428
155597
11667
130331
4266
238007
18176
7974
4505
5371
8869
2887
2503
2821
4683
25354
10417
17235
717
28828
33283
14780
17628
54352
3828
4515
1035
5408
7148
318256
6692
2022
49806
3494
728
7674
3334
67988
8702
4022
5751
10161
15635
4779
270354
1431258
12886
6839
1507
17707
653
9649
38009
54761
70722
892032
8078
257
15307
21042
10166
4084
13397
179
4362
14383
208447
140292
27049
226648
13878
477
7368
4681
6311
7741
7691
866
13689
5505
19406
6267
13479
10159
10486
861235
14693
15166
25002
4926
13981
81
6398
2443799
902
1088
47921
13155
1861
341
7388
12690
11889
18824
5232
1861
2504
44783
291358
129673
14152
4360
2202
34183
9740
7202
36938
558
392886
36588
9531
67717
12039
14509
54541
2003
46957
2777
2692
29888
340195
11840
5939
8798
4897
19259
463
4873
95325
518435
6483
65446
35434
2341
5098
9369
99433
34109
18417
2217
13996
1651
1857
324
6996
7742
331707
6945
8043
1705
5655
30631
29102
7987
807946
358
39687
10277
84411
2920
4608
102934
90002
66367
2376
1440
1588250
21666
4920
12042
111576
1479
30503
229264
30804
3996
21941
8047
27038
7356
25705
18141
367260
4535
818
2410
8140
11859
19716
421717
39659
5939
2121
65839
852
1958
16931
11486
2262
230193
527
25058
2752
8194
29307
3270
58992
45558
3249
316
58098
2494
10134
14486
7935
3453
36895
27167
23556
773010
46783
129200
10215
69779
594115
21892
6070
40627
10924
2878
733
28417
2235
36971
15480
37071
75285
2518
6216
14441668
481263
14430
516
1298
42673
3561
1003
8250
6703
4044
9809
9368
12641
544
13807
324849
4458883
9646
5226
1832
572678
715
1421
180
4799
12499
4576
497
784521
1254346
52388
3715
2635
10705
32751
21561
7584
2467
959
2772
9830
34236
31316
9309
87989
34188
3973
213441
6119
21226
520251
17895
17264
8093
3208
18162
599358
11294
9461
15076
25309
7340
982437
10280
24943
3011
15211
7589
7855
12785
4048
208743
9785
77404
7494
568438
5864
2078
15618
5790
30798
4517781
40306
1392163
230123
3904
314241
2699
14216
811
2477
4572
22284
87864
31036
47665
1824466
12092
70717
862
2208
4161
11551
10537
1522
46963
5631
1649
300864
73955
7871
161728
6831
12273
46613
11951
31345
15028
373052
13829
127956
10623
35600
1644
7674
9361
13889
13489
10828
18442
7930
981
12104
11630
9204
2518
79192
12235
20839
174161
2661849
1086330
29336
8120
796310
53679
37002
22400
58902
13112
4329
5368
74874
9362
19599
8234
326229
8972932
92374
8145
17372
5010
9476
2945
7511
7334
28921
10561
2914
4898
206645
3128
19704
5825
605443
3827
15128
15963
4641
3838
7043
50310
2840
29079
31677
660892
18022
3513
3671
15687
3694
74449
5220
4068
108894
8013
72236
1090
61639
17201
40255
940
8885
1153
6068
7025
26746
107577
6181
27463
5971
25079
5911
1096
1796067
50048
10102
6863
3540
3361
27942
1992
15647
38036
11825
293005
9806
1734
7648
6168
4268
4312
23096
5154
12967
6139
883
22750
2989
10333
22877
1857
27246
4808
34992
20647
580
7565
5269
103685
6796
15807
15016
9083
42136
1603
11660
19203
9086
4097
19889
2974
316
31166
24240
3316
24703
3529
14736
381479
18666
11852
141978
24931
32687
56964
37547
1722963
21593
2738
642
117730
11759
8488
82776
7658
8541
10666
56245
5625
12076
3101069
3883
7277
4690
9046
6232
503620
11084
3056
24650
685599
2016
2321
49455
164794
131411
6702
4326
2365
27649
982
5231
4313
4436
10943
60580
1029428
1947
13708
91531
2278
12335
7080
19301
7000
5289
6754
11184
8511
1203
501701
3409
8649
17621
826134
4399
8034
2705
5971
9528
28639
32265
11708
5824
11103
5673
6298
14110
936
25694
84626
349762
11449
2884
9165
10881
174289
157684
4423
8808
248564
908
11055641
356
12295
14889
4725
3098
11537
16954
18823
16945
1834
1269
15178
5728
1030766
38214
61786
12590
17323
2863
16104
1919
237868
4116238
131020
4412
947
41
27476
3632
2971
5473
685297
9362
126855
11183
386108
9810
3270
427152
2826
5007
18925
5820
18883
8695
2466
21481
23418
2860
42438
252
18766
4548
12868
8993
30162
3431
20458
84624
20608
4466
61043
10841
5056
28205
278272
18449
5481
3265
10024
346914
1660
4370
7596
32053
4934
9919
5485
18194
1270447
1828
28870
12878
55729
968
141490
4684
5519306
81181
1409
11201
14322
5536
8620
29526
45046
2841
29266
35392
8359
25923
962
9761
8133
17138
2809948
61333
10157
46181
920
15387
2292
33641
15670
452
60378
362
5827
4799
526
555745
11322
10296
158959
628
84758
15950
9439
13587
2719
25620
5159
10222
5205
261452
244
14087
6112
7539
52815
27160
51608
31889
1067
16158
18944
90897
158312
22196
55140
5063
4463
2347
8045
2172
9813
9385
57675
205969
10316
834
65294
11762
5223
32374
881
4591
4253
145886
77896
1575
8934
7772
11450
53783
3284053
27156
133770
840
189385
21132
2514
2455
237
9233
580
9522
6020
9069
49921
9861
1926
1270
99743
73906
12028
6819
17379
10562
37684
218709
826
2509
6774
5550
2277
1098
9889
4613
11938
18284
1504
3180
3372
20660
131514
166151
7257
5233612
2804
21352
71478
10030
1971
5987
6778
445162
633
111621
16792
2476
5514
10026
4993
637613
6641
3138
15183
131152
436843
495929
5399
5240
12238
359144
3936
11231
607
1307
8268
16464
115613
60590
13332
5377
2099
6792
4736
15205
2964
62242
54911
41582
238643
10333
31083
99088
11032
27871
87504
1276338
4506
433938
2138
7567
40
24727
21815
918173
5751
1538
19876
21474
1012766
16027
110910
1061
5604853
10115
228481
13888428
9581
3790913
7623
6214305
8988
16340
10004
2787
3355
400958
17075
3972
82315
52967
31315
9216
9425
31937
340239
40834
14182
108518
5089
12250
73397
25409
3279315
17303
1262
4204
238795
4796
242073
11004
7615
9739
7316
11286
1260970
3943
7550
16896
2249455
115724
6282
21687
4841
5940
57582
9703
636
60105
5287246
38081
27796
9655
7957
38446
33062
6869
7186
183053
8899
1590
6012
6290
17137
8060
6768
14130
6281
1424
11330
8803
2065
9465050
25264
55077
215326
11059
7817
27815
41110
2095
150734
2350
15231
14083
453
16563
2648
44902
107725
5870
3653
16467
13574
54330
9461
7681
4435
4699
5404
2871
7277
632500
8163
1992876
7389
3033
5450
33612
36862
1510
7949
116973
6830
6356
1867
97058
5893
40365
5289
110119
7104
2281
19898
6401
4925
9138
40286
18620
9111
2414
100016
8868
25511
11635
742
6602
128444
6663
16020
8185
5503
9918
5383
2452
6447
9046
2052
20535
23811
641
4647
5429
16246
1821
6669
15807
1890
3176
1189
13907
6361
2168
1896
25051
32182
25686
3508071
395
17460
23084
11895
22350
764802
8883
42153
39554
34740
5066
8277
572
7746
6736
104311
971255
12720
111304
3469
9032
5291
8205
4475204
28063
5871
14376
4250
7513
2383
17078
33312
14254
14484
7376
116564
3278
2593
17857
10080
18391
27250
11861
24141
21489
5269
24380
10891
1274
26138
4195
9151
6719
22982
6430
2150
12242
46613
11781
4832
10402
13345
11835
2502
24548
9471
3725
11845
4907
1253
8863
24576
9217
202
2888
141379
127464
17817
39917
1198
15931
7527
17061
37852
8064
5060
5618
141013
6128
32504
7321
43549
773
14935
7587
5785
169063
8402
12852
730
18635
211487
2403
39500
68635
7816
16895
16116
81728
54630
27796
24491
13422
10077
1712
6874
5561
4058
18569
77759
8358
16586
2996
8850
1713
61240
471301
405
7201
8267
6813
3119953
14796
205907
19194
27308
1057
17279
10557
13191
10251
3195
12724
133623
3509
14106
33971
21267
5680
1304
76296
319570
6376
4100
3952
616
45137
1986
3408
1513972
4941
71702
9522
14111
5844
11529
13487
3790
16308
8886
929
36957
4543
7157
8547267
2957
45576
16998
32610
2926
1096562
5672
72095
9714
14614
1654
12870
17494
1415007
58922
17444
3990
1719
91997
2142
44309
19872
38821
6265
1674
107105
18476
235942
5259
158299
53993
9846
781
12839
2591910
24821
5890
49581
9716
37973
980
5768
20749
5672
12297
112894
37295
205200
7061
1765
9095
19223
8235
5799
16040
82535
123883
29093
4446
4834
8934
57031
16175
3690
3669
7017
8737
320038
13011
10436
47842
7598
106234
6218
5657
5796
3155917
14858
116756
171283
2513
24830
2703
888
18870
9420
168993
14733
32418
13653
4316
2825
17927
355335
9801
2001196
878794
498702
62105
1014
9963
663
33849
4240
2786
184419
4217
9234
13822
373640
4586
5045
11556
467766
4347
588967
13327
70917
2831
2353525
6824
2366
2544
1135
19768
510520
11319
3991
125761
2760
4971
7271
19400
9538
3057
1500
133348
24216
18519
6105
205023
6294
159287
354913
143943
117779
8878
28278
13514
3524
107525
58115
4874
2185343
162334
21142
9312
260372
2073
2794
785153
13786
1548163
6803
7308
659
932
198944
2017
14502
35747
14067
6165
4551
1721183
26916
15947
1093685
4788
318950
133742
31805
3399
149359
16349
793
13297
5476
20413
3310
477
59526
12063
218858
14810
875
107800
66314
22266
3816
128040
602301
1650
1120941
5913
1219027
155764
9745
80
7862
3108
576
814096
26233
91439
8790
4648
3682766
14533
906
13918
86847
6487
6395
28266
39624
36624
16463
2304
14139
4307
6214
14237
14239
8907
22306
3291
14431
6876
6076
45288
7745
4246
221934
28979
16854
20206
105162
14516
9775
50454
33646
21285
7292
1915
4193
5014
15901
69480
1812
9269
16372
8721
54319
68015
590
1663
3530
7829
21774
57640
29054
21528
53675
14114
14705
14995
2102
25677
333928
2876
3056
33930
18720
10891
53854
2100
118882
3691
3168
162884
4282
17732
12467
14151
5367
3797
16544
50196
30640
4623
6277
192595
35690
155005
7681
31961
3049
4679
28967
17196
140739
4600
10148
7932
4015
71845
4648
4416643
15799
3375
39955
9026
1422
26406
1856
4864
11898
4287
1707
4416
2161
18202
23901
6216
11852
4537
18286
737008
17462
2893
29855
2007
7627
1591
1117
10784
83780
53959
56572
3130
19575
12477
53757
11713
5046
17314
18707
53845
381805
2370
9967
122059
13539
19326
443
490227
15724
71
1300
14587
23780
273
15169
272
9599
8328
798
5423
0
60305
5824
1771
57091
985
5926
1085
25771
145470
512040
2295
14208
1145
659
15107
9549
2307
22312
4524
20773
49676
13533
46078
5004
571835
7374
4950
3462
45531
195731
14406
17680
36609
25730
784
12106
5868
154966
64451
3501
2790
28437
5997
18627
7134
5187
16360
5309
15568
71508
3842
1981
4330
6004
13477
298202
14896
12256
8598
22233
602
6116
36816
22715
60489
28239
650
26258
7008
144302
3506
5743
3736
1080297
8583
18195
1531
21069
14799
13728
7649
6325
1677
30132
18157
1484050
48827
5693
5374
7460
35360
10096
3146
258401
782925
8923
44974
56083
7095
86908
191596
8965
6468
3055739
8563
8116
61228
59004
10984
2186711
7931
8536
16272
17211
17336
7533
8880
7864
53081
33286
1698
86401
91249
12785
18472
1855
6142
2489493
24554
26728
3136
3285
17033
3056
42601
288779
21864
66862
406832
29555
5691
2238994
28251
11035
17321
1872
2642
18551
2759032
674807
10069
188660
3103
28692
240945
34684
51595
16021
9060
4267
12276
13581
8227
210630
18275
26094
13356
50036
16937
1415
2181783
4892
11700
108123
28643
2417
2191
6336
110655
5126
12718
24094
19233
6988
156695
38939
219308
57773
6087
4399
29874
12481
697247
4827
7451
7562
11584
2489
16943
10592
14785
202613
6392
300932
12942
9386
111179
1262
129600
5938
6230
12966
33141
9526
9048
19858
13070
30319
6122
2039
1724
18933
3330
7598
21223
18978
85755
18010
2672
82583
304565
7399
225375
25994
825564
49419
47985
8773
81008
382
2120
11055
6287
8157
1111
1658
4642
4536
72488
1022
20971
4026101
686
74494
186726
18131
5764
4692
4607
8188
648572
13655
7414
56163
499
531078
12213
9913
9293
6344
2365
3052
145968
19711
29526
1099
392
36986
4898
4453
24183
3540
33461
4366
6682
28470
7877
4928
104154
242371
12102
2235
23760
7432
975
8857
4767
2324
8833
5844
11752
2846
3120
7338
3205
40730
324873
387
17490
291183
35690
14908
115970
622955
7991
5114
34717
13591
13532
3925
3885
412
10383
62346
26014
1901
139332
7175
2325
3013
15479
1667
9366
1280
66690
8873
19391
1432
158685
184
13493
733
3489
1497
5229
27195
6948
14038
9018
8595
724
18870
2692473
9432
3641
2734
17012
7821
7896
11044
639
14833
11388
7098
45882
4608
407
27081
1391
610
10714
2179021
19106
75056
735543
15533
12756
16711
35727
105703
11437
3854
1791
6365
9173
14743
14010
9950
1012071
10789
183797
11546
204228
8854
389992
5820
4640
47825
4599
15520
1724085
51335
4961
3401
91959
82276
4449
3702
4111
34619
2702
9297
94687
24464
8524
18955
8205
19367
3702
839
6001
3437
12441
5314
5790
2413
7686
16364
2197
4224
16548
38620
707
3359
7626
22956
2231
13747
3246
13357
2397
210932
4239
9528
25765
46138
6630
1217533
2458
225810
505327
661620
1861
1855
43567
3377562
7313
4362
4257
1970
276958
12451
1684
4698
16677
3551
197726
34084
138820
25928
40
2664
225111
66027
7894
1068227
20664
2054
161589
17350
3152
348
31747
4555
52763
20907
269590
5527
6055
8381
189262
416
3908
218205
813
54921
81505
6088
7770
9967
171011
13837
5500
12955
367936
2770
7670
54255
662214
7260
56039
2179310
36304
9311
19555
90160
67811
6943
5549
8929
6118
672
17916
116435
47711
1128344
2278515
7844
93133
9551
580000
126239
10514
3051
6982
118334
1321419
520
40820
14407
9940
20474
34812
14202
244
748373
7551
25355
4275
4739688
23349
70348
14231
6035
6772
10114
26326
12221
19444
44391
3634
10145
2685
6595
361244
46016
25312
17490
10315
29276
5826203
5338
195526
4779
10240
8868
2725
39873
91601
13359
6102
6195
29560
13379
112193
1488595
36242
304432
13114
17444
3090
921815
4774
53357
3673
84998
11898
3437
809
80468
7566
135700
32337
10042
1480598
4896437
26117
4303
2833
74539
6700
2234
200105
39688
1051
2804
1891155
27758
6242
6162
10758
3606
15234
14704
2289
4072
4918
18062
12999
6184
13602
265999
350
29844
10816
35762
204996
408780
572773
114588
8284
5152
99514
236
201100
775331
7952
3810
194581
1179
3080
3036
3058
5857
3803
17537
62371
1768
8119
11237
9220
53480
15795732
22391
4408
13793
48132
799653
33148
13812
10457
20221
10876
22817
32215
203262
29509
5295
26298
134920
35129
2271
61817
395224
20199
5215
37590
4140
354177
1526
8058
5218945
78880
25616
10283
12426
198582
430053
24983
2780
2305
18603
3855
247
12199
120
20286
1151754
23819
879479
2043
36713
7206
78270
5715
200362
9952
564
3810
12106
132573
9297
4756
6989
58527
9347
96185
137697
30860
36314
6764
177264
12936
40497
7204
18614
900865
5664
9988
114308
6784
15945
18611
6650
575
2691
7573
17654
6187
7925
15696
7264
16911
1363
121809
1491
21909
12294
2319
3297
17140
11103
11444
57936
51912
4191
4773
17281392
7033
8988
2350
11897
35051
22061
14925
8180
618
5596
48597
8846
15973
1806
2133
14985
8418
1587
6511
35301
9173
8420
13177
9235
25329
429234
8923
217132
4289
20265
3042
15966
560042
9230
5754
144
6393
7899
3387
4364
7796
536
5476
44427
365
5105
2003
9996
9883
3083
26726
10195
268296
5535
30486
2068
12748
7915
740
6416
6617
43220
5687
17263
3266
3376
2444999
2945
41911
993
27425
15434
416
3428
9629
12853
3149
5246
689
29405
3054
524
1663
5655
2623
17411
81754
12386
7411
4296
8235
212768
9357
9882
73505
454089
1452
22857
21726
2797
30163
9772
204694
966207
76622
47044
10439
1902
6626
52720
36537
9397
2495
66347
4191
3581
6220
4998
140611
13177
7397
13757
6834
76136
32184
20920
29038
11183
3443
4979
57289
2651
14255
7982
30509
27778
4821
12517
48000
12159
22525
16604
5761
57148
3917
4042
5595
48998
12566
7755
63583
20000
9720
344493
6135
2306
88668
418040
5102
12805
3297
1119
13305
1022460
241217
6832
3319
9371
6671
84450
3719
5146
969803
12584
124851
15222
1509659
9373
9092
4687
11185
8976
1802
172626
37844
12676
9378
3925
19936
1450619
20255
525
2977
62584
5799
1676
3055
18318
6548
19213
5522
10650
154185
121
10327
642446
1461
9313
933676
7256
6977
4346
13804
2694
143155
3119
48563
7333
17791
5261
4263
5960
27675
13638
2615
908361
12023
86429
30215
83476
31568
118860
22386
129
27265
431902
3007575
24438
1424887
8638
5256
12079
3168
100111
7564
5060
2493
16263
508
5547
166374
51928
8913
3158
52460
16451
2877
55565
4649
68242
37531
90585
431
114240
5884
40298
3875
5558231
734210
91823
385
2309
12384
4746
4745
9265
170607
13132
721
17940
440
10039
976
10425
34231
7288
16928
2480689
17255
2994
12451
79902
380
2554
2307836
184802
233371
52785
4939
21111
8577
6726
3982
2596
11345
491852
1629975
16244
8230
4237098
11704
14894
53728
10697
12339
3423
1693
21133
22216
19518
826
786747
15054
34467
117367
81371
2811
19713
97230
28226
2836
2858
6905
11864
49107
16829
7735
7297
1550
2069782
8508
51247
2251
610283
334868
1671
5424
17509
8089
4545
9265
180314
7429
364
174858
8625
11972
21242
10020
25407
66618
5226
4688
1975
3183
10112
82210
12881
206113
43652
5799
44422
756
9255
5292
3771
1847049
119612
1340
1784
14838
16781
971788
89350
11976
821
10447
36200
5567
8525
12016
8708
9560
17456
62149
1836147
31455
3860
70279
5222
17794
3449
4435
116780
20067
1972
8838
1561596
730
6789
13056
2772
8956
33502
64534
7284
1410473
19267
152353
4682
24962
2355
3281
4687
90172
1430
10747
2740
42018
14343
17898
10800
66352
18088
6305
4365
2008
7695
273316
8420
4295
79434
1417
9926
4055
39068
31766
37624
17145
59509
3078
4728
7831
76921
3902
29020
11538
78425
20900
6329
3092
3547
10175
38537
5662
2991
16804
936
56340
13656
415531
9035
60886
1259
3464755
33266
12574
2090
3134
19039
12969
1621
9993
11322
7432
7604
2662
146097
11705
9844
24270
9093
13798
256
4025
21006
6633
19813
3085
5198
5134183
10228
14314
8108
25061
8212
7533
1240
12635
50749
70502
2178348
24008
17879
2170
18250
46521
1282
4807067
702952
10658
184154
26792
13728
4688
2606
20471
9106
23786
7055
533185
13384
4705
1367
4795
2109
21671
501689
133973
6628
5937
2037
23193
5043047
42854
6734
8528
4856
1205
8019
1364
62189
1397
53221
5313
104609
3297
3439
7474
10612
4271
7910
3131
4277
4672
403
2981
84576
13817
6252
4336
14422
443077
9711
17355
48719
5888
8839
29845
5156
547
38958
34327
6897
794
11255
20315
68874
85005
46715
18743
30397
47058
121975
2766538
61742
5537
5634
27562
86221
74509
70437
45031
3747
20505
1015
5488
6993
5474
12619
38987
1902
9579
32685
675826
360387
3240
1783
10040
9969
5423
1262
20814
8620
16834
4412
2493
30682
30752
3593
6322
9022
119816
4773
6816
6257
6300
204216
15478
244889
5883
6248
18299
21512
3609
2201
12571112
1804
95907
13385
6815
4727
909605
29158
21110
788195
180
41811
14121
8894
20942
4664
815571
3481
1777
7890
5268
3410
1171
4196
11526
4621
1188616
14343
230
615521
111552
1690
85605
3961
11448
188991
2743
8662
1746
48117
12651
10565
7542
5580
120047
17803
180683
1934
975
5205
2388
70425
1259
7460
29629
3472
11990
105656
1380
4935
62948
9339
5550
12545
6018
770420
662058
12369
1073
3017
14979
8254
6211
9656
41829
407744
2973
2369435
118375
4497
779077
22616
61999
39574
13947
1282631
1164888
4291
157036
1556441
8429
8381
24121
957660
1211455
2100
722292
14900
2250
50546
6407
25334
2309
379739
4139
6483
23329
111141
3474
11827
5779
6142
5518
9467
4336
14006
414435
25790
4116
6710
110900
17472
17195
1508
33625
9970
2127
9468
40
4239
328711
5483
1346
149665
3418
5782
5064
630700
422395
86936
39726
7402
1158
6537
106741
26530
4683
6361
5661
5862
2246
51240
8620
1088
5060
36735
1763
1516713
922
1714
6600
89950
2094
64573
29168
5298
59799
78282
14041
1448
5596
13463
6400
6570
1116
14437
480219
4882
12747
21188
270758
7311
119652
75575
18116
3266
21409
17552
10887
14562
6987
7932
25121
4684858
176313
48298
4277
10611
2770
28931
851991
1673
1542
14646
10304
2608
56302
63609
18808
1452
6644
25737
12500
3474194
24141
5821
8860
39116
3418
6303
11052
10938
23784
5724
48770
13331
1799
6192
1786
14312
14755
5285
52584
4297
615
198783
17621
14093
25693
3294
8044
3468
54436
177927
946
8373
104421
375591
3841378
16862
19432
1944
167516
287385
7103
2029
10452
318241
16934
5526
13215
1385
84594
14806
761
4464
23965
5604
2718
9395
2721843
52
4744
18815
6484
10207
569
2468
3973
7790
24922
21288
10093
25698
1835
10783
6526
29140
14056
264
56114
12632
71900
18312297
8070
27634
7860
3685
1421
11492
3075
2236433
965
12294
22952
666017
62934
11208
987
13852
2037
6669
58374
102721
7280
5208
8201
2417
1693
18424
4618
190771
707126
91181
8060
925
168
2800
248852
7258
22469
7466
94999
2393
12577
4501
14328
214326
10292
19248
37675
12449
7667
44327
18721
2194
52960
18108
14159
22941
1006
2573
7055
5254
8597
26394
5223
20022
1231
12434
2356
6681
47601
50022
3853
4018
13715
8677
69118
6153
1586
2776
6484
237647
6319
11915
10603
3285
7464
3649
7612
21234
17107
17599
1243
9203
5673
8026
3825
5533
6636
968452
16109
33836
21735
201721
553531
3080
6318
869
382515
7213
9417
2535
15712
27765
32690
14292
3402
13198
1920
6584
20318
4295
9735
112
4228
14144
7794
569
38021
56133
472
4410
138840
1740
7330
1221
4672
6246
141574
6297
10820
1552646
8780
10347
121366
16054
2628
3064
36007
772
8691
8128
3515
4657
4075
2910
28853
4356
10122
7421
3194
2256
155134
268361
7123
1628
4514
24690
5439
17746
9391
30077
12461
358422
59610
2311
3044
5284
66978
4246
19000
4981
5950
10106
2858
6198
38705
1441117
217381
131097
9349
12744
46845
7604
502949
16621
7371
812
5238
15345
6428
7466
4832
25616
26893
44691
11241
916
2522
12531
6552
15105
2403
5713
56102
13911
8509
177950
6195
4879
6606
42571
17787
42255
29146
16961
3483
1574
1122
2717
6464
149819
1045
18183
29143
992985
11000
156318
105726
10433
9564
120188
10495
1464
363648
204
7577
1016
6353
23446
7493
708617
21771241
903
1302
4232
2647
33935
29339
8538
185209
10931
33749
2837
116
8131
2785
110426
9771
6571
36131
133346
54536
38965
8739
1616527
383779
16051
6655
65801
8066
8754
46046
9645
858596
9593
34819
5758
8213
316803
981
13169
5766
11063
16029
4703
3676
9847
5886
109758
7629
66120
15151
28321
223923
14368
4565
8059
1740
7301
43834
365187
30483
113712
7065
10752
6719
969817
3082
122700
5383
25114
12885
8020
1350749
1902
242548
35162
72925
5332
4707
1512
324124
31917
263035
7526
6872
19285
677986
99637
12586
11916
240011
8083
7254
364
5073
5747
38578
575
4513
40135
7853
14827
75547
17939
9969
9681
28555
5422
6771
6961
336773
344
3134
3017
1832
12224
3824
1167669
52983
949
19033
33928
427058
2387
2931
4255
346050
191338
8492
8232
8309
6514
4574
1186448
1029
4796
9825
13053
8563
37320
6084
3159032
243097
10010
14397
110066
17486
26492
149996
3603
22501
7795
56531
13495
8564
42225
16945
22755
49033
1846
52746
4245
271318
4410
4575
31891
1410072
230991
10439
21123
2432
922576
6739202
2526100
462
7662
2030
11600
11772
86440
8143
113038
7525
25843
41527
18539
181384
9576
9458
81872
6337
198036
6434
100139
97909
7408
7013
12815
2039
54276
118253
1924
8907
50785
12150
8476
761138
185779
7723
3089
3628
23286
112292
163875
226592
112322
1272
5280
18692
463033
70438
11422
1011
5988
287320
18424
5552
5798
11331
15231
11060
9977
4770
24385
41635
3130
6596
2142
11634
4503
6585
12569
188627
247411
2805
13215
347
11259
550
3173
520
51355
4818888
6485
55882
8456
39203
2515
434259
4330
3250
4951
7008
5984
796
4644
64294
18490
66805
16697
996
61635
30571
291961
22691
15833
511
180894
14306
125465
4566
32002
93244
20396
3982
27621
75
29453
7680
107921
79347
35262
40167
15598
17346
4597
28496
3234
32760
40435
1458
24795
19688
2006
4166
7718
6896
7055
4957
3601
1661
5404
32159
19579
36701
3938
8212
15368
23461
10098
9585
16590
14041
233868
3913
78760
1789
56107
3438
39959
5937
2536
14286
42457
150769
3900
8788
2113
16714
122722
640
3358
218
3408
5433
14854
12397
7264
8406
11794
101622
9499
1767
41916
10623
7579
9823
9804
79789
42394
2784969
36483
440926
26095
343619
81374
164505
12155
55519
2004
295478
2685474
6007852
2179
12347
1406
15681
36687
31117
4130
9812
3822
3208661
6000
1317
14751
30513
4029
6558
9375
69534
7818
1363668
2240
21245
34535
10951
17906
2003
1157000
1664
7491
19542
9145
3172
60210
9473
18005
3704880
2851
2564
8400
13561
429720
833624
98469
5053
136025
14670
155750
7384
108538
13584
447896
27995
22761
197448
5231
1488520
2455
5119
22824
8315
14335
25037
7910
20922
11018
2589
19101
7543
6027
45185
80578
3243
8861
23844
50630
5334
3231
25123
5411
6255
19225
303662
33844
2236
1353479
20922
15633
11042
11277
176863
4747
197
7062
4879
35221
311908
1850
10475
3347
7170
65530
6044
119939
2102
5559
3064
9578
347
33953
7770
4642
15659
3510
2452
4186
3926
10193
9945
1644
30826
1821
13009
13745
38708
52370
16135
261
18809
370
3212
7730
767
12987
2708
3749
67393
5007
12220
7948
10344
16084
16018
32789
19190
6916
12867
4673
14421
11056
5222
5029
5444
12783
3261759
12723
2216
14917
11787
5065
904
3395
6806
14829
8539
5602
1797
7451
30339
14358
4659
5205
1818
14768
3024
1365
9964
4518
2125
27225
1817
38907
268
4149
6764
7767
299987
19502
648090
59766
1162
16260
75037
1019
155748
29027
54982
7821
1750
567303
97353
19327
43353
18962
58500
6144
4002
3093
8361
4322
8278
15517
5268
2929
116207
4411
9439
5887
12883
15857
1035
7462
47144
9423
1838
1432
23712
113234
4260
437205
717408
12440
5132
39019
5639
31791
2523
4676
32586
1940
14639
5187
7340
9626
5597
14133
11288
3629
4863
6076
12693
13684
422
2713
5200
1737
33100
8800
287
10832
6343
15611
39034
2698
15234
3927
301686
33965
1387656
5666
9792
4252
45297
820
15118
7795
20288
2757
106432
19351
18410
2309
8341
7987
197067
21740
1027795
21911
5106
8930
2218
23939
8418
30648
70596
99477
9155
22348
3278
1251
5937
9827
8969
1061
5075
2198
1833
21477
4007
8970
3269
4944
7332
34933
10247
4849
666079
52410
123318
9187
725168
3735
8468
2659
345944
6236
3456
3703
14520
7232
13520
225349
21014
8975
405
5399
19127
201
7161
26549
1532
7927
22417
2156
193629
349644
11524
4762
17432
35392
786
1015
16475
1289
19276
10901
5075
2922
9765
7254
39865
11710
16488
370345
6567
571827
24562
2980
3037
14642
8002
16772
6662
4740
64814
1562675
293266
1297
10079
17613
5270
16826
4267
112505
72229
16608
87886
540
8210
221622
12458
146198
16253
7688
32213
2355969
2181
1863
14216
418450
39987
47894
14689
1998
39670
88637
12360
6276
728782
14386
6778
4241281
7056
24096
37364
18986
6540
12311
2432519
1824
6737
343588
173801
387374
1080884
68804
229116
4879
6901
23716
19795
11680
43585
74563
9174
11244
8710
3637
326342
383
28318
20637
2659
173996
9136
2191
54351
210459
7715
85065
5291
14941
5559
16447
6754
5825
7721
9902828
67085
998
92
4822
6068
1606
36671
156
118691
4998
883
125725
16206
6816
5739
111569
366736
9265
61004
10409
103358
143253
4856
5818
4300
30527
9584
609391
25900
81871
27443
2229088
6234
48060
1063945
6399
45149
180301
240028
18342
32865
5619
1928
85886
1524329
21575
10367
5056
14286
692931
2976
11371
18519
3553
9144
94366
8815
382340
914
9804
6643
8316
20890
38609
1505169
61775
72793
50925
19791
470393
26195
202684
412675
131597
93661
17968
1734502
4415
17092
9385
1474
9069
1429833
7798
2088
45155
14290101
5535
59004
353812
4634
2476
46365
134869
12529
20814
86412
247460
14141
618797
1794
3333121
123614
35418
11219
17171
2189
26223
112973
10962931
25890
34803
8811
9102
3097
6899
3804
157597
527863
1013
117346
14423
30662
449823
69050
3710
21096
17751
48007
51525
6441
792
11766
9983
56859
56884
60072
4518
70777
4833
21761
36388
2436
1635263
14763
548386
94110
4035
292
7126
24052
173
96680
35064
92456
44398
84833
143312
95546
503
10761
146245
968
18130
129926
754
6143
57121
152175
11753
21546
117701
2244
3115
3996
4476
30844
8736
18482
13156
9693
8977
6561489
11751
5341941
5533
925
16335
968
33701
8011
21472
14886
429931
5255
4458
4393
2061
33514
4359
84814
1777
13153
18895
4433
682497
31141
23528
7540
17756
78517
7690
17213
8845
2132
8254
1860
22394
39766
6875245
11943
16766
6508
36054
659
11704
2165
12245
74832
862
9508
2857
327023
10870
9745
39199
14860
905089
12514
5745
10508
3871
2618
18608
1412
604
3632
7700
7217
1781
3374
20317
13759
61151
5297
5587
17608
57726
6529
6394
3403879
5952
11489
14570
38268
10106
1694
5411
4062491
3125
2536
95902
117962
8060
14755
310200
11447
9756
4225
22750
2369
1799
2747
6367
1546
6474
1213
5372335
6569
3214
5834
20948
35070
8303
44584
30326
5969
41733
30467
141000
42445
112203
28784
3023
143132
13245
5577
5475
26340
4978
12128
3096
96187
60555
2305
19168
2255
1213812
14777
37960
13551
12189
8500
6709
1093
207
3559
1196
19077
15057
13584
52052
65738
607919
8888
345
26255
2281242
13466
204
4212
4401
12564
10051
12513
19401
1487
120774
2702
8763
13883
5380
725
8707
3447
4085
5954
7066
8009
3202
64593
54301
10804
23748
8920
26525
4837
3236
4155
2195
10673
15786
1725931
4146
17665
2480
26747
10004
567244
18920
2986
532
4965
141826
17575
105474
440
8321
7556
24274
108755
4475
14722
16831
4670
6443
1263819
39977
10212
21218
84530
18105
49787
26795
5392
3449
22806
549
6980
18646
4267
143006
3701
91700
9072
283641
4151
6978
8782
3052
36267
142664
88456
4006
16349
6151
717
8219
20990
6342
7474
91398
9576
23630
242585
69670
51347
137476
3138
2757
12745
43829
12098
14970
1254
36262
11052
9969
2085
40764
15310
3180
32970
4436
1449
229711
11021
8247
13949
4854
208
4962
18028
12268
408457
11623
10641
7282
4374
83088
187411
31878
2812384
16108
54368
5122
128
30599
4368
37128
996
12311
1125592
709998
133
6969
5337
3436
244147
13372
36195
225489
1614
43422
122803
29846
6755
12118
371
157611
1279
14470
586660
3768
23343
124545
3358
10498
408782
2524
16129
4270
49620
3460
67998
39206
9328
11926
319707
8193
10320
3255
7206
24888
6490
7796
1211
12257
786
504004
11038
19644
4855
108118
86833
888406
1490
7582
2345
