212
-34
-187
-286
-396
-34
143
-1020
-53
884
-871
-144
75
12
-14
18
-5
-71
-1260
-124
678
-18
-22
125
60
-39
-98
-32
82
-23
417
243
-126
-77
14
1228
-9
4
-11
8
-4
120
19
14
-340
-18
-16
-66
-80
1700
49
950
8744
-975
-51
161
146
601
7
-7
407
-4
44
-2
84
-19
-452
-461
45
8
8
-85
-54
-44
-20
-84
36
10
-53
-93
84
-19
-1
-6
-51
-3
73
26
-83
-101
-48
9
-64
318
-35
-36
-91
-92
43
25
-36
-36
-20
0
-57
-79
-1204
-81
920
-101
404
-2
-28
623
-34
-108
290
-32
11
-14
22
-42
103
-101
979
-29
-102
146
338
-35
-15
-63
15
-31
23
-37
930
-10
-624
-122
-22
0
153
107
-77
-642
-125
197
-108
-17
-189
22
10
-86
-108
-44
849
9
18
-37
-11
128
-12
10
130
31
-399
-290
-242
-579
-31
9
86
125
-89
62
-7
-25
12
36
1322
157
260
33
105
-16
27
-8
-5
111
39
-39
36
-4
30
-20
-22
-129
16
-2
104
71
15
120
-173
-28
-2
-2
59
-73
2
-7
-86
221
-18
407
142
-42
16
-129
34
-102
97
26
-56
19
28
-279
284
48
11
-4
44
18
719
-11
69
7
-1538
94
4
38
14
290
-316
12
1772
-48
-303
-132
-11
-102
14
-150
9
-22
-116
115
45
-46
712
531
-7
135
15
215
1674
10
279
57
288
-15
372
2869
-25
-17
-121
13
-35
-26
-101
110
-7
8
-9
-34
162
1067
-89
11
114
-251
5
-33
135
-15
-25
-29
-3257
11
-2503
37
-16
12
-119
145
-110
201
-552
75
18
-17
-24
-96
-490
-160
9
25
-436
-47
-165
108
-220
-1425
106
29
-29
-28
5
1
-41
-18
21
-121
-26
27
-263
36
-11
-165
-124
-8
-19
104
-17
-563
-20
2457
1443
-149
7
-11
64
462
5
-42
25
-13
8
10
28
-38
234
31
2
-69
-322
-6
33
-12
-435
-193
32
20
279
-33
30
-129
40
74
-594
119
1196
-253
238
7
47
-109
-14
-34
-13
-12
-74
19
104
-6
-128
129
9
-30
-194
28
13
-1550
5
-47
-21
84
-234
-271
-52
548
12
36
-109
-140
-169
-1634
-49
-9
84
81
-757
-685
-277
-5
1677
13
-322
-59
38
-133
-36
-18
374
-115
29
3
-3181
49
20
-230
-32
-25
122
-159
56
38
13
-31
-61
137
5
-58
48
-111
-233
411
-45
-77
2
332
83
44
-56
-49
5
-131
4
-341
-140
-8
6
6
600
121
-37
229
1203
-1506
72
185
-116
5895
23
-6
-18
-95
-8
1087
-31
-2
55
-57
-35
-14
85
-25
7
10
47
40
9
32
28
-3
107
-46
3
-206
89
6
-227
11
5
55
24
125
52
-92
142
-347
-180
815
26
35
66
-307
5295
-153
-2084
-20
20
-98
-31
-2
-121
-70
-342
10
10
-122
0
-21
-77
681
113
29
22
4
-205
167
-148
-34
27
-14
-27
-40
3
-127
6
-706
-90
-3
88
1582
-4
1
-22
5138
268
516
-4
247
-5
-6
15
264
39
-236
352
-3
-1715
-144
35
359
-16
-1
-24
53
12
-263
-33
-3
-32
-6
-616
13
27
163
56
885
-25
15
-44
-2
53
-69
-38
92
-12
112
1
-360
9
-189
80
1
13
3
174
-438
-90
1443
-43
169
35
-123
14
-371
25
125
-57
-60
-86
-60
18
161
-18
430
108
-26
-14
34
-37
59
20
58
23
-25
-17
241
22
97
83
136
138
150
-61
566
99
3441
-1
35
3
108
35
-94
-16
-133
-22
43
-682
-68
11
55
-7
-31
36
74
-86
-34
128
54
-228
1
157
108
951
14
39
102
17
101
-1674
142
5
-55
-7
-29
-42
-32
-59
118
26
-346
-681
-7
-564
43
72
-4
-17
21
-354
-31
331
-5
-1
43
-69
-177
-67
-49
-17
45
1298
-125
-154
-215
13
-1
72
31
-155
-39
-189
-2622
3
1
0
-7
-1365
1
-68
114
-146
-27
189
31
20
50
-20
-27
67
44
-67
74
-34
2
-54
-4
-32
-305
20
-8
5
-27
13
52
48
10
1380
-57
986
-25
62
-60
-80
10
92
100
11
67
-302
138
10
100
29
637
445
-226
21
127
484
-1463
47
52
502
-2988
-325
-36
-5
134
-1516
-314
-25
-19
2
-54
-2081
57
-1
-18
-45
6
26
-179
165
35
48
-9
594
44
1
-1920
-25
-2
-49
-180
-8
-1410
-8574
-84
-73
1
-301
49
71
25
6
46
-21
-68
24
23
-8
-138
-2
-14
-58
49
1422
13
-1661
-66
8
49
19
36
-106
-56
11
-36
6
-48
-1566
-59
-3
-55
-40
-179
29
-56
11
62
219
-31
-184
-3
323
-40
-466
-100
120
22
14
192
-82
32
55
-6
-137
-15
75
-4
106
213
15
40
-309
-11
-20
-25
41
-71
-451
-3
-33
36
54
97
22
21
202
-6
-129
-19
5
354
-70
11
-367
51
-564
-417
6
7
37
-28
53
-138
-185
25
-121
-39
158
31
-45
65
65
18
108
611
-177
872
562
27
799
-17
-8
-114
-1164
0
29
-14
8
-244
-8
-141
-14
-75
-33
-73
-54
-4
239
414
-30
-257
-416
-53
-64
2
11
-1
13
-59
37
15
158
-42
-29
382
-1
-59
460
74
-34
-14
-42
6
300
172
-207
63
-165
-13
-3
369
157
-451
110
25
49
43
14
1198
127
0
5
-32
21
-21
-46
3
2
-252
32
0
43
-99
21
-150
708
-104
28
61
-54
14
1
16
43
-37
39
-4756
-120
-1105
113
71
13
-9
5
-40
-19
-38
-255
-6
73
-19
-69
560
43
14
39
23
-14
5
-249
-90
-32
1
-84
316
-23
1158
-22
-190
-33
-77
-229
455
21
6
-40
5
-8
116
-37
34
25
13
-30
4
60
12
-450
-124
-11
-61
35
55
-107
-7
-20
-2
7
-30
-151
4
186
22
51
-87
168
-64
44
15
-42
235
-37
72
11
23
-43
-17
161
75
19
-1916
94
154
718
-35
99
154
-17
15
74
259
-124
25
72
13
-35
8
-198
59
-5
-19
60
-13
-187
-152
-23
206
101
949
19
965
375
-28
-14
-41
26
-112
-69
-19
-38
-5473
-79
-144
-8
-4
11
113
-1512
-1
1060
231
327
-544
-16
29
-213
41
-6
51
-96
-75
-9
42
8
154
32
49
-183
3667
259
-53
7
24
0
75
19
-94
-3
71
-629
41
-8
157
52
18
-785
394
708
329
21
30
-27
19
315
-14
-56
-6
0
722
4
0
-18
331
1440
-1147
92
82
-52
564
-725
-9
-464
620
17
-55
20
1031
306
-74
-414
11
39
118
-396
8
145
176
-400
-67
-64
33
-27
-538
-18
-178
-144
280
-79
-88
64
-14
117
85
653
-309
32
1481
21
8
90
-31
68
-7
-294
31
-799
92
-41
3
167
-61
-13
-28
674
-35
115
1449
70
-24
-1
102
19
4
-1032
593
-1
-615
-160
-69
263
-59
-42
-20
-15
24
387
34
-25
-7
530
-4
-6
244
59
220
11
-465
30
7
-272
1470
-81
-6
8
-114
68
-1630
-127
105
3
-32
6
61
58
-14
-28
78
-139
35
-41
1874
-17
232
168
9
1695
-109
1588
-260
40
140
-39
7
14
-56
-4051
106
-788
-26
-60
-7
-7
-5
410
-1
14
-13
43
39
104
832
-56
270
10
-103
-985
35
-168
15
270
504
41
101
22
18
142
538
-1
-9
-20
-7734
49
6326
-2
-108
-44
1895
-91
-8
2
-131
-31
-22
-219
-71
46
-5
358
-372
-28
-24
-7
-18
-2
-177
-37
12
-45
4
145
205
-132
939
3
16
-14
-34
175
90
138
-100
-110
-3060
-185
85
-387
12
787
-19
6
45
-257
-8
-19
61
91
-5554
-146
390
-32
-196
-85
79
-3
-4
-11
-70
-26
-8
-86
-24
73
7
4
-13
87
-62
3
39
31
21102
3
2
13
-213
-108
-110
67
262
73
-6
89
-18
9
-16
49
461
-46
38
17
97
60
-16
183
-304
-64
20
15
16
70
-1592
0
-55
13
-133
-384
-109
18
-38
-19
0
30
-59
-162
172
18
46
35
-11
528
-9
-72
-232
112
746
9
-28
95
36
-18
-72
-12
-434
65
478
57
-116
15
87
-881
135
-28
-13
30
-141
-73
16
-230
264
196
-455
22
-58
1482
-17
5
1551
449
-48
28
21
203
82
-5
3
-2
-124
-220
-162
2
-30
-354
55
-15
-32
-18
838
-449
29
30
-35
14
-6
14
19
8
-2
33
-68
-3
79
-4
-40
3
31
-1
-2
99
-14
4
41
864
9
267
-15
600
54
10
223
-16
47
-174
-90
62
-27
27
13
-283
-118
156
52
-16
-33
-175
121
-28
-89
-3
146
-95
97
-67
-9
1
14
725
-85
-154
-9
21
-119
712
46
-16
13
79
-18
135
104
-20
45
0
-18
-428
-9
56
772
3
-17
-105
-21
45
9
-1227
-26
44
-1426
60
-47
-2
-668
90
-21
48
34
121
-1463
-32
-539
180
-811
-34
100
-81
-121
-130
14
-40
-77
234
79
1
-72
-1506
16
1096
34
-489
267
0
-400
-636
-384
-32
-58
42
4
-4
-12
68
85
11
187
120
-48
43
-201
33
-53
179
-31
-6
89
-245
-93
-10
-20
24
34
4
-8
21
-4608
-91
-12
-8
-1
81
-5
-827
-45
-137
-149
40
-20
-280
-413
63
31
179
-287
3
32
0
83
-167
58
-730
-2
-37
31
8
4673
13
199
79
100
369
25
58
-35
2056
-57
29
18
-45
-6668
19
87
-1225
388
-87
47
-345
18
26
135
-242
-206
131
-49
-30
11
167
-218
-10
43
42
0
-25
-509
-1
-10
7
0
74
5
244
10
21
-81
140
35
14
-9
-108
-105
-36
39
-41
-1215
-2108
-56
9
-108
-16
-35
61
118
33
79
161
92
-2
-8
51
-2
-2
17818
-36
-8
119
-192
2
1057
48
33
70
-2
13
-114
253
19
-2104
21
-76
-106
7564
-56
14
35
114
142
-20
-15
-9
-22
-482
6
-57
1356
-27
63
-29
1399
-472
-7
-551
277
316
82
1473
241
227
-58
-63
76
12
1251
150
-865
-25
52
873
-5
7
-143
102
-504
625
76
101
-32
-388
46
45
22
240
-100
18
-27
268
-83
68
-277
-650
-33
-39
-69
-100
-379
322
-19
86
-10
-31
-2
18
151
-185
-44
27
-410
66
301
-852
95
18
415
-7
-105
-1090
-3425
-39
-15
-10
23
12
-44
18
719
-148
-189
51
-469
-203
0
9
-108
105
16
-27
-49
-153
-48
-954
634
-3
-89
-5
-50
-64
-26
139
-3
151
115
-580
-18
-123
1771
138
-1671
26
22
26
122
-113
1175
1397
-43
8
20
16
-30
-8
52
-12
-2
144
64
69
-95
67
196
83
64
113
-53
-82
451
-806
-124
204
-68
20
-53
-6
693
-108
167
59
-5
-91
23
-114
-3
-229
152
-148
-116
-5
-304
-53
3
-5
-60
16
-84
43
900
-93
-15
-13
-110
40
837
-843
112
-1056
37
-2
310
-49
27
171
32
118
1681
-152
97
12
-101
-95
-216
-157
-8
-79
24
23
-146
-152
34
414
-16
-122
-1
-30
-11
13
-454
-20
-9
-677
6
16
315
11
7
-110
92
56
25
2075
-58
-155
10
-37
380
-44
-27
18
-31
7
-39
10
-59
-97
-550
-110
-144
10
-16
-136
29
-10
24
99
63
28
211
16
-12
-375
-202
-26
-82
-21
-776
66
20
404
-18
-289
98
161
-15
33
112
-21
-53
-77
-3
-14
405
346
-480
61
-232
278
545
168
-13
-60
116
-27
-4
29
-24
203
2
-23
-80
227
96
-24
21
358
-23
333
-7
-55
60
9
-19
-4
-58
39
118
9
37
-17
-96
271
-38
-138
412
252
42
-110
-3
147
28
-7
-5
-19
475
-52
-35
-11
-120
16
-4318
15
44
92
132
-18
1115
43
-14
94
-54
-721
-683
166
203
-58
-8
62
126
-481
41
35
-38
-3
60
205
-12
132
-93
50
-6
124
10
-5430
40
182
-40
1
7
211
-201
-19
-31
383
-8
-180
-1465
-107
-144
171
4250
15
-326
32
382
117
317
5
-14
174
6
23
40
116
8
-19
-111
-44
8
-38
-249
-406
121
154
-5
-62
-41
-103
5
312
-113
53
186
-133
47
1069
-25
-51
-15
-368
53
5
10
-65
-91
-212
-26
-52
-17
-68
-8
-214
6
1763
-44
14
-9
-108
-18
1893
-20
-9
598
224
-14
-15
145
105
-63
82
89
-42
215
-84
11
-39
-23
290
-62
12
170
92
63
53
13
0
-55
-162
50
210
83
242
-40
-30
114
-41
-88
-221
327
24
-19
59
-530
78
-64
7
0
35
23
-78
48
-50
-176
-28
-32
14
938
1917
-64
-132
-98
706
-187
-42
16
-324
-25
-92
-328
95
172
-350
112
43
38
-52
-49
-4
14
39
103
-1002
-4
32
17
-45
4
183
166
-77
-3
43
-36
430
19
10
12
-6
-12
2
-213
1
-96
42
30
26
-24
114
-78
80
-190
-24
-33
-52
9
-280
-6
-206
28
-42
-69
10
-2534
36
39
-93
-484
-275
132
11
-1469
-80
-19
276
1226
1172
17
15
37
511
278
50
84
-97
-554
-14
796
24
-97
639
-18
-3146
23
14
-58
2364
-172
-14
-2
11
2284
-98
-139
142
-61
16
43
-1
13
274
37
297
59
-11
-9
87
490
-16
3
-7
-249
-131
760
1190
-388
-65
207
-19
99
-1357
39
19
-253
268
128
71
1256
-17
-20
49
-18
3
125
212
-1221
-15
-322
302
151
134
-97
12
22
4
-2418
197
-20
25
-8
-319
156
151
-10
-77
20
78
233
-128
75
229
-15
-73
-14
124
93
-360
111
-859
18
-88
-270
7
535
88
36
-3
-556
1418
-16
197
63
-3
60
3
70
-23
285
74
-113
804
10
-24
5
72
17
127
-43
34
17
-90
-223
-10
-168
-57
195
-39
-63
37
-3044
-773
-1562
23
701
-33
-6
14
-31
-15
-32
55
-825
-742
188
327
-130
536
28
-15
-107
3
-1
363
-34
64
6
-23
-62
-46
39
12
21
-13
-58
-589
61
-73
-123
-8
9
-115
-8
11
-5
-14
-9
-6
9
-115
-68
-123
-3
396
-313
2
33
-4
-107
-5895
-213
-181
-163
-21
-185
-56
88
226
-52
7
553
-67
-10
32
-15
6
-13
14
19
3
24
74
173
160
86
-613
8
42
-34
110
-1246
14
-32
26
28
-222
-12
-172
18
2
55
32
63
2070
509
69
-46
-17
-24
-713
-30
320
151
167
-28
-40
90
83
-1
710
5
-12
35
498
-32
213
-175
-503
-47
-52
35
-20
-23
696
-99
-98
122
117
13
16
-1130
-25
-66
251
20
15
-6690
-24
-40
-110
160
-958
73
-305
-2
-51
80
-19
13
-54
-40
29
-256
5
125
0
-413
8
1334
624
-26
51
242
-128
134
28
13
13
-26
-52
-1426
-81
56
-7
27
104
-121
53
45
-45
-669
-161
4
-28
10
-68
64
-199
-15
-11
-81
52
-50
48
-3
-30
-1012
-19
6
-184
10
-118
-2
373
-11
545
46
-36
5
3
-23
-70
-423
29
74
81
3
115
-123
474
-7
3364
-18
132
-24
-2774
18
200
54
106
-18
-13
25
21
74
-54
-10
3102
-18
14
29
47
19
-286
390
-52
23
469
147
-37
-19
-21
-9
-138
560
19
-995
-35
1
215
102
-417
41
200
703
7
-73
-35
110
80
22
-1
-15
-31
-371
45
-17
58
4
-9
-209
-6
-73
-60
-42
-173
198
1261
2
662
151
85
-69
-22
-117
424
-24
-3
-4
-71
-69
140
-292
-258
5
72
-48
38
45
2010
-269
13
16
-38
-43
398
14
-23
-11
1025
-119
22
-70
8
-51
49
-27
-6
-112
-111
6
-410
239
18
10
193
-1164
9
57
549
-143
64
-700
69
20
5
-25
1304
-46
-5
-246
29
-35
-119
310
-260
25
-46
-13
-23
66
249
-181
-1171
1500
209
42
-73
31
207
161
28
-877
-334
104
-28
-25
438
35
-921
47
12
-90
66
-1820
71
-1403
-1
-820
-404
-99
218
100
-20
-37
-214
563
16
-86
-3
53
38
-19
4066
1
-13
-611
-46
-7
-83
-90
-2
5
705
-21
36
-215
-1607
-172
-28
-398
3
1068
74
7
-55
-66
4
-21
-18
22
2361
-7
-6
4
-45
-1571
-10
-184
48
9
-501
-1394
-3
28
156
9
-18
-9
-654
27
-7
-586
262
24
-894
-216
24
-172
-106
-4
26
-77
-166
110
5
-129
-51
563
1244
-47
-17
14
36
-114
33
-270
-422
-39
1177
-25
-40
127
-52
-1
120
-169
6491
4
-283
-124
124
-431
68
-59
211
-113
-60
-283
-111
2
282
-16
8
68
-7
629
-8
-2
-45
0
11
58
22
-66
45
36
-60
-590
-165
40
-26
11
-1
975
-42
2701
-45
-334
30
1194
40
-24
-70
-23
-18
-101
30
-57
-15
-113
-113
-37
20
-49
7
-168
56
-35
1030
619
-316
-31
-27
105
-6
-68
-105
-58
41
-32
26
-2
-8
-7
15
-32
-56
-102
85
42
35
5
-4
6860
-131
331
152
-5
8
-30
42
-87
345
-105
-22
5
1
17
12
29
513
134
411
19
12
-50
38
-5
-73
503
14
441
2137
-13
-53
-354
7
38
11
-217
95
-41
1125
-36
83
-145
67
-48
-26
-197
-3
-13
166
-87
46
3
-75
-223
9
-379
108
71
29
-132
16
341
-38
20
94
365
0
-20
19
98
-149
9
-103
-32
62
5
1441
17
124
13
-157
-1
-10
-18
0
200
-449
-61
87
-54
27
2190
221
-85
47
47
-5
-9
-4
-12
8
65
72
-7
-20
-62
9
203
-30
172
55
-33
-168
-15826
-13
-11
-163
77
-185
7
15
65
-87
-40
741
-307
266
13
31
102
-1480
11
-13
-112
-36
-206
-7
-1
-763
-40
-231
224
86
991
25
62
-59
168
-364
-177
36
-36
80
-47
35
-13
-5
-70
-26
-4
11
90
-878
-440
26
-35
-51
-3
37
22
-32
-107
151
-104
2845
27
57
-194
-1060
17
1
-17
-4
1232
-33
3
-48
10
-39
4506
-78
-74
1
-29
312
28
-92
-619
-5
453
-46
-44
-203
9
73
-60
-668
10
9
50
-38
32
10
-34
-128
111
-185
-2
52
1
-785
0
-58
1368
85
23
-1401
35
-111
-64
-325
-133
346
-169
-321
-1427
-16
742
-63
329
-9
69
-34
-27
39
-30
-719
-76
29
68
260
7
-30
-9
-298
-43
-13
5
4
73
-10
-140
315
-35
-288
-122
901
-36
65
-9
9
-24
-61
82
81
1
827
4341
8
-20
85
36
-19
48
-2
34
-98
8
-109
2
35
-405
-956
19
104
-37
-35
-1
-17
1579
7
22
43
-1037
-441
12
-12
-53
119
-170
24
76
-417
-551
-4
-1329
69
-19
-44
-33
64
-53
-101
185
23
-62
-73
-7
-1
66
-7
6
-6
45
-70
-136
764
-411
-81
11
-125
-10
-14
-29
2
56
7
-17
101
381
150
-97
53
-52
11
-60
-8702
16
9
18
553
936
-37
-166
-100
-21
-5
-29
-17
-21
-41
-855
5
-236
-1
32
0
164
-18
-104
12
-34
11
349
14
25
-9
0
-21
19
42
-2
167
-22
-101
15
-8
1816
-22
-109
-26
34
-7
14
-1
-5
400
-3
-33
-16
-319
-746
-5
2
-6
-100
10
-222
-463
-18
-1
5
-81
-34
-48
625
-288
1362
94
-31
-283
155
-68
23
16
48
-367
-82
-10
110
139
-77
185
5
576
22
32
-25
-642
169
-50
-4
144
8
38
-26
103
-361
-820
-1021
-55
-111
6
-2
31
108
17
34
-14
17
80
912
43
75
-23
-102
-16
-17
-60
126
22
106
-77
-71
-107
301
4
-2
-1
52
-29
-27
-174
73
108
11
6
-27
406
190
46
227
36
-9
18
33
19
25
347
-516
-21
-82
-22
-18
386
-41
1
-618
7
151
186
-1137
104
-135
-2187
-26
-14
-4
-210
-22
6113
38
4
15
-8
-7
-210
-1380
-20
-262
39
-37
371
97
-212
321
-29
-54
17
-107
-23
-5
-12
140
-2
-18
5
757
64
72
-4
-57
-7
31
-23
-6
-10
-33
-1
97
-176
24
78
-44
31
18
9
6
-23
-91
23
32
131
182
-14
38
-52
-106
-4
782
-203
39
-159
-7
-17
56
-10
-24
-881
-7
2
115
-68
27
-22
-2691
9
63
-29
-5
-1222
-32
-85
6709
420
-30
-116
9
-606
-324
1
32
57
127
1
3
-9
-9
48
-1
-111
-21
-117
-27
-72
407
248
594
-55
-185
-24
-90
10
-271
373
32
41
198
-27
55
77
37
556
-161
86
-2
-55
-28
90
-34
83
78
-1455
-425
-12
30
-387
83
-36
-21
2
-18
3253
209
46
40
1320
-14
-47
-163
-87
-183
238
-82
139
142
-31
-10
-130
-103
7
-38
-49
58
30
-6
-5
-59
53
-23
22
-6
-91
234
-204
87
15
14
33
125
39
42
-5
-763
9
-31
26
-1
178
-48
29
12
-52
-15
19
-234
64
-64
13
25
-395
-56
-8
136
-8
29
-3
-31
93
33
-4842
-22
289
-20
8
-19
-38
233
170
-116
16
98
47
9
14
-1141
-3
-6
82
-86
-19
-3
-115
-814
-6
635
59
-24
-45
55
10
571
-42
-1016
41
18
-17
-112
-2272
-141
-47
63
4
109
-140
27
575
49
20
-64
-59
-5
7
-12
-12
-7
264
-236
-21
-4594
-11
-86
5
-332
-13
-55
33
-95
-13
580
-88
-553
-6
25
18
-16
1426
1937
45
-9
15
-101
113
-16
-51
205
925
104
6
-143
60
-14
308
206
130
-38
-76
1
1
197
-12
94
-20
-3
12
28
6
858
14
38
-6
-27
-12
367
-11
-11
-30
280
51
5
-415
-98
118
-48
14
-490
-36
21
247
231
-27
7
135
3
-51
-741
-68
-32
-136
-439
1289
-17
336
-16
-12
9
-3
-602
797
-13
63
58
-121
15
256
41
18
-66
3
12
18
3
6
-31
180
32
-374
-1339
102
-834
-82
-12
17
-10
-254
-53
35
208
1803
136
12
86
-69
-71
-171
82
11
-8
360
-102
-6
26
-58
-26
-65
-78
31
-20
-48
5
63
-22
40
127
40
-28
88
-129
-189
-56
-118
-35
12
6
-82
34
-323
3712
-88
-1294
-23
15
-133
2
35
9
211
-66
-21
-16
-27
15
-22
-19
-1
283
-134
612
90
2
-139
32
-346
-1466
45
-254
51
34
17
-32
-122
54
73
-1463
2
-26
-339
-54
1505
329
-71
-135
48
-24
-14
-6
29
205
-881
-9
118
47
-106
18
-28
164
123
780
55
-32
-25
-865
46
-93
-216
-60
2061
137
-137
53
-37
382
-8
205
-42
-795
2
-15
-5200
-12
-148
-23
27
24
-88
-55
-45
-26
-79
123
-66
-118
-267
-181
1
-24
28
-13
-14
115
-239
-10
-17
-23
-192
42
3
60
48
21
-289
-28
-43
10
-87
-428
-1633
398
184
0
-20
-21
71
-56
-98
-49
-291
-31
-32
-54
48
83
12
49
116
6
2318
774
-135
-643
-5
53
11
-1442
-4
-154
24
23
129
26
-247
-62
8
-9
-17
-56
-106
2690
-463
105
34
144
17
-106
-28
-65
-53
-38
17
-14
173
-74
1
-363
125
-11
-79
-82
94
1
6
-7
1814
-76
10
-84
22
75
-313
6
-44
15
-20
-135
43
-3
-27
-328
-11
-243
-6
6
-26
-15
40
43
45
14
-78
-150
936
-69
-46
37
-86
141
575
-10
20
-1131
-18
-16
226
-175
9
27
1
3
-52
11
-12
2
194
-193
2370
-25
-5
469
-50
384
-2534
52
-87
16
628
-4
-32
-79
-205
-1930
58
-413
-142
263
-118
13
-83
-24
916
-3
-10
-479
-54
313
182
54
120
-7504
-13
-17
-75
2
-2
-336
6
14
-81
2155
-195
323
172
-422
-5
0
-3
36
-32
-264
19
-207
-2
-22
-87
36
149
10
5
5
19
272
482
341
-37
110
-109
-52
-555
-33
3
2729
24
-371
-37
98
81
355
598
-457
-213
42
137
83
587
-621
-43
-78
-170
-52
-3074
-1375
-3
-160
22742
24
-75
9
-68
-35
788
-65
614
1
-96
102
5
290
-43
229
-80
-162
-4
116
-63
-256
-61
-994
156
-1
53
16
-114
1304
360
-180
-81
258
57
-4
16
33
-3069
-30
18
364
-2
101
1
9
-105
281
-46
-1129
-30
243
-7
30
-13
56
16
-51
77
-27
10
-4505
14
-130
-36
22
8
94
-204
-1024
19
-94
6
-47
-67
16
-450
-71
30
-10
7
-14
67
252
46
-176
214
-438
-250
-2
-38
-14
-72
-66
49
-63
-124
27
-10
-231
98
415
-147
119
-126
11
-44
-2
367
-87
-9
-24
-49
30
-2
191
9
-20
1
-28
85
321
2675
-222
93
17
-13
-115
4
-13
9
4111
702
63
3
186
-816
-75
-311
35
94
30
-60
-113
269
-127
-4
-104
74
132
-482
85
-33
-48
524
-48
-442
18
12
90
13
-258
17
87
-5
-15
1884
-505
575
14
-147
28
-42
2
6
-10
47
-117
-4
-54
485
-146
6
414
4
-55
38
370
347
-3
44
-11
4
24
-29
-282
16
-59
-342
-80
600
2
1
-140
-38
-3
-84
-13
488
-67
583
-91
57
526
90
-16
1450
1
27
32
47
709
16
25
-360
-28
147
0
-32
6
-40
-15
16
-277
1
221
-4
-25
-13
160
17
-28
48
-105
-56
27
5
-55
-80
-43
6
63
51
74
300
-38
-48
-26
-20
-18
-308
470
-195
-164
-83
8
-41
-31
2
0
51
-93
-6
72
-48
118
52
-8
-839
538
2
1954
1277
-168
-402
247
-67
-115
-76
20
-18
-24
11
-33
66
-58
-12
84
39
10
199
-442
1
51
55
-663
-552
-141
388
30
358
-562
1521
938
269
-19
20
-16
111
111
257
-69
-79
126
93
-15
-79
60
7
0
75
-176
-25
19
-1
-84
-160
-298
251
70
24
-34
-54
-88
4
309
-7
-70
-6
-107
-14
-118
33
-157
-211
-323
15
113
-2344
21
-146
-11493
-95
146
133
35
33
113
125
19
-126
-191
144
-83
-912
127
-14
23
6
41
-268
-458
85
26
1706
3
-119
79
27
-245
1
-52
5
25
-116
-580
154
-3
10
17
-18
-94
-48
21
130
104
-130
1035
-113
-10
151
-271
111
13
-9
10
446
10
81
84
-1008
20
145
450
410
13
-14
1
-87
166
-3
1057
-28
124
136
2
224
-3123
-6
8
119
161
19
1
1524
1
-11
-1104
-47
25
-17
-2
-16
-4
-70
15
-15
-1522
-52
-134
2
95
46
29
-19
-20
-117
14
213
-58
-437
-24
-14
156
-15
-1446
-8
45
5
216
-9387
-64
9
228
-128
-32
1161
-59
16
804
104
24
-25
65
4
-405
18
-4
-355
43
-66
42
-28
57
64
20
-15
13
105
61
4
-181
-96
34
-76
-805
80
0
7
12
180
555
6
3
5
-647
6
11
8
-10
-50
-25
-31
-1510
340
1050
55
443
11
542
6
20
-36
57
-1
-404
-51
-889
20
97
144
108
24
-25
-7
-49
-49
-109
25
173
-31
230
18
-7
-23
-3165
15
-10
121
-634
340
295
-5
481
48
-155
-14
-37
33
32
30
32
0
66
47
-1
-295
25
3
16
126
-9
-103
-11
35
-419
-47
43
-997
13
1179
-23
253
-191
-11
89
-1290
15
0
1319
-51
2
147
-58
1
373
71
1232
-2827
97
-71
2
-139
-64
-38
-335
-438
-14
14
-55
-52
-50
-6
36
-801
2407
-232
-48
2
-45
-16
-43
-21
-24
29
796
-5315
803
-59
-452
319
-23
51
15
29
-111
41
-1106
10
38
-13
55
12
5
-113
85
28
-15
-113
-17
-3167
1376
-39
116
-51
169
-17
-80
-70
3
143
-17
82
-8
15
-929
9
-18
-118
82
-121
9
-47
4
-73
-128
-251
-52
15
12
-18
34
-32
3
-4
280
-286
1298
155
-31
-544
-330
-58
299
77
-34
-123
-113
-365
-93
-554
35
-142
-17
-88
-31
67
166
-2
-1482
-107
254
214
-22
258
-919
5
23
36
-431
44
10
-1023
-55
0
-70
14
17
-28
-30
-1
101
3531
14
-47
65
-131
-52
203
3
5
-63
23
686
-89
289
-1130
-730
-6
-22
334
-23
-1608
-34
91
-29
19
4
17
-19
-78
-24
-1459
166
-62
-17
13
154
340
3
-116
1
113
65
-460
103
24
-68
-17
-26
140
717
23
-8
2
-62
-9
447
1133
77
74
-64
-31
6
4
-66
-303
-45
26
-11
32
21
33
-4958
343
-284
0
-1400
-124
355
-22
18
-53
58
-11
-65
-25
-90
-26
42
-149
0
1116
-30
276
-47
9428
-35
-2
27
-16
96
-36
14
51
-28
59
-109
-4
-503
829
-100
35
-44
17
-1344
406
4184
253
-6
86
-95
-400
-21
3
-2405
46
35
751
-97
28
508
-1
9
474
10
4
-20
251
-51
49
2
-56
111
-12
-261
6
-6
-131
78
-197
1206
-85
-478
-112
23
-78
47
-164
-57
-16
-383
-135
-11
-55
-159
-126
-1
-42
61
139
-1139
28
35
-143
-10
-26
-76
65
-65
4
-67
-2
-86
244
21
-131
71
5904
-21
-8
603
27
-3
41
-36
19
-4
-10
-8
862
-60
92
-148
-1601
-85
0
-11
7
8
2246
1049
273
12
-291
-94
1690
792
-135
69
1041
-72
-7
-91
83
-189
212
15
-8
-243
-51
-29
-777
62
528
36
5
-122
-26
88
797
70
-1034
11
-12
-6
-118
-192
136
-21
191
-32
-80
15
88
-110
120
-231
-18
4
-99
158
-13
2
2882
-66
-43
-96
-74
126
-502
52
356
27
-4
-5
-21
117
-573
-68
94
-7
4
-187
-1689
2
11837
-6
-3
13
13
-43
63
-396
550
78
-433
2151
-2006
-10
-12
-434
660
651
40
13
-53
321
31
159
609
1
-50
-108
-21
135
17
-220
17
10
-55
343
49
42
26
-107
-254
-34
-61
-91
-64
23
-9
-720
-24
-12
-7
22
-475
-99
-356
20
15
-61
14
-31
104
-137
-34
118
145
-266
-63
-2
93
-5
176
153
-54
-254
22
6774
63
-71
-70
-32
-237
18
330
29
-303
-4
-6
141
-615
-21
23
-1208
-58
-3
13
-13
82
101
-27
-18
-9
53
-26
103
-382
-2
174
-840
-68
24
23
-36
-932
-60
-10
-35
33
631
7
-3
53
152
1809
-98
-17
22
-61
129
-13
-191
-7
129
18
-243
528
-8
10
1783
117
299
-12
632
-52
41
5825
164
30
-50
358
-13
80
210
274
-1
-2
1
-125
20
-12
9
-37
-35
22
21
-6
-5
-77
672
-3
900
19
12
20
11
-14
-11
-74
-7
-1486
252
-36
-1372
17
153
-56
8
147
33
185
-9
-12
17
157
169
144
5
-405
-33
-74
-2
-28
30
26
-33
19
267
61
17
73
-1600
-101
422
99
474
-234
-37
7
-97
-7
-129
41
-47
357
193
-84
116
-1371
-91
291
-16
3
-58
539
-43
979
3
26
49
239
-341
17
77
20
-83
1311
-232
260
1
-255
-508
36
19
-2
-14
10
8
493
-1218
-43
141
-294
-23
24
-23
-102
-116
56
482
2
40
36
23
-215
4
-27
-21
62
-54
-103
-7
-89
-83
-1344
4
415
4
-56
-73
51
-57
-44
-1484
22
-135
9
64
-3588
-505
984
47
15
-194
-16
-93
50
177
-38
-220
-4
0
17
-45
65
170
-38
1
-659
735
-193
36
-166
-64
-47
-254
-79
37
-23
-107
-29
874
-12
22
26
631
109
219
617
26
-174
-53
15
-154
-15
-560
-20
-32
91
85
589
-3
52
-718
-229
-2099
96
-85
84
15
-80
22
51
88
-261
-700
632
1033
-25
-109
-71
35
131
-591
7
-986
452
278
-392
-78
22
-33
-6
758
-48
189
112
-177
-97
170
129
24
32
494
-660
-28
-37
106
-52
51
48
20
38
265
289
-27
-280
55
-1449
63
135
-11
13
-31
12
6
-33
-1
23
8
29
88
-85
26
-73
-33
146
165
-39
228
1213
4
-12
-132
-720
-203
-2
623
-21
13
21
-102
-158
-11
73
-44
31
-509
89
-29
-3
-59
43
74
54
60
33
9
86
17
1437
292
-26
-102
221
-23
9
-44
42
172
-53
-97
-236
53
-8
-40
9
-28
55
-1508
56
14
-272
-489
-188
-309
10
217
-841
-42
-5
8
-3
-59
-77
-39
106
11
-27
-43
-9
-16
-47
-11
141
3
-113
-20
-10
-13
27
29
-100
880
-50
-26
583
290
-16
-765
-118
-22
-46
-126
-8
115
8
-121
-10
-59
1692
150
-86
7
39
41
72
-33
1
-8
-78
-104
-44
41
-34
13
10
-272
-257
-499
-684
-39
1
-37
22
81
4
-43
99
-77
381
335
-1
-190
40
29
-300
431
-19
-697
-975
-1766
-245
93
55
-26
-7
79
-37
70
-715
-58
16
25
128
22
-5
20
4363
172
-89
-207
732
0
68
-8
-17
-2
1028
-37
27
-136
-23
-87
35
-39
-35
-2
119
-27
19
329
-159
37
197
725
-2
-4191
3
4
12
-4
-14
-39
73
13
-5
-87
1182
-126
7
0
-82
984
-7
-192
-18
10
-71
-30
-104
-4
-122
-222
-128
-16
6
-61
-4
6
-4
1
87
92
8
-908
-418
-36
88
183
127
75
-11
7139
-78
9
-1
-206
12
-217
-94
-79
491
-550
-1
110
-241
51
-593
17
42
28
14
158
29
-37
247
108
16
40
35
78
18
12
-2
301
230
-20
110
-141
-5
190
583
-183
-8
-40
27
1025
-79
-30
-12
94
31
49
72
29
-54
4
54
13
54
-18
-86
142
12
3
-250
246
-8
-9
117
145
1388
170
-7
-5
73
32
-13
17
208
-78
6
-8
3345
0
18
44
1070
-2151
42
-251
99
12
0
-130
55
355
-48
18
-449
-45
32
235
4
-34
-78
-18
-1011
24
215
30
35
-490
14
27
10
7
613
165
9
-7
149
-858
88
16
443
288
-97
35
-222
-135
-1
-19
26
-13
-17
59
-908
-18
-217
647
759
-82
-1309
-163
377
-26
-22
-16
-119
1735
56
-31
276
74
-268
-395
63
57
-64
110
86
-36
350
11
-106
168
-16
27
-82
-81
19
-64
-259
132
-268
64
16
11
-19
-40
94
106
32
-226
-6
59
251
-81
10
-49
1171
1371
320
-147
-320
-9
-38
-22
-12
-431
-12
-13
-50
-14
25
146
-12
-77
-257
-4
-2
0
7
-219
208
-11
397
-9
23
911
-100
126
-21
103
1495
96
27
404
21
47
-9
-15
-1532
-152
-52
-134
-15
-25
-197
-47
-54
384
-13
17
28
-57
42
-10
-90
-53
98
54
-2
-45
1673
110
-59
194
1
987
9
-57
-2
-42
-29
249
-123
53
-13
27
50
86
-2295
-157
9
-195
690
-88
188
-11
11
-73
352
-6
-27
9
675
9
-14
-11
-70
-20
-51
27
7
-12
-10
13
23
38
20
-119
-69
831
79
40
-56
592
34
97
395
540
-13
-23
120
-98
10
1152
-304
-84
20
6
-23
1822
-547
-10
-431
42
15
43
56
3
-47
-9
-46
34
31
4
-2
-16
394
24
-4
504
-31
79
3
-38
19
37
332
69
-366
57
7
-45
218
583
-33
-29
-101
15
17
140
51
18
66
65
-39
-268
-1220
3
-6
107
66
-23
50
-74
119
104
-118
-26
-94
-70
-8
15
-15
-1372
-387
-18
957
156
-44
41
89
224
124
155
26
330
-247
-13
89
-61
432
72
252
35
-12
-663
23
117
17
-38
-34
18
32
-1
589
24
10
62
18
-90
-5
-40
46
78
-11
147
-933
-60
-15
0
415
30
-2
10
-6
35
56
-84
-7
107
-52
378
-9
1423
82
20
-60
25
33
-790
-546
89
20
-11
84
15
-32
95
35
37
210
-45
10222
-83
76
1642
129
2
26
-106
176
-59
5
-1198
-129
-103
-21
-200
-554
-37
410
-11
805
1
131
-21
4
92
-7
56
-122
88
-49
158
10
-310
-6
4
13
-52
-27
-13
3
136
-463
-42
-44
42
-76
166
8
-22
7
0
448
-10
-14
33
39
-39
-5355
-151
4
22
-70
-75
-43
54
15
464
225
-7253
18
1
-48
-3
-65
-311
-1070
26
22
-7
-79
-2
-195
40
-1
-6
24
523
-193
19
-103
47
-22
-27
-88
-823
1112
-4
37
-124
-8
1456
-52
0
9
-103
14
27
-233
44
-66
22
31
196
289
-80
6
30
41
18
-1784
388
61
-145
-19
-101
-3
-603
-225
74
178
95
58
8
28
74
216
-39
-26
1278
-42
10
-38
50
-4
-220
3275
-431
3
2
779
-101
146
-413
6
-235
85
38
-29
-378
180
0
-156
-82
8
40
89
1470
105
-33
61
174
143
-100
18
6206
758
-576
-140
41
-19
62
27
-86
-662
1909
141
-1154
101
-12
-7
-174
31
-57
213
-17
-463
16
22
245
28
976
-89
31
-216
-181
201
12
11
81
17
-99
854
-9
-1
0
263
4
-175
-12
28
-145
43
175
-77
-56
-54
-21
154
115
-403
-309
-30
12
51
-695
-35
69
13
151
29
6
-20
191
92
87
-424
85
113
119
132
-5
5
-11
-261
59
101
-25
1125
-5
122
2819
5
33
-126
120
-49
-4
169
-347
-298
-563
-514
-292
50
19
235
-19
848
-45
53
-4
901
-27
284
-139
14
159
1026
208
-47
115
-97
-79
84
-3
-6
86
205
-262
-412
-21
-29
50
-50
52
-209
66
29
44
-288
-511
9
-163
-44
41
5
184
-89
-8
-53
-65
135
-18
-58
120
7
-27
16
6
5
178
-1
-398
171
48
65
56
-400
36
114
446
48
29
-4
-30
-7
-14
61
103
253
-111
-17
-109
-33
2
-48
14
-63
93
10
1
-64
203
35
15
-81
-84
-22
-18
519
1571
103
-22
10
-80
-6
58
3
16
47
-18
55
152
-1
23
-35
-551
-16
115
-243
9
254
48
16
261
29
-9
19
-7
360
-86
112
44
49
5
1338
39
841
-45
-643
-47
19
37
-109
60
11
-24
-34
-18
35
93
-70
-639
59
26
67
-18
20
11
17
37
-89
-5
1140
-187
-28
51
-53
-159
85
13
1
81
-476
46
-2953
165
-16
-20
-100
-620
-710
-70
100
-1
-41
137
12
-296
88
-10
-372
-50
-645
77
8
457
-121
-14
-91
-100
32
151
-632
147
57
47
-74
0
-6
38
13
-6
-30
61
-13
-292
10
417
-23
-131
971
-30
55
96
111
62
-756
0
62
-14
153
160
45
-9
-191
-22
-191
33
40
-23
9
-30
-823
67
279
-246
23
1129
-39
-6
8
-64
42
76
15
1935
-25
37
-30
-77
20
136
-7
6
-122
-82
1169
185
-17
50
-65
-195
54
191
-1
116
-63
-15
125
104
-11
26
33
980
-12
683
-53
14
1
-76
-89
-494
20
8
66
-131
-70
-7
-64
-5
47
6
-682
26
271
-440
154
76
-23
-5
15
41
3
-100
-66
-4
-5
38
-1
-1383
-68
-3
-47
1080
11
2
-47
-1361
10
-51
2
-11
-455
23
-141
-6
14
668
541
-50
225
-399
148
42
-81
201
123
91
-129
-27
77
690
138
-476
57
137
22
90
-82
-1022
-936
-35
35
85
69
-82
357
17
-777
54
213
12
42
20
62
-102
12
-436
4
-7
-2008
-42
-659
-32
-2
-84
35
-39
435
50
1
34
-12
130
-100
-15
96
56
22
-376
-16
-784
1666
-24
169
-88
-499
34
41
-1203
1061
13
-28
56
41
172
-29
-94
-439
128
212
-4
130
-64
102
-363
89
-118
-145
123
49
-1
128
-47
-514
-5
-42
19
-227
-295
5
153
-60
9
-7
-16
520
-13
951
6568
17
-8
-2250
3111
509
-458
-2129
1403
-39
34
39
-107
-18
-19
-452
-81
-32
-43
11
51
187
925
-141
90
265
-48
29
12
1438
-20
0
-8
9
437
337
-3
2
-229
-3
253
75
-819
-200
-1
22
40
-5
134
-28
10
877
-2003
20
13
116
17
0
-1213
28
-3
45
-4
302
-182
-4
64
70
42
28
-24
2
-3156
-1233
6476
26
7
-24
57
280
1636
54
136
-63
21
3
-30
-40
7
-46
65
-98
103
2
3
118
-50
119
11
15
-19
30
123
43
18
1174
-20
-149
3
32
1405
255
177
37
78
-2
0
-12
103
-429
-11
118
6
254
5
-25
-33
104
-14
168
5
-12
120
-46
-38
-2
34
-88
-599
-64
1
49
42
-147
-5
201
38
11
54
-415
-166
25
-2
570
1170
158
223
-65
65
51
150
-19
-70
63
176
-22
-20
-33
7
-1
-79
27
-48
37
-108
148
-48
30
-84
-68
-382
13
8
-18
-187
-116
13
-568
297
280
14
21
326
-516
71
-61
-16
-726
87
-2
454
-39
22
53
42
59
-60
-184
13
2
57
-60
-28
-7
0
-18
52
99
3
583
58
129
320
21
-122
-76
10
3
367
-14
7
-25
-39
-4
-10
-15
100
85
-5796
-82
91
731
137
75
12
89
-478
87
-1377
455
192
1
109
-65
-21
-62
2
655
-31
-1
3
266
-10
-31
-67
86
8
359
419
12
-614
-30
58
44
-808
-135
-134
19
-419
-31
30
-40
93
-98
117
80
-5
3021
-23
-1307
-15
0
-199
12
-337
-53
-1
-126
118
230
-92
15
-18
31
158
217
184
-1
35
6
21
400
33
-692
1
21
-3
-30
-55
-33
25
0
6
260
-88
-122
-1222
24
130
58
11
36
47
-7
-51
-7
888
-71
-484
-11
37
-48
15
10
62
2009
-15
-9
-192
24
4
-43
45
173
-11
168
-192
90
-41
-27
60
9
1148
81
120
3
-185
-499
53
-12
2308
23
66
-93
313
22
-8
-40
-35
-3
13
92
-5
189
-950
29
-34
-18
96
-40
-262
7
178
394
13
2
-1214
-200
-4
61
-273
25
-9
15
-451
136
-22
-13
882
-311
-119
104
-17
-28
8
43
41
233
-16
27
18
-19
2
138
16
-2993
-40
2
2511
-79
67
-500
-295
515
-1299
1098
119
-6
-1306
3
20
16
120
-89
22
-7
68
-135
-47
30
3
870
141
-517
-88
118
-673
-28
-282
-39
-36
80
-141
-79
-108
-49
-38
-68
313
16
5
-16
-666
-56
-212
20
30
-5
10
-7
150
16
-249
11
20
-341
-39
-14
-17
483
109
-65
-25
174
-11
3117
-1
-6
316
2877
-1539
38
101
-900
-10
-38
-34
651
-79
10
64
-28
-1435
-52
-27
-44
-54
766
-391
-146
-37
2
38
66
-7
-78
104
-174
-98
-201
109
55
-22
15
-5
-121
-15
13
-271
-302
116
276
19
104
157
10
-57
-1772
6
-2
-68
-21
-14
-336
477
97
125
-860
9
-16
-171
271
95
5
9316
-171
-21
0
8
1
-32
-13
156
-53
24
17
3
447
71
111
-228
116
-369
-20
-157
-27
-65
-478
20
-266
44
-131
699
15
19
-62
-309
9
53
-6
71
25
61
-30
191
-38
158
-141
-87
0
-136
192
-10
750
-27
-195
-238
13
-14
16
1078
-88
205
-13
224
-111
7
10
-32
25
3
-19
-15
54
3
15
49
333
-936
-1560
-102
524
73
11
-138
14
-415
166
-79
25
0
-9
-56
72
8
-452
5822
-80
768
305
227
-30
215
-1056
16
-86
81
2
-253
9
7
-35
88
66
361
-343
-631
-20
2
-49
-71
14
-150
-227
-3
-23
-34
9
-198
358
13
-4
-19
-157
701
40
-2
60
28
13
-214
468
172
-962
11
-2
-178
1301
-4
43
-7
1258
50
10
137
-110
-403
146
-166
106
24
-53
1339
-944
-185
16
-109
134
-83
-557
50
-37
-36
179
16
-129
138
6
-20
-27
90
-5
856
4
311
-18
982
23
59
11
36
-169
-69
96
515
26
-809
-35
-101
-98
14
36
5951
-134
91
-775
1440
-59
162
39
66
-22
-361
25
-449
62
33
1597
-4
-114
58
60
-12
136
35
41
-10
-9
-40
3
-187
-16
1
-12
18
7
-62
114
127
-21
57
154
-102
20
-83
6
30
9
290
18
-30
30
-49
-19
64
3
-528
-182
-68
56
38
4
41
-11
335
-59
-187
-77
164
-56
271
-32
-58
-16
15
-75
-6
8
-48
101
-11
63
750
847
78
-41
-36
-83
-23
132
-787
-575
1
8
33
-33
-815
-53
-9
22
424
1430
85
-5
101
-872
-44
-1073
61
21
-26
-21
70
-27
-90
134
908
-1
26
-65
-26
-24
127
192
-38
1025
-14
-39
-405
-38
107
52
3
-33
-36
-1
-337
232
447
193
485
33
7
-113
-110
17
-3
325
314
-183
-34
47
455
-7
75
556
-109
-554
33
-9
-64
-2
383
841
54
-13
165
-5
42
9
-198
-153
15
31
29
23
219
182
2
33
-39
-9
66
-39
-48
54
97
129
-35
227
16
-183
-272
-642
11
-126
-231
-25
402
-70
-925
663
-65
512
-362
-1261
-137
-38
38
249
-37
-89
23
-3375
-98
-89
-6
-15
-4
864
-52
22
-22
12
11
-1418
29
-42
-62
2
-156
74
-5
-1889
-54
79
12
-16
12
-4
-197
64
-20
-51
-55
637
-2
-18
437
19
-225
22
50
-180
137
1
-168
-19
107
134
-184
11
13
147
40
-1518
-3203
-177
12
1336
-264
-1
75
-18
17
174
-2758
2309
87
-55
156
-32
-26
-75
97
-31
-10
-95
25
0
-194
50
2560
1
5
27
9
1
31
35
794
225
-136
1808
44
60
1263
29
235
-158
-16
20
-46
12
-1608
-3
3
-25
38
-63
-410
21
300
-6
-71
-116
5
-48
20
166
5
64
116
-40
75
-12
-277
10
135
-66
123
-9
31
56
-8
43
27
34
8
119
5
-113
-77
2
43
-142
230
-129
1579
33
-69
-32
-5
269
34
58
-2
-65
-141
-37
-53
-105
-45
250
-261
14
22
50
-236
1394
-140
-710
12
34
987
-20
355
-51
1
96
358
20
-81
-171
-8
-49
-1125
27
-57
-12
-65
-194
879
-1950
18
-902
-118
-91
-37
329
-150
32
-9
6
13
9
-125
212
-418
-108
61
48
43
-427
20
629
-372
-49
-19
5
-51
6
86
5294
68
-56
-86
43
125
-4
41
49
-7
-22
-6
-13
-7
5
-89
67
-5
-223
-8
-28
72
-121
48
-250
-308
239
-167
-28
4
314
157
-124
140
55
-714
19
-13
10
65
-57
-747
20
-335
-142
215
-146
-33
11
-55
77
-585
-61
-146
-5
-1848
-322
-19
-12
-21
-11
8
-10
5
6
660
87
-103
-3
436
-185
111
-4
-240
91
-2
128
-5
37
-105
-2
24
-42
-11
-36
-87
-2
43
110
-55
-218
-50
28
-43
156
165
49
3
-160
-47
14
14
-2
-54
-11
-76
-72
-686
-3
-2462
-17
-17
-211
7
-10
-11
70
-1287
-98
-11
-229
-101
-151
53
-10
-88
-91
247
64
78
-60
-17
-51
566
1152
-27
31
-135
20
6
-436
-66
767
412
33
105
-49
-299
-16
-67
-12
266
53
71
8
-256
476
-27
63
-5
-102
-15
5
59
49
263
8
25
-53
0
-921
-20
-19
-141
-102
-33
-41
-385
-291
48
44
-23
49
214
-36
-8
127
67
-165
-5
37
152
-49
23
1
196
-33
81
-429
9
12
-41
4
224
206
7
-39
-186
-124
-54
12
138
-124
41
-1409
92
9
8
-365
7
832
8
138
-128
53
-827
-38
40
-26
-67
-2243
-49
15
1112
-12
199
-2884
-14
-88
86
-741
31
-113
54
2
-19
4406
5
-31
16
-71
-145
160
-130
995
16
-1
28
-188
-305
213
-27
1518
9
45
-156
-10
-161
19
-119
276
181
29
-48
32
-939
44
171
27
-105
-122
74
-678
-20
44
54
-56
36
-75
138
1313
-47
-755
115
-11
-32
-31
-2
-1055
44
-30
-104
-29
18
-124
-69
8
107
2
98
-98
-25
257
35
-51
272
-59
-104
-313
120
74
2
-296
16
-4
-154
-27
8
-75
33
0
20
113
142
9
-43
16
-147
5
-4
-47
10
11
216
8
900
-24
171
-205
-18
26
-61
7
-73
-12
-571
-20
22
-8
0
-368
-118
-32
-22
-3418
50
27
-10
92
-97
0
48
71
-427
68
-15
-57
-241
148
230
29
-142
10
-17
-1338
-32
49
-15
-812
31
-80
-13
98
181
-87
50
-5
-9
20
47
-5014
1478
19
24
-19
-20
90
-157
284
-5907
-8
41
-47
114
17
-122
101
32
25
-537
-26
-10
0
11
-161
-1
-70
22
-15
82
-522
-95
32
-367
-12
55
-16
-242
51
-158
-33
307
-22
-27
38
1413
80
820
0
-3
4
50
1388
29
34
1
-2
8
-223
-15
-992
22
-44
369
22
-87
95
-84
-75
23
458
-9
-88
674
38
32
-125
-3
1
-1093
55
-171
-20
32
-29
363
-242
71
-25
166
-132
-21
-8
21
1592
-18
106
59
-20
-2
-110
400
-1
362
-71
-142
26
1693
-147
4
-250
36
-90
-5726
6
-278
-89
50
6
-6
12
-56
-8
5
11
-17
110
4
76
0
19
8
-31
-105
28
-109
1522
-11
-124
-64
870
293
28
279
12
25
-661
-772
3
-245
-256
-16
-18
22
-82
85
-36
-23
190
-4
-7
-281
-42
208
10
-93
-35
-2
-255
747
-54
197
-144
339
-83
194
54
-964
-235
122
23
134
-4
4
126
0
204
-14
41
386
240
-4
68
18
-2936
270
9
-55
-931
170
43
-285
-31
-223
-43
10335
103
22
10
275
5
-100
-15
5
1606
9
-35
117
-9
209
39
38
107
-70
5
0
-51
-98
-27
46
119
16
20
4
607
-52
-245
4
2923
-354
12
-724
-31
139
0
13
40
122
105
-35
-10
-7
-66
149
-12
8
40
-180
-40
-268
-40
-67
-55
136
-26
-5
-11
6
25
-20
-2
30
-84
-44
-38
-45
1334
-151
82
8
7
102
-34
52
-140
-50
232
89
-6
-4
116
-13
-145
4
1
7
-1166
-38
-13
-1147
205
0
113
162
17
-154
-25
6
-30
-26
-30
22
1
128
-119
35
-26
-7
235
-9
35
37
-111
430
-188
19
38
56
-9
33
-1
-477
281
-550
-9
50
36
5
-2
-68
45
-71
-32
5
11
-18
5
102
-9
-24
-9
12
-1612
2
-29
67
8
-72
108
-10
8
-238
71
69
11
-86
132
-7
944
26
107
-26
-30
0
-249
404
-2
54
-210
724
204
59
87
-3
23
95
-31
-62
-3
-243
13
7
63
-37
-12
-270
-165
74
-53
92
-2
31
-12
-1
69
-157
-9
-166
929
-4
-22
-28
8
35
49
-18
70
169
-36
-2
-23
52
-1887
-62
-52
186
55
41
13
-122
39
602
119
51
-249
75
43
-134
11
-229
11
-8
50
-11
-27
-33
-22
5
245
-15
51
204
1379
-317
-12
37
20
-40
-8
-92
-128
-6
-218
195
-35
-135
-140
26
64
23
35
-60
-16
-39
324
10
133
-39
746
-19
-65
1914
1134
-78
-13
-200
-33
116
25
-548
86
-74
-589
-191
-496
104
-22
15
-35
-77
305
-123
24
-76
2
8
-23
-96
-9
-25
660
-107
-3905
-71
-403
-36
32
238
-9
21
87
49
-17
12
35
-33
2
-98
-28
73
9
1504
7
939
59
-134
-172
258
41
-29
61
-89
-1
-67
-26
-5
163
441
36
15
-236
57
-67
-49
29
-26
-5
-48
-14
7
156
25
-2
63
6
-55
20
305
143
19
70
53
-94
95
-13
-85
218
-32
30
-5
-96
40
-187
-2910
15
-61
-230
188
393
-130
101
39
32
-94
13
-629
1
-1
71
-359
145
21
-15
484
14
-310
-246
124
85
69
6
-54
262
8
96
-19
-67
259
-43
105
39
57
0
-13
-72
21
25
6
-158
-397
-2
30
-47
62
-19
597
12
-48
-68
-124
-4
17
70
-4
19
59
-11
-29
-53
-28
26
-61
-4
55
-260
-7
1485
-24
-50
-166
-31
-1126
117
-186
402
-107
-49
-34
-91
48
-2
149
-18
133
10
-42
-75
1460
19
-87
-72
-295
-212
-26
-39
-29
-101
-220
44
-89
109
-11
-36
-15
10
90
128
-116
-79
-7739
76
449
-1071
58
-72
9
222
-326
9
130
-587
8
28
40
-163
21
18
34
-419
33
63
-2122
-207
-1264
-579
-20
-974
131
147
-19
112
80
-21
1000
-343
-39
52
-52
-417
-312
-53
20
-17
371
-12
27
-57
32
32
-136
-21
-20
22
81
-95
-111
3
-2
208
903
152
-24
-16
-192
-1
299
-255
51
-4
8
-5
19
15
-1052
-14
-45
-31
27
-10
-2
-34
-234
59
-178
-14
1494
44
21
-22
3
24
58
42
82
233
10
-327
-6
-175
-21
-184
23
-20
-68
-87
7
-5
-65
-12
14
-1224
15
-14
16
-90
-385
45
45
19
142
-2
-91
-482
65
-20
1046
201
591
-53
56
10
-77
-1600
1
1276
-27
-638
-77
14
-5
68
121
276
25
6
-16
52
32
1
-167
-74
174
-13
24
73
7
-22
1
158
503
105
-31
-5
127
-68
-9
-25
-51
-126
-60
-672
109
25
13
36
-40
-1847
39
-2
1466
-10
-689
-3
23
-371
333
-53
559
-30
-12
-12
86
23
-7
-14
-38
63
-286
415
94
-69
-49
-177
-16
-41
29
-37
-46
-30
-5
-187
53
-82
-86
-46
38
-104
-416
440
778
29
11
8
257
334
-90
-9
42
88
101
126
-34
-38
-4
-37
19
49
-60
-75
-141
-761
12
94
814
1
204
-27
5
8
-13
-70
-1
-118
-15
-303
-1108
-6
54
-230
-15
-346
-8
-61
92
12
-24
12
33
271
22
-21
45
-46
-134
-533
65
-19
41
-188
347
58
-1385
-15
360
5
-126
-4059
-193
-1078
82
-380
-320
-38
80
-285
3
42
-5
15
144
13
0
447
-34
54
-56
-24
12
-1
-15
-37
-62
23
-15
6
1
12
25
-245
-13
-1025
467
15
-11
-3535
17
-39
151
24
-22
-21
-6
-30
318
-1573
171
67
-197
-55
1933
30
-97
16
232
-6
-31
67
-136
-15
-71
13
-20
-238
10
-713
144
362
-24
277
-8
-27
-217
-10
-8
-274
-98
-25
37
157
-99
-262
70
-2111
79
-1000
-116
16
7
2398
3974
-670
24
65
-283
101
100
-1
-306
13
6
-1183
93
-7
-9
49
-27
-13
52
2688
-1221
-5
22
-331
13
30
-29
8
43
-31
-6
-23
12
-585
-384
33
209
-28
-305
-13
206
17
-3
14
-102
-53
158
224
41
-1
-34
-170
-21
8
5
-4
1488
-172
19
-342
-188
145
-67
-31
5
213
46
-7
-56
-348
54
-20
-33
142
17
189
12
-15
1
20
4
31
214
-42
25
-87
35
16
249
2
45
103
-28
753
53
47
10
-15
250
112
232
21
0
15
-2311
-427
18
448
1
-94
-17
-45
786
-44
11
-73
37
41
19
-163
57
481
-7
-428
125
752
45
342
466
-7
173
86
454
12
297
-64
1468
-15
5
10
-11
190
71
-10
21
110
2
-61
107
-11
-299
59
-828
-271
-1135
5
161
-23
268
-1
86
80
-33
5
12
-8
401
-4
-50
-51
-9
-341
108
-1
13
-73
21
57
-13
-100
-26
17
-17
525
-289
-58
-10
-51
47
-45
132
7
-105
-107
1667
-57
-77
27
25
-18
-17
219
-17
-103
13
103
-43
1
46
127
-25
-14
-49
-226
55
-44
182
39
-128
-8
-24
1019
-169
-134
-30
69
265
144
245
25
119
-67
3029
30
-39
-40
72
3
-34
131
-7
5
-42
-621
-9
35
-209
-231
215
67
-638
-454
-1017
-314
-57
9
86
112
-7
-64
129
90
25
-207
19
-218
-60
-98
-30
-584
-162
-79
-612
-19
-63
14
-186
-31
-3
-40
1143
23
35
22
-1
41
933
-122
89
15
146
-95
-539
-1
126
-1298
-112
-13
-260
-39
-207
39
11
6
-100
-171
18
-1224
4
17
-119
8
-156
-4
1158
-85
-179
394
-17
-7
127
-442
-151
-295
-97
49
-38
-183
4
36
59
-37
-3
-2582
-1365
-31
53
-80
23
571
54
-18
36
31
-14
-16
2
501
-350
-3
-4
27
8
42
24
-13
15
6
-81
-1
416
301
-28
6
54
151
28
96
-85
24
-51
163
-89
-30
-6
-28
183
64
23
4
-4
-46
297
-50
52
-168
-6
41
-12
-90
-13
335
-5
-324
379
62
197
-17
-22
-356
-141
-75
23
-6
109
81
-68
71
328
-2
-266
2
-2133
-340
-84
11
718
67
-25
69
-7
-2
35
26
433
-264
599
-5
-33
-12
-858
-312
-2
-32
11
-31
-41
-28
24
-8
-523
-114
16
-1511
7945
8
-256
12
-2
19
20
18
71
-52
-58
9
60
100
34
68
-26
109
-880
-18
69
663
13
111
13
-52
-282
130
30
-2
8736
-100
-142
-23
29
-283
266
-11
66
24
-72
49
-146
11
201
-56
36
21
-21
-2
47
310
-36
-37
537
-1
-23
6
19
-25
1367
-64
406
-88
-1800
-34
-39
-320
-15
-6
68
5
-13
645
-25
-81
-1
-73
96
-75
52
81
19
-61
-21
-111
-234
-33
-6
81
33
-477
-37
1
41
133
-82
35
-43
-27
-1
-44
118
-383
102
-24
-23
0
-6
12
-25
-2
-32
-314
1
11
-41
148
30
20
-81
-11
-117
496
-253
-379
-18
62
59
-6
-11
4
-432
-159
-3
-44
24
-22
47
-4
-22
14
-411
11
-41
-321
-837
-56
-12
6
-20
33
-41
-395
-19
31
84
-13
170
4730
11
-5
14
221
1205
-25
-226
-65
-158
5
-1912
-5
-2
98
-113
96
46
1087
10
-31
293
-112
2004
2
-148
355
-36
36
10
421
-73
-2304
-22
208
-5
25
202
1481
175
6
47
15
171
27
51
126
31
21
-20
76
257
-126
-3
595
-13
-8
-8
45
-17
-4
-11
-26
-24
-26
-30
1126
-130
-53
-41
22
-9
-51
-86
-285
-112
-18
-130
50
-4
7
-5
-39
-318
-8
6
-121
-50
-98
27
-29
2
-62
15
-82
-203
-202
50
-96
6
-351
-58
57
-1
47
-646
-358
16
13
-39
22
119
21
-152
44
1398
11
-351
-113
-134
12
-669
165
214
262
36
-2
-30
23
-165
2742
-1378
-36
452
-16
40
27
-8
-8
-232
61
4
48
-270
-40
-7
-444
-45
66
-2864
-50
-155
-12
-7
8
88
900
255
59
38
200
-11
7
62
-461
-30
-20
788
24
-184
1
42
-42
-64
-218
-203
-74
-33
-40
-59
41
22
42
11
411
-83
37
1303
105
32
48
-30
-8211
-15
167
1
-80
9
-111
-106
-21
-581
6
123
150
901
1
40
47
59
-13
-350
89
-941
-93
-45
57
79
-34
-97
6
30
-108
-178
469
78
106
-3
-51
853
-47
-43
14
19
14
-49
-35
10
-62
-23
-435
-14
31
20
-21
138
-33
-12
279
109
36
10
25
3759
-27
55
-6
3
39
17
-604
-33
127
265
236
2
56
-101
32
-48
107
-30
61
-504
-73
75
-84
-27
99
14
3
-1
-40
31
-36
-211
-54
-62
-81
15
59
83
-24
48
-63
49
4
-139
-2
-31
-26
215
-4
48
98
-100
-982
-16091
-88
-375
-812
-52
-1050
-69
-35
14
-42
6
-3
-35
1417
49
-131
47
49
-102
75
4216
-299
-826
191
-43
-12
-15
10
1262
-33
174
81
-27
-23
-149
288
-15
6
-439
-45
32
-21
-10
-1261
48
51
55
64
96
53
-255
-7
-8
-3
-14
-14
-4
-61
-10
19
0
245
64
15
-53
-13
-5
7
70
130
-954
711
-33
23
-21
-264
-4
1
4
14
-244
49
1722
8
31
-115
84
-163
13
62
24
-95
-4
49
143
73
-27
-24
-88
33
-4
-24
-262
0
-163
28
115
305
35
-62
102
-13
-49
72
297
-2
-1516
74
138
-42
-123
14
10
-28
-269
2
11
-590
980
5
25
-644
108
222
-92
-1
24
842
-48
-54
-9
95
75
96
-102
62
-552
18
5
-5
287
26
473
-115
957
243
-147
-3
-290
-301
-76
-186
-11
817
-141
165
-13
-15
-21
-1
132
-33
-49
99
28
-137
3142
269
-11
-33
43
-6
408
-21
34
1
-28
-46
106
18
21
7
67
-7
-126
-120
123
-14
90
44
-75
-324
-6
-89
-121
10
54
204
49
74
-17
33
-7
-63
-344
134
85
-139
-95
-1348
26
186
216
3
-37
-102
400
-80
141
15
-101
-11
-216
-59
-163
445
-60
182
203
5505
-8
25
715
4
226
-70
825
84
675
-253
15
78
-56
10
173
35
627
-1151
44
168
12
38
405
-64
70
66
74
30
-84
95
-27
-3
-18
-13
-105
10
-125
-186
-57
-128
-5
-1618
76
26
-22
50
-87
10
-31
289
-105
-11
-79
82
-1360
-32
-6
106
50
546
-291
-10
99
-13
-10
-59
-71
39
115
-357
-11
16
-11
8
-239
-37
3
19
40
-7
34
87
18
38
-162
-3
25
-27
-364
493
4
-21
6
-1162
4
-80
348
-1765
-422
132
90
-12
30
-20
5
-165
-113
-21
-20
270
1159
42
-30
12
-240
-261
50
-45
97
-33
86
102
54
90
228
1406
26
-30
-109
113
3
-10
-34
81
-1
22
33
102
88
-27
374
72
39
-31
-422
-63
2
-98
-121
-638
-168
-16
68
-24
-52
-16
43
10
-14
18
-33
142
-103
35
13
-84
-9
36
-49
10
-63
-80
148
-9
-21
804
58
4
91
109
-482
24
-100
-6
-89
-402
-172
-163
-23
-1
-133
15
37
-88
-233
-31
-181
31
-11
-24
-31
-121
-2
84
101
12
-468
-48
28
-8
23
-75
72
-28
10
-173
180
-54
-70
1249
-1440
15
367
-37
-53
28
-942
-86
100
103
-150
-410
-499
-1726
133
-11
376
-139
70
-33
38
2
49
748
-64
5585
339
-87
-180
-784
48
-39
-259
-8
385
34
-19
-266
557
18
15
-1297
124
34
12
3
-573
53
-8
28
1
-127
81
-43
66
45
-22
81
3
3
-43
-1132
98
17
-78
18
3
-161
-12
22
834
-515
26
24
-21
53
128
210
-89
-94
39
864
-387
44
-15
-9
161
-69
83
-70
-75
-27
0
17
104
-57
119
32
-15
79
12
199
18
115
154
33
93
102
7
100
3
31
629
202
122
-262
-59
45
-79
3
-31
66
20
92
80
-22
-21
-67
19
281
-1755
42
287
3
10
3233
11
-318
-74
241
-36
-4
-100
415
69
-45
101
-20
3
-35
321
6
36
165
31
38
124
5
33
67
-82
38
0
-37
0
383
15
-14
162
-154
443
-28
2
754
480
51
-1
74
33
2
-3
-11
-392
34
429
0
-16
14
432
1059
445
-7
-22
-430
-29
41
-42
521
217
55
-26
-6
42
71
8
11
24
55
2
-32
-45
33
84
39
-8
10
-388
-12
29
9
1280
661
100
-17
14
4
-21
28
-324
-10
-62
-12
6
-36
87
-74
36
810
-5
33
6
-3
7
5
23
-5
115
-297
11
55
1644
186
158
853
17
248
94
46
-113
74
-1601
-58
3
-26
237
183
-28
37
-49
18
-1
10
-8
-115
20
-237
-4
23
-26
-54
-25
33
155
-166
9754
26
12
-19
-142
3
-4
33
10
-2
19
-290
8
181
-30
-6
88
-7
42
-1110
-41
-21
-25
-35
-518
22
-208
-9
-436
4
10
384
-516
163
992
1097
15
484
-41
65
-1
4
22
864
18
-264
-87
5
-1001
-50
-171
-43
-608
-9
-12
-69
-33
21
-271
-3
218
-81
141
1
-37
2
-1
99
186
-60
-24
115
-57
20
33
233
-31
75
67
55
12
515
-13
8
148
-21
-33
11025
-4
-9
115
30
-27
411
211
-46
103
-213
-63
-68
108
-109
-6
88
-43
-70
-2
120
58
67
89
-214
-10
446
-513
90
-322
-38
-12
-10
-11
2
38
-22
14
50
9
2730
53
-493
-10
-173
-9
46
234
-27
-1700
38
697
-3
330
4
37
474
2
-736
-5
73
-3070
-68
4
-445
220
0
4
-269
-176
-13
-135
7
-58
-6
447
-38
7
286
-71
11
-1
126
-2
-106
19
-35
-21
-116
402
-114
40
75
12
1
-82
51
8
248
-34
-365
-20
315
-11
-49
74
-601
19
-604
-21
-32
203
60
-31
-56
-1
-1797
23
478
-48
43
369
-232
-10
-1
-7
-8271
-116
-51
38
101
314
11
18
-8
8
472
-34
-37
621
-94
59
33
28
14
-19
-4
4
-3
344
-334
-64
4
125
0
2
-9
130
4
9
-15
48
-46
-175
96
-116
-15
-171
-152
-2
6
-2
19
58
75
120
-1449
377
-50
-12
-1727
74
-81
12
-34
-40
52
-8
-163
-496
-99
52
421
-20
-6
-274
-43
-4
-4184
-34
203
-222
-54
-19
261
-21
-2261
-103
249
20
-62
5
-26
30
-106
400
23
-11
-15
-224
4
-60
5
-25
16
-8
50
119
300
-2292
-25
70
32
94
95
32
-108
-92
-222
841
-16
45
108
211
-1
-374
-56
-19
68
13
-32
11
26
17
-647
-23
-1
-14
98
664
123
29
344
-65
401
-556
-42
265
-8
5
-15
20
-75
87
-1
371
0
48
-2254
3
47
468
0
53
-95
-9
46
-81
223
1452
-881
-125
59
63
-366
23
28
28
508
-16
339
5
7
-69
-34
-137
-98
7
61
86
6
5
6
97
676
-232
1510
-4037
-17
-368
-112
323
121
90
-27
4
2
-20
356
18
-28
60
-14
28
395
17
0
-10
-50
-75
42
8
-4
590
12
11
-7
114
16
30
60
-19
10
-39
-7
-379
-26
35
827
43
-35
13
-115
41
186
-415
-72
133
-38
4103
-120
-1119
-25
-32
125
11
62
13
70
5
-42
21
-1352
2261
11
10
-7
77
-34
-24
97
-953
-11
345
-59
-62
99
68
-93
-1439
-117
-85
40
14
-19
37
-12
168
-1224
-21
86
119
-4
-31
-246
-118
1
-7
23
-1769
24
-4
73
-47
44
-234
55
155
-7
96
-21
-98
8
509
-3804
764
92
-62
-28
144
26
48
-1
-36
-122
-107
-9
-22
29
21
-64
-13
-237
-32
-220
-18
4
-34
76
58
184
7
-32
62
36
-1
87
-33
36
24
20
65
-152
111
137
-16
1532
8
-126
358
-1
262
-7
-8
46
114
-40
-469
-14
1651
-23
32
20
40
-21
-4
287
-32
87
95
-224
161
14
611
-2
-22
44
-76
-57
34
195
-133
354
3
28
-19
65
14
-3
7
119
-45
-67
316
-31
5809
-59
6
-305
-317
435
16
31
1
-97
-513
-18
-29
38
-4275
3411
-45
500
-77
1010
-56
-83
-34
58
16
46
6
13
-14
-8
-1
7
-25
-115
-6
-200
50
95
-1986
31
-7
5
20
54
-56
-200
-154
-24
-34
31
88
84
-865
29
0
39
-1106
-89
-13
1
30
-4475
-177
435
-146
38
-85
51
-40
-431
1409
12
-2
-233
12
-5
62
-389
83
-242
311
-51
-1261
53
51
-7
5
-75
31
-82
145
25
92
81
-604
-1683
-57
17
-180
276
48
-401
-311
-18
-18
1678
54
9
71
6
14
-14
1591
2
299
-480
34
2
32
-491
10
-41
-289
66
26
70
11
-14
157
-353
18
-5
29
104
27
19
171
42
-408
231
-144
280
76
-332
5
53
-32
208
-104
46
10
59
-96
-170
7479
24
-1
163
66
-159
43
-17
-98
-59
18
-10
12
34
22
52
-12
376
1208
81
19
-8
3
739
-5
810
83
14
-48
48
26
-79
3
-459
-39
-11
-54
4
-32
3
18
86
-449
65
-2
136
-36
43
541
83
-38
1315
-874
-23
-71
-40
50
-318
-149
294
-38
-14
214
19
54
-260
261
2
-14
-117
-30
-52
-33
1
89
-50
34
41
-21
15
-41
36
-16
-5
3
-79
-21
-11
-36
-130
-90
-9
3
-5941
-279
-118
136
-7
-15
-94
288
15
25
-12
-26
50
310
-172
144
86
1309
209
-6
-257
-28
-1255
-34
-286
-79
-595
-160
-43
101
-3130
-225
-7
-74
65
1
9
-499
-769
-133
-257
-94
6
-41
-238
61
2
-37
0
225
390
-1529
2
33
159
-289
42
122
-103
-52
-20
2
8
102
-280
29
-266
152
-46
-78
-1196
-2
-81
-382
-3
32
11
407
-15
5
-174
-126
-7
0
23
0
-24
-58
-243
407
-84
35
-14
-359
142
268
-52
-15
-1440
27
-27
-215
-238
-50
-16
23
13
26
-46
29
73
-7246
-24
-8
19
-159
-2
-3
465
-38
-380
-117
1284
9
31
-168
-89
-24
-29
-10
-201
222
-16
-187
-1198
204
-43
54
9
-22
-24
235
23
-10
81
86
5
20
5
38
-38
712
79
3
31
22
1666
36
175
73
-236
-3
-111
114
53
26
-150
655
-51
14
-56
95
42
-11
129
-1167
-4
-6
43
-4
79
-125
74
-5
-48
-39
39
15
-756
-15
-48
199
-16
17
29
-127
259
-10
-21
35
-46
4
92
10
-26
18
-279
-29
-1414
307
-24
610
105
-169
5
-35
-58
11
-13
88
57
31
69
-185
-2
77
-45
81
-58
55
941
-15
-172
-353
28
-146
-187
-55
-90
34
1182
-18
28
-1681
54
-9
46
-275
36
44
35
-14
22
3
168
69
-1096
-2845
41
73
39
101
-1
39
35
155
1130
-37
55
974
20
-183
17
-227
4
-293
-10
-104
32
33
-17
4
26
-51
-22
-90
-155
16
190
6
-223
188
35
-2356
1522
-6
37
-15
-3
-6
85
377
-24
-1054
-232
76
-101
19
-7
-23
181
25
-235
0
-57
48
32
-642
-585
59
49
6
12
58
-154
367
-27
-550
-16
91
-1661
-656
32
5
-93
-26
-110
-663
668
-26
1
356
-11
-72
-46
55
15580
-15
-21
-16
-16
-5
155
16
59
-394
117
14
61
-24
-57
-10
79
-632
-10
-5
70
46
3
-45
-47
-107
-36
37
5
40
198
-26
8
-649
236
13
-17
-33
-13
-9
13
225
3
-6
-53
370
294
-48
8
25
1059
-32
105
-44
-538
-168
-81
82
83
-19
105
130
30
-6
-43
-564
-171
-85
36
80
-7
61
842
47
42
-20
3
-1159
19
137
-252
38
-696
56
4254
-111
8
-15
51
20
678
-51
-241
16
-23
10
18
322
-15
-405
-5785
27
75
38
-478
75
51
-44
17
-54
380
-28
-40
10
24
-130
-26
86
53
-57
17
143
678
-516
2383
-25
-2
-429
-36
-284
10
27
53
31
814
13
-66
-4
7
478
-84
236
41
-3
777
9
-1860
6
38
-4
29
90
159
-92
-845
-445
8
-67
20
-3425
-101
2
-10
-20
243
28
1726
262
752
637
185
-224
11
26
30
-30
-61
-52
31
-187
472
21
-32
393
8
41
-42
44
2
-10
-21
-4
-7
-59
2
3
-240
-38
15
38
31
28
35
-33
23
-8
-8
439
-92
474
31
-281
505
-19
-1192
16
-19
-82
41
13
-1461
0
-91
-1108
-142
-14
-15
54
8
-11
-8
184
-8
-1
-551
-43
-14
-45
-46
38
20
-34
1876
-1
15
-5
49
849
-30
26
-160
-506
826
31
-30
-9
-49
155
4
3
13
-623
48
-60
-14
1580
-9
-5
31
2558
-27
-5
-13
-155
42
908
-25
5
-219
37
-87
-48
-11
129
29
-30
22
-9
-1
135
-21
-389
39
-10
93
0
20
13
876
55
-7
4
-29
866
-2
393
-32
2329
-41
103
3
-44
-6
-52
-6
53
-1
1
-172
-128
-10
276
8
-16
-28
-704
57
-41
-2617
-25
38
391
157
-5
-3
-93
-84
15
-16
-110
-51
75
0
7
-16
163
-17
-993
-10
111
153
-72
28
-56
-35
-6
1
4
20
-187
98
356
-125
-149
-16
-7
88
88
131
-51
-322
-120
36
0
49
-615
-20
63
-113
-146
1
-24
273
-90
-21
-14
98
-1189
76
-14
-9
231
-8
4
95
151
43
157
-260
45
14
-28
9
-4
-1146
4
-226
-191
0
114
168
136
138
15
-857
-134
1826
-185
2228
-4
-68
-22
1779
-41
20
-271
-5
216
-41
-424
-6
-3060
-24
-1948
115
18
24
-338
-30
736
12
68
257
1600
144
-59
-38
-14
1
773
90
238
-32
-201
-213
8
-63
-68
-60
9
47
53
58
3
-31
127
-113
-106
14
-26
18
23
52
-7
-461
15
42
-8
-10
165
37
-29
-10
26
-975
-115
25
-21
118
209
-21
73
-399
-12
325
8
-21
-15
47
158
-11
-141
-504
-38
-57
-48
77
-5
-30
45
5
858
22
53
-555
-23
742
60
-21
-30
1243
51
-35
178
-38
9
33
-19
46
12
-60
747
87
-99
-1
32
381
55
17
-165
25
238
84
-7
82
72
39
-225
-54
-278
205
31
-231
363
-57
-17
-61
-65
75
182
-4032
67
116
-597
20
-18
215
-95
-210
-56
-840
-25
-181
-484
-204
-15
-132
7
-7
109
54
-70
-762
407
-10
55
50
26
0
67
129
16
-347
-11
-27
103
465
6
70
-5322
98
28
-247
-610
5
-253
-20
159
22
132
67
-52
72
65
22
-32
-254
85
83
-409
-32
121
-19
-93
177
-2
-42
373
-6
-1
-187
12
-51
-18
-22
-10
3
-160
-88
264
74
-2
-64
-165
-39
-14
36
-18
54
-428
72
-51
-78
96
128
24
66
-206
125
16
-108
1191
33
-288
-113
79
-10
9
-39
-5
-37
88
82
-140
38
230
-238
134
12
3
-28
18
22
-26
176
4
109
-44
-106
20
-177
-10
-222
7
-431
-128
-26
666
-257
96
-9
-536
147
525
-6
-117
50
18
-32
-131
6
-482
997
-6
53
-5
31
217
44
187
579
-13
-96
655
-36
-35
210
-7
16
-2
1114
-12
-130
31
977
25
23
2
28
415
9
-14
74
227
-2637
140
-210
49
-12
-44
-13
-75
481
54
-2
3
-20
10
52
16
-240
-326
13
-125
2075
-147
-126
-3
-32
15
20
39
109
-15
-129
-159
187
-2486
31
-335
162
-97
26
47
-47
-31
61
6412
-8
-388
-71
-61
-29
-223
13
-32
-941
79
840
11
-29
740
4
-13
-6
-212
4
35
19
1
-95
34
6
37
-223
46
730
-9
-1501
-24
69
-217
-134
-114
1
-55
-2
29
270
1096
-36
-54
-49
-2710
-102
-174
21
46
-29
156
-16
16
44
-17
-5
52
8
-50
-18
20
63
-1410
-839
151
-2795
-51
-57
6
70
-1683
61
10
-3
153
-61
-87
11
16
50
-8
-6
-4
-12
-75
-15
567
283
31
-198
-627
-73
-16
364
40
1
-12
-2
-247
-26
-28
13
41
-152
-47
-65
-39
17
60
0
440
6
-167
112
10
-18
-59
-71
2732
189
-6
-98
-46
-220
292
-111
375
-203
110
5
-158
37
-14
-74
152
1
-34
-19
1981
-29
21
54
-73
-373
13
-18
35
10
-5
12
68
121
-1252
-5
169
73
-82
6
2
4
18
-31
-269
29
-38
84
5
-12
328
-39
71
-18
-86
-560
33
812
40
25
-98
-10
-127
-28
-38
27
1967
-135
-5240
-19
-25
0
-17
-3
-15
-55
767
9
-8
176
-19
11
216
-14
51
-16
-18
-4
-48
-34
493
-22
88
-47
-644
-53
1837
20
182
-44
-475
-46
99
119
38
35
85
-35
15
-85
-18
-217
1413
29
18
16
-38
-58
-130
640
1135
92
63
-34
-13
73
-550
-57
2
-237
19
-152
30
-10
-34
-69
-156
-351
197
-129
79
-31
11
-15
53
108
-4
41
-7
59
-3
6520
-7
159
5
28
66
688
42
-102
16
-68
39
1295
160
-216
-17
-264
69
28
201
-29
-45
-55
-21
35
3
-57
-105
-496
-13
-22
-89
-112
-68
221
-1
191
236
1524
-275
10
19
-40
458
44
10
-40
2
-1022
196
-2
4
99
72
2
-29
3251
64
24
40
94
1
161
-45
-3
-24
72
-10
24
-64
44
33
-74
-60
-20
-28
51
-32
-16
-10
-79
25
-33
-1
163
-123
449
-453
-56
52
25
32
-29
4204
116
-227
33
-33
17
14
148
18
26
22
-40
-156
-18
15
23
-80
1788
242
-18
10
138
45
397
11
310
-53
74
94
459
-46
-11
23
-110
65
-55
-107
-64
-4
59
16
-45
7
60
10
-109
-16
43
23
941
-146
-59
13
-174
22
-5
32
55
-41
56
383
117
914
39
205
-16
1935
-68
-1925
18
7
-16
28
650
69
-60
137
-13
20
85
20
76
-9
-190
44
652
15
-1472
858
140
62
-208
48
0
9
40
-2
55
-13
-2
-277
-86
80
-19
43
-1924
-94
12
-5
-496
-14
34
79
-49
-45
-122
407
414
-35
-18
-42
-919
-30
16
-167
-22
-23
31
-64
47
5
847
105
-3
95
-135
13
-39
-27
-100
169
0
179
-384
24
27
200
221
-14
-396
-548
-20
-2
28
45
-1
213
-29
16
-68
135
13
-5
52
25
-14
-1
-623
279
-568
144
-16
-19
-1619
-34
-35
32
374
-106
694
85
1
23
-152
-122
886
1168
-3
199
-208
-87
-3
-42
111
-26
-26
-12
52
22
27
-29
90
6
361
27
30
-36
1647
-28
-92
19
8
-132
-858
11
-84
17
-4
-47
-55
-37
-286
24
24
-40
10
1
-8
-1
26
-50
-118
-103
50
-455
164
0
-1675
-36
27
-18
763
40
-60
-47
8
47
-47
348
-7
-19
839
-12
-16
-10
58
-20
316
1209
-76
-28
-5
-126
0
-41
-10
-51
12
61
112
13
203
98
24
-19
-8
-27
-9
69
21
-24
62
-1460
-28
-78
-89
20
25
9
-456
-335
-39
-99
-136
-15
-44
-11
54
-92
-6
-9
8
32
-230
-12
-375
-1594
21
185
-5664
-4
-172
208
13058
-1123
-3
105
-223
87
204
-27
-19
-4
-2
2
210
12
64
-38
61
147
16
219
6452
18
-581
289
-99
208
-273
459
16
53
-29
-44
46
-71
102
-43
-229
367
45
7446
-510
72
21
-204
9
-2
49
-5
2
26
28
93
-56
-149
-2
481
811
-155
-90
-62
107
16
-11
-329
17
7
-65
80
914
106
75
207
-694
-11
-506
-38
-28
-9
-4
-209
-21
200
23
36
-456
360
37
641
157
101
157
16
-23
9
66
104
109
-325
-358
-299
70
69
-243
-24
-19
536
-31
21
262
16
-100
-17
-97
7
39
3796
-9
-40
-90
-322
142
35
-41
-116
30
155
-23
124
20
-3
-134
-1051
56
130
-59
-104
-29
37
-2
-10
27
-250
849
-13
-2
74
-34
615
-484
-108
-3
37
1235
1755
-12
70
266
16
-55
186
185
39
2
48
-48
92
-162
23
35
-80
3
154
40
-29
-11
399
-7
-31
53
-82
5
-838
196
164
-317
-29
-254
316
-20
-13
-55
38
-6
-30
23
16
-24
-31
-40
21
-1
-34
4
-8
60
270
31
1
17
-69
-1614
-9
61
-37
21
-164
-10
35
-1841
-40
-34
-12
-166
60
114
-63
18
153
-5
36
-269
-301
37
-31
-29
69
-11
-207
-3
-48
-340
70
-88
85
-20
-31
31
2915
-36
94
1
-21
40
217
3
-117
633
-29
-386
-654
15
-1473
-32
-143
-8
-6
-85
593
30
23
-134
-225
354
175
1246
-1124
-241
-310
60
34
-3
-46
-28
-747
-42
-7
16
4
-80
373
-53
31
157
-101
-68
-113
172
-13
-5
191
160
13
6
293
-182
112
-23
-65
-20
1372
-169
-24
54
785
-73
-41
11
-1004
-16
92
82
-23
-66
20
36
112
-13
-113
-399
16
-12
-13
226
278
46
7
-20
-33
-23
83
-75
-32
7
-33
123
35
-65
-196
27
-31
-28
-33
-11
-11
223
230
-2388
-3063
22
64
137
-12
-173
-59
-26
652
-12
30
248
-20
120
76
36
91
19
895
29
46
-248
44
144
-307
-4
13
202
-1859
194
-97
4
-269
-676
-665
6
6
-712
-35
220
-1563
-56
233
-24
-8
-212
-63
49
-178
-36
-161
-35
118
-56
-78
29
10
26
-6
66
-58
-31
130
-1
1054
-970
111
-18
-161
-34
99
-21
-152
-265
17
-2445
30
-77
26
-7
51
13
23
-75
105
-8
-1
226
78
-24
23
-254
-103
324
-17
130
-12
20
-35
15
70
431
-47
2
-114
-348
-21
-12
-6
241
1789
1459
-2
-231
-71
-72
-9
-11
-105
5
-1253
118
-11
345
-362
5
33
59
-5316
39
-55
636
-40
304
-212
7
-223
-8
3
3
-818
25
32
14
-7
85
-1661
963
-83
-19
-28
73
61
-360
11
1067
1
-1
-626
5
-4236
-31
305
-4
11
555
-7
10
795
-2
-29
11
7
-38
-46
-19
106
23
-698
-27
11
10
3
205
3
-139
12
49
91
72
-221
-2682
3
15
521
103
-115
-25
1
221
2573
7363
1432
9
31
-842
22
10
-51
312
20
9
15
-49
0
168
19
-15
-337
1650
-708
12
-1780
-682
-69
20
-49
-17
-1
3
8
101
-145
26
23
-60
46
34
-30
198
-18
-97
-46
-5
-7
-14
-26
-129
-179
-4
8
-143
-123
-28
21
-19
53
-9
-1054
26
10
-65
-5
273
-12
-15
-36
-41
20
-1380
67
-180
268
23
100
42
-8
-112
104
-53
24
-24
-302
910
27
-17
107
-1480
-51
108
-53
219
135
21
-6
-40
127
-22
17
-10
-30
69
-45
25
86
50
187
215
11
-68
-71
-67
-448
23
-5553
101
36
61
72
15
-9
-121
-181
4
148
-49
60
-22
130
-21
36
3797
40
-526
-31
54
-495
10
-27
110
6
-2
-988
-5
33
-144
-269
772
-78
4
-7
-12
14
52
-31
1
-4
-19
-35
-11
-10
-26
-60
-130
85
16
783
-11
45
9
-1102
180
55
-86
117
84
316
-19
-41
143
11
-427
-27
-250
40
-5
-11
117
112
-163
-158
283
-155
6
9
22
-30
5
-452
91
227
10
-9
17
37
10
15
-82
-45
-37
-68
284
-14
-16
194
-72
-1071
-176
15
84
170
129
-99
100
17
-285
775
18
-14
44
0
-1446
-82
-2
27
12
-461
-322
30
142
63
-61
-11
21
36
11
129
-218
29
4
-45
17
40
9
19
524
13
207
-109
302
32
-16
-11
63
8
-16
-193
-825
-133
-735
-25
7
-73
27
6
-833
-4
13
-219
160
-166
460
-4
-3
-643
-382
-31
-461
-235
2407
-34
-42
156
-187
25
187
12
44
4
24
-5
14
227
5
19
-59
1
-932
58
-22
15
45
15
83
-82
8
1090
5
4
-134
-10
-2
-79
85
-1
76
-1
-7
731
114
-146
-43
-57
70
-38
25
-245
-97
609
347
-49
50
-2
23
16
-22
-93
-1
72
118
-439
-21
48
1999
174
539
154
56
67
-58
222
5
328
-18
457
-68
-536
8
194
88
-312
8
16
37
-7
-23
39
-463
16
571
-32
-23
23
65
5
-56
52
-305
4
448
-159
-48
0
139
167
-292
172
-1
106
8
448
-106
516
216
-916
11
-37
21
82
43
276
47
516
80
-122
-32
31
-539
215
796
1282
-12
24
2
-56
6
20
642
-84
125
11
-1927
-4
-506
9
-25
-8
-171
3
2
-25
-12
-123
-53
119
484
-2
-38
-14
-65
-102
262
-15
-122
-32
-160
-576
-459
1630
135
2
-3
2
39
63
139
-1
63
83
-10
245
6
-508
-177
3
1
112
-1
12
-13
-24
101
-2
-4
103
-19
5
-36
44
18
85
-248
7
-21
-75
-1132
135
58
218
-170
79
18
-4
-500
-91
-22
94
341
-21
42
-49
67
-14
1362
743
54
174
260
48
-45
-12
38
20
-351
68
-128
3
-8
13
-94
-16
376
-9
-20
42
109
102
-122
919
132
446
-487
-365
1323
-279
617
42
-196
-656
-161
115
205
-25
151
-61
-477
-213
-402
13
-31
-44
-18
-8
-48
-14
-138
-247
199
-22
7
-706
-403
-87
-635
-7
-1281
-48
280
53
47
115
-80
151
-39
-123
149
7
-86
81
-20
5036
60
14
-306
35
-22
-17
147
-48
21
-174
216
-68
8
513
-162
-238
-34
-17
-13
10
1676
-122
89
-15
12
2
128
-3
-77
344
8
-83
67
11
-497
-117
-82
80
-12
-18
-22
-77
233
-62
-106
181
-67
-27
-7
-74
9
14
-202
64
110
4
324
-132
4
33
-351
-42
247
-69
25
-411
14
0
-27
-3
12
664
-305
28
-28
-166
-19
26
3438
-2
-11
12
59
1545
-68
205
533
146
9
-156
189
139
-19
-87
-130
1714
8
-70
-4603
69
51
-30
-73
60
1
-95
-19
42
29
-398
44
-513
-29
101
14
95
-45
426
-134
-2086
6
11
78
-340
-243
26
-134
342
8
18
-47
-32
-981
-41
-16
7
69
-89
379
-29
-11
-46
207
22
24
26
-24
420
-17
150
7
2
205
6
67
-40
-75
-78
-12
23
-59
14
-88
-43
-70
-4
84
-5
157
-56
-26
-514
-6
-28
0
13
-50
19
-52
-612
45
-2147
1591
12
-149
-15
-11
149
-38
128
-3365
-188
-359
167
-74
11
351
11
489
-250
18
29
30
1
88
-1857
5
-52
40
17
-117
104
-18
-46
-26
175
35
501
-42
-48
-142
-1
-372
-40
-111
-38
-189
-746
-14
99
-98
-989
3
147
237
-8
-523
16
-294
101
-35
-294
-4316
-41
1254
736
-1192
-138
-390
-4
-13
-117
42
58
1022
10
-83
201
-184
-74
-186
28
-172
480
-129
368
203
-107
-3376
-27
-48
-6
45
23
-142
-10
-64
21
1109
16
-309
-35
-17
140
46
40
97
97
202
-12
-34
50
-167
-31
20
-188
-8
-322
1632
-32
77
175
-15
-2163
1492
263
-5
-68
-90
13
2801
56
-557
29
28
-166
-84
161
-49
287
109
-85
-39
-44
-30
-45
-302
-304
-2833
224
28
-75
-707
19
-13
-46
-503
-38
-1097
-39
30
26
-30
-125
-11
69
33
-1
134
721
-52
6
-47
13
-173
-33
-15
-26
-18
103
393
10
-6
-126
732
-9
46
42
1872
7
32
45
173
204
-35
-20
34
-514
21
-56
58
12
16
84
-1
-206
139
-843
696
569
-12
-3
-97
-27
2
46
-840
52
96
74
-40
-295
-95
-242
12
-11
-51
-3
-225
2
35
52
-311
-13
2
55
-39
327
-27
-148
-16
3
-11
-181
-27
16
-16
-26
3
7
-16
19
16
440
28
5
-1976
-2
-293
27
60
68
76
2
-96
-6
-31
22
92
26
4520
-13
45
46
1522
-53
160
-215
-55
-7
95
-131
894
-1383
-6
24
9
16
313
-157
5
2
-10
-75
477
-151
30
144
21
78
-20
19
54
-130
-87
24
-1
-17
-520
-1579
3
12
232
27
28
-27
-1282
222
-178
244
-17
-70
44
-417
2
1981
2761
-99
17
-50
-66
-1993
-248
-266
-19
-435
-29
-174
140
-218
-78
-36
108
-89
-6
-2
348
21
-4
112
94
331
-42
-704
-127
-208
-63
82
14
-153
-14
-21
-88
48
18
103
-38
-56
-74
4
273
-28
-4
-179
23
29
-222
-104
-19
-27
46
-94
-12
-704
14
67
-29
-16
-3
14
1
15
-546
410
2
-251
20
12
-27
-199
-113
-372
140
-367
287
13
-20
299
-77
9
-83
-562
-24
117
22
-19
-11
858
56
261
-36
-15
119
486
-206
-14
-14
-11
-61
14
263
-674
-1
-13
-45
277
4
48
-809
520
-453
-59
-58
5
-41
-17
450
11
-160
-23
798
-38
-42
454
79
5
282
-149
51
40
-99
57
-224
21
-142
507
-25
7
9
-367
284
-10
4
-30
-52
111
19
-2
82
-12
42
22
-23
-170
-27
-119
-63
105
-11
619
-18
45
-26
-2147
-76
-23
-21
-30
28
48
32
138
-66
-1
175
-192
-5
-14
5
-381
-10
44
-9
75
18
-117
-110
49
136
-127
26
-387
-128
83
14
-83
-2
-99
-110
327
-637
-25
-74
-96
314
67
10
-53
-31
214
-18
-92
6177
35
30
23
8
-21
31
75
34
-1
-1092
-18
49
-18
28
41
-1928
9
62
-6
-1
9
64
-6
-71
129
111
-348
25
-523
52
-18
-5
-71
14
3
7
13
4
114
80
2
1087
399
-70
-32
3
44
4
86
-11
-83
135
-6
-89
-4
-57
26
-17
1122
-9
33
-31
54
-93
178
16
927
-13
3
14
19
81
72
4
-124
6
-388
-49
-55
140
22
-20
9
-21
-29
-5
13
-1201
-92
-99
-16
-38
128
479
-11
-22
7
52
-204
19
-264
147
146
58
-50
-154
-137
-31
72
-49
430
-3
24
4
150
-134
31
-106
-18
-84
-68
-110
-342
794
-274
50
-23
-3
-641
-21
-33
-7
-45
28
52
-11
-12
-30
77
170
-61
15
-2
-44
56
-2
-260
-610
52
-88
-427
-20
67
198
5
-6
-7
5
-1592
6
35
367
-567
-3555
34
4
-13
16
217
