309
27
94
2680
24
140
175
304
396
108
6
298
18
27
138
75
66
15
43
74
18
725
54
804
187
195
134
455
16
57
1250
324
931
591
37
563
72
42
1013
2228
46
1494
5084
319
35
204
76
41
101
134
71
429
486
540
31
312
287
23
87
28
136
204
104
66
257
94
146
29
226
1549
15
878
791
302
12
97
125
7312
171
313
273
506
108
235
95
200
785
45
186
260
259
43
90
42
78
28
82
31
133
61
133
298
216
17
86
298
66
128
12
600
223
29
263
35
212
107
34
156
42
5188
599
520
45
886
1789
92
266
38
1369
54
6323
66
700
1053115
87
85
17
338
20
185
847
1
115
76
724
537
104
452
573
1036
515
2337
46
42
241
11
110
57
23
31
1845
395
41
926
1475
31
65
30
62
199
48
1030
173
7195
63
56
33
117
17
32
75
87
34
28
90
122
59
719
49
52
67
126
19
71
3618
1010
716
62
67
1084
594
1206
359
46
25
16
399
25
505
4304
766
1297
69
13
461
1550
86
84
127
219
352
41
197
7670
449
75
7
60
25
531
280
63
96
110
256
144
181
146
65
878
115
967
196
25
51
52
64
1673
1347
41
33
131
57
157
195
208
39
94
300
247
740
15
1114
530
26
771
67
63
179
32
193
3020
488
75
83
1614
145
163
431
42
133
73
30
105
235
302
40
842
567
128
61
173
246
727
624
44
445
94
118
516
23
183
105
1364
70
244
229
366
75
192
271
661
28
1365
52
593
260
28
1057
85
586
178
201
91
238
19
454
773
606
456
29
78
230
176
20
39
555
370
1853
193
299
1096
377
30
28
60
2768
771
226
12
9268
2611
17
1010
9
108
755
215
70
40
59
18
465
635
919
34
112
143
171
133
408
57
36
60
43
451
142
34
2479
25
21
43
97
1764
21
613
231
234
1444
691
352
54
32
322
58
826
116
239
25
48
194
1936
548
48
3722
8193
471
42
1109
125
29
194
64
37
19
156
396
175
130
30
248
287
304
734
150
10
43
1468
241
51
224
31
31
168
192
629
124
39
640
243
303
363
695
124
1150
70
37
106
143
523
54
41
579
16
65
131
45
882
56
427
137
214
290
666
223
33
18
13
629
18
2072
57
255
243
10
376
849
68
741
252
84
18
9560
18
172
261
172
96
185
1613
65
24
49
36
543
163
12
36
963
15
319
24
371
317
806
378
236
146
159
11
1578
71
109
1387
29
192
39
731
134
689
203
3456
89
182
43
33
419
761
822
315
15
76
32
1169
60
325
193
251
1394
164
6328
646
37
37
24
35
64
501
259
162
71
49
202
88
120
634
545
39
204
80
55
105
1973
8
156
62
935
138
225
249
10
119
156
456
40
384
356
54
430
131
480
222
587
72
77
173
3259
311
218
79
61
26
261
564
166
58
25
470
352
191
217
64
47
262
46
4479
659
193
146
114
116
87
103
15
38
470
304
3573
62
22
772
115
82222
141
344
8
211
170
130
16
607
120
40
272
396
40
51
103
28
1433
515
37
6287
119
364
1287
213
118
41
237
437
14
988
508
66
758
18
389
173
506
16
53
404
26
97
62
129
802
39
8
83
1053
64
48
61
72
68
40
91
74
1593
897
196
43
1141
2697
136
260
77
28
748
114
1191
38
123
524
991
411
1632
320
232
122
44
11
444
29
2043
3933
76
80
23
33
96
564
5
2135
58
27
1555
212
24
766
98
121
611
53
3939
132
679
409
112
441
27
62
184
1852
786
1137
37
131
547
789
898
2977
200
207
4
114
87
106
72
29
517
523
471
60
173
253
255
67
910
618
159
776
233
1082
1112
47
26
76
34
163
157
200
452
51
189
33
482
153
109
127
1229
17
333
62
102
478
46
2572
488
34
75
48
7
316
47
174
126
161
131
35
104
23
1310
67
1208
608
2124
118
258
36
56
2407
174
81
497
120
173
444
67
54
216
26
146
16
83
42
71
189
767
784
117
72
65
33
58
296
54
519
28
21
1527
72
44
247
573
14
1164
134
100
36
187
73
282
63
12
133
198
41
39
167
51
48
88
1800
70
752
15
280
20
1193
582
23
68
448
288
353
142
403
87
186
664
116
191
1941
870
204
896
112
88
69
92
891
167
117
513
160
740
21
37
1085
86
73
33
51
46
77
806
117
390
62
441
38
45
57
406
809
119
961
473
41
63
1135
30
749
76
18
222
186
141
257
72
28
67
1002
39
348
746
586
82
2142
100
273
161
36
625
163
402
106
33
69
601
269
129
116
185
663
1708
28
120
63
40
405
307
88
233
191
1096
212
11684
175
95
70
3805
4538
10
52
30
260
562
8
21
345
65
95
17993
339
36
195
287
12
208
693
26
19
12
144
814
8
140
52
370
3312
84
2468
972
186
2109
34
134
153
104
65
188
260
130
64
2
36
512
406
9
101
19
139
173
145
944
25
78
21
647
31
2587
76
19
19
118
413
385
89
29
20
852
35
3
1004
190
182
142
96
422
237
1336
426
473
206
169
154
1616
495
13
27
53
366
45
99
12
289
61
224
34
908
253
286
104
66
889
67
52
212
102
69
469
340
964
54
67
106
470
616
1515
65
89
175
40
260
3139
80
28
509
488
97
89
6539
234
390
156
159
215
61
36
174
224
393
146
2696
93
289
115
81
37
21
142
7155
77
47
744
37
304
355
601
271
101
49
102
324
277
1182
1598
16
129
173
4179
26
133
135
84
99
356
173
196
18
1026
5479
28
382
40
113
32
5709
88
156
1483
38
45
288
970
3555
428
484
13
79
787
302
135
29
2817
95
17745
201
85
196
601
79
64
152
126
858
50
42
430
23
56
287
611
29
245
150
419
347
61
33
63
205
25
12
586
110
99
125
273
83
250
44
37
53
148
1352
78
871
34
52
2167
451
65
15
24
34
113
556
527
749
78
41
60
119
83
90
1049
292
288
4375
369
1714
121
142
352
86
59
1120
29
20
201
983
443
224
685
57
170
1115
552
1196
221
221
16
400
126
247
83
165
73
74
51
57
53
20
603
40
362
490
128
343
309
1584
139
336
150
575
84
135
279
51
31
404
41
1621
1612
8
67
2324
1503
313
24
2570
104
37
78
80
651
793
44
88
18
386
275
227
501
330
514
66
40
231
94
138
549
602
896
13899
436
106
30
45
14
206
218
47
75
161
26
288
235
35
58
398
296
3
631
39
125
1059
220
671
39
29
116
30
20
415
181
193
1029
103
475
2211
52
111
277
122
55
5
74
434
2097
166
51
960
162
4
132
711
185
1693
2618
116
435
72
111
309
82
19
86
99
107
83
170
63
77
1182
93
2951
573
64
64
2632
40
61
260
112
200
246
38
313
29
80
473
119
152
840
87
184
20
159
55
272
206
326
98
325
155
614
428
756
34
196
89
952
88
43
727
3011
184
279
199
68
139
32
12
218
60
131
1076
41
28
6
166
425
635
13262
1968
256
153
581
3667
95
134
28
14
27
9
850
969
85
258
86
175
107
93
781
77
4153
126
2140
3823
78
27
166
27
105
348
318
1922
41
2687
22
2862
41
6032
292
169
42
22
2375
178
22
294
1403
132
200
244
35
17
192
191
5
116
43
422
351
1783
714
187
114
34
26
128
224
375
257
246
516
165
374
353
119
400
56
1026
215
23
394
70
70
391
161
1410
962
84
37
105
192
683
85
134
586
123
39
361
1901
31
241
7732
104
1006
272
133
22
40
492
218
29
1093
129
30
189
75
26
166
218
1655
134
126
113
457
372
70
45
135
511
684
344
279
313
565
48
67
215
257
70
41
271
18
157
184
26
112
14
181
47
59
69
1656
1041
37
182
403
26
1241
92
323
167
312
100
457
356
74
30
1208
264
201
80
69
41
124
767
172
4141
7
770
245
120
153
76
422
709
510
23
53
49
570
37
55
174
53666
465
92
71
140
148
17
178
115
75
127
201
264
39
39
46
1056
1147
989
398
109
116
548
15
31
56
23
41
1331
78
53
4402
279
20
334
81
145
1108
1050
1
124
45
770
49
302
1515
409
309
96
96
72
37
45
576
496
208
1537
3
366
83
50
569
1546
13
74
32
223
531
28
1556
400
534
57
287
331
309
121
167
1268
57
278
81
170
899
188
84
373
377
22
118
418
106
229
289
349
62
18
515
10
1078
80
593
154
180
303
321
121
34
28
11
114
61
15
395
68
102
154
30
758
2495
15
133
409
83
145
180
30
126
51
135
8
34
292
140
131
42
174
24
10
4722
186
477
174
23
91
151
36
110
223
12
512
2384
58
35
253
81
83
108
1305
267
403
3539
131
1070
894
67
51
817
105
304
23
83
1025
841
95
511
38
254
387
112
19
796
154
63
54
34
18
199
153
160
127
97
1688
138
263
51
1001
1747
77
8
603
112
650
147
5747
50
192
299
810
295
65
64
3162
66
50
1738
248
36
59
316
8
177
73
98
14
88
305
49
1825
279
129
37
18
370
897
53
2805
154
551
49
2515
96
49
220
784
638
77
48
2675
314
515
1559
83
45
260
2651
636
41
334
113
112
2226
671
29
32
20
19
281
84
141
78
60
24
169
819
5009
80
3
226
123
355
274
898
322
185
496
100
50
66
453
549
604
195
1190
24
336
96
192
119
304
162
21
61
87
30
1350
710
13
4195
1600
10433
140
140
436
446
22
387
245
914
196
280
619
173
560
597
35
13
3891
763
2719
2083
143
106
454
642
96
850
215
184
136
864
46
153
284
136
149
2752
247
45
34
177
196
68
38
278
111
38
1195
40
211
2836
1191
391
256
56
111
46
10
463
81
13
56
11
154
93
133
466
277
514
1448
569
1095
21
97
134
818
116
350
77
29
109
71
1207
2262
191
463
40
2229
52
47
47
1080
116
320
35
57
115
276
34
277
29
8
21
27
55
310
1866
34
23
16
19
1144
81
351
76
642
6452
263
11759
122
129
1563
554
70
131
434
2108
28
181
964
359
39
145
172
55
19
92
87
1064
674
67
305
230
972
1225
388
14
688
825
98
296
56
98
22
1812
434
983
57
161
249
188
43
653
50
822
81
796
649
72
3146
253
65
1318
166
797
72
112
155
38
51
156
16
2938
16
380
209
1292
64
366
235
540
74
244
85
329
18
33
1766
218
27
575
1355
150
117
344
159
84
238
758
412
20
129
41
295
850
871
10
402
3799
65
549
203
162
70
87
95
1572
52
40
161
552
208
231
842
635
49
79
19
830
1140
15
54
208
94
85
65
96
477
153
763
992
281
46
1153
338
52
848
1702
109
233
65
106
254
52
206
388
7
30
323
1112
47
219
62
1107
122
594
87
81
106
12
4744
21
174
548
871
93
17
147
29
224
38
894
128
111
880
2928
324
124
38
29
754
223
620
884
37
56
189
17
305
442
11
311
34
37
51
236
12
4870
50
161
61
310
34
42
32
29
816
5073
24
7378
882
258
3302
63
186
36
45
82
111
78
151
31
13
1361
111
54
445
107
669
30
200
355
11
87
123
67
24
347
61
29
26
111
99
817
98
618
90
682
1492
387
106
26
1456
934
87
44
991
29
129
363
244
44
180
100
17
6488
114
23
127
33
126
380
54
1541
165
1418
18
71
382
288
575
114
14972
102
293
34
2249
19
319
114
674
35
9
611
89
66
142
429
636
938
1080
1068
787
97
65
249
2177
13
6810
316
78
59
42
2678
358
1578
148
125
102
193
79
1025
451
41
263
33
703
859
1633
359
295
331
62
1785
14
123
5282
229
4464
185
191
21
123
17
31
86
59
53
76
125
2154
103
54
14019
192
832
774
2245
387
296
11
357
135
48
172
53
1438
769
110
102
173
562
170
42
453
255
43
168
32
927
106
175
393
1925
128
725
140
55
23
11
144
543
357
91
692
363
116
120
7
132
254
36
737
5280
583
29
63
330
419
225
926
1054
26
217
64
13
680
63
200
1689
47
793
16
2060
484
413
102
424
9
546
696
74
463
91
552
559
91
397
41
1320
396
197
1106
838
251
120
326
308
14
110
205
189
32
71
70
14
370
861
228
2524
786
36
66
241
300
38
632
28
42
10
265
89
1180
24
264
1004
104
142
1236
53
39
143
703
1610
407
16
45
29
200
31
661
58
39
52
1564
63
84
14
697
54
89
783
106
133
53
528
29
61
282
276
466
231
599
38
289
2285
294
97
305
47
692
1703
110
575
22
297
68
118
152
229
4575
121
39
134
109
1067
57
31
916
3589
94
71
54
145
137
68
4588
773
136
229
38
1853
515
116
51
125
77
30
184
789
94
1537
85
1302
723
16
24
63
583
698
212
25
122
1086
283
241
565
6203
72
30
68
50
101
1903
66
106
57
27
66
40
13
1829
87
121
126
76
118
15
56
85
4303
66
53
976
201
46
30
60
22
1447
327
13
145
65
67
112
404
256
3
283
131
2296
32
70
515
429
47
56
517
267
70
246
263
65
50
337
19
32
81
68
24
45
74
126
32
85
119
1026
794
22
194
79
2163
59
114
67
56
522
387
401
39
814
170
89
35
126
87
307
283
390
96
129
545
47
1971
221
46
132
99
1333
528
130
28
976
30
34
53
170
973
114
1906
590
837
208
24
49
232
131
12
35
251
431
133
114
333
162
373
2368
4399
143
166
410
13
59
118
53
63
247
97
599
973
136
18
21257
94
331
58
165
83
274
191
34
170
173
40
133
118
379
200
267
474
437
204
26
116
42
57
429
461
331
14
138
1213
3214
317
1121
195
354
25
39
664
168
41
21
132
120
73
68
9
106
21
180
66
195
744
134
43
180
1358
78
72
178
222
337
179
134
33
1374
137
354
146
298
21
1177
395
234
366
101
261
472
877
216
80
71
137
117
5355
21
22
44
77
813
23
6
621
162
214
583
19
108
166
164
1118
163
10
89
103
81
61
82
105
38
307
3169
670
14
64
36
20
681
1652
955
1002
575
1262
55
862
962
81
405
1346
799
118
302
290
197
100
98
278
365
1725
671
105
47
761
181
390
153
188
425
184
100
22
82
178
108
1496
229
64
26
165
20
42
68
73
592
112
100
26
35
337
20
108
19
275
41
72
352
40
7715
481
114
60
178
39
891
117
15
11
524
339
244
780
37
25
20
799
5
88
233
127
95
129
276
282
201
32
515
150
632
141
32
32
38
410
224
244
248
123
10
26
171
75
75
1534
128
154
195
1136
342
23
1524
14
116
835
20
22
60
288
17
64
242
32
113
141
717
606
127
119
39
640
452
847
131
650
1091
106
60
164
31
228
29
1191
94
170
175
941
44
444
305
93
823
195
21
61
21
597
391
898
246
2333
116
396
22
111
79
856
668
52
233
11
197
286
206
8
104
11
447
3729
71
386
213
1192
49
510
1565
302
724
301
159
136
1947
130
405
42
134
942
275
18
505
351
51
883
61
1669
110
1403
67
1174
582
194
44
8381
287
617
25
59
106
72
304
348
945
183
811
293
34
135
69
17638
79
202
115
47
231
774
489
254
1824
207
457
117
1272
326
318
627
989
135
10
138
155
211
664
129
2533
1184
64
1960
324
1206
24
83
988
19
63
26
129
84
297
3
289
65
24
144
91
108
952
46
71
73
651
275
69
13
415
681
83
137
65
1427
331
83
44
79
160
36
23
610
3945
93
55
12
225
395
15
135
8
477
288
334
169
20
31
158
63
7
2297
410
85
21
16
65
12
1048
761
25
63
51
7
206
1480
316
206
108
129
65
81
1991
3131
1453
742
82
980
163
589
281
25
146
256
248
60
270
214
33
64
2231
182
21
87
306
662
21
388
1868
169
154
157
21
82
289
22
204
2575
7
57
24
762
31
45
514
1225
320
318
23
32
383
899
243
68
225
446
358
13
90
72
305
676
35
358
242
505
693
38
60
766
204
48
380
229
1723
272
1068
1043
760
319
53
302
556
3618
24
5086
241
819
2549
243
939
54
74
42
43
63
354
293
12
12
138
57
2918
167
46
183
92
55
5766
122
1419
88
57
76
9
18
1886
218
47
39
108
664
85
56
791
121
868
263
90
4
587
245
81
60
303
342
13
24
44
1826
1234
48
41
194
84
180
182
68
102
72
3940
847
789
365
13080
14
3630
108
112
120
25
104
237
394
875
640
184
49
472
9
57
27
1207
813
14
274
48
49
608
661
87
129
118
45
52
3610
908
41
248
36
326
10
21
152
46
1900
4658
17
1511
18
58
36
130
105
618
601
679
544
29
673
1604
34
52
1850
45
355
828
104
59
11
988
746
524
794
43
109
42
9
20
72
116
578
2064
484
89
614
47
1270
213
662
30
31
38
45
117
45
31
183
197
75
221
28
25
25
905
208
829
88
145
1047
724
1690
23
1064
34
182
166
16
1120
596
157
143
1481
83
48
44
198
28
1062
141
136
35
165
47
4400
36
1051
24
226
468
221
43
1118
204
77
152
119
290
43
53
1196
659
284
776
157
343
929
107
297
325
55
59
37
115
83
447
690
854
37
197
122
407
6389
38
118
64
57
34
36
86
99
1190
97
42
17
25
224
536
407
34
95
446
1355
227
233
1904
394
99
39
107
31
22
1615
184
42
207
245
9690
128
232
245
244
69
75
24
502
22
546
80
602
25
3592
321
220
125
90
386
34
20
212
126
1704
49
689
303
345
446
4818
451
115
46
530
941
131
87
46
851
294
33
80
118
58
30
54
981
121
507
671
15697
100
533
18
106
52
83
180
35
93
362
656
8
133
442
374
416
17
863
1038
76
607
324
173
1023
25
1528
110
23
86
112
79
42
33
23
59
111
99
25
876
372
224
6
60
148
227
33
1572
212
559
139
3930
1635
185
92
313
124
33
27
21
429
86
39
24
534
509
12
462
77
606
24
435
47
522
52
11
207
373
154
117
403
26
207
1392
181
316
315
66
168
199
262
344
56
66
41
171
191
611
60
3
173
67
67
62
580
35
117
184
1837
159
103
55
131
1265
400
39
111
194
107
1654
1132
78
13
176
31
106
33
82
132
75
150
769
48
94
234
145
86
515
17
52
33
1843
21
267
37
272
390
83
103
279
1257
1732
265
15
113
957
133
221
350
146
618
71
21
41
22
457
44
113
628
89
425
499
549
75
167
613
141
240
19
993
189
119
244
103
139
58
685
69
992
287
123
221
105
186
102
3094
3045
1224
63
13
61
66
324
3037
147
24
1498
165
595
45
1497
18
168
79
590
109
543
168
48
46
819
448
262
234
983
32
99
71
12
7391
543
791
1512
108
170
28
691
122
37
78
77
552
522
19
446
629
22
143
61
986
149
63
3177
16
298
235
187
101
8
32
118
449
41
89
39
171
18
1409
91
807
38
649
659
68
92
3159
192
300
1025
971
241
5298
76
369
244
1166
24
480
623
57
86
34
1291
690
1678
137
6499
44
124
438
50
3
601
4659
34
1732
290
65
281
61
215
694
34
208
203
22
793
791
98
161
215
67
34
415
29
697
59
121
112
22
41
19
105
233
221
73
29
46
1340
3603
242
61
306
714
151
184
23
94
11
38
28
471
1214
165
335
48
820
54
944
250
49
100
216
114
327
3894
224
727
583
382
115
760
121
2289
10
35
120
103
942
1110
31
56
266
831
206
407
72
197
245
91
550
123
310
109
127
80
2737
41
165
595
111
1082
928
219
50
197
49
132
657
700
1620
100
669
1797
51
1297
43
186
986
26
57
311
82
56
53
130
63
1090
781
266
34
21
581
66
20
122
45
17
134
46
20
32
34
920
384
813
117
4
11
21
110
290
4999
119
270
80
32
316
1325
218
62
36
50
1462
63
27
464
6878
740
39
3067
173
84
65
25
34
38
437
39
55
85
547
113
513
71
977
272
2068
647
284
22
612
223
43
1705
1730
791
15
476
1394
138
244
8
111
95
122
126
1120
1597
815
41
298
92
132
84
2265
372
130
196
250
1027
9
268
55
332
46
93
26
616
97
2391
1304
61
41
100
359
1617
2076
144
195
33
10
931
37
99
44
136
875
128
280
70
938
260
50
192
1039
326
386
1341
592
20
81
36
64
453
543
4472
329
11
635
190
762
506
579
361
3151
463
123
929
116
1023
755
18
67
18
3269
365
207
654
1818
1678
465
115
97
261
47
277
220
37
215
817
425
12
841
24
963
41
205
209
24
26
652
199
483
22
2964
22
487
207
178
355
423
212
150
215
1359
44
785
238
77
246
1461
216
100
15
19
876
137
35
247
785
1537
5139
16
1013
502
469
521
117
84
1668
130
259
51
465
1143
41232
46
46
33
100
88
101
610
621
1907
17
24
559
64
204
360
89
30
26
572
24
8
265
821
125
95
87
780
23
77
109
620
39
148
30
173
126
270
25
1546
581
118
153
1362
31
14
319
89
183
770
168
45
335
55
67
239
53
43
85
86
999
877
99
43
10
9
43
749
169
38
5428
269
9
191
69
86
65
507
144
228
39
97
158
11
228
579
166
57
89
35
778
466
31
188
137
180
157
368
414
3746
1246
283
341
148
585
98
241
13
104
1034
22
120
2103
644
328
199
991
153
843
60
45
194
709
35
530
45
113
203
764
191
29
3239
46
23
536
445
94
311
183
75
196
1126
51
755
635
201
108
3974
642
13
356
2919
251
784
4147
72
109
1588
579
111
16
291
227
12
29
211
16
51
466
568
740
527
279
166
106
23
336
7610
26
80
1046
51
131
21
45
318
4
9
860
42
39
53
2206
304
696
462
35
60
77
32
75
208
109
662
107
434
1331
202
153
62
93
19
1018
159
39
145
31
123
109
448
19
29
93
46
1065
152
89
37
69
285
327
285
61
332
68
29
101
39
1491
74
347
149
1226
156
117
114
122
42
871
5605
226
29
87
55
114
532
57
48
786
32
156
103
490
773
235
3250
972
614
8
742
67
226
255
12
62
273
48
30
95
499
76
506
276
427
101
37
201
397
468
231
183
725
26
97
12
73
463
3139
254
62
224
20
237
172
59
1070
78
28
153
1467
325
46
1025
12
66
2716
19
209
106
237
94
486
146
126
135
94
554
198
96
100
110
199
96
13
216
36
79
18
80
96
3237
966
152
19774
977
207
749
424
261
1039
513
178
52
350
134
272
736
365
72
431
72
2534
33
176
32
53
14
432
175
1038
303
1191
18
282
157
39
29
161
70
4077
760
33
6059
123
825
288
1948
33
355
130
79
18
658
87
206
82
160
166
36
772
41
147
15
1309
37
192
172
574
53
36
24
414
569
294
32
360
47
22
10
14
649
59
156
235
84
18
85
54
71
242
132
85
1906
470
93
307
108
439
810
154
62
110
157
3310
393
10
43
14
258
3329
74
265
250
4829
29
830
170
124
36
33
88
175
107
969
52
504
2265
21
61
2759
79
222
130
43
313
938
45
684
8396
1211
44
118
385
372
467
161
140
105
29
424
4067
157
452
24
14
127
1163
142
96
291
153
322
794
152
796
50
181
234
61
313
78
500
319
480
445
107
448
55
867
2967
393
1303
643
134
3887
24
94
442
1087
167
37
90
78
138
875
439
544
188
417
2258
230
40
300
69
6170
17
1306
3171
42
52
47
1214
55
175
59
1530
678
5167
37
200
1527
281
41
485
12
98
66
48
1489
42
187
34
249
205
948
117
11
59
995
186
150
56
126
14
97
18
75
115
12
780
619
10
33
32
1157
216
103
1235
158
162
339
57
420
1469
2678
70
161
90
74
59
847
203
248
227
171
168
1181
57
235
120
167
47
238
1041
385
29
40
391
42
68
6
2000
23
626
209
255
54
452
245
43
71
35
3860
501
55
50
4535
81
66
60
67
438
80
6372
1539
15
121
5
62
206
539
39
42
75
179
33
276
85
2368
388
417
105
16
294
618
130
305
130
39
18
100
109
117
260
445
2857
1861
84
785
600
314
85
179
29
209
1708
111
1917
160
367
121
131
1842
26
321
25
127
826
318
203
334
269
55
67
130
192
206
127
234
119
762
527
229
324
236
76
50
28
274
117
168
992
91
64
140
37
35
70
173
13
2609
30
196
618
96
70
295
294
1073
23
139
147
66
248
30
136
17
3914
26
347
285
261
71
423
1013
186
664
87
91
457
157
65
21
2255
316
613
67
134
434
602
30
115
22
24
182
64
99
28
95
15
518
209
1035
126
168
283
651
708
39
1059
364
54
170
1257
306
207
1025
487
528
580
131
207
823
22
52
89
122
215
40
230
1969
1912
192
89
51
73
85
21
169
163
545
85
2467
119
636
726
53
388
481
58
79
383
337
53
361
1165
326
20
114
123
331
59
24
94
951
101
137
17
129
22
24
46
254
276
15
489
2510
218
44
141
37
215
90
32
501
1397
52
216
76
43
55
493
163
70
59
608
139
152
421
186
899
8094
40
105
503
890
51
60
493
3341
23
1681
71
396
75
233
62
69
575
76
207
8
37
1074
64
6
343
73
178
3834
1202
113
851
65
108
86
67
542
104
1145
460
831
122
5013
44
142
397
3149
219
18
81
4084
691
252
357
173
655
161
208
163
12
12
70
376
533
31
38
1212
103
42
111
15
42
1071
24
409
1364
3039
75
33
3420
125
32
54
262
32
511
171
733
6333
33
481
365
4835
60
138
209
16
191
1373
24
86
89
518
95
2719
74
101
43
103
137
13
20
36
54
55
152
976
142
136
258
6
614
352
27
11
113
970
21
2213
331
398
477
32
122
17
53
59
169
890
58
229
1686
2202
787
333
854
484
81
68
79
48
223
17
7
1060
47
74
53
475
58
24
355
177
91
186
165
304
55
33
36
627
68
616
746
240
53
15
381
1958
2726
201
375
110
171
45
127
9
1139
1029
438
130
1504
75
2158
1569
87
103
90
1824
848
519
528
145
22086
207
95
471
266
71
27
166
397
173
29
246
51
7
3320
34
120
546
1862
158
31
54
6
473
2322
116
2115
39
110
80
44
176
25
37
307
258
40
58
28
204
20
244
67
91
745
104
30
316
65
661
352
109
221
103
3
59
177
161
135
86
545
1756
53
1856
73
278
127
81
73
345
38
4752
71
173
36
16
961
41
48
107
63
19
855
14
140
124
244
31
42
3
340
1711
2401
77
312
509
16
132
403
395
124
66
163
35
113
184
88
318
812
17
143
30
34
107
69
7
87
824
1474
191
612
35
163
672
1050
12695
349
452
858
277
29
93
43
134
1379
220
4379
1231
32
56
460
61
421
61
320
34
215
134
63
22
51
640
30
46
8
81
285
99
83
121
165
247
1074
194
291
427
83
225
61
2368
41
465
98
74
152
111
501
681
182
12
128
287
868
24
95
1886
139
2202
790
108
58
3559
22077
25
165
78
131
1520
90
47
213
244
33
47
114
132
7
233
76
209
173
59
102
449
6920
395
159
51
34
55
109
160
179
314
371
32
1658
15
251
197
957
178
793
21
382
29
209
137
86
1732
771
2578
584
1152
79
33
26
254
24
69
304
87
1900
32
52
90
199
1407
104
89
123
31
1644
36
45
125
1252
1696
4240
978
820
331
207
269
137
17
124
91
2014
980
861
763
1250
211
1350
37
255
48
359
68
98
16
239
2307
43
368
59
139
957
1102
98
61
348
878
428
188
103
2931
30
25
897
144
524
1073
490
13
12
14
22
279
1353
88
627
309
446
49
14
61
79
94
10
1634
538
953
19
351
43
368
101
137
326
9
50
290
254
394
213
6749
776
136
18
596
35
41
2014
629
436
1114
1827
2388
141
37
123
463
152
103
166
994
1814
252
269
108
16
20
82
376
33
195
357
1165
451
2720
181
297
254
724
113
1226
308
73
32
53
1202
62
444
182
13
592
89
2061
116
1017
15
26
88
1356
374
861
1394
29
1650
947
18
7
31
369
115
500
73
24
304
97
23
43
90
756
216
53
115
202
1081
215
322
242
563
142
121
107
77
56
119
396
34
77
128
668
35
178
584
145
605
172
3620
653
217
3170
599
802
1621
12
247
1485
12115
129
36
13
9303
54
155
182
42
1258
104
3604
23
238
49
175
53
1293
100
454
6725
509
60
123
667
23
252
37
274
28
41
19
67
13
254
395
3509
6809
75
87
15
23
2832
177
217
341
46
28
10
535
2496
111
263
182
1032
730
45
74
216
192
563
264
42
18
68
438
272
304
115
17
125
1188
424
144
33
48
183
56
121
611
321
302
1154
548
39
32
873
589
81
38
45
144
1464
72
124
2577
4059
419
38
11
181
198
386
176
45
127
221
52
183
32
19
160
83
91
179
93
3385
35
416
469
41
242
95
52
194
222
185
466
346
16
43
81
306
85
62
138
184
1416
3113
4260
80
192
2505
79
420
319
199
886
42
110
140
23
42
90
957
63
588
23
189
93
255
84
292
168
30
826
275
571
98
87
2438
175
116
22
179
17
1610
178
169
32
100
159
28
632
10
1381
553
770
18
1286
13
354
55
8622
971
205
44
1107
247
9
40
38
94
321
66
76
880
424
683
75
418
14
85
78
380
49
159
2110
10
85
1034
39
15
600
397
1262
15622
328
750
360
2065
12
403
792
313
715
83
163
106
13
2908
143
36
15
92
789
19
366
18
46
1142
796
27
117
56
173
61
23
19
67
131
200
304
19
1948
233
19
757
161
177
267
114
14
96
526
370
38
58
59
720
93
709
512
67
1167
20
62
112
73
47
192
49
12
168
27
60
10
208
2673
326
0
497
12
9
1755
71
1750
646
694
172
446
272
161
239
294
9
137
186
56
40
66
204
443
1671
133
19
835
55
780
162
42
20
204
80
28
55
55
157
90
81
14
195
1046
1412
900
591
183
1039
61
558
1314
20
980
175
486
19
515
13
73
108
28
31
183
147
285
59
585
105
95
404
227
839
273
256
45
95
156
54
2390
62
1536
992
607
259
37
131
746
332
174
359
395
90
613
267
1844
163
14
467
183
115
27
445
22
1670
78
288
279
274
212
406
189
95
11
328
66
25
86
3030
15
1435
461
37
83
200
42
181
1157
65
135
2837
249
87
443
50
546
236
39
1
151
300
69
75
136
90
31
186
1389
230
64
122
77
190
19
359
30
1330
959
811
132
116
56
165
69
691
214
144
60
13
285
1182
8
100
413
10442
3
44
167
632
42
187
545
36
62
10690
1135
1258
551
345
52
20
489
54
23
1332
776
53
8
366
198
31
940
55
138
70
277
104
18
455
13
202
172
20
1059
39
637
17
334
29
1503
1120
211
56
284
81
65
265
1878
2822
171
936
124
614
110
900
2378
85
127
73
106
66
52
15
91
34
308
186
183
544
39
136
11
667
869
993
287
414
561
95
81
356
24
81
136
440
57
13
848
138
194
13
91
1550
181
13
19
539
78
194
275
27
129
319
71
57
45
256
17
50
78
138
952
208
56
380
75
76
24
152
59
196
132
2576
765
200
50
2336
5343
22
8
48
769
51
416
116
12
54
164
128
459
19
225
283
119
166
445
786
80
1172
983
169
65
1160
152
43
20
63
37
313
28
60
173
1036
87
101
108
51
274
498
2189
973
925
55
88
267
19
174
679
541
279
137
473
68
31
94
36
38
592
178
91
343
503
581
417
187
277
944
550
55
76
22
3179
534
41
355
363
1933
99
11
48
252
72
2982
38
685
47
42
24
61
189
856
101
44
240
94
142
75
119
57
26
562
3415
23
73
60
39
3002
112
27
79
653
334
777
362
11
26
50
31
1476
1631
18
1090
35
74
108
163
1190
83
225
140
207
909
14
22
268
139
887
312
15
408
481
395
5
1111
1845
2266
302
27
47
34
202
223
96
560
465
39
25
104
148
38
287
41
151
876
27
104
494
266
104
58
31
35
738
77
880
27
42
506
65
611
732
6
81
42
3181
1092
17
44
1590
44
1056
27
346
5777
185
30
2720
648
61
650
150
56
29
352
110
34
287
176
191
297
224
309
70
125
97
50
663
66
186
235
5
186
146
418
41
196
47
383
762
3156
146
303
558
307
739
77
31
58
126
20
540
94
170
736
9535
95
655
932
1688
771
205
531
669
64
147
122
93
219
374
37
139
95
23224
3790
12
445
98
58
28
1620
448
2297
54
160
36
783
48
732
39
898
49
837
261
442
104
50
81
1117
259
355
320
1983
31
822
79
19
14
1984
26
99
183
533
1472
26
4416
3060
81
29
188
1475
175
75
333
868
527
545
96
231
59
249
121
41
29
31
68
31
84
320
127
308
84
227
816
360
136
89
31
176
538
233
537
18
590
20
20
10
861
669
35
2273
27
117
150
66
65
26
563
113
101
825
36
939
514
141
24
100
28
160
36
14
454
53
2768
34
271
220
372
21
1595
232
220
173
28
63
35
191
226
481
51
177
1098
223
858
816
41
77
112
590
167
688
541
1881
62
58
33
42
655
377
556
14
1909
812
34
795
1621
83
44
871
27
823
1050
74
273
315
365
569
27
87
498
124
3064
569
80
50
108
1182
1069
45
149
466
255
22
147
304
164
497
2386
16
50
46
320
1113
220
95
29
190
47
2754
37
138
92
589
15
28
105
127
636
965
107
1192
520
932
512
2195
826
23
38
358
157
1577
442
51
42
142
207
60
96
4223
4274
272
20
61
136
109
107
952
540
21
94
53
575
61
699
154
529
115
75
41
49
541
143
180
87
2913
159
66
144
308
653
38
24
36
2451
12
1092
801
66
1704
11
295
104
1439
50
26
196
26
251
187
533
88
220
57
40
26
791
67
1711
59
359
37
101
341
175
350
102
12
69
68
142
53
85
520
226
242
122
44
29
2652
127
457
678
722
704
163
28
138
101
403
149
189
1924
44
63
901
6693
616
163
91
9085
1895
190
32
94
722
323
3740
43
187
57
25
82
820
31
154
765
652
412
15
42
165
199
812
36
94
102
42
319
23
88
907
586
261
908
3228
345
1727
178
164
6291
596
172
72
580
438
1992
36
17
62
67
132
78
79
68
22
1817
75
566
22
130
462
981
63
94
4837
247
190
63
65
14
12
75
705
201
102
567
520
1777
48
75
32
13
332
413
77
90
330
75
212
699
910
1296
3809
367
43
101
2358
895
174
947
121
191
77
125
892
88
187
1760
862
221
741
245
163
7
373
138
348
1776
378
64
85
876
89
323
188
3681
1579
58
41
54
102
291
111
25
113
30
1215
826
319
70
221
8
29
2484
105
95
112
1089
614
1617
940
1199
27
42
83
1608
709
47
38
23
169
494
44
97
1071
117
220
881
238
26
88
454
271
457
385
91
1594
38
412
14
833
3651
131
1505
455
64
76
1527
207
95
7142
245
805
676
73
1271
29
1360
44
1137
330
12
1315
157
3180
10
471
453
228
242
215
41
94
461
28
20
34
48
62
56
19
29
374
626
80
824
56
18
115
97
338
694
101
834
1248
74
285
215
423
59
159
295
119
53
88
3
102
33
6
104
234
216
195
95
41
416
35
16
1516
28
342
296
105
88
91
149
649
20
114
223
1010
36
4518
301
30
247
101
1321
232
1011
116
18
16
528
87
1334
506
54
105
452
50
22
289
52
166
16
618
55
2389
1035
147
251
1345
9147
30
38
391
516
689
16
745
141
37
174
34
62
213
21
9
297
12
75
69
35
44
98
144
16
208
179
1577
36
138
10
106
79
108
128
68
71
73
27
189
76
25686
100
606
3501
62
87
236
20
956
220
279
418
973
3915
46
231
374
62
454
1210
24
242
120
103
566
282
23
50
10
737
2165
26
317
999
1187
89
141
75
373
1739
169
372
147
993
76
246
1011
96
9
242
682
408
160
241
738
1288
39
57
57
279
26
137
84
111
148
15
964
166
207
4111
923
5090
344
4508
57
62
100
908
31
113
91
2343
1157
84
61
119
13
118
132
35
39
319
351
43
1483
590
145
326
414
166
63
8
1080
119
20
154
47
605
53
79
1529
207
85
9
14
3
21
91
75
321
1228
30
59
536
40
84
133
40
144
46
73
202
634
198
688
653
40
24
606
516
110
839
32
112
2467
57
165
816
524
66
118
187
258
140
74
14
31
27
20
165
560
164
50
1029
48
1167
195
685
61
245
8
47
3308
136
111
178
23
121
139
635
39
582
64
941
299
573
2725
476
100
490
87
389
739
737
513
104
168
409
205
334
65
131
451
628
99
31
468
58
132
28
540
109
34
99
1050
739
79
121
295
69
147
1147
114
170
317
30
596
75
47
321
21
66
388
360
164
58
276
1326
94
1252
424
399
49
171
139
1438
197
3289
847
52
52
925
38
1430
67
36
1897
48
3492
2636
238
1191
1123
88
60
50
494
290
811
40
197
127
46
100
64
373
107
3083
2628
149
18
37
16
343
110
227
339
99
82
1054
75
5
289
377
37
120
70
17
150
23
163
28
938
90
109
88
0
55
1392
281
16
42
11
21
56
73
577
82
178
288
375
502
37
591
135
223
193
1538
120
113
42
181
3566
112
90
128
91
29
60
216
31
1586
30
161
75
56
397
716
203
1044
176
91
71
152
135
16
465
186
2298
885
2148
1076
3022
256
129
292
10
530
995
1615
241
66
71
125
593
23
1136
29
31
149
623
96
54
35
333
155
1172
94
1131
59
1382
15
719
311
119
20
4822
51
7
90
33
732
85
234
129
169
96
39
438
6
315
164
19
87
68
1283
358
501
18
148
49
541
2894
534
408
19
304
83
954
1481
86
85
16
670
619
55
321
7617
969
228
115
23
869
37
86
27
410
62
286
27
109
249
3211
47
25
789
214
139
26
297
1109
204
71
503
178
38
585
408
97
71
76
71
181
806
29
1311
213
27
53
29
31
103
23
112
120
46
985
11
408
19
11
85
128
143
292
476
182
362
175
87
12
117
285
273
39
23
72
1547
508
1802
17
528
17
50
239
627
275
23
27
102
136
108
9
96
1227
81
2037
306
2818
67
263
551
1934
72
277
28
79
237
98
150
422
348
10898
159
2232
77
270
1326
41
604
27
26
244
355
97
137
8301
210
14
237
1708
43
71
100
1974
434
33
320
43
24
328
2683
817
113
774
151
129
122
27
356
53
52
136
42
478
58
64
1135
91
216
33
87
88
113
148
57
34
123
749
7
399
346
50
1443
127
47
342
29
606
51
25
326
319
57
121
436
538
196
401
167
177
36
120
1254
8
527
214
31
106
716
1180
124
414
37
38
196
98
182
46
1150
44
651
194
85
2088
239
21
138
972
2069
13
59
20
559
431
19
961
114
122
38
139
78
27
122
159
89
33
211
1878
42
166
69
927
132
885
23
74
225
80
75
146
203
103
33
84
404
2764
111
403
56
60
277
78
1387
1349
1577
83
742
179
45
836
741
62
515
34
142
247
30
13
1161
173
534
543
59
106
996
32
158
427
464
85
21
37
31
9
435
172
385
237
147
777
583
328
243
380
125
119
58
66
2700
141
62
398
44
5
60
297
2589
517
318
525
4608
49
150
159
33
34
521
293
181
576
156
40
1077
319
108
213
11
52
337
2648
148
128
512
12
246
66
508
234
229
154
84
1240
21
45
570
676
53
40
105
2374
68
112
23
1562
287
25
971
70
31
127
94
846
309
105
5357
28
68
61
95
292
23
271
1330
94
192
464
30
69
327
371
59
84
40
17
341
66
131
3357
141
20
54
613
263
724
407
2801
156
40
134
102
88
303
66
1058
560
345
146
15
176
48
29
36
40
874
1067
59
29
132
731
247
92
231
1222
43
106
1029
139
315
39
23
119
186
2159
79
13
461
290
1008
62
18
35
94
158
143
7913
40
2321
722
393
82
66
15
62
71
114
81
59
763
51
193
136
610
196
19
480
145
31
441
211
26
19
2712
211
163
359
95
4
89
963
1319
429
62
72
114
457
367
54
59
61
397
661
82
476
153
195
838
177
181
37
104
54
96
44
220
2191
42
1813
112
748
461
810
128
191
1590
134
21
95
354
82
516
415
190
67
22
96
26
75
74
49
40
1077
4
32
309
1827
62
151
71
260
488
702
1130
285
35
25
238
30
124
123
185
466
69
33
1545
42
347
585
41
16
139
724
134
84
15
232
2366
56
522
174
1017
278
582
569
101
185
50
23
1126
25
325
76
356
111
1801
1200
77
1717
1159
126
1490
1465
64
125
17
94
66
195
31
30
182
417
553
48
374
200
645
2351
11
454
328
213
109
2270
945
27
815
60
201
309
811
2375
104
217
2803
109
111
42
317
2961
447
24
147
773
24
325
108
315
1641
355
839
164
111
83
96
13
499
475
43
44
355
10
125
631
704
198
71
950
720
45
60
16
819
1098
74
183
43
22
153
71
714
160
316
636
1595
103
73
56
129
457
356
732
96
1168
18
140
108
36
18
456
34
590
358
63
32
59
231
673
188
59
5
661
288
149
1381
269
248
681
58
224
219
75
1238
165
230
223
17
6650
36
32
532
122
33
1726
20
2734
109
127
702
805
32
427
104
970
66
110
96
137
74
137
3485
607
94
58
74
10
156
119
1625
1068
214
42
1056
17
133
323
701
4853
1686
359
293
119
2793
203
1044
64
313
1476
911
59
295
706
270
21
31
2180
163
440
33
112
320
116
124
61
194
608
107
108
383
52
73
749
5
2268
283
18
137
118
74
235
11
560
581
205
113
23
3308
296
30
50
421
1065
655
24
679
118
3143
167
1245
245
56
333
129
29
33
777
85
95
966
759
78
51
1468
47
147
105
21
1246
40
83
3913
272
104
215
12
23
10
895
20
282
61
203
69
25
356
133
150
257
1495
1211
108
219
1582
1228
55
768
569
629
349
61
109
246
175
210
741
25
275
320
141
57
1437
112
195
28
337
421
824
374
116
111
135
68
88
105
291
377
1291
218
1126
476
9
53
43
122
817
706
67
74
178
33
166
222
62
44
103
68
116
83
23
155
92
45
283
21
307
69
810
12
253
238
121
191
36
489
53
1052
852
781
42
134
75
74
246
48
41
90
39
302
94
45
658
1238
29
41
109
89
9
631
89
173
78
67
208
109
766
48
57
101
33
107
96
303
13
295
54
834
16
332
1132
1257
143
36
795
145
1080
177
183
276
15
757
259
163
66
142
195
33
360
216
469
169
116
54
331
160
186
742
51
75
1398
468
39
142
78
572
1303
27
91
1427
74
331
4566
385
640
470
678
813
58
134
154
34
1136
16
142
311
21
51
168
522
185
16
38
68
496
392
66
26
142
1363
100
153
74
7
49
1045
1261
123
108
2278
1138
481
45
1078
1325
209
330
26
295
105
17
142
4293
3201
215
63
377
671
151
42
27
7476
28
412
18
42
210
109
525
980
168
5118
245
19
26
127
162
66
43
340
158
33
18
4551
776
576
23
1802
474
26
2876
47
159
21
19
9
80
63
46
49
218
141
31
468
102
96
305
34
1973
516
76
10
2546
789
127
40
26
180
76
72
9
4792
288
286
149
248
30
576
235
212
174
871
20
927
441
480
31
525
150
9
351
468
22
61
130
1115
423
1052
522
979
65
185
76
2909
37
31
36
237
33
1355
9
254
10649
50
729
487
19
104
61
17
531
542
5657
592
75
76
91
224
963
106
711
1040
16
1210
20
99
37
273
608
292
57
448
664
242
871
519
555
77
187
69
777
147
94
661
1108
175
33
46
134
418
47
436
29
112
251
293
941
466
88
408
308
117
119
9
58
198
60
74
122
80
15
73
188
68
673
179
347
37
213
164
52
61
626
49
343
9
198
373
14
715
877
640
31
46
152
1393
8113
8
133
50
139
114
92
91
33
37
1528
35
218
123
198
77
40
323
59
111
1294
49
492
125
119
91
683
187
758
22
495
969
1810
519
397
300
1378
15
280
105
139
123
52
12
10004
104
36
1689
199
147
5
17
166
121
32
232
95
89
88
213
516
248
46
157
442
14
56
2004
114
191
94
410
201
257
28
80
523
433
60
79
22
114
1725
33
273
1084
77
65
64
906
1717
78
11
371
103
28
9
59
62
387
284
316
2116
275
176
55
182
153
20
23
810
20
121
3036
20
332
123
176
130
2853
61
33
1050
284
157
35
115
70
286
1154
583
102
490
620
550
55
99
167
659
323
27
160
758
246
374
4063
47
68
299
128
42
46
683
30
2595
3602
1655
4612
176
240
29
10
336
71
122
56
52
811
62
371
172
55
225
68
44
852
1542
35
90
109
582
57
149
489
137
2229
9
57
552
101
51
480
54
238
228
120
96
14
3343
13
39
48
41
18
98
229
21
195
626
10
204
823
140
129
436
29
54
1149
126
9
16434
487
221
483
113
42
462
23
382
1678
1116
40
64
116
18
531
813
447
37
5
158
976
313
308
43
109
258
1609
61
504
16
42
1040
537
1156
82
188
69
29
596
62
337
35
295
48
530
346
3057
18790
411
1843
236
432
143
28
127
450
160
363
153
108
46
15
45
189
11
429
872
1613
746
45
1539
136
1603
1016
518
23
185
506
113
33
269
115
946
37
121
1046
47
276
106
21
19
129
387
104
1774
131
193
217
61
106
13
220
3675
20
118
93
23
29
97
237
39
414
22
81
1328
11
73
24
468
240
62
34
134
259
230
232
54
91
1467
291
511
53
338
649
133
253
171
266
31
37
65
29
89
219
10
621
75
1206
884
1468
66
263
61
828
26
2980
64
6
65
383
488
164
20
81
14
3382
15
143
473
48
377
12
51
828
7477
603
642
833
834
424
52
38
381
27
278
666
1207
180
77
635
56
301
43
33
227
420
147
1720
1708
111
258
159
89
207
104
36
46
700
104
87
68
251
204
75
358
69
1580
828
845
99
12
615
1325
423
90
58
121
578
19
936
134
1476
521
60
386
1099
71
6054
484
252
532
163
1203
193
526
4616
57
912
829
96
136
296
261
167
1765
1358
26
414
964
195
654
883
459
206
21
97
63
24
281
132
386
167
147
211
324
736
51
537
382
89
816
38
75
29
11
84
233
35
8
138
198
270
438
76
61
115
774
931
20
72
1624
75
55
59
54
89
84
3976
1458
4208
46
22
53
42
65
355
122
699
176
1033
1470
99
128
25654
287
28
226
61
58
237
3
739
2729
133
8
147
5513
207
46
1107
284
70
224
89
377
19
61
333
129
213
105
36
5537
180
478
768
1335
106
58
450
593
224
37
92
75
30
387
14
404
417
126
460
1426
40
36
3830
154
228
354
967
72
41
92
698
598
167
1958
240
35
142
281
37
16
375
13
48
140
34
136
162
332
2891
343
50
30
517
150
90
1712
1636
12
71
1531
22
8
484
594
88
34
882
210
38
1241
296
565
148
131
218
55
423
81
87
32
1156
220
91
40
119
965
398
346
166
783
114
104
3753
1896
18
182
26
307
9
142
35
298
22
26
15
36
650
483
14793
75
141
132
194
158
29
193
108
21
69
76
219
207
106
108
231
86
434
40
53
1804
1003
1448
94
89
33
8
63
4170
69
1105
11
4007
51
146
433
20
136
153
118
814
112
46
640
61
99
5
219
66
1045
93
289
337
223
82
93
449
41
19
117
39
64
26
32
569
602
1121
176
224
246
514
790
86
1019
496
97
104
482
211
50
830
48
192
182
904
588
73
16
39
683
56
866
14
58
98
273
203
3239
33
222
27
28
291
6
197
302
60
493
314
103
378
284
44
35
41
214
123
980
1740
679
450
96
3032
20
172
861
108
44
51
95
44
2321
158
53
175
358
1572
26
1596
3930
6695
279
420
317
1807
522
774
405
53
192
307
62
3836
152
1326
235
32
1190
184
802
1473
60
53
951
363
244
321
32
695
361
209
745
722
930
28
24
811
355
42
91
63
333
47
1587
230
252
1132
95
1212
94
1013
572
97
221
116
322
832
1185
14
3872
2203
4202
1403
175
86
845
122
23
18
85
196
30
217
324
303
38
1252
288
69
182
1377
869
264
7452
114
1180
55
47
38
131
1300
166
150
223
1389
19
66
86
1265
61
976
687
53
276
3870
7483
546
500
347
203
84
421
548
1141
44
150
113
102
221
867
321
219
119
76
276
32
45
2933
119
7
26
105
161
231
415
23
2113
19
19
575
141
443
93
3251
824
66
131
386
762
985
26
198
551
19
41
1268
38
317
49
16
402
213
836
14
26
42
857
2461
946
147
65
8
330
1170
33
111
1871
233
323
53
196
346
21
299
148
40
388
208
1386
250
256
70
774
932
263
55
11
55
56
1477
431
85
239
13
222
37
40
1552
27
246
131
3883
53
344
129
10
123
126
65
45
270
97
625
120
337
1366
10
457
942
358
51
78
80
448
1014
141
43
20
69
1688
530
255
128
12
440
77
277
353
73
63
248
16
69
259
2895
449
819
204
156
95
328
368
62
59
469
2812
1344
171
187
66
6206
21
200
71
43
1882
169
93
79
356
570
2146
52
83
20
179
147
211
725
51
113
237
454
23
785
81
55
64
325
13
42
213
5369
12
45
32
551
43
180
192
5
128
98
402
353
1270
43
574
83
41
53
26
685
147
118
667
23
72
62
3124
16222
51
24
302
19
606
277
121
1172
246
240
427
515
74
401
182
858
422
513
55
627
239
241
105
484
187
55
35
83
921
2397
72
1182
126
176
1122
221
392
164
132
72
466
391
62
26
26
18
411
1147
50
172
23
2208
159
62
868
10
545
533
19
122
75
12
281
244
640
345
1172
81
903
18
291
240
73
126
1962
104
125
40
88
292
83
320
79
64
64
645
185
3187
32
20
91
1934
68
52
274
37
1520
36
100
370
426
54
587
55
1586
4749
20
435
801
118
149
211
119
86
52
3037
22
217
81
4129
457
156
94
439
35
147
3573
17
25
79
528
76
367
206
105
528
319
71
475
11336
26
51
434
16
713
1408
975
152
942
1683
18
50
15
275
699
53
881
336
290
123
31
960
100
160
138
1936
38
136
589
8
114
50
16
351
56
28
222
1560
606
3889
200
2175
134
4783
278
1372
80
35
271
22
115
558
278
190
385
38
17
1105
397
2260
37
7
123
111
457
107
143
320
133
40
3198
25
402
141
90
84
76
65
10
307
143
2215
69
1158
25
115
346
219
5580
21
289
145
89
26
122
43
178
17
43
235
648
758
8298
2378
127
1405
33
211
148
36
167
59
1104
173
1033
52
38
133
67
887
306
344
6
1093
153
2808
41
48
136
93
120
83
8
79
31
95
168
3227
345
136
211
460
491
734
1089
100
561
884
57
49
25
116
1294
1044
281
113
66
3090
1352
172
273
671
126
384
134
368
452
122
133
8005
773
228
102
41
300
40
19
1798
2147
100
59
33
791
307
660
37
234
1680
111
226
774
55
973
2200
56
35
1335
18
302
330
169
176
83
30
99
27
256
29
72
317
33
199
22
130
60
68
17
219
66
69
15
122
15
1808
1913
47
447
118
72
67
267
105
137
221
129
291
366
14
158
464
2274
76
577
16
29
1251
195
1171
16
53
205
77
40
31
141
27
359
1000
53
558
121
65535
32
3418
496
934
440
69
31
136
120
17
19
586
72
127
303
53
37
941
31
85
770
477
46
267
452
748
25
458
25
64
220
66
386
173
635
604
78
6309
152
2
125
42
110
175
250
85
672
130
951
605
560
277
79
151
99
76
93
1120
155
1997
190
210
23
316
49
643
118
3033
3801
293
1971
60
806
1736
1317
161
1422
182
9770
54
129
153
834
471
92
158
360
25
842
47
111
1071
182
570
3431
73
60
28
12
1193
33
224
25772
254
273
2824
183
386
137
21
707
173
825
777
25
266
549
52
43
39
138
35
83
2126
339
370
18
34
17
58
9
35
149
101
7188
49
339
831
46
11477
74
245
122
4761
12
93
89
405
19
31606
271
289
239
113
977
1583
15
444
119
52
1004
121
1357
147
48
432
518
4256
12
54
26
754
137
430
155
93
159
449
312
8
5835
106
107
170
95
60
14
1534
21
622
630
14
1311
19
317
95
668
62
282
174
16
39
2142
44
457
467
121
69
559
206
992
1149
121
81
30
1000
369
348
134
1124
36
22
145
278
208
1481
46
324
315
1888
206
604
26
717
1329
187
559
41
996
50
325
418
115
609
54
1413
328
158
359
354
126
23
537
23
909
79
81
347
1015
428
732
381
89
316
22
122
60
319
2404
143
127
2876
32
78
1414
52
11
892
89
607
12
307
66
164
8
10583
188
1024
172
690
653
500
34
146
10
61
146
69
93
1331
48
52
119
699
173
2643
13
150
272
46
114
23
93
58
450
228
230
110
109
75
331
150
1224
294
297
173
10
248
86
254
705
1505
249
386
126
623
490
103
163
31
217
27
1632
1332
209
307
8
42
694
58
292
27
1017
134
2414
1701
342
58
238
190
2643
55
65
691
43
52
1334
5
1544
173
82
481
247
87
795
92
357
10
185
1921
25
97
39
148
227
34
39
740
85
236
901
2072
539
148
145
107
269
131
889
206
6
328
489
911
1253
1490
233
74
9
12
15
43
64
220
26
89
410
179
43
768
46
71
30
51
16
31
47
268
3406
16
111
1506
465
69
19
32
113
91
582
46
121
16
546
1032
50
143
135
1079
112
151
113
215
712
89
101
44
57
36
800
963
1097
139
33
66
62
187
38
80
230
85
420
217
677
39
28
180
248
111
8
116
34
1245
27
88
8
42
76
81
63
207
39
130
344
80
167
142
16
3886
67
340
1378
295
78
136
1069
141
1664
157
13
495
2018
77
1084
74
68
64
164
36
670
45
83
105
21
581
1334
68
448
5320
1012
71
25
120
188
15
85
160
143
154
68
27
45
2423
864
13
37
66
184
56
195
15
35
89
147
269
151
1394
75
875
137
7098
292
105
15
2023
392
4259
1701
10
207
48
16
20
121
15
809
249
40
804
119
50
66
49
39
73
777
67
133
24
99
237
248
158
60
1710
2247
111
3171
116
4
12
19
542
667
214
295
55
47
285
87
103
228
3031
14
35
34
47
78
56
97
41
2689
1032
97
391
220
86
542
26
963
14
75
21
80
36
26
30
3910
61
9
52
99
264
59
75
38
2788
1010
390
1514
675
1478
41
1162
144
29
1887
14
3328
361
132
128
165
17
1308
143
32
898
113
1164
128
1031
609
12
6
126
1822
164
59
49
718
235
26
720
62
150
107
975
93
202
41
395
884
155
1133
32
63
558
63
1097
34
1839
51
85
26
163
1604
21
170
37
2606
250
127
66
239
667
39
2307
228
200
172
93
151
325
720
1178
821
110
245
476
104
106
99
725
2256
12
23
306
159
130
114
54
94
321
1403
979
888
248
67
56
139
122
732
110
213
1382
66
276
1622
248
195
33
26
297
98
34
83
922
6976
409
27
49
972
1058
29
269
408
268
1498
848
403
26
27
9
489
13
27
162
143
2423
49
765
151
399
2256
446
232
813
1281
81
11
1666
792
863
97
1071
227
31
228
32
158
293
784
100
358
17
73
199
131
142
107
280
95
132
63
37
16
406
197
92
147
96
285
145
9898
65
131
220
75
358
341
18
59
31
796
196
258
109
121
658
219
10
10144
35
75
9
1169
345
76
72
24
460
860
55
853
281
78
127
890
99
125
197
1045
268
148
20
179
419
1115
246
229
1027
122
152
30
170
350
22
704
64
28
49
123
30
936
35
275
1178
121
26
818
643
49
950
36
31
67
1875
169
651
1417
275
93
378
278
19
315
409
103
67
47
85
4537
101
35
822
35
49
55
152
49
69
155
31
250
130
35
1253
73
29
49
691
150
270
53
549
28
11
29
1016
119
300
3104
1935
65
67
128
1146
125
184
91
276
24
286
553
92
59
20
89
1203
67
125
72
1576
989
1000
994
146
939
45
996
1143
142
24
51
23
38
1943
407
621
231
138
78
586
114
1335
146
124
142
23
1438
114
70
305
275
50
2662
19
403
422
95
489
422
10
38
42
75
90
333
10
77
180
140
112
69
1182
312
421
269
487
27
97
83
1818
165
413
79
81
2082
183
2734
1723
217
111
14
72
468
14
97
822
403
49
1114
69
33
2116
141
1002
323
319
102
45
316
872
79
598
217
3393
45
426
197
84
367
115
361
727
86
707
81
378
99
17
1603
1307
813
842
1152
34
109
156
40
74
1046
112
435
50
67
51
139
189
204
104
189
624
112
32
33
87
33
59
100
2219
110
1261
34
107
154
24
27
15
411
1872
88
225
14
2507
164
32
69
30
117
139
86
23
962
229
988
1059
27
60
55
40
147
233
2085
77
453
71
83
1496
331
120
54
57
28
23
79
200
280
51
1891
172
36
416
3003
53
665
726
230
65
443
165
111
75
84
34
25
242
1370
2106
551
152
44
1067
300
98
107
6
140
367
1482
143
72
139
282
544
22
38
61
44
569
45
122
265
35
1639
391
1867
48
76
151
30
17
18
1039
174
37
53
76
1092
45
196
4945
565
95
1052
193
112
84
1204
14
91
1654
202
7
531
29
23
409
10
33
1288
83
45
53
97
468
17
167
67
1223
148
86
102
78
22
234
313
154
44
521
43
20
36
330
94
19
31
77
1020
21
134
52
185
79
1227
33
235
157
289
695
665
45
39
93
51
644
527
10504
497
33
57
181
173
75
523
30
771
16
16
74
2687
1187
767
334
604
1303
21
11976
881
81
62
800
23
819
91
74
22
22
267
166
38
98
919
167
177
354
51
38
7
105
10
66
96
667
24
24
261
20
168
1168
51
24
1175
517
95
102
167
7036
450
62
51
114
117
61
27
2358
597
158
139
79
59
96
867
19
31
210
493
44
816
524
661
79
840
167
700
315
1186
998
1105
103
28
79
76
33
92
238
188
8
84
300
98
183
1449
66
510
595
602
17
136
145
94
433
28
349
50
142
185
62
7447
135
19
412
477
1793
66
340
22
56
98
69
8
90
1565
983
35
15
164
9
707
41
203
87
53
252
50
20
13
116
118
93
7
696
123
163
549
19
976
894
144
10189
812
22
174
276
83
130
247
116
30
80
297
472
366
557
86
171
934
552
188
1075
355
391
74
846
28
426
549
114
104
91
2504
1766
64
405
24
35
54
13
358
38
355
730
60
144
115
64
158
36
22
1075
12
13
49
518
51
140
2708
40
965
1555
2455
17
244
1514
108
28
120
100
408
372
679
262
22
527
73
57
14
180
3574
1958
15
128
144
489
69
50
725
47
51
934
43
1589
40
22
12
39
124
90
194
111
35
592
1152
828
238
151
26
10
19
205
514
70
1141
535
15
154
152
33
10
1171
112
1089
112
1209
15
718
536
52
92
34
609
25
1520
2591
21
485
33
418
23
822
15055
86
47
621
19
106
233319
94
56
119
16
27
34
224
477
68
37
858
15
181
254
518
400
41
150
135
148
33
771
816
78
332
753
10
130
2565
80
1715
13
76
52
692
166
61
430
36
192
1698
172
298
106
17
74
28
916
2388
250
719
20
1187
504
59
206
157
101
23
159
5
76
222
14
23
151
48
56
182
155
576
54
28
96
107
8
225
204
169
89
11
132
25
122
110
22
16
283
4628
18
1054
31
804
150
181
441
134
133
57
92
256
92
82
23
733
172
1013
277
4442
52
370
141
186
935
803
100
59
482
165
13
247
913
516
72
2324
23
19
1350
132
239
342
57
785
12
294
13
256
368
149
91
219
44
570
105
103
357
87
293
338
219
171
626
205
221
278
16
285
71
129
34
772
216
84
124
826
57
68
780
34
326
2127
121
32
30
120
22
11
90
96
129
410
2192
142
17
41
17
16
332
70
197
264
1457
121
173
474
859
151
80
8
89
176
160
640
198
1302
30
37
38
268
108
45
283
510
42
159
44
97
69
22
54
213
195
119
142
133
38
608
617
66
286
562
2315
188
508
139
30
459
333
52
98
1097
830
59
114
299
74
1889
164
265
96
68
574
389
7
719
141
248
226
39
6
31
346
528
33
501
85
77
29
356
1627
748
356
100
133
39
67
95
730
61
107
23
51
295
172
60
465
697
42
21
73
349
358
32
37
8
51
347
5540
278
58
506
63
1561
44
234
17
230
108
168
131
26
182
174
35
21
2131
59
2110
900
179
525
48
406
113
178
46
388
15
55
309
58
415
284
270
388
21
959
21
234
22
220
154
2476
177
1518
87
68
724
380
78
266
58
157
145
550
595
124
693
1187
31
566
19
122
76
111
561
139
1086
12
101
6
417
152
228
116
88
38
131
473
32
23
185
128
1398
34
181
687
132
59
7
2505
83
63
1306
36
784
604
44
762
112
979
65
113
780
37
44
1432
932
110
110
783
754
113
517
1049
188
56
6
396
17
69
166
234
413
92
274
109
80
491
276
32
432
212
90
25
654
328
446
185
153
44
52
27
371
150
280
273
249
101
109
46
21
197
28
104
79
4565
158
23
164
243
747
543
41
111
49
77
68
676
45
42
146
72
615
130
53
81
775
30
196
26
14
40
244
14
16
68
443
1004
1430
89
122
35
152
45
1057
84
236
243
15
460
146
1484
86
43
640
1006
155
242
2512
254
87
206
22
325
604
241
445
183
198
13
519
127
414
343
584
133
669
205
14
487
37
19
1004
31
449
464
104
29
1006
156
15
276
538
157
15
197
109
2100
450
18
192
80
925
493
319
10
253
29
55
330
66
73
281
336
426
2365
68
953
287
465
19
59
71
349
552
333
490
49
232
1692
380
277
326
61
161
102
197
295
98
104
281
358
371
5
765
40
108
2683
211
761
59
744
503
198
16
17
60
33
734
141
319
190
430
247
232
334
120
375
48
158
170
110
1158
939
2432
17
257
654
86
14944
120
172
841
506
15
22
17
559
178
419
72
748
120
1107
473
636
161
125
118
72
1173
615
26
85
121
204
2847
115
221
753
71
221
4
98
451
759
1019
47
1496
68
116
170
46
91
56
33
64
167
5620
365
215
803
829
180
186
380
44
182
770
388
242
73
22
56
43
31
2109
217
5
50
200
41
314
941
60
46
901
67
302
95
746
376
933
2393
413
9495
225
130
245
32
1351
163
3363
30
403
135
10
13
1914
184
85
239
96
78
142
163
137
254
462
234
38
346
17
52
685
74
18
61
19
430
39
77
58
731
205
223
687
156
55
83
289
261
51
276
335
2611
120
182
66
707
31
236
692
907
71
907
155
42
220
37
99
252
157
854
17
100
73
20
95
58
22
353
71
105
11
1460
660
208
810
120
931
116
32
308
350
771
43
28
155
55
18
1963
701
2148
14
1363
32
126
51
31
791
62
84
1765
79
53
2122
5196
485
307
38
99
95
77
217
85
7
145
87
418
54
52
31
509
93
1965
187
5164
679
2006
508
363
33
64
64
181
1351
1459
97
183
310
166
591
57
18
128
1489
16
32
30
83
57
167
246
16
1793
30
135
1961
14
514
58
13
19
8264
154
154
459
44
39
85
97
813
145
933
426
1033
909
136
99
59
1231
79
45
19
98
52
149
118
1058
117
1229
7608
401
1737
1046
9
39
407
84
28
455
1567
368
250
199
528
162
96
133
446
151
2173
19
46
33
120
430
536
24
313
203
7
277
68
21
371
25
87
133
112
252
7
606
239
30
57
209
74
1676
151
225
1034
61
96
2021
983
83
36
955
46
845
83
199
37
30
169
8111
140
1250
38
470
47
136
442
106
164
393
54
7612
95
784
157
661
99
5444
7
234
105
69
246
176
84
1364
584
12
38
313
98
597
79
10
27
28
101
52
2313
160
449
304
57
42
2400
258
38
777
149
193
220
26
408
342
12
398
7
1433
62
147
839
81
899
131
233
207
43
115
1648
26
49
196
1571
85
12
755
1080
97
190
33
258
4737
15
208
257
36
388
169
2795
92
73
30
53
434
3014
886
299
33
484
22
53
64
139
421
235
378
92
14
83
70
70
189
913
156
1742
202
300
425
57
583
672
23
25
255
3749
113
287
172
59
214
116
46
377
66
58
95
211
112
3563
58
821
1978
75
257
264
54
1058
84
567
40
151
235
103
61
5820
74
700
241
124
222
112
66
20
131
361
166
209
458
355
107
207
183
73
35
66
172
171
68
21
311
460
83
591
11
46
42
346
349
1169
17
129
111
11
2155
57
79
243
54
38
1514
252
762
2060
70
104
518
110
2174
91
943
364
195
93
125
1690
1116
283
137
17
127
14474
43
299
1035
547
46
626
240
36
142
686
73
103
102
8754
34
112
977
1406
265
25
65
17
92
279
101
189
405
277
402
17
18
51
376
90
1216
1484
24
685
184
399
146
30
185
68
218
164
424
988
762
458
57
5274
658
15
234
31
39
54
979
69
2043
294
312
87
214
58
401
120
57
21
43
4407
235
2327
61
84
15
179
113
94
63
729
73
24
606
31
1134
282
16
626
940
15
792
679
16
20
795
782
85
159
50
118
471
79
163
373
391
363
157
195
880
420
160
33
2932
97
28
812
813
407
421
1421
315
212
100
460
306
428
926
275
30
269
5546
293
89
160
1385
46
578
168
54
138
137
9
32
191
92
776
140
250
638
71
285
708
459
118
165
11
494
7945
235
187
16
150
17
370
377
18
54
48
545
140
162
72
536
36
84
347
299
328
562
260
137
262
1777
506
188
90
75
389
291
4346
56
113
430
14
326
23
39
39
792
44
220
189
51
110
26
2776
348
27
141
21
2689
116
178
69
1504
157
210
164
21
5
71
132
284
13
10
44
29
20
33
59
97
30
399
1083
1921
4074
426
41
88
48
38
197
86
376
523
373
101
1644
302
17
11926
56
66
209
272
18
259
1258
292
136
4347
229
52
18
49
56
97
547
9
507
1308
1973
2
138
72
56
38
16
1563
374
649
200
35
1354
91
298
213
345
22
35
29
761
51
521
24
40
47
102
631
23
79
62
6837
51647
39
84
86
71
2052
777
359
288
1278
57
36
442
60
568
70
521
576
109
475
112
978
277
218
27
112
79
313
166
82
108
53
1172
116
86
24
61
29
38
17
66
143
2640
348
144
59
1624
178
1105
753
16
599
102
51
1529
40
230
54
347
663
100
786
113
419
72
230
51
266
191
69
157
54
17
143
122
1103
832
124
782
110
201
12
1355
144
104
178
636
1614
322
134
576
95
162
78
995
13
223
26
616
89
266
100
41
22
40
1594
1266
512
297
161
465
184
64
46
235
27
22
671
14
251
40
5
1795
43
97
100
1760
93
913
614
83
141
457
277
27
240
194
340
8
117
507
128
25
619
71
574
1055
111
266
196
146
93
4342
762
660
120
428
54
73
403
85
1386
263
548
47
38
419
52
262
653
880
607
1193
327
113
5819
189
217
142
761
42
111
24
121
211
50
386
882
331
50
463
465
33
6
1665
757
358
555
343
101
51
422
275
49
323
20
21
4385
209
244
76
199
447
122
38
290
37
15
642
661
142
670
198
1170
87
963
163
82
359
14
185
1560
196
363
13
852
493
311
396
35
315
32
57
204
1457
214
421
901
159
1539
382
61
94
223
37
229
172
55
520
52
503
502
258
15
20
87
437
86
296
551
908
298
802
354
1783
1413
15
83
34
71
171
53
68
119
31
759
140
213
901
125
62
34
237
461
121
49
54
123
57
36
7
176
996
276
227
888
10
32
719
65
16
221
19
240
160
73
52
635
226
987
453
330
642
85
176
1566
134
31
130
31
436
100
2470
3337
6
140
345
364
153
822
500
15
66
335
257
6
123
1384
179
741
112
156
109
301
625
10
90
69
182
141
290
115
244
3081
112
13
58
1282
95
1539
283
47
2961
29
110
28
6335
102
615
654
262
147
155
220
64
114
179
15
160
43
32
20
272
273
61
1165
178
95
68
383
302
80
33
79
13
11
10
387
154
45
101
27
52
225
126
461
70
414
41
91
71
353
487
891
295
838
50
39
217
49
18
37
3950
147
24
350
3667
721
62
33
21
684
166
23
2275
17
111
467
4020
235
682
41
173
57
248
15
307
38
68
493
139
443
14270
560
218
2766
137
81
76
38
597
134
57
52
79
46
1479
344
20
166
47
85
1654
40
29
25
57
136
119
90
72
185
2062
162
1177
461
5350
155
49
764
2445
169
9
707
441
201
2609
150
27
589
163
1231
24
372
1171
71
53
102
14
268
732
693
302
19
299
116
1231
85
665
177
67
1120
397
249
95
21
21
82
850
312
834
373
260
243
483
74
1464
155
47
80
1130
87
569
339
40
188
41
78
100
2440
788
406
146
31
223
320
193
759
44
49
227
184
79
28
23
219
334
42
132
667
118
415
92
213
34
20
998
459
4999
75
113
98
85
3258
1875
261
36
518
11444
30
1211
115
82
642
986
912
255
138
323
63
94
70
275
476
42
62
872
8
559
264
64
112
229
345
179
12
873
86
1149
227
70
409
1442
47
28
250
325
91
116
5548
64
191
120
221
15
350
880
431
179
27
116
233
22
159
198
298
616
374
4
196
25
29
161
41
348
192
11800
580
191
160
22
31
24
911
1965
24
80
339
26
320
185
56
761
28
302
96
403
2278
83
43
370
34
77
104
97
1090
741
947
217
43
27
61
170
211
306
406
113
205
446
2825
35
195
409
79
29
86
1307
715
254
127
323
25
23
131
66
1851
156
57
206
67
90
906
509
94
129
59
3879
71
111
146
321
5347
109
289
131
854
86
24
50
56
1528
10
79
10
128
37
3007
91
539
206
27
8
75
2390
483
62
1004
84
2399
165
151
129
93
168
327
113
171
22
338
337
54
311
445
275
99
24
505
236
19
18
149
136
56
322
208
329
20
143
66
161
38
52
66
63
79
903
27
1150
207
1256
100
1239
101
21
1749
92
34
72
198
149
19
29
785
34
177
27
46
164
178
2679
68
133
165
94
546
1110
735
86
86
860
381
13
201
103
1723
834
977
40
84
44
25
58
105
125
62
37
58
215
22
93
1151
123
241
724
436
24
1478
1100
68
154
2831
38
1172
35
81
4543
123
132
682
84
184
35
266
85
32
324
105
49
21
55
114
59
52
256
184
1199
88
14
1549
247
20
25
15
26
254
787
120
152
739
813
2488
48
13
989
361
265
311
105
107
195
139
445
44
1468
72
484
95
61
234
271
39
59
1719
201
49
136
69
479
295
87
58
101
675
26
1294
65
99
18
25
135
156
221
155
92
13
37
975
955
108
349
76
90
10
50
147
734
41
354
40
36
20
372
69
26
327
56
9
29
230
441
843
121
30
83
273
132
17
409
83
70
1902
167
91
161
2276
4
551
5462
338
1576
83
28
384
53
161
1183
15
744
91
342
44
116
894
168
182
25
18
54
149
1573
59
129
112
2110
43
149
104
507
191
85
2070
580
35
465
88
36
479
187
909
1018
264
479
703
81
50
128
79
58
300
104
27
5911
57
11
58
17
20
59
68
167
70
2070
70
59
702
48
222
696
59
638
20
136
74
95
67
14
781
65
975
968
856
147
313
14
53
140
185
548
1074
292
51
159
262
34
45
1110
52
354
679
64
91
35
104
243
34
33
90
138
824
269
377
277
237
192
1893
95
36
24
2213
147
1127
354
13
58
80
11
141
58
528
1503
93
49
51
802
1103
136
1082
484
130
479
44
207
120
746
227
68
22
125
39
353
30
65
101
477
69
200
45
333
107
21
304
146
139
30
104
94
64
38
33
187
13
548
12
1222
242
30
51
58
30
14
89
51
24
2142
334
550
24
118
101
75
64
1541
1481
458
117
15
59
47
111
1573
57
146
482
358
208
542
68
564
371
198
90
120
105
8472
87
55
170
1108
624
32
49
309
11
227
16
275
91
513
80
27
755
86
71
216
543
194
405
408
23
166
527
1052
929
66
18
82
313
68
89
254
65
15
58
27
91
61
676
123
805
164
1191
415
443
185
48
368
18
406
39
44
116
96
172
778
417
427
89
477
811
12
1680
58
259
297
72
61
1442
405
9218
464
79
1773
43
41
85
48
118
18
40
129
386
394
111
1579
222
363
1147
76
143
30
204
24
27
109
1311
173
84
293
778
355
168
21
374
52
498
50
31
64
120
442
155
242
120
328
127
208
747
2133
65
123
84
87
318
802
243
17
43
56
4458
1587
89
944
473
515
25
163
222
32
1687
122
27
153
25
218
783
527
150
29
53
49
3328
20
92
748
31
16
811
70
22
2912
933
51
131
15
45
158
79
52
106
547
76
58
76
1104
52
62
58
726
21
242
699
770
262
12
112
15
127
81
28
287
76
1384
15
48
1014
158
105
819
131
342
121
491
716
145
112
98
806
94
27
556
11
602
114
636
1161
693
4713
1174
57
171
124
54
86
295
112
45
143
53
7250
208
582
820
215
205
116
23
84
965
98
68
173
30
113
2701
39
1224
11
82
1688
8504
5227
108
2614
15
852
154
2119
79
201
2620
5259
821
1173
147
787
55
564
361
22
48
371
286
6
89
45
62
109
56
20
138
13
15
2413
61
100
131
268
65
92
11
346
278
288
25
88
164
226
103
59
263
144
112
2268
895
349
37
15
32
356
65
61
91
118
91
617
36
38
36
221
1031
412
525
273
16
351
267
432
98
273
388
1425
126
1096
60
62
61
3566
763
793
39
8
456
664
16
78
186
1126
3351
47
1032
113
34
148
84
221
43
65
247
52
272
45
9
16202
123
28
34
42
83
506
46
69
18
64
213
61
813
1905
78
106
59
50
194
124
65
86
204
87
143
160
1195
59
181
64
228
1196
329
490
145
80
209
230
101
470
59
47
86
428
86
300
87
44
132
1070
888
21
141
1171
23
79
405
64
3852
69
3473
25
231
201
664
737
41
61
200
291
960
35
101
214
36
102
39
178
121
1713
1178
534
26
385
3090
157
43
341
23
1968
46
53
49
103
18
34
195
3123
781
981
915
22
948
117
1116
4
56
20
669
188
153
165
3512
44
143
45
120
130
60
276
70
162
846
63
261
61
16
233
338
32
1241
5880
707
2618
84
5796
191
49
25
665
41
61
15
178
174
84
38
151
35
155
189
542
1372
409
54
29
165
397
2044
9
503
1174
120
129
65
678
101
108
55
153
390
102
99
16
203
134
54
2350
141
25
1516
90
1053
50
510
33
609
494
133
127
832
273
174
399
832
209
734
50
55
13
102
40
639
155
95
493
71
1744
166
20
76
467
82
28
391
150
322
3346
56
362
524
735
344
165
28
298
139
7346
89
180
367
749
3545
90
408
1172
156
158
39
40
1125
172
79
35
2592
71
28
84
999
129
42
38
11
219
313
88
42
66
1705
554
300
103
1394
24
92
69
43
733
152
675
29
255
95
173
87
376
545
519
59
429
301
1533
612
1429
373
939
58
119
82
63
1252
100
67
343
68
505
232
176
92
39
267
515
188
210
17
24
1304
108
68
75
66
229
51
344
136
35
35
1026
798
114
952
56
6732
1023
888
618
168
851
208
352
539
607
34
155
73
31
178
67
133
917
2849
29
132
108
536
97
96
59
246
577
152
105
299
1065
941
101
1044
66
1210
404
461
830
58965
169
151
254
76
79
16
29
123
23
80
111
59
700
239
133
33
505
484
22
221
63
1400
329
241
160
50
78
297
682
125
73
118
52
202
228
820
154
97
469
36
33
128
101
16
490
1425
24
18
189
33
233
300
25
21
124
20
925
192
4
85
131
1483
590
1222
327
6
389
20
1256
103
1106
30
79
68
142
3389
36
193
317
363
558
1376
2363
18
55
332
23
110
16
149
15
80
20
14
21
410
1186
12
47
2891
185
268
2918
169
23
95
218
363
393
403
298
357
658
61
1996
151
84
131
802
170
170
723
142
3240
67
119
27
269
2154
51
165
65
782
580
7
87
208
66
8
9
78
120
203
86
905
52
118
32
505
167
296
215
42
174
407
12
175
1079
50
1738
962
89
477
67
51
38
1188
693
163
702
108
34
89
45
31296
97
138
907
1469
163
67
124
79
311
51
474
13
132
11
183
68
55
32
144
1493
163
708
22
667
5
51
200
182
28
1591
97
1146
22
130
67
621
946
361
3273
789
247
73
62
60
154
124
167
795
157
141
117
16
6
32
121
230
139
110
59
120
384
157
883
3694
2260
262
4162
132
38
912
80
88
482
277
655
268
8059
48
42
67
67
11
51
107
1304
1059
128
95
527
2045
124
245
370
117
208
37
33
26
77
104
117
305
155
1256
10
374
12
41
31
1882
70
373
11
409
418
392
309
50
32
378
76
135
546
65
199
119
213
102
149
330
1176
114
117
116
31462
22
130
165
712
33
805
68
2652
260
75
1929
3111
1904
92
96
138
269
1822
139
12
76
64
37
21
379
363
20
1279
883
376
205
257
621
11
60
8
249
368
602
133
7087
40
960
138
140
238
1108
169
22
199
127
1370
817
1435
60
49
4610
142
73
11251
67
56
91
2639
169
78
86
177
1529
32
4404
183
66
101
1073
391
43
1752
50
291
1457
314
129
25
8
4
173
128
454
533
29
803
45
121
21
26
25
23
907
873
58
399
116
30
186
44
78
217
698
154
508
164
444
352
94
37
3790
99
280
152
14
417
27
372
118
96
1466
571
88
638
31
856
721
77
320
69
329
120
474
626
802
926
174
767
3684
75
41
39
624
31
487
23
63
144
94
2050
313
1055
31
22
110
24
43
365
818
115
228
105
110
975
912
705
475
333
1038
34
220
167
152
56
353
28
112
10
223
306
167
25
209
20
446
32
17
93
47
671
135
44
56
434
445
842
355
70
26
198
203
368
29
611
170
144
40
91
68
103
24
32
1761
204
383
69
278
159
325
129
211
1393
203
16
96
115
502
585
143
66
52
1228
568
5711
18
813
787
661
2348
122
21
23
773
308
312
80
296
53
186
190
10
34
34
1601
52
77
14
100
48
13
115
113
27
57
127
239
26
317
542
271
45
75
30
155
129
46
1047
230
118
1160
3260
131
549
23
236
76
1348
357
116
627
19
1315
54
47
209
52
74
77
412
121
604
254
220
629
467
266
13
53
13
5189
203
714
484
16
199
531
21
792
1138
535
54
111615
32
96
2006
49
54
65
106
214
