106
1071
494
15
688
22
29
56
212
17
6611
48
48
13
547
92
27
117
1884
8
202
30
35
708
55
91
408
5670
31
113
141
38
148
28
51
336
217
13
4066
70
324
31
1396
559
325
30
305
44
49
633
4
485
67
191
7
98
8
86
74
8
1276
23
41
59
234
329
71
21
43
126
314
27
176
1060
62
16
111
10
10
34
48
382
27
150
502
48
32
33
43
460
895
12
190
15
32
84
127
116
28
104
24
136
55
595
7
1308
85
101
244
45
531
4
401
235
99
8
2356
426
232
564
7
239
32
121
55
90
360
193
31
62
45
888
33
13
47
14
55
15
3
63
146
63
14
84
45
84
367
2108
128
38
25
36
268
25
69
36
97
65
158
17
117
1934
20
71
73
454
53
3647
68
102
103
12
20
263
7
8
217
296
20
147
23
72
36
21
42
15
1339
202
134
18
31
175
1256
221
79
14
56
58
107
456
26
57
111
147
76
599
61
30
14
24
143
40
251
81
1214
1288
5
216
21
15
196
1
169
7
140
39
94
191
99
19
114
472
1298
36
23
41
53
76
121
12
132
49
33
16
134
8
9
287
27
29
325
363
26
440
157
16
65
1090
125
727
160
38
14
67
87
81
23
92
38
27
22
181
8
49
359
26
118
5
578
199
886
1018
368
187
920
14
1161
31
1334
67
388
59
371
694
65
200
121
69
67
1505
510
4
1416
105
9
112
18
208
39
234
12
4
342
55
68
327
267
85
20
25
17
143
75
11
92
2981
223
45
15
9
432
475
104
252
36
71
2
23
332
130
14
687
1304
50
33
6
160
85
7
426
231
13
286
17
64
35
62
44
14
5
67
490
16
177
52
153
44
7
135
2266
59
18
144
161
301
102
18
151
27
22
247
1259
26
78
38
1040
2
2123
724
144
1373
454
35
162
135
228
210
97
15
89
67
630
96
5
23
39
29
1023
8
3
103
31
266
25
402
225
61
40
52
55
59
203
318
24
293
192
21
31
97
36
13
318
17
41
544
270
638
56
119
3
98
20
118
57
88
28
33
95
318
7
243
85
9
1468
879
88
883
108
18
377
2
22
21
118
91
19
121
6
877
456
679
59
94
24
31
28
50
8
820
41
129
123
22
784
9
647
455
17
644
32
834
35
320
2316
12
557
23
444
17
865
32
19
350
15
121
23
127
283
983
1017
36
283
29
151
61
45
10
62
253
17
30
71
15
23
1176
540
134
234
1534
43
1436
25
2207
109
58
57
1107
261
13
20
17
1734
108
126
275
261
164
3810
22
8
86
55
691
94
57
4
48
12
22
532
78
26
493
124
78
462
33
48
100
334
235
36
26
120
149
67
132
58
736
33
230
138
428
101
82
26
1060
12
213
129
342
23
40
66
35
39
444
14
201
295
94
308
3
34
2
132
78
24
60
60
34
361
11
153
2
28
20
63
39
651
25
22
783
180
4
95
1469
103
127
460
21
239
129
25
178
15
1320
33
26
306
34
93
186
1798
94
16
68
8
6
5
5
234
117
477
54
81
5
317
28
49
23
65
559
95
638
591
7
12
133
25
148
334
1191
209
8
491
1015
25
12
175
219
17
75
230
12
74
149
390
6
18
518
646
56
63
60
61
118
47
86
255
170
378
25
37
25
130
40
13
91
171
399
92
19
11
58
62
19
70
13
45
10
52
494
18
25
24
14
7
26
81
10
233
259
1
44
139
181
431
43
987
17
27
491
256
81
31
126
42
182
261
473
9
148
121
100
33
183
1990
188
311
112
444
21
62
32
38
16
185
47
82
56954
355
21
200
151
97
9468
820
51
75
56
227
1
85
67
25
14
38
445
12
89
577
16
35
39
106
3
157
171
58
16
235
658
75
12
455
47
2322
450
177
22
180
29
119
116
37
45
205
248
62
66
34
8
88
22
127
6
663
114
236
257
255
546
181
7
15
39
188
79
17
124
8
102
2001
13
307
57
75
97
19
28
25
1133
57
73
52
1672
7
2819
118
196
43
23
27
434
1739
12
20
67
173
78
43
38
241
80
42
43
47
2
15
752
353
908
4
60
64
10
20
194
91
127
107
1745
23
63
19
222
174
397
585
49
37
87
24
37
804
20
495
774
578
55
775
514
329
31
18
44
9
67
18
311
71
109
26
178
402
120
2091
28
52
550
34
54
179
3327
32
16
99
199
136
155
38
1497
302
27
7
792
13
47
161
25
134
21
221
44
226
99
152
11
8
173
35
22
14
479
29
1415
2
462
65
4
190
190
9
52
117
30
1625
10
80
3
6
48
27
14
7
757
22
12
255
13
12
138
208
163
248
163
280
67
2845
206
19
1010
17
1119
1307
135
45
88
4
309
3905
21
66
38
26
56
40
935
82
281
8
304
74
14
25
1201
1971
1630
58
891
8
51
533
89
26
477
27
486
30
184
431
46
103
47
126
17
16
1669
999
33
14
124
38
53
106
121
1160
5
16
272
3
527
128
901
302
2076
5
120
1599
180
11
187
204
35
1603
95
320
97
45
10
26
10
404
11
36
13
116
28
14
29
408
48
306
3736
44
1168
33
33
6
61
276
126
386
106
6
90
414
96
16
623
453
41
281
392
141
58
123
4
899
30
26
4
234
2
8
7
110
32
6
6
464
37
374
123
7
22
25
56
340
8
180
111
16
1203
22
26
141
82
21
205
57
44
34
2525
22
45
159
110
194
65
22
75
912
50
41
31
142
243
93
294
83
21
39
75
86
28
46
748
123
88
257
119
16
2476
58
13
244
7
411
191
508
168
83
440
37
44
103
255
100
28
37
98
74
15
132
33
605
50
17
329
7
9
255
29
49
755
19
45
72
29
120
99
30
81
1292
13
428
11
82
32
78
789
39
134
55
16
62
4
503
220
56
26
56
1748
4
13
25
44
219
6
24
1801
1171
36
91
102
246
149
3717
104
39
95
11
778
11
136
107
143
28
31
58
6
33
12
117
10
171
61
5
5
93
421
19
187
15
11
151
171
37
14
57
258
40
52
61
38
886
47
341
1407
319
121
70
36
126
532
122
123
625
751
134
44
477
18
1569
373
98
2318
799
50
43
5
85
875
895
13
11
112
67
10
176
684
86
329
11
31
158
197
3170
104
16
241
2158
27
8
80
119
3720
51
547
51
63
8
18
135
23
45
352
233
127
741
186
186
14
14
121
9
108
371
94
46
38
65
662
311
22
127
168
2
32
116
74
217
3
3
31
72
375
533
109
146
100
26
218
49
51
27
162
6783
151
4795
120
100
20
75
113
78
66
39
13
390
36
151
74
35
22
12
23
21
966
121
10
22
375
31
70
364
4
48
11
97
10
73
77
127
61
37
43
189
21
34
19
11
62
57
51
464
162
31
169
85
22
4
1115
26
132
12
59
69
105
307
1345
23
261
63
91
6
155
499
45
61
458
2395
12
172
284
110
132
5692
79
34
27
2195
226
739
3529
975
190
27
13
66
109
441
455
3
229
239
77
45
4
159
71
1467
42
89
33
3321
198
104
18
60
213
143
12
185
206
22
112
289
2169
113
847
18
771
21
46
392
153
600
346
15
13
58
337
267
48
176
29
8
244
29
206
23
28
4
318
127
44
297
11
82
12
223
811
30
20
87
77
9
73
178
44
14
19
95
21
10
51
118
55
159
4299
533
472
19
23
646
11
68
8
19
24
7
392
1589
720
42
275
2
132
326
187
299
97
39
21
305
1115
30
9
10
44
26
37
27
80
9
334
79
105
2039
213
822
810
368
18
56
50
103
193
519
3
13
246
250
55
353
169
63
119
62
16
70
518
50
136
103
160
87
4092
20
175
162
242
179
108
123
318
39
37
364
165
1
495
463
308
372
66
60
75
601
178
1258
42
1
10
5
242
1330
20
31
208
11
52
4
62
86
66
385
4
157
13
266
52
50
1282
63
82
45
279
15
16
5
73
56
1084
30
7
58
16
324
775
3005
10
31
28
63
116
12
8
37
62
20
345
34
64
0
401
30
342
10
14
12
63
159
25
496
53
290
41
15
1412
180
55
283
482
77
931
72
61
14
468
187
916
56
17
11
1813
365
38
42
8
128
201
336
4122
3
144
15
23
12
8
39
33
20
2
325
5
37
348
1593
48
169
19
22
838
45
634
20
215
19
75
99
43
73
140
114
205
5
48
4
286
529
75
140
52
115
25
151
120
131
34
45
431
950
59
129
66
444
8
13
7
4
4942
43
69
17
27
13
384
42
48
511
946
446
45
877
427
41
135
151
123
106
109
1379
37
11
1781
24
8
433
48
57
106
8
41
438
42
15
20
24
31
7
442
350
3
294
79
65
17
5
11
149
451
51
41
601
73
1977
629
13
101
521
55
3
137
62
41
690
51
106
101
36
109
6
55
34
592
760
56
55
127
108
262
38
37
186
869
25
370
830
1329
19
19
42
68
560
353
102
536
21
1197
495
75
21
17
385
166
286
85
32
150
103
28
23
196
61
69
28
23
41
251
960
95
15
551
503
16
25
162
127
256
22
21
13
35
36
64
5
138
65
789
110
355
19
13
3
39
181
25
65
88
10
116
77
185
133
22
283
6
7
88
339
275
221
100
33
710
472
135
48
130
393
103
58
261
35
96
32
28
26
27
1201
47
816
19
97
672
5
155
121
996
50
36
281
16
48
249
83
32
55
28
422
23
571
11
70
315
33
65
5
3
97
51
44
336
125
204
41
158
9
63
239
18
13
45
27
44
243
56
72
820
614
153
20
261
239
1300
283
21
381
12
114
77
28
29
812
4
33
101
82
25
276
16
8
20
51
46
99
187
1242
99
149
107
29
25
289
101
693
354
35
21
283
14
342
16
23
38
31
4
12
790
74
453
182
32
359
147
442
191
9
201
143
161
350
4
27
47
392
459
43
71
325
8
264
52
30
61
12
239
13
150
892
5110
97
32
236
89
66
62
5
44
94
799
60
11
67
4
3
22
6
37
15
4
119
79
491
43
183
110
3
458
50
49
50
743
18
30
26
312
213
4
105
263
121
96
14
77
1187
75
45
146
8
7
336
111
109
268
134
394
28
10
71
43
78
32
251
68
68
13
37
47
78
32
9
1502
5
41
48
114
76
264
24
166
65
11
1
71
1372
4
603
44
760
510
40
8
22
557
23
747
63
142
29
278
108
68
641
97
24
259
723
77
49
66
236
72
114
59
577
56
413
102
41
25
5
169
362
35
14
37
56
11
13
33
38
19
426
78
33
54
26
18
89
155
80
572
519
278
36
93
312
17
155
11
952
55
174
135
3
49
3
793
206
112
116
321
7
205
21
113
99
31
119
86
1964
321
34
1358
424
62
126
67
3
42
160
3
19
17
29
88
35
41
32
162
29
105
139
88
43
446
5
134
10
2217
90
363
82
11
92
4
41
61
13
154
92
32
227
38
618
996
68
384
2
118
96
47
70
28
43
353
522
76
249
40
75
277
7
345
20
30
1770
82
1441
498
70
53
451
32
23
96
73
496
694
13
190
68
177
347
133
632
1184
109
86
4407
54
133
39
116
21
113
293
147
60
15
261
18
32
22
89
32
181
44
1
54
15
1294
12
394
125
4061
111
35
11
1279
128
252
9
8
25
88
3176
400
38
63
111
42
570
24
351
44
40
26
10
819
157
107
642
16
18
5
144
2098
163
249
1156
13
142
7016
21
421
46
843
26
32
7
997
29
97
1528
359
36
34
216
44
565
92
1468
29
637
437
344
1844
29
18
30
60
295
117
857
213
27
60
464
370
112
520
238
204
11
18
118
42
29
279
142
208
8
203
84
111
18
11
2353
74
139
19
183
429
161
219
25
1110
29
7
697
458
118
7
15
17
514
8
87
15
18
16
43
21
95
479
484
256
48
1164
207
185
2
28
2684
14
380
923
84
175
18
65
77
12
187
43
4
1181
157
97
401
10
22
3739
4
58
19
13
55
50
17
155
63
32
78
5
118
16
78
31
118
31
12
166
60
78
375
94
72
19
15
38
52
59
30
18
9
48
89
19
143
7
13
49
83
94
49
45
79
439
1299
49
522
35
452
181
57
25
424
230
730
152
436
37
529
178
69
16
163
4
30
349
130
1278
441
28
46
61
94
116
66
427
185
48
2625
310
680
289
179
589
255
105
507
289
45
54
43
6
15636
26
60
36
54
21
10
1441
512
124
961
111
57
270
419
35
445
332
9
31
46
252
99
330
15
6
451
165
4
2
145
126
11
226
62
228
5
13
119
20
1848
501
31
3932
299
10
658
238
4
12
30
129
45
1526
57
74
209
5
63
27
45
253
43
43
74
64
202
976
1395
65
137
26
49
4
107
58
8
34
25
841
32
8
1525
43
38
74
999
46
236
10
19
55
73
55
86
228
493
231
75
26
979
149
24
52
603
41
627
402
4968
13
8
27
12
102
689
31
17
26
13
704
748
132
89
1
382
784
16
67
81
40
11
26
53
73
235
1080
16
17
75
128
898
40
302
340
23
1460
27
264
28
36
27
40
224
84
49
21
22
8
10
7
14
2259
116
146
42
183
153
2080
8
809
16
39
21
56
30
59
604
904
553
11
251
58
871
4
685
639
11
433
38
189
124
1020
44
65
66
99
19
263
4
43
142
366
358
90
102
74
22
297
43
74
2
437
8
84
421
7
30
91
31
21
75
47
400
62
1562
22
158
119
199
31
130
553
3055
29
179
675
60
64
27
89
100
82
30
30
43
31
221
112
110
258
306
67
120
186
458
456
32
243
184
345
148
103
114
86
32
17
19
4
54
9
124
166
122
693
18
278
15
45
3
69
35
58
514
70
219
150
94
49
8
6
287
68
31
79
13
48
75
83
31
9
62
20
24
1598
94
6
31
35
1244
21
1066
349
50
39
72
110
19
47
204
38
997
71
6
105
147
180
35
23
132
32
47
96
641
1823
341
15
92
339
30
2
21
31
11
161
1
502
643
356
32
85
45
5
27
101
1326
22
15
173
298
886
67
69
7
483
18
1728
19
129
18
608
89
133
214
26
51
62
163
18
29
48
9
177
34
58
207
126139
230
84
175
360
610
45
94
11
5
16
102
17
129
1014
6
3
27
25
20
1113
17
39
238
365
11
4733
133
128
115
13
41
578
30
209
36
59
436
83
8
272
153
45
47
38
66
2636
8
529
13
24
226
10
64
54
45
26
10
38
89
266
116
45
28
70
226
319
128
103
162
37
2535
226
142
195
36
1468
21
168
20
55
658
215
28
3290
90
53
11
261
162
383
203
31
315
38
37
264
15
20
31
36
126
101
334
214
26
7
1561
27
14
14
57
77
1848
37
50
20
97
38
1814
1343
90
163
45
138
212
54
19
104
279
255
7
6
12
43
17
83
35
230
18
27
781
29
61
162
25
561
63
40
676
17
25
122
202
3
23
5
292
2
240
34
8
3721
692
60
4
13
997
1027
15
17
296
35
141
17
48
29
130
193
453
12
108
6948
190
107
155
438
123
8
689
48
620
294
985
25
71
467
741
203
674
206
38
85
716
247
405
51
3
18
285
189
301
8
128
160
13
115
242
97
4
147
1515
15
187
21
27
15
67
86
159
10
173
45
8
84
8
23
135
467
940
84
38
57
84
2842
622
209
122
128
632
1222
440
221
8
497
44
33
149
45
1472
145
199
657
1034
11
210
29
379
76
21
7
28
130
26
358
6
888
425
3
549
27
311
174
57
21
9
31
761
291
30
37
7
52
11
1107
34
47
6
7
8
165
218
42
97
34
21
584
33
10
2
15
32
18
2717
120
1898
903
3
56
140
450
176
137
18
40
1842
144
180
341
32
43
34
11
51
23
412
9
18
79
29
39
96
60
70
12
2125
852
117
18
785
23
23
14
176
420
68
81
179
24
453
455
82
157
54
50
39
570
52
9
266
94
58
101
5
1187
26
2153
53
63
110
56
93
21
21
630
473
16
365
5
1718
992
32
298
25
379
3
778
33
5
471
9
148
61
33
134
176
133
256
99
123
224
21
229
12
153
198
44
21
74
42
144
145
64
43
1011
42
24
290
27
30
515
155
183
42
213
293
24
278
208
6132
448
72
305
62
126
3
5
271
51
13
5
87
106
1710
26
1059
267
30
119
124
243
111
209
66
19
38
746
20
30
1455
93
11
132
245
142
114
65
349
39
44
14
384
388
330
288
8
3
296
16
828
67
17
329
789
30
45
56
81
49
821
37
60
244
102
3250
62
60
275
28
5774
318
32
14
20
35
98
254
20
454
27
47
2599
52
1
75
111
9
110
464
10
2
2
71
1045
209
307
25
14
106
25
2048
478
14
110
30
141
175
174
135
2249
128
906
8
1623
67
20
40
15
342
46
8
265
20
43
24
642
972
5
372
443
799
137
32
26
168
6509
210
4
3
4218
2048
205
7
681
110
1262
744
299
664
71
2542
281
82
6
486
85
263
22
216
138
857
421
4
39
1922
12
363
12
131
1598
11
8
261
7
154
95
434
35
127
14
26
10
14
290
175
7
32
1300
976
29
225
16
646
29
183
522
58
329
31
50
12
92
38
119
104
24
10
30
41
42
18
14
36
78
68
44
441
281
25
1955
255
11
118
459
538
19
132
123
124
81
273
699
111
882
433
43
18
12
154
33
106
183
68
225
110
545
618
26
23
437
14
14
898
38
42
429
9
23
9
310
11
37
186
8
827
53
247
3057
516
615
30
129
14
14
119
1142
199
367
484
24
49
36
610
18
78
6
120
78
6582
189
444
25
233
38
64
1152
2267
1372
41
800
7
3
379
36
19
52
27
2014
1691
16
208
22
202
372
23
670
44
581
62
87
43
14
257
36
36
91
79
97
24
210
31
27
63
52
23
7
24
11
204
28
655
27
20
58
13
154
715
134
87
107
19
489
22
2
35
54
224
126
7
73
78
341
9
34
50
83
250
22
57
145
25
16
262
1
101
182
92
1978
18
2202
35
41
28
221
189
17
17
110
201
30
239
150
13
1
22
12
119
19
85
218
455
34
37
469
543
563
24
14
517
82
861
65
31
36
98
378
365
4
5
80
87
331
94
41
248
49
137
16
149
361
483
14
11
33
17
93
804
8
34
4377
104
23
344
320
8
236
25
546
119
34
39
124
57
56
849
34
59
69
319
5
281
36
554
54
13
957
4
55
555
160
193
89
24
2
510
109
26
20
23
11
53
79
206
252
338
454
6
478
16
86
16
14
5
70
73
4
13
15
282
83
688
93
504
268
109
47
21
34
10
451
1252
56
722
62
976
39
44
152
13
23
19
300
31
3
2172
30
67
189
468
24
2462
11
14
238
3
6
330
51
76
588
54
44
48
6
5
1010
106
43
224
85
1466
96
76
9
45
27
17
42
2105
11
36
69
27
288
26
246
40
20
1505
17
101
79
1245
143
7
98
23
20
1148
46
9
91
658
122
263
30
368
67
629
5
179
28
11
45
17
42
62
219
25
45
5
130
17
261
14
111
10
235
1482
17
230
8
1808
344
133
11
89
15
84
11
49
103
14
3070
102
74
378
217
139
211
55
128
377
11
626
49
483
234
80
131
95
11
20
44
62
272
27
89
634
95
9
602
119
52
3383
69
1114
79
22
5
79
21
215
130
3
38
14
34
188
149
12
7
10
25
75
37
25
13
322
21
10
11
161
769
46
277
71
176
187
34
75
46
43
119
228
1502
7
33
24
924
41
394
58
423
274
341
168
26
406
1846
25
1752
22
1287
24
38
18
151
40
84
1569
99
561
975
38
81
16
42
58
79
442
62
109
3
7
356
31
254
38
30
26
34
227
65
301
60
23
245
25
30
88
785
452
220
85
31
42
1011
278
131
109
267
14
91
105
13
85
502
10
142
322
46
255
32
540
44
70
25
150
548
41
95
34
98
431
122
33
23
48
42
15
27
593
174
502
108
558
31
345
1124
44
97
19
25
61
512
1861
117
290
493
57
63
9
70
4
36
35
27
21
442
33
636
9
431
22
383
123
178
37
11
15
91
64
43
397
2475
261
403
46
850
7
14
0
130
66
435
74
1003
97
6
203
6
13
43
39
201
57
25
103
39
128
342
229
204
21
52
430
86
39
196
65
65
8
54
23
18
9
19
13
54
18
19
76
215
65
97
5
1
140
102
50
180
88
30
19
103
325
268
60
4
7
224
28
103
150
37
27
67
135
59
179
186
136
213
37
14
19
148
9860
74
41
441
69
475
49
27
26
13
197
141
111
432
189
64
26389
18
26
85
53
15
45
183
23
31
3
46
79
16
83
22
224
305
20
392
431
31
38
25
526
71
44
481
73
51
119
78
124
10
458
93
69
397
6
450
22
89
56
562
93
151
241
86
97
12
59
73
6
37
7
144
163
38
4
30
4528
237
343
39
28
42
42
22
111
75
67
132
5
151
31
5690
304
158
153
61
518
30
73
136
76
205
4
499
53
120
19
117
53
106
70
925
18
54
315
292
104
322
230
18
76
44
77
26
19
89
123
26
28
97
83
493
42
146
5
87
16
454
13
500
163
341
315
31
22
14
148
438
239
533
5
22
36
89
22
130
62
396
81
33
351
70
23
119
241
32
114
23
4
206
49
326
12
28
122
104
21
254
13
10
5
925
53
937
81
230
175
82
287
250
31
44
157
775
23
829
42
483
8
57
44
532
455
296
590
15
9
1145
161
4
326
109
80
65
40
358
120
12
168
458
46
13
6
98
230
133
541
107
403
102
48
37
8
79
266
39
387
580
79
43
24
511
13
483
13
224
109
16
27
460
405
134
262
13
179
18
77
620
978
166
8
300
94
23
46
310
16
897
275
15
181
14
98
846
3
2320
16
1792
51
535
7
395
16
244
220
624
265
16
148
6
34
34
20
150
119
463
60
301
19
444
77
37
127
136
57
39
178
136
60
22
37
78
106
234
54
23
192
22
27
9
554
980
81
65
16
188
29
77
163
41
76
27
324
14
9
158
265
77
1864
19
16
38
21
103
428
9
157
119
243
37
176
103
27
103
45
14
207
895
68
39
369
21
42
622
0
249
9
378
171
11
77
232
19
30
20
929
7
178
570
78
100
15
256
807
100
3378
596
20
320
156
238
2
36
27
107
196
69
13
440
87
142
104
586
8
501
19
174
180
12
64
140
27
17
24
5
2379
57
395
873
60
660
209
546
117
24
276
165
50
1091
44
22
107
1991
22
44
21
9
49
26
48
456
3
63
18
129
8
1512
672
17
291
259
260
149
43
26
15
204
40
128
1366
174
403
5177
191
22
24
97
97
399
1086
39
29
17
113
272
271
25
194
275
12
40
14
4
188
31
41
12
75
46
8
31
11
31
108
13
19
58
20
22
22
43
117
561
620
410
54
19
7
74
55
502
54
150
52
24
113
17
1098
386
40
11
83
234
149
84
43
14
16
76
147
131
549
24
199
494
482
90
61
52
42
28
28
446
40
107
7
16
1926
180
526
62
30
117
132
5
32
16
400
24
253
348
449
119
664
31
69
135
25
1634
169
194
838
25
7
18
67
488
19
1919
232
80
36
47
607
38
55
551
112
32
142
186
150
18
451
93
364
6
138
104
318
53
203
31
378
1124
20
611
585
116
878
180
93
82
35
153
13
73
44
54
19
20
48
15
32
4
471
26
32
18
83
77
72
397
13
21
30
76
53
23
863
362
35
101
67
168
52
556
11
139
153
22
166
290
3
303
41
278
40
45
256
124
216
238
5803
10
6
8
38
9
38
31
282
22
55
50
112
86
72
293
138
1003
17
186
8
80
31
17
104
11
111
9
278
11
14
565
112
39
116
175
48
45
7
53
30
61
72
23
320
18
47
29
103
146
283
25
1106
3
7
194
41
136
175
22
24
489
52
12
63
50
60
121
16
97
23
74
40
21
604
202
9
86
26
74
1551
13
49
4937
122
12
480
28
15
2
23
635
129
47
26
49
654
46
80
42
28
65
451
12
187
607
1033
270
27
906
152
109
2
204
438
238
37
206
34
61
57
212
1167
14
522
17
15313
11
1176
132
72
33
8
88
89
30
149
581
6114
61
234
323
51
73
72
80
192
444
34
646
4004
63
116
112
29
185
162
401
197
36
13
32
1787
29
124
1306
75
99
10
587
175
1110
77
11
14
19
73
119
367
2419
16
40
60
18
7
231
14
25
263
166
112
132
9070
727
1775
11
51
105
27
37
30
18620
323
55
14
65
30
34
30
221
1006
34
61
7
34
8
3275
137
7
54
84
49
52
556
44
142
5
60
99
169
41
5
348
149
16
50
45
16
600
220
272
5650
6
82
77
16
259
1672
138
46
202
120
77
36
154
143
926
59
591
23
74
514
11
11
162
249
409
69
38
255
9
263
192
104
189
218
293
47
991
5
14
36
44
126
467
205
312
363
94
64
84
1198
17
49
26
8
18
52
199
150
10
63
17
14
7
68
102
303
36
104
240
196
14
5050
692
115
110
111
105
567
58
114
45
34
5880
239
545
200
1220
18
29
116
13
125
469
1251
8
231
131
15
2154
87
474
148
58
190
350
1168
34
23
1
25
14
22
21
318
115
62
2
80
75
43
60
528
239
39
63
333
11
53
8
22
122
12
11
4224
546
6
293
158
7
23
860
12
228
125
180
179
53
4
56
34
1051
150
107
148
11
9
13
55
213
203
130
27
31
2
826
51
120
313
54
99
14
27
35
26
30
511
2011
139
85
1214
334
1320
69
593
84
31
9
134
4
129
748
90
14
139
19
542
3
179
30
665
145
2
129
40
29
37
50
206
304
287
62
3498
1100
46
386
180
84
27
8
646
100
109
81
3
366
102
22
30
118
33
13
774
50
131
28
19
464
8
109
46
792
1821
464
38
204
228
32
309
139
79
12
255
225
28
36
38
58
141
31
213
159
92
49
1
7
47
45
12
5
132
176
123
367
79
89
275
101
11
759
93
53
975
58
47
97
71
31
129
45
212
4627
53
20
227
8
560
30
763
28
125
33
382
38
32
206
221
252
21
18
49
111
21
259
101
208
67
82
45
337
15
37
397
1964
157
243
169
1455
101
98
38
3316
1277
1
61
161
30
3577
488
337
168
152
99
34
61
10
119
19
107
580
18
33
19
85
47
23
50
40
109
29
175
26
48
32
217
31
115
21
48
18
56
136
61
209
15
24
54
452
242
173
1385
1369
27
45
308
123
145
53
99
141
22
118
30
635
35
137
1831
277
2205
29
130
35
210
30
257
49
571
501
70
33
71
248
81
213
170
175
24
1074
109
214
22
5
100
224
388
98
114
72
51
15
125
126
235
643
2
3904
34
17
66
93
299
72
77
7
104
31
14
134
52
264
45
116
8
23
135
45
247
63
15
27
464
276
886
489
44
74
157
73
7
287
80
9
152
233
473
189
84
270
87
128
208
21
173
1701
159
746
69
662
33
19
23
4
1514
147
32
1464
104
11
5
572
12
34
97
182
256
1250
156
66
27
34
30
4
263
6
54
106
314
210
207
75
211
141
338
12
122
30
1106
84
17
124
98
54
48
41
818
353
305
13
554
63
93
31
52
28
29
64
30
2
40
11
9
34
1143
526
12
129
82
123
907
1854
46
193
26
52
551
15
374
2
32
259
41
124
49
295
26
2
588
58
130
18
31
44
44
20
344
11
66
7
2992
223
62
249
28
535
85
143
33
105
1077
8
167
223
333
35
16
884
33
5
33
29
289
798
64
15
19
50
115
644
4
100
575
37
117
850
54
570
45
40
813
202
25
524
561
18
505
513
53
36
895
94
84
135
31
21
17
167
1371
50
152
649
59
32
22
5
18
49
776
432
328
276
730
24
81
22
519
71
64
6
39
224
55
22
317
141
294
100
157
32
2474
47
102
44
13
792
38
57
113
11
97
153
246
44
114
104
82
20
87
52
63
45
479
97
119
712
178
376
24
288
163
320
10
310
4404
722
25
335
5
182
27
35
28
44
686
31
39
22
514
53
17
342
26
58
1570
4943
7543
17
17
66
1562
121
11
1766
350
36
91
46
410
573
35
92
4
20
2
20
37
134
135
78
51
85
17
142
463
54
32
54
102
42
123
573
104
615
45
131
459
72
454
31
29
38
18
160
3821
28
36
148
9
28
1332
59
40
246
123
1241
285
821
24
34
55
4
608
19
72
219
25
539
20
17
1575
474
111
746
61
49
19
33
23
162
98
33
125
155
671
1769
16
2312
19
50
163
98
11
68
1527
56
579
161
406
66
549
323
508
84
1327
7
3
531
59
135
475
22
18
193
34
448
137
21
33
1113
82
9
1507
63
12
160
291
75
2415
35
1678
283
34
7
26
35
85
45
454
51
154
68
213
406
16
16556
454
142
23
244
356
601
36
388
761
354
304
82
8
1416
45
102
373
165
26
582
31
37
411
11
197
230
82
52
42
185
595
1270
45
19
31
797
3
49
39
24
30
79
42
80
175
344
29
272
170
16
259
1861
1535
353
7
156
117
90
46
27
441
10
289
1441
16
81
164
117
13
19
116
102
515
26
12
493
26
1721
69
105
64
265
7606
38
532
157
14
27
10
398
2
334
1225
70
226
18
148
21
129
23
917
1759
61
439
130
145
79
55
256
111
613
16
345
372
388
136
48
22
61
257
61
42
2
21
820
17
223
53
1
29
157
1953
27
519
54
61
25
131
22
14
198
4412
433
234
100
534
52
11
65
10
19
109
133
327
705
71
23
33
547
22
77
442
203
965
70
2940
15
112
182
123
22
5
179
3317
1082
518
12
3947
99
84
14
1233
364
58
417
213
414
479
194
62
52
160
4
105
20
1850
49
190
30
600
94
141
54
29
9
11
10
735
296
62
52
1135
110
57
411
96
2036
2033
12
364
82
3
40
83
18
89
32
349
32
1058
273
51
145
2746
5677
43
138
22
18
2
515
103
24
208
241
172
50
30
2
5
11
15
66
144
171
54
55
21
114
135
257
54
90
66
95
204
3
24
570
1101
126
584
73
76
67
155
217
13
22
162
207
1
38
89
32
40
1603
78
50
120
96
792
13
13
397
34
46
39
18
45
20
223
55
1320
19
104
157
246
486
117
51
44
172
706
116
80
219
551
111
751
133
7
33
108
256
297
241
19
46
190
661
15
2217
132
29
55
13
92
53
17
700
594
198
807
162
55
40282
143
13
366
3
172
111
12
304
18
545
47
13
97
27
439
101
31
33
7
283
45
62
17
19
262
29
45
76
21
20
298
46
227
13
16
237
10
193
22
320
16
192
515
46
448
388
165
471
16
393
207
66
69
22
118
141
177
170
97
6
29
6
26
11
186
61
388
227
565
18
19
3168
27
6
36
135
178
16
17
12
603
56
21
762
10
36
305
58
29
19
32
72
98
99
16854
517
308
208
628
462
36
278
339
297
33
1753
46
39
370
13
586
33
9
29
151
235
16
235
131
65
506
26
72
875
707
182
161
275
149
36
11
7
150
104
500
609
299
203
38
52
122
89
138
124
107
13
4
114
419
11
25
323
177
0
404
26
162
41
8
5
17
213
43
80
18
2942
72
46
109
196
23
5
592
2
37
29
1040
732
70
2
477
303
320
17
565
45
457
979
18
109
15
259
26
414
370
178
1462
14
185
7
91
24
112
33
49
403
425
83
115
1072
35
291
302
1266
108
20
68
156
13
543
13
53
437
105
27
60
695
43
51
864
209
1061
17
60
28
413
57
80
518
297
54
41
25
196
44
80
56
15
67
23
211
21
2781
271
7
1070
106
62
38
4
108
76
225
67
39
189
18
51
17
50
188
107
16
37
434
9
453
133
10
88
452
541
138
447
15
135
26
26
134
64
142
692
179
23
938
12
70
54
82
309
165
65
417
55
652
98
241
110
53
10
34
3218
171
13
30
11
487
972
16
15
22
48
19
52
75
28
618
37
8
226
71
79
44
63
2049
156
31
17
107
3
23
157
425
46
24
7
171
26
39
78
37
1304
732
29
27
25
97
73
169
1655
32
189
14
41
337
1093
143
247
278
14
145
8
73
47
40
328
19844
90
1
27
219
149
3792
835
82
35
2692
50
57
132
29
117
86
68
19
797
1348
49
5
4
3
43
32
15
9
24
33
98
53
71
703
119
773
25
34
12
239
57
91
41
162
4
12799
185
63
99
104
350
5
55
42
11
531
27
13
77
165
12
129
561
72
43
15
3
172
1016
38
122
108
12
58
13
485
157
106
18
270
8
1035
107
90
24
27
9
225
182
15
36
444
35
988
27
23
284
263
34
34
224
207
4
42
70
1497
16
1304
875
77
2
19
313
85
21
18
62
130
189
90
1220
933
409
24
45
36
225
18
144
8
110
9
61
28
678
18
46
28
45
79
155
39
23
49
161
81
20
35
66
52
9
102
143
14
29
56
246
36
291
5
71
265
8
45
29
1910
222
66
103
27
114
79
18
48
14
252
1491
14
250
3
25
114
223
552
113
220
261
42
453
70
460
71
79
18
34
15
200
13
294
15
119
583
50
22
63
137
336
216
228
449
287
596
34
135
101
2
68
23
67
5
86
392
69
29
133
354
7
117
1138
7
840
691
594
74
11
51
101
395
12
7
1128
13
173
296
311
10
4143
133
142
51
22
24
170
22
68
71
27
19
65
14
532
713
2
70
4
2
300
34
32
30
68
219
96
133
100
5
39
53
986
1199
66
906
55
209
1633
417
61
5
15
41
314
19
239
22
3
27
19
258
180
290
73
408
19
92
852
251
1653
44
112
3
293
47
27
180
37
44
11
13
85
35
92
57
209
29
225
11
132
11
49
53
31
10
5
188
45
11
331
156
32
3993
24
679
360
556
851
1456
6
40
184
41
2800
32
445
291
23
12
320
26
25
58
38
261
5
1062
282
31
27
176
87
26
533
15
37
20
20
72
346
215
2276
212
248
49
29143
216
20
49
1011
189
8
119
35
74
119
35
291
224
22
5
39
12
262
252
18
223
476
12542
185
124
558
111
35
124
846
57
43
452
21
163
18
80
508
29
70
1001
3
292
78
12
36
50
43
450
275
34
21
26
96
64
187
37
34
57
225
4130
92
47
30
58
284
64
812
136
18
100
7
2023
21
937
163
4
27
4
208
332
86
18
18
17
1558
5
231
30
85
118
118
37
573
585
288
149
30
53
14
27
74
845
87
48
5
99
7
32
30
63
37
51
88
73
26
277
81
57
13
1425
11
23
22
281
41
123
26
32
44
291
491
112
146
73
828
12
44
32
10
17
279
524
179
1046
458
3
884
842
403
20
125
74
148
306
63
237
14
21
42
191
170
562
16
137
919
61
4
376
17
23
37
10
412
7
7411
1311
57
118
43
62
44
6
10
33
155
3228
481
12
177
2
190
2180
92
4
224
47
175
12
49
7
1081
1035
3063
4
143
236
66
26
1622
295
330
113
13
141
8
338
434
8
233
310
144
106
25
743
76
407
28
27
26
3
70
26
22
251
40
222
91
5
714
353
49
3381
42
70
22
373
155
1
214
150
8
434
549
72
17
6
16
8
74
593
63
3
21
1197
79
129
27
105
787
22
86
9
45
31
1070
113
128
16
60
211
355
35
86
152
78
22
1075
37
433
205
182
2
30
52
38
30
25
103
242
53
1015
43
63
19
128
11
942
131
23
81
14
577
67
61
1728
40
2
209
201
2
24
32
157
189
596
6
25
835
93
212
23
11
190
924
231
813
41
16
23
228
81
195
42
4617
7
129
11
381
36
145
2
90
63
66
16
33
12
12
580
2
107
1455
446
17
15
98
18
299
69
9
301
302
49
106
38
184
27
1
3771
24
14
33
74
23
101
68
600
303
51
18
24
803
377
125
92
10
117
51
8
124
39
95
328
30
22
3692
31
214
217
15
161
274
67
728
121
214
125
432
462
0
43
57
99
24
90
318
75
80
14
310
3
81
162
233
9
176
18
1094
49
270
402
9
23
33
4
25
137
163
216
18
20
62
163
81
3068
20
1207
22
25
42
10
38
39
60
21
50
1054
60
5696
163
87
32
28
9
38
76
147
9
203
337
196
123
1029
222
23
87
517
412
12
1184
163
135
56
125
58
468
111
18
96
10
561
158
10
120
47
39
14
25
558
110
5
48
894
13
75
75
59
83
194
18
36
30
460
8
88
64
20
64
59
185
187
17
5
31
46
62
74
331
395
204
219
251
393
1739
3064
33
41
18
141
48
118
12
120
150
14
571
54
25
63
17
55
78
494
3682
9
546
72
5
26
67
785
256
799
866
194
28
16
10
114
10
186
53
55
57
5
25
46
4
54
31
937
314
407
26
60
10
144
46
67
133
70
630
144
27
45
94
16
80
2442
31
610
124
43
1223
537
249
631
482
116
10
370
248
75
26
56
79
12
307
225
20
3832
63
80
1572
43
103
127
359
133
824
7763
31
46
72
739
87
15
92
474
1460
1990
86
37
535
79
224
1630
2
7
63
4
27
3
66
64
28
34
557
297
117
168
40
84
8
63
279
238
13
604
125
159
1140
20
457
18
17
3
123
23
142
119
390
129
16
156
52
173
156
107
3
459
284
53
55
86
256
934
87
21
3527
463
32
131
9
67
15
869
20
171
33
14
15
111
310
192
99
58
9
160
278
74
127
60
21
214
25
59
1882
106
1338
272
396
31
60
192
51
17
1020
81
35
573
59
258
16
51
81
78
8
178
73
23
78
168
8916
14
56
76
111
5
239
60
70
7
58
80
59
130
896
12
14
1737
96
1022
1897
59
91
17
323
183
94
160
1328
10
159
117
32
107
103
161
51
58
305
3380
19
8
98
109
24
340
2
15
1121
94
602
5
15
10
78
19
342
245
41
71
24
17
129
99
67
404
14
420
15
9
3379
246
623
1320
121
19
42
183
55
87
47
37025
42
23
176
45
59
7
64
257
61
1393
105
461
428
868
7
58
62
52
9
388
26
55
35
151
32
15
53
20
761
353
1174
830
16
21
165
49
558
225
28
81
11
201
73
8
3
319
239
79
539
543
22
19
274
85
1745
125
1584
190
65
32
42
4
44
116
11
461
58
121
1840
122
818
39
41
214
685
69
27
5798
28
362
44
14
9
52
300
119
323
162
241
14
46
108
192
6
182
359
36
59
57
8
17
1158
43
68
133
284
54
150
275
333
17
46
83
23
30
35
15
24
173
952
22
487
166
59
435
42
24
42
23928
70
86
613
194
68
164
50
48
619
95
514
84
726
6
203
80
26
41
953
57
11
96
202
208
31
421
12
20
12
798
79
8
384
45
65
58
33
450
13
176
51
41
27
606
3
2331
74
82
208
72
36
82
7
23
451
3790
3
81
109
69
307
671
110
33
164
59
531
758
50
7
35
32
25
181
43
47
48
27
166
753
2562
111
328
385
124
974
84
662
54
11
236
18
159
1494
37
32
3
15
692
94
313
20
89
520
320
1011
197
2163
172
466
192
1876
433
8
176
32
4
163
326
20
19
868
7
60
52
149
17
66
598
60
12
267
273
40
13
18
300
99
173
38
19
84
30
7
11
604
48
15
25
53
2100
358
10
827
50
138
29
1967
89
163
450
22
322
28
8
63
725
169
15
129
206
162
236
45
25
2
20
56
739
71
28
123
24
16
465
159
465
44
95
179
21
785
53
670
101
187
200
398
76
1301
834
293
458
49
430
26
83
59
14
43
70
36
132
9
11
107
46
31
10
41
340
16
173
15
388
135
22
112
291
1062
29
564
228
18
155
2
136
33
77
9
63
325
1259
60
161
3450
129
15
219
10
134
53
155
4
62
74
201
28
130
5
472
55
16
1257
120
87
74
77
26
214
25
248
292
135
397
266
12
15
224
5
44
1565
25
46
509
148
241
3
61
284
166
16
22
433
113
15
549
23
15
165
606
7
52
10
2746
62
10
6
197
707
130
32
90
253
55
382
229
28
634
22
140
243
218
152
401
105
2281
63
40
36
40
62
170
25
20
2279
35
51
31
22
470
11
391
90
180
20
19
287
40
19
9
40
11
417
10
103
14
487
1999
69
80
43
8
236
40
331
74
133
2
9
127
574
80
58
2
584
38
402
12
539
56
276
12
25
23
126
1063
43
193
27
6
3200
214
22
1021
105
601
615
103
12074
126
130
96
21
77
59
713
39
14
104
1014
20
7111
17
74
150
53
16
10
2695
8
147
55
97
335
22
18
8
20
30
15
315
11
37
35
50
2130
47
267
309
104
213
68
146
18
27
121
487
224
13
153
239
2212
91
325
47
1157
52
46
11
53
3
2
749
179
155
162
89
401
184
365
121
713
177
184
24
114
178
332
99
78
121
432
0
467
875
51
84
6
9
47
103
19
61
693
9
48
340
189
188
12
35
903
137
7
37
6
6
147
9
23
15
21
1048
134
19
8
778
1878
12
145
27
136
47
390
14
332
18
37
184
76
86
8
124
27
68
178
92
27
760
227
11
1312
9
9
15
1513
11
78
4510
876
177
28
11
810
58
164
204
261
1657
125
50
12
45
9
167
638
42
136
179
25
87
87
88
1360
186
161
187
13
13
1721
165
11
356
161
695
645
38
18
301
1903
108
219
67
155
22
151
22
849
21
21
6
79
485
131
1827
25
123
124
782
14
1668
18
177
309
385
265
42
20
55
406
23
2004
198
688
15
22
141
99
16
143
52
18
48
43
44
28
134
27
171
12
33
47
44
25
727
52
507
41
323
161
33
1101
40
56
68
150
98
31
134
57
237
37
22
2
106
43
35
466
108
387
35
73
363
20
29
236
729
84
68
418
198
75
15
10479
19
20
530
55
17
9
53
81
24
40
95
497
70
6
58
323
21
57
821
148
29
385
881
102
10
127
618
177
25
52
218
174
27
5
220
81
65
60
102
107
22
17
7
127
63
73
2501
150
92
318
497
176
214
30
134
8
135
64
133
78
498
357
76
16
0
29
749
678
271
18
18
5
4490
119
120
30
35
288
33
21
678
3079
3
130
165
42
10
14
88
60
737
30
235
724
194
630
151
278
4
929
294
1010
1092
75
141
149
672
91
65
29
476
45
601
483
34
414
30
33
15
91
2171
67
301
19
422
225
14
311
367
623
23
2
80
213
109
67
52
111
2022
90
9
406
122
11
98
657
50
284
420
254
119
36
286
64
5
1479
31
356
196
16
21
52
219
43
4426
12
81
27
1102
32
53
191
130
11
43
319
696
187
1128
173
28
1005
454
148
125
62
57
35
19
39
165
70
173
498
27
216
8
42
408
5731
104
4
872
1184
13
71
145
83
2
151
156
127
137
25
316
22
166
33
509
4045
36
87
7
42
507
157
258
37
19
38
54
234
154
42
18
140
18
53
9
89
27
41
4
40
35
12
67
50
522
11
1161
78
95
686
33
18
151
60
45
4
420
171
31
277
13
101
39
217
19
310
33
284
25
47
165
193
20
10
22
46
268
57
186
29
76
231
13
181
567
91
131
18
34
462
105
1
96
1239
77
51
31
3
1153
682
24
593
419
1641
86
40
3
3
10
388
61
79
139
639
40
33
669
65
41
17
819
12
114
14
191
441
14
302
3
1457
539
55
125
13
11
9
47
667
12
243
83
51
1988
558
25
934
761
12
27
62
17
39
239
458
8
69
22
1200
5
17
45
34
3
53
556
222
9
92
35
170
44
653
22
28
31
81
106
243
52
17
60
44
242
182
34
182
51
326
12
24
1
6
120
12
13
197
42
173
7224
34
9
70
1376
147
16
7
777
72
8
41
665
41
180
20
151
55
4
289
35
435
52
105
92
248
90
35
7
13
421
1696
383
3
43
88
48
224
562
45
38
28
42
187
13
53
97
34
462
73
19
120
315
31
199
24
35
162
46
504
16
282
98
4
611
84
445
54
16
120
56
18
106
22
43
14
748
171
35
18
29
17
0
16
18
57
86
153
676
86
6
245
471
36
197
77
255
97
193
13
31
1183
77
7
10
19
236
270
25
67
93
330
540
58
615
1576
19
488
1709
52
385
816
26
19
80
6
642
3
765
153
233
16
5754
25
24
13
547
10
24
118
136
188
393
154
497
8
101
71
70
413
522
188
485
246
449
13
51
93
843
5
219
132
124
107
73
276
33
243
168
90
886
948
35
697
67
9
9
4831
11
68
1501
20
148
4
57
203
149
2944
1208
82
120
45
22
71
85
62
191
73
82
430
205
50
17
418
725
14
20
109
117
597
124
700
7
22
241
12
12
220
12294
55
916
236
31
87
497
10
410
75
212
126
3743
4
39
29
16
137
899
26
34
305
48
100
224
141
8
37
6
351
25
64
162
9
4
14
86
426
87
216
95
15
36
52
1773
128
12
21
211
255
13
125
9
46
74
69
339
8
307
201
122
269
739
517
53
1480
116
1198
916
31
59
85
498
204
38
179
256
70
610
302
30
45
37
17
280
335
327
53879
20
89
257
23
471
174
121
345
126
328
1883
419
49
28
36
110
1
169
1021
152
107
81
59
77
55
27
291
4355
749
157
896
307
1697
28
49
244
346
2
266
9
78
51
168
52
43
116
83
336
17
163
136
291
102
1655
40
319
115
100
1105
307
1242
28
240
70
118
605
323
114
486
42
146
40
4853
171
14
179
17
23
592
15
582
466
25
29
53
359
4
47
38
14
2
49
35
220
31
249
153
314
206
53
2133
865
237
2091
143
7
68
258
1149
13
46
5
18
16
5253
75
3
90
83
51
26
5
155
39
441
62
2
6
18
53
11
6
12
101
21
1472
49
9040
627
160
345
281
181
0
0
464
299
297
31
15
2
100
37
17
388
123
57
70
18
286
16
52
31
157
108
84
159
305
28
76
239
250
567
10
1
358
923
156
187
388
37
53
31
314
102
97
569
886
22
543
103
270
45
54
610
129
27
181
95
5
168
566
20
13
18
116
119
51
80
1555
361
9
485
62
4
14
95
26
81
749
435
61
22
145
66
235419
308
271
191
10
64
4
15
1177
483
14622
110
1591
62
136
12
31
14
42
186
758
715
1388
481
34
83
69
33
176
34
15
415
549
10
131
175
1701
390
27
727
101
75
528
366
356
78
26
34
86
30
16
671
64
40
14
8
103
71
226
458
76
157
5
58
76
17
36
553
29
143
48
370
61
3
1795
44
10
417
183
184
35
34
36
32
13
25
218
16
155
684
23
246
277
10
154
45
14
305
28
77
168
58
12
115
32
246
102
833
114
44
80
44
281
1448
33
107
19
34
48
96
119
668
15
346
114
135
32
39
5
121
430
90
90
23
14
121
37
18
59
668
79
25
191
215
48
176
170
60
45
255
57
3
225
158
44
1615
898
109
2460
24
2
48
115
27
103
465
146
370
43
397
175
200
14
438
1218
7
8
22
16
862
9
94
29
4539
1782
9
7
251
83
234
12
659
132
488
92
367
109
31
35
13
169
590
127
195
40
4
167
202
5
1124
131
122
439
18
19
171
19
464
80
15
491
377
135
81
119
48
22
510
1206
69
263
5
48
168
11
104
348
29
322
57
13
2
121
15
20
19
376
25
61
30
755
432
54
11
10
15
274
80
75
19
351
33
153
321
12
22
378
277
10
138
205
10
21
6
39
65
13
13
115
108
462
472
14
21
17
623
17
112
978
223
113
105
301
781
416
112
78
49
186
49
116
62
47
87
244
280
7
43
1133
21
237
108
41
44
32
390
136
438
214
60
316
35
271
257
1604
227
50
24
17
18
35
28
125
133
13
37
109
92
238
52
30
26
1009
9
32
76
152
128
203
15
4019
54
343
29
88
13
234
111
13
216
723
67
19
7
60
20
20
41
57
90
35
39
25
514
24
120
107
987
64
3
81
13
3
49
771
14
802
896
75
120
102
710
516
75
675
4558
3
129
25
80
25
204
29
12
154
299
348
125
12
93
47
200
650
134
15
80
37
18
1476
370
32
3297
71
124
305
14
5
367
228
186
47
75
25
8
19
21
5116
76
14
30
36
141
132
160
96
78
49
101
340
801
16
100
10
422
89
4
573
21
21
403
180
471
517
338
31
27
1023
6
37
298
38
164
134
10
40
13
146
16
9
546
354
151
1277
6
39
679
51
379
45
23
279
192
195
245
67
12
37
149
27
93
1101
89
27
1340
18
133
154
57
126
584
36
176
637
99
214
44
9
46
102
89
429
236
544
1955
48
2
15
19
521
19
21
321
5458
297
53
757
289
137
553
509
943
125
54
432
82
62
166
43
26
13
17
753
9
11
77
29
19
101
193
58
251
127
22
26
869
30
43
639
192
834
38
23
1621
53
90
2860
143
924
386
209
47
67
685
84
384
37
50
915
104
50
29
46
171
2923
654
294
18
50
131
27
257
28
31
157
533
164
91
286
149
125
124
21
12
92
320
237
506
265
17
1925
55
16
60
6
1065
52
56
15
97
25
20
61
106
50
219
24
29
37
108
18
86
81
8
88
63
8
191
141
48
52
14
57
154
14
29
29
57
6
103
18
44
300
93
546
570
44
61
9
26
169
12
413
1255
743
499
59
91
13
22
595
18
13
1781
181
9
28
33
129
85
30
69
260
50
42
100
10
156
115
26
71
39
110
4
648
52
331
110
147
545
67
32
25
56
198
9
196
69
352
693
1262
14
76
449
59
121
85
30
151
82
22
6
8
41
101
62
8
1406
13
50
408
33
66
27
23
34
17
307
6792
15
62
9
23
48
29
85
79
146
37
132
160
369
278
170
181
375
70
150
405
130
1
146
172
31
121
48
42
76
30
52
38
78
437
35
62
372
349
1260
10
85
43
42
183
11
44
106
212
333
45
27
15
51
29
44
63
37
144
103
54
16
28
436
12
203
13
18
23
199
140
130
455
9
60
150
1108
25
131
22
105
29
1101
15
36
43
746
220
832
91
610
65
173
28
191
115
22
487
36
169
84
1429
56
79
68
58
163
30
147
290
296
45
3428
65
17
115
790
18
173
66
8
53
389
52
49
37
372
30
849
30
41
354
6
6
419
382
178
21
65
171
68
163
46
32
506
152
46
379
13
32
14
757
10
94
38
49
140
1843
36
627
450
57
13
173
44
50
58
163
237
1239
185
99
119
563
1470
46
24
43
159
140
185
217
33
808
52
146
2852
1702
894
31
285
28
199
258
21
131
317
40
52
973
310
32
21
15
70
160
263
21
452
103
583
22
1531
3568
9
50
115
47
170
12
117
35
293
999
25
64
35
61
70
29
32
34
317
33
108
1368
49
126
130
68
32
244
6
28
1080
326
71
1615
94
1225
106
143
467
64
92
11
728
1147
11
18
80
291
19
67
31
74
6556
3
58
213
239
42
21
57
29
13
2594
44
33
23
134
645
45
98
21
40
0
11
548
11
168
631
113
7
1464
4065
307
25
23
31
52
305
166
73
34
154
12
484
20
645
4
29
153
54
21
8
353
16
1023
631
138
29
26
1962
9
31
2523
442
57
24
205
1149
151
7
27
35
107
265
96
47
14
23
75
22
105
368
532
29
54
111
160
344
22
262
12
276
13
203
24
98
2162
294
293
86
12
10
9
515
49
3061
9
51
27
19
66
9
66
163
110
93
38
1191
133
31
72
127
132
9
476
352
38
915
62
29
147
21
123
5
13
182
355
1
1574
1247
43
1551
205
114
954
60
33
63
108
730
75
139
3772
155
29
280
701
447
29
452
23
526
4
6052
38
327
65
42
161
102
19
241
143
134
38
10
47
759
19
17
172
10
1086
1070
63
22
564
140
27
35
293
1075
35
37
70
11
108
36
43
85
151
252
26
13
44
34
98
1102
103
50
235
60
276
172
20
456
192
106
11
31
15
294
880
457
27
63
81
28
4
725
673
18
85
123
351
8
59
220
13
716
5
616
1303
26
1649
9
116
1809
30
13
33
26
33
170
10
37
435
97
40
107
158
96
199
646
1987
329
57
51
242
38
46
252
248
30
12
3
950
251
49
23
18
420
94
574
125
56
222
8
26
100
11
122
15
66
17
147
6
29
8
5
59
463
110
2688
158
34
1842
339
57
16
4
379
58
25
127
2413
8
816
7
13
66
46
18
310
356
124
497
389
174
1259
15
642
16
87
9
156
1008
413
537
114
19
134
55
17
9
325
1760
793
192
9
187
62
93
200
269
30
193
8
191
79
2886
62
244
161
323
120
15
90
60
21
2543
12
372
242
386
73
175
266
21
154
21
907
195
74
93
36
324
18
22
32
42
14
28
20
5228
432
297
178
93
20
21
91
1827
527
79
765
25
91
56
101
23
14
592
60
6
6
274
69
16
105
9
84
17
143
61
122
75
266
165
375
576
36
73
1264
144
20
104
7
236
195
154
55
10
54
495
13
24
99
7
156
1046
48
659
50
38
16
11
164
7
23
101
263
31
223
214
11
247
2307
53
9
4
176
117
154
42
924
591
107
91
387
212
18
182
92
245
437
114
237
27
37
198
1
14
23
509
76
624
848
86
135
65
3
272
339
194
138
404
38
239
12
149
172
47
962
36
96
103
70
47
271
220
7
73
11
37
78
29
44
43
463
45
6
201
209
569
2
6
32
14
327
305
39
137
74
46
149
98
27
9
99
400
23
234
26
6452
2
59
7946
608
13
1130
119
127
394
29
3
75
1169
12
4
218
293
52
20
50
195
28
815
137
33
22
91
39
172
68
6
11
323
179
4
23
17
26
27
279
112
426
193
84
160
43
20
124
1864
40
90
86
30
8
258
269
73
119
204
4
126
36
1
7
470
106
27
71
59
53
8
14
2275
72
128
13
702
225
120
563
11
71
875
61
7
1256
52
595
45
189
766
593
297
238
99
8
527
12
282
36
1177
58
16
3357
76
54
853
6
741
23
405
206
18
111
44
1227
484
186
51
299
13
11
14
23
63
74
321
192
2
15
18
16
18
24
4
328
274
133
197
1037
390
112
1624
6
87
68
38
45
49
689
46
3785
631
3219
65
39
597
19
20
145
67
59
65
115
23
10
267
12
67
71
238
34
1702
12
32
108
136
12
59
181
65
2090
31
422
76
596
17
64
1217
45
188
882
6
29
43
33
141
230
16
66
267
155
643
21
209
1216
58
4
104
360
233
49
10
21
189
19
33
74
33
11
1249
104
703
25
444
203
26
100
96
11
114
12
21
32
145
45
50
76
58
577
5
85
8
81
22
65
118
75
81
193
22
51
66
18
160
20
13
24
226
12
1254
55
236
442
242
70
41
634
2583
186
99
4
7
1549
58
31
475
200
157
521
110
36
351
35
121
40
44
23
16
88
54
49
7
82
17
60
10
18
853
45
562
21
64
241
59
421
2
89
50
935
141
409
31
10
252
160
20
786
94
15
383
1376
51
87
41
45
17
114
42
992
1414
230
66
29
303
121
721
286
43
67
239
45
311
228
234
386
202
4
360
29
10
55
28
22
26
11
39
70
90
7
22
1460
21
10
13
1197
44
30
48
29
120
220
61
42
13
251
921
75
150
159
94
41
33
1209
15
146
19
199
32
360
322
16
65
161
43
258
358
58
764
70
38
136
155
1314
209
54
60
1567
51
148
55
21
563
40
14
231
110
465
346
100
113
976
604
59
564
26
113
2218
23
84
83
152
39
215
34
19
495
10
454
1755
171
95
11
159
106
37
14
97
250
160
1
32
180
24
1316
795
92
29
84
549
121
18
894
560
40
15
11
25
8
76
52
23
525
52
35
17
1261
226
68
79
29
97
171
78
83
14
34
1
41
60
241
90
62
442
12
26
157
456
88
312
311
36
357
164
231
38
848
549
144
138
18
145
24
41
16
33
243
118
2
798
61
159
11
2756
22
578
74
776
22
16
51
125
68
33
17
1254
494
59
94
41
668
245
161
18
6
7
48
107
49
5
72
26
26
407
3
76
20
1081
93
126
182
1149
472
222
52
57
163
19
420
202
72
133
262
262
26
51
71
145
216
698
661
438
45
11
147
247
183
13
52
33
14
60
9
227
649
100
526
113
91
503
16
26
51
1431
152
251
36
21
118
138
1229
69
313
4392
74
296
50
90
108
958
1061
231
244
181
67
15
299
35
20
742
131
23
346
51
127
38
87
161
13
121
203
498
182
56
5610
104
370
572
47
300
122
96
652
566
1038
25
18
59
2866
13
21
49
1932
101
66
100
267
97
17
122
152
123
102
88
1932
631
185
118
17
93
206
13
69
125
48
432
77
678
158
148
11
26
40
38
1050
1068
546
25
40
75
240
63
4
95
15
5
17
44
526
120
31
156
64
109
175
126
70
15
16
28
186
547
610
668
16
19
48
401
357
82
27
103
19
38
15
74
5
11
5
36
64
26
337
143
94
164
99
109
10
109
44
62
3109
1040
42
26
101
782
1177
31
51
32
25
29
91
115
53
23
29
30
2195
386
42
284
152
70
19
160
44
1399
63
140
5
352
419
108
16
182
254
29
1048
5
66
17
2413
429
47
19
101
60
16
130
227
90
264
93
11
244
447
1443
46
18
20
338
250
469
216
52
14
14
111
11
742
43
956
54
4
9
23
249
75
179
300
477
1107
179
32
67
185
46
103
78
74
270
121
11
156
125
226
277
773
20
624
210
9
138
39
202
13
35
35
190
204
564
64
41
29
81
942
126
32
293
16
2
13
283
94
388
6057
1614
440
11
21
801
738
48
255
15
175
172
26
496
875
16
8
45
29
72
134
51
33
101
129
30
66
551
1833
9
432
8
39
89
579
170
9
1565
15
738
43
23
123
28
14
91
48
40
22
171
14
578
18
37
752
282
30
7
215
22
75
68
109
1007
109
43
8
74
191
94
263
84
27
565
232
38
7
57
781
151
8
158
8970
255
58
85
42
9
4
30
14
42
157
79
1086
25
34
46
386
7
26
618
18
160
69
62
494
38
129
21
299
52
277
82
849
223
2885
21
18
5293
15
21
159
121
391
27
53
99
40
92
105
1934
103
799
194
657
67
32
10
1364
438
64
33
9
425
21
44
414
150
24
38
166
4
20
31
741
214
50
164
148
119
13
18
165
295
50
206
87
43
18
119
90
93
125
333
40
8
99
177
3
666
660
95
1
1762
8
80
27
179
15
772
34
301
165
710
151
446
124
82
36
162
420
259
69
1192
439
6
442
30
188
226
192
7
1437
60
101
7
341
90
6
1031
197
163
9
34
37
227
11
215
345
1538
1726
126
2290
1359
27
15
49
114
313
150
80
34
168
34
4
34
591
511
71
53
6
2111
40
12
1598
14
46
48
120
65
268
218
113
63
212
58
45
1
16
63
40
782
27
1952
15
213
217
527
69
862
321
21
305
481
139
44
242
138
9
42
734
287
113
21
107
344
1537
18
3
66
73
13
379
4908
8
40
58
12
27
19
66
77
1409
28
3435
9
67
8
18
12
137
261
79
783
132
32
30
25
115
443
11
316
2082
26
30
20
48
36
55
189
31
21
11
11
30
72
659
72
78
75
83
1033
23
9
141
44
5158
2744
731
40
158
33
689
76
26
39
433
7
419
2
11
31
89
23
25
3631
80
70
38
245
82
184
2265
64
14
57
32
220
815
1249
201
194
602
62
8
302
175
224
62
79
1445
18
15
7
483
8
95
136
71
80
88
495
13
43
3
59
81
4
610
153
27
62
221
228
1179
71
23
35
384
71
1530
326
15
312
237
270
60
167
157
20
22
4
38
128
70
244
11
46
100
20
44
67
47
8
72
5
43
45
10
73
130
232
42
23
24
24
562
23
24
7
252
9
25
331
33
31
733
87
320
14
207
25
147
27
242
3207
56
14
381
53
112
16
123
13
110
194
818
1116
290
334
167
123
11
31
68
27
298
65
100
135
46
798
12
33
359
69
32
61
17
56
1130
32
41
10
5
63
44
27
478
83
16
68
56
422
45
626
154
32
71
209
20
76
36
27
86
13
21
4
45
93
401
111
195
13
1317
679
95
232
177
33
77
627
114
1116
50
78
44
25
8
153
20
160
216
127
17
76
223
39
346
165
110
10
2
98
345
6676
102
122
627
2
261
1308
199
42
28
40
119
178
88
19
349
85
77
18
151
259
208
207
211
13
2
110
259
49
77
1036
22
59
15
765
697
5
144
14
2091
87
236
9
187
35
178
19
41
1301
66
487
75
105
145
37
620
35
45
25
21
19
8
10
98
51
27
36
253
378
169
181
79
34
1136
129
35
7
1121
8
45
91
268
13
309
347
306
453
115
1042
289
693
472
5612
70
129
36
30
42
15
301
196
84
83
81
55
14
21
206
60
170
30
231
133
10
94
18
164
107
1171
9
79
119
399
13
174
483
399
35
147
625
80
953
31
54
40
7
51
42
4043
1182
9
25
205
28
20
65
108
182
2298
6
81
19
388
206
323
2390
150
85
142
103
63
41
41
4
64
19
4
86
1819
80
83
19
115
64
150
349
35
102
268
21
54
21
271
48
118
16
99
63
2542
284
559
22
21
99
157
43
27
255
6
6250
41
31
890
122
392
2819
26
249
71
30
43
170
16
124
434
1426
556
63
120
23
274
34
59
22
178
6
353
77
40
3211
71
82
37
153
254
181
288
54
40
435
90
38
390
256
124
116
16
9
13
8
106
38
16
34
40
12
29
172
13
29
441
188
402
79
15
19
133
24
520
66
827
16
343
251
11
252
166
18
153
8
23
46
32
14
133
78
382
50
110
13
175
6
111
41
84
0
41
15
12
34
48
18
56
71
330
237
440
584
89
57
26
116
129
117
110
64
25
49
116
217
62
7
119
40
6
279
30
143
61
34
142
75
17
145
6
190
227
151
117
3035
137
34
9
65
164
17
25
19
588
770
26
162
793
1253
1223
129
34
481
857
128
25
222
6
6
414
127
3424
29
23
638
169
407
183
225
408
313
24
94
64
34
166
289
423
20
30
38
144
14
370
1413
19
3
8
29
14
73
409
127
543
17
133
32
72
68
100
58
159
51
18
168
420
185
148
203
17
27
309
76
522
9
51
58
13
316
12
88
82
8
737
706
447
19
535
108
87
8
1704
351
139
9
2095
279
23
86
188
31
52
10
133
11
17
80
16
50
153
15
34
187
66
175
705
14
84
15
189
1
369
46
37
11
11
14
153
120
8
599
910
154
38
602
11
265
27
33
9
241
404
105
259
139
396
370
27
28
12
71
33
28
484
71
20
158
118
123
28
163
25
12
9641
88
300
134
668
84
6
85
1514
339
33
92
475
632
228
3
674
65
13
24
88
16
18
561
11
89
192
397
19
20
78
32
369
45
160
545
27
347
893
1608
1230
202
206
80
1748
21
36
18
40
19
136
25
90
699
67
130
503
160
71
26
17
15
462
1801
71
9
225
597
16
16
1837
346
141
30
398
36
78
142
53
249
81
36
111
68
964
329
99
340
1246
289
36
90
92
12
42
636
87
26
405
224
5
52
64
12
42
52
395
18
40
74
171
170
380
333
266
97
101
331
3
308
31
16
62
109
12
212
171
244
320
51
6
18
1778
107
89
14
51
69
67
101
244
84
74
158
181
363
6
333
207
29
9
7
81
46
213
52
69
437
15
763
50
13
82
496
35
1064
51
48
150
28
74
626
388
403
1362
19
27
95
225
52
133
343
190
248
18
21
39
478
64
7
84
77
161
65
20
15
18
503
189
60
1312
31
71
16
49
222
24
191
34
29
54
33
234
437
13
135
151
217
28
343
4
112
135
58
38
21
123
20
3
160
248
1016
41
166
5
11
32
1098
88
139
41
384
8
50
8
11
40
78
33
946
64
25
129
88
82
63
522
461
17
11
32
7
69
87
14
25
2
281
41
40
734
35
52
56
273
65
92
408
55
221
805
76
8
275
11
3
14
87
66
62
185
245
104
25
127
63
115
11
18
40
134
27
84
8
48
9
194
382
673
3112
271
1
35
117
923
40
8
201
719
902
1814
43
12
53
2759
12
1393
517
130
88
576
65
78
1
21
57
246
41
65
7
1711
86
565
12
21
28
577
555
24
64
25
336
122
2
12
184
15
13
10
31
19
1619
10
2
11
18
35
440
4
18
74
753
95
6
870
14
107
19
47
128
10
97
441
150
41
13
81
11
33
2
1366
1341
155
13
241
124
766
7
104
12
3
164
281
878
553
165
407
107
83
29
81
2
741
111
7
68
289
41
48
4
35
1137
103
178
58
77
56
4073
314
965
41
38
19
681
491
30
16
47
321
120
13
4
54
399
113
91
66
11
14
145
84
193
50
161
85
107
244
72
44
787
115
33
31
88
16
53
1630
227
219
81
82
398
405
81
109
33
26
19
66
115
4539
2
15
157
56
33
8
41
1014
167
69
153
138
7
57
598
25
26
263
73
650
97
54
452
219
14
26
242
37
33
1236
38
23
22
9
14
27
4
548
24
176
503
261
167
91
384
181
13
1873
3
327
56
29
35
804
531
57
14
83
52
13
19
255
312
45
93
50
213
10
881
1306
3
723
700
32
31
448
14
12
51
9
573
78
1731
25
543
203
593
12
105
131
96
34
463
4
470
178
73
7
70
167
415
2
9
50
70
11
227
280
11
5
22
6
7
166
83
72
42
264
17
38
37
47
299
103
137
24
1311
566
129
20
2109
21
39
625
238
532
333
87
59
166
2608
19
134
2
1018
2515
134
37
65
15
38
1618
175
14669
84
34
32
100
32
55
559
147
89
470
12
149
74
51
71
95
471
16
21
21
362
14
110
975
2005
14
211
20
24
170
43
15
33
152
605
32
408
34
25
12
315
82
16
16
402
39
1422
92
275
27
23
3
6029
430
8
98
115
734
48
115
1487
615
981
94
111
158
338
117
473
1377
106
68
257
42
47
719
9
878
409
89
108
676
149
37
394
21
53
14
32
78
23
15
72
29
38
274
17
8
255
41
81
1029
316
6
4
17
441
18
237
42
764
262
53
32
187
54
28
73
43
3662
139
1152
115
3
111
878
314
60
6
37
58
385
31
27
21
76
264
62
37
584
593
27
440
50
24
527
2
39
118
47
231
29
530
25
195
29
46
70
1110
32
705
5
70
16
7
169
8
440
2
225
421
51
391
27
1252
22
4
28
42
259
18
140
75
57
204
21
45
17
71
211
86
8
20
10
926
11
2738
12
121
358
206
128
52
27
12
776
97
23
494
336
249
25
298
13
1244
9
23
53
13
16
1478
55
10
71
138
246
563
92
548
266
111
8
200
450
36
65
11
49
94
39
128
1627
22
4
72
36
5
8
164
89
404
52
23
45
185
43
135
6
17
230
226
87
240
23
78
288
587
40
53
53
37
177
160
71
169
308
342
50
93
30
534
22
32
19
413
17
39
303
298
330
42
15
295
296
29
29
32
149
32
238
22
732
13
130
95
42
180
30
5
29
320
80
6
36
74
581
211
309
1000
292
2509
397
25
662
365
2
696
522
38
111
100
40
4
57
218
438
17
8
16
129
20
52
76
115
42
33
66
66
136
60
93
310
31
1049
62
45
249
194
24
971
144
89
666
448
39
20
3948
2
148
428
21
24
29
16
45
16
65
4343
45
59
30
16
32
10
437
46
152
396
13
68
8
638
137
471
2
122
1239
18
90
534
746
22
34
292
19
93
75
113
106
6
46
53
1513
43
136
287
74
128
41
23
58
39
20
9
45
275
140
159
173
42
15
46
17
31
13
117
148
8
185
200
48
66
327
24
238
865
1409
15
27
42
14
18
153
23
45
1300
7
112
189
187
13
108
40
313
1712
1713
123
358
28
16
9
50
23
656
20
29
46
37
23
48
851
3160
208
7
58
595
96
366
63
27
621
182
14
29
85
20
56
13
12
199
209
69
68
16
88
36
375
19
29
8
39
274
25
95
209
143
94
19
181
826
120
63
10
45
206
168
31
38
733
265
1505
116
221
163
29
47
159
18
149
122
135
11
50
158
281
23
21
607
304
74
117
30
450
314
614
300
8
203
108
17
44
14
46
206
12
1186
43
276
59
470
1025
52
694
503
788
728
60
33
15
130
33
124
99
40
31
11
2414
1210
21
23
387
1121
150
27
12
137
36
33
237
61
55
182
414
3
483
7
12
85
72
28
291
162
513
154
537
115
1795
88
22
378
48
20
105
45
28
42
22
44
140
10
130
29
48
88
185
57
55
250
6
132
28
21
108
44
798
154
36
618
14
336
83
27
1216
33
63
60
267
55
559
33
243
2
325
904
246
26
1667
469
4
15
147
498
108
269
34
264
54
3
69
107
79
500
13
1007
54
18
671
394
144
420
396
39
11
19
25
474
51
74
48
121
28
115
38
461
1058
2
1482
125
56
35
257
169
10
45
55
77
69
152
18
1465
29
25
46
110
40
98
114
12
72
140
16
71
73
86
11620
19
5
144
240
109
28
226
51
330
59
161
474
688
23
210
186
187
59
468
127
85
33
1038
16
195
499
339
121
587
45
15
98
425
99
5
218
203
7
69
239
216
61
24
24
78
19
48
81
77
17
10
1540
327
239
72
25
58
100
11
17
15
258
33
387
292
40
37
42
3293
189
41
6
7
55
116
121
28
26
34
75
77
159
5
144
43
74
93
110
466
32
466
90
17
39
10
56
52
6
84
8
59
56
60
72
46
122
123
906
108
31
78
6
18
25
22
70
84
4
34
281
176
3
283
22
156
68
30
30
325
1818
89
25
25
22
15
95
93
14
9
243
58
13
6
26
1542
719
15
60
2080
97
445
305
85
86
122
641
169
110
381
114
327
43
3211
862
10
4
59
105
371
10
53
439
15
19
20
354
8
33
112
7
1
136
5
1811
20
1007
17
16
127
171
220
2874
10
445
223
11
7
156
71
1564
1216
29
438
154
38
931
23
25
1107
124
96
17
177
141
54
338
1366
19
237
56
1021
256
138
41
484
34
127
316
450
164
956
460
1233
32
38
756
44
8
158
28
151
33
70
454
1190
188
107
2669
20
49
231
47
61
92
87
29
26
37
14
99
26
159
514
18
14
60
482
74
34
742
41
436
9
1044
60
1240
406
52
334
71
221
362
30
14
117
191
41
81
31
240
150
115
207
31
591
377
31
39
123
404
231
29
3
27
9
198
444
171
23
20
4
644
577
117
327
1477
28
5
66
10
267
100
531
440
52
201
1777
571
354
101
106
119
150
166
22
138
39
414
107
193
318
50
115
20
35
23
12
29
23
103
31
19
16
216
164
49
126
143
23
28
169
18
41
575
12
14
236
80
4
54
34
62
121
55
31
27
98
128
279
54
10
24
23
57
10600
14
1025
68
198
37
56
510
22
190
25
61
19
60
84
83
121
19
42
13
3
34
7
68
11
60
46
19
995
32
118
164
212
9
62
262
101
161
238
9
311
7
2
1695
694
7
142
850
98
441
69
27
170
372
277
345
265
47
207
156
1876
112
9
43
20
71
662
103
9
74
13
609
93
122
516
98
91
1356
107
66
47
183
23
599
5
263
256
13
25
65
921
11
2273
70
55
23
64
597
67
13
18
196
266
8
9
456
115
4027
352
81
155
380
22
87
74
23
636
43
22
31
41
41
2
96
48
151
60
46
265
43
491
156
8
12
153
929
4
34
20
191
54
138
183
25
169
9
125
710
53
31
5
1
28
18
879
406
226
30
133
13
43
249
299
5
1
61
757
27
47
44
238
15
59
106
554
124
74
38
44
58
250
462
14
145
7
3
654
53
39
1862
22
72
154
191
40
92
115
2268
19
51
133
3357
1752
14
39
335
7882
9
298
1962
20
12
444
53
204
50
62
61
42
11
13
19
35
680
631
742
82
149
279
179
8378
11
653
213
31
619
16
739
15
36
70
369
70
93
44
143
107
19
47
20
20
52
472
17
58
19
152
1794
141
59
26
15
5
146
52
748
106
449
166
228
879
92
31
70
495
1141
609
57
78
140
8
132
30
9
2345
15
40
14
117
26
81
11
84
45
29
18
392
3
9
146
62
7
64
217
150
31
13
99
233
12
10
45
31
14
22
18
97
16
92
24
174
179
37
1291
5659
405
9
536
378
308
11
20
8
30
19
9
11
22
127
27
1727
9
642
12
370
193
1984
156
65
21999
46
33
13
2242
137
140
22
141
105
1168
83
770
33
6002
44
136
50
10
62
1885
16
29
372
6
223
43
106
19
615
61
80
92
40
48
533
272
4049
171
6
26
23
55
90
233
4
182
531
20
588
191
13
19
19
355
24
21
7
24
13
526
198
22
50
303
124
26
145
549
459
167
513
227
1067
65
21
21
1624
313
11
175
13
10
288
976
270
88
19
22
57
26
90
73
276
201
421
134
1670
138
190
36
69
14
120
168
70
28
98
211
8
534
26
11
261
58
118
72
39
24
551
11
144
81
244
552
201
443
16
9
1099
2542
18
43
8
177
46
219
13
50
21
996
12
18
12
15
72
806
12
8
171
73
1050
49
209
124
948
9
31
155
14
261
150
17
432
8
357
93
63
59
169
6
0
30
67
156
116
26
149
95
63
38
25
13
56
13
1006
54
306
55
574
122
100
309
267
12
1071
9267
270
1154
527
178
30
34
100
33
64
172
9
706
694
14
145
436
132
96
23
1612
616
125
25
631
183
39
8
194
45
271
431
280
74
406
123
8
87
48
94
36
36
108
118
37
866
372
57
19
596
135
5
1785
101
3257
46
9
300
2644
42
3
17
7
26
101
53
77
75
181
7
23
204
6
2
89
309
33
17
72
56
5
59
1411
332
37
59
58
104
1644
199
37
555
96
180
74
122
559
44
56
45
84
55
31
394
33
132
117
22
121
77
20
36
286
426
58
83
582
806
692
16
178
3
16
213
48
168
1929
90
164
16
29
63
1027
372
84
166
522
97
1044
56
57
10
19
63
8
4
35
156
366
91
17
5
8106
60
48
26
112
152
13
43
52
111
71
322
16
77
14
543
175
133
1366
48
95
2
97
89
112
68
25
137
1582
20
447
14
97
400
544
52
80
324
425
1657
5
2721
17
17
467
34
54
41
106
93
28
18
320
778
8
502
7
12
2
637
74
57
12
57
28
36
1653
6
63
74
30
125
27
382
135
76
336
49
2472
173
10
12
11
173
288
114
51
212
56
210
52
436
44
226
13
14
29
6
28
372
1284
66
21
3
11
3
856
125
32
12
35
302
228
7
67
54
73
119
38
586
38
47
233
48
58
39
243
52
152
17
3
237
68
2112
210
59
22
133
226
34
12
4
677
35
154
175
13
37
190
29
42
296
1553
642
48
94
475
135
16
49
453
32
144
26
167
98
21
135
151
1213
39
30
68
24
10
124
20
105
16
47
110
14
218
1168
54
82
1293
307
106
12
149
67
79
124
34
44
20
137
527
47
227
17
427
51
1100
559
258
31
19
1
4
27
139
284
16
81
44
20
42
1143
89
647
402
276
83
56
399
107
49
41
28
9
23
72
60
32
48
168
146
231
329
735
396
13
799
39
12
5
130
308
236
63
1009
232
22
62
2
34
19
40
14
27
52
78
224
4
356
96
9
56
140
201
64
75
438
38
25
48
52
12
21
65
15
4876
52
95
36
3
44
29
428
58
24
45
221
118
308
487
10
176
1195
64
24
69
11
1310
35
147
2462
904
474
119
91
43
21
714
11
40
373
22
59
87
49
121
1
182
213
143
111
73
32
56
176
14
224
58
107
1894
127
15
6
46
111
3
22
7
5
60
202
140
15
156
125
17
206
25
110
18
39
385
19
361
26
92
39
136
32
505
31
501
60
120
17
117
181
101
81
48
433
222
3
165
11
73
377
433
492
1055
383
42
20
2587
106
112
9
71
143
20
35
59
66
66
434
31
31
138
26
45
22
15
106
366
24
104
81
0
74
2782
26
789
568
51
26
36
38
667
47
130
180
24
47
340
9
38
189
16
29
458
33
297
71
867
82
3
172
40
319
70
36
68
42
46
260
62
30
104
788
9
141
7
67
70
39
92
62
254
68
0
100
25
45
24
7
1345
428
19
63
9
97
344
121
71
129
12
499
317
125
31
118
70
91
82
24
8
356
4
57
21
121
2
87
37
689
65
11
34
18
32
647
174
25
