426
234
164
294
701
304
310
661
191
101
1047
1454
676
573
242
669
840
1591
1012
260
407
118
278
235
814
135
366
250
636
186
743
355
833
746
534
166
315
546
181
213
338
781
1030
504
148
900
1739
279
221
692
166
396
454
119
262
772
372
318
309
581
354
297
661
386
212
487
445
361
1043
820
211
698
339
799
189
167
636
145
166
218
172
693
222
324
309
868
396
236
1215
377
457
486
303
284
163
544
277
471
181
571
107
256
159
334
183
195
168
291
468
488
156
747
488
193
331
399
664
217
533
278
772
173
495
344
262
603
211
282
1255
604
474
662
624
773
361
176
467
415
241
1063
355
350
242
388
162
426
320
908
553
528
145
374
399
169
625
326
387
537
303
954
356
145
1030
1210
315
599
274
468
550
177
224
125
174
599
197
213
135
160
275
604
375
380
904
344
584
320
742
184
201
295
330
819
384
205
719
417
268
426
329
656
736
318
784
679
717
377
83
423
658
854
322
178
1250
582
480
748
1104
615
115
983
323
726
218
434
395
911
332
504
426
335
165
944
426
209
330
549
914
910
210
310
190
440
1109
347
733
111
153
148
185
146
110
268
238
366
236
376
638
136
800
2460
223
259
269
753
208
352
359
237
500
281
690
213
371
1209
660
925
230
225
166
261
194
406
198
193
841
302
709
300
260
135
209
267
316
141
326
337
392
611
345
405
185
185
152
237
479
197
507
238
167
144
180
233
91
235
99
251
314
685
441
238
238
429
703
194
2114
136
835
403
1183
1320
725
941
138
403
777
784
1001
299
124
258
588
223
372
887
147
461
825
897
347
204
175
88
320
839
693
235
219
925
231
651
397
532
162
516
349
706
759
175
256
188
311
1992
213
318
925
459
443
460
178
481
108
258
260
194
717
451
131
714
294
257
356
535
174
214
240
408
200
747
467
575
497
651
579
259
263
210
287
727
296
403
228
476
309
265
867
199
228
1919
430
551
210
460
278
649
515
646
116
334
599
380
498
277
406
153
344
332
443
133
226
393
243
227
392
354
940
241
242
134
207
665
428
529
443
404
547
328
440
1511
432
449
709
559
600
280
281
260
363
208
1341
1087
985
199
366
481
277
257
463
481
185
513
327
263
243
391
235
453
484
510
892
596
250
255
1421
3610
226
347
219
163
321
439
173
209
632
173
411
218
444
281
241
160
425
128
754
217
107
327
473
653
482
478
799
241
216
718
318
1138
1025
250
239
406
905
542
528
174
307
159
222
236
148
2836
504
457
332
429
341
203
293
991
282
271
158
203
2156
193
1150
795
214
274
333
237
1983
211
203
232
160
609
493
549
120
809
298
563
265
142
1736
481
946
181
255
161
586
187
302
136
278
121
910
754
158
287
251
233
952
313
428
455
553
1160
370
255
547
1440
1126
516
827
298
332
1086
800
210
1298
159
197
537
337
227
176
373
314
360
157
299
532
228
120
459
234
591
409
1172
373
218
425
499
739
280
455
691
444
484
268
332
901
305
494
188
1448
838
372
662
183
275
1045
391
656
736
581
182
290
805
370
167
318
241
908
285
858
334
1192
1154
272
129
320
333
140
1253
316
970
185
554
306
263
485
1050
238
213
365
498
238
683
1042
631
381
345
613
842
482
676
638
787
545
295
308
191
349
257
233
172
584
280
251
137
567
588
181
422
212
263
494
1589
1162
288
316
792
446
1443
441
113
189
98
224
544
140
608
660
614
414
128
593
96
331
288
297
245
669
145
244
688
676
597
476
808
737
217
768
320
470
706
439
420
310
430
358
216
1767
243
365
314
492
491
250
294
115
475
246
173
526
395
1059
566
435
557
461
304
372
235
277
374
536
623
359
495
342
307
109
188
204
281
473
502
479
198
516
174
223
515
189
740
594
1092
562
583
442
214
2302
211
391
442
389
152
1681
1165
2009
843
311
963
245
714
300
1683
212
314
184
459
353
1486
307
311
327
887
496
160
449
204
700
467
273
425
184
510
327
266
184
312
759
1616
358
189
298
993
510
375
220
233
4477
876
737
594
324
413
242
506
220
579
626
362
556
280
369
759
211
518
668
719
522
277
390
235
254
215
397
613
1215
429
537
264
259
160
407
1272
481
604
751
259
2710
376
149
232
243
294
230
260
923
341
1107
3966
192
1218
321
376
203
801
3946
141
389
331
553
350
399
1031
956
219
670
179
668
295
640
461
819
119
361
475
258
1062
231
248
381
326
244
132
382
1205
737
468
125
577
386
228
874
841
432
1323
242
194
348
912
287
201
575
214
736
3462
1773
808
240
252
290
162
160
2365
310
198
201
288
106
492
192
295
749
474
213
249
950
488
233
438
226
722
2162
894
722
948
156
476
654
214
300
198
128
661
596
1094
508
259
601
364
953
399
131
145
255
279
290
241
439
394
218
252
353
338
848
165
213
314
456
247
492
1012
803
686
1277
176
401
171
1449
181
355
508
436
457
306
443
240
582
320
520
201
389
1262
252
395
120
362
249
101
263
692
826
239
102
377
695
532
197
783
234
466
181
983
293
151
333
583
302
525
356
398
273
159
362
523
333
216
254
283
514
260
1378
185
1468
809
625
307
700
285
338
1162
300
1029
458
262
180
248
566
538
241
1439
388
938
732
160
308
422
288
728
291
425
453
596
483
942
221
329
345
1257
363
4060
795
128
448
967
416
361
221
514
737
198
381
595
386
186
631
262
348
704
448
303
220
223
360
618
563
234
236
308
239
244
362
405
240
886
483
302
249
379
173
227
1332
167
267
243
458
488
329
341
209
339
250
572
137
1906
315
263
875
718
344
407
477
197
833
486
259
163
176
894
359
1438
934
303
216
237
377
486
569
173
233
250
671
503
540
224
541
156
293
249
300
259
522
423
749
237
186
597
726
230
227
713
181
674
249
123
263
395
905
465
664
246
307
452
593
177
168
163
749
448
388
477
770
440
552
628
117
192
570
341
316
465
493
429
731
192
932
890
210
173
578
338
297
489
650
399
956
625
646
1412
761
294
393
222
135
1151
599
346
2825
221
652
361
1037
120
1872
672
528
151
179
287
256
141
1237
858
569
518
598
634
498
811
541
331
223
423
841
486
137
222
265
427
608
139
249
101
280
119
1003
651
480
605
283
349
703
325
328
566
227
350
265
632
247
340
289
165
428
441
368
205
430
344
730
410
166
401
322
178
355
317
661
654
597
655
504
391
536
244
505
641
667
191
1943
388
542
195
391
476
322
465
472
379
386
281
142
136
745
196
125
2691
431
483
180
170
694
1291
316
1196
978
600
233
883
618
653
212
165
111
489
793
749
310
358
508
414
183
774
635
338
349
441
229
630
110
224
929
465
1078
558
290
246
282
516
447
1214
391
688
1579
363
422
257
405
525
380
1309
171
468
654
618
279
2332
311
366
570
218
220
297
194
363
249
275
330
375
271
195
440
260
813
343
636
223
226
292
294
811
389
621
199
233
212
178
351
306
211
252
537
652
542
296
424
146
339
356
1731
466
869
173
795
215
372
241
947
397
282
205
612
208
750
204
1286
258
791
426
162
533
239
265
5064
251
233
934
79
2115
702
268
280
753
154
607
334
176
297
454
197
133
1805
161
338
971
578
205
557
319
559
516
255
413
1297
161
390
630
175
3245
144
687
751
897
429
202
128
1133
553
670
376
329
396
657
123
237
227
294
360
566
226
245
287
269
597
508
210
311
313
862
272
200
2295
188
276
360
725
809
398
515
209
1220
785
485
253
217
1307
482
701
281
733
202
232
189
681
308
449
122
333
914
427
1080
625
479
222
302
908
394
380
326
281
188
523
337
727
689
684
516
1027
821
622
493
336
397
717
321
103
167
305
1807
233
359
907
349
153
446
485
695
217
474
327
732
390
427
461
361
860
200
618
772
270
335
458
435
737
626
429
212
274
383
272
437
491
394
260
213
2025
251
201
367
443
312
362
147
405
2489
581
148
404
677
435
371
488
318
356
229
238
608
338
857
334
349
445
258
579
240
472
186
537
234
813
266
298
612
365
481
399
293
217
347
156
405
548
590
548
552
1161
519
881
668
666
636
106
598
379
379
428
515
290
140
1105
121
583
439
524
198
199
1039
396
488
527
605
214
220
310
2777
740
429
352
445
195
168
829
397
133
534
623
313
489
119
274
1062
195
254
1069
459
253
316
371
140
242
765
463
704
317
145
119
553
390
216
228
171
487
304
276
515
234
286
315
445
595
357
320
170
286
303
558
145
188
376
1528
301
1083
722
177
389
293
327
636
425
239
99
230
133
832
388
167
251
215
668
134
446
488
115
3559
248
431
308
153
402
1496
537
556
215
291
660
193
303
98
635
263
184
317
483
882
340
213
367
592
194
567
541
372
945
759
132
177
242
200
340
200
439
258
719
376
1128
1238
290
480
192
280
193
566
278
553
190
587
355
166
995
639
237
176
1074
607
294
163
311
765
530
732
122
303
1202
278
749
568
331
728
240
224
491
257
364
258
872
213
616
352
406
294
708
274
406
168
309
356
1094
345
192
648
171
358
158
282
361
524
426
564
514
213
527
298
137
375
193
339
403
558
965
364
943
493
374
661
961
736
425
219
197
349
205
3279
384
1016
626
121
189
349
308
560
240
398
486
303
852
361
260
276
467
276
301
708
1951
524
250
722
698
462
511
399
572
406
306
885
2027
413
445
182
124
404
194
1032
755
177
408
448
290
560
389
259
452
282
576
612
4755
359
516
723
280
481
325
322
271
219
428
182
458
731
195
166
258
619
169
400
209
620
370
147
447
481
929
220
210
256
288
727
255
182
464
215
350
312
173
467
465
736
480
371
179
406
393
310
356
295
417
263
544
576
415
653
174
230
438
122
329
621
283
225
142
270
521
871
180
254
512
199
190
413
826
338
443
251
162
344
858
843
538
495
370
811
1711
549
582
4578
174
294
991
534
897
268
195
276
569
708
701
449
307
1000
658
822
1171
823
881
346
370
743
425
556
845
263
150
342
200
580
102
252
167
642
411
259
375
1131
391
319
282
214
98
253
281
237
851
702
480
669
86
924
314
720
568
182
272
684
352
205
272
99
195
354
411
688
417
134
480
271
2456
252
544
937
196
237
1916
348
250
703
253
425
400
287
822
245
434
689
199
588
178
420
423
928
1373
881
3623
469
154
710
314
439
335
1527
538
284
327
228
1106
373
138
285
482
457
228
1137
671
576
356
299
315
424
290
480
1044
196
238
238
233
240
448
106
496
189
275
375
175
631
316
241
686
637
119
202
138
534
303
211
552
663
466
380
404
247
597
171
124
224
466
1653
638
186
373
909
331
472
551
395
421
405
438
1324
513
1174
449
258
222
247
495
505
1054
984
674
191
605
1422
169
1071
224
225
385
659
307
264
146
137
607
685
455
240
439
208
435
820
355
870
143
177
409
197
399
1128
251
649
511
369
273
227
408
151
1443
490
890
888
174
571
355
206
219
255
565
486
441
163
298
180
2713
347
164
194
681
477
298
1013
264
261
197
171
706
970
163
2801
494
244
817
475
841
550
378
255
809
250
216
234
299
302
912
504
1248
434
413
267
284
977
472
461
356
426
714
410
176
283
870
187
199
489
182
202
481
570
1163
406
147
148
857
906
202
781
318
824
437
437
149
601
205
969
524
487
245
486
477
771
656
285
166
595
846
719
3638
640
644
190
470
331
471
411
1828
871
395
308
318
166
303
64
515
504
309
362
604
193
364
459
343
181
397
552
720
588
440
1059
792
330
388
311
669
358
312
220
218
1459
231
125
195
515
426
451
145
390
166
857
821
486
135
486
366
339
503
205
779
270
292
978
368
152
341
230
248
340
265
406
827
1119
273
506
218
514
401
380
675
1248
338
683
473
328
144
462
558
340
162
179
1522
266
177
346
375
579
162
369
1050
314
630
507
203
225
212
335
258
1050
1773
426
442
292
245
602
323
246
724
273
341
934
281
516
813
1014
341
273
394
284
237
103
255
319
353
338
748
951
349
702
538
440
377
181
1573
397
2066
122
308
251
248
318
828
1171
727
431
522
724
222
235
258
160
280
284
182
92
734
173
138
128
4023
732
505
578
343
552
315
715
457
302
668
438
284
215
269
308
548
229
381
635
604
419
229
205
118
328
557
183
541
230
391
718
587
248
1146
763
353
301
497
555
423
531
284
477
200
428
500
253
765
516
359
538
201
332
483
371
266
583
191
705
158
233
333
199
352
216
276
284
460
184
516
534
458
328
165
229
466
1481
1220
377
224
528
303
280
560
396
359
402
200
290
387
147
136
318
323
296
582
252
289
452
436
814
296
154
239
184
554
722
849
1683
558
351
251
679
232
766
1206
224
129
273
193
238
165
271
2228
369
706
213
208
315
407
318
266
278
314
390
368
127
188
314
1379
327
246
1399
839
291
765
347
277
596
536
430
261
503
639
736
687
625
378
1075
645
275
2562
365
515
4264
321
386
296
215
492
530
416
1074
1462
368
149
100
303
98
219
693
572
274
240
183
552
762
332
841
812
175
439
280
381
825
336
2111
833
244
408
467
1051
684
122
275
228
273
758
1121
284
224
763
155
675
893
583
624
293
457
419
340
570
339
642
174
221
184
392
124
486
192
330
138
1033
475
401
549
285
452
262
280
236
1350
351
904
251
55
611
605
637
491
232
229
797
518
339
260
480
426
302
225
709
471
202
136
227
514
461
742
356
448
894
174
168
218
1166
569
254
615
419
318
138
301
377
368
303
397
599
709
433
275
125
410
304
360
262
115
221
623
1044
308
716
840
626
477
180
222
392
613
899
277
688
603
318
308
224
239
741
351
247
716
164
386
927
677
245
417
81
140
557
307
1994
259
192
312
658
537
640
534
367
576
382
410
174
788
360
1110
448
372
413
174
132
181
1472
389
1904
405
269
353
238
704
240
162
260
262
554
3770
306
486
212
251
626
1106
554
109
565
190
603
644
557
217
210
327
632
351
141
449
239
599
995
936
258
373
151
551
88
363
326
503
859
394
604
338
217
474
164
451
326
138
339
1519
1089
459
305
247
194
344
512
332
256
304
332
562
276
881
272
561
248
218
371
105
957
495
366
725
250
237
90
240
252
300
785
280
505
493
264
352
447
619
1031
258
401
97
295
153
541
537
236
331
928
302
426
808
436
347
602
668
926
293
303
414
282
131
315
846
121
514
114
722
299
175
355
325
984
1489
621
185
800
285
227
211
641
107
271
328
149
337
2049
722
465
342
223
695
95
157
165
254
282
166
245
182
1749
155
595
534
231
169
261
1055
1096
322
698
226
220
317
530
616
511
712
468
502
292
134
335
250
312
466
304
535
177
493
138
278
552
436
265
749
287
346
669
820
287
182
462
621
579
529
794
685
424
527
1198
389
242
120
459
235
846
190
880
561
335
321
137
579
265
641
337
574
331
252
277
497
392
265
193
598
337
474
369
765
618
931
629
244
358
500
727
1259
230
416
822
594
209
283
1224
1037
239
381
1077
575
326
298
915
505
246
168
753
436
286
549
575
298
808
1200
281
293
313
443
248
752
366
457
314
1108
269
259
107
401
611
829
452
441
276
170
163
895
1368
517
275
164
938
244
603
1063
601
313
185
679
345
215
264
271
237
313
535
352
190
483
360
562
3159
122
472
788
213
243
175
504
370
334
1173
573
457
345
341
949
107
267
850
229
494
825
228
518
257
334
462
1187
202
477
164
1372
140
331
142
894
243
326
1125
308
1843
588
213
682
178
863
149
178
4149
282
590
235
413
213
179
748
348
687
364
459
237
364
542
498
327
385
385
649
790
495
219
543
493
511
766
227
191
495
227
529
386
434
250
384
269
398
306
450
228
558
358
1514
694
789
262
748
188
384
327
715
464
120
347
618
254
447
208
365
113
824
213
188
544
933
152
797
246
119
208
672
1127
333
1259
454
1295
1165
127
604
581
1488
225
425
544
438
385
446
244
805
183
553
249
1584
173
169
378
202
855
260
280
217
429
1296
261
568
1154
798
258
203
2450
234
982
473
421
288
488
494
448
738
419
453
576
403
543
462
262
761
536
475
362
318
423
681
371
904
192
163
3130
1240
176
489
170
342
267
242
2618
112
186
287
157
1261
172
365
309
225
156
538
853
762
209
212
334
410
106
213
198
521
672
230
637
585
272
153
376
558
470
372
647
319
836
850
362
545
742
241
581
327
551
558
311
318
180
224
278
830
711
377
1256
819
820
580
285
459
196
3768
163
894
126
253
133
334
381
366
349
309
188
684
206
486
420
702
2168
188
375
740
161
219
355
191
194
1486
526
251
539
404
717
276
118
253
190
140
312
1278
254
690
816
529
219
960
277
945
416
773
376
569
777
198
1089
485
320
242
539
798
395
341
261
167
326
470
237
659
1250
216
221
171
220
985
336
1187
359
587
248
479
123
291
381
708
297
900
757
326
210
1044
217
162
1011
363
719
212
340
116
903
691
555
853
327
332
184
306
364
583
370
1628
1035
690
708
265
837
1160
292
302
445
600
220
561
264
966
225
502
235
1641
253
417
370
761
576
390
272
267
352
440
203
269
312
324
627
474
231
645
366
927
573
812
787
379
1069
358
169
541
280
323
545
183
284
431
527
236
317
425
517
922
109
226
329
846
304
1099
99
453
164
126
426
1215
233
256
215
686
376
537
400
471
420
208
2124
779
417
277
419
463
193
617
213
578
167
130
143
1007
169
477
170
258
613
167
158
788
406
234
274
299
216
369
202
86
578
448
288
338
424
525
350
501
205
479
770
288
613
694
246
352
427
379
202
457
396
258
164
589
659
337
550
153
326
167
320
425
645
538
295
370
304
857
387
849
174
244
514
394
332
220
141
134
1709
310
390
417
361
325
254
551
313
468
687
154
421
327
586
875
481
525
217
408
1257
811
170
200
214
1850
267
623
345
111
230
394
341
904
247
1025
338
638
91
552
1066
255
730
412
621
1179
3028
1065
140
149
203
252
447
166
121
790
158
217
211
1519
221
402
151
598
270
374
537
359
78
333
305
249
657
203
347
242
245
1546
176
981
199
410
505
488
588
228
454
157
180
817
542
249
865
142
151
604
736
208
543
346
1777
302
395
1162
225
283
376
306
515
256
146
556
579
1079
515
263
607
262
859
373
123
332
538
307
167
309
259
940
264
235
181
340
521
379
461
627
298
1164
137
730
1712
5008
262
298
273
287
679
334
806
567
271
755
268
372
632
646
769
816
327
254
246
598
579
217
209
284
1556
236
536
333
544
705
605
936
286
611
243
293
688
286
209
333
456
434
185
384
422
213
176
137
171
420
136
790
388
195
231
119
328
195
337
319
968
318
297
125
510
1125
348
240
354
660
302
370
247
355
123
252
546
546
522
592
208
1076
271
569
264
537
265
324
102
870
546
257
202
443
180
339
204
290
195
615
434
346
274
286
366
556
584
469
421
2447
378
376
323
859
474
208
225
207
237
176
180
573
105
514
791
463
342
237
115
509
613
790
426
611
409
202
280
746
117
342
931
299
418
365
294
183
692
252
317
550
479
183
180
292
219
962
331
205
750
654
1525
681
433
1286
