2648
5218
12733
1689
7156
3031
4374
18617
4262
23959
3897
14592
12115
16711
5463
70949
5343
11834
185089
1786
2075
5127
16065
10283
119984
258773
9824
6905
7471
5327
4197
574
66863
1445
2234
57843
5895
66983
1695
4142
7569
7394
15652
87209
82743
6894
11328
19628
18088
3240
436616
9144
5295
16378
7579
373
551312
3209
8031
9890
113563
779
5855
9643
1981
11386
3405
18619
2538
9045
3977
6321
21865
54258
9033
10888
111793
9664
58684
1320
3099
10661
49711
31253
12951
87491
25928
13178
7204
5567
3221
4327
1428589
16988
19162
227650
2896
22683
2226
221610
185266
32961
1933
3624
105210
2120
9937
87002
11176
210384
19848
70570
21023
318
6392
1692
1200
3469
4128
246
1570029
14878
66615
13391
20150
102044
6688
20051
1795
17532
275431
519
3424
3493
9527
148007
1629
8379
12753
181863
5812
6699
1582
735852
16224
2736
31506
15586
4735
835
4418
3877
51393
14199
2715
30169
821
16497
40394
90042
5513
22465
1216
21949
12590
13965
6805
584440
4582
23112
292
1650
190172
1387
3425
879
186
6536
5059
18969
10205
310871
3177
603768
48775
6412
3562
33314
6630
85814
1918512
43213
68081
3929
6657
25649
1229
3199
2030
2568
10411
29262
532
6802
100840
52168
94905
2207
1637
5772
36306
714
1782
15976
37904
9758
65119
376871
5106
5042
14560
41833
142979
10159
3997
4697
1982
1369
4244
11663
9929
2779
9699
1603
13071
6244
3316
31186
5011
8255
16289
71371
14798
1212533
11612
30157
3165
3013
3454
8167
5667
78440
72456
3137
4602
67412
21519
60
25077
91827
29970
7377
3816
15173
4420
15433
1978
24245
10974
8246
3775
20223
10716
63059
11411
1593758
10904
25919
18973
2508
7281
13117
3251
768
5237
581
31310
2694
71608
28703
4811
47683
22227
3815
12674
84219
2115
17620
217313
453970
945
36083
11056
5625
19391
1833
3163
10675
42404
33531
26485
6525
44870
5579
7091
222741
899
4605
6446
328468
14388
16254
2995
7937
45206
4549
12786
173398
3873
71107
30768
18350
663059
30943
3744
19130
1187
268
3591
6034
47290
17294
2248
100573
7059
5997
75633
5309
166044
540118
8397
164873
11453
78347
4151
5714
1629
8699
24111
2871
16284
37579
3200
21292
15921
2612
20358
3396
1097
1314
14678
2703
19688
14422
39358
3493
35555
17498
7182
1806
13055
4252
8130
4442
3671
676
4083
33257
1610
5931
17390
116822
152088
2100
2410
6055
2750
28466
402874
2775
24656
10823
2447
21454
7780
29979
6654938
22696
1178280
41773
18666
4128
3080
74329
4701
14611
5982
93176
6667
73181
1129
65741
52818
27246
3097
29988
213833
3765
133642
23837
11901
34501
9140
6505
8458
2391
18693
2034015
22021
3232
98309
7027
1834
42969
3736
52409
5996
2535
1809
4035
11277
32359
32132
2582
12929
23319
8524
4963
4366
82729
6586
21836
4385
7044
14588
2791
4751
8683
4499
7723
4523
9637
4145
23194
3355
10006
2972
1952
9462
9139
7548
6506
5604
7534
21850
2755
2217
18952
24472
20112
16460
18968
5856
15155
16219
8649
7940
155343
5242
3727
9366
350990
5782
64821
15570
3214
2493
5278
12914
1896
137980
59800
1516
58605
11179
8857
367640
8566
2574
13844
1534
1979
4172
1603
6400
40764
4552
1725
768
973
456201
25123
65187
9674
633850
14554
6816
1797
14854
2128
66702
21161
17792
25548
4914
15205
2047
4890
11240
8595
35718
16522
9606
191414
23123
28643
15587
7383
1381
20318
17030
3372
5099
29868
6600
13925
67900
22738
20250
41255
48
6216
22821
18038
40721
6348
420
23391
126712
1769
51090
4182
3624
4675
187835
1474
17240
15037
65621
87994
46352
9484
12573
1129
91290
4457
7041
24871
20353
13850
5331
409
14304
2500
2077
8939
4438
49170
5132
6168
73442
10096
29226
19958
18065
5706
17465
2852
18141
2813
48495
1847
87848
4338
11280
16008
27689
5465
2011
20586
7468
15111
1590
2420
4770
73495
8506
1731
829
39287
6444
3356
39005
5380
283
10482
304138
37418
2513
3905
14174
14421
4550
25875
21907
2750
275367
50568
369478
3029
8122
2192
2491
13558
10342
1009
25513
1783
28734
21584
7245
1980
63050
8982
16492
15975
7162
7020
5303
124247
20745
9547
15801
53341
2644
18900
35409
7635
2912
1895
6951
11380
120705
27657
441
1603
267261
105847
1784042
3773
6413
4928
396
1752
29133
15911
7568
11946
495784
6962
65800
18886
12979
32817
24819
3922
213396
13291
35886
7232
3483
38121
1889
5524
3426
4711
8611
1845
6058
2425
2745
65951
34612
82574
997
6819
10503
6339
5234
15307
3238
8686
5627
9106
3075
3650
229797
5085
6942
209577
1379
5426
1171
8105
4141
82951
392786
10456
5269
4451
863
38384
40225
4954
11271
2301
54326
1047
10258
7500
6900
233055
2762
52973
95092
3082
23152
9115
175132
518
77855
7456
3361
40494
11999
7901
5164
8908
940
1498642
21509
73855
71071
3103
11689
2264
589051
17233
6592
3221
4089
5237
16017
6016
676
335545
6443
2265
6099
237
262142
2372
13205
8419
1560
57878
5734
6926
70113
4248
12320
6803
3245
33672
8115
1081
7684
1659
40
10328
1525
5959
97691
19338
2868
66335
4355
2350
10010
10933
8880
6084
2963
1387
27888
38582
140528
43967
5987
284811
2147
15829
4402
37989
2970
23862
6891
43786
3510
9590
14588
8893
4635
48163
23587
4871
3012
4671
235986
79149
13728
310
5024
5528
11544
27432
6575
3963
12722
18439
92578
29580
7732
53130
33261
10748
1603
13238
16487
8210
6367
86175
924
208771
17807
56488
1731409
2032
161738
270898
5323
155369
39600
4186
1448
7737
2856
22110
122540
9119
5077
812
12780
1434
43189
87364
8040
23824
55446
24284
143187
779
11764
13274
13686
54167
2471
118932
11201
49339
399509
21298
48494
6118
110528
83413
490208
25727
5663
2878
4694
2874
7167
165716
23162
28488
32045
11491
381502
14256
5044
164104
7649
422167
2700
54774
2810
16776
9929
690
69306
1685
6920
10341
5810
4424
1608
17732
24101
52214
42588
301213
31577
4077
10759
3634
512290
6826
59675
5503
9817
7139
1653
2544
55595
17140
270584
5216
12002
18264
3773
25407
10166
5129
2019
56150
7865
5409
2204
6896
52685
10987
56173
3816
12274
8793
20290
10917
29831
61867
8359
24703
10952
15792
58716
5849
8496
100902
4200
3357
1302
3911
9567
1585
21612
12002
20126
4252
1653
619
7393
21527
14926
4543
17329
2843
12410
49120
19895
17362
11960
19407
3560
2193
2964461
9040
7591
9448
1820
1988
3975
38330
1351
32390
27014
3016
89843
16140
89481
4386
5278
1354
4429
1778
4400
45889
23673
24419
18042
2160
3631
4987
39179
41004
18535
1719
205374
32464
3722
8411
50519
5136
46771
1784
64465
7687
36053
15645
1512
7942
21336
6903
5699
12915
6277
39996
72583
31456
23847
227
10595
34868
87668
15558
2696
15001
18444
2525
10768
5213
1735
30394
101261
75338
16661
7123
13179
42210
7419
34601
3999
2641
10298
35469
115542
4613
2333
48446
1452
4716
18306
42918
62851
6837
19838
5058
6215
3774
513
12615
7651
15351
2537
7869
5762
18662
903
57443
7069
31736
97082
6479
17843
5486
12368
138107
2852
899
1431
12649
53941
1676
8051
4929
40049
5407
1439
192
76002
16120
38488
1366
11750
5974
17858
6044
9569
257545
1418
36904
16277
3950
186454
1884
6402
4018
70421
4945
3197
7187
10809
912
10220
2105
13543
3619
27521
896
4736
13872
6724
4959
11293
3763
38117
22862
149455
4023
11193
14620
24933
3016
1281
4103
28158
44225
73704
1463
5307
67602
1868
28727
10947
572
15113
77291
7030
34740
3701
19709
3392
9001
4958
374161
188837
3145
92
28820
4710
9390
9139
988
223036
39880
7051
1367
1506
192668
162
2902
2931
7598
907
7324
9103
1805
4300
54898
5493
3205
5386
1795
288
24017
9224
45718
5909
16463
18376
1209
2386
184964
2568
120973
7045
25499
20610
7501
42730
6275
4644
16039
28273
207280
122122
2604
401299
7430
10782
35124
9316
93118
178106
2427
21338
14193
4536
6432
17024
24356
49757
9593
24895
366
14479
81756
321162
3873
24387
3139
4069
338724
2711
52203
2571
53869
15563
181294
1932
865
77100
5557
2162
23400
2622
72394
168866
1136
42209
23582
75262
2309
31596
9692
17514
3636
6514
3465
4062
4921
42315
50526
2550
5491
12974
5064
87323
11735
14979
9361
3663
3451
10063
121097
2384
28069
812
2249
32113
4677
10277
2141
463477
11550
21158
19583
1004289
76856
28702
54465
2383
1181
3463
10615
248474
9818
13602
4967
4148
2312
23663
16606
5598
129057
4257
1037
56628
1492
49642
29965
5211
2931
3144
2290
6796
12490
2184
11904
17091
5084
23514
12228
8430
3551
3348
3611
794
515
8077
751
98163
5514
817
631
5370
788
4500
1482
2810
18289
10065
132238
114112
2872
49394
5582
514
4744
8749
51587
8992
1131
57605
33116
788
41622
1182933
436455
35422
2032
4904
151014
4152
98922
12335
2823
79730
5615
20822
6232
2600
14699
29864
14439
94239
8576
2295
12742
8113
9208
5827
7239
15644
1664
2779
18549
6393
7444
1729
2595
1710
39922
2463
7385
7962
15093
6778
58150
8609
2379
10106
1865
22422
2641
1359
13316
8053
14822
5393
48015
8506
17670
37269
51411
17700
100608
662
5897
6333
73609
89820
22602
3329
6437
4337
3640
5091
5813
11432
10547
9192
113209
103619
693616
35196
6457
16545
2086
10807
11313
21394
4359
59880
4609
3467
4237
54701
11337
23890
2679
8668
4932
5125
1550
21574
13808
2107
106373
12764
2728
10111
5526
8187
2874
21270
3030
22225
5146
6209
692
12361
7822
230474
562
15787
5285
15045
473074
126992
10611
3816
19762
63287
105377
7412
2966
401759
463079
18829
11543
36847
2136
22126
27912
901
3205
4683
11179
18583
1517
37561
2108
4106
1596
3641
3436
3352
18920
131674
29747
11526
8439
160878
10539
864
191154
86873
2220
13968
48792
11260
4669
4914
58866
35019
11027
2750
3364
47700
15106
7220
123408
348
267387
925
55845
11093
57383
41853
6636
7256
48571
10046
4053
15529
3819
1860
3949
244358
17771
11279
104854
10305
573239
21665
4348
24367
5748
6884
34299
5863
3634
16983
100179
66589
18384
112426
555
14142
5322
931809
124845
280
4624
1089
3260
22157
1381
2392
25985
24163
62080
10961
4380
66325
21803
120605
2133
34173
3792
18351
7763
6533
10318
6319
9021
14848
103625
4279
5832
4608
56764
11520
972
22747
10695
28657
18808
12485
2108
9567
67956
3218
2790
2724
39846
13185
6601
3287
112157
11973
27185
86431
115114
1180
27680
12572
6852
12386
4263
12171
96529
11809
33659
32423
176057
70473
1495
9902
11252
943
3393
33398
412
5541
16602
12288
10347
294331
4374
3030
5883
2086
2638
3888
5339
24119
3006
24335
10138
12607
3747
19049
7843
8789
22327
40
526
24033
1983
7731
3639
1146
28153
4344
2417
3327
2886
2491
2788
1491
12270
22258
3893
1500
4505
9854
8396
7659
6071
88879
6616
4845
7159
17459
5044
1626
24102
3043
389120
16665
1595
180252
853
9062
78049
9399
14274
3594
71378
396
3460
18426
744
15318
127
3816
5119
85637
5088
8565
2312
61623
14533
15359
17603
30623
6094
8164
2878
8110
30763
11177
2161
9362
3472
19537
813200
4080
9448
15092
76167
34038
305235
53756
11958
194988
49428
3128
9061
7635
7454
287
3786
9509
1495
2662
2520
376
12723
6012
31673
3355
55965
10076
17336
15220
39891
21626
1293
10082
13653
43768
7751
11061
5082
2549
11900
24503
160863
9187
76857
19303
78740
6481
43132
4401
9161
271757
4095
2378
7408
16145
42050
10000
4141
2622
5892
113846
5026
1189
8529
1321
6629
6757
2819
6608
3522
69444
6254
4608
18267
3888
3392
7428
4004
5260
9475
27133
2750
1703
6893
3861
14989
4412
3385
7689
5617
3491
181775
12180
4474
105270
2516
5479
5577
15536
3201
2566
13823
409106
13645
85729
6331
36187
7815
39137
6371
12951
5505
7847
12894
26395
4876
4498
384454
12103
4092
51451
43489
26700
1501
36768
14542
3491
4571
3604
5510
132419
29825
6339
2864
7536
47916
33033
811
4703
17354
264
3534
26474
111009
48458
3102
29164
6725
30336
107859
8480
20829
114104
3987
4765
4399
3954
566495
8282
38558
160
1566
11684
14373
82160
3089
90653
5002
63174
21723
106490
112966
24650
1644755
6014
11680
144635
18482
43262
6111
6741
14920
8459
18469
4557
7402
4256
73247
4922
15347
442
1555
9186
28108
131034
44283
43313
3196
5398
10423
1893
32074
2007
1507
5152
1734
822
768943
2347
3633
3196
1662
9977
178309
3406
2358
57258
219711
5935
26829
44598
7459
9514
87411
65780
2077
65773
9397
223966
3914
29748
94440
3068
5980
3076
5276
29022
10562
26342
3627
1007
40962
17323
139979
678522
36239
2652
1770
5367
9933
3933
5568
3369
3014
83927
73141
1730472
5731
2877
13272
112851
397
96408
2153
5126
2913
17839
192
6011
2447
3569
13384
669
57473
2810
3535
1670
58508
1208
15097
16161
1680
9060
115679
6668
31917
5077
1058
10520
4856
3438
13545
2077
2801
4457
6931
10217
785
2920
3403
107795
911
59055
9187
66571
83238
1496
1030
25592
16733
9220
1005
6385
5419
16926
2983
4314
5607
9222
52468
28240
3403
1726
5770
405072
18057
90872
61722
2893
14655
8889
6381
90075
3673
13530
11981
21441
2673
1184
29055
4563
26533
1845
22129
7590
3014
3554
18375
6944
17128
3348
5106
2010
29302
6486
4776
1569
108075
4032
11601
1664
24854
150099
181546
2632
9681
7629
47020
44746
4599
2226
2845
3278
18920
210927
19232
225630
7746
3457
70127
7203
4382
19109
40974
357
73511
1858
4200
36960
5367
40557
5824
1121
866
25427
7070
18123
6288
3045
2746
125
12946
2965
2914
66232
6543
10288
1939
114381
3833
12076
824
6982
1569
3673
4890869
25457
18076
14616
1011
8489
34597
12092
2898
11541
4952
9234
88721
4983
5655
1756
7823
14635
5981
4929
7155
2019
2572
26425
77533
6564
4823
414
6937
53763
4594
8505
29794
3810
60785
15310
45514
80615
3659
15642
4720
4801
1182
9706
26994
276
204
12167
28975
24170
3580
29453
9112
21431
5265
1115
6138
5702
11916
96834
8235
13076
1592505
14314
3920
14138
27562
14128
76366
2240
964
13362
4920
129445
1338
1682
9523
9236
95527
67419
3727
8624
40681
25530
2036
3287
33780
15224
340
1043
2339
8152
962
583
7069
60582
10598
2720
112785
1826
22745
2468
6996
26053
10993
23102
15796
8670
100458
22588
234163
8389
50089
8965
54096
11057
1430
124
2629
8642
4598
6814
9581
1967
4880
25677
31202
1147
19580
8234
1617
11585
3192
11595
8901
27012
10988
6400
11562
2639
4508
29316
126363
27323
85621
38230
5679
11727
5412
5811
8479
9264
17445
13986
20862
2212
10119
6385
23016
14449
4104
728
10063
3484
32815
26071
11957
6183
16591
18814
9197
25842
24215
107509
5122
1172
3624
47532
4908
34783
79813
10865
1951
749
4672
174988
32750
123537
30258
2873
1039
1656
5321
125816
26703
3691
12054
3007
3584
27375
811
3555
24512
3319
1490
11263
64040
3010
79804
106297
2678
4200
3584
3353
40214
55037
973
9617
987145
3763
17616
192445
12926
1760
87297
116801
5634
13426
3685
12975
17813
9931
7381
71820
11624
3331
9922
25128
33884
9293
21774
13346
5568
22899
39667
154243
14088
2546
5983
22593
824
1715
9048
13996
3224
23649
9294
14666
8457
6712
21061
890
3152
5928
12184
15958
10089
54075
13373
1024886
527
6508
5429
5665
10266
13420
4998
135790
13050
66304
18957
13856
178900
107617
34196
4788
248826
3368
9946
13900
519123
5421
1158
2998
29260
8684
11306
3790
13834
11279
2176286
119051
17986
43381
6352
5638
26283
10038
2137
912
4576
46224
27121
1320
2270
8383
102351
3041
11098
30782
3023
17973
78661
2717
11996
7487
3794
8850
29727
1704
22469
2256
8556
8319
1132
5873
8604
322635
14693
12585
3092
26973
65322
11353
8340
16157
1105
1783
18147
4866
40033
81858
2364
3097
85218
1246
2294
4940
407046
25901
5913
4497
12313
241137
1065
8963
4056
2293
2258
542
3834
23410
14361
8363
1264
3254
44080
86950
150749
37488
75133
22420
10233
103622
31232
40
3241
130
14712
98910
121542
3096
540209
3453
1742
325
18716
3457
2387
8715
7854
20528
13186
562
47211
25041
15667
62705
50578
4941
1079
16431
2069
1453
2597
10287
1892
6708
7242
5070
2659
72138
4081
22961
65291
106402
20958
2595
54368
13416
73459
2658
3294
10687
821
19826
8267
1291
2575042
3786
29019
8790
1580
5809
27296
2239
6271
98151
6925
10255
5318
107371
16974
224438
3341
9351
11814
11424
277125
554014
21314
37603
3752
23079
8631
4490
3094
1708
107315
10135
18382
11261
2379
11846
1771
3282
3146
29762
2857
2813
28920
57821
6875
5702
9378
18299
316856
35385
8980
1576
26325
4272
37118
144988
65802
53968
2957
6689
416
14138
3118
4505
69020
2228
23262
12895
10935
3372
1678
390
46630
120934
6770
3561
525286
5743
144
19703
7719
17479
37119
272946
5175
2397
6232
18021
61004
3533
9213
16772
1006
1708
18673
1021
5158
2752
626
107192
24054
58116
14723
51469
2306
24379
12596
48788
58904
17046
6391
6695
17404
29161
1210339
12460
4753
1137
2970
3214
35154
4110
31874
4108
13948
32641
6014
32685
91852
97469
5218
74035
72540
6624
2589
6056
5585
64368
3224
3286
4248
8881
37214
17903
21732
53703
61851
80623
5648
3035
200462
3992
32374
21953
1701
29068
6782
9299
5749
18495
21497
21197
42568
1502
10536
5999
12184
5637
395
6876
8705
27601
12167
16404
15801
6711
3672
13414
86694
2092
7032
153511
170846
5806
7445
2993
94096
1872
6101
34129
6471
19692
3705
8357
110606
3435
192
5382
85618
16378
30651
9105
3565
1676
6543
24418
12818
21145
5144
7401
986
7658
22470
12102
5449
9620
23903
72712
22841
645
3578
30134
219833
3659
5237
4295
13257
11336
11751
83681
3749
5623
2203
30836
1144
11415
18458
15594
3805
11924
18919
3557
108858
968
24695
582755
9288
3370
33196
3515
57565
55303
2980
36417
70846
1418
14891
2329
5857
8890
4352
4928
23098
5438
30858
4715
9903
66112
11114
16688
1297
5842
13516
2379
14820
3347
10653
198095
404
20682
12996
5013
2487
8920
22810
11498
37921
4359
3276
91755
680
25491
611
93501
5809
2523
7559
2449
9348
2010
10613
6504
1169
1674
121167
194870
21076
10135
30953
29349
201825
2249
3704
10230
38404
20886
22616
48564
14478
3395
144962
8417
4242
3169
3156
11580
1424
1258
24702
16161
3167
23794
4378
195380
8667
282961
912
21377
2685
28356
30486
11227
365178
10703
41660
5740
2434
10868
110853
4963
2367
13172
2041
1815
3671
10688
12269
92650
121527
47388
5652
26843
11409
8559
14719
71793
22091
8117
303619
150061
49709
5199
3424
10994
117476
6114
104411
21976
11148
22611
23427
58325
6625
1652
4633
6440
363785
5390
5821
39753
6941
2172
9375
2505
9436
140403
6773
1619
63971
2215
7646
14965
12094
14944
5068
8036
36416
2440
567
4185
1640
6908
843
2027
5123
5826
3868
2656
5948
3940
10895
3503
7033
55456
1284613
24456
95969
31958
52024
3578
18982
15601
25721
2616
1080
58445
63227
29358
6234
119990
15266
1737
6221
29404
3749
11526
4167
33532
870725
12763
2604
3661
7956
3919
315
13118
1024
82568
3381
99321
14849
11723
81521
5577
45906
1854
141406
22003
2035
2944
121523
987
4411
11001
8976
8816
32788
1880
41318
7201
8447
23073
15246
5122
7681
17769
26198
6888
15302
18305
6022
82518
3367
3377
8392
1967
19599
3376
16512
5421
15048
20971
2966
2302
1965
31419
18413
23722
1265
11391
14588
516180
856
9215
42517
12580
3088
5127
3227
289248
10247
19810
9480
117191
12914
4642
43069
39048
32339
84062
141260
418024
6884
2841
4861
1942
18671
13288
42880
38397
4198
11997
23069
2144210
202214
7723
57042
4071
13857
137849
7456
4064
20411
5385
14618
41761
4469
6031
5141
9210
37926
2177
815
3285
7621
11601
5808
2702
14262
4513
3323
2624
8622
59169
357
3834
79806
79184
3046
1042
7431
126235
7012
7473
18175
38017
39395
2133
5682
2807
5120
2734
4172
3108
869
308685
6316
7423
59211
4276
7481
2232
91293
3705
8723
67781
111064
77121
7152
48947
16684
22211
5174
94005
3179
2925
12509
1222
24921
811
1694
21144
32873
100030
7575
4856
89593
8171
3650
522
44585
3808
14104
495
30079
212830
11591
3826
29223
19342
154264
66673
524179
2567
7345
59286
187681
9787
47139
1176
980
4891
20671
5275
1699
11044
5509
1907
6797
2317
17597
7832
15778
5734
1944
7414
6123
3091
3333
13045
10570
573
7232
7304
8087
2688
5400
1688
1194
9527
6721
5336
87
26493
13697
458498
6537
25812
2421
18751
3145
35736
14118
7699
6277
5119
720
28306
10933
5176
11475
60272
6342
12585
24572
8541
4492
3500
6912
10338
2563
9554
62797
6468
32463
3540
73640
6173
93484
20538
97435
5016
20191
8317
4384
23302
3716
8227
4769
4268
2537
3782
5876
1969
6455
15035
7575
54785
107698
24914
924157
5493
36503
20654
191743
9729
64358
2531
27932
4853
30217
4216
3753
3335
60573
17825
2528900
6600
11825
13674
23394
264
56251
3026
6307
911
3514
26255
17111
114722
662
13655
1327
4067
11668
4764
40863
228
41399
347205
12169
1226
39977
7782
10280
2406
5252
4585
4626
6755
258379
12052
37035
26250
14424
9373
7289
1039
38379
48480
49214
26465
780
5848
8209
27331
12746
567
13383
18509
10817
2185
2020
979
624
3131
27430
18791
3543
2353
8769
693
53490
61987
2945
5690
6470
4533
180760
2715
34936
4322
273874
77069
148
11056
130827
2130
4953
17134
59541
3654
19439
3649
47802
44131
49761
5575
139681
81851
4446
6815
13407
69062
4456
5563
1916
11848
86041
32978
2306
5066
21581
3413
4932
11678
7046
8541
2090
1516
31121
1231
3315
583055
765
46117
16746
634
7829
17778
221657
3533
1081
14334
693981
9627
3143
2132
2056
174105
10241
3048
94299
4421
500
46896
9315
5535
4673
2151
735
35411
6571
34700
10458
24057
509017
11624
45337
5950
4122
2373
5938
15544
296
2813
11369
15568
3349
6859
3789
2309
9643
276323
4379
30056
2979
4506
8392
170533
6873
3909
7153
9637
11282
249521
9110
7144
2237
32550
21893
12803
17950
15265
6427
778233
9542
5847
63922
36578
12715
39191
584
17929
6302
59311
34146
29122
24518
5406
5127
10326
174214
7571
658
3291
22672
2045
4223
58654
26939
20936
93882
351747
5629
24141
67774
355
10225
2460
5792
2674
299955
106776
2479
7324
6788
3203
1583
3433
5130
1751
459220
56188
19685
19824
6816
14163
6956
115531
5377
3114
7054
20230
83005
15138
114194
113632
408496
1848
12294
8331
25748
2118
4622
10861
1546
6644
4009
4810
1928
3823
6599
952886
51880
9165
2215
32827
19123
64967
2613
7887
3561
1775
10031
46039
5349
7040
7985
10672
1393
2305
989
83109
1529
2721
31885
161225
37151
335
40449
6164
6699
13042
9160
27049
2722
49573
156380
12042
5198
1653
3665
65661
44912
11369
4792
142273
4101
9406
17407
5818
10660
24724
7753
2407
59929
22429
1401
2548
8065
6295
74742
2468
14928
5754
4034
957
7223
2991
1402
2055
2304
11642
5520
5866
1422
3607
47570
5059
165671
17131
14540
4235
2789
15928
11549
205890
2450
154337
2543
2209
15877
5181
1018
41923
10566
6820
20941
78510
1704
3963
9754
123074
3654
152503
120789
12277
2127
149862
5738
8750
14112
7700
5265
505
18272
10865
8016
9242
2817
5973
6930
95503
25353
3185
1740
236
19258
36076
133841
3391959
8318
24793
809
105835
1376
5196
6950
10061
52321
325337
16340
5056
19311
30382
7201
15621
19043
31325
11345
4807
17530
156960
31145
111577
7488
10212
658151
549
4373
1634
13314
10573
5994
7734
3329
3499
3634
17222
12437
59602
241026
1348
11478
8253
1345
8515
905
76583
63497
15548
179755
29844
6185
4972
18538
2709
2923
248864
4976
13507
11268
1991
166170
2818
171452
5942
131839
145622
15874
3173
64386
30454
7086
2207
2204
2565
10642
64867
34437
2735
16652
5740
5604
329995
4756
336499
14603
2992
20205
8421
6559
25694
4016
462680
10966
18128
16315
5212
14982
7053
14458
16497
7701
30287
14157
10370
50468
596
2911
70252
8940
24299
9909
89575
8298
2835
3492
9834
3400
19082
7130
4637
5896
167055
10621
9308
404097
18051
23439
44329
1706
5620
1801
358458
118216
42492
24616
6355001
1383
613
6325
15811
27240
52972
7598
134212
6671
10496
4484
21078
39234
5559
3715
4954
2093
24474
3583
130280
54674
382147
3241
1029
119826
3082
7414
513
19893
15983
8438
192829
36466
16068
14489
1067
1107
13578
4247
8870
8918
11146
355190
4436
50062
9926
2725
30258
88947
34288
5346
15665
48480
7481
2788
35869
34892
67104
27022
11053
2501
9709
2301
18499
16532
18731
56281
12562
148060
2501
46478
1594
9382
4020
111691
26560
4488
6444
13073
2715
35960
15286
6717
22093
14159
20877
9547
12559
7059
28982
120776
4850
15840
3739
698509
14069
29137
1584
25724
2661
10683
784
1488
13088
8680
280823
29612
147260
132630
13220
22488
1700
1575
2356
2113758
3561
5950
11978
9606
36979
6128
268
20033
4722
23776
1235
51618
4741
2589
380344
2559
28801
11693
24690
3200
