2580
2935
1281
1452
1264
1375
3313
5250
787
4387
1171
1061
1329
2912
2306
2308
5643
1315
3212
1506
1490
3998
697
1058
1217
833
1700
3606
3053
384
4391
1430
956
5734
1499
1716
4195
7414
767
832
1156
960
533
1351
5671
5174
1204
2429
946
4174
988
12167
704
2070
987
4116
605
1438
1276
1269
6589
2498
1209
2361
1612
1073
637
1385
2757
1324
1022
1937
956
1804
2615
655
1099
811
1276
832
1990
774
13922
971
1093
753
1394
1963
5143
1482
1034
1793
2761
1589
1167
640
707
3647
1083
1497
5809
10134
6993
1237
2171
3014
1601
1034
3614
8789
849
1947
1731
1170
1825
652
3397
3727
1511
1014
932
4210
1979
2354
708
1392
1202
4433
3812
1562
814
2524
1561
5946
411
1226
2252
727
6374
1872
941
1707
1202
3855
594
568
848
1893
955
8698
2443
1086
2061
744
2880
1039
1795
11103
922
1241
874
1060
1138
1246
3778
1245
994
1607
2987
1320
1742
6594
4855
2489
1172
5757
965
1762
1716
4025
1221
3507
2303
6103
1907
2138
2814
3444
2706
4311
1270
3244
2290
898
5660
6750
1844
1594
3892
945
1158
4265
781
471
1659
2841
1881
1284
1884
2216
605
2984
1720
2168
5368
815
4423
1961
1458
2070
2747
807
3392
2119
2606
11017
1544
740
2821
1009
1424
1336
2268
1154
3650
1418
4607
803
1945
844
1097
695
929
2350
1022
672
1390
977
1838
2503
13202
1301
6810
1153
1428
1156
2169
6197
2771
1139
2636
3781
434
1155
1471
1692
1120
1063
3547
799
5987
2641
1463
788
5642
1888
1598
956
1305
952
1119
1251
2710
1637
1650
910
4900
2701
1953
720
2377
1217
751
3724
2730
1619
3566
2358
1740
723
3412
7715
4956
2416
1552
4219
2477
1289
1036
6241
788
2594
922
902
1555
561
2053
4178
1132
1661
514
5149
1328
724
3637
629
1907
1544
5677
4924
1216
1106
822
3168
2529
2422
10011
3255
9237
1984
3069
1328
3076
1155
4422
4468
5868
731
565
3518
4110
1187
5428
2089
6339
1138
2839
1077
1171
775
3481
1284
1828
944
4166
1076
8714
2427
2736
1895
1479
2369
4407
523
2708
2346
2769
4651
1545
2018
5028
1277
1385
2055
1316
1262
1141
2322
8795
2409
6015
3554
6205
1941
5230
4539
2094
923
1186
2349
1810
2247
1554
373
10108
2609
666
1587
1002
714
1621
2872
1810
2347
2680
2933
1316
1322
15117
1677
1890
1220
4933
809
9038
1328
2643
3807
4230
1313
3204
1589
942
9041
6002
3161
5501
2585
1039
1163
4123
978
867
953
1675
2045
1288
646
2838
1656
1534
970
851
5921
4136
1331
7473
932
4833
2577
3155
2083
1194
1287
985
7623
5828
1478
896
3257
2973
7241
1647
2984
1997
613
1311
1448
690
891
1271
701
2286
2044
1326
585
1003
3232
3058
1765
1089
2598
1561
2319
1782
4230
4787
2694
1402
883
4002
1813
3690
1196
1852
985
1154
1184
1511
9614
1081
3569
1499
2039
906
2595
3344
921
2086
687
2532
14838
1779
2332
736
1502
1179
6353
1941
3133
2089
5771
4178
1923
10069
2567
2377
3386
15936
1298
1382
1351
675
3085
907
2238
4276
718
2068
532
794
4462
3966
2044
1011
672
2743
11498
1053
3205
2272
1496
2996
1774
1373
1521
987
757
457
779
2527
2498
1964
1554
926
2936
827
4436
9081
5540
721
2712
1154
3738
2357
1418
4165
3411
2663
7426
6314
12300
1086
1718
945
2235
4237
4098
458
672
2298
1312
1817
1352
1335
2725
990
1310
950
3442
1575
2059
3108
3950
1955
1005
3305
6792
2956
1525
7766
1709
10949
5075
5366
1300
1600
14889
4436
1069
4314
2169
2901
3514
850
644
1730
1782
1169
835
2210
602
2624
1711
855
2093
1387
917
1543
2291
2297
1226
1003
1906
2987
653
2200
1584
2381
763
2559
2224
14035
2916
1295
1996
1430
15490
2182
2175
7160
1248
1378
1557
1284
697
3983
747
2274
1426
428
1650
2873
3874
3562
2609
1269
1300
921
3859
2401
1238
985
4221
1091
2017
1677
853
707
2039
1122
1452
703
4459
6105
2860
1978
1422
2948
4996
2107
8752
1946
2318
1011
1803
1421
1377
2665
1281
1546
1231
945
2819
2753
2023
1439
1191
2075
1857
964
1110
996
2053
945
1645
2138
2275
1877
1183
2395
1422
1558
3695
1345
5890
4833
654
1201
3518
592
433
6223
1098
2343
988
2391
7608
2305
5431
1584
13967
1885
1734
3642
2389
1316
952
4558
1251
2223
1390
987
3521
1883
1860
1793
6610
880
1468
1505
6094
1123
11546
4225
4328
1709
6204
620
982
963
804
1175
781
5569
1625
1838
687
1649
3981
1466
5958
476
1053
3300
13650
6498
759
1971
3134
750
6861
1033
1261
3785
1291
1489
1775
564
2464
4336
835
4769
924
3757
6275
5765
1832
859
1977
499
3111
3177
2492
6612
2536
1239
3151
4176
3125
2443
770
1639
9064
807
1106
997
1195
2526
2813
1159
2472
1259
575
5443
1923
5666
2019
1588
1359
2225
4003
1935
632
1270
9377
3586
774
1619
1766
2307
1126
4103
5351
2093
1541
1294
1363
1348
807
3333
788
1088
7406
1674
5560
752
3733
854
1482
1774
2706
5075
2120
866
1822
1552
1817
1102
943
4498
6711
753
3900
1473
1006
2488
1234
1388
844
1457
2135
1039
1052
1885
1337
3916
1067
2908
2579
2906
4712
8563
860
1140
692
4390
593
2457
928
22149
881
947
900
2332
1407
1715
1046
2064
4688
1692
2162
1018
884
1483
1692
1848
1281
5012
912
3019
921
1543
3858
1867
1066
1841
1235
1461
2258
1762
5501
1569
2178
2016
2602
2282
4295
3067
1793
933
3984
1236
6757
1810
1357
4653
1875
4293
2653
3952
1128
1131
2948
3631
1462
2185
15538
2277
496
1096
1939
1210
8191
730
4913
937
1384
598
2655
1447
3761
2546
1680
1059
1062
1430
733
709
1200
2599
2067
1890
15528
1387
2029
4674
2699
1231
4309
3195
2728
3359
1757
2327
5840
11452
591
1889
1474
2071
3025
977
772
2632
1200
11059
1346
1744
957
2590
1601
1449
7620
1635
769
4475
1177
1954
3262
3229
1616
1679
2133
1252
1081
3712
11196
1826
1454
19432
1562
4415
2838
1220
2455
1128
2310
3260
1537
740
1888
1344
1302
810
1072
2939
3775
1273
1855
2862
6298
7613
2401
1639
3927
2770
2624
4760
1104
1661
1690
1079
4160
2916
2403
7466
1560
11958
4306
2814
4376
11831
1037
10089
4116
543
668
23657
1589
8288
788
10128
1299
762
1077
881
681
4118
5815
2648
1575
767
2153
1896
2511
1951
5761
3731
799
2679
1194
384
1504
1209
3415
1175
1766
897
1143
3575
881
1949
3098
2065
2038
2878
2671
1231
5375
2034
825
3609
1251
1422
7024
1227
1150
2085
1260
1258
4745
736
777
2570
2420
630
3453
5625
1887
7037
1491
1521
2523
2014
529
1843
1132
2842
1113
537
1657
830
2333
2777
1058
953
3700
4857
1665
730
1157
1023
941
1122
2970
380
2739
1692
2923
1678
1963
5878
4709
909
3598
2019
1431
2265
1704
4415
4656
4647
1583
1989
749
1251
1184
2414
1295
3305
2719
1165
981
1442
1287
3022
5044
654
558
796
7752
1492
1415
1415
4429
1038
2652
2620
3510
6251
3289
2608
2010
5956
2745
8688
5433
3094
2770
2856
2931
2183
3320
2915
2746
2829
1642
756
750
3420
1471
1491
483
4631
709
1017
1386
5365
2029
1379
2223
1707
1009
1685
5442
17175
1015
3750
1617
1215
828
3132
9077
1909
709
3415
1501
6767
2130
944
2505
1235
2798
1166
633
3039
963
1495
1129
1142
14234
4836
1665
2142
3240
1253
1233
550
925
2117
2994
703
2458
989
3326
3457
3175
947
2074
2069
2163
879
9009
620
2454
4888
1022
2147
1377
2048
1744
1061
3627
5533
2921
1709
1407
1364
6413
2772
5092
1258
555
1538
2018
514
690
2547
1575
4503
4601
1749
1134
818
10349
1364
917
3453
803
1281
1151
3923
6653
568
3062
2548
988
1742
1670
1320
1345
3473
3519
4413
1735
2964
852
5120
4097
942
1613
1446
1365
1916
1437
1027
618
8095
1395
1468
1138
2313
5250
1666
715
2601
2432
1428
928
1911
1541
9618
1270
3665
2803
10792
1865
1536
1004
10310
740
1347
2396
616
726
784
2084
1167
2140
1134
537
1064
3953
1620
955
1597
3881
4033
4895
2887
12847
4057
5368
788
1463
3669
4179
859
886
1428
1341
1992
1373
2112
887
2295
795
29624
2191
650
914
915
1862
1468
1551
2322
4303
5904
1800
1411
1026
3556
2384
630
1793
2371
4003
1809
38030
9213
4121
1179
1672
1252
3691
914
1400
1996
1744
2328
1352
1295
3149
1240
1437
1366
1769
1728
1609
699
1992
4636
4485
3436
3038
896
637
2284
2075
1347
3115
2325
2208
1232
1671
1206
3203
1177
1010
3071
1027
11489
3226
2605
2177
4408
979
1417
7665
12589
472
1126
1552
874
967
1008
2346
1759
1009
719
1689
1096
1973
11611
2981
3909
633
7443
3227
1456
1872
3563
1658
3341
1121
3824
2325
1729
2353
6387
948
4465
4108
2009
1249
4479
1565
1245
1009
2380
1115
1142
1929
997
1564
1053
1218
921
602
1168
13841
2296
3405
3046
1134
1925
3707
10732
3163
996
2245
1733
2924
1954
2089
1155
1175
813
2628
588
2041
1320
1396
12338
1733
1686
2300
8684
738
1722
1834
610
11239
1316
1358
5323
1506
4291
3170
1292
739
1498
930
4484
879
2433
1710
1363
2264
2389
506
1324
1159
1747
7395
5665
2140
2039
927
10327
876
760
1731
1611
2574
2228
1242
2552
6110
2589
8401
690
3413
1626
2142
1666
2995
2266
1937
1851
1041
3636
2915
1645
1136
702
3554
1672
2656
13979
645
2488
2795
1920
4445
2357
771
3304
14354
4586
1562
2785
1576
1008
1561
3931
725
4120
4809
670
2012
2580
2131
1979
1376
1096
2370
3740
2687
1845
4844
2320
3067
4284
773
756
948
2399
2532
5782
662
836
1400
7991
1958
1337
2918
5153
1568
1386
5404
1294
607
1789
721
1851
1578
1811
547
557
2047
2356
1348
2744
572
1991
2460
1069
3098
1083
1750
1693
624
2852
9555
1079
1843
667
19772
1473
1412
3933
642
3749
3360
15778
1488
2216
1004
16556
816
4004
568
1446
3438
534
3232
1779
996
3715
871
1184
811
3356
2139
8023
1328
10209
1138
6776
984
1398
2240
1995
1370
1305
639
1124
2517
4116
3046
4655
4301
4404
1922
1221
998
5564
5187
11628
3558
1189
1836
683
1101
6933
3975
1311
911
635
1283
2266
930
886
928
5347
2627
2421
740
11966
3010
2277
3480
796
2966
2459
1016
884
908
2719
4291
1344
494
4263
573
1993
2252
772
842
5122
1648
687
1814
2935
881
4327
2154
1802
856
17849
1421
959
1770
2512
1264
9786
7254
4214
1861
2607
5594
2740
1806
1088
1015
1199
706
1636
5441
1778
3832
3140
2580
3668
1066
1046
1359
1150
1582
1556
614
1684
14481
5409
3269
1661
3081
748
11856
609
1355
859
2806
1094
1389
3271
3045
9500
2051
809
7082
2133
1573
3452
12419
4604
2132
10143
2769
735
1686
5910
2269
16770
859
1511
3243
2509
1116
1751
5966
2312
6503
2647
2438
5581
6847
6974
712
3186
867
2190
2260
978
1509
7042
1345
1521
3081
1321
3086
10360
2442
9377
875
1462
1786
4228
735
1211
1583
699
3427
1690
789
1728
1100
1039
1568
7512
1261
7163
1564
1018
6603
1266
3639
2769
3093
697
2441
9461
1198
1261
1100
4229
1174
571
1371
849
1370
3125
2774
1146
3136
865
1551
2023
1329
2230
1531
869
1032
3374
2518
615
1962
1751
1157
680
796
2285
2017
4365
1948
567
691
2950
1073
919
2442
2842
1090
1345
1054
1362
2530
4913
38192
5663
1268
1653
2138
1446
2272
4294
1266
3176
868
1117
3741
1354
2322
1143
4087
1831
8016
1200
3325
1267
527
2898
1222
513
4884
4039
3794
2897
4810
1192
4135
1826
1430
766
1291
2578
2663
793
350
680
1448
1769
434
764
838
1143
630
2336
476
584
481
1046
655
845
992
237
355
591
673
721
930
400
5593
1893
2308
547
272
969
724
1121
1040
181
663
12689
1122
4007
12264
4772
600
1076
1013
1170
379
292
590
2775
533
602
236
209
554
1283
435
908
1129
472
441
2917
768
543
1547
2442
1413
325
383
550
543
276
707
1412
1082
498
1210
1726
315
11794
307
9088
339
361
1996
412
1018
341
395
541
1287
1989
188
900
2777
587
1406
314
314
482
886
304
14702
638
951
830
1260
381
368
778
1479
2269
287
759
2295
262
1846
411
542
416
613
800
5412
861
597
737
935
321
1094
1480
781
1081
184
783
647
837
1786
290
481
579
646
3874
393
2446
510
5919
490
576
471
607
2598
483
555
252
1244
560
207
1880
595
420
337
578
400
485
253
251
1993
5579
1968
1096
467
457
997
1127
498
426
286
6677
2638
715
385
321
920
1649
699
312
931
791
4830
300
617
157
965
942
1241
1871
518
686
505
496
710
1358
515
230
2147
484
1255
187
328
1021
562
9192
599
758
3069
2258
1984
623
696
324
13740
401
1483
1618
1040
3561
1617
476
328
1274
534
1231
1607
3011
750
593
1671
612
306
2542
1085
464
254
1031
827
1082
299
808
706
406
1402
1512
1269
4022
2466
180
492
701
1245
520
948
3953
787
1385
1405
717
446
620
719
822
251
523
555
455
2021
3736
1389
281
504
4426
529
986
4842
1958
555
852
3764
274
688
315
2230
468
2193
1675
779
498
1052
1280
675
389
584
678
2076
265
213
1272
926
484
607
3038
536
673
916
2976
272
3706
449
247
1110
644
3353
552
1806
833
14986
295
356
769
559
803
6148
411
599
1659
232
741
692
967
461
3109
392
375
980
2402
4765
369
464
440
794
2421
1553
1158
775
525
455
283
623
2558
2206
6475
416
1182
757
1113
718
344
212
1524
537
396
356
5104
586
194
949
1488
291
7127
755
1003
976
266
7386
470
3238
1819
1158
507
1362
786
515
582
382
770
760
236
1668
1518
927
785
8385
1575
617
447
228
4451
3442
10036
2022
728
2350
2469
568
836
303
404
1513
883
3446
244
467
386
1362
411
601
2137
1098
1340
9682
543
253
530
433
578
330
438
938
3634
340
438
321
568
1351
486
756
485
1331
14590
1074
677
2203
439
421
1942
2521
542
728
364
320
3922
1096
1542
466
1613
485
550
1442
1683
1013
3425
971
3529
542
1655
3801
502
768
1012
239
334
510
191
972
2154
381
802
321
2188
353
413
1242
841
336
3370
1180
391
1770
379
547
290
484
510
1850
3302
863
681
819
1078
566
817
832
318
732
344
2238
710
161
524
520
235
466
196
4182
4556
923
359
251
1336
319
769
1693
623
651
825
479
1173
834
782
990
1326
1596
536
363
261
374
370
234
942
1022
991
858
1130
458
1734
490
434
417
1808
524
248
956
784
609
196
1477
767
816
499
354
226
11855
841
993
263
182
2056
919
235
2243
692
1760
399
218
437
431
551
523
534
1700
744
904
257
3145
1269
1456
1435
248
1964
1421
414
449
935
788
303
348
184
516
1181
1397
779
584
494
254
2165
491
300
1964
214
528
841
351
2843
604
10541
1208
1084
429
336
355
600
216
398
606
664
611
1124
577
2102
1568
675
555
301
1673
2310
843
263
1649
638
608
616
885
33682
320
2035
329
286
4673
262
1302
414
454
7166
713
307
187
955
1928
670
574
1402
408
355
975
268
553
526
1098
404
1797
1923
299
707
933
1459
2317
1690
286
512
680
317
1473
3775
1165
6296
149
1526
569
1193
678
598
2474
386
621
600
1586
2572
2579
458
1839
550
1105
2440
1392
450
302
916
2217
646
946
1808
882
522
1554
1881
5427
284
199
495
1870
2434
7032
408
373
806
440
186
599
345
1428
1528
992
3506
395
843
504
869
761
403
385
10461
282
4023
759
941
1288
1211
1096
379
493
671
371
340
339
2078
1405
390
1622
1231
538
492
2636
283
690
1675
1815
834
2151
319
4873
1575
871
571
852
1869
2029
489
789
201
1918
1268
986
372
320
248
656
834
567
419
495
1003
695
1536
1109
300
2449
1504
1264
256
265
1271
355
936
1040
227
1271
683
419
595
1880
884
1248
599
308
657
435
723
841
706
240
433
1373
933
424
665
1136
14396
266
4883
1793
304
236
464
597
300
924
272
531
557
643
581
765
603
838
1399
169
3876
1440
934
4641
622
572
1673
2051
1826
549
1139
664
811
748
243
344
516
2321
1449
955
687
374
604
2589
501
242
412
2826
346
393
1165
1258
181
13307
310
417
3057
1360
361
598
2735
377
492
290
373
2538
1863
354
915
314
463
3793
4850
1555
687
840
2890
4707
220
602
314
510
219
1601
2278
976
4874
514
226
635
595
1414
311
269
522
343
3420
1098
1600
6034
438
683
795
1630
1452
165
527
2720
214
421
1513
1996
478
1734
1126
618
426
3511
396
471
2531
439
523
769
3886
1903
787
593
858
554
382
908
610
627
1016
1087
606
242
748
7149
406
1536
1999
918
720
299
6220
1242
373
2544
321
4779
546
1261
659
780
596
885
394
404
1564
1078
3239
685
781
3981
337
191
1158
375
833
1676
904
894
384
375
462
11846
2951
290
878
983
3680
530
815
443
524
415
294
190
978
1511
486
733
717
2786
3015
393
1386
350
1988
801
286
340
638
2003
703
281
290
1409
1507
1825
755
3896
736
724
526
1010
327
472
2456
9096
1266
442
4537
3193
980
369
455
1204
1577
670
254
4222
774
562
547
334
2317
655
500
759
1924
370
7277
568
1289
594
1211
1080
2109
494
707
1060
325
2488
1812
1033
331
288
555
2724
876
875
274
985
1766
603
421
475
723
4773
244
1130
1737
2619
210
303
232
175
448
1357
626
511
895
1191
326
1374
341
2147
4081
536
5671
103
296
565
1957
879
276
374
284
532
1701
731
749
2577
484
252
728
1467
933
4263
1475
1035
2472
528
2561
425
2593
388
513
343
1283
399
4634
13099
1921
819
230
718
1439
262
555
457
5352
1933
530
364
523
1216
1084
1705
352
733
1754
2335
206
947
547
854
456
527
1234
277
937
645
755
1691
277
256
1973
2108
210
755
2511
213
630
936
524
431
197
1123
8444
892
4537
1187
2556
348
557
499
2412
1486
370
437
1446
190
527
741
3226
273
492
421
1001
2923
3059
1283
376
602
1251
335
436
797
9347
708
1006
655
844
977
416
2039
346
4625
357
370
399
1885
335
1146
362
410
1283
4947
737
849
1216
742
389
12712
389
826
585
1352
190
2859
1225
475
1095
1194
1667
224
1666
509
1279
578
1084
911
659
463
637
435
1329
345
397
399
845
468
495
1089
1986
552
875
761
692
2536
1248
367
3025
1811
239
1022
980
768
1741
900
518
531
223
580
461
871
807
301
1514
240
670
3628
361
487
897
812
528
2091
880
2105
643
2079
1809
653
281
197
583
362
2687
1507
369
290
485
1977
125
1315
522
1730
884
303
229
1254
505
226
237
955
656
2259
211
2889
1230
1683
336
1120
576
12074
258
4603
737
1133
1438
547
425
342
799
343
221
786
1071
367
919
372
1872
1031
243
738
2204
765
240
365
1345
2670
5456
840
642
505
292
1122
595
868
516
2055
988
265
2098
480
239
1529
1169
1495
952
1284
503
294
872
678
262
161
675
259
2916
665
1169
334
504
501
704
356
671
573
1685
1707
703
684
1087
895
1444
618
494
1171
2827
235
2024
477
2127
871
650
236
503
865
571
963
456
1886
2143
682
5228
631
3411
3104
1948
1351
751
277
326
419
398
1024
2411
358
1438
806
482
1170
1260
773
763
1630
362
618
620
586
1366
3103
1275
416
7387
1611
2481
461
720
1630
699
1379
1174
612
436
875
3837
684
421
364
269
1075
609
251
999
1355
338
1284
544
4463
7985
360
353
568
1844
704
1252
216
462
6372
440
914
7316
2276
497
517
2467
4292
2700
815
315
656
3763
530
1410
227
860
1103
330
1956
559
335
656
374
1684
1214
1168
246
1763
1693
902
1163
1074
732
210
300
927
3029
379
448
361
502
4917
467
2063
1692
700
448
241
1669
176
2737
677
2450
418
1489
242
511
1236
2199
979
2863
392
464
5269
492
1307
398
579
663
869
1183
701
10039
1130
263
242
772
295
1213
855
844
168
2763
586
2194
1182
264
466
618
1244
1397
710
1496
1736
2493
1136
4052
1737
499
248
400
293
1855
399
941
410
5206
542
1960
568
1198
188
492
2562
1561
1638
307
775
2361
904
1501
679
223
440
672
250
986
491
473
1395
2249
1201
394
3971
166
551
254
511
5219
314
914
600
548
724
265
427
878
2000
3328
270
482
17727
213
827
1198
1404
459
311
751
208
468
796
432
265
792
760
553
546
933
1397
981
758
1124
3029
401
305
236
936
2428
312
504
1164
3602
4524
641
2105
586
467
1518
719
463
792
603
390
2924
630
491
342
379
3387
739
4098
320
438
1388
1441
337
4708
267
4398
1998
422
786
949
624
382
3417
636
338
542
512
270
1769
819
4482
1138
4307
607
420
414
294
286
433
487
1895
584
406
1361
2232
2035
7993
645
2571
496
691
1948
2286
558
984
1046
3512
225
6369
6224
879
349
861
690
1979
879
1038
7746
421
473
415
748
479
997
1901
1567
630
1086
1395
264
1287
3021
410
532
288
476
340
1345
405
535
2122
393
1737
1331
215
4586
501
589
970
3091
840
712
1447
295
304
683
2159
710
3094
633
215
335
1067
955
1186
609
1058
3258
721
1179
2025
1097
1013
976
581
624
1483
2274
9695
868
439
373
258
363
536
1541
669
557
576
1101
1529
471
2557
503
2322
678
299
550
1972
3553
538
325
985
962
655
550
512
520
1187
442
1865
277
1965
360
708
4948
1171
362
304
794
1211
471
1270
536
411
353
583
545
609
898
723
274
915
475
6131
2346
258
1619
492
251
548
2133
798
191
587
756
446
632
352
482
934
1177
2475
4367
780
410
309
1067
1138
672
443
959
554
747
1583
3413
483
713
409
301
282
2450
990
812
2843
815
378
666
268
1210
368
1462
212
442
989
1253
1255
679
3137
468
1421
6168
922
18248
304
10082
1327
570
892
366
1192
478
752
295
393
746
516
191
240
1300
731
763
1153
223
443
691
1187
1049
371
2311
369
784
2800
583
1409
543
1295
898
383
432
4322
2491
539
3167
601
3031
211
1311
966
344
812
630
717
1087
906
581
1285
757
647
318
601
514
561
1874
251
407
3136
1248
980
1464
413
4261
227
992
651
5054
984
200
1016
269
926
935
1574
407
335
298
264
869
566
435
308
1832
1340
178
198
375
334
1231
939
6411
678
301
422
306
143
466
1386
60
115
870
911
784
887
290
352
65
3346
104
88
151
554
94
2040
1231
763
652
301
271
121
233
88
648
100
88
661
578
2951
256
692
218
19529
5779
2964
129
449
454
115
1332
105
355
1097
226
125
361
376
149
72
902
598
169
124
315
1898
204
243
155
155
177
851
94
129
257
197
190
1858
217
153
230
79
177
498
112
124
404
73
220
138
82
332
85
265
170
359
194
73
365
283
321
290
375
526
113
309
270
181
75
327
81
157
1411
262
384
344
208
72
245
233
447
125
100
248
341
348
265
141
3528
178
149
226
192
104
1281
323
1964
383
957
272
744
938
436
121
113
166
710
166
2517
185
140
171
340
245
156
146
157
913
287
212
206
170
3085
1240
227
530
338
3062
122
318
23080
5200
182
352
865
131
434
257
52
81
5133
702
328
348
81
554
90
121
172
667
189
196
71
465
683
1837
1334
592
129
366
589
3275
113
709
494
2508
73
182
363
172
303
148
169
198
897
442
231
117
484
427
105
1318
244
145
590
447
1065
351
232
217
140
234
129
2004
286
616
415
82
2361
577
326
349
216
268
544
250
352
1473
1308
389
1866
3436
533
248
199
141
546
14718
147
79
2224
307
1063
237
138
211
323
497
606
395
262
523
131
898
149
181
460
278
653
174
199
1518
354
1010
48
2131
1027
238
3180
408
476
995
2149
461
164
844
303
131
103
197
315
333
939
181
390
400
278
346
212
1473
193
100
176
242
1292
1256
3780
325
444
1906
1287
129
146
365
131
180
293
178
344
182
119
83
315
273
311
705
90
1060
309
182
281
180
416
274
114
95
812
220
2163
311
403
101
265
479
339
424
798
156
997
457
601
82
218
231
183
1539
264
269
553
741
163
740
514
138
132
172
255
1669
160
140
247
629
216
796
197
343
759
472
271
231
64
103
261
112
220
233
209
322
224
490
169
825
60
263
437
1376
219
370
138
657
836
342
539
975
279
74
800
4721
8932
365
284
185
520
442
2668
503
470
1374
100
69
187
205
244
228
443
160
321
203
136
569
275
739
212
81
4646
3770
3068
2091
367
1799
1274
3818
107
170
245
82
95
155
81
886
135
178
171
715
245
116
427
293
541
201
523
53
446
598
318
1700
290
176
65
390
88
234
221
406
255
524
420
2246
1882
2009
251
5144
1994
418
166
267
224
213
149
137
162
240
168
237
2122
387
162
586
204
579
270
94
1469
136
159
173
99
267
1195
369
1454
311
143
243
121
223
482
289
682
1880
173
170
479
270
122
154
391
1199
174
292
57
255
273
422
2570
1024
482
394
389
221
179
720
252
171
222
592
768
365
162
220
386
315
136
3673
150
717
423
207
451
1126
1355
569
149
352
187
166
723
262
197
173
531
720
866
203
367
193
62
209
152
296
185
176
92
115
272
119
237
245
531
486
106
224
978
1248
681
186
197
399
634
539
240
85
230
203
522
448
88
998
493
217
111
171
309
533
127
701
930
1281
4833
2158
53
299
262
303
207
207
196
71
527
355
382
1496
404
620
241
96
373
535
2661
118
192
7718
588
770
195
466
292
1600
206
725
116
108
90
307
76
226
212
283
627
233
460
621
584
396
80
181
86
958
356
319
116
430
314
189
458
208
376
450
93
111
417
543
118
198
367
382
240
697
276
2104
1547
188
918
188
674
429
215
189
709
420
2106
322
273
4177
1610
754
84
657
405
490
510
740
215
422
217
330
4225
130
388
7369
213
1489
131
195
140
80
178
2790
10750
180
165
363
2940
2113
397
144
121
128
349
336
1129
282
3702
342
749
222
1282
261
675
131
168
115
490
236
103
148
329
1590
1931
2532
226
1932
382
190
75
1588
355
88
156
526
654
2520
300
1920
244
397
2126
198
74
238
631
470
564
689
495
1550
87
782
148
695
395
955
557
2034
52
2132
119
445
140
1333
773
276
695
322
1294
365
420
162
116
109
543
1090
175
503
1442
4402
414
332
356
275
479
138
272
187
482
162
168
24959
890
631
14046
92
300
559
170
95
137
217
89
213
3383
1686
536
852
104
106
291
222
202
178
322
350
1219
471
396
266
451
142
234
368
119
96
611
338
79
655
1563
246
297
2997
387
513
1225
168
116
95
228
3650
173
511
1978
358
323
150
103
135
166
165
122
1800
805
151
288
407
183
139
1860
1215
214
682
1733
353
357
473
470
309
392
140
213
667
912
189
153
386
356
95
724
474
56
230
410
469
1515
255
71
125
370
1476
162
120
218
279
434
318
287
401
92
606
1564
416
406
1232
146
163
221
146
86
172
369
1788
132
66
369
271
222
230
137
159
116
317
79
4080
149
216
172
265
300
163
73
461
176
1562
1344
7917
3431
218
642
474
412
307
347
97
2835
447
179
317
637
253
206
100
143
268
9691
2411
57
399
406
311
137
143
130
731
1450
483
106
139
318
1257
106
140
320
195
687
243
102
137
121
237
223
263
346
314
239
3117
292
5520
313
206
295
433
333
440
902
124
227
154
119
1464
114
482
139
182
804
204
175
654
1086
142
107
254
162
194
594
141
149
132
257
1226
270
209
231
893
3281
168
196
111
689
73
1038
3291
343
800
274
133
112
635
167
187
118
209
331
289
303
267
155
414
180
204
211
74
111
684
2170
181
3677
270
202
104
98
274
116
192
227
748
262
851
407
101
285
630
292
2040
938
1960
544
74
1604
194
366
174
4252
184
73
856
238
322
128
17545
125
1079
286
152
125
8703
223
852
132
199
143
196
183
540
273
159
2204
4083
949
3907
304
109
80
263
247
128
1807
110
69
630
157
2459
527
171
80
144
336
536
81
193
213
302
4474
125
114
96
315
9353
429
326
548
535
624
401
364
2898
294
286
215
103
342
370
85
1360
1376
1198
489
525
292
84
69
234
783
161
95
458
154
1102
577
338
2236
1773
1975
1842
1047
170
161
98
459
368
61
310
155
73
5406
104
449
411
445
214
5094
164
243
83
1317
107
275
350
1328
133
188
154
1137
189
243
129
228
350
3178
111
117
2574
828
376
163
446
182
479
209
1373
114
103
5379
400
98
214
172
1013
181
2111
3315
139
75
722
1851
182
701
961
267
601
621
204
162
99
146
338
177
942
1525
357
158
431
149
164
196
205
284
1115
98
356
366
421
644
3320
414
212
200
1176
867
146
1410
4827
394
125
259
3097
105
288
328
372
420
467
641
646
260
700
267
367
255
236
500
86
257
261
195
241
388
1155
153
542
95
412
440
204
345
706
292
657
1552
1133
682
314
3137
7027
603
243
139
380
1784
1431
392
412
207
212
132
249
145
253
564
60
167
2791
144
1180
210
221
556
1653
188
67
600
686
348
1088
224
197
110
679
139
181
5190
354
94
120
572
274
1100
1833
322
137
433
292
296
101
124
96
309
586
88
105
492
130
1905
296
113
339
196
131
392
406
1171
211
189
325
351
183
1260
84
708
189
847
301
182
226
250
543
225
153
105
367
456
262
193
302
558
280
186
865
855
688
148
97
299
442
398
127
219
405
125
496
611
648
281
295
253
286
161
564
223
849
163
2549
1521
169
453
192
843
692
222
216
231
125
371
295
146
697
330
194
165
173
1445
104
616
1807
867
2256
224
289
255
107
176
131
505
94
156
351
521
580
84
230
217
280
344
6129
531
73911
314
170
1336
229
280
456
134
117
1003
110
311
293
403
111
269
226
238
528
379
780
200
293
95
119
158
259
1665
388
575
255
1435
114
211
129
118
1156
213
126
573
769
315
298
209
284
2894
283
535
116
414
107
324
279
278
427
130
928
285
464
89
576
144
116
317
430
312
82
86
1538
514
116
611
87
279
499
329
254
328
113
128
661
125
305
358
335
160
417
299
327
125
3825
382
1143
202
72
639
1069
304
230
577
98
197
177
114
366
1323
79
600
92
172
147
4406
271
305
187
132
77
614
1395
122
58
430
6465
74
119
653
251
68
299
607
164
385
565
324
1535
649
204
140
2805
65
148
479
4673
81
80
575
136
150
133
235
144
120
1726
146
1014
105
247
942
216
1078
163
218
251
125
438
214
1722
121
104
156
103
143
228
113
128
806
166
1267
858
141
1103
1031
345
327
146
3593
790
189
117
101
170
173
134
1060
102
1574
403
4445
104
576
329
119
133
333
7092
1481
835
464
436
177
3431
4553
195
407
567
479
151
186
219
80
220
208
859
103
32
267
148
175
283
143
194
323
150
516
149
189
810
120
420
110
731
1332
164
995
170
119
436
230
1908
267
1347
776
4359
132
656
157
297
5942
425
81
150
1316
1024
302
70
375
382
153
140
372
796
206
133
102
78
583
768
590
646
332
807
71
9675
4455
144
96
141
329
307
317
253
112
305
2697
152
261
342
387
982
305
122
153
312
152
396
301
293
126
555
964
569
304
217
296
321
189
176
186
2013
191
179
182
661
78
383
171
280
268
216
3607
219
121
4783
1544
2230
141
241
269
451
1071
2170
374
186
123
218
756
2257
367
1870
1821
360
105
61
104
241
157
136
151
546
138
65
1414
475
76
518
406
310
869
132
107
102
302
241
148
183
209
588
905
1256
1235
152
193
242
344
119
374
373
181
439
507
315
278
922
328
110
1933
313
230
110
359
4538
135
705
186
1213
2482
2791
876
1141
199
129
123
182
221
435
558
58
262
193
465
78
52
423
2125
316
339
932
162
104
288
239
1546
308
293
207
196
391
149
1168
474
153
257
130
603
416
69
297
189
275
466
210
330
146
392
255
158
91
195
210
332
337
323
1193
2044
566
4701
833
909
1595
91
283
514
251
205
488
707
330
76
371
378
169
308
4722
319
353
2106
2221
124
59
178
5565
358
468
227
1288
92
182
500
232
240
90
175
106
157
135
986
349
53
156
242
220
492
172
101
1246
1455
157
198
386
246
159
53
101
62
86
2378
62
460
768
24
274
157
74
576
151
284
134
63
215
60
70
185
65
70
129
2626
112
73
135
132
63
39
55
468
207
85
27
58
93
974
16
103
99
107
1042
193
672
168
297
66
77
61
119
54
28
144
334
114
375
145
186
52
74
29
56
159
161
31
48
304
222
93
39
74
45
55
350
61
34
83
47
40
636
72
173
206
84
310
190
157
42
119
78
256
42
71
160
41
663
222
354
49
142
63
170
62
167
33
21
90
68
63
110
182
203
93
27
290
416
144
42
1305
329
117
113
53
43
358
378
65
84
98
108
88
123
149
44
53
59
57
41
180
62
62
111
342
196
164
51
412
28
42
57
98
82
78
1521
126
40
94
70
16
37
189
94
286
1547
273
105
89
143
321
36
288
528
72
59
66
2293
68
115
228
103
43
90
1686
632
100
309
30
25
1776
67
175
134
1109
251
979
51
42
122
975
66
9
25
185
64
45
155
723
69
188
53
105
43
20
368
1470
227
269
411
31
239
339
80
525
229
54
19
139
91
42
96
388
37
537
62
106
48
4486
247
427
43
1751
158
63
1146
1139
65
69
58
104
68
421
69
255
56
103
84
15
23
70
225
352
244
37
56
1163
133
57
54
66
104
60
196
102
99
46
217
362
74
70
323
125
61
66
291
124
1125
158
166
383
48
115
2590
234
199
79
57
87
350
148
18
76
135
62
84
238
277
89
61
32
58
31
72
280
1079
587
50
152
167
50
42
67
1283
53
50
63
78
54
648
63
56
705
178
204
90
104
80
90
100
59
306
599
63
36
170
197
75
2179
27
100
2632
334
54
480
44
464
390
17
791
63
56
37
101
984
436
138
166
35
435
204
271
24
31
66
296
103
855
59
66
1215
172
630
42
47
169
427
59
38
82
141
56
128
58
49
92
105
71
88
44
47
4259
1270
79
71
4025
176
42
23
69
91
142
397
98
306
133
148
63
425
156
55
38
143
40
229
83
45
220
1131
31
369
37
16
129
112
83
51
169
2260
50
106
73
123
23
198
238
434
370
1793
531
126
119
68
87
101
3356
14
64
55
345
126
25
39
254
188
128
39
239
129
48
1948
70
69
1877
70
64
573
282
48
83
39
45
70
239
213
180
134
101
89
45
119
99
265
155
10785
82
56
77
46
207
1590
421
40
53
64
199
235
61
84
64
95
213
226
527
82
717
356
336
584
237
421
210
1670
61
54
84
93
295
73
216
60
160
133
261
686
337
63
464
114
1075
193
43
214
67
43
115
63
1353
374
135
84
100
600
192
120
106
155
88
63
62
101
119
207
86
468
47
32
254
35
88
291
62
77
208
110
272
64
588
245
216
86
28
38
265
83
238
134
83
251
27
13
42
59
99
162
303
237
40
182
47
32
396
330
62
25
351
89
2010
60
616
164
293
68
136
42
44
455
65
259
75
22
74
194
1543
204
92
282
178
191
64
1617
49
746
216
148
106
173
57
234
35
20
63
806
231
169
123
69
100
945
197
86
14
64
345
222
584
84
115
209
635
72
253
54
103
53
69
54
109
69
195
266
98
90
34
55
116
85
230
139
31
81
41
825
40
58
1607
63
115
35
46
102
181
567
91
41
73
121
49
73
80
54
111
1346
42
236
1785
1130
35
180
2238
25
98
139
353
2675
237
2992
171
80
147
34
46
91
114
46
75
55
43
70
228
1241
289
304
151
17
69
199
84
217
294
545
75
68
256
18
242
113
1483
153
77
145
72
682
117
59
68
377
357
146
47
53
5168
62
147
43
92
86
105
550
195
124
67
548
86
120
148
154
51
405
197
304
32
189
148
2880
388
94
97
186
55
90
52
73
80
222
268
42
205
113
109
265
422
253
38
70
322
129
1454
49
30
202
521
50
211
193
290
67
151
128
270
68
167
1055
167
524
4762
435
980
329
65
1624
33
135
29
88
127
133
96
60
158
63
205
116
58
249
104
79
72
143
80
51
438
388
228
87
613
58
346
95
159
51
250
262
57
148
163
218
129
66
238
547
56
25
63
83
25
124
188
31
194
207
69
534
210
43
208
25
1123
57
31
76
37
48
34
460
76
159
326
52
45
140
430
42
44
83
796
47
408
123
251
114
216
63
1010
82
39
25
229
1161
97
115
229
199
32
395
73
82
57
79
46
37958
62
65
83
77
65
102
81
123
53
92
78
52
861
258
102
1075
74
466
185
65
203
248
58
42
44
1534
71
143
294
60
108
688
93
121
1226
51
116
254
781
63
80
214
1310
57
111
69
705
126
28
63
63
940
69
1184
33
74
108
2594
243
221
393
62
150
42
35
200
117
47
364
379
580
116
65
385
79
84
348
20
66
111
26
89
63
89
56
197
125
44
61
245
352
60
143
127
1116
447
76
353
76
44
186
56
126
67
1128
68
68
562
170
61
81
66
94
61
50
92
436
44
261
172
34
256
76
118
9
108
66
131
39
78
214
54
362
110
98
90
164
161
1690
177
629
452
253
65
163
247
45
61
25
456
73
345
345
50
21
98
620
111
25
195
65
199
57
127
280
93
209
69
870
113
346
61
194
839
183
54
49
1248
225
937
72
147
46
249
125
80
75
87
116
90
31
43
465
98
53
42
64
79
55
136
65
91
80
80
199
66
186
285
212
300
60
83
273
220
391
31
127
157
189
146
72
69
60
30
171
863
43
139
325
67
176
1601
51
345
93
27
81
325
39
72
56
598
196
126
93
356
55
132
254
132
311
101
82
132
95
56
192
3182
224
46
82
1206
91
74
358
695
131
312
212
72
39
1108
119
283
78
132
125
172
76
109
50
256
111
310
44
429
63
86
64
206
28
43
211
104
46
134
96
1232
129
55
1618
45
116
212
371
280
171
111
80
66
224
155
50
551
233
296
224
145
43
72
64
163
855
71
299
178
254
70
55
598
150
1719
170
72
463
45
63
110
329
552
1011
58
325
2540
243
341
147
121
222
416
77
42
162
209
66
1337
382
1297
588
330
232
67
193
71
51
85
135
85
1477
1903
578
102
64
349
201
88
104
39
55
161
220
131
251
41
1052
58
183
54
149
72
84
52
227
108
59
1084
104
58
1455
161
91
36
922
42
110
63
334
60
279
199
70
77
56
323
1042
306
154
104
224
129
46
49
291
66
51
47
255
80
111
304
97
198
76
253
86
56
56
65
1317
51
83
337
244
105
81
17
83
125
401
98
2660
98
58
228
161
2497
128
541
158
91
745
136
79
93
239
164
26
45
222
58
213
77
1561
37
722
944
114
434
372
59
240
47
3573
56
26
55
110
52
36
39
140
2203
98
122
200
90
308
74
31
45
130
226
52
35
68
92
556
38
28
83
330
1113
77
49
261
2119
296
88
111
41
107
148
276
61
4578
357
412
85
127
840
265
132
95
344
221
774
131
116
106
78
232
74
35
106
99
102
1292
345
166
384
1026
70
51
69
75
134
74
65
149
34
92
60
54
70
53
70
45
65
242
102
97
107
117
229
109
33
35
156
223
117
120
114
50
223
92
44
173
58
77
46
340
392
171
194
60
58
120
71
132
21
61
3628
166
40
56
57
147
150
126
66
708
4852
55
445
20
213
49
61
1083
485
403
46
97
113
60
258
105
1464
396
263
31
177
221
215
2966
156
153
93
223
128
114
17
75
1043
106
68
49
53
79
70
461
93
784
31
44
119
150
92
74
188
376
224
278
651
69
318
372
54
57
113
44
294
50
252
1082
71
49
141
469
29
173
530
63
473
41
742
519
125
342
118
194
103
236
55
84
33
2264
68
76
150
129
53
81
45
146
33
21
236
36
56
73
122
287
233
51
4558
49
48
43
43
1383
296
121
85
99
43
45
58
43
55
795
88
830
169
60
133
44
202
62
693
22
1157
433
269
497
23
518
432
60
113
61
86
111
85
54
1116
1308
86
32
59
53
2276
11
146
43
75
2026
190
1768
121
434
241
327
71
2978
129
29
517
36
66
38
365
286
71
22
41
249
69
437
39
129
36
1655
96
92
63
36
20
55
317
146
99
69
68
89
68
126
23
844
973
51
45
49
284
108
40
151
3731
94
80
77
67
72
1136
87
79
82
53
166
168
102
43
65
113
3151
1166
166
117
43
427
81
133
116
66
373
1699
34
805
82
601
446
13884
180
569
42
1656
1173
288
27
55
65
60
204
155
215
41
126
63
489
109
62
88
20
80
40
283
328
52
471
153
562
425
115
319
47
349
44
77
231
267
134
15
104
48
691
57
120
77
34
80
2575
978
121
23
53
57
1327
1860
23
277
54
25
325
241
99
68
16
21
70
75
342
309
91
540
67
100
88
92
121
192
21
116
54
164
83
71
507
46
2188
81
72
38
140
178
2108
139
71
42
94
68
1743
51
591
26
76
186
59
273
193
54
33
27
196
85
32
256
175
1540
2304
110
92
66
185
115
83
68
107
83
262
60
1123
508
220
149
31
195
290
46
86
142
778
4224
697
1366
53
73
269
84
231
93
73
221
129
33
31
362
149
88
48
156
281
5903
1594
407
51
147
729
285
1343
1951
182
157
592
987
40
148
356
51
72
91
222
14
342
37
73
319
67
63
456
120
221
41
79
242
48
27
248
37
91
62
39
52
50
85
87
86
2411
102
112
107
24
241
117
107
1078
66
45
99
17
79
97
89
175
433
287
527
66
240
294
30
46
98
152
11
45
138
38
2568
74
58
145
100
71
10489
589
89
62
108
1024
23
45
57
337
474
262
260
125
64
182
87
2277
20
4540
32
30
112
290
197
21
147
45
66
6
64
204
37
363
12
93
14
2
8
65
202
122
102
30
30
19
238
57
0
39
10
76
527
1250
6
169
34
55
11
26
141
41
27
236
147
80
37
184
35
51
197
339
22
24
29
839
39
14
44
1209
68
26
25
190
319
13
782
79
13
78
25
14
52
226
24
42
8
153
30
188
43
14
87
2376
9
14
71
18
85
106
24
177
8
64
12
344
656
35
255
35
38
33
102
30
39
16
1774
37
9
35
192
44
67
91
58
215
720
222
58
20
198
21
51
23
34
45
28
35
50
14
92
9
66
8
212
26
18
106
76
16
22
208
35
215
564
57
72
93
407
93
22
7
10
19
18
37
234
17
6
37
523
29
249
25
234
22
748
7
67
42
25
37
48
28
13
170
76
167
12
15
26
25
118
50
43
126
31
28
17
12
31
139
16
34
24
28
676
12
380
25
9
23
37
172
621
330
29
8
12
54
15
15
39
26
37
27
150
43
12
115
23
4
29
28
11
21
29
13
45
44
19
46
62
15
14
78
476
93
12
6
14
268
23
20
17
654
19
74
37
67
12
168
39
39
10
123
1528
26
13
33
42
246
28
307
31
526
52
18
6
40
145
86
28
36
67
728
161
21
514
164
16
42
27
431
57
196
7
76
30
29
59
59
44
40
27
23
475
55
120
16
550
31
55
17
272
223
15
57
185
107
91
3512
19
837
45
30
11
60
13
25
56
40
65
274
31
3
21
255
15
214
56
32
3016
31
381
3
35
34
26
773
26
12
16
13
27
60
51
14
6
19
34
16
1649
44
170
47
24
25
22
26
649
13
16
29
24
29
127
3
35
72
446
22
119
8
23
194
26
96
26
266
61
395
3019
44
55
77
86
16
11
25
95
48
814
22
721
22
28
101
72
14
55
68
27
3
12
53
274
28
52
72
9
20
53
237
26
77
7
16
63
116
678
28
333
11
57
863
156
78
64
31
38
73
18
25
42
31
10
231
9
12
18
464
22
67
64
14
15
18
30
61
32
59
123
12
67
11
32
65
31
27
28
11
21
26
20
49
235
14
37
67
12
6251
12
80
140
69
27
22
14
106
125
324
21
78
47
22
69
12
23
52
269
731
45
19
95
14
19
59
36
14
162
11
119
13
50
25
16
53
49
109
54
40
13
10
158
245
15
151
809
27
239
62
73
18
259
381
41
18
30
49
46
139
47
40
50
61
28
4
12
45
82
234
14
16
1336
157
9
32
29
146
35
73
8
48
61
44
25
30
28
60
22
116
16
5
1719
100
516
42
49
99
32
128
52
75
108
55
12
101
25
194
12
36
35
6
20
20
69
42
14
45
17
104
104
92
18
19
17
44
14
236
65
127
32
26
25
35
182
42
6
179
24
507
65
42
11
70
537
44
11
24
27
295
81
175
84
28
17
117
11
37
23
130
230
331
49
33
77
56
22
18
21
157
25
18
27
27
13
98
26
30
17
43
52
94
19
58
99
187
27
109
332
153
24
199
37
11
13
32
67
29
48
21
818
11
1598
17
46
17
36
46
181
249
28
53
631
30
103
215
147
121
37
2930
125
49
2789
27
10
3
35
46
25
58
52
49
10
31
542
10
32
23
118
19
18
55
58
41
29
26
223
41
10
28
150
28
27
213
77
48
30
29
36
231
50
46
26
125
50
95
4
13
34
36
39
89
26
130
179
31
14
61
16
21
30
146
224
29
21
21
22
100
26
120
1
42
6
30
32
63
13
8
67
73
19
50
65
255
24
7
7
43
2820
67
22
27
103
253
3476
32
326
38
55
60
13
15
24
12
12
22
26
77
53
8
380
89
61
20
15
10
49
19
38
22
35
30
243
28
543
118
191
16
18
113
550
88
7
153
223
224
21
54
73
32
205
8
39
48
80
5
152
26
23
29
0
2199
12
19
17
63
989
40
46
104
20
7
19
86
84
28
50
34
14
37
18
31
2715
53
7
23
5
188
59
3544
29
13
13
22
15
39
20
20
440
79
34
23
1179
39
22
40
29
31
32
231
59
169
119
460
48
107
18
34
128
57
353
34
27
34
46
596
20
906
20
112
3
15
3416
109
29
21
143
76
170
18
14
32
42
14
87
8
40
30
35
29
8
59
27
20
128
17
247
31
78
20
8
14
25
43
36
117
14
359
38
57
47
25
45
39
28
174
171
28
45
17
25
17
26
43
289
54
14
85
62
188
31
109
25
56
44
59
12
50
127
73
2682
98
90
89
22
19
3
34
118
51
1071
28
35
62
50
27
21
535
62
28
34
3616
59
77
8
48
20
34
357
302
225
6
42
31
54
78
6
117
301
19
20
56
29
2049
4
27
33
76
22
50
956
53
18
13
96
91
20
431
39
22
73
227
22
19
40
26
302
9
99
56
598
118
61
48
124
22
336
43
40
12
302
42
5
27
14
124
31
12
350
11
97
175
35
128
168
56
1023
17
99
17
23
160
7
265
358
113
84
21
2303
16
32
46
475
194
31
8
42
36
69
19
61
954
108
139
1421
34
50
224
31
10
36
57
37
1353
90
24
25
3
10
41
8
33
128
4
2
12
55
44
11
17
86
32
72
257
243
67
19
14
20
72
202
28
57
57
16
207
30
8
1798
18
51
21
49
3
1326
3
9
13
12
39
21
18
20
44
11
420
37
30
23
16
16
140
782
23
22
7
35
24
61
35
88
34
70
7287
12
8
922
115
59
51
295
75
33
32
21
12
23
56
136
44
19
56
67
112
23
6
39
153
14
22
30
53
27
68
86
17
107
1410
30
77
55
36
27
276
36
27
30
24
111
27
188
31
53
27
930
41
9
18
35
479
25
124
142
26
24
5
104
36
399
24
54
66
136
38
28
50
47
272
30
230
32
41
30
100
23
40
8
60
23
51
14
19
220
105
358
19
15
32
37
17
87
88
23
138
14
24
57
23
65
128
101
18
19
127
31
213
47
57
118
46
11
57
36
5
39
63
18
31
19
1024
65
13
44
12
62
66
257
44
31
39
13
15
366
44
212
96
68
46
190
323
8281
19
107
38
34
54
130
219
131
28
80
77
67
962
31
105
90
30
20
7
247
28
5
143
265
52
54
17
53
8
22
18
162
32
185
33
43
7
668
36
33
401
64
18
51
49
36
105
71
53
82
11
19
29
27
31
41
225
55
12
66
66
23
75
450
24
19
69
87
2011
159
28
16
75
113
35
60
20
38
6
23
39
54
71
88
110
134
10
74
11
14
94
9
27
24
39
66
127
145
66
181
18
6
27
126
31
39
28
17
9
27
202
5
70
44
35
26
57
265
20
59
27
9
20
571
227
54
31
57
21
17
50
45
26
12
4
34
11
19
35
117
11
35
64
28
26
13
2
51
17
19
36
34
18
15
22
162
45
83
307
143
47
31
12
34
58
48
23
43
23
197
40
30
929
37
48
260
23
4
28
31
846
184
41
38
52
129
83
36
32
246
16
147
23
25
33
71
6
23
144
17
54
25
17
66
19
26
31
18
61
16
67
16
13
9
24
760
37
10
13
145
156
37
49
149
232
95
66
53
1107
1671
28
47
3034
157
67
24
1695
54
204
90
964
21
43
43
135
38
28
31
5
9
111
29
28
204
63
119
11
29
67
13
25
134
72
97
174
13
20
32
63
48
17
1002
58
9
12
101
225
34
242
27
17
29
33
75
838
1182
18
15
41
18
41
50
16
29
80
130
28
610
60
55
45
42
17
54
14
263
14
3
38
66
91
102
31
15
55
86
314
129
147
15
68
1785
78
171
41
29
14
136
22
58
680
7
217
24
1781
30
30
57
514
164
5146
23
23
32
89
10
12
34
34
67
27
36
55
85
64
1708
52
51
104
49
5
89
20
833
31
15
87
2
90
18
15
57
24
102
24
32
145
55
24
31
18
49
566
27
24
225
10
73
40
30
74
50
35
19
50
30
29
55
16
44
8
60
119
54
18
257
22
60
29
2
48
305
24
43
36
20
18
26
90
27
40
132
463
121
43
200
12
10
16
355
27
245
60
12
59
2
40
27
106
26
39
26
47
10
47
17
537
60
6
36
2411
108
58
42
13
239
55
24
50
15
25
18
8
67
656
11
6
13
348
137
52
18
31
715
171
100
28
31
54
72
20
91
39
5
32
135
122
169
34
16
25
17
46
26
16
405
36
498
247
12
24
108
274
32
155
36
12
44
2266
24
1001
24
86
28
49
39
11
18
56
60
26
77
130
18
2
33
25
48
27
71
17
16
104
109
148
40
27
29
85
237
136
25
7
1764
26
49
24
25
32
81
116
16
793
35
6
105
38
36
1129
35
23
41
22
18
104
310
1807
45
20
18
25
15
14
218
858
9
233
113
18
24
9
42
31
27
28
15
17
33
73
34
26
22
82
84
26
18
14
44
42
9
19
47
40
158
142
16
159
34
83
31
17
583
54
25
33
30
77
17
14
32
44
2689
236
38
44
77
2015
175
17
98
29
272
10
15
47
42
55
113
31
38
36
32
1738
4
34
28
33
17
66
2305
54
252
219
29
15
4398
63
8
38
205
151
19
11
75
11
17
29
7
12
16
195
18
28
30
46
31
51
30
439
38
18
20
33
202
99
23
199
14
27
23
34
268
46
13
207
285
24
18
9
314
39
44
200
153
17
4
12
33
38
18
58
35
43
32
447
1971
37
97
17
28
15
2
261
8
5
31
8
18
6
61
88
83
4
8
15
1
21
23
20
10
14
4
1
4
27
14
169
622
8
3
106
83
36
4
10
14
21
743
9
3
0
25
7
38
11
20
1
12
63
157
17
46
23
23
3
3
15
5
5
3
45
11
6
33
16
26
6
2
67
1
13
3
32
16
7
17
5
21
12
11
36
30
21
13
38
2
1
2
4
13
4
26
31
43
168
21
6
3
25
16
37
5
27
19
82
7
108
22
1237
482
18
207
1880
6
35
103
9
4
22
0
26
4
20
5
19
16
223
1
5
16
3
10
54
25
19
5
15
3
124
10
10
108
46
9
6
32
18
7
315
20
13
9
30
4
24
33
11
9
14
110
38
15
124
114
46
10
30
32
980
48
11
3
823
16
30
28
144
21
14
6
3
2
19
46
24
51
1
14
454
0
116
13
0
8
13
17
0
9
21
49
74
43
0
60
12
14
26
19
23
75
30
37
22
32
76
8
9
3
0
45
2
7
69
222
8
20
26
20
5
27
5
17
16
23
52
441
12
24
41
2
18
21
2
1
7
338
12
97
262
5
61
12
203
5
15
10
21
11
4
4
2
32
10
2
12
4
8
18
58
29
21
4
34
20
18
87
24
60
28
26
7
13
11
12
42
46
11
16
74
19
10
4
15
109
9
20
13
15
3
8
40
9
20
31
5
3
8
17
48
2
15
71
39
5
6
1562
2
3
18
24
5
8
18
3
10
53
14
2
3
27
14
41
13
5
4
20
50
3
97
45
52
123
6
15
10
14
7
4
16
13
4
142
73
4
7
25
10
0
19
30
7
681
9
2
11
7
4
15
34
13
3
9
14
39
218
101
16
10
22
5859
10
9
8
142
21
13
36
7
2
22
6
27
4
75
10
18
15
9
14
89
56
4
0
17
1
17
39
18
11
2090
41
157
9
17
43
65
19
8
12
29
34
97
11
11
54
18
9
15
46
3
64
4
16
35
14
11
15
9
16
14
2466
10
5
66
14
3
2
18
15
26
7
15
2018
15
10
53
4
13
17
8
501
15
17
8
7
14
16
3
12
5
26
15
17
4
28
2
16
3
125
20
8
15
301
13
44
222
23
8
210
34
50
2
5
15
41
34
13
141
7
12
57
25
129
14
3
13
81
13
1
15
47
2905
11
23
34
4
29
25
3
19
4
188
21
16
6
21
79
10
3
37
12
32
11
3
30
130
28
28
18
29
13
47
15
9
10
19
0
10
3
6
6
907
23
2
16
24
44
9
11
65
3
188
14
42
101
51
9
8
1646
72
15
12
12
51
9
34
9
71
11
4
4
26
280
57
6
11
6
207
9
9
8
35
19
14
157
18
29
1
13
12
9
96
84
26
19
20
111
21
24
6
18
18
2
53
27
5
16
14
181
335
30
14
10
1
42
77
34
589
13
51
37
136
13
760
5
434
12
0
15
27
6
70
27
20
4
1035
5
7
36
11
6
4
57
13
19
22
1191
33
8
38
84
28
17
26
97
3
4
33
30
20
9
33
18
1
457
20
11
10
18
17
30
48
17
3481
2171
0
15
50
10
10
4
8
13
167
7
23
39
25
3
29
130
5
31
34
423
6
105
2
15
8
3278
10
376
21
55
18
18
123
27
157
7
15
5
8
22
61
14
47
16
20
2
247
129
37
4
18
19
101
6
15
14
10
10
3
6
23
10
1
66
10
16
23
174
380
0
56
7
34
95
23
5
5
33
18
10
7
27
80
6
24
2
54
16
57
7
136
19
9
194
13
13
3
374
27
21
18
18
10
2243
9
17
71
1
7
2398
36
26
13
9
35
38
7
16
302
46
10
2
11
13
18
18
19
34
166
6
10
1203
12
6
24
12
2798
11
60
136
67
9
19
21
14
28
49
88
4
2
21
1363
15
1
6
12
18
29
35
1
8
6
33
365
13
4
84
31
3
17
54
12
14
11
166
97
3
35
4
10
21
18
4
100
23
124
14
7
6
12
160
16
17
11
20
10
61
9
23
26
28
13
81
16
6
61
38
7
14
15
215
2
3
2
9
9
4
26
3
7
4
13
2
10
20
13
4
20
1
23
426
5
7
5
3
23
18
10
39
1
0
36
6
41
35
11
9
6
55
1685
15
110
21
3
4
3
2
64
5
13
28
20
1
21
31
484
8
49
10
333
21
152
115
4
14
8
361
14
795
5
10
17
8
157
49
18
15
100
2
73
11
194
6
1
166
40
9
6
4
91
9
27
3
5
8
3
7
15
1
32
19
0
4
4
18
3
4
14
9
1
17
12
8
12
14
50
1373
14
51
21
45
25
1460
14
12
0
25
99
212
11
26
16
21
2417
16
19
29
6
25
1
3
48
3
393
2
3
25
27
7
2
31
21
10
21
16
32
15
6
48
33
6
21
1180
17
13
30
17
207
8
83
4
17
93
5
23
88
258
22
17
33
276
76
17
19
7
10
25
12
6
12
42
3
7
5
0
10
45
4
39
136
53
1
17
0
10
35
47
2
74
812
2
4
34
13
9
30
6
15
15
21
3
4
257
16
16
6
13
15
37
3
8
440
49
2
4
9
41
1
29
39
17
5
15
30
16
15
46
206
4
256
116
7
22
7
4
166
556
1
2
38
1
4
243
3
262
8
16
2
27
28
13
105
89
13
9
17
46
123
23
59
14
89
15
8
4
16
2
194
9
80
2
3
21
30
8
24
2
8
96
34
0
2
27
15
201
130
4
89
6
51
8
1
4
10
1
6
183
39
148
1
14
20
1
2
118
17
179
9
10
38
8
24
5
11
18
53
10
10
26
2
5
3
21
48
214
1
11
18
62
19
2
7
7
24
66
4
2
9
54
10
71
7
20
6
25
15
14
9
84
2
22
8
15
10
25
12
95
1
54
111
6
8
10
5
20
4
79
144
17
29
2
21
27
47
23
3
91
25
12
32
28
3
43
29
9
3
9
12
29
7
28
102
5
227
466
7
9
0
23
2
10
87
32
7
452
28
3
11
30
18
12
60
59
35
26
14
10
20
2
23
22
37
11
27
64
15
14
10
33
23
25
1
25
47
77
25
20
1
15
14
14
3
14
42
16
5
56
76
4
0
16
79
2
31
6
3
313
2
5
18
8
39
34
134
6
24
6
5
18
5
12
73
12
20
32
2
16
1
5
0
7
4
2
4
65
7
55
9
10
10
30
25
14
36
3
12
21
12
10
6
43
19
39
79
70
3
11
63
163
105
5
124
10
6
13
2
1232
2
8
16
38
54
195
30
43
17
12
13
5
108
15
27
183
4
13
7
602
33
118
2
8
46
29
27
14
7
10
25
3
0
53
32
15
3
4
109
9
18
33
9
11
8
7
142
21
23
6
52
8
69
96
219
197
18
12
46
883
28
10
13
6
35
2
17
15
7
8
38
30
6
4
6
12
369
32
2
4
575
16
10
2
18
2
33
45
38
24
5
2
20
8
80
5
2
5
7
6
156
22
11
17
5
7
15
62
9
2558
2
36
21
107
4
2
67
55
26
14
24
174
17
46
53
32
33
4
5
3
121
11
24
15
6
35
5
6
1563
2
7
10
4
10
0
37
10
51
2
15
31
11
39
8
10
7
3
5
21
21
226
45
6
7
13
9
19
42
3
3
26
589
14
28
5
6
6
4
24
14
3
5
1
890
11
22
3
23
4
21
7
18
206
340
1
8
8
76
13
159
25
1487
5
16
7
1
8
44
23
30
1
30
5
140
35
7
299
472
27
26
26
30
1
9
117
7
4
11
8
18
0
2321
23
8
74
2
41
37
136
3
15
175
13
54
0
21
85
6
25
3
5
195
9
26
32
4
45
60
6
19
7
6
9
26
38
15
53
12
16
609
56
18
26
21
12
13
20
3
29
4
21
9
4
28
20
3
1
200
8
13
24
17
8
12
145
5
28
3
12
2
61
9
3
52
6
15
54
34
6
23
3
12
3100
23
6
14
15
5
29
6
10
159
20
18
6
29
1
51
15
7
17
31
60
8
26
72
40
218
23
7
11
5
3
997
53
46
53
13
1
33
4
58
12
13
17
11
56
2
16
6
27
26
30
13
59
1
2
104
2
0
6
1
8
10
62
11
13
10
10284
6
19
13
19
9
7
10
7
21
11
31
26
25
18
7
273
3
5
5
24
0
39
43
5
326
20
8
6
13
11
7
19
14
23
388
11
12
8
95
12
3
320
55
35
1524
16
9
12
16
11
7
87
9
10
2
5
138
16
14
18
13
8
824
20
540
36
5
0
11
1
36
127
2
17
28
31
22
31
15
12
50
1371
10
0
5
8
22
207
5
12
9
6
109
16
26
9
29
11
12
9
45
9
13
14
1416
95
22
21
17
22
7
2
15
214
16
129
3
0
10
26
77
15
19
3
8
86
0
10
14
48
40
22
30
83
246
10
8
13
4
11
10
5
10
2
1
114
30
9
57
5
19
15
4
12
385
51
2
16
12
0
4
5
4
14
8
11
5
19
7
33
15
2
8
3
6
26
2
48
9
3
0
18
59
0
21
5
12
111
7
14
3
408
8
84
1015
66
8
13
28
28
14
122
1
5
23
14
23
10
124
62
24
9
42
9
3
43
1
26
15
4
105
208
2
692
57
9
3
39
9
21
24
10
204
19
336
15
1
0
8
39
7
0
1
0
1
0
119
2
1
3
5
6
47
2
15
13
7
4
1
0
5
62
0
10
17
4
0
29
6
9
1
12
8
8
1
93
12
13
9
0
99
244
17
17
27
349
10
3
5
3
9
0
81
3
0
33
3
218
3
12
7
2
16
8
9
12
6
7
11
1
1
2
13
0
37
7
38
2
0
3
31
1
5
15
2
91
1
5
2
4
0
25
3
5
2
4
3
21
1
6
11
2
10
68
7
15
199
24
0
5
0
16
10
0
2
26
2
10
15
0
1
3
3
2
28
2
5
1
14
18
4
4
9
141
8
5
14
0
13
112
23
209
96
9
2
12
148
45
3
1
2
2
48
0
2
10
4
50
7
0
8
1
0
112
36
2
2
44
491
37
0
7
28
12
25
3
3
43
5
48
13
2
3
2
2
12
2
166
0
4
12
6
1
3
2
5
3
8
4
4
1
1
13
1
1
7952
2
14
48
9
14
0
11
2
13
34
0
10
3
45
23
27
2
0
15
2
0
8
422
3
0
27
1
5
16
15
0
6
5
7
2
7
17
29
5
2
1
1
5
7
1
2
14
2
3
2
3
0
4
1
2
3
1498
40
4
1
10
1
10
24
2
13
6
11
5
2
7
1
7
47
2
1
50
28
2
0
48
22
6
4
12
2
4
62
16
216
1547
13
19
3
2
11
13
4
15
13
5
8
7
1
15
9
11
1
12
6
0
10
0
4
8
6
12
1
6
9
40
1
11
13
3
1
6
9
21
3
3
98
21
7
2
513
2
0
1
12
19
14
2968
27
0
4
11
2
1
5
1
0
7
1
1
0
2
4
0
2
8
9
2
5
7
0
2
31
7
3
8
17
0
2
8
12
9
1
0
5
3
4
3
0
56
6
71
10
1
6
93
13
1
1
12
16
0
2
3
6
0
1
2
82
5
14
128
15
0
0
12
7
5
2
30
10
11
20
16
1
4
3
0
2
123
2
4
72
2
16
3
12
2
0
1
102
1
2
16
7
3
0
1
9
4
1
6
4
1
1
9
6
19
3
24
0
6
6
0
3
2
4
2
8
12
13
0
3
68
1
9
0
7
94
1
0
5
0
2
2
10
7
229
0
8
5295
169
3
75
419
3
3
15
33
15
6
162
1
11
3
0
0
3
1
4
5
9
1
5
11
4
134
0
240
3
0
2
41
3
11
6
22
11
8
2
14
1
454
151
11
5
0
30
2
0
1
3
4
64
0
21
10
3
15
7
3
11
14
4
28
18
8
14
2
23
3
16
1
5
0
4
0
2
2
1
59
12
2
2
1
0
13
6
0
24
10
3
9
0
686
50
3
1
18
1
5
2
22
0
5
9
81
13
22
0
12
2
2
2
1
22
0
1
14
1
8
1
15
144
19
9
11
6
0
12
8
1
31
3
1
2
599
17
20
6
13
33
0
6
3
4
4
1
2
1
2
0
0
2
62
1
9
4
20
9
4
16
0
2
6
3
1
0
25
13
33
3
9
1
5
1
24
2
4
12
10
22
11
9
0
8
1
14
11
58
271
12
600
26
94
2
3
2
3
8
61
2
2
5
8
0
11
0
5
5
0
13
3
127
167
3
1
43
10
9
6
10
0
3
49
87
25
2
2
17
19
10
26
3
1
62
1
18
7
2
6
0
0
5
2
5
1
11
74
3
3
9
0
6
33
5
14
44
2
1
1
12
13
9
8
6
21
24
3
1
9
110
13
9
47
34
4
2
0
0
2
0
0
83
0
0
10
3
2
2
7
8
4
70
10
1
1
3
2
13
440
2
12
1
1
9
5
9
7
20
8
1
148
2
2
154
0
9
42
17
14
0
2
16
11
83
12
8
2
7
0
1
0
0
14
17
2
15
13
10
7
269
0
0
0
4
0
1
1
12
25
34
1
7
5
1
3
13
14
10
7
15
105
2
4
2
0
1
0
0
29
24
7
1
0
65
3
3
1
14
0
1
156
9
2
5
2
53
11
16
9
10
3
0
387
23
0
1
1
8
27
3
1
4
1
1
12
16
2652
14
0
17
31
2
0
14
0
54
4
2
1
1
3
40
2
77
2
10
9
22
0
7
5
12
37
11
172
0
1
2
1
12
41
11
2
2
63
1
0
8
74
8
2
8
1
0
0
2
200
0
0
1
1
0
2
26
3
0
16
7
1
0
0
5
2
0
0
1514
22
47
1
12
12
15
1
11
268
7
1
14
0
7
20
11
0
21
11
5
1
3
4
10
24
1
22
0
9
57
0
1
5
1
61
15
89
7
4
3
2
34
1
12
8
37
15
13
2
8
0
0
0
4
15
2
1
2
4
3
9
9
7
59
1
9
8
0
15
13
23
0
3
0
8
4
0
1
2
12
1
15
0
4
3
2
48
7
3
8
4
2
0
31
15
31
44
4
1
3
6
6
22
0
5
3
0
2
29
138
8
0
0
0
2
3
0
0
0
0
6
2
11
26
11
5
12
8
0
2
7
47
10
6
3
12
0
0
11
1
2
4
5
7
8
7
0
1
101
3
30
0
1
0
13
5
6
18
55
24
0
3
5
4
1
94
15
15
2
33
12
14
38
7
9
9
9
6
193
0
4
2
5
2
3
0
7
1
32
1
15
5
15
1
5
6
0
0
12
1
30
3
0
8
3
47
26
0
7
3
1
19
8
11
10
16
79
1
7
6
0
3
9
0
6
3
0
1
0
1
14
2
1
42
1649
10
3
20
34
1
51
13
1
1022
11
3
3
0
20
3
6
0
16
29
2
1
3
1
15
14
16
12
12
4
2
1
1
539
1
17
26
185
0
19
19
506
47
26
37
1
4
0
86
19
145
0
2
1
10
10
11
0
3
1
3
59
16
2
131
3
0
3
0
8
126
1171
0
2
17
0
6
0
2
11
13
33
73
102
0
3
26
175
0
5
11
20
24
11
2
8
5
5
0
1
23
521
2
22
8
4
0
0
1
5
11
8
1
12
1
2
21
2
1
6
8
211
67
1
9
1
4
4
10
100
1
34
16
123
16
2
6
13
0
13
2
5
8
1
3
1
3
0
0
4
2
3
3
3
0
15
233
0
42
189
7
2
2
13
7
5
18
21
31
5
36
16
22
0
1
8
35
108
3
258
1
8
55
8
7
17
11
4
7
39
0
2
32
33
0
17
14
2
1
9
13
3
1
0
2
11
1
12
0
4
85
0
9
16
10
1
2
1
3
1
7
0
0
16
3
29
3
20
0
2
18
33
35
1
3
23
2
18
20
2
8
11
1
0
28
17
107
1
8
0
1
0
7
19
6
6
12
3
8
2
12
0
1
22
50
0
0
0
19
1
7
2
0
0
1
7
2
198
19
2
0
28
17
0
5
12
14
10
92
7
0
38
12
1
6
4
6
3
1
10
10
10
24
9
17
1
1
3
0
3
22
17
38
1
34
0
1
13
4
2
5
3
9
4
17
12
1
4
10
1
4
15
0
2
2
2
18
798
1
11
6
133
1
0
2
12
63
102
9
4
220
3
0
5
3
74
3
7
3
11
7
2
1363
8
4
3
8
0
141
4
8
3
10
3
29
0
18
31
54
7
0
6
5
11
5
1
0
10
7
1
1
12
8
7
0
0
3
92
4
1
5
16
438
0
17
38
1
33
25
80
0
7
17
2
14
20
15
2
4
25
148
13
0
13
2
15
39
0
23
8
10
11
2
15
1
0
2
10
52
5
8
2
0
35
4
5
2
0
2
2
14
196
0
28
14
37
2
5
9
0
9
1
1
27
0
6
2
4
2
11
35
6
30
4833
22
1
0
38
7
7
28
22
2
21
0
0
222
1
5
1
3
19
2
11
3
10
0
5
2
1
2
5
2
0
48
12
13
13
52
3
54
1
2
4
53
1
3
0
1
4
31
7
0
1
211
1
2
0
1
34
3364
45
8
3
0
1
5
8
3
0
20
5
5
1
12
0
9
39
35
8
31
2
8
3
0
10
2
1
2
19
4
1
13
2
4
8
20
7
19
3
8
17
7
2
1
5
11
1
18
7
7
1
0
8
2
3
2
1
9
0
18
2
0
3
1
50
10
45
16
0
6
2
42
1
1
7
9
95
2695
11
16
13
29
11
0
1
5
37
2
0
1
1
447
88
1
9
13
1
110
5
372
16
444
65
30
4
8
7
22
7
13
2
1
2
3
9
655
12
9
3
1
4
86
13
3
50
31
0
1455
18
5
9
7
1
357
200
1
2
3
11
3
11
1
3
8
16
2
0
24
3
0
41
1
30
13
3
1
0
7
205
52
10
16
8
5
13
0
2
5
2
25
8
3
0
0
0
1
22
1
8
2
1
0
0
4
7
15
0
1
30
26
0
133
6
128
3
157
2
15
26
11
0
43
0
2
1
5
15
9
141
11
10
5
7
0
0
0
0
13
9
0
17
46
5
4
2
9
7
10
2
23
7
35
21
1
14
43
8
4
33
3
1
3
1
61
4
4
3
25
0
2
4
3
21
5
3
4
1
2
1
7
1
6
15
4
22
1
1
1
1
2
1
3
3
2
11
75
6
1
138
2
37
1
0
37
15
28
6
5
564
50
47
14
2
1
2
1
1
4
17
14
8
7
9
0
2
5
6
1
107
32
28
0
17
240
38
7
5
8
4
4
36
23
1
11
3
22
5
0
1
3
64
9
2
1
1
17
9
292
10
0
1
7
67
1
3
0
2
14
0
0
18
8
2
1
4
1
6
0
33
82
13
9
3
1
1
3
170
10
0
685
3
3
2
7
3
5
8
2
14
11
1
2
0
6
17
8
168
7
2
3
3
1
5
13
2
0
6
0
2
6
11
27
2
12
0
12
0
0
8
89
1
6
131
0
8
8
7
77
9
402
3
1
1
3
2
1
0
1
8
2
18
8
2
0
1
0
0
9
2
18
2
78
20
24
17
2
6
0
76
3
1
3
16
0
1
14
0
2
2
129
8
58
180
9
0
112
47
5
2
0
13
152
1
42
1
154
16
13
10
4
1
8
24
13
2
9
11
3
23
4
1
10
13
10
1
0
4
9
2
13
14
9
9
29
4
208
91
6
1
4
27
4
1
0
6
19
12
0
0
5
0
12
13
15
4
184
19
2
4
10
10
21
18
2
18
3
0
68
9
12
0
0
12
10
2
29
2
425
4
1
9
13
20
1
33
0
6
11
196
3
3
4
1
16
0
28
2
8
0
19
4
50
0
1
10
0
5
5
1
4
9
1
24
4
12
1
16
3
0
4
9
1
3
27
1
296
2
5
0
38
2
15
88
89
10
18
6
4
0
0
5
24
10
13
46
5
0
31
1
24
4
1
61
3
5
103
2
1
1
10
0
0
3
1
0
11
1
39
11
19
8
35
7
18
3
31
38
17
6
0
14
1
6
0
2
2
2
1
1
7
91
2898
1
5
4
5
42
47
3
4
8
9
7
13
2
40
6
0
123
1
13
0
12
2
2
2
21
0
9
11
0
14
0
7
1
13
5
4
12
0
13
14
5
215
8
0
3
3
19
7
0
1
4
0
1
1
5
21
22
4
68
4
223
1
4
0
25
11
2
37
6
2
9
31
66
33
10
17
2
1
109
2
4
28
0
4
1
3
6
9
94
2
12
5
10
4
4
12
3
8
3
77
0
1
0
33
17
7
2
3
2
2
9
11
3
12
42
137
3
8
0
11
56
28
3
2
4
79
3
35
6
1
1
11
8
2
1
10
110
12
25
10
7
128
7
110
1
31
5
0
33
13
30
35
9
6
21
16
26
129
9
7
51
20
20
13
0
4
0
1
0
123
14
6
8
0
23
17
2
5
4
2
13
7
0
168
65
9
8
1
7
582
0
6
5
48
10
2
13
3
301
11
21
0
46
21
1
0
0
3
7
19
2
6
251
6
126
2
3
10
0
94
15
16
2
2
2
5
26
4
10
0
3
12
13
15
1
230
4
1
19
21
10
6
1
2
9
292
0
690
9
3
13
3
16
0
1
23
23
42
3
9
12
3
9
27
8
5
3
1
11
23
0
16
272
4
5
168
15
1
3
3
0
3
9
22
11
1
13
1
0
3
3
2
17
5
14
62
0
3
1
15
8
3
0
8
0
14
2
5
35
0
1
10
7
79
1
0
2
28
5
0
1
20
20
113
4
0
2
12
17
11
17
2
14
2
2
4
2
19
15
9
30
15
7
15
8
4
1
18
5
0
8
1
0
18
9
19
17
1
5
2
2
13
15
14
1
2
3
26
2
6
4
101
1
5
4
1
13
89
3
1
14
2
9
1
0
0
16
0
0
13
0
1
13
5
1
3
2
0
0
1
1
10
0
14
4
13
0
0
11
8
2
3
0
0
19
2
5
25
1
12
1
14
0
10
18
1
60
19
1
2
0
0
37
0
12
3
13
0
13
2
9
8
5
6
7
8
2
24
793
1
2
0
2
8
10
2
9
1
6
0
4
6
4
1
3
1
2
1
12
1
55
4
194
1
2
7
1
1
1
11
30
0
6
2
4
2
10
7
0
16
7
3
2
11
12
1
52
17
10
160
9
14
0
124
0
11
53
0
2
18
3
0
15
2
7
8
4
8
6
13
8
3
1
226
30
2
9
0
211
4
52
2
62
10
1
26
1
3
188
3
4
2
4
7
3
4
27
3
1
0
11
1
6
0
8
3
4
3
18
7
0
655
18
4
7
1
147
4
14
9
0
2
0
4
1
0
1
2
18
3
1745
17
1
4
5
4
12
10
10
30
0
0
0
3
7
5
0
14
4
86
259
4
19
319
1
12
1488
4
0
1
1
3
3
9
14
15
5
78
21
4
0
6
21
0
0
6
1
0
177
92
0
659
91
7
0
6
143
2
1
1
1
5
3
8
33
5
0
7
45
15
4
15
4
10
22
9
1
2
13
1
1
6
5
2
21
6
11
4
4
0
2911
11
0
64
88
24
1
98
2
5
0
1
28
1
10
782
3
13
29
20
11
14
4
4
21
1
18
201
7
18
0
15
8
39
1
0
3
6
7
12
1
10
19
24
13
1
116
12
2
9
9
0
242
2
30
3
11
13
6
0
0
1
3
13
5
1
0
0
12
1
5
2
8
24
5
0
26
0
104
1
6
1
11
397
7
581
4
1
8
5
15
0
11
11
7
5
4
196
1
1
96
2
2
37
0
0
11
6
17
98
4
8
5
6
38
9
0
230
2
18
15
63
3
7
3
0
124
17
11
4
33
13
5
8
3
4
10
656
7
72
195
0
20
17
16
0
0
4
17
12
15
23
1
18
4
8
6
3
2
0
1
5
5
6
25
2
3
3
0
6
0
6
234
3
23
1
157
23
1
1
12
6
7
2
20
2
2
9
5
22
2573
92
22
8
25
77
1
3
57
11
7
5
26
1
14
16
6
19
3
2
6
0
11
4
1
4
8
9
1
19
5
0
6
1
25
11
1
5
5
40
11
11850
5
0
0
1
4
0
14
15
1
0
2095
3
1
14
312
9
2
0
12
2
6
8
11
24
69
3
2
67
8
17
45
2
6
28
22
5
1
0
3
8
1
31
13
7
2
1
52
29
0
0
5
2
0
4
3
1
1
4
10
91
4
0
107
1
2
0
0
5
9
36
2
2
137
11
6
9
14
7
16
4
20
15
0
1
1
7
9
2
15
0
3
15
16
3
90
15
9
6
84
9
2
23
26
86
8
2
22
2
0
0
9
7
2
1
2
1
5
0
0
5
1
4
4
11
2
1
0
4
17
8
74
1
20
3
2
13
0
13
5
8
3
3
1
0
9
1
5
6
0
0
7
9
3
3
1
0
5
425
15
5
14
0
2
0
256
28
18
3
16
1
9
79
1
2
15
179
13
1
62
8
28
0
7
9
2
124
4
0
1
0
2
9
0
7
216
4
172
0
2
9
6
12
2
2
17
0
0
155
19
0
5
6
214
121
7
18
12
31
1
22
1
0
10
4
12
3
15
2
12
1
11
4
2
2
6
2
26
5
104
2
6
20
6
24
10
0
0
2
1
12
24
9
1
0
2
53
5
1
16
8
0
0
1
2
12
3
3
14
7
13
0
1
7
14
21
0
0
15
4
11
4
0
2
9
1
4
1
4
1
105
18
12
23
1
5
53
2
1
0
1
4
14
2
3677
54
1
0
0
2
53
14
2
10
0
14
10
15
5
12
3
17
15
4
3
9
14
12
7
23
128
2
8
60
20
0
12
0
3
10
35
3
3
2
7
11
9
0
0
8
0
82
3
1
0
4
8
3
1
1
11
11
2
0
69
0
4
0
24
4
9
11
0
2
109
4
283
1
1
62
319
7
2
0
13
4
0
8
2
44
2
43
7
2
1
184
8
15
0
0
602
4
0
2
25
1
13
17
1
3
2
220
12
0
136
25
11
8
5
18
0
99
3
10
690
1
13
5
0
7
18
5
41
0
300
0
9
3
22
52
1
2
1
9
1
50
22
3
0
10
3
0
24
5
3
0
5
0
0
3
21
61
3
13
0
0
26
7
0
6
3
4
5
4
1
10
18
7
1
9
1
24
23
17
19
3
10
1
2
1
2
8
4
0
3
0
102
1
2
17
17
18
46
13
0
2
4
243
9
4
3
1
1
16
1
0
9
4
12
1
2
19
1
3
5
17
0
0
1
5
1
29
5
5
1
0
2901
4
0
3
5
0
8
9
63
3
11
3
9
1
21
37
8
23
20
9
0
115
6
14
3
7
8
13
92
6
5
5
1
1
10
12
10
45
18
6
0
6
1
13
0
11
10
2
15
0
3
3
7
1
0
0
8
5
1
6
26
2
1
1
44
0
14
17
2
2
0
12
2
26
10
22
2
1
3
5
6
10
16
21
14
1
3
1
6
5
0
4
29
28
11
0
9
13
29
3
16
16
3
103
0
27
0
5
1
0
4
1
6
3
21
0
2
0
29
2
1
10
17
17
21
0
6
12
6
18
0
3
1
1
2
12
7
16
20
42
15
380
236
54
3
8
41
5
36
5
28
1
276
5
6
1
2
15
9
4
7
26
23
3
15
28
4
10
2
14
3
1
3
10
18
5
0
1
11
1
4
2
0
7
6
2
2
25
203
0
1
0
72
0
9
32
9
6
12
17
5
78
9
3
1
2
1
3
2
8
97
0
1
4
5
10
1
0
12
2
2
403
12
0
2
27
10
14
0
64
12
23
5
2
0
24
0
0
11
1
25
73
13
2
3
12
3
1
13
15
1
9
21
20
73
1
48
11
6
