6932
1621
2068
3184
3964
2364
3470
2687
4662
2605
2914
5740
4964
1594
10053
3543
1362
5768
3434
2225
10125
2091
2086
2929
2410
1040
1028
2589
3817
3452
3898
6117
1686
7203
1567
7062
1595
3438
3999
1295
1168
1694
1073
7228
1588
3994
1522
7465
3977
3400
1982
1008
5651
1662
12693
1487
2230
14705
2775
2878
6438
3903
4704
1393
5276
6242
4131
1713
3458
5723
969
3205
2394
2433
14175
1732
1708
1820
1850
3504
5101
4629
2316
3908
6441
6234
2542
1514
3091
3328
10104
871
5121
4511
6427
2978
2608
1361
1893
2804
1710
1837
1252
2285
2197
2023
1960
1314
1895
2280
2341
2518
2302
2744
2945
8102
2320
7467
1787
1084
3474
2645
1590
3932
2691
4170
6394
3250
2721
7742
1424
2506
1258
5442
3211
4078
3399
1869
13937
3019
1638
6012
1451
1923
2658
8654
3955
2398
2214
3945
3643
1768
3105
1662
3079
3219
2802
1343
2483
4268
1621
5231
2379
1651
2230
5450
2604
2083
7978
1517
3361
5255
3433
3057
4277
1287
2598
1764
2652
1451
2159
2315
2467
4646
2428
1372
1143
4425
2965
3452
1970
5611
2638
4662
4241
3353
1950
1944
2761
1561
3700
1731
9953
3759
1644
1783
2274
1153
3344
1936
1924
1780
5483
2384
1392
1757
3071
2261
3239
1533
6010
1536
2844
1300
2140
2920
1559
1170
1996
1449
4594
4468
2374
3546
7493
1816
6120
2542
3706
2114
2288
3054
2535
2843
1708
2364
1326
2111
1225
7221
1217
1832
1974
3812
4364
3508
2260
1289
3086
2257
6638
22353
1700
4078
3115
2273
1964
3596
4766
2899
7528
2405
3776
1296
3778
2904
8532
2114
3524
2576
2618
1692
2024
5479
828
3003
1550
5141
2285
5135
3043
3211
2291
1500
1538
3298
4756
3170
2343
3021
1596
1930
3319
3108
2400
1698
2267
1142
2490
4650
4163
3103
5430
2960
7855
1355
3976
2236
2363
949
1445
2340
4216
1631
2061
1714
2505
1866
5165
3803
2955
4914
3693
2297
7067
6664
8894
5984
3388
2937
3360
4361
2226
3260
6320
1546
1615
1948
1408
937
2136
1030
4080
1532
3857
2557
3142
5401
1041
1548
5219
3368
2740
3934
1408
1565
1396
4393
4064
1655
8320
1958
1185
2686
2377
1703
2080
2553
1083
5148
2447
1827
2562
5600
2102
4173
2325
1574
1713
5926
1953
2749
2546
2159
7040
8812
1273
6036
4586
1916
2595
1636
1723
3292
1516
3019
2867
9282
1533
1462
6407
7086
6534
2975
5670
6485
1663
1490
3381
1787
3092
1502
2082
760
2067
2273
984
3628
8585
4915
6676
2594
2950
1810
4841
4897
1549
1625
3684
3523
4437
1942
874
1992
2034
2871
8504
3246
4806
2125
2222
2532
2486
12117
3469
954
2095
3257
3141
3875
2635
3066
1810
2381
1957
1280
5045
1107
2693
1486
2083
3526
1273
8781
1436
2014
5427
1518
1915
1909
4341
1939
7604
3841
2028
1681
4409
1391
1692
9564
2907
2936
2791
2460
3755
1709
1351
2849
1793
3990
1349
4707
1198
2312
2477
1547
5187
2691
2543
2835
2207
4937
4799
1447
4784
3628
1139
6501
2878
2083
3117
5517
1856
2865
2714
5830
3719
2353
3722
9357
1867
5965
2899
1861
2205
2533
2884
4278
3537
3235
5763
1840
1639
1617
1835
2409
1398
1828
1260
2938
2627
1266
3499
2960
2414
1240
2743
1268
1190
5313
3977
7292
1464
1007
1225
2384
979
3770
3817
3858
6410
1886
3055
3661
1640
3859
5334
4330
1627
2288
2134
1820
3165
1532
2072
6792
1834
5164
6246
1644
3484
1918
8009
2397
2391
5543
3804
1809
1608
1790
4936
3511
1354
1507
3471
2729
2007
1833
3786
1814
1510
3296
1330
8788
7093
1585
2456
3171
3690
3581
1452
1882
1554
1622
3452
13284
3826
2013
3107
4158
4160
2519
1736
1692
2340
5892
2634
2530
2706
2336
2584
3328
2829
1951
2515
4629
2374
2241
1159
7116
8114
916
2880
1416
1841
2381
3363
2077
4627
3901
2910
6468
6327
1932
3846
1479
2680
3616
7271
4579
2043
3987
1285
4778
4845
5006
1550
3519
4716
2093
3183
1541
1657
6239
5373
1774
1580
1197
3272
2692
1919
2745
958
3922
2973
6329
1485
3592
4646
1529
4532
3586
5303
1885
2179
6691
1576
2139
1499
2402
772
4389
2170
2071
6925
11467
1742
2755
2949
1495
1653
1590
2298
2086
2266
2866
1519
1601
4710
6059
7717
3889
3760
1357
3024
2507
3992
4387
1213
1187
5997
1418
3728
1655
2075
2718
2514
1572
2767
4125
3173
1943
2583
1527
2377
2320
798
4999
2970
1812
2757
1621
2985
2525
1296
2780
1987
2743
2707
2298
1773
2902
2911
2212
6637
1972
6221
3413
1722
5989
1627
3012
3254
3822
3674
2159
3009
1318
3345
9501
1122
3192
1763
2409
2087
1775
4154
2949
2336
2329
4045
2291
2628
4504
4198
1440
2100
4434
1943
3961
1843
1517
2555
7342
1945
11263
1528
6382
3466
3582
6947
3037
2156
1205
1974
9933
1875
5536
3252
4054
2712
5334
2846
4269
3897
2176
3257
2559
9483
23232
1568
1187
1543
3179
2577
3016
2766
2562
2776
2219
14109
3412
4748
4135
1646
2770
2394
2380
1391
3034
4220
1928
2814
6775
1526
2277
1706
1711
2557
3021
1634
1746
12691
4710
5592
1777
1110
1286
2637
3986
3894
8201
4017
3424
3299
4531
1987
1456
5921
2772
2339
2850
3694
2451
1261
2709
3050
1913
3989
3305
3349
6787
4322
1821
3202
2517
4089
2857
2277
1423
2613
2828
3080
2569
3861
2440
1816
8469
3257
2183
2406
2953
1287
2970
1491
5091
3326
2191
2505
3422
5620
1156
4617
2397
2260
1758
5270
2091
3503
3923
1311
2910
2506
2556
5486
1846
5728
2191
1789
2465
5317
1677
2444
1725
2009
3198
2279
2509
1590
2899
3437
2065
3607
3000
2470
3932
1560
3566
4323
1690
2883
1488
3039
1828
4558
2588
4574
5161
3650
2699
1817
2641
1958
3314
2019
3011
2152
4149
1625
8024
1924
1668
2698
1152
1466
1731
4530
7587
1380
2997
8280
2948
2287
1894
1614
1411
2524
1736
3100
2483
3989
2133
4014
13418
2518
7063
6893
4017
1722
1689
2347
3764
1285
1780
6783
3151
1653
1196
1915
3068
5061
5084
2651
1394
1139
1912
1207
4359
4261
2435
3546
3820
3242
1517
2182
5213
1506
1389
5174
3937
2927
2248
3169
2798
3496
2447
8987
2879
2167
1824
2561
1899
2017
3172
3885
2284
1821
3655
1504
1685
2208
3984
1178
1808
2918
1631
2976
1355
1711
2765
844
2745
2504
3381
1466
3632
3757
3183
1208
2205
4547
1552
1595
1934
1577
4097
4669
2525
4002
4208
4826
3499
1300
3463
2561
3469
6100
1722
1584
2218
3090
4127
5265
10451
2794
2001
3764
5761
980
857
3295
2783
2820
3695
1523
5296
1546
1879
1628
4168
3002
3374
846
1867
6216
2789
3645
2462
1892
3286
3721
3034
1203
2302
4653
1750
7211
2657
1472
1056
3079
2558
4220
1789
2230
2528
2680
2567
1444
4009
4353
1535
3214
2194
1722
2119
8004
1235
2067
5473
3726
1994
2614
1900
5091
2294
2552
1992
2037
3207
5110
1384
6828
6458
2786
3383
2014
2543
3222
2734
1136
4174
1552
1319
1809
1893
1510
2531
1832
1891
3428
3560
4923
2623
3142
2938
1505
1455
1098
1792
2364
4571
7552
1224
2389
1320
2978
3857
2580
1633
4246
2283
3499
2555
3319
5405
2522
1621
1637
1505
2319
5559
1945
2253
1594
3326
1401
4570
2044
2570
1707
1610
4555
2148
1793
6290
2859
2072
1354
2014
4809
2562
2340
2721
2901
3529
7788
3648
2456
2370
4965
2157
1132
1781
6715
1160
3851
1150
2416
4796
4296
6583
3158
2439
2026
2713
1952
1572
6559
4815
1438
1564
2632
3347
2910
3696
1543
2352
7645
3495
3017
1731
1720
2326
6337
2233
2326
1996
3767
1897
1173
5302
2415
1426
2935
1617
2683
3359
2786
2325
3209
3608
2773
2847
3411
4666
7072
6060
2788
6611
2994
2228
1844
1574
3952
4964
1366
5857
6311
1472
2418
3112
1910
2331
1198
3635
4326
2453
3454
4405
1215
6912
14210
4919
3338
2607
1971
10835
4070
1910
4993
3852
2832
3502
1604
2454
1829
4285
2643
4199
5561
6520
3448
3730
4385
3373
2623
3941
2578
7085
1717
3667
13760
1177
4654
5143
9323
3442
7383
2926
1350
3188
3609
7494
2327
1447
1948
4594
2716
2378
2504
3445
1385
5231
2603
1752
3158
3706
2757
5373
3465
2807
2308
4420
2917
6186
4045
5470
2621
2609
8009
1718
1970
5363
3126
2276
4184
2084
2918
2374
3374
1921
1826
1707
1753
10206
16393
4306
3293
1581
2540
1892
2507
1441
2185
1329
4138
2996
2151
2816
912
2120
7644
3398
2032
2634
2287
4242
1333
3994
3535
1441
1545
2811
6473
9064
1695
1368
2142
7258
2552
2439
2086
3467
1999
4130
5224
3236
2746
3480
1243
4353
1831
5402
1088
3221
2436
2211
4878
3374
1293
2877
2105
11290
2973
2575
2692
2558
2926
1141
2662
2632
3275
1654
2721
1891
2205
3840
10727
7581
1789
1813
1523
2485
6054
1438
2923
2020
4870
3068
3783
3343
2076
2840
1016
3262
4151
4130
2872
4773
4985
687
3418
2510
3073
1993
1111
1896
3091
2174
2571
15130
4032
2835
1318
2333
1411
1925
3910
3177
2770
1524
2704
2422
3032
2746
1584
2740
1807
2733
6234
2657
4552
1741
1518
3575
7764
5227
3430
6239
6888
2335
5904
4285
1989
1875
5221
1815
3878
1902
3027
3497
4551
2129
3536
3912
2272
8458
3521
3104
13157
2330
4683
3305
3032
1587
1724
4710
2801
1976
2137
1382
2809
3276
4897
6584
3208
3052
1199
2046
1733
3178
3183
1829
2298
2105
1927
6806
3397
1686
1845
3607
4378
2398
4472
5473
3663
1894
2457
1692
3208
1613
2919
3794
3974
4108
1466
1126
3909
2682
2736
2911
2002
2023
3192
5606
2586
1755
5563
1750
2640
1908
9600
4313
3472
18913
921
2119
1293
4088
1768
903
5017
2586
1637
2852
1961
3938
1432
1694
6560
1875
3060
3087
3480
1686
3159
1288
5948
1563
3148
3917
4316
5650
4941
1185
1201
4052
2106
2352
3498
4661
2704
5883
2238
2559
1645
3245
1431
974
2142
4084
2735
1817
2198
3708
3279
3686
2166
1711
2712
4760
2687
4848
1443
1721
2141
2126
4941
3231
3370
3475
2103
2112
2740
5077
5218
2467
3529
2087
1431
1079
2037
3435
6155
5627
3726
2574
2082
1499
6997
1218
1546
3166
2329
2490
4468
1332
2096
1869
2079
1187
1437
1214
2923
1502
5056
1132
3139
1115
3599
2324
2336
2807
3036
3238
2427
1614
4477
3393
6853
4826
4778
1875
4421
2550
3098
1198
2126
1426
4691
1237
3511
1555
2166
2948
1694
3094
2322
2603
2345
6635
6752
11014
4954
4157
2323
3389
3172
3087
1884
2126
834
2422
1909
3443
1908
2644
1137
5121
1709
926
3417
1962
1023
3395
5298
1563
1355
1405
3598
2027
4124
2690
1497
5139
5904
1182
2031
6873
5107
4106
1976
2904
1556
1558
1426
1234
2657
8263
1706
3536
1246
2657
1864
3276
6038
3089
2466
4031
3868
4521
5078
2082
1190
2632
9265
3953
2687
1826
1956
5877
6501
2340
1978
1154
5459
3583
6109
3520
2010
3342
1902
2828
1730
2668
1508
4217
3179
4763
2548
6954
1833
1271
2136
1562
1814
2579
1767
2424
4938
2637
3102
3240
1179
1854
2830
1540
1908
1632
3847
1373
1864
3653
2233
1689
2230
1730
1249
5352
3518
1909
2011
3093
3586
23817
5487
10126
5104
1310
3753
2236
2872
1227
1770
1665
2650
7818
2513
2936
3601
1931
2565
3925
2463
2523
2087
1400
2133
1218
2986
2059
3383
1113
1345
1878
2375
2619
3073
4459
1523
6808
14086
2690
1714
2958
4281
2943
7359
7210
5665
1769
3935
1184
2495
2293
1412
5663
2337
6227
2830
4212
2859
4911
2504
2153
6368
3486
1333
2661
2158
6220
2094
1782
2490
2099
2493
3070
1433
1733
8600
7687
2456
3701
7702
2422
4585
2474
2004
1285
2416
1647
2723
4882
2807
1494
1612
2666
5811
1728
1992
2429
1952
2614
2343
2566
1895
1980
1757
6509
1758
2807
4651
2866
4174
8067
5555
4197
2804
6464
3986
2662
3278
2254
1502
5448
1889
1739
3887
1553
1694
2454
1501
1004
1854
2853
1935
2805
3111
1812
7481
2668
3578
1599
2914
1989
1342
1778
2482
2595
2765
3700
1700
1643
4567
2707
4680
7412
3036
3294
2993
2057
3456
1926
2363
3032
4244
1862
2595
3411
7271
7032
2931
4229
1745
2656
2095
2801
2525
2520
3498
2053
3156
64189
3864
2087
11367
3480
3281
1660
3013
1536
4986
15196
3068
2385
2416
1274
7071
2156
2026
4003
5007
3327
1476
1346
3313
4129
2804
3699
2226
2061
2012
1787
1739
1249
4287
2486
2556
1453
1982
1900
4659
9865
2537
3593
5117
2223
6165
2425
1350
4195
2539
2851
4499
1743
3033
3716
3647
2665
3161
3922
5018
1971
2968
2629
3499
1976
5189
4470
3344
2359
2801
1424
5284
2650
2977
2125
1722
3348
1489
2671
3917
2118
1839
1736
2208
1983
5102
1922
1400
2223
9840
1970
1861
2969
18130
1695
4004
969
1190
5799
4307
1792
1546
2791
1411
2708
1602
3749
2440
2360
2454
3442
13679
2695
2314
2331
5026
4545
2384
2250
2583
23185
3801
1838
3637
2847
12104
2814
1684
4905
1660
3384
914
1678
3130
3883
1380
1309
3179
2698
1648
3627
2730
2157
1895
9884
1182
1398
1846
1780
2646
7221
2438
4932
2263
3055
2345
1596
6801
1505
4140
1584
2849
1672
5566
1309
1777
20772
6364
1191
2789
2101
7289
6830
5215
3858
2225
2113
1521
2495
2330
2262
5105
1034
1749
3742
1769
1762
2789
3332
3809
1319
3092
2617
2037
3697
2798
2872
3025
5731
1913
2134
3227
1969
1677
2939
2743
2296
2521
2173
119813
2778
3531
2264
2867
3223
2905
6937
1448
4614
2083
1579
3733
3700
1422
1411
1906
1763
2742
1945
2059
2692
1324
5025
4476
1737
3559
1718
2997
2301
1834
2914
2416
3706
2621
1490
3695
2233
974
1929
3173
2118
2078
3711
1929
2028
2877
3965
2994
3221
1072
1993
3357
1903
3461
1721
3697
2290
3819
1636
1469
3387
3204
1322
2685
2797
1785
2693
2390
2526
4452
2854
3381
2334
3074
2167
3635
1604
3301
1611
1801
1643
1726
2197
2491
1534
1265
3980
8781
1974
3434
2374
4130
1722
1963
7343
3758
4789
2566
2871
4227
2714
7915
6227
5324
4592
1745
2470
3550
8895
1119
3348
1926
4725
1262
2747
3035
3264
1738
3631
4752
6648
10928
3002
5174
7309
2193
2090
6206
3394
2672
2403
5119
993
1613
2036
2631
3007
3026
2554
1512
3600
4745
4983
1131
1892
2497
2390
1429
1354
1946
1625
1663
3122
6870
3415
2150
3902
2403
5063
4858
1565
1524
1846
2051
5296
3662
3893
1644
1700
3119
1719
1302
3462
1812
7714
5914
1657
5165
5297
2357
2600
2512
1416
4333
2032
2290
1475
2638
1070
4396
2919
4203
2327
1378
4106
1209
1918
1939
3362
2989
5141
4289
3473
5244
2579
2127
2179
4562
2634
1776
4963
2594
1981
6303
2951
2653
1388
7813
1449
3265
1507
6697
7540
2042
3768
1847
2299
13245
1995
2385
3261
2421
1199
1501
2777
3475
3844
1421
3466
3299
1861
1837
3523
10901
1214
1181
1120
1462
2509
2037
2842
2589
2675
4140
2954
2382
1742
3386
1182
3124
3304
4359
2594
2811
7374
1081
5626
2189
2762
2291
3134
6799
1490
5317
2833
1763
2793
2724
2924
2797
2197
5355
2375
2704
2616
3433
5579
1206
2480
1519
1230
1664
3213
2713
1940
1549
10961
5369
2510
5018
1022
2812
1476
5708
2730
2195
4924
1543
1773
3560
2006
7415
2823
3763
3808
1171
1718
2947
2030
3317
6977
1634
3534
2466
3643
1868
3274
1305
3384
3742
2499
2829
2043
1564
2595
1973
4203
4462
3732
4723
3226
1492
1896
1469
1841
1402
2370
2462
3722
1703
3352
2182
2335
1091
4144
2071
4004
2663
3005
6391
4853
3789
5412
3310
7650
3639
4181
2092
2958
4678
4451
2223
1176
2425
6056
2723
3423
2941
3505
1840
3141
1176
2541
2205
1664
2903
2130
2720
7334
1824
2468
3490
2054
2717
2342
1565
1537
1805
8554
5139
4545
1628
2308
2271
1447
1213
2264
8421
3214
7135
1083
5483
2409
1844
2794
1979
1463
1830
5049
1344
2434
7427
1784
3653
3016
1986
5455
3080
3024
2303
2863
1900
20549
2629
1154
4361
1414
1624
1458
1133
2224
1665
2241
6165
963
3790
1717
7136
2822
1674
1497
9421
3909
1523
3464
1574
1084
1682
1664
1471
4110
1777
1011
4284
1277
2058
2991
3394
1683
1740
1167
2608
2420
1283
6554
2973
2280
1615
2150
2509
1096
2041
3173
2043
1731
2021
3624
3745
10703
2305
6931
3675
2799
1871
3080
2079
1914
2920
2784
1662
2375
7600
1437
2809
1403
1658
2262
2852
3383
2313
1984
1333
5797
3308
1569
1620
3248
5089
5249
3818
2859
1696
2555
1142
6205
5058
1558
4153
8672
2173
3170
1730
2451
2360
2038
2964
2456
3634
2094
3480
2076
4724
1269
2461
1987
1608
2395
3269
1020
5574
2057
16186
2017
2098
7631
15995
970
6708
1533
4051
4463
8909
1474
1602
2430
3243
2737
5519
2863
2634
2863
2874
3231
1555
2953
2399
2056
2631
3032
1385
1745
2260
2348
3161
1769
2781
4706
2981
5809
1722
3159
1411
5806
4792
3193
6100
4146
5623
2734
3924
3731
2700
1600
1368
3164
2560
2567
1475
7375
2224
2343
5044
1352
2034
1923
1454
5051
6555
1747
2103
4897
4449
2174
1219
1733
3450
3084
2654
3811
2884
1917
2948
5004
2884
2050
1627
1647
2988
4181
2213
3826
3114
10082
1023
2164
2045
4076
2771
4683
4836
1281
9285
5709
3523
2023
1239
1678
2030
3202
2099
1264
3796
1226
1337
4230
2746
4102
3649
1699
1958
3358
2072
5726
6880
4132
2786
3986
1403
2010
4214
2233
1467
1781
1924
5041
1549
2532
6934
4955
2102
1567
2795
945
2503
1762
2838
2433
2442
6702
6105
1029
1581
1292
10378
2247
6579
21271
2524
1288
4017
1502
3163
1886
1652
2115
4311
1253
1809
1671
4276
3199
6037
1713
2067
3758
892
3861
4719
4119
1855
2297
3577
2429
4959
3519
1724
2490
3443
946
2390
7091
6044
4381
1900
6979
2052
2680
2168
4157
9072
5125
1525
1972
6209
1514
1652
2336
4635
1680
2415
5309
5266
2024
6471
2111
1048
2485
1458
1446
1562273
1623
2218
2423
2417
1800
4979
1349
1756
6939
2752
2056
3008
2703
1824
1988
1280
5416
2805
2722
1457
1569
2867
3224
2391
3773
1387
3281
2099
3725
2057
3302
1193
1266
6726
6371
953
2538
2959
2158
1963
4274
4950
1136
2252
1329
1463
11868
3669
2311
3422
4115
2464
2705
2521
3786
7003
3273
1818
4730
1679
1946
4502
3755
3819
2851
4142
1692
2368
3246
3603
2620
2154
3900
3152
2352
3285
5659
1904
1593
1103
2976
5286
1687
997
2638
4029
3229
2529
2871
2038
2477
1255
5936
2112
1736
4040
1732
1213
4114
1642
8272
2319
1487
2764
3980
2595
5496
4276
1558
3688
1585
3910
9336
6155
3640
2223
2234
1739
4706
2421
2398
1387
3038
2128
2580
1542
1318
2007
1366
1154
3441
2111
2970
3745
1544
2501
9861
4646
1987
5926
3115
2392
2972
4007
8713
1677
2134
2540
2036
5929
1598
8023
1545
2248
1329
1686
2815
1312
2639
1354
4048
1741
5390
2545
1625
1678
1044
4709
1168
1414
2660
1693
1601
2892
1502
2270
2999
5478
2153
10159
5953
2298
4194
3068
1909
3339
1007
3723
2540
1420
1604
2785
1580
944
3654
2174
5393
2680
1698
2808
4070
2334
1843
1848
2065
4282
2200
3930
2942
3499
2030
2811
15062
3217
1393
3709
7163
3043
1825
1689
1432
6078
3631
3698
4473
9929
2529
1639
2459
1852
6176
3121
1204
2512
1080
2515
1662
2599
2612
2208
1311
3079
3077
2657
5176
4917
1425
2221
1522
2640
2976
3318
4401
3005
3643
1569
6242
1196
1942
4701
3500
1794
3301
2771
2372
2007
6326
1418
3493
2839
2656
3253
1673
5124
3953
2784
2519
2213
1212
2411
2913
4181
2194
6372
6037
2705
1756
2163
1400
1840
1306
3066
2321
4090
2554
2921
1977
2248
1699
4949
2521
4040
2221
4742
5277
2464
2563
3901
1886
2249
1667
1686
3397
3763
3425
1548
3136
3458
2977
2413
1659
2828
1665
2430
1631
2990
3631
3550
2995
2339
2163
792
1823
9347
2965
3562
11573
1427
2719
3562
1963
3583
1748
3055
2631
3389
2163
1193
1618
2844
3077
2017
3239
1828
2777
4547
1343
2588
1816
3597
1831
1754
2300
5189
3250
4258
2997
1090
2425
2440
1977
9173
3221
2613
1741
1168
3357
4642
2816
8992
3267
3878
6953
2547
4186
5304
2062
1866
2830
3119
4282
5924
3198
3555
3550
5010
3486
2023
5347
1773
1608
7657
4858
2247
3554
1104
6498
1609
3994
3198
2254
3085
3119
2191
3187
1840
2508
2131
4592
22605
1309
8156
2366
2361
2723
1810
1593
3385
3754
3329
3025
4013
3176
2886
1586
3579
2510
1957
2739
4548
1925
3659
3216
1576
2364
3077
1649
2362
3944
3414
2718
4241
1979
3314
4433
1827
1666
3538
3234
3417
9749
1462
3907
2408
2942
2356
9104
4631
4188
3187
2414
5883
5902
3096
3415
3368
2354
4947
3106
2991
4467
3821
3440
1761
2420
2195
2178
3301
2556
2866
4560
1833
2041
1797
2768
8347
2388
2098
1205
3537
3103
4451
1787
2143
5485
90538
1770
3213
2074
7864
2674
2461
2111
2391
6416
1727
4063
5626
13534
4212
2252
2441
2785
2199
2190
2105
1714
2384
1399
2256
1967
1176
2074
1419
3133
3217
2713
3000
3121
3265
3949
1564
1748
7083
2884
2987
2893
2158
2069
1402
4177
2469
2744
1954
5742
4867
4212
3020
2570
1638
9153
1605
6409
3531
6492
1818
3169
3162
4366
1075
1193
1727
2756
3897
1857
1335
2631
4375
2425
4234
2670
2844
4597
1983
4643
3023
2535
2426
3790
1367
5400
2494
2248
2979
4754
4682
2198
1580
1324
21347
2839
1335
5819
2166
3476
3423
1605
7827
2762
2747
1839
4650
1507
3798
2366
8901
2622
1619
3636
2370
2601
2783
4521
8331
3896
5518
3214
3928
2149
9557
3020
2509
1964
2283
3163
3499
2523
3682
2830
4320
2145
3901
4439
1922
1967
1685
1696
1779
3002
3309
3498
2582
1630
1816
1095
1979
3970
1463
3402
3758
3997
3286
3875
1662
3082
2692
4597
3916
3580
1383
3435
6872
2469
2818
3683
10988
3909
1621
1554
2260
24965
2183
3479
2986
2391
2595
2938
1921
2658
2268
1167
2174
5493
1144
4016
4060
2021
4741
6454
1304
1708
2955
1321
6137
2158
2014
1766
1167
1441
1701
1933
2972
2920
3265
1920
10300
5021
2991
1389
3273
3135
1543
1478
2372
2426
3516
16328
2380
1856
2048
1204
1518
2895
1356
3160
17871
2292
2527
3644
6001
7668
2392
2009
3243
1386
3586
3689
1576
36534
21511
4367
1849
2886
2263
1997
1500
5252
1520
2252
1706
1646
3105
5039
2618
2404
2791
1362
10436
2255
2367
2931
13186
3263
2712
1371
1748
2629
3217
1928
2025
3227
5003
2758
3538
3814
1411
6754
3755
4087
2465
5112
2157
2139
6518
1976
2588
2751
4514
9010
3159
1933
3922
2881
2228
3738
2168
1851
2450
1013
2167
2702
3603
4905
4728
1629
2898
3760
3275
6311
3098
2297
1182
4015
3263
1445
2034
2085
2286
2856
4107
885
7964
2018
1273
3054
2845
2738
1950
1093
1602
9189
2142
2887
1331
3403
1937
1698
1155
1632
4015
2345
1156
2749
6961
2321
3334
1367
4286
8574
2086
6943
2465
3665
3666
3113
1975
1943
2429
2073
1546
1884
2109
3306
12913
2960
3525
1478
2830
3831
3155
3084
1174
5264
1368
2081
3415
2406
1143
2598
1549
2309
3057
3014
2758
3841
3535
3538
2291
2257
2058
5344
1869
2946
2629
1368
10709
2093
2195
2278
5042
2831
9269
8078
3319
2108
2009
1635
1670
10509
9661
1539
2300
3429
3719
1834
2377
3817
2552
5432
1136
1939
1292
6314
4534
3486
2830
1949
4604
4688
5259
2140
3912
1431
2509
11402
1200
3705
1366
3756
2153
4785
2101
919
1582
1654
3273
3498
4031
3359
3165
7087
2918
5678
5514
6139
3141
2868
3102
6613
4404
3716
2087
4327
4071
2395
2311
2687
1361
3323
1608
3023
938
2624
5929
3064
1410
3338
4924
2251
1916
3786
2533
5035
3617
2257
3606
2220
8185
2122
2525
7049
4724
1550
4260
1551
1359
3148
3796
2095
3023
1320
1375
1577
4353
1716
8315
15074
4897
4253
2870
3093
2718
4804
1509
3695
2164
1597
3661
1189
2297
982
4368
1558
