10
3
26
13
5
13
0
3
2
8
6
9
20
35
15
71
21
12
5
6
1
13
26
39
23
4
12
10
13
103
22
2
11
582
28
6
30
26
2
20
21
7
6
7
7
19
13
13
7
24
21
31
7
17
1
7
8
9
26
7
33
27
6
50
11
81
8
7
19
17
48
29
56
48
1
11
5
116
10
6
14
1
7
5
11
7
9
10
17
18
7
24
5
20
27
9
8
9
23
8
5
13
31
7
3
5
6
6
7
11
2
10
12
20
8
7
14
6
8
8
9
2
4
42
56
1
36
5
10
8
8
12
16
11
14
29
28
15
44
3
9
6
95
12
5
15
16
8
104
3
15
12
10
0
3
24
9
29
10
10
51
43
44
3
11
2
2
10
11
32
8
2
15
4
10
11
22
9
4
9
11
3
9
12
5
36
12
10
2
63
18
4
15
6
7
6
7
17
8
12
4
22
22
19
21
19
6
4
6
4
18
31
19
58
0
8
2
23
21
34
20
22
11
41
15
28
15
4
7
21
2
10
110
2
7
7
80
4
16
6
11
44
4
71
30
22
18
64
12
6
10
51
10
33
46
5
1
0
5
34
13
11
4
10
17
25
27
34
5
4
3
5
28
14
6
12
1
6
42
5
39
11
8
23
295
11
10
25
2
2
2
2
0
29
4
25
18
11
8
9
9
10
6
1
28
6
16
9
58
13
1
4
6
10
15
9
19
9
107
653
42
21
11
76
67
5
8
4
22
7
3
11
44
18
31
3
9
23
89
11
59
31
16
3
24
8
11
15
34
69
31
16
14
8
1
2
17
24
10
21
7
2
241
8
9
76
17
13
13
19
23
5
17
11
7
37
34
16
193
2
56
28
3
28
11
24
30
102
7
22
57
26
11
10
13
38
13
9
24
20
7
4
7
0
25
85
59
8
13
6
16
7
4
31
27
6
8
83
82
5
11
6
15
5
24
9
22
12
5
69
8
6
23
9
93
29
17
20
16
29
3
9
16
11
15
4
1
16
50
7
22
19
27
5
13
26
7
2
4
1
8
7
10
17
93
1
15
24
23
70
2
3
9
38
36
18
3
19
1
1
11
6
34
9
21
5
22
53
13
6
36
0
20
19
8
19
22
4
5
20
23
153
53
16
55
6
11
4
99
8
16
10
21
29
18
23
4
8
17
120
5
8
6
11
19
8
10
3
11
25
23
29
13
15
7
25
44
64
3
108
21
2
9
6
43
6
93
11
33
3
6
7
25
43
16
5
122
4
18
2
24
1
29
22
8
21
115
11
11
27
11
1
14
35
5
25
72
74
18
10
48
5
24
98
23
10
13
6
24
7
7
3
77
110
31
10
71
16
36
23
68
2
13
2
33
19
31
4
22
27
18
23
71
4
10
3
19
65
71
8
5
4
12
7
4
4
50
4
4
51
6
23
11
25
11
741
25
6
3
35
7
22
10
32
4
9
4
7
3
24
7
10
9
8
12
1
9
3
10
59
9
12
8
44
137
46
12
6
30
41
82
18
2
27
11
10
36
2
4
1
9
2
11
4
4
2
6
11
39
9
3
11
29
11
14
9
13
73
5
27
52
13
8
17
25
21
37
2
1
3
7
26
10
5
9
8
4
84
3
26
32
3
35
2
43
17
30
28
18
53
2
11
30
106
9
3
32
28
32
13
6
6
12
10
28
15
3
20
2
13
4
2
13
25
7
31
3
51
15
4
61
8
13
10
3
7
1509
19
33
29
8
170
19
15
69
5
1
9
1498
22
5
3
3
25
54
33
26
58
88
17
14
16
11
23
30
30
2
2
23
12
29
27
23
16
11
17
22
11
60
7
26
3
47
8
14
8
73
19
26
22
11
16
39
46
47
30
13
2
4
11
12
0
25
16
7
1
20
34
17
18
10
3
27
32
7
38
8
32
12
6
26
7
34
2
9
61
5
8
1
62
7
27
35
24
19
14
9
3
10
11
14
3
4
13
7
32
6
148
15
9
1
29
107
9
4
4
28
2
12
18
68
8
21
44
11
278
9
4
13
3
2
7
17
3
15
6
15
17
12
13
21
11
9
5
32
20
31
17
5
13
8
5
4
20
37
14
7
28
42
11
13
9
24
18
15
34
7
21
29
12
6
11
16
47
6
11
14
6
32
4
10
7
4
3
12
18
6
23
2
8
76
9
11
11
3
13
3
16
13
11
28
50
22
11
7
4
8
3
5
13
79
5
4
26
22
6
80
11
50
7
8
6
14
29
201
3
13
9
30
40
7
3
17
11
13
3
25
42
34
27
8
5
6
7
15
42
4
2
5
20
4
1
5
7
16
16
18
11
19
8
8
34
63
10
11
2
1
38
13
4
18
33
24
11
6
20
12
4
205
6
4
31
8
141
6
15
18
12
11
18
6
3
16
5
2
12
4
23
19
9
48
22
53
16
5
14
7
22
7
311
0
19
4
243
54
10
62
6
6
17
10
4
16
9
54
79
22
12
3
5
6
5
18
6
20
82
58
10
3
7
6
25
25
9
4
19
14
11
19
0
10
2
15
58
2
11
7
20
23
7
12
1
25
53
8
12
51
4
12
42
5
0
8
8
64
5
27
9
105
30
14
6
7
41
9
72
26
20
20
3
3
6
30
2
8
16
7
16
28
8
65
9
30
26
4
15
8
22
14
11
5
11
41
16
6
9
7
0
5
14
92
9
1
21
10
9
44
6
4
7
34
25
19
1
10
8
33
19
88
7
39
4
5
7
35
24
1
2
2
4
6
7
25
35
4
11
1
15
111
26
34
76
3
139
21
13
10
34
53
27
2
53
6
15
7
17
15
15
11
7
15
4
10
21
8
3
13
18
19
10
15
6
10
13
3
11
11
106
11
5
9
2
3
10
6
14
8
9
34
14
7
9
62
15
13
43
104
32
1
8
22
4
21
18
33
14
1
0
6
5
17
10
9
6
12
14
76
41
32
4
5
45
23
6
11
5
44
13
19
19
28
66
37
19
29
15
15
5
7
10
51
15
30
12
3
3
10
14
23
7
3
18
17
10
3
45
15
23
4
3
17
15
17
14
26
13
23
6
22
30
9
8
73
8
41
42
1
23
29
78
58
5
12
29
8
17
12
10
4
4
7
15
62
17
28
3
19
3
20
33
13
15
2
7
12
8
30
21
7
20
92
18
8
26
16
43
37
39
14
90
16
39
13
11
3
9
15
6
47
11
25
21
41
23
30
16
70
7
2
145
3
2
141
3
18
45
3
15
42
15
6
8
7
2
13
17
1
20
2
70
6
217
19
38
12
63
5
40
11
9
32
43
5
5
34
6
21
25
2
15
6
33
3
7
1
84
39
24
6
16
20
31
19
18
113
13
23
8
54
4
10
33
3
21
27
24
18
80
27
1
18
9
26
20
24
4
24
8
12
5
10
12
8
5
13
40
17
8
34
6
7
3
5
18
2
28
1
6
5
110
20
4
58
4
16
44
6
1
13
9
6
37
22
6
10
14
4
15
1
52
2
1509
3
14
4
14
154
10
10
9
3
2
19
32
10
51
23
10
11
41
36
5
101
2
33
12
6
25
11
51
12
25
1
8
10
24
20
4
15
19
8
5
69
25
95
38
19
14
507
10
26
7
8
61
6
9
9
20
21
1
16
11
4
5
57
79
7
0
32
36
4
2
33
39
10
13
9
6
13
6
2
34
19
19
8
15
48
8
17
25
10
35
14
16
6
2
7
4
6
21
26
37
16
5
16
19
6
14
67
7
11
17
14
7
3
7
14
98
37
46
43
1
14
17
563
9
103
23
15
31
9
174
5
13
8
76
48
6
62
14
24
28
30
12
12
13
22
2
4
2
33
6
23
6
10
33
5
36
21
9
7
10
2
9
67
6
16
16
169
92
1
6
143
9
22
9
15
1
2
4
3
17
8
9
13
4
19
7
9
24
10
9
72
36
42
8
6
5
6
39
21
10
12
11
8
25
0
21
18
8
33
16
13
28
3
28
1
7
62
20
2
12
20
0
10
98
34
14
206
12
7
22
17
10
11
6
4
12
11
15
2
8
40
49
35
23
2
3
7
5
44
20
4
44
10
4
31
15
6
19
2
10
69
17
15
16
23
62
15
15
5
25
6
108
1
25
277
46
13
5
61
33
38
19
5
12
2
18
4
11
28
700
14
7
35
433
9
62
21
34
2
22
221
25
12
6
27
10
1
32
12
13
27
11
20
7
14
55
80
7
24
3
7
7
13
11
78
8
52
32
6
12
2
6
5
14
43
7
100
32
1
30
3
18
40
4
19
16
7
5
11
8
26
8
52
22
9
11
0
30
8
4
7
4
10
77
35
17
13
32
4
7
18
34
12
0
50
4
5
15
10
9
23
106
30
3
33
22
9
12
27
6
21
57
12
30
22
4
6
29
7
352
50
8
32
25
6
8
2
4
5
17
23
6
4
23
3
5
4
7
70
31
17
1
2
9
16
9
4
22
14
22
14
81
22
33
32
26
13
9
15
9
3
26
4
6
5
32
11
7
7
10
142
12
1
21
19
14
21
4
8
3
41
4
29
11
2
10
4
14
8
4
3
15
3
68
11
13
16
8
15
8
59
3
6
1
0
2
16
28
19
2
6
9
6
8
120
18
3
34
2
10
21
16
4
30
11
19
6
105
7
0
8
21
43
4
2
31
22
5
22
31
18
34
5
10
7
12
23
5
9
10
23
172
19
6
2
8
9
7
12
43
16
17
5
3
22
42
20
7
21
2
0
17
11
14
83
7
72
4
25
7
12
21
3
21
10
12
9
12
13
8
5
22
13
8
9
3
12
6
70
11
3
13
129
11
3
10
32
24
3
20
13
13
21
15
6
6
7
6
13
8
9
33
6
31
8
3
0
12
28
4
151
63
13
23
12
3
11
0
12
10
4
10
8
4
27
9
28
8
32
2
14
10
7
41
2
10
44
8
10
20
12
9
21
10
3
14
619
4
19
6
6
23
93
1
24
7
4
23
19
112
4
23
5
46
14
19
30
13
26
127
2
14
4
1
4
22
33
17
4
39
9
20
41
8
45
126
11
6
10
52
14
9
29
9
8
8
17
8
13
17
34
7
4
98
120
20
12
6
11
32
10
5
13
18
25
16
13
2
2
8
26
63
4
24
39
21
4
2
7
14
7
25
14
7
10
5
53
19
12
26
21
2
65
4
6
24
13
10
26
31
19
5
21
12
22
4
8
18
801
8
103
13
32
28
3
8
6
16
5
21
27
5
4
3
3
2
23
44
9
4
5
9
24
12
81
13
13
96
60
21
12
91
120
16
4
38
3
9
34
521
24
44
10
20
9
43
32
5
43
6
10
5
52
4
1
5
16
8
4
18
9
0
13
5
15
9
61
13
18
24
53
81
19
8
18
76
12
9
20
248
33
47
13
40
16
1
18
11
1
12
17
295
6
71
44
27
11
41
6
28
111
4
28
9
21
10
14
30
6
16
4
5
7
21
5
21
35
120
3
38
37
2
19
20
7
6
73
19
1
38
24
11
11
52
634
5
3
33
6
4
17
37
13
16
9
3
10
18
59
9
5
16
12
6
65
6
34
104
7
15
3
2
15
0
2
112
14
85
13
11
27
4
22
4
13
14
18
21
20
10
13
24
87
7
22
15
18
5
5
35
11
14
2
24
3
64
10
16
10
1
4
8
3
4
1
16
4
1
11
1
10
13
2
14
2
137
4
42
0
24
4
21
2
60
23
13
28
69
12
456
12
25
8
48
5
105
18
4
27
41
8
9
9
18
244
19
19
20
21
11
8
2
9
7
14
16
47
16
20
9
4
11
13
15
6
41
54
13
69
38
8
8
3
8
22
3
8
23
3
1
13
32
20
7
4
29
4
8
9
17
38
21
4
114
68
37
98
28
46
19
3
16
37
3
5
11
4
23
33
24
13
15
48
11
126
20
12
7
2
10
17
12
19
26
16
3
29
5
3
4
2
11
4
7
9
104
8
29
10
7
34
17
75
24
6
9
7
27
33
20
8
21
40
22
8
11
2
20
10
11
14
73
11
21
23
547
10
4
6
5
10
28
0
23
35
35
10
11
19
1
18
11
38
15
10
7
21
6
24
52
68
9
44
7
7
21
7
1
2
4
11
8
14
69
7
7
5
124
9
43
4
23
9
8
17
3
4
14
8
18
8
46
56
84
24
1
15
8
8
15
38
8
65
18
16
19
3
1
9
25
40
309
1
27
7
20
15
11
27
13
11
6
3
37
7
6
7
9
8
15
23
17
16
13
5
16
18
50
18
10
6
4
2
28
13
21
3
6
1
17
8
7
32
10
9
174
33
5
30
38
10
9
56
6
4
2
18
11
8
24
8
1
35
9
17
3
7
13
6
7
4
11
19
7
22
35
41
8
14
7
35
36
11
2
54
7
2
7
25
0
192
20
80
9
56
20
20
10
34
5
43
10
48
84
35
5
12
34
18
28
21
6
2
221
7
31
31
27
15
97
11
14
14
6
4
4
6
8
6
5
16
32
7
14
33
4
21
6
3
12
1
11
2
7
17
0
11
11
4
14
10
31
12
7
37
3
4
3
4
44
18
11
15
34
18
14
2
26
20
7
27
20
25
16
295
6
6
10
10
4
6
3
272
7
15
10
38
23
18
93
42
747
12
3
11
6
6
19
68
11
6
15
5
16
6
14
10
13
8
4
8
22
5
83
14
44
45
3
9
2
10
2
13
71
8
13
6
36
10
21
8
248
32
17
7
11
22
12
37
33
7
2
21
2
8
1
25
13
3
5
7
11
6
31
6
17
10
23
7
3
14
33
4
2
29
49
75
11
2
4
5
34
9
4
72
11
3
17
17
9
16
32
16
10
54
2
20
4
23
46
9
5
11
63
8
66
4
70
50
35
7
12
9
13
12
9
6
8
4
21
2
12
13
13
9
118
7
12
8
1
34
16
4
13
12
49
2
4
8
2
6
9
5
14
19
38
16
10
5
12
4
48
15
11
10
15
11
22
12
17
9
26
4
3
5
2
29
20
30
3
8
4
17
24
7
9
16
1
12
86
1
26
21
1513
33
15
7
12
20
49
40
12
1
26
17
9
1
1
12
7
5
63
23
10
6
51
12
15
12
37
30
42
37
113
14
30
14
3
13
6
32
5
35
13
28
47
22
36
4
8
13
30
13
198
6
60
11
8
9
72
40
4
50
14
16
83
16
3
4
8
5
27
26
19
125
47
9
3
18
1
22
21
33
6
31
32
4
6
6
1
20
51
5
9
29
26
15
36
79
6
9
2
47
12
31
12
0
1
10
7
12
7
9
15
22
11
602
116
5
5
6
1
59
28
25
4
3
5
3
10
4
22
5
87
3
21
8
3
151
25
9
18
36
54
23
1
17
43
0
18
2
5
49
34
1
6
362
9
10
4
7
97
8
10
8
2
37
22
24
42
8
29
8
5
3
11
8
16
25
32
12
27
4
1
8
3
18
18
49
13
1
34
8
11
90
45
16
9
14
17
13
5
8
21
17
22
4
9
17
30
10
5
27
11
4
25
2
9
4
10
8
185
26
5
2
22
55
23
0
26
3
20
28
22
6
10
14
8
45
10
4
9
7
62
5
37
29
14
14
11
34
4
3
1
5
39
15
13
10
297
18
6
40
27
7
11
19
12
7
4
76
8
13
70
3
58
19
74
7
6
10
5
14
25
14
16
7
10
34
4
18
335
18
86
3
8
2
3
6
10
11
62
5
3
30
4
5
4
12
191
9
9
3
32
6
27
12
13
6
8
7
35
57
17
5
8
28
29
11
7
16
12
7
56
9
22
8
0
212
3
8
34
6
17
54
32
38
22
8
21
37
8
9
7
17
37
17
4
5
29
4
5
2
11
3
16
24
167
0
79
6
16
33
47
4
5
2
25
10
22
8
24
14
8
9
22
10
17
242
4
4
8
23
8
19
23
16
4
10
12
24
12
16
11
31
29
8
9
8
5
10
22
12
12
2
7
31
7
12
12
10
8
2
28
5
19
33
15
32
20
26
6
18
9
15
19
5
6
6
10
15
5
3
52
15
7
40
3
7
25
21
133
36
25
5
5
17
34
1499
14
6
15
3
3
50
29
5
7
48
5
11
4
6
1
21
70
6
12
15
9
67
9
35
3
15
18
4
14
22
48
2
4
8
2
10
3
5
6
10
1
13
3
12
20
5
2
9
8
6
4
10
113
9
13
7
27
6
7
17
9
66
36
3
5
12
34
37
4
11
2
12
7
34
13
14
7
18
8
2
38
0
27
78
37
34
20
19
3
8
12
12
14
37
20
3
56
5
9
133
8
24
9
6
82
5
6
2
16
11
27
4
2
10
1
13
14
9
9
5
56
6
1
24
4
9
15
15
24
16
20
2
27
6
22
8
11
3
5
19
15
8
5
52
24
22
17
5
2
33
57
110
6
4
3
10
1
19
21
4
9
147
15
3
15
18
12
30
12
31
2
2
16
18
4
13
191
8
14
22
7
6
24
34
5
11
6
12
8
8
10
12
5
11
3
7
8
11
17
23
4
71
14
9
18
8
6
3
22
12
144
5
21
6
36
16
10
15
4
12
6
7
4
3
4
4
2
7
11
22
18
16
18
4
17
10
8
20
50
27
21
6
2
7
10
13
5
4
14
82
18
17
10
10
13
21
39
7
8
6
3
8
11
10
23
11
45
361
6
15
13
2
41
7
16
0
2
18
4
8
26
5
22
23
2
9
44
6
110
19
15
14
15
27
84
15
69
2
9
10
4
21
28
8
10
5
29
21
12
6
11
21
1
8
14
99
4
4
110
37
23
2
28
9
19
8
91
6
3
3
15
26
6
7
7
6
14
19
8
17
1
19
22
2
6
2
8
1
154
20
51
20
48
21
13
4
48
6
1
13
2
4
11
91
33
3
12
19
10
7
16
12
26
5
27
28
1
16
5
22
9
27
5
0
12
14
35
5
9
4
18
25
23
3
10
80
74
5
22
33
9
2
16
3
27
11
4
0
13
15
19
8
13
48
33
13
148
14
11
36
9
2
20
17
10
11
3
8
15
14
7
4
14
12
3
16
3
24
11
9
2
4
1
6
2
11
8
18
12
11
5
7
37
10
29
18
63
21
7
26
24
18
14
15
22
6
11
36
24
11
3
3
15
7
8
5
4
11
9
18
47
8
4
26
13
6
0
15
5
3
12
16
111
11
11
28
6
1008
9
4
13
6
14
13
4
2
14
7
35
4
14
6
28
25
9
14
24
9
8
8
11
13
11
102
9
28
62
9
64
1
7
6
0
0
8
21
23
6
11
19
7
6
53
20
6
16
41
117
4
5
15
11
33
6
9
8
1
7
8
10
27
7
2
10
8
4
3
17
9
41
25
0
34
2
12
5
6
4
9
3
90
13
18
3
8
21
21
102
0
11
26
29
55
5
3
17
53
24
15
14
13
3
11
9
3
21
11
24
4
15
27
6
6
18
3
19
87
34
25
7
12
10
12
18
4
14
17
10
6
10
20
4
6
70
42
7
31
4
12
8
5
63
24
10
5
49
9
19
3
104
6
27
29
0
12
3
4
78
7
13
9
9
85
5
3
68
38
6
70
19
7
16
132
8
21
6
6
27
21
8
9
2
6
34
7
2
1
30
5
4
13
2
36
14
38
2
7
4
44
10
41
211
16
3
3
10
32
21
5
4
87
6
261
27
3
34
23
16
5
3
80
11
12
7
26
21
21
1781
10
24
2
12
4
37
45
104
48
16
1216
107
0
7
24
42
39
3
102
38
6
70
8
7
115
5
5
12
40
6
7
5
16
3
2
22
6
10
7
4
32
17
27
30
4
28
8
10
3
6
23
21
11
15
31
37
26
8
23
4
10
27
10
16
50
5
9
20
22
19
7
6
2
23
23
1
1
14
4
17
3
4
10
5
5
37
20
37
26
5
4
21
15
27
27
32
7
20
4
32
1406
5
7
7
10
11
26
9
6
8
28
77
276
0
40
17
16
9
15
4
29
53
25
5
2
34
2
11
18
11
17
13
2
3
15
10
25
163
16
57
39
7
3
44
12
21
11
8
11
62
7
4
8
8
9
16
2
112
7
15
101
11
7
31
2
5
16
10
38
40
65
8
139
9
20
14
5
4
42
19
21
1
3
40
0
8
65
18
17
6
6
18
10
6
39
8
4
7
4
6
16
2
3
3
7
10
10
14
8
7
7
65
34
45
2
3
4
1
63
15
4
11
25
19
9
11
36
13
3
4
4
4
21
10
5
12
18
23
36
6
33
4
23
25
12
13
1
20
3
8
39
18
36
19
52
26
2
48
28
9
4
25
12
17
16
5
2
28
18
21
36
47
103
11
10
35
3
4
1
4
18
16
97
5
11
72
26
24
23
84
5
7
24
12
68
58
6
7
17
18
3
7
13
7
9
3
36
18
5
6
88
17
5
4
5
29
8
11
46
22
4
7
27
10
12
23
4
6
31
24
6
43
2
33
3
4
20
18
9
38
6
9
11
9
66
11
16
10
8
3
50
25
35
12
28
52
13
6
17
5
14
8
19
1
35
15
32
13
0
14
13
17
16
15
7
20
14
8
10
44
11
9
4
5
6
69
15
5
35
9
36
7
14
35
28
86
4
6
10
8
7
17
9
23
13
5
4
11
5
19
1
17
8
6
10
53
7
6
14
10
10
3
2
4
40
5
5
10
70
39
14
2
3
5
28
5
6
16
7
7
3
27
12
84
15
15
25
3
15
17
15
27
12
6
15
5
29
3
3
13
9
7
9
12
9
7
5
2
3
17
13
3
5
7
7
147
22
8
33
102
3
4
47
12
28
10
27
3
10
28
73
25
2
42
17
29
78
7
20
15
7
3
16
34
8
9
71
8
70
35
8
7
180
11
25
21
10
21
18
55
16
8
7
22
6
20
22
25
16
9
17
4
0
10
15
15
34
9
7
57
6
11
106
10
5
7
3
5
61
11
95
8
20
1
42
132
79
2
5
48
14
14
2
4
67
21
14
19
17
3
10
9
18
9
43
120
17
6
6
11
32
19
5
12
55
3
32
10
10
28
5
30
10
4
18
6
20
9
9
6
14
16
11
35
15
11
27
18
33
13
4
8
30
10
11
18
6
12
16
59
9
43
32
10
18
13
4
5
9
489
4
21
22
155
4
4
16
30
5
5
84
123
7
7
8
10
8
4
112
29
1
2
7
20
5
10
19
22
10
105
14
3
13
9
32
11
0
27
5
7
13
1
11
5
7
13
17
8
0
12
4
19
23
14
43
2
3
16
4
6
16
21
6
20
39
66
13
9
5
4
4
10
3
46
14
6
6
13
4
8
11
3
6
23
11
29
2
13
6
23
3
81
15
3
16
6
23
80
6
13
35
6
10
4
4
8
45
19
9
40
7
5
4
7
2
18
16
15
24
30
9
4
3
26
15
26
14
8
7
49
21
15
7
52
16
4
2
6
10
7
26
23
23
8
24
3
28
5
6
26
5
6
9
18
9
2
24
46
8
9
6
14
8
16
12
23
19
12
36
18
28
15
4
11
54
18
4
20
22
7
34
9
95
7
39
22
25
11
16
6
10
5
3
15
21
16
6
16
14
11
4
18
52
27
208
131
3
5
73
18
2
30
42
42
7
1
18
12
27
27
4
1597
21
4
6
18
24
7
28
11
111
3
8
33
29
126
3
9
24
15
18
3
21
5
12
15
13
7
7
4
26
19
12
9
1
6
10
13
6
22
3
9
84
3
7
2
15
38
13
24
19
47
15
6
10
114
2
74
171
7
11
11
18
8
4
33
34
3
11
37
9
15
10
13
26
7
86
5
42
65
44
7
5
6
7
18
3
10
4
11
17
15
9
2
63
17
3
10
49
18
9
7
18
155
13
19
27
17
5
16
20
41
3
48
12
3
12
17
5
60
8
8
29
26
12
18
30
2
8
16
10
1
19
10
8
11
4
37
38
9
22
5
10
41
10
4
14
38
19
1
3
6
8
18
31
32
24
20
15
18
50
37
5
32
6
46
14
59
11
6
3
10
8
16
36
21
62
7
8
464
5
12
5
6
13
1
11
33
24
7
14
16
22
7
8
12
30
47
20
3
15
30
4
24
8
9
10
28
46
24
3
13
18
43
38
18
6
14
6
7
12
9
12
40
34
5
6
14
10
2
22
13
14
4
7
8
53
237
2
8
20
9
18
7
12
15
11
8
15
17
12
42
11
14
3
5
10
19
46
23
62
4
6
23
2
7
1
29
6
3
8
65
6
4
122
5
4
4
13
19
7
30
21
9
17
16
6
15
13
5
4
12
3
59
7
17
12
21
14
28
0
137
5
18
42
4
20
5
51
47
4
7
6
2
8
11
9
25
39
17
5
22
9
60
32
11
5
24
8
4
6
4
5
72
12
23
10
22
3
12
12
27
15
42
4
13
14
10
5
22
2
7
13
1
19
32
6
25
4
36
13
13
6
19
24
131
6
12
10
0
37
35
4
21
51
3
8
18
9
28
7
4
38
13
19
5
5
29
3
10
15
13
3
17
4
17
3
33
5
25
12
19
45
11
17
24
11
6
2
5
18
22
2
1514
21
2
44
41
63
40
19
34
48
5
16
2
3
17
5
22
7
19
7
4
9
5
42
9
18
5
70
13
20
61
11
46
5
16
26
18
4
10
14
370
7
4
39
14
6
29
91
6
57
6
13
7
13
18
7
17
8
6
10
16
94
6
2
3
4
329
27
4
79
32
18
8
2
28
11
25
14
13
36
57
17
9
3
10
0
16
69
13
4
7
254
3
1
20
17
8
9
3
38
14
37
2
4
15
26
2
13
3
35
5
12
33
20
6
22
14
17
7
7
88
3
5
11
18
5
73
28
51
4
3
15
12
19
13
11
22
5
58
29
15
113
20
1
6
23
5
6
4
21
25
59
6
20
7
14
56
36
18
63
5
19
2
6
1
130
1
9
13
16
70
44
4
27
36
11
20
78
16
11
6
12
23
8
28
7
51
28
19
98
1
56
78
3
10
15
14
5
19
12
12
7
20
6
18
19
37
17
30
4
45
4
35
33
6
1045
15
36
6
6
16
10
17
10
107
2
8
25
10
1
3
12
3
19
2
25
21
26
3
10
2
13
13
17
41
13
4
11
3
13
8
24
4
1
36
54
16
12
3
19
14
3
6
64
4
1
879
18
13
9
68
6
17
5
26
12
27
14
12
20
10
57
6
106
28
10
9
8
3
0
10
3
6
8
17
16
5
16
1
20
15
9
3
92
34
4
4
4
18
6
8
2
14
21
22
48
4
42
7
2
15
11
11
8
12
15
59
23
56
19
27
7
24
7
7
37
3
14
83
16
7
7
8
5
21
16
16
5
8
21
17
11
14
16
2
22
8
31
17
5
9
244
2
40
26
15
12
19
8
9
4
39
77
11
15
15
16
15
10
22
3
10
10
20
8
3
36
23
1
31
285
4
5
7
27
9
21
2
8
77
26
70
36
4
10
18
5
14
6
8
20
6
5
22
18
12
6
43
9
2
108
6
5
11
50
33
14
3
13
17
2
87
14
13
18
106
11
7
11
28
11
2
6
2
20
3
8
27
108
10
28
5
297
59
4
27
5
1
2
1
6
19
6
8
2
8
27
7
14
70
24
17
29
6
22
11
9
50
217
21
11
14
6
5
30
20
65
4
14
10
21
2
21
16
18
1
17
3
8
11
60
33
3
13
12
12
74
20
2
17
55
9
35
52
20
29
10
5
37
0
2
12
78
11
19
13
10
11
3
21
10
5
13
8
3
50
2
12
6
2
22
73
8
1
33
13
30
21
4
6
25
5
8
9
17
21
7
48
31
11
71
2
22
5
16
12
25
38
25
102
13
18
7
45
2
8
11
4
32
23
28
82
10
23
38
8
38
8
2
12
15
10
9
7
28
32
19
46
8
5
13
30
11
4
18
12
3
4
30
10
3
27
23
15
7
12
24
2
8
22
15
3
31
15
5
3
6
28
86
10
10
2
13
65
2
10
13
22
8
4
9
30
17
19
8
10
1
11
11
12
21
11
5
6
40
8
27
8
20
31
9
13
1
9
81
11
16
34
0
19
40
31
34
9
10
10
81
69
46
14
20
4
5
21
1
17
17
10
7
73
2
5
3
9
16
141
18
15
1
39
10
17
24
63
21
9
5
2
263
12
34
5
6
3
90
7
10
8
29
9
70
169
30
9
6
12
14
24
2
12
20
6
21
65
1
27
16
120
36
30
17
12
8
31
9
9
67
9
6
74
27
10
2
2
2
7
2
13
72
3
19
32
1
26
5
4
28
5
11
12
7
4
0
14
2
5
7
2
8
12
55
9
146
32
42
10
64
25
7
3
7
14
27
2
14
19
3
87
17
7
16
40
1
21
15
29
52
19
10
38
6
14
9
10
15
12
7
4
16
150
9
22
20
125
14
12
15
4
12
47
4
7
5
17
46
8
24
3
11
5
13
6
3
4
64
34
2
18
3
10
9
59
5
13
1
7
19
3
104
33
3
5
12
5
18
7
33
30
6
19
5
7
137
19
8
3
0
23
14
6
9
9
23
18
31
10
11
9
8
13
12
9
21
23
18
5
9
12
19
9
55
4
27
28
2
26
3
11
7
28
41
6
5
14
2
15
4
21
5
141
10
11
21
10
111
14
20
4
23
17
44
5
3
5
7
4
16
5
9
2
28
33
33
52
9
97
8
11
13
2
11
58
25
9
4
19
4
7
6
27
1
9
13
10
42
31
36
6
23
25
48
12
13
92
2
8
42
5
5
7
15
53
3
15
24
11
10
7
3
6
2
5
9
5
25
17
17
11
10
27
8
16
6
49
11
7
4
45
24
26
15
12
27
5
5
24
0
28
18
10
5
6
13
1
22
43
14
92
18
21
7
303
7
5
11
6
9
29
21
30
4
22
14
8
7
15
10
13
10
10
10
72
29
14
11
10
102
4
227
18
24
70
4
4
5
47
25
14
42
20
792
15
5
16
22
5
51
4
60
29
10
3
18
15
6
2
21
17
12
18
12
0
23
11
8
17
3
35
8
4
19
14
7
37
3
11
17
130
19
71
5
6
7
0
10
17
1
7
24
8
24
20
3
5
36
32
12
5
23
14
5
5
12
32
28
23
5
14
0
16
15
9
9
15
18
2
53
4
15
25
75
3
2
8
10
38
27
1
8
6
6
8
2
46
2
7
2
23
10
6
5
0
8
14
9
49
30
7
12
46
14
1
10
12
1
10
7
5
1
0
1
22
7
11
16
15
13
156
9
10
40
11
43
9
16
5
14
40
30
20
50
4
9
11
19
9
43
45
110
15
109
4
1
9
25
6
15
35
9
21
15
24
8
9
3
11
2
6
4
4
6
3
60
24
18
21
10
39
12
38
87
74
55
4
50
17
5
13
7
26
12
48
16
6
16
2
4
9
24
10
29
38
25
24
82
33
40
11
267
2
7
3
13
16
7
162
28
4
9
3
14
6
2
3
15
14
7
45
11
3
2
18
45
3
5
4
15
5
14
2
34
9
6
12
13
23
16
6
6
9
18
7
19
35
5
9
29
54
3
15
4
11
12
68
8
57
2
14
2
11
11
20
19
4
4
5
4
44
3
19
20
5
3
85
10
30
10
66
20
8
12
8
25
19
26
1
32
2
873
107
14
5
133
10
13
49
29
2
8
14
0
0
32
31
21
39
3
4
155
29
4
116
12
5
29
20
131
15
50
10
9
9
5
15
1
20
21
5
32
7
16
7
46
15
32
12
33
32
67
22
5
7
21
4
14
44
91
8
5
32
52
3
28
45
6
5
5
15
1
3
21
18
2
4
10
25
122
11
28
19
5
36
126
8
12
1
48
22
58
36
12
6
4
7
15
50
8
31
1
34
10
19
10
9
24
5
38
10
36
26
5
7
33
7
14
25
6
60
50
10
13
9
66
16
11
43
26
8
46
7
93
9
31
23
4
13
48
3
4
30
10
5
75
8
6
76
30
13
0
2
2
14
91
7
75
90
35
2
41
6
18
33
19
15
13
34
30
15
42
4
8
47
18
21
5
3
8
19
12
22
14
6
14
4
8
3
5
36
7
7
43
20
9
10
29
12
18
3
14
9
10
24
8
20
6
17
3
12
45
22
14
28
6
28
370
7
15
2
188
16
7
15
40
41
13
13
20
0
4
10
138
42
15
8
4
27
30
3
18
20
12
14
1
96
17
8
61
28
13
48
10
70
27
12
19
18
8
6
14
18
2
13
19
17
27
3
2
68
8
11
17
39
2
21
6
68
16
8
2
27
36
24
5
7
13
18
15
11
14
8
7
11
16
10
4
8
4
7
8
9
12
20
8
9
9
11
9
8
1
15
9
30
18
9
16
2
31
7
32
1
31
3
31
1
2
7
4
9
11
23
5
73
10
1
13
58
16
13
122
28
7
11
7
10
6
5
27
196
104
4
27
14
6
2
11
4
43
3
24
3
41
6
7
2
10
28
7
18
7
23
9
2
37
7
191
28
21
5
16
38
3
41
3
41
12
16
9
1
130
22
18
14
7
9
8
35
2
2
10
20
77
56
2
2
27
19
4
39
5
9
14
20
12
9
12
15
18
4
14
18
7
5
12
0
18
14
26
9
12
15
14
9
29
4
6
1
86
19
10
29
5
32
7
3
15
24
12
53
23
4
14
103
10
161
13
3
25
7
8
16
82
14
15
2
20
8
4
19
13
5
20
15
14
4
10
17
154
71
5
20
82
63
3
13
14
19
5
29
9
25
8
1
34
7
6
73
9
229
8
106
28
3
7
10
7
161
29
8
0
6
1
26
18
81
6
6
13
12
4
4
15
6
8
11
8
48
28
3
6
12
1
14
7
10
9
4
90
19
1
12
99
19
6
44
7
2
22
41
25
12
47
143
11
10
183
25
15
9
6
2
7
7
3
9
4
4
6
78
41
35
2
30
15
17
15
4
23
16
9
20
16
109
42
3
15
6
6
13
8
25
6
12
6
18
12
82
8
6
24
12
8
5
2
9
25
3
21
43
32
9
2
22
10
38
134
14
1
110
1
10
16
21
12
1
11
14
33
9
4
1
12
14
4
14
8
232
36
27
22
5
10
11
10
19
10
5
7
24
5
25
20
17
3
9
30
33
1
95
110
11
22
26
3
6
9
8
13
4
2
15
45
7
12
38
7
13
1
8
7
15
16
28
9
13
13
25
5
11
5
17
1
16
5
31
21
5
4
62
6
62
37
24
4
6
6
13
10
17
11
8
11
6
11
2
9
36
32
1
8
32
2
3
7
3
12
57
35
7
2
2
12
3
35
3
56
15
11
2
13
176
12
7
13
14
3
14
46
30
213
34
25
7
5
26
6
127
12
9
5
53
300
2
26
13
20
18
54
27
142
99
2
34
6
7
12
10
1515
6
27
31
20
16
12
17
38
33
18
17
6
18
18
26
26
4
1
36
37
43
3
15
18
92
16
8
4
9
5
2
9
178
26
11
2
3
16
9
4
12
3
3
7
13
21
4
7
8
6
26
122
28
25
19
19
12
11
12
3
9
24
12
2
43
15
3
91
15
6
39
6
22
12
2
10
19
5
9
58
44
399
19
4
4
28
11
2
9
1
17
3
36
16
71
12
17
9
26
8
19
9
5
3
8
100
27
1
1
34
2
2
16
11
12
11
3
16
12
8
3
12
7
4
15
2
15
39
9
14
11
16
7
18
102
111
3
7
8
10
1
4
21
31
6
97
9
7
18
2
1
39
7
63
24
1283
35
5
8
2
27
34
23
9
6
72
100
16
10
8
6
11
10
337
46
4
63
5
28
13
9
4
13
26
45
28
20
18
79
42
28
1
4
19
5
8
5
13
31
18
18
17
31
24
54
17
2
16
23
9
25
64
6
28
2
19
14
1
37
13
23
15
121
5
3
46
33
16
26
20
10
5
5
2
13
4
14
16
71
113
21
5
11
14
2
27
16
8
12
3
31
13
24
110
36
9
105
14
16
16
2
59
7
3
10
6
22
85
6
4
37
31
10
7
53
14
23
5
25
2
5
102
14
6
44
3
3
7
3
2
5
27
9
29
7
22
3
72
3
37
72
19
20
2
122
8
24
40
4
20
12
84
11
17
17
20
15
3
17
18
14
10
9
12
5
10
40
8
15
15
7
5
6
62
39
40
3
54
4
3
20
24
6
2
31
40
24
25
11
53
7
5
17
17
10
11
36
15
20
10
30
14
23
10
3
33
4
34
7
29
10
9
12
1
16
8
2
34
20
16
44
26
8
60
4
6
59
12
7
6
0
44
19
18
6
2
9
6
56
81
27
42
10
6
82
4
6
32
5
14
9
22
23
16
3
6
3
32
3
8
2
14
11
13
52
8
10
23
9
4
19
4
13
4
21
53
17
9
27
6
11
1
7
24
10
54
10
5
29
5
10
13
7
14
8
7
40
17
8
48
25
31
17
10
16
31
7
4
10
7
9
15
9
