4
6
10
2
22
77
6
43
15
18
1
0
130
7
19
47
18
16
9
11
73
62
4
13
229
4
31
48
2
27
42
22
141
5
12
8
411
13
86
71
10
2
249
456
69
3
74
42
11
11
1
72
332
129
139
5
51
3
29
5
42
144
20
32
7
10
92
2
1
92
15
6
221
10
3
26
30
45
11
107
37
67
1
12
2
131
16
55
95
18
57
94
33
11
198
7
1
21
6
2
14
2
16
57
45
19
9
76
17
96
13
82
0
3
31
29
12
25
12
1126
16
17
17
405
1187
9
1076
10
0
51
1211
14
62
0
12
15
9
4
6
22
8
14
26
7
199
30
693
16
42
42
147
1067
13
39
234
18
1
146
7
0
1
127
10
264
22
128
155
9
70
9
60
32
9
34
14
107
85
9
3
61
111
52
8
1004
5
54
46
8
23
15
199
61
29
16
10
18
9
49
13
6
22
49
147
2
23
8
125
5
82
1161
142
5
0
5
45
178
5
50
2
2
64
84
32
33
3
48
3
100
924
1056
240
17
35
5
6
5
29
6
4
7
23
24
31
2
11
63
11
15
52
18
7
57
2075
4
26
8
36
11
143
147
5
11
13
8
15
17
18
227
50
50
17
8
11
157
136
8
29
37
7
59
58
11
1
14
1
22
3
139
0
40
40
117
23
2
697
2
38
24
1
17
10
132
3462
90
22
4
15
28
26
21
250
587
69
95
1
15
5
13
10
396
6
2
28
3
20
253
273
2
8
113
62
4
108
28
57
1
50
3
11
20
539
55
2
9
8
9
10
21
5
58
2738
277
121
27
6
4
33
54
4
14
12
7
24
15
93
439
1
31
37
67
2
4
8
2
83
210
33
22
181
27
48
90
13
4
10
51
93
10
8
65
18
100
28
3
22
146
0
39
24
18
115
7
6
16
156
473
221
0
242
23
13
53
1
415
13
36
6
33
6
228
51
20
11
22
3
8
75
12
187
100
13
108
10
1
19
239
14
16
292
67
39
7
5
81
4
31
1
25
17
59
63
25
23
84
115
2
19
414
6
18
94
24
23
2
106
6
59
2
2
8
36
48
24
195
25
109
100
144
59
175
12
11
11
462
81
6
37
47
25
16
23
7
0
40
18
144
30
0
10
36
971
250
210
4
15
174
69
3
11
22
760
27
103
31
7
83
0
3
756
3
7
96
121
288
8
44
162
292
0
7
0
97
14
62
38
90
2247
52
244
17
14
40
63
1
97
14
6
6
28
108
55
5
100
4
9
87
54
64
8
101
6
0
19
113
36
17
93
580
55
120
13
8
43
986
5
16
128
193
14
239
4
7
44
38
356
60
10
27
173
227
30
4
96
3
6
8
9
5
135
133
128
22
18
51
26
8
27
55
0
128
46
11
1
5
612
20
42
161
22
9
33
16
94
1559
163
4
60
134
184
5
20
1
171
6
46
4346
11
148
54
76
39
51
23
5
6
4
44
124
29
40
23
30
100
117
36
52
37
442
5
11
12
59
18
206
4
72
321
52
27
3
21
41
28
10
15
151
163
3
429
36
1
51
6
5
313
13
22
17
62
3
28
11
109
103
6
94
115
21
3
0
18
157
8
0
8
3
84
1224
25
28
6
2
91
163
70
234
34
15
237
29
3
259
1
2174
26
84
421
16
21
63
4
422
43
17
26
1786
30
59
61
114
9
11
50
124
34
9
63
120
84
118
20
3
18
73
3
778
23
53
17
1
33
28
24
30
19
18
318
7
3
16
24
26
83
1
55
45
32
27
75
73
242
92
48
24
34
5
26
61
23
8
23
24
29
28
9
14
19
55
0
62
21
101
30
165
6853
101
68
6
1
284
9
11
5
677
22
92
4
22
53
164
12
1003
13
41
1
7
18
9
22
28
160
26
15
30
1
16
12
60
25
18
14
8
187
158
1
0
203
24
5
7
30
1
23
46
21
3
30
21
64
27
41
379
26
47
63
33
33
30
6
45
226
3
49
5
5
21
21
5
57
11
37
8
157
17
279
134
12
14
18
150
0
97
92
30
6
6
217
39
81
9
78
1
101
2
10
185
8
11
79
8
7
128
26
5
56
22
258
241
14
5
124
4
14
103
176
39
34
7
171
17
2
23
0
21
26
1661
31
101
778
25
5
393
62
16
52
6
255
0
93
33
22
6
7
37
11
51
29
13
74
2
74
23
26
90
60
11
9
2
5
90
14
9
159
5
3132
16
9
10
5
3
26
3
18
64
36
95
16
152
14
51
5
6
4
2
23
13
25
74
85
5
2
153
5
533
17
11
145
0
0
6
13
224
98
124
49
52
11
0
2
89
210
342
29
4
1
92
50
5
93
80
24
11
38011
34
54
43
22
9
12
26
140
163
4
33
301
35
6
166
181
7
19
11
75
33
77
18
15
4
313
10
307
209
33
71
65
15
11
6
41
553
238
8
13
5
23
3
8
26
55
6
14
34
92
47
88
8
20
12
12
175
10
8
29
13
15
46
2
4
336
227
60
187
46
1032
5
128
8
30
4
44
309
9
143
21
21
20
153
170
25
436
1
1
30
101
103
16
11
19
62
22
40
167
4
84
11
30
201
1
59
1103
6
46
130
130
282
207
3
136
7
110
44
5
6
57
37
1803
24
43
26
0
126
1010
29
52
52
2
316
30
207
2221
297
6
91
191
62
17
19
26
132
13
433
23
7
5
109
6
14
63
208
86
69
119
3
5
143
0
217
2
2596
15
35
5
3
17
83
8
2
8
51
13
29
1
22
2
8
171
38
87
3
18
170
35
52
21
249
175
7
28
41
12
3
37
28
60
3
16
14
67
1678
100
4
35
6
492
26
229
14
4
31
96
41
26
49
23
6
1
141
14
150
61
0
9
71
60
0
8
21
4
71
3
0
20
22
156
33
128
37
16
4
1
7
60
6
28
20
7
230
2
11
373
9
26
74
88
11
0
14
140
37
12
24
4
31
7
0
25
58
4
13
10
5
204
221
200
1159
46
20
61
236
139
33
21
16
11
133
0
256
210
20
889
5
20
27
1
12
11
15
2
32
8
5
15
69
10
16
130
19
4
162
3
721
21
105
54
5
7
6
1423
2
7
38
9
33
8
12
1343
42
27
33
52
29
2
23
18
700
1051
18
2
11
14
0
53
2
56
38
11
8
26
3
5
29
5
455
157
134
30
27
48
15
13
39
12
94
3
19
129
4683
14
91
97
38
24
105
69
6
45
14
76
85
38
11
27
21
9
122
13
29
27
86
81
18
43
1
9
79
6
54
107
36
10
0
26
14
1
12
20
5
23
3
45
96
25
151
8
11
80
158
40
304
130
1
5
10
1194
13
13
46
0
29
1
5
11
98
99
69
6
13
19
3
66
9
32
18
3
98
47
5
35
8
63
81
65
111
85
7
0
64
12
5441
22
5
0
6
54
0
135
23
10
12
2
18
24
7
4
355
11
75
9
22
60
71
333
72
13
59
2
30
3
84
3
74
3
37
6
115
11
102
7
1022
78
60
14
14
10
0
62
1561
41
144
63
0
354
3
16
82
9
10
13
10
53
12
0
19
12
60
376
21
151
87
4
4
86
375
13
142
13
235
83
371
130
134
9
587
806
3
31
53
59
1
8
16
3
14
28
127
55
17
395
79
9
110
19
17
17
72
3
14
154
30
3
73
26
10
36
5
174
38
24
364
42
116
39
92
96
2
11
9
1
10
539
22
200
29
40
56
60
7
1214
4
17
8
153
5
71
41
13
13
2
31
66
30
7
66
29
3
192
8
75
2
25
90
138
2
194
72
40
12
28
96
13
14
15
1
115
56
10
2
28
10
38
3
50
9
9
4
431
14
229
26
4
80
12
6768
43
118
31
53
3
82
47
19
32
7
39
20
37
27
60
26
2
7
6
7
14
17
67
228
7
5
11
5
1
85
22
6
202
36
26
21
316
179
26
349
21
5
46
6
9
1252
8
41
320
36
88
1
40
15
61
8
101
2
3
92
346
34
38
2
7
52
7
9
98
34
41
15
7
7
141
4
639
829
294
21
26
0
150
28
81
73
14
191
80
1
10
87
43
235
3
9
30
70
752
0
851
52
14
4
83
1
10
39
20
65
3
40
8
10
108
256
14
20
227
10
21
0
19
6
1
6
231
15
25
40
10
76
11
34
4
45
274
5
57
51
22
235
314
208
25
126
102
30
8
12
1
5
14
0
7
2
34
23
77
36
14
94
733
95
52
0
1415
258
27
170
19
50
343
34
1
1
63
117
6
70
0
36
16
25
384
9
11
23
30
86
12
1
9
23
88
311
32
19
3
15
151
24
114
57
30
37
24
14
10
724
32
56
3
1616
28
15
1
174
19
1
5
569
4
818
6
5
1
4
27
10
9
38
4
11
7
82
79
13
30
54
4
4
15
13
40
19
30
171
23
17
134
14
13
3
21
29
60
11
22
51
13
266
3
16
161
201
15
33
9
492
12
21
14
11
46
10
20
1
1
18
27
20
464
168
186
2
85
46
51
139
1238
27
115
29
7
2932
232
45
63
0
384
5
193
14
1
2
80
89
31
266
19
3
42
15
42
71
32
91
21
31
1
87
49
252
9
52
30
0
26
613
4
14
3
12
43
14
22
58
14
150
57
48
4215
14
71
0
2
153
14
168
0
462
8
21
15
7
159
7
4
75
311
24
19
120
115
28
109
20
1
4
39
11
2
2
52
8
4
541
4
12
2
15
39
55
12
13
8
13
13
2
74
10
27
48
53
438
94
1
0
1
119
184
0
3
12
10
2
40
8
27
270
152
16
68
0
166
8
37
202
96
22
174
12
13
81
86
24
23
29
7
60
47
2036
16
14
206
8
28
1
1002
97
5
5
158
2
9
759
3
82
6
68
6
0
30
72
173
158
164
433
14
9
1601
2
25
1
7
7
2
6
25
42
11
165
3
6
43
600
148
110
4
9
15
32
4
63
12
245
7
3
69
12
15
82
7
57
147
48
99
7
16
5
8
73
4
11
17
12
62
2
28
70
2
79
0
9
55
7
80
149
20
48
73
5
217
3
18
87
33
105
15
7
46
10
1
116
5
123
139
101
73
54
69
111
232
1
9
10
4
12
14
101
4
42
22
3
48
40
10
312
9
10
42
2
11
10
19
36
83
14
12
10
0
20
53
2
10
100
224
486
26
8
19
449
1474
43
5
12
7
6
83
44
26
6
80
3
26
32
9
738
31
72
17
6
850
1021
56
5
12
29
15
1
159
1
7
361
109
77
19
21
14
91
0
6
14
21
29
9
12
30
10
1
41
6
41
131
9
15
57
131
170
12
53
32
126
9
0
14
3
6
14
32
2
28
34
142
30
16
13
12
201
26
29
20
6
84
6
49
219
4
135
4
78
8
28
19
12
54
97
10
18
46
18
21
10
6
19
6
36
12
9
104
141
3
6
9
17
17
10
4
2083
32
173
4
1171
15
216
215
101
80
34
21
7
166
55
100
8
94
9
41
284
6
119
0
522
560
38
16
194
11
380
12
52
55
132
6
14
5
12
13
4
3
23
13
183
9
4
310
44
103
8
102
44
70
95
40
31
1
7
8
53
186
19
38
149
65
18
2
41
1068
3
12
75
73
13
25
41
171
32
3
36
470
361
19
739
11
147
390
16
17
27
8
48
25
2
1036
115
247
102
3
8
139
663
93
3
14
2
8
0
9
22
323
40
18
580
6
23
167
65
329
7
7
1
183
1
48
54
77
3
242
17
0
24
27
82
18
6
49
54
2
17
17
15
2
36
1
20
21
6
77
142
71
21
72
3
35
154
88
0
21
6
3
3
96
6
61
0
7
20
46
100
270
14
123
294
6
108
52
73
22
11
31
101
27
2
4
576
448
13
9
6
29
1128
224
66
0
13
195
9
154
10
140
85
6
99
97
28
11
30
20
44
0
15
242
8
18
15
98
18
25
0
96
14
12
70
565
29
130
1
136
57
804
71
11
1179
19
2
13
26
179
116
186
32
0
25
260
14
58
6
3
1
6
50
15
29
23
5
48
11
389
2
37
54
106
36
180
7
5
31
22
341
1
736
168
8
7640
20
39
14
46
56
50
25
552
9
6
28
1777
24
81
52
396
93
1
18
169
35
710
23
18
4
32
34
42
21
3
27
7
16
1
107
128
85
247
9
218
28
6
210
73
486
2
419
12
3
13
17
6
73
28
8
19
4
25
18
23
7
3
37
10
9
40
678
106
297
18
172
6
58
2
21
39
2
56
8
54
6
15
30
4
4
299
50
5
39
4
97
957
44
147
23
12
13
19
28
8
88
2903
119
92
9
114
31
32
282
24
18
13
4
74
119
41
39
46
16
13
688
13
118
18
553
65
5
383
30
9
6
41
2
180
66
19
15
12
3
7
57
43
2
62
20
15
80
1
65
680
47
9
13
11
53
8
1
43
28
134
20
1
53
35
66
17
45
7
6
96
2
18
40
47
185
48
12
674
1
165
8
59
26
2
1
14
3
147
4
131
84
33
0
333
33
99
40
11
47
25
12
100
2
25
13
55
55
5
2
6
4
5
50
15
685
52
22
13
27
10
20
18
887
689
1
101
558
11
3
11
20
13
18
23
18
0
19
9
23
38
23
8
31
1
9
10
11
6
34
25
1032
88
3
4
31
65
7
365
6
19
12
31
2
247
9
198
7
14
65
51
13
17
18
36
29
0
108
41
78
8
6
415
22
18
37
53
3
18
85
151
32
2
2
39
2
5
8
8
75
13
204
55
26
0
283
11
47
7
3
157
873
16
77
3
16
200
8
12
785
138
158
85
52
19
14
34
35
208
46
662
13
363
28
5
4
270
42
20
5
2052
2
33
51
138
91
15
12
4
14
97
1
14
37
322
2
56
64
193
10
13
20
151
6
96
78
47
40
110
4
66
1627
4
108
13
36
66
106
1003
71
1
13
56
840
12
4
65
247
2
5
18
59
3
73
7
2
33
25
2
13
13
4
27
61
10
1
119
39
19
328
12
57
8
15
6
97
34
13
1
453
5
1797
10
28
4
14
64
22
44
39
0
2
17
28
102
78
5
173
43
492
44
885
5
295
10
81
0
200
14
33
126
12
15
53
20
6
52
9
11
7
10
353
1
106
6
5
22
8
4
3
50
34
18
72
26
12
6
11
79
12
154
4
0
64
34
20
5
13
16
3
9
9
4
1
17
17
60
860
80
177
49
16
10
12
10
31
27
26
63
133
119
31
117
14
113
123
8
18
49
60
93
24
90
103
42
8
8
28
9
63
1
60
452
22
28
157
27
125
14
29
50
0
12
14
5
3
378
57
94
10
41
24
33
284
6
96
122
96
64
2
13
44
71
49
18
11
10
47
8
0
67
5
15
66
2
26
13
20
14
402
14
41
103
7
5
42
9
6
977
4
16
15
236
930
366
19
842
10
2
43
9
1
1
13
14
28
19
30
42
100
117
42
18
50
161
32
599
3
73
8
6
123
69
9
201
60
1
5
2
1758
2
4
61
51
109
16
13
19
90
10
16
430
34
12
37
30
0
149
46
25
38
66
114
10
19
14
132
219
7
45
153
120
10
2
8
278
13
11
304
19
23
33
15
22
842
27
44
197
5
276
35
196
44
17
137
19
125
19
47
5
11
74
10
68
190
171
82
4
66
19
154
6
48
152
5
28
5
24
198
15
11
5
121
11
17
2
72
40
71
23
257
14
91
22
38
12
4
14
0
12
27
8
44
85
2
62
3
16
22
2
28
225
32
6
15
21
7
158
1
1
7
148
1228
10
174
74
81
16
82
9
133
97
21
5
96
3
1
46
26
19
0
31
187
14
3
10
146
14
31
17
256
123
7
8
45
28
175
27
5
14
89
36
65
293
77
108
30
15
51
18
30
12
3
13
3
7
0
21
17
32
122
3
29
4
4
2
151
289
118
10
23
11
9
25
144
191
69
163
3
12
233
37
25
130
18
1
11
1
26
16
344
1519
7
8
0
5
10
140
7
18
707
7
5
84
146
31
83
50
6
3
7
86
101
174
2
22
7
2
7
14
3
19
6
15
67
114
113
14
24
7
332
35
25
37
13
12
13
2
111
55
723
0
160
77
2
16
221
60
57
183
18
28
3
7
30
3
9
182
30
55
0
64
31
3218
11
4
227
343
11
83
25
26
112
114
978
48
18
64
1
1319
6
5
153
19
34
1
24
42
148
9
24
23
3
95
63
54
7
54
181
22
310
111
609
199
96
11
36
6
5
4
339
12
1036
224
7
45
11
19
125
20
7
82
124
39
103
27
6
36
18
10
16
595
1
11
1
24
52
6
1
3
16
1
114
10
11
76
72
24
53
365
64
48
3
30
36
20
12
21
23
5
32
21
15
25
150
58
8
24
707
6
77
29
187
21
42
370
14
22
114
988
191
4
107
282
119
61
84
3
4
50
19
3
48
68
9
19
38
5
146
204
49
4
201
65
130
244
12
28
437
163
12
8
1
48
187
30
93
40
71
1
7
21
46
15
4
53
265
10
28
13
51
73
18
1
224
1
39
13
88
90
254
16
48
19
16
2
2
15
29
6
6
342
22
572
176
24
16
74
13
119
10
3
12
61
20
1096
4
10
24
10
67
41
5
10
273
126
1
10
1
227
187
33
73
38
33
139
150
12
8
121
3
2
185
28
7
121
22
141
10
26
19
8
17
120
2
16
19
6
156
0
408
58
12
10
32
175
1479
20
57
74
2
4
15
1916
39
16
18
12
321
7
8
12
7
19
0
57
209
326
23
17
14
51
27
9
26
3
47
169
0
51
318
374
28
6
1
4
153
13
25
12
6
10
16
320
29
115
12
11
13
567
126
3
12
20
170
25
0
42
1
92
25
375
18
161
7
5
26
1
13
29
268
47
298
4
7
72
12
3
40
11
9
54
31
10
8
23
15
275
6
130
64
5
2
97
8
3
46
17
60
30
108
28
2
38
17
9
16
124
231
44
1
25
1
12
1
4
15
33
46
176
314
54
13
241
4
327
95
5
3
13
13
60
210
5
159
2812
4
8
264
131
0
16
4
16
8
25
916
20
1
19
10
21
76
3
3
61
2
239
139
3
99
44
292
6
8
121
29
6
84
197
29
125
756
192
130
14
11
6
57
962
14
173
125
17
10
193
154
109
3
19
4
58
399
352
19
15
2
0
28
119
168
301
325
32
2
7
120
19
13
6
63
27
13
42
229
107
13
12
268
34
4
117
6
7
72
1444
30
12
94
5
6
215
60
18
8
58
110
14
6
269
66
277
109
25
6
8
15
31
23
6
6
67
3
34
61
2
1
37
15
90
15
19
71
83
532
13
1
148
38
6
200
27
290
34
11
5
50
6
25
22
980
54
220
646
10
15
5
65
9
3660
7
30
32
20
14
33
3099
3
5
690
113
6
17
38
115
23
548
719
51
14
48
16
199
6
11
22
2552
23
4
15
17
11
15
1106
19
276
8
46
51
66
5
28
314
211
38
79
3
23
40
21
2
144
20
22
228
1666
51
3
34
5
10
60
65
395
15
30
20
12
52
180
16
1154
162
79
169
26
19
63
31
13
4
14
52
6
37
15
6
320
57
8
470
1636
162
95
685
4
18
117
54
65
26
39
40
10
19
17
0
9
49
4
9
3
418
93
227
199
1
143
6
129
655
5
13
4
12
4
9
9
133
9
9
0
6
81
79
27
9
2
143
472
1003
120
10
6
31
46
1
253
31
36
77
88
3
54
191
796
73
20
120
72
34
15
892
12
35
31
8
50
25
26
2
13
265
29
39
170
41
5
88
132
75
4
68
0
230
215
7
17
74
4
55
77
41
627
4
13
37
84
9
50
173
140
88
43
2
86
13
14
81
16
26
108
11
1
574
10
18
114
107
605
39
24
204
14
15
15
151
131
2
20
10
89
646
373
22
182
9
15
48
259
6
48
27
15
614
29
48
1
5
40
3
5
3
60
90
489
3
96
33
22
1808
15
6
14
2
213
41
0
3
0
16
23
95
5
9
20
30
5
9
7
7
224
73
22
53
30
135
38
131
16
24
21
352
1
42
40
135
26
21
15
9
2
7
2
4
43
25
17
1
217
119
3
8
13
18
22
241
13
12
63
6
2
17
14
9
33
55
36
47
118
94
67
1
80
37
44
63
31
10
19
9
21
13
73
2
337
18
87
125
11
33
29
156
44
14
41
130
99
4
4
33
645
13
145
5
6
8
38
26
12
117
21
5
46
624
37
129
127
216
3
2
25
10
9
83
5
2
176
7
13
50
21
33
22
38
2
37
1
248
3
204
13
31
79
7
96
18
34
2
136
14
1
12
17
5
21
18
11
9
272
11
116
16
2
34
21
36
6
565
89
119
55
8
12
114
28
7
81
3
7
23
17
10
44
138
21
31
52
9
13
82
55
26
1
57
22
36
18
8
1014
144
1028
22
11
4
93
19
3
19
35
17
3
14
1
221
96
5
831
78
16
60
194
23
82
12
104
0
88
4
103
3
4
293
112
115
0
171
157
20
7
17
7
16
21
5
22
23
45
4
1
72
30
45
19
65
24
53
52
16
7
27
105
15
7
223
9
3
30
74
6
5
49
62
8
81
1
6
16
9
64
130
13
37
100
32
8
96
16
6
18
0
91
180
9
3
2
368
96
38
5
6
22
98
17
9
10
149
12
2
29
64
6
2
3
5
4
10
17
58
67
13
156
12
10
52
13
8
44
259
0
50
14
6
20
187
12
54
5
5
13
8
7
16
1
44
105
780
36
13
8
1
31
8
17
64
2
702
23
8
15
10
29
55
21
52
69
56
304
11
65
120
3
11
37
21
16
31
2
261
151
2
3
48
2
1454
2
39
56
34
7
27
7
5
7
370
138
50
42
156
1
56
11
3
16
455
29
7
3
115
14
87
1
59
1421
74
1
5
8
32
7
28
147
9
5
413
206
3
9
8
39
18
39
149
4
40
112
185
21
103
57
64
13
6
103
81
20
861
586
13
2
7
7
53
20
8
3
2
1
11
524
49
29
38
275
7
27
2
9
155
3
28
22
36
103
5
85
18
240
7
57
11
7
1
212
16
7
35
27
21
9
21
41
9
2
22
1088
190
15
1
43
27
558
2
3
4
75
56
28
90
19
3
211
13
576
7
70
25
10
0
19
373
12
90
28
5
10
47
2
6
173
29
57
4
13
71
24
0
54
36
2770
16
23
7
2088
23
17
6
18
52
0
58
2
12
38
4
81
28
277
1477
4
20
1
96
20
34
7
20
11
188
39
9
30
65
18
11
18
12
8
14
159
56
3
10
0
4
226
80
5
630
39
15
10
7
3
66
48
51
1461
55
325
17
28
203
168
6
30
0
175
37
27
2
6
8
137
44
17
3
0
0
112
2
25
62
261
49
85
1
34
2
2
482
19
19
368
310
151
19
11
24
1664
26
23
423
235
15
26
2
5
11
60
93
113
42
7
30
7
50
12
26
104
116
8
309
31
19
474
16
33
61
6
10
6
3
116
168
6
58
15
64
14
27
6
25
7
70
1
9
13
7
10
18
96
56
2
35
9
9
25
9
1
153
56
7
36
157
280
2
16
19
3339
24
6
13
12
23
15
31
28
14
4
36
10
50
51
42
1
4
78
8
2
4
295
23
12
9
6
25
172
74
12
22
19
17
52
25
4
41
54
0
17
119
22
76
30
6
181
117
457
214
8
1
69
5
6
30
98
46
30
1
3
3
2
167
4
74
11
777
16
379
150
151
126
37
2
76
66
34
5
18
68
8
12
13
187
43
25
127
5
36
13
332
466
170
49
4
120
11
10
3
0
155
3
31
0
9
9
240
64
29
4
41
12
11
12
69
13
4368
83
36
7
227
30
46
4
46
54
54
10
93
9
57
310
66
1
6
72
13
1
45
30
41
287
14
10
80
819
37
104
85
96
176
8
56
26
2541
84
43
15
36
16
25200
15
21
7
7
18
21
43
171
0
1
6
22
397
72
3
37
13
12
95
2
0
471
52
77
90
10
158
10
39
3
15
89
11
42
91
30
35
6
14
6
185
2
5
432
51
45
18
76
1
46
14
12
4
19
16
21
18
77
76
58
5
125
3
9
52
14
16
1
8
397
119
2
187
15
7
1
14
3
0
7
1
18
34
171
261
87
131
254
2
4
10
0
58
40
24
204
14
416
989
3
7
4
29
74
318
8
105
141
21
28
5
25
48
12
11
46
32
216
2
6
9
63
81
141
4
622
127
27
41
11
12
12
4114
2216
16
225
19
18
6
44
40
9
4
69
21
106
135
13
254
46
22
10
9
2
42
153
49
119
3593
18
13
5
130
18
4
28
259
4
328
103
19
16
92
7
8
4
37
5
2
30
64
116
22
23
18
192
62
20
5
333
23
0
1
43
5
158
23
64
500
0
40
7
31
147
12
132
19
75
6
4
11
48
10
6
148
23
2
18
10
0
23
493
154
46
16
389
2
2
34
56
21
50
190
11
19
1
15
22
18
2
464
25
17
24
40
9
72
282
15
180
12
24
5
16
102
10
3
97
2
37
2
25
11
9
20
76
8
239
18
81
6
15
2
0
9
47
2
9
106
24
134
34
24
2345
14
157
61
12
48
107
21
26
24
6
18
3
0
24
12
106
711
14
18
32
11
7
14
307
74
0
28
0
91
10
280
14
212
17
45
20
15
1590
5
131
21
2
0
293
25
9
9
4
11
22
113
330
23
7
12
8
11
6
7
237
39
4
0
159
8
3
1
27
7
2
153
114
150
125
8
13
5
3
9
390
4
64
204
27
40
5
66
13
11
38
12
20
13
994
31
137
151
194
88
693
5
5
8
23
336
71
8
219
3
53
6
2
108
3
11
101
23
13
40
20
8
2
90
10
254
11
19
135
26
70
152
101
11
3
214
5
200
23
12
6
2651
82
2
7
821
38
31
95
115
7
26
137
30
166
1
148
5
9
4394
4
13
3
41
20
8
23
0
9
10
265
32
10
11
8
13
68
72
7
80
58
34
442
361
5
12
16
15
174
361
10
3
930
27
13
3
37
82
35
1
41
158
79
53
12
2
34
68
21
2
398
71
7
40
5
180
8
1
2404
8
40
742
12
3
11
43
127
15
3
26
11
78
331
64
673
56
6
20
780
14
1
4
135
202
2
8
6
12
232
124
33
9
83
12
24
92
10
8
149
11
20
16
44
25
17
6
14
5
10
242
26
29
325
237
64
13
112
50
0
7
163
9
1
17
2
210
37
14
2
7
13
294
336
284
84
5
33
216
31
14
23
63
19
39
7
289
27
17
165
116
228
20
150
1060
40
31
1
8
106
2
34
22
25
369
91
34
155
89
11
876
14
65
44
180
0
20
33
989
52
34
4
71
14
45
4
49
61
37
124
849
7
19
12
11
72
143
65
54
89
68
15
19
23
25
14
8
10
106
94
6
144
73
20
3
627
155
3
11
38
205
80
86
79
111
8
58
28
7
0
911
35
169
2305
2
11
7
14
58
88
7
20
39
3
71
41
7
0
52
21
19
76
35
1
35
76
57
14
14
13
19
49
27
6
24
55
68
7
63
4
24
73
6
29
40
129
17
7
26
18
29
130
0
19
5
36
65
130
8
3
14
282
6
357
1551
433
3
72
16
48
719
69
31
11
22
16
9
20
15
6
19
62
31
5
1
42
21
6
14
64
2360
38
429
42
7
1
3
201
13
102
57
1
37
69
65
1
87
54
5
10
34
19
34
16
384
3
4
4
100
51
5
1
30
353
1179
253
5
17
1025
47
39
102
3
108
20
57
14
723
67
33
22
7
188
34
117
4
85
129
2
60
11
111
169
23
1604
10
201
10
143
3
144
14
52
152
15
21
36
37
16
6
16
264
45
521
1
3
7
203
828
14
0
18
1
104
182
30
13
2
33
32
22
47
11
74
8
48
7
0
24
35
47
42
10
4
4
154
1497
27
24
6
1977
28
399
6
2
109
1
118
1
113
3
110
12
30
94
14
5
139
141
29
71
12
67
68
62
5
323
70
157
8
339
1
12
28
91
10
180
1
12
40
17
43
30
4
53
14
818
13
10
150
25
2
15
417
174
19
35
2
6966
4
97
261
54
41
53
1
61
160
37
0
3
4
4
11
16
21
13
1
6
3
1073
0
5
193
11
165
3
21
30
117
698
23
91
54
51
22
7
73
33
290
6
53
24
12
169
9
258
18
100
19
8
374
41
52
119
354
206
3
170
37
68
78
27
125
99
9
5
240
25
35
163
71
263
6
20
36
18
111
28
156
15
1
53
27
1
206
477
6
50
359
19
1
27
6
92
32
6
182
2
18
20
298
11
6
12
186
18
3
18
811
7
262
21
3
9
52
29
21
170
7
255
10
47
1198
21
89
2
8
9
20
29
164
10
59
20
15
496
76
18
21
9
82
8
12
5
168
104
9
1
5
7
6
5
14
7
73
49
23
402
383
14
41
89
10
10
127
62
44
0
4
9
3
1474
44
16
5
70
203
8
10
9
3
6
2
8
9
2
27
1
15
10
5
3
15
21
80
5
35
1257
22
84
15
397
18
969
532
17
2
9
6
12
38
18
42
16
10
31
26
3
571
6
5
9
12
18
52
31
16
92
7
223
260
36
84
150
27
599
11
163
6
29
34
28
1
22
28
11
7
75
1
44
159
14
81
0
5
3
12
23
116
2
85
55
35
14
8
196
141
4
26
5
67
7
10
26
6
132
2
1
204
7
3
3
12
57
4
16
7
91
4
107
75
22
15
11
29
15
2
41
69
51
11
5
517
13
17
253
2
3
320
2
129
191
19
16
90
6
29
29
134
59
1
7
18
47
6
13
14
9
24
7
5
215
101
15
682
20
19
493
694
4
106
307
51
12
13
41
324
48
112
0
143
11
34
2
8
51
20
214
76
5
7
76
1183
1180
254
26
10
0
67
2
63
72
295
12
11
9
39
163
6
12
10
1
16
4
449
77
148
75
31
109
74
89
21218
9
2
16
4
6
8
13
3
16
890
40
612
275
4
19
61
207
12
1619
6
45
16
26
52
430
7
7
133
301
132
3
18
7
8
20
2
132
31
36
295
10
27
13
8
2
26
31
240
224
3
95
51
389
16
25
31
142
17
5
155
664
5
1
13
71
135
73
98
162
3
109
8
28
257
23
11
64
8
29
0
55
545
11
81
3
11
28
29
556
403
42
58
209
651
98
156
105
111
6
19
70
18
41
40
117
876
73
15
40
181
7
29
56
541
22
8
98
11
1176
9
39
2
65
2
14
13
14
106
32
3
220
28
144
107
34
107
75
68
15
153
10
4
80
19
21
11
74
46
126
22
7
115
25
187
1
12
58
0
26
118
61
64
132
313
231
8
0
11
61
198
85
3
62
15
10
57
14
11
377
14
43
129
15
13
143
7
4
1
5
28
32
23
148
0
38
50
17
74
16
35
250
24
27
10
172
12
31
73
10
4
500
96
30
44
85
97
0
0
6
49
33
130
5
54
6
128
132
21
5
0
7
40
102
50
1
9
96
148
4
3
383
7
7
29
2
12
17
1
8
44
459
159
44
14
20
8
11
8
9
249
90
53
20
25
18
51
40
52
23
8
4
380
1
218
5
38
1
1
98
14
9
32
19
556
16
91
86
512
6
51
10
18
169
7
42
8
175
57
4
126
2
136
3
2
16
15
3
0
38
15
82
16
2095
22
5
1
3
5
42
196
166
7
49
465
75
150
139
30
11
24
20
308
320
8
178
113
2
11
788
40
0
19
122
8
9
20
500
35
22
106
14
167
45
7
29
8
116
28
3
620
21
34
8
84
24
7
157
36
9
25
226
0
118
670
61
47
6266
5
21
46
80
358
117
15
10
31
2
20
112
19
50
250
2
80
3
12
2
32
7
113
420
6
32
0
35
14
104
25
71
101
24
154
12
1
9
60
11
43
43
1530
228
924
231
13
86
4
13
5
5
7
21
130
31
32
133
0
8
36
35
101
24
244
13
66
1
31
190
7
15
15
3
12
2
27
28
43
7
20
5
9
92
22
15
71
119
0
3
63
7
591
363
78
149
1
4
4
33
2015
224
54
30
141
24
84
19
1
425
79
14
6
118
197
9
18
41
160
65
50
6
3
108
10
24
27
1488
4
42
22
7
2
94
3
1421
86
0
25
10
106
73
4
287
72
91
56
64
20
111
320
44
35
35
480
6
57
3
39
82
1659
0
131
18
588
0
121
27
22
3
0
5
8
1
15
13
65
197
105
164
370
17
59
19
1
17
3
118
70
75
23
222
29
53
212
1
57
39
227
40
47
1327
37
65
53
14
5
4
5
38
1
6
234
2
17
7
11
23
10
15
37
38
111
85
112
66
31
243
0
0
19
68
1
63
71
113
3
40
85
3
44
14
301
27
53
40
10
8
433
11
5
8
17
32
20
675
12
7
218
845
457
47
135
37
97
17
5
34
11
158
32
63
24
13
120
8
87
60
152
29
52
18
17
8
34
26
1
7
207
156
38
0
55
317
186
23
145
13
5
8
14
155
10
28
151
11
1
41
4
295
82
66
53
79
27
44
1
13
19
205
481
7
149
97
179
4
53
750
1029
11
15
127
31
5
10
24
5
34
12
166
12
9
101
7
70
5
6
26
180
22
24
22
48
13
14
33
7
0
5
8
57
88
125
290
15
262
17
13
179
66
50
168
122
7
17
170
48
462
40
5
304
39
7
30
94
16
35
10
6
13
11
57
5
60
52
132
475
19
13
185
11
4
625
169
0
133
45
569
159
79
8
13
93
156
10
17
11
178
58
3
35
25
29
1
382
36
129
4
557
12
6
9
60
30
172
21
38
3
11
41
39
8
4
26
16
10
42
11
58
937
75
0
6696
127
1
34
0
121
3
6
4
280
10
136
128
7
54
15
40
126
44
47
17
20
158
2
55
21
1
392
0
51
23
1311
39
13
12
18
10
53
21
10
14
218
24
146
1
5
153
31
5
64
91
34
16
42
3
41
1
17
12
11718
23
98
71
10
55
10
8
12
4
17
1276
58
287
33
255
46
30
8
29
385
3
5
2
14
56
11
4
6
86
96
156
4
206
19
647
38
295
6
4
30
26
4
18
28
794
156
84
52
178
30
2
6
18
9
6
24
80
15
99
49
34
11
13
15
56
6
15
51
31
70
112
13
285
666
2
92
101
19
14
57
116
87
29
69
203
11
136
40
7
27
32
51
28
55
37
94
157
42
8
69
9
2
194
32
10
26
38
31
276
9
25
3
4
2
5
5
21
246
34
245
329
62
11
416
8
2
14
314
73
24
9
13
1
51
89
15
9
7
15
21
321
101
23
2
17
38
61
98
88
173
46
2227
1
14
9
343
7
175
45
37
22
109
6
277
79
2
3
10
11
3
43
17
9
319
136
112
35
13
15
8
25
5
37
28
62
9
38
3
17
48
3
2
2
1
13
14
8
79
19
26
57
11
506
10
31
425
5
165
36
890
2
16
96
8
111
82
10
222
49
43
54
33
550
5
8
13
13
12
52
37
71
6
51
55
20
16
17
30
8
149
16
3
5
2
0
55
93
50
16
81
899
113
41
154
99
63
5
30
7
1
797
1
10
108
5
18
1214
5
55
87
10
397
344
20
0
28
112
4
31
393
2
21
90
23
365
65
23
152
375
14
0
47
251
8
8
2135
2
21
36
54
20
15
30
12
15
0
9
469
22
2
64
113
15
16
28
15
20
7
4
4
5
1
4
3
25
39
109
117
39
32
25
1
8
35
67
8
32
1
2
8
30
41
11
1
55
29
16
47
2
10
33
440
2299
13
121
9
45
6
2
786
20
3
21
16
13
220
11
18
23
156
41
5
28
3
493
51
18
9
7
215
10
35
69
105
8
38
34
85
17
33
7
21
869
136
269
3
41
39
18
35
12
79
10
1
14
52
25
15
7
1
166
1
311
20
209
71
10
6
45
5
154
19
2
82
92
9
67
42
165
39
189
10
606
3
9
3
24
17
921
63
36
17
20
47
27
323
9
8
250
18
33
10
8
28
152
5
70
33
29
230
15
0
39
373
8
14
138
33
13
395
6
16
12
23
42
21
1
1
179
111
1
173
19
55
24
26
108
13
28
5
47
76
6
17
8
7
33
8
27
10
2
5
524
17
25
6
33
9
52
11
6
231
13
11
5
48
6
14
65
799
4
42
57
289
74
31
46
31
16
91
38
50
5
4
0
2147
41
8
158
0
11
27
4
6
28
14
9
14
391
205
3
91
91
1
12
86
92
11
2
5
18
37
6
6
14
8
75
102
85
15
22
112
5
56
37
17
6
167
11
1
95
8
308
154
30
25
16
29
6
21
27
0
149
156
38
61
18
108
12
53
55
2
9
7
20
65
72
42
22
177
37
56
4
229
7
22
33
31
45
22
10
34
74
1
1495
3
3
4
10
145
17
3
95
28
89
19
4
8
54
0
13
947
21
7
34
5
604
14
13
58
17
61
53
6
66
41
78
33
8
12
3
6
3
12
4
9
1483
71
4
54
14
49
156
17
2
43
355
12
783
240
8
39
18
142
161
8
12
0
154
16
83
20
27
230
34
99
41
38
94
22
7
4
110
16
6
1
9
651
141
30
28
13
70
117
24
17
87
7
1
6
208
62
63
7
127
6
14
9
129
69
4
142
23
8
107
7
464
63
107
3774
59
32
8377
87
27
9
135
1
3
17
19
6
1766
0
14
145
20
23
743
19
34
8
72
97
54
915
167
3
36
7
2
3
39
256
54
31
24
219
11
135
3
8
49
17
61
10
208
100
41
5
12
68
25
14
38
9
109
31
10
432
3
2
202
177
80
56
7
1546
6
49
8
78
147
294
654
34
6
2
6
3
12
6
160
6
4
15
12
5
98
5
2
0
45
218
15
8
391
3
3
41
18
46
16
3
84
77
35
72
495
3829
36
70
32
172
1
4
31
1
47
6
33
181
41
147
11
0
15
3
277
19
30
3
1
6
11
564
168
23
63
90
6
0
50
15
48
3
79
13
11
134
12
7
7
18
720
5
29
3
1
444
262
6
9
14
11
249
42
117
9
8
8
77
2
5
5
2
18
356
6
124
29
143
77
2
4
135
240
9
13
225
36
277
2
5
176
61
5
0
32
4
10
6
32
256
46
88
6
1161
32
133
29
81
144
132
16
108
2
639
32
129
22
2365
44
27
21
24
7
18
261
253
204
3
219
39
39
15
2
33
407
46
19
636
123
7
5
57
122
29
9
14
64
10
25
6
19
87
89
89
2
8
12
181
195
13
89
1389
283
169
598
21
700
37
2
16
43
248
157
202
6
3
4
154
145
22
151
16
123
20
8
66
1
298
1038
77
201
89
21
15
504
138
327
100
462
3
2
6
9
26
1
34
21
12
33
80
23
36
46
6
11
1
53
26
44
83
36
0
133
90
3
29
40
3
949
6
3
36
7
2
16
94
24
291
5
555
1391
39
2
22
13
19
15
5
6
33
544
10
596
18
7
4
30
12
33
0
7
6
239
60
126
45
9
15
742
5
134
2
55
18
4
122
17
22
6
8
88
4
101
16
9
211
0
176
2
16
26
38
184
22
348
9
24
35
46
10
7
184
11
6
42
0
65
174
9
36
12
112
2
100
28
196
25
250
495
37
76
109
18
6
13
110
106
12
13
19
17
9
11
7
56
293
2
591
37
13
159
2
6
9
4
270
54
785
9
728
14
10
42
7
377
83
9
5
202
11
6
5
3
217
46
2023
64
83
14
467
3
0
29
4
3
35
97
27
21
7
290
6
4
0
9
13
46
1
14
86
185
15
324
12
3
40
54
14
2
7
51
21
61
4
20
18
53
61
24
28
3
894
8
3
19
60
66
117
798
68
25
11
3
63
11
0
0
6
77
7
16
629
31
5
5
7
36
39
57
6
10
6
17
7
65
20
7
369
470
17
20
8
0
68
12
85
7
162
57
1
3
3
102
17
456
9
21
8
15
254
23
3
15
7
42
93
50
19
149
6
106
15
14
115
323
91
8
36
88
182
120
5
29
1
10
2
68
28
6
163
103
13
91
144
217
28
9
74
9
13
6
6
9
117
25
8
0
75
55
15
78
12
37
11
4
1
59
10
27
111
22
12
70
1947
131
73
60
6
238
91
4
58
60
258
10
14
16
27
3
3
58
153
20
75
2
5
124
11
12
39
81
23
9
4
16
97
190
0
34
24
2
85
21
35
2
21
2
86
1831
9
14
2
48
46
7
100
9
245
14
67
1030
33
16
301
6
4
9
486
175
12
643
705
117
190
8
19
15
57
23
4
17
363
45
92
5
20
283
249
3
35
1949
9
4
6
54
72
19
10
67
9
99
22
22
30
863
3
81
12
161
293
160
322
15
46
61
73
6
8
61
15
11
28
36
21
13
5
80
104
4
10
63
102
3
100
40
36
87
20
17
45
75
18
140
28
25
8
1
19
1
336
81
95
11
197
13
17
4
6
144
73
3
9
91
17
4
9
99
31
1
15
63
10
8
5
6
12
1
1
32
21
83
17
18
954
27
18
12
3
52
6
55
50
94
37
8
0
39
24
98
6
42
156
6
4
112
34
31
5
21
859
0
4
5
11
0
185
35
127
63
31
6
2
166
25
20
576
8
55
8
4
25
68
63
76
17
2
145
9
6
155
299
153
53
11
26
1
66
53
177
58
25
4
37
8
135
30
1
19
0
19
14
40
6
52
29
22
0
74
8
15
113
5
5
56
31
160
98
30
29
55
9
3
27
12
2163
330
5
409
4
6
21
249
44
5
19
50
125
7
16
347
3
345
36
1569
7
59
108
3
74
13
23
144
10
53
12
53
27
0
2
184
72
4
192
118
16
40
8
76
54
190
3
0
5
4
102
6
225
16
17
380
37
126
934
18
266
141
21
23
96
17
837
97
53
12
1
10
3
1116
8
95
16
1
58
6
9
448
222
310
7
155
12
31
145
0
20
9
9
260
76
2640
3
10
94
9
261
166
30
3
1
3
97
44
68
125
6
229
56
17
1
28
357
52
11
2
1
6
1
8
24
145
25
10
160
3
26
7
367
31
16
1
4
11
138
82
26
49
22
10
33
82
180
10
156
75
29
13
90
34
46
23
43
5
6
498
199
2
67
7
20
218
31
6
6
48
42
15
24
35
35
192
43
13
5895
8
92
12
183
3
207
25
115
104
38
8
1
33
40
57
1
55
81
74
20
31
44
80
326
70
29
159
137
16
2
241
107
47
54
401
122
14
16
47
130
3
22
105
6
103
133
37
657
32
19
170
104
163
33
31
42
4
2
22
5
42
518
33
9
15
191
30
5
313
15
9
1078
14
499
19
8
6
3
7
1451
39
1419
42
7
4
1
111
38
8
48
346
5
17
11
43
25
26
6
255
2
14
16
29
94
156
13
186
298
185
9
12
4
1
8
55
23
22
3
16
2
48
5
17
8
23
15
3
222
66
27
10
21
16
20
2
76
28
168
241
8
32
2
36
113
2
18
88
358
20
44
9
0
1
10
36
10
12
53
195
8
7
79
3
2485
162
20
92
111
145
17
6
48
191
12
32
102
279
153
4
9
42
184
25
8
18
6
15
5
20
5
612
11
11
9
44
73
8
6
15
229
302
27
27
35
10
47
15
15
109
53
3
31
6
355
14
9
30
2888
3
12
8
14
10
3
61
19
3
2
30
64
761
28
3
380
22
39
4
1844
57
35
14
993
9
240
13
8
152
7
46
1185
5
6
2
29
14
22
17
1
416
32
580
89
11
107
49
5
26
73
5
4
7
0
38
346
450
16
9
31
12
178
287
8
35
88
1
140
76
9
180
101
21
63
850
18
13
3
9
0
31
18
5
13
152
98
218
13
58
64
185
11
44
7
32
22
42
128
14
6
7
93
128
4
17
119
7
25
64
16
26
8
2
1063
63
12
69
356
72
370
3
15
3
42
578
70
47
18
42
124
43
25
263
21
79
23
3
323
6
79
3684
286
5
239
14
6
11
471
86
234
49
9
2
183
87
10
58
44
5
26
40
27
16
42
103
6
1
82
177
6
14
7
17
677
2
37
189
137
3200
11
19
18
53
4
12
1
13
60
72
72
5
506
38
56
61
164
4
276
183
44
19
441
75
173
7
1758
43
7
6
24
37
38
87
31
199
9
272
17
16
0
2
32
1
11
897
0
10
7
403
47
16
9
21
13
3
28
39
155
0
71
21
279
11
7
6
24
11
48
2
267
63
6
42
462
192
43
40
101
2
13
98
47
260
358
17
4
58
68
86
146
2
260
4
20
26
30
39
90
1472
6
52
18
30
10
2
10
0
12
13
23
38
3
17
543
137
0
161
5
6
25
210
13
1
13
5
47
26
878
1
175
22
59
0
57
6
7
330
53
39
18
21
97
24
269
12
13
104
80
103
59
198
60
425
15
10
45
10
30
25
12
3
22
33
32
10
2
12
76
48
111
157
7
53
22
22
15
6
12
59
16
90
24
70
12
2
32
4
16
48
3
98
33
39
19
25
12
18
81
10
7
64
10
199
138
34
9
17
300
157
3
16
12
6
21
96
16
27
38
193
40
16
161
67
76
64
13
2
36
71
1413
4
6
42
7
11
28
103
7
38
18
54
4
17
7
12
277
1
91
13
70
15
6224
25
2
48
103
435
16
78
145
2
26
1
47
9
682
57
3
141
24
75
144
107
17
59
7
17
2
40
28
17
10
61
11
0
50
61
88
22
157
182
99
12
14
6
20
20
16
3
142
11
62
6
7
24
2
1
4
26
22
316
14
29
9
16
17
7
6
6
21
241
57
9
4
89
2
19
1
119
538
0
67
96
54
1
40
1
64
0
33
122
116
146
4
63
13
527
208
24
84
18
187
123
16
3
8
19
15
1
9
4
503
3
55
16
109
3
11
35
48
4
9
80
96
37
296
7
161
176
49
3
56
1
0
21
10
115
18
20
15
47
0
6
439
36
32
95
171
9
51
14
21
5
7
17
10
265
157
64
0
127
3643
73
16
69
27
12
10
7
29
9
3
254
47
33
43
180
24
5
66
13
87
98
334
6
58
1
0
162
2427
25
3
10
99
144
5
409
220
28
9
2
168
17
25
20
17
6
19
131
188
115
130
33
6
50
15
7
19
40
38
73
8
146
14
12
27
8
155
6
16
3
12
302
25
66
354
19
50
135
29
63
26
11
190
10
53
10
32
28
7
246
1
13
202
43
147
29
27
51
83
59
4
21
5
5
47
30
61
72
49
703
9
164
217
172
14
12
2
1140
43
4
198
3
26
281
92
176
25
69
5
43
19
6
7
11
121
22
33
9
171
8
8
97
108
4
5
33
18
109
33
12
22
168
130
59
9
23
4
12
13
432
32
1
91
66
377
2
72
9
1
560
27
23
4
35
45
5
10
193
14
15
1
871
4
1
9
48
16
61
92
6
54
529
11
16
212
7
9
22
10
293
14
102
13
23
183
52
125
24
13
19
32
1
6
339
2
31
64
45
6
40
318
295
24
120
67
158
122
166
106
311
6
2
0
3
92
24
7
530
1
763
8
38
40
53
51
2
84
11
20
66
7
4
10
2507
39
562
11
20
84
49
39
58
306
15
1184
151
316
269
27
27
53
14
10
211
2
27
351
6
128
98
138
7
6
22
3
634
67
64
22
24
69
34
27
14
3
17
6
10
167
8
6
64
11
10
979
11
29
8
15
25
11
34
5
69
29
12
335
22
151
38
11
69
45
22
225
2
151
147
2
20
12
1080
24
8
42
5
126
97
1146
52
15
44
35
37
1130
13
2
49
16
3
347
33
9
77
26
53
30
58
2
133
6
22
54
77
4
81
9
6
10
24
425
22
113
74
28
6
936
10
152
9
497
17
69
3
12
8
1
26
149
11
46
4
52
56
149
20
10
219
11
11
27
2
312
26
62
22
164
9
143
85
13
341
5
807
26
89
1
3
1103
91
4
19
14
1
52
58
15
3
11
16
4
2
301
222
22
91
40
335
15
104
18
135
18
35
164
13
657
4
13
47
43
51
12
18
58
1279
1555
91
5
611
11
91
12
171
240
4
13
11
21
1
78
5
15
258
8
10
24
26
14
8619
9
35
315
162
58
3
8
64
63
73
18
1
114
6
522
28
6
110
73
277
22
35
58
6
61
9
66
17
44
16
99
2218
50
10
118
5
86
9
35
38
5
416
257
219
3
78
200
20
26
12
724
62
5
43
335
382
70
1
13
47
23
127
18
47
2
1127
1246
2
12
1
59
205
8
17
40
2
15
19
5
31
7502
181
154
32
278
21
6
3
67
124
7
388
20
3
6
49
10
106
43
15
128
10
16
19
37
255
7
42
10
14
45
12
18
48
73
52
19
67
12
30
121
18
32
178
156
35
8
4
405
18
239
207
51
9
54
174
20
8
21
5
2
26
37
80
71
4
62
52
80
12
112
2
14
252
23
28
31
2280
72
135
167
35
0
55
82
34
4
2288
251
13
18
29
161
72
29
133
204
193
108
25
155
12
843
13241
12
2
9
230
1
1437
41
103
376
12
48
89
5
46
99
57
4
39
57
48
1
44
65
38
7
76
2
7
10
15
146
121
10
35
15
1
442
127
89
2
54
6
349
15
6
104
864
15
26
13
423
0
151
49
194
1
32
1
47
56
14
12
8
12
92
17
91
5
80
92
76
91
4
57
1941
46
10
164
407
83
5
81
29
20
1981
5
5
5
17
25
85
157
51
92
34
42
41
63
159
101
7
22
85
16
3
36
105
28
30
153
27
2
81
4
41
17
41
2
171
23
74
41
26
4
7
18
197
3
46
85
125
7
16
73
42
63
27
56
11
37
12
147
67
38
189
22
8
13
322
8
80
0
11
1144
104
129
361
135
35
47
6
91
189
0
56
18
309
2
484
35
8
0
10
21
0
14
471
47
13
0
25
0
29
38
15
4
4
173
2
6
56
139
191
53
267
3
6
39
17
56
20
23
98
187
50
13
159
46
79
65
3
14
3
8
3
292
10
49
507
20
4
16
25
125
0
10
35
21
6
3
8
20
4
41
23
3
297
1
10
4
9
1
12
15
22
5
3
208
4
108
4
18
16
25
17
14
1
1162
46
59
15
3
62
22
27
5
144
21
20
626
80
51
4
0
13
8
796
461
28
36
18
19
3
115
488
0
16
65
102
203
5
53
75
10
174
23
5
5
94
676
7
132
27
9
198
27
4
9
15
0
33
16
15
33
23
22
148
3
118
28
5
5
213
49
11
4083
5
32
110
55
33
196
36
333
53
142
47
9
9
22
69
0
8
31
15
9
19
293
59
53
13
15
6
75
4
7
127
10
20
11
15
24
31
156
53
80
13
12
6
16
15
103
644
134
23
12
80
169
8
1
4
57
4
13
57
197
2
9
50
118
13
48
11
6
11
39
36
10
32
8
17
313
32
18
19
1
25
1711
187
17
11
31
81
113
22
32
0
5
175
28
6
12
66
31
0
5
99
150
19
8
8
239
31
0
106
25
20
184
147
7
12
83
3
55
2
26
26
35
79
21
160
28
37
29
363
37
296
1106
0
15
52
26
110
255
13
10
3
16
178
36
36
33
8
5
185
269
3
23
198
77
12
285
24
1
14
26
13
63
2
26
188
4
25
42
7
24
31
2
30
3
78
10
266
151
124
561
17
37
19
84
92
6
3
27
17
6
13
44
43
3
0
63
5
12
12
146
24
36
235
61
0
5
2
46
11
9
18
136
39
10
45
12
116
116
1
6
3
15
10
30
210
8
146
37
1130
20
1
0
5
4
13
28
418
73
9
6
18
1
188
10
68
60
420
7
536
32
44
423
8
4
19
6
18
67
13
228
6
1
754
15
135
164
15
22
24
29
0
9
16
20
9
38
33
6
4
16
10
10
5
9
83
7
2
94
48
24
33
6
19
10
125
21
347
194
20
7
0
2
0
102
76
26
273
20
204
67
7
7
7
131
159
417
424
65
36
18
4
12
46
674
4
34
65
151
28
73
22
3
4
12
895
32
145
10
30
114
88
7
154
9
126
28
9
42
21
13
11
5
27
2
121
0
45
15
5
10
25
1
43
28
7
17
12
2
145
16
224
77
11
4
22
18
10
100
22
44
2
35
14
1
8
12
217
118
11
11
39
31
16
7
21
4
19
84
17
6
179
96
149
7
6
19
404
285
1
43
2
97
31
0
2
9
155
16
123
29
38
39
20
1483
36
8
19
19
19
5
5
12
33
9
915
41
65
8
12
9
10
28
57
4
1
114
15
19
2
2
45
30
13
15
2
10
12
6
82
28
28
9
4
17
2
69
207
102
2
16
95
8
185
7
5
13
0
19
2
11
74
10
19
28
167
79
106
11
8
34
143
7
101
156
38
11
36
37
50
75
7
47
20
3
163
26
42
239
12
10
8
32
35
6
26
7
48
96
2
4
66
1
557
15
105
8
8
145
163
77
3
17
30
6
6
11
3
103
14
75
122
28
7
37
1
50
343
10
20
1
4
27
24
10
37
2
15
1
645
233
28
164
42
46
154
48
9
126
44
3
159
15
9
16
15
12
17
11
91
6
1
2
43
19
21
4
38
15
269
37
1
10
20
1
200
79
12
77
43
323
3
108
156
255
286
7
9
5
9
41
3
233
49
6
258
83
125
5
1
7
3
7
14
2
34
35
399
3
96
23
18
90
19
15
24
18
28
28
7
184
3
19
252
103
18
6
7
2
12
23
291
24
168
290
40
108
1984
17
8
4
57
13
26
7
169
223
216
18
28
89
53
185
28
9
2
0
40
7
56
178
314
18
13
24
19
635
1
14
132
16
8
28
12
47
12
272
19
30
11
4
10
21
7
1
143
2
142
13
11
1877
23
71
281
33
269
238
62
10
6
10
45
88
2
42
151
8
36
5
11
20
250
169
280
7
5
11
31
98
5
381
64
9
25
68
145
18
6
13
1
4
111
382
7
7
7
153
17
20
75
8
15
5
23
16
21
102
142
1
14
64
99
27
160
21
40
7
260
389
6
79
8
49
26
97
137
338
3
10
74
39
3
12
182
50
51
109
82
1
7
60
60
43
694
35
29
11
5
76
19
2
4
73
211
2
24
50
23
4
34
31
12
54
2
2
2
2
59
67
40
1
118
2
200
9
65
10
34
27
25
3
77
2
59
9
143
12
1
9
3
6
3
104
0
41
7
174
3
47
327
9
3
86
6
17
189
76
19
33
54
25
5
247
8
4
34
43
169
188
1979
10
153
1
195
163
5
372
9
4
43
11
32
7
62
3
146
12
30
8
0
0
5
4
13
135
22
38
9
12
7
156
2
4
29
145
10
117
31
23
94
99
30
292
1
16
175
98
23
62
5
25
11
214
404
100
4
4
28
4
133
5
35
96
34
61
129
36
41
7
2
280
14
13
9
52
20
74
31
14
47
299
12
209
34
63
0
0
262
57
404
155
30
41
2
158
2
28
49
15
48
1
29
57
202
3
39
102
10
4
22
1630
3
8
3
8
39
1821
131
0
189
41
23
14
5
39
19
4
60
71
14
10
13
2
30
8
3
11
15
39
5
295
3
3
9
159
100
150
255
140
47
9
3
243
1396
41
1
127
81
60
199
61
101
65
43
3
43
3
28
55
9
5
248
2
9
29
90
8
6
18
7
12
23
41
16
45
12
2
60
98
2
17
24
5
3
29
13
631
112
15
70
39
64
98
8
221
2
4
3
7
31
3
98
2
104
59
6
0
22
6
15
110
1286
25
383
40
168
7
3
8
31
5
20
3
56
117
4
145
303
38
15
114
13
45
1
1247
39
13
7
32
4
2
1
12
3
40
4
8
19
33
4
13
23
5
20
92
11
14
9
2
10
2
34
78
2
104
13
3
6
586
77
13
55
604
6
1053
31
2
187
18
17
13
8
4
9
59
106
52
177
123
63
8
93
11
45
72
118
61
98
4
467
3
29
3
84
47
5
5
42
0
197
32
1
10
1
15
2
121
25
53
49
31
30
2
24
18
128
187
27
155
42
15
224
127
0
4
7
7
781
10
0
1
56
2
9
276
25
56
4
31
173
156
47
56
1
17
8
21
16
1
89
2
974
35
175
221
55
211
46
269
7
1
78
8
46
71
2
34
21
9
957
14
92
79
4
6
3
17
305
89
3
127
141
9
1
239
12
25
38
0
5
9
25
1
24
6
10
156
65
17
2
6
31
76
22
25
9
43
24
6
29
11
65
30
4
51
38
258
14
21
242
64
196
9
11
67
408
22
8
107
14
19
13
14
34
4
92
13
55
40
7
7
31
142
154
1
234
8
525
96
7
370
60
83
85
41
145
189
9
63
24
5
0
13
355
19
7
69
41
12
65
10
1
48
12
37
18
223
136
148
5
4
34
10
86
131
382
32
6
91
21
2
16
26
40
7
15
84
167
20
148
628
382
93
13
14
110
143
125
32
73
27
43
40
6
173
25
98
241
308
37
30
7
3
14
29
3
1
688
142
2
516
1
3
10
3
41
5
26
5
8
37
32
4
34
19
23
1
0
37
19
923
15
9
9
48
7
4
38
3
102
47
1
113
13
41
194
63
547
394
27
15
17
69
1
85
33
75
3
1999
4
15
28
29
96
8
6
45
297
12
5
36
68
148
1
26
63
160
22
66
210
141
3
146
89
13
1
29
7
758
15
40
8
2
28
20
33
53
29
10
49
3163
7
79
6
58
84
10
167
17
67
22
38
72
5
109
5
111
28
21
6
25
32
12
209
5
4
1
10
43
21
4
16
70
22
2
167
83
120
5
19
10
253
353
18
20
15
10
9
16
93
204
7
9
50
14
6
119
183
55
2
8
1
27
9
173
24
232
9
31
50
52
34
0
52
375
14
6
23
126
1
636
2
4
59
114
19
16
24
4
20
8
20
266
229
40
52
65
492
15
38
6
19
99
48
190
230
16
21
75
48
5
1
28
17
24
27
11
13
487
55
168
19
3
32
30
7
9
64
15
144
22
8
18
18
14
9
11
498
81
12
0
155
34
18
784
4
473
8
31
3
15
48
6
39
33
217
9
2
33
46
36
13
6
169
153
92
378
67
646
7
86
4
16
17
3
164
320
43
68
2
1
203
33
96
103
256
27
9
2
58
18
17
26
6
10
624
14
1
14
71
10
19
79
0
0
107
134
6
50
27
146
15
48
118
6
3
174
165
13
7
6
2
11
440
116
12
32
1
14
49
221
25
19
229
4
458
22
233
98
50
14
11
26
129
58
37
10
7
9
269
1
253
83
14
38
40
6
8
130
149
6
14
272
29
13
1
7
8
1
23
35
14
22
134
501
12
33
1183
49
602
5
18
25
99
155
12
328
164
10
424
11
148
32
8
8
161
40
2
52
5
11
2
1051
3
3
273
38
2
206
4
39
62
12
4
112
2
110
14
64
2
41
11
5
20
45
58
436
21
10
14
6
59
31
6
4
5
280
6
5
12
22
17
56
11
28
9
1095
1
34
150
9
11
9
10
13
29
20
344
6
20
5
13
145
40
1
29
20
111
24
11
13
10
68
3
1
110
12
120
5
19
140
1
9
23
11
70
66
34
40
122
13
8
14
17
9
244
9
57
136
7
10
7
601
169
16
274
4
43
6
79
21
5
39
29
21
26
91
4
14
8
2
76
265
108
192
18
23
0
138
72
80
8
30
333
18
80
19
1
17
5
9
31
1510
13
18
51
10
29
10
1235
425
0
228
80
1
41
57
14
21
17
178
12
150
70
455
17
147
1
11
26
90
208
62
196
61
45
82
9
2
62
726
16
37
732
58
2
17
50
21
12
6
46
38
5
11
1001
74
206
317
7
159
100
7
82
12
55
18
9
4
32
143
34
6
16
36
32
10
3
12
19
66
16
19
181
24
794
173
115
5
3
28
13
15
2
74
29
1752
66
0
4
7
10
46
102
14
14
22
36
39
2
234
78
3
14
20
6
31
115
166
578
11
4
12
41
411
69
2
4
112
11
24
7
17
8
27
5
4
154
130
11
95
9
42
161
70
4
13
305
52
13
10
47
32
17
19
2
20
40
14
4
154
40
1
1
89
2
34
63
64
1
33
124
176
12
211
10
1128
12
19
164
42
83
1
278
5
53
1352
3776
73
21
57
10
19
91
121
33
18
132
32
19
25
1
6
5
46
116
9
35
6
1357
2
39
150
132
34
78
8
7
15
8
10
42
11
7
8
2
23
1
3
173
2
2
13
100
28
1483
12
98
76
6
135
220
402
156
262
675
29
3
37
153
1
13
28
128
23
4
34
3
1
26
48
3
3
8
100
7
10
43
50
11
1
27
54
10
128
6
22
13
32
7
1
75
240
0
38
40
39
17
6
27
0
6949
18
325
6
63
12
4
40
11
6
32
89
32
26
78
23
25
104
100
41
23
8
5
17
224
122
9
13
30
142
3
1
35
54
145
30
8
10
188
15
5
255
15
104
7
6
4
3
15
147
37
2
73
144
8
172
291
52
39
3
1
27
23
0
4
3
26
113
3
51
33
56
6
74
19
44
185
32
116
33
12
91
56
174
386
139
1
8
17
12
172
8
45
55
67
47
216
437
12
9
20
22
46
2
88
8
2
109
26
254
30
72
6
138
76
0
19
315
13
39
4
20
31
13
105
6
218
25
8
15
14
119
124
4
6
1
3
3
500
54
7
49
210
3
16
25
21
155
7
121
27
47
572
21
3
33
113
10
252
18
51
2
1
0
2
10
34
242
102
18
76
2
238
14
53
27
237
11
6
19
6
20
930
5
3
52
86
3
10
37
14
45
12
6
533
109
53
21
136
44
21
74
4
6
426
38
9
5
52
31
9
3
3
17
101
10
21
20
5
14
5
92
38
24
20
15
14
31
5
49
40
9
182
2
122
43
71
56
5
67
4
92
8
58
2084
13
96
22
62
326
844
5
159
6
316
68
61
145
16
2
11
42
54
9
11
56
31
16
29
21
23
90
68
11
1216
8
34
2743
12
35
136
196
397
259
107
9
17
2
73
884
15
25
136
9
10
31
228
18
317
159
21
20
9
4
3
15
162
17
168
17
111
16
97
199
19
77
14
4
70
49
2
16
29
63
10
98
2
4
47
3
18
77
0
229
21
637
9
1150
27
55
64
92
35
19
4
8
41
1
22
5
115
6
23
10
34
36
27
26
25
32
2
18
8
5
17
70
25
20
36
12
14
8
12
393
681
44
6
0
27
9
106
1345
7
10
12
23
84
62
8
69
18
15
1
1
39
18
4
8
27
44
4
22
1
41
1
55
31
145
9
6
9
30
4
15
13
13
146
42
49
8
7
1
132
5432
35
0
6
18
2644
43
11
49
265
7
4
5
12
3
39
23
292
196
81
21
1080
4
6
15
0
18
1
54
6
0
27
20
324
22
106
18
1
30
51
5
19
4
43
18
14
25
38
25
35
16
145
43
349
11
95
155
0
209
117
38
505
15
0
49
90
0
32
143
159
34
34
5
1
33
554
163
387
11
37
1
2
159
32
12
119
1
7
5
21
2
4
11
11
574
19
4
63
9
128
12
9
19
21
721
67
8
7
90
22
13
12
1
95
10
8
19
5
10
263
16
2
326
22
38
148
5
8
8
30
0
18
3
30
8
26
18
317
27
223
5
3
23
27
1
43
502
81
2
16
7
6
37
5
0
14
1
10
223
133
270
442
2
6
11
26
116
8
18
127
15
127
13
20
25
18
97
19
86
395
39
7
171
33
3
55
75
70
10
7
4
15
3
21
6
391
1406
20
335
8
25
236
70
7
51
79
26
136
28
91
15
33
115
17
1612
904
8
75
15
213
37
25
5
9
36
17
5
18
232
4
90
149
0
38
0
4
168
106
51
43
5
46
3
43
108
54
20
3
32
23
4
40
2
11
2041
414
12
1
53
292
127
14
3
54
15
77
23
243
1
19
61
7
108
4
1161
146
3
9
27
2
2
16
120
9
32
44
46
2
200
25
3
11
19
9
0
29
146
30
59
49
7
13
48
42
4
2
12
1041
51
13
6
13
13
83
46
30
7
5
29
22
54
56
17
36
5
4
9
0
31
65
218
13
164
4
1
262
28
107
332
156
9
94
15
850
4
82
122
20
66
108
19
11
91
29
190
5
15
7
22
140
16
38
3
26
1
4
16
4
13
56
28
27
1
22
6
37
386
14
172
19
17
12
8
13
6
17
1
16
4
5
109
1
25
78
37
2
16
7
103
729
15
94
10
60
13
20
228
59
18
34
3
1
64
14
7
12
195
13
45
0
13
12
2
58
16
66
135
13
141
6
11
72
29
728
10
58
214
11
78
11
42
101
96
33
30
23
64
479
15
10
152
20
706
28
1
1
466
38
12
1
14
138
1016
10
190
6
7
66
8
16
31
5
42
40
7
7
5
21
3
6
54
7
50
5
2
13
23
1668
155
25
4
40
52
22
6
20
5
13
4
41
383
9
14
35
44
2
83
8
7
21
57
29
34
16
3
129
24
40
1
392
15
22
60
325
2
31
6
43
214
0
11
149
11
210
51
9
2
9
14
8
30
2
64
16
19
15
429
496
0
14
1387
47
403
24
63
23
4
52
35
143
0
7
13
68
1
1
797
12
25
3
38
5
22
20
0
2
15
4
185
33
1
12
4
4
41
23
11
203
134
35
13
21
24
414
1
40
115
4
25
12
0
36
18
60
1
87
52
4
28
0
4
4
12
65
69
0
19
3
87
10
31
13
16
15
30
13
33
64
22
18
61
68
63
106
20
20
16
21
28
175
49
57
5
5
316
2
22
29
46
49
22
18
7
0
150
52
63
22
8
8
15
795
102
2
118
8
1324
8
69
17
5
1
7
7
84
17
6
4
25
111
13
1
4
18
240
13
94
23
5
629
173
24
19
563
379
122
16
85
188
5
3
6
1461
173
275
618
17
4
6
141
44
4
37
7
295
49
90
42
5
39
12
39
4
69
6
325
272
8
19
112
790
0
7
20
69
19
4
17
1
50
2
12
25
2
3
35
46
155
5
23
375
145
64
4
122
27
105
28
178
10
20
6
11
327
41
126
8
28
8
2
53
12
22
67
25
3
32
314
107
11
24
257
2
39
0
5
8
31
5
14
9
23
82
17
2083
1764
6
62
618
23
63
5
1
0
11
73
59
47
124
10
18
7
3
23
18
10
29
99
20
12
6
1
21
3
6
5
22
34
4
7
145
5
104
36
12
17
8
8
24
6
75
154
100
24
5
155
29
49
3
33
44
40
62
6
3
8
6
27
9
18
75
2
68
279
16
71
28
33
43
97
246
43
29
69
61
26
7
35
28
249
155
76
40
9
21
201
29
240
5
29
1
501
21
11
14
36
37
0
513
27
46
276
9
2
27
69
30
117
3
65
8
2
158
81
33
10
20
395
49
16
13
32
50
158
11
26
17
833
53
83
25
74
28
155
27
9
4
35
54
33
18
106
25
483
51
6
4
10
5
8
39
22
9
15
15
658
15
10
11
5
66
236
0
38
281
11
26
865
18
3158
57
128
7
106
941
23
12
23
7
11
86
47
9
5
28
6
95
20
9
8
11
40
7
33
58
1
218
11
174
9
80
166
77
1
10
1098
100
4
3
15
61
40
31
22
292
18
29
130
8
657
125
112
80
40
117
55
5
112
8
14
196
0
43
128
73
32
11
32
192
7
20
167
9
92
24
61
1
4
79
181
18
2
38
7
28
42
196
7
33
5
690
2668
11
1
15
2
19
58
14
279
391
61
58
5
7
7
9
6
71
4
7
56
114
3
54
920
11
32
17
26
1
25
72
161
140
7
0
42
72
169
2
206
150
6
19
3
16
11
54
11
10
21
12
53
0
13
22
13
7
136
10
648
100
14
41
7
150
2
50
8
82
7
42
16
7
3
72
33
1666
138
20
28
73
3
271
15
8
79
20
222
10
65
269
21
62
45
43
24
23
49
64
194
150
0
5
11
16
15
1
10
2
114
111
80
30
27
4
90
2
21
32
5
5
1673
79
0
16
7
10
14
110
87
0
9
10
70
10
20
10
1371
6
310
126
14
452
3
10
213
102
41
1
129
10
1
27
69
2
36
52
1
1
27
6
3
16
38
3
46
5
17
101
38
12
31
2
43
152
48
3
87
131
9
4
3
50
42
170
24
1
16
1
5
5
9
24
34
8
143
273
90
36
6
12
6
4
104
2
18
10
11
14
378
48
10
9
25
385
18
452
0
551
3
1
9
10
18
50
40
159
19
96
1
24
13
27
49
2
49
3
9
12
46
96
7
72
19
29
41
16
19
21
0
16
38
108
32
36
7
44
35
72
25
137
18
193
18
0
3
3
41
48
7
69
666
30
3
5
2844
17
37
9
38
14
95
8
0
12
30
476
120
44
35
19
40
44
38
8
16
39
211
6
147
3
35
178
11
58
12
11
15
69
7
3
152
87
41
21
69
547
1428
6
294
198
22
23
43
16
50
24
49
21
3
22
85
17
166
41
256
42
26
46
19
12
4
45
33
1
22
31
45
105
16
1
102
17
54
27
12
6
168
13
7
2
35
38
5
6
77
2
6
33
4
121
118
314
9
201
404
9
106
28
4
76
78
8
71
8
156
93
34
1
8
88
456
50
28
4
32
87
6
6
35
139
91
29
89
50
4
252
151
53
1666
82
384
13
18
15
6
23
12
5
1
62
157
364
6
158
107
32
123
20
14
47
20
9
1
10
29
31
2
1
44
35
6
458
106
56
122
19
67
35
5
43
53
4
180
38
3
32
12
20
36
3
7
14
10
120
3
43
7
0
22
49
5
18
17
18
14
103
56
142
102
5
5
3
2
58
16
47
96
27
5
9
6
8
12
183
46
23
119
30
616
28
101
22
77
51
12
14
27
33
22
24
25
20
1
8
174
132
7
114
53
250
8
1
13
38
10
239
119
2241
473
6
532
33
5
52
32
32
41
7
114
21
3
17
241
104
6
3950
23
139
4
6
59
14
6
27
25
146
76
11
46
151
18
4
26
66
21
33
1
89
164
2
40
166
41
61
2
5
949
24
144
38
153
4
40
146
7
3
40
9
38
146
18
2
3
40
177
4
37
10
9
11
12
10
308
92
350
6
13
180
6
238
148
14
6
5
11
51
185
491
11
38
3
174
0
74
181
27
36
36
6
167
11
37
5
7
6
40
33
4
14
33
147
6
111
229
11
26
29
2
104
10
391
32
1445
45
159
14
21
12
7
158
376
63
1
3251
334
2
28
11
5
19
63
38
19
27
51
1
21
25
14
1
538
36
132
5
6
7
377
82
24
125
1
2
64
1
7
48
29
43
26
21
9
148
21
6
50
2
1
8
32
4
170
39
5
13
32
61
9
16
4
32
6
2
202
96
12
26
0
27
149
15
7
6
16
17
50
9
1
11
2505
1
3
10
76
22
67
347
29
16
1
113
6
110
1262
54
24
12
1
30
0
21
53
3
131
6
11
66
19
12
1056
4
206
4
11
21
4
7
24
20
91
12
14
66
48
3678
82
99
5253
3
15
20
127
1177
14
37
2
28
7
89
5
3
3
1659
1
24
151
8
32
1
32
91
47
1
298
6
51
309
11
6
28
84
11
30
10
16
3
25
5
8
16
1640
149
17
4
59
111
12
0
145
37
871
10
256
1305
9
17
30
151
29
8
48
96
31
19
43
46
40
0
6
97
21
11
11
24
37
97
497
1
8
1
9
35
4
52
24
43
79
23
36
8
153
4
38
21
2
51
122
9
98
12
273
62
1
5
99
30
13
12
25
30
4
17
6
66
14
36
0
36
11
2
19
8
5
27
2
16
19
17
84
371
2
5
59
89
20
189
77
43
122
17
4
5
4
17
59
24
3
45
14
9
457
13
87
39
56
26
2
15
75
24
14
118
51
3
30
52
14
2
116
721
9
33
90
3
1
32
231
15
12
4
467
75
6
271
8
27
100
40
8
25
189
23
49
510
6
26
6
522
1
18
6
134
1
7
8
17
7
34
488
4
35
28
7
13
23
45
21
290
43
79
5
0
32
13
77
3
50
13
5
132
7
15
21
8
8
144
137
124
7
2
26
58
126
13
1
8
73
145
26
85
2
2
58
805
23
0
35
81
9
24
63
121
78
829
15
33
15
6
41
8
55
0
17
71
75
157
22
33
6
23
10
149
7
14
1
5
8
70
100
13
161
56
81
2
14
42
38
4
215
11
153
331
11
2
393
16
103
24
20
22
13
571
104
7
1
163
21
3
15
9
31
11
14
16
5
7
118
8
8
58
102
9
85
15
42
1
10
401
90
6
82
9
2
5
66
695
214
180
315
8
1
436
18
33
1
78
199
2
127
9
115
78
14
5
28
134
4
613
290
0
530
10
142
30
2255
16
47
1
3
35
5
14
30
2
38
3
66
22
196
8
18
321
9
77
29
93
13
299
346
346
38
47
9
2
107
18
68
58
72
443
10
16
17
17
20
52
28
2
13
7
18
42
14
18
103
25
28
21
8
100
0
1
624
59
43
4
83
19
9510
12
11
4
15
1
132
4
360
10
232
27
20
4
5
182
36
382
0
219
11
40
16
6
14
222
14
23
44
16
0
9
1
117
42
35
18
8
1
37
232
95
5
11
62
56
344
5
7
6
13
7
33
2
15
207
32
0
28
9
71
2
2670
52
72
46
62
6
24
27
243
112
3
0
145
21
4
19
223
2
275
109
10
18
10
20
5
257
22
288
238
110
77
28
35
103
74
35
88
54
26
5
28
73
106
11
5
42
242
1
309
148
66
58
17
4
14
10
54
11
37
72
15
182
1
5
197
27
5
34
52
45
9
6
230
25
4
1
21
56
107
5
55
27
19
10
6
15
133
39
12
28
1
62
302
7
71
11
15
9
7
9
10
11
191
427
23
1810
6
30
10
12
15
0
10
3
117
2
8
140
1
10
0
1
29
122
609
148
185
5
4
5
291
47
33
11
167
25
26
74
6
5
21
32
17
111
17
86
39
77
176
14
161
49
10
864
44
63
77
4
4
50
80
77
40
9
279
1
11
29
204
2
98
0
9
2
26
10
41
11
3
19
11
61
27
1063
15
13
0
112
0
96
339
23
25
18
28
20
22
4
157
57
1
4
109
529
16
25
4
8
185
276
17
37
26
27
67
343
64
69
90
10
3
0
81
1
50
6
7
28
62
244
5
23353
5
32
2245
4
7
106
8
23
