37
154
31
60
14
12
6
10
441
234
9
49
5
5
476
114
1
13
462
63
3
88
1
9
114
8
110
0
67
12
0
7
764
39
3
14
11
49
8804
11
363
1
3
2
5
248
12
77
12
120
10
7
1
7
16
48
0
29
9
93
12
46
0
22
10
2
1
14
99
7
33
21
6
3
6
15
0
11
63
23
20
0
11
36
40
1
79
0
165
0
2
25
291
51
13
67
24
5
1
2
7
2
187
19
1
4
433
4
11
14
66
91
1
43
43
11
1
11
54
163
7
4
2
96
3
2
874
0
6
26
54
0
23
3
468
26
17
106
198
2
50
116
33
19
1
6
458
51
5
0
880
5
72
0
34
93
61
5
4
8
11
4
5
0
7
24
2
24
11
4
125
394
168
44
3
714
15
2
4
54
4
5
321
17
6
210
195
72
0
7
15
21
1
118
286
28
84
2
4
2
18
3
373
6143
3
0
9
91
1
2
11
15
1
2
15
5
301
406
3
78
136
0
0
2
12
93
374
42
8
2
52
24
10
66
14
0
2
10
4
56
12
11
22
22
3
14
695
172
89
42
0
3
2
85
15
7406
148
31
13
8
4
16
176
96
507
38
2
646
3
14
1
380
0
10
1
24
19
219
4
0
52
4
23
1
21
20
40
16
8
19
210
21
392
7
1
0
2
13
17
478
21
61
435
2
19
31
166
18
2
1
23
41
22
7
21
6
0
4
38
6
17
43
4
1
4
61
16
16
34
97
52
22
4
17
3
180
40
350
1974
16
190
23
6
62
18
3
6
27
23
3
7
1
8
8
136
18
0
829
38
34
316
2
9
81
6
129
715
18
18
4
5
28
322
0
4389
18
45
10
13
2
1
361
25
13
302
17
21
263
6
638
1
23
5
35
40
11
84
12
146
257
21
4
12
62
4
1
47
8
6
27
8
3431
17
17
0
16
85
5
104
0
2
41
28
496
18
7
39
2
5
328
8
85
0
2
72
3
15
149
107
66
6
12
4
1
4
82
7
1516
4
2
177
67
207
1
37
0
1
65
161
17
104
1
11
107
6
2
36
63
276
585
230
2
7
46
255
7
34
3
18
9
20
7
8
449
10
0
18
40
1
80
3
636
5
1
450
243
3
19
3
43
0
2
2
188
12
4
10
40
2
179
256
2616
11
9
52
2
4
83
143
95
436
1
65
16
50
3
110
26
6
84
203
8
173
61
6
39
5
10
10
3
61
37
8
310
4
1
21
1
3
1
11
10
126
10
8
102
248
4
26
2
4
3
8
18
26
1
31
453
271
6
7
11
206
6
399
0
6
1
3
1
49
125
64
17
45
2
59
63
4
1
1
0
214
458
199
7
0
26
8
1
17
14
12
3
151
2
45
6
3
560
4
50
81
217
5
2
55
110
25
9
9
1
463
17
22
1
3
17
62
35
7
10
4
41
76
104
25
203
2
40
7
109
6
0
1
44
32
219
10
3
37
1
13
7
9
127
2
1
277
3
0
8
147
285
283
150
17
11
14
11
77
55
0
132
19
51
8
10
99
210
5
0
15
23
14
1
4
19
1
4
25
4
8
56
146
0
3
6
83
91
6
16
26
252
11
101
571
15
26
13
2
84
427
9
6
8
36
14
2
37
109
15
5
2
103
1
2
7
25
1
288
14
52
6
145
3
11
45
18
14
4
48
6
7
72
362
7
14
6
48
46
112
6
8
14
20
6
41
3
10
5
4
4
2
5
9
3
1
25
24
6
25
128
247
1
1
7
86
9
9
640
4
33
2
1
160
29
8
34
80
0
11
205
7
3
8
30
7
3
0
4
12
17
32
646
8
6
0
2
57
409
1
260
28
34
38
473
14
2
0
4
224
8
67
6
108
16
1
2786
78
2
16
24
33
19
0
7
167
1
42
259
1
2
0
20
21
5
18
143
9
2045
5
400
168
68
7
16
258
6
19
107
43
42
9
259
8
64
13
31
6
40
3
3
18
257
57
4
59
196
3
21
111
1
160
1
30
1
296
2
7
29
101
4
72
10
13306
12
46
1035
497
126
5
21
8
1627
28
8
313
17
513
12
48
1
209
9217
12
5
1
59
13
8
0
97
122
12
25
21
5
14
28
0
131
72
2
198
45
772
3
50
11
599
4
6
99
19
1
324
65
159
8
193
20
188
7
5
14
5
5
11
504
10
2
1
1
0
36
11
245
12
258
44
353
12
13
10
1182
36
2491
6
1
76
66
1
190
1
14
111
4
4
36
15
16
0
3
2
546
2
48
61
9
7
3
10
5
274
1
19
81
20
76
10
75
26
1326
25
429
1
2
10
3
3
12
128
3861
6
2
16
2
6
1831
3
6
5
6
26
10
17
3
1
7
2
181
10
15
12
46
2
38
6
87
6
2
6
2
0
8
75
4
1
11
161
17
0
6
12
14
9
12
2
47
3
5
16
3
15
244
0
6
0
7
5
8
9
9
4
32
137
313
30
2
31
3
0
14
10
4
25
28
61
1
8
34
9
17
3
23
0
11
137
168
8
28
2
1
1
0
18
2
41
10
22
19
51
75
58
43
1
16
5
50
132
17
3
0
22
0
14
0
96
1782
30
4
308
1
1
7
1
0
1
10
5
7
21
98
0
6
23
7
101
41
1
15
612
31
5830
2
18
4
5
45
9
51
3
14
154
12
59
26
6
0
50
16
101
13
256
11
50
765
125
0
1
2
127
450
8
15
9
30
10
6
2
42
2
2
1
2
14
20
60
3
400
1
52
12
15
18
8
2
6
2
3
1930
11
90
29
186
60
49
1
6
4
9
2
5
13
232
80
93
3
38
11
97
3
2
0
12
183
40
108
14
1
242
2
22
2
0
3
5
16
6
2
3
5
5
9
13
37
14
8
79
1
47
5
7
9
22
141
75
58
2
165
10
6
2245
138
0
26
34
29
14
14
18
10
10
93
131
3
1
118
510
6
10
457
1
0
27
11
5
4
162
3
4
14
70
4
124
0
31
14
40
8
8
3
25
55
89
7
0
16
98
91
2
66
1
7
2
7
0
104
5
26
170
319
7
4
151
237
2
4
54
27
11
32
185
23
1
15
3
57
16
73
234
14
16
104
16
8
25
41
5
8
28
255
0
11
4
1
40
406
6
8
38
5
65
6
19
15
1
181
121
8
15
4
7
12
75
5
9
6
0
4
682
5
123
5
8
50
17
7
24
9
51
48
0
2
81
3
2
8
39
31
12
14
44
3
3
15
180
42
23
280
4
1
3
0
3
27
0
2
20
89
17
17
22
47
6
0
14
18
162
2
228
47
0
10
12
0
42
3
10
0
3
9
6
145
3
2
3
2
4
24
77
1
556
17
145
13
2
9
458
153
30
5
1
168
86
497
34
24
1
23
3
29
15
10
335
2
6
1
0
292
0
12
680
14
28
3
4
8
750
1
241
21
6
185
5
20
19
1160
11
105
6
30
6
136
10
8
7
2
233
3
57
2
899
7
2
22
3
8
29
15
480
2
32
143
5
6
4
10
463
34
10
9
25
51
10
43
13
3
16
2
15
6
7
20
7
6
0
1
14
195
0
30
1
43
15
3
0
45
32
194
1
20
1
27
1
129
0
3
3
7
7
6
4
27
9
60
3
37
6
264
1
9
3
363
10
8
5
11
1
2
49
1
6
0
60
6
1
11
39
12
313
3
6
1
10
676
12
11
9
11
24
271
5
6
6
18
0
4
4
96
13
2
3
0
337
5
14
294
21
40
1
1
32
34
31
301
2
9
4
464
353
34
32
2
1
2
8
1
10
201
0
634
14
4
267
8
118
4
2
15
1
0
657
628
31
133
0
34
5
166
364
6
26
13
34
6
9
49
103
6
0
19
104
40
36
15
17
235
711
54
977
451
0
192
57
44
2
4
11
6
3
0
8
17
31
5
3
36
5
37
7
9
73
38
5
25
9
15
36
331
65
10
10
275
13
2
15
3
6
243
4
42
18
4
40
0
6
52
9
161
2
37
263
4073
12
3
10
11
15
9
187
8
13
21
67
7
7
4
12
11
25
2
6
0
107
26
7
278
170
1
101
2
12
8
44
23
0
10
17
181
27
7
53
71
2
9
0
15
45
723
6
300
115
73
19
9
8
3
12
13
61
2
252
28
71
56
42
2
1
41
5
106
4
21
6
571
2
40
1
272
6
5
3
5
5
1
307
6
1774
2
2
0
12
4
102
8
2
114
147
10
9
188
1
68
3
0
160
2
433
23
81
5
96
5
25
813
9
1
10
2
2
65
507
68
45
3
19
8
12
5
2
9
13
295
2
3
73
2
440
15
27
69
0
2
1
3
30
20
1
184
2
250
255
5
2
18
2
1
11
8
7
129
18
3
95
2
11185
2
50
802
353
8
32
223
1
0
17
57
27
2
303
657
25
294
7
15
1
7
8
59
39
35
1
113
548
212
15
35
1
6
141
4
32
3
39
8
27
66
1
53
163
69
57
5
53
13
1
9
14
52
1
8
43
21
8
7
3
91
79
8
7
2
12
4
10
82
10
1
17
38
7
1124
229
39
5
36
172
51
7
1
11
39
2
3
10
47
1
36
5
23
1
2
74
2
7
220
2
1
5
8
0
11
1
65
0
25
133
40
12
165
9
4
9
1
3
5
1
5
14
0
19
1
1
2
15
293
40
1
329
11
797
7
4
34
243
33
0
24
17
11
44
3
57
8
158
180
84
49
56
0
41
12
15
3
1
779
585
2
7
29
19
6
201
10
31
16
1
32
1
76
863
2
19
1
10
20
27
4
8
4
118
14
248
13
226
24
62
2
24
83
120
539
27
144
154
27
272
10
10
85
16
8
15
5
1
8
5
3
1788
37
941
12
7
1
11
7
4
16
8
16
1533
28
10
0
110
1089
26
67
13
5
119
5
45
42
5
4
6
6
53
4
44
39
14
3
42
20
27
0
67
317
3
1
3
0
0
1
1
14
0
1
1
445
0
221
8
43
128
7
3
1
15
1
7
9
57
20
2
1
1
17
8
30
15
372
20
111
121
9
9
1
6
6
3
2
0
3
28
104
55
494
23
302
9
2
3
120
137
2
81
179
19
269
24
17
52
524
7
33
1
82
197
5
424
1
14
3
88
5
35
4
46
31
1
1944
2
0
22
8
2
21
22
17
1
4
5
26
7
62
45
13
7
13
0
0
141
15
3
12
2002
33
0
76
0
16
48
5
64
4
23
5
69
2
231
1
25
1
11
31
15
12
26
4
251
13
16
0
46
15
1
50
3
8
5
0
691
378
400
142
9
32
16
3
73
2
27
358
3
18
98
81
33
914
0
136
2
2
317
40
330
1
100
24
5
78
74
343
70
3
7
19
168
6
5
10
25
11
3
315
12
22
37
2
18
37
4
6
17
88
501
15
8
12
12
75
506
2
5
29
4246
28
1
2
16
9
51
14
46
50
31
4
139
4
126
4
6
50
5
1
51
7
16
7
347
3
151
0
4
23
257
3
16
0
1
1365
47
2
16
3
56
36
7
32
39
9
6
5
51
2
12
5
1
11
22
44
10
11
12
878
5
111
5
5
428
89
22
107
1
0
564
37
2
0
401
4
187
0
20
27
17
12
5
5
1
4
3
17
69
1
3
99
0
5
2
85
1
55
145
34
110
21
48
319
633
51
9
11
721
20
1
6
17
217
12
86
0
5
639
61
35
36
213
45
173
3
6
25
68
9
307
43
4
13
8
89
229
386
0
263
4
1
379
418
3
3
10
2
0
8
56
20
15
24
53
10
23
113
5
16
40
89
643
11
7
4
185
143
83
3
2
5
8
4
6
13
130
2
10
28
12
47
1
6
1
4
4
7
378
12
10
34
54
1
29
4
31
228
37
28
35
5
25
5
8
3
12
24
468
89
3
2
2
0
0
14
4
6
1
85
21
194
7
33
1523
6
46
17
9
38
34
72
49
259
10
2
119
29
8
7
1
1
58
1
1
2
278
13
260
0
8
3
6
20
61
110
12
47
5
3
2
21
23
5
2
36
200
334
14
2
37
35
9
5
6
9
2
4
7
5
46
5
8
12
29
148
12
120
1181
6
1
170
2
3
2
18
0
1
2
9
189
1
1
34
0
1
9
43
1
3
23
6
1
302
2
0
8
28
223
1
0
16
9
289
208
83
109
9
5
67
217
0
128
1
22
6
4
109
57
21
5
4
17
1
285
113
487
114
8
13
0
0
5
2274
134
34
208
74
69
0
178
0
42
1
1969
0
0
846
4
0
192
47
14
34
5
85
1
1
15
2
3
12
1
3
2
1
19
651
1018
34
15
90
2
47
35
2
64
49
213
263
0
27
417
2
29
2
12
5
9
132
1064
16
1
3
173
6
1
2500
88
58
2
13
12
1
35
8
1246
1
39
5
8
16
215
2
11
37
7
0
1
7
37
36
2
15
8
294
83
4
10
40
0
8
4
0
47
109
180
214
4
1
98
50
25
495
0
2
6
2
0
2
32
0
8
3
3
119
24
40
17
4
39
10
6
8
4
94
9
32
0
66
24
36
23
2
3
2
2
15
4
242
4
18
20
8
51
10
2
7
0
22
8
12
17
11
68
3
2
5
13
0
23
16
38
20
6
7
19
518
6
3
12
37
50
59
18
39
6
0
17
2
3
781
233
7
40
58
4
19
1
11
60
1
3
9
138
111
14
7
1
5
93
435
7
23
19
11
5
6
6
3
2
7
95
1
0
226
37
8
2
4
244
15
9
27
3
26
2
2
270
256
5
12
2
6
198
675
4
39
0
114
1
180
24
8
2
8
176
21
2
290
34
16
55
4
6
18
12
21
28
236
36
12
60
181
12
243
7
0
443
3
326
111
13
36
4
15
181
3
2
17
41
307
1
75
10
217
65
11
56
3
166
1
278
6
38
49
10
625
10
15
20
38
2
14
21
2
17
604
10
196
9
2
35
18
1279
11
49
32
141
0
149
20
466
34
17
21
228
82
136
12
2
3
4
25
126
0
450
84
1
3
3
41
44
10
1
19
26
213
8
2
48
2
532
1
3
8
16
5
68
35
17
8
0
38
4
130
2
2
11
5
0
22
8
20
61
5
17
259
20
0
322
213
46
16
30
780
1
3
1
1
193
399
146
8
7
4
70
1
0
18
3
407
1
6
16
79
54
5459
326
2
114
847
17
39
18
1
9
2
17
3
189
140
20
1237
1
6
2
21
12
4
213
99
33
14
79
5
29
3
14
24
86
207
3
25
37
116
80
32
16
274
17
0
250
11
1
61
2
17
145
41
135
4
14
15
12
4
451
11
19
9
6
2
1
1
1
0
3
6
20
3
180
13
30
6
2127
112
24
94
2
320
64
26
107
2
38
4
14
17
1
5
0
9
2
6
8
10
131
11
1
1
183
577
255
681
100
12
0
3
256
103
64
309
9
109
2
0
11
75
1
456
0
37
18
105
6
6
381
9
21
47
18
181
18
150
7
151
16
1
32
0
98
1
3
18
10
7
24
207
61
1
0
11
81
60
19
84
3
3
7
3
114
0
1
21
14
1
13
4
2
95
110
181
1
2
19
3
7
3
1
173
50
2
10
13
126
22
15
256
25
48
5
9
7
70
246
3
18
0
62
311
144
4
2
21
6
16
65
1
3
98
9
119
39
0
3
186
11
397
313
44
65
37
1
1
295
21
4
4
2
3
11
1
5
1
4
27
1
342
2
13
14
96
13
20
77
140
10
269
166
1
3
14
25
5
38
5
7
17
1
5
28
87
17
2
6
102
6
120
28
250
9
22
266
6
11
1
26
50
6
3
239
6
632
7
2
212
17
6
7
9
36
57
9
109
12
32
17
99
0
0
143
6
365
9
23
6
6
18
30
2
4
22
34
13
6
0
42
1
22
3
8
166
31
26
5
4
7
1
0
16
22
6
76
24
10
18
13
46
98
83
3
130
2
12
11
21
5
0
68
1454
1
23
4
0
6
3
8
3
11
5
7
3
31
13
55
79
12
8
294
32
6
0
2
16
30
268
1
6
9
2
4
113
55
218
624
193
18
15
7
6
0
34
0
50
25
51
40
0
2
6
195
189
5
1
295
198
40
66
0
0
5
4
1
3
1
3
24
2
4
314
43
1
10
5
490
7
502
1
36
14
20
258
8
0
3
828
279
5
16
628
5
110
4
2158
215
322
87
1
10
3
0
21
47
54
44
4
26
69
2
9
156
236
52
26
50
41
97
35
16
86
11
2
18
16
15
9
251
4
3
334
0
8
79
42
0
2
133
2395
3
7
43
15
0
223
34
5
2
23
2
8
302
9
0
8
2
2
1
3
6
1
81
429
9
109
8
7
0
4
15
12
297
4
4
76
3
32
180
1
30
0
133
16
0
336
1
10
5
13
55
183
39
50
7
12
8
9
6
1
611
3
15
263
11
34
6
1
3
403
4
43
12
9
14
3
0
41
130
1
12
188
218
29
0
14
10
4
1
7
79
21
10
10
0
31
13
141
15
81
118
0
1
3
1
88
183
132
27
1
181
19
36
184
8
19
72
24
216
26
11
3
15
2
16
0
18
140
11
9
1
2
5
5
31
87
9
66
2
2
7
11
23
2
27
66
13
1
9
0
10
85
6
149
107
408
80
481
455
0
182
2
40
19
4084
19
5
210
74
99
20
21
3
101
702
2
197
100
55
2
223
41
1
45
65
79
8
12
2
6
150
2
28
1
231
27
2
53
10
4
8
176
38
18
3
27
187
2
0
978
14
67
195
10
51
122
5
11
4
0
2
0
396
15
19
4
517
82
38
5
2
2
217
82
2
10
1
13
93
50
69
2
4
44
67
22
93
13
0
15
14
2
0
182
18
4
3
427
6
34
5
8
101
7
7
13
0
7
70
4
489
11
126
4
28
14
13
0
77
0
18
27
0
5
56
14
17
5
2
6
211
0
3
13
8
0
9
4
296
16
55
7
1
86
7
20
312
3
6
25
179
1
0
312
1
323
278
51
14
1
3
1
34
2
18
13
2
2
121
502
2
9
4
27
8
5
4
4
191
8
3
0
1
2
1
63
101
238
57
19
19
30
10
7
14
2
2
1
5
145
224
22
85
55
31
67
28
0
3
7
48
1
5
0
2
31
129
3
1
209
3
1
13
53
0
8
30
17
6
202
3
16
2
0
0
2
213
2
37
1
6
1
106
18
240
33
116
185
3
2
5
1
10
9
20
27
4
29
3
22
103
23
8
0
26
0
5
1
10
28
0
1
1
5
0
25
227
62
70
2
45
18
2
88
9
3
37
7
0
95
39
198
116
17
216
736
3
11
55
97
1
3
12
16
2
4
2
0
15
379
24
42
3
2
6
721
31
21
288
4
44
0
5
158
318
455
10
88
11
3
86
1
0
1
7
13
11
32
225
37
20
189
10
0
374
96
5
45
53
19
67
84
271
16
21
7
11
89
0
2018
21
64
1
250
22
215
322
374
108
3
7
3
3
32
44
10
6
4
38
7
2
5
77
49
1
1
0
3
21
30
6
5
144
1089
12
355
5
19
5
2
100
11
245
5
26
160
4
39
14
48
229
14
4
17
12
1
527
3009
1
46
4
73
0
6
11
6
80
6
108
5
515
37
384
1
0
27
1
1
184
277
431
16
76
289
2
2
7
4
5
327
9
5
1
2
1
313
6
180
121
3
2583
4
28
73
1
2
14
56
3
5
0
3
3
23
4
220
0
9
117
2
19
1
1
42
363
26
0
45
3
26
10
12
7
19
1
1658
104
1
353
0
12
5
13
7253
77
10
67
17
0
3
10
3
45
9
10
131
8
11
6
20
30
33
1
433
4
1
6
182
4
2
158
1629
1
262
1
9
15
5
1
40
37
14
1
2966
1
130
0
231
0
184
14
63
23
624
3
0
5
122
1
76
1
17
0
10
3
28
18
11
10
1
3
30
182
15
9
9
5
346
3
12
48
86
227
4
3
2
40
5
2
596
78
52
4
90
9
779
0
3
1
103
8
5
10
5
103
23
56
17
60
8
2
2
13
54
0
292
6
42
15
5
38
10
22
1
0
11
5
30
14
134
50
14
14
1
2
2
30
0
10
628
0
1
2
127
43
4
9
116
3
21
1
3
9087
6
6
10
1
14
3
0
14
67
1
4
3
25
16
107
53
1
164
31
8
19
2
15
0
4
13
10330
6
124
21
140
54
1
1
13
38
1
4
0
38
55
3
71
213
3
41
379
39
7
68
3
22
5
255
0
534
4
29
205
11
90
19
21
59
290
20
288
4
76
8
8
134
10
11
3
3
14
1
101
5
185
15
2
3
35
57
26
4
6
120
16
5
134
4
16
136
25
0
85
6
2
0
0
1
5
12
3
15
2
3
26
2
29
2
2
44
3
28
152
123
1
36
2
71
6
72
2
514
1
83
0
33
0
0
55
28
1
27
3
331
12
2
296
12
148
3
1
41
2
2
1
58
28
266
0
5
660
2
27
46
18
127
14
1
14
37
43
2
10
4
932
0
218
2
0
34
38
234
10
835
128
2
156
10
23
14
230
2
1
8
154
6
8
6
17
7
0
1
7140
2
3
0
292
17
20
9
1
17
670
4
17
316
0
2
3
97
3
15
511
86
4
1
17
52
4
26
28
22
1
257
41
16
21
133
4
82
16
142
7
5
4
1
2
36
0
25
21
3
4
6
2
442
3086
264
5
10
0
4
21
0
35
1597
77
0
5
65
13
1
220
13
17
2
1
100
1
154
12
1
2303
11
10
6
25
51
241
1
18
2
60
8
42
335
7
5
3
2
13
290
8
9
0
95
27
4
66
127
237
119
11
53
109
2
137
23
1
5
16
82
45
65
6
421
11
39
20
87
286
19
2
16
2
5
1194
67
1
484
588
17
25
23
7
38
1
50
5
2194
1
45
30
6
65
52
2
66
345
6
8
9
5
2
3
1
2
6
0
59
8
1
16181
6
2
11899
3
3
6
68
15
7
4
14
34
1
116
2862
1
19
5
3
4
2
25
178
0
5
3
174
3
1
7
92
12
71
7
63
0
3
23
683
7
6
55
115
1
0
55
45
2
72
98
13
47
74
12
24
7
1
10
1
3
0
157
19
2
1
11
402
41
76
46
1
5
2
112
11
6
2
0
1
33
22
2
136
119
3748
56
91
2
3
466
9
0
20
14
432
3
65
2
34
4
358
51
512
6
766
957
81
5
48
5
2
21
77
1
2
2
10
43
7
0
419
3
195
2
3
2
19
410
4
71
12
3
1
7
1
430
16
30
23
8
16
41
13
1
3
9
7
140
1
37
20
672
9
1
13
384
0
499
621
13
7
45
21
116
1
1
10
2
32
28
25
64
21
24
381
4
3
6
0
12
4
1
4
25
1
14
207
0
24
9
5
7
10
2
92
105
15
3
84
76
5
384
0
2
65
13
20
3
4
55
3
42
5
33
0
27
6
10
34
0
2
5
26
5
7
16
317
169
1
126
17
4
81
2
21
5
1
6
1187
29
62
111
0
9
0
0
60
19
0
17
0
13
75
3
185
4
4
2
17
9
41
1
2
5
1
1
79
5
2
1
6
0
31
1546
1
5
4
0
190
1
0
11
5
2
4
245
47
489
1
508
5
2
4
135
6
67
2
37
24
4
56
4
0
14
163
4
555
1
1
28
1
1
16
26
4
26
0
7
85
38
4
391
642
61
6
1
2
445
3
129
6
95
48
33
25
18
364
6
3
11
180
5
507
65
18
138
43
68
10
15
9
25
19
1
7
24
7
15
74
11
218
8
69
33
3
0
25
29
61
271
4
14
39
124
47
16
3
8
350
5
386
20
220
0
7
71
6
3
62
2
34
68
3519
4
31
9
25
290
1
588
7
270
212
25
4
130
108
4
1
2
9
0
122
4
16
19
107
4
118
7
52
2
10
18
62
16
3
1
1
159
30
158
2
46
88
0
21
12
7
39
6
124
8
3
180
1
12
38
5
67
46
53
7
22
720
54
16
44
8
751
36
10
10
3
704
106
22
478
142
19
82
95
11
735
16
3
134
30
15
23
22
693
2
8
11
19
153
3
221
106
13
18
154
57
36
16
13296
28
0
4
346
16
7
1
5
520
19
34
2
3
11
36
6
24
112
14
7
59
79
18
38
116
19
10
2
12
10
108
132
8
5
3
158
7
41
656
1
220
2
1
2
4
41
1
6
63
1
39
9
21
70
342
12
101
2
31
37
2
8
20
18
3
2
3
57
8
6
115
19
3
1
38
138
8
2
7
2
77
61
4
649
39
3
1300
18
63
24
353
2
15
17
1
181
17
37
11
751
181
8
30
1
21
53
25
119
9
107
4
35
105
5
3
1
85
4
52
4
23
2
0
24
214
11
0
11
2
13
116
161
41
64
11
31
17
14
4
1
10
28
0
402
1
106
33
23
43
65
3
0
17
419
209
3
7
111
4
4
15
2
2
8
149
19
219
4
6
3
98
4
16
2
59
3
15659
63
89
0
1
8
2
1
1
0
47
12
96
8
47
217
9
365
61
17
60
12
13
8
24
266
5
2
5
9
24
0
208
61
16
3
7
10
57
21
7
33
8
13
40
37
5
1
15
13
28
16
109
10
0
1
7
347
46
1
3
74
8
15
374
17
53
13
385
9
1
963
9
0
78
1
14
5
75
1
1
0
20
3
14
25
50
1
16
79
99
6
32
51
10
1
12
11
182
3
1
8
2
4
6
1
11
4
222
11
4
26
141
2
4
22
2
7
5
3
3
160
105
10
78
6
4
8
53
136
4
210
565
15
29
3
7
333
136
26
15
193
11
2
0
100
70
7
76
3
692
4
4
88
9
16
2
9
103
660
53
1
5
97
40
2
85
0
19
7
2
36
37
43
0
6
8
6
23
2
10
10
7
10
7
475
759
3
4
150
50
32
69
13
145
3
2
179
6
55
25
8
0
1
9
6
14
5
46
6
118
589
0
4
50
1
95
1
206
164
15
56
6
53
1040
7
4
49
15
54
65
79
4
64
4
1
1340
15
10
72
22
166
36
0
3
864
2
1
380
13
3
38
9
17
3
1
102
611
18
54
44
482
99
218
16
49
19
5
2
37
226
3
15
115
37
1
123
9
6
116
45
24
7
5
10
6
1
46
3
182
0
2
56
4567
1
11
3
50
1
49
37
79
34
44
10
1
5
1
0
1
0
72
13
14
0
203
72
18
24
13
0
14
0
4
17
11
7
4
462
2
31
23
24
2
11
73
110
31
38
19
220
120
5
14
7
13
188
11
2
10
266
30
133
31
15
27
41
8
2713
5
1
47
1
715
2715
28
13
4
77
181
96
54
40
15
10
16
3
7
3
56
1
10
11
10
409
55
20
54
17
6
607
33
128
189
12
0
15
10
23
3
3
24
88
5
91
45
6
3
42
60
4
0
71
6
5
5
4
21
26
313
10
1
1
35
252
9
25
180
18
25
5
30
2
6
23
32
5
23
11
424
37
10
34
9
682
7
13
29
93
7
0
33
9
28
42
4
2
64
3
7
112
1
1
3
0
2
195
7
6
51
1
3
80
1471
122
40
20
0
5
72
11
341
27
24
6
51
17
43
19
7
13
31
182
9
2
119
1
21
187
17
9
1
3
3
9
5
18
26
17
2
4
3
6
99
2
2
3
12
19
15
19
4
71
1
67
29
21
4
188
0
178
12
192
37
3
0
284
3
17
1
28
921
473
27
5
3
3
129
4
10
13
14
6
35
249
16
0
2
2
2
12
1
14
2
18
2
458
201
2
16
3
8
1
250
8
962
2
14
35
140
96
65
11
4
9
22
11
16
9
1
0
47
5
53
10
57
3
4
17
55
0
2217
275
15
37
3
9
0
7
14
16
56
29
20
3
88
55
368
0
6
35
2
11
3
2
1
5
12
3
1
35
46
3
3
25
25
49
11
16
29
139
7
1
26
5
23
2
29
13
0
17
12
95
2
0
1
228
0
2
5
38
1
0
3
1
4
9
49
124
29
5
0
2
3
16
175
1
12
58
41
118
1
124
2
7186
24
364
79
135
3
585
1
385
0
0
10
13
225
2
5
14
1
56
5
17
253
73
75
5
57
149
13
31
58
2
49
18
7
6
0
12
7
54
6
8
16
1
10
69
27
3
563
482
19
196
6
171
13
0
4
246
4
7
22
0
5
15
6
2
270
32
6
14
0
6
0
17
1
3
23
6
23
2
9
3
7
1
631
37
74
10
107
80
41
3
0
302
14
6
82
13
354
1
1
32
4
3
0
0
101
9
2
26
1
35
4
1
65
5
4
53
96
1
17
56
666
3
1
121
3
1
353
4
57
14
334
11
1
1
29
1183
25
10
0
0
1
9
5
24
559
369
202
18
24
10
10
5
5
2
226
6
2
8
104
1
15
36
192
12
7
46
7
793
1
66
39
22
8
13
2
0
91
659
67
828
27
45
0
38
198
1085
388
2
162
40
3
3
4
897
0
27
16
3
4
2
9
134
476
301
55
1
2
4
37
3
1202
3
8
107
325
6
13
1
2
0
10
108
25
15
11
3
2
90
6258
5
4
49
247
0
5
521
15
7
7
65
279
297
317
49
27
5
69
1
7
1
28
186
2
19
5
106
96
102
7
5
179
3
7
0
67
63
60
23
5
1766
3
202
1
5
4
3
11
29
3
1
5
23
7
186
6
25
16
7
14
3
4
3
3
6
221
5
9
4
7
3
185
205
1
186
7
85
43
2
32
34
2
166
52
1
25
2
2
64
3
17
27
6
159
1305
63
6
44
397
236
9
17
7
1
10
1
48
58
2
471
6
0
9
1038
2
6
13
387
5
82
46
6
1
132
16
2
2
8
127
22
1
1
15
2279
106
7
2
0
3
210
93
33
6
6
1
4
155
6
12
1
3
115
0
13
6
0
5
93
6
15
244
3
2
1
5
8
42
16
320
2
12
54
29
2
6
91
207
0
75
0
1
336
2
65
67
2
341
15
1463
23
71
12
12
12
6
3
1
18
181
1
8
100
4
73
9
21
2
2
12
7
6
5
12
408
0
367
8
17
0
7
153
65
0
4
149
20
7
565
4
6
5
163
10
98
37
692
2
1
15
19
703
0
92
1
181
4
6
56
1
0
9
6
395
11
7
9
7
186
9
167
2
133
48
15
6
152
17
48
18
319
7
2
18
2
408
21
38
5
8
91
37
0
9
12
0
16
3
14
2
5
5
2
0
152
17
6
222
128
8
35
100
3
90
5
188
252
3
7
8
51
2
14
2
16
53
12
1
6
18
11
11
315
29
12
6
1
293
213
18
13
49
318
30
0
79
383
11
59
21
64
4
35
7
5
355
14
7
13
505
41
0
6
15
2
1
26
28
149
25
1
0
60
7
43
7
181
246
387
74
162
48
4
1
477
47
0
0
37
28
20
23
3
62
292
61
19
3
20
98
4
0
7
9
6
6
598
2
99
16
72
0
82
28
0
784
8
6
33
6
50
1
1389
14
156
4
2
152
3
4
67
4
232
77
95
3
31
619
6
34
194
41
1
1
124
6
21
321
16
15
8
135
78
101
10
24
20
0
36
2
1
4
191
58
19
2
14
8
5
2
0
4
7
2
6
3
2
64
12
71
6
0
2
6
8
6
101
79
184
36
4
3
102
3
270
41
30
10
99
0
7
113
247
5
4
102
23
11
21
1
2
7
1
2
2
399
10
14
0
1097
1
404
10
27
23
46
43
218
173
25
4
3
185
51
12
313
10
21
8
15
352
0
16
28
5
4
1383
11
7
2
2
29
1
6
0
2
2
543
7
21
6
9
13
1
48
12
9
8
15
42
3
22
2965
428
504
3
3
33
11
180
4
0
4
1
2
74
175
97
22
8
18
8
287
0
750
42
180
134
2
40
9
12
12
427
45
21
0
35
3
0
13
1
4
545
1116
1
6
13
324
22
52
11
11
20
227
1
8
2035
45
8
0
453
0
53
1
2
35
26
6
0
0
42
11
0
3
48
511
1
8
22
1
42
11
14
96
9
882
134
28
34
158
16
29
26
2
235
7
6
42
843
5
22
71
75
12
1
0
16
17
448
17
51
2
0
6
8
5
3
20
0
183
4
20
226
13
4
9
5
67
4
21
41
3
5
7
24
6
7
10
152
16
8
18
5
3
8
24
143
11
2
201
15
4
75
52
93
81
5
2
5
15
1
5
1584
799
82
492
107
0
0
12
8
8
16
14
0
10
30
73
20
75
114
2
11
6
20
21
25
2
1
250
16
8
75
2
1
2
51
12
775
0
22
13
15
8
0
187
175
66
2
6
182
23
25
28
48
11
118
18
415
40
72
37
26
74
4
14
3
11
35
3
34
210
24
0
0
8
7
109
10
311
13
89
6
13
0
1
22
0
499
4
136
26
234
10
86
4
17
3
45
22
0
9
30
23
163
271
0
7
55
22
13
11
14
8
280
252
3
7
5
2
1
8
61
6
4
6
14
207
26
9
8
0
40
3
3
242
85
228
1
125
2
7
127
72
11
5
7
302
10
29
21
12
32
1345
1
560
27
73
0
41
0
17
29
60
15
40
60
13
0
13
89
9
36
19
1
1
532
6
1
97
2
3
12
0
1
1
54
41
2
7
4
30
588
12
1
43
146
22
4
4
25
6
209
31
16
10
19
24
320
189
14
5
103
5
10
1
12
5
13
24
1
5
194
3
23
13
7
15
10
9
15
3
2
17
6
289
96
16
1
102
411
82
62
409
41
2
0
5
47
4
8
27
12
29
51
1
3
1
12
93
561
40
3
18
1672
5
4
4
6
282
308
3
11
1
2
6
852
1
7
1
18
2
4
167
12
7
4
1
72
44
92
4
8
1
2
1
31
52
6
0
3
1
3
261
2
3
0
0
30
534
6
32
5
154
15
0
2
9
49
98
0
42
1068
11
5
16
13
20
0
227
0
3
7
22
16
1
169
3
1
11
35
13
16
10
161
22
5
86
109
46
1
164
0
12
3
63
0
6
1
13
9
21
69
5
151
27
3
3
3
911
410
20
17
9
140
315
6
12
1
15
13
25
103
6
112
2
7
190
15
2
99
127
448
2
3
1
15
1
3
2
5
262
6
309
15
13
18
0
3
9
8
152
179
221
8
62
9
9
116
2
126
378
13
2
2
8
50
18
0
2
13
1
9
5
22
85
35
73
77
1
5
1
9
6
8
12
1
219
18
16
1
53
283
20
2
17
5
14
205
180
63
9
269
1
65
6
28
3
19
5
40
16
2
279
29
3
3
48
8
208
2
9
3
1
37
4
0
3
0
1
35
11
45
10
35
88
7
322
152
65
79
402
5
57
11
13
3
12
27
8
24
1
24
0
4
0
5
6
29
8
3
3
1
26
45
14
1
259
2
2
3
592
51
4
0
4
119
115
305
8
34
537
7
1
73
257
0
0
2
26
9
33
6
116
7
56
18
20
6
127
471
8
39
0
30
210
3
13
19
101
16
17
51
155
28
15
0
167
589
1
101
73
154
8
0
2
44
3
43
12
125
51
344
28
8
330
17
5
15
58
15
5
39
2
0
7
11
33
1603
8
11
24
2584
5
2
90
270
46
2
82
33
1
11
51
11
2
25
15
18
4
67
0
8
355
208
309
2
160
59
3
6
655
16
0
7
6
2
321
182
69
10
9
2
1026
1
23
2
76
191
71
17
2
14
12
53
4
45
23
9
3
5
2
2
20
25
5
22
1
11
47
3
5
11
831
9
1
6
7
3
25
18
7
11
3
2
11
1
10
301
4
0
18
5
5
221
8
37
0
2
0
272
5
33
23
108
9
77
215
129
10
99
9
0
18
56
3
8
11
5
6
17
148
3
7
8
241
22
16
22
1
2
13
22
13
3
19
15
2
11
2
62
23
1
2
5
325
77
18
1
34
3
2810
43
7
38
15
15
130
7
4
4
46
1
41
17
20
104
6
5
143
16
17
2
17
165
1
5
83
0
1167
18
21
6
15
2
15
192
1
2
10
99
174
42
2
2
17
11
19
0
144
144
5
3
16
46
59
262
5
9
6
50
35
30
19
73
59
1
133
11
1
3
74
3
4
2
14
13
236
77
6
6
15
6
1
2
80
36
23
7
97
37
75
18
16
275
24
2
2
3100
0
9
8
96
29
9
0
9
108
5
1909
8
2119
15
2
1
2
86
79
3
1
681
26
0
219
57
9
23
0
1428
64
9
255
13
4
5
16
12
4
2
31
3
31
109
89
1
1
38
31
3
2
4
22
8
2
10
27
865
5
5703
0
21
0
87
6
1
3
1
118
9
20
21
0
1787
10
0
2
373
6
53
0
7
5
34
1
8
20
76
20
28
1
5
1
1290
2
6
75
13
4
1
4
13
35
19
12
327
14
15
208
1996
0
418
19
24
3027
425
40
146
4
6
15
182
28
0
91
3
1
2
2
43
45
3
49
37
38
33
12
41
0
10
77
2
12
32
24
104
2
10
89
37
17
4
65
15
74
7
16
44
1
2
8
3
52
233
12
50
1
159
14
42
161
0
10
733
0
4
120
32
5
17
48
5
31
129
66
19
156
61
20
43
3937
6
6
11
9
11
13
173
2
9
20
81
10
4
51
1
5
83
40
13
184
95
248
32
215
1
12
2
1
1
5
3
6
4
42
27
27
2
2
4
64
3
92
28
23
2
25
8
26
4
0
287
22
186
5
0
111
2
15
25
0
32
19
881
33
56
0
92
1
113
3
406
7
34
11
194
36
0
95
63
4
11
16
67
245
49
26
59
3
502
0
1
1
7
28
2
19
3
236
2
27
50
5
21
21
11
19
6
104
2
41
36
27
3
6
49
35
16
5
4
7
1
1
20
181
396
48
56
184
1057
4
39
80
5
338
33
1
67
1
1
0
12
6
1
1
32
58
8
65
0
2
7
22
460
8
14
125
3
14
5
56
2
9
16
152
7
963
5
2
4
43
221
8
1237
83
1
1
723
3
0
11
2
2
10
6
1
48
4
3
25
5
30
19
12
108
596
10
0
19
3
30
1
290
24
240
64
3
12
13
138
29
0
195
0
29
25
18
12
33
10
5
9
249
13
11
118
14
22
41
7
41
8
65
822
73
0
28
20
1317
5
625
7
0
57
5
802
55
12
12
5
49
8
6
3715
3
3
69
2
17
24
6
41
3
12
29
2
13
120
2
1
16
73
13
3
288
4
0
5
34
21
43
4
36
84
2
10
226
0
25
27
74
1
78
65
16
136
185
6
2
22
3
5
46
11
12
23
86
3
1
44
6
9
62
10
100
3
54
149
4
18
96
66
249
10
23
562
5
6
183
17
48
4
80
9
6
4
3
3
12
64
2
10
226
280
32
102
28
12
26
8
52
6
1
5
1
3
142
27
844
13
35
4
39
8
188
2
85
1
6
34
10
15
43
494
0
56
2
0
73
170
6
3
3
3
312
33
8
285
84
0
5
969
21
7
15
22
73
1
0
3
25
0
35
3
0
1
20
16
5
16
0
58
18
28
95
15
13
502
4
14
30
3
95
720
50
0
2
4
76
145
178
72
7
8
27
5
19
3
327
78
1
8
3
71
11
0
13
320
217
22
318
7
141
9
4
1
175
463
65
18
4
2
9
6
3
28
1
10
678
3
222
2
110
12
807
8
20
9
1
44
22
40
396
8
14
1
0
3
1
3
11
9
5
4
404
1
194
7
7
2
340
17
5
3
12
15
198
48
0
4
153
6
40
745
16
29
4
5
1
1
4
3
0
15
0
4
93
10
2
66
24
260
8
29
13
4
1
161
13
610
2
30
26
20
96
6
2
33
5
4
19
347
30
14
2
66
14
147
51
1
1
15
60
7
42
41
16
33
23
20
10
5
3
1
144
0
21
1
3
1
2
4
0
2
5
0
56
2
2
5
0
37
31
73
855
894
1
1
5
1
2
14
3
13
10
19
4
10
610
12
7
3
0
12
18
46
148
11
195
9
962
40
19
3
747
1
10
205
4
80
13
0
0
12
20
1
1
21
1805
3
76
21
13
80
188
2
0
27
76
9
1
3
62
0
552
1
11
64
2
13
1
36
912
2
2
177
2
12
2
2
59
4
15
10
78
22
844
1
2
38
2
3
3
8
298
3
51
14
57
10
13
9
1
3
24
8
1
2
1
17
23
2
129
7
177
1
2
12
11
0
1
22
1
0
206
553
23
18
3
37
62
1
155
0
436
1
1
3
29
54
4
54
205
0
28
4
2
27
1
37
22
93
5
68
43
15
504
46
40
2
26
34
141
16
0
5
12
40
54
0
1042
54
1
3
4
1
0
2
3
32
9
707
7
126
21
21
8
35
4
9
24
16
2
5
95
4
9
1
0
66
5
40
230
94
18
401
28
97
119
3
163
10
53
0
41
40
107
88
26
7
140
287
71
0
13
3
11
6
2166
9
8
88
9
0
6
2
13
16
9
1
2
6
29
5
33
2
19
23
1
5
626
18
118
12
92
13
26
6
17
1
16
32
13
263
13
834
11
472
56
1
1
7
11
38
4
20
14
2
179
0
4
19
28
9
74
116
4
367
27
196
9
4
71
25
3
43
16
4
4
48
0
130
44
13
10
27
6
21
2
1342
15
20
35
84
1
36
30
547
142
17
28
6
3
81
423
8
14
16
1
5
58
12
22
532
0
7
14
5
97
7
112
1
6
14
101
2
41
25
32
6
4
49
17
363
28
614
8
21
731
10
3653
51
27
1
12
12
9
18
13
32
152
28
20
20
261
22
19
11
9
6
26
5
13
8616
40
2
95
6
25
0
3
680
2
4
16
144
59
56
6
482
28
1
29
9
5
10
125
11
69
4
579
7
17
1
2
401
109
121
3
0
10
383
2
0
3
12
12
9
1
30
120
3
2
659
11
23
13
432
4
7
10
10
56
1
3
70
687
8
357
126
13
224
0
3
10
3
8
47
0
4
5
6
27
10
77
12
60
5
6
5
38
17
8
1
42
6
4
11
104
61
18
29
2697
1
1
130
4
17
21
158
3
5
59
3
7
3
0
723
32
30
209
1
1028
181
70
6
12
47
115
50
25
45
21
436
3
0
191
13
2
13
0
6
9
36
1700
204
370
259
16
19
5
3
5
2
226
15
127
22
188
5
9
3
4
211
2
0
11
3
1
9
5
1
72
1
43
50
1
1
88
20
0
2
142
11
41
1
52
73
3
103
11
29
9
0
14
12
27
48
89
49
114
1
272
187
9
9
2
656
18
25
9
22
7
20
11
12
1
7
70
4
4
1
31
77
5
13
17
2
10
34
1
10
15
3
113
37
60
1
5
1
68
6
4
1
7
7
0
152
2
4
5
16
106
147
9
3
3
7
22
29
16
6
82
5
21
1
0
6
12
392
2
2
11
75
4
6
46
1
2
5
13
0
122
3
3
7
2
256
3
66
9
211
252
53
4
3
5
5
119
17
6
43
40
289
98
18
10
13
8
3
0
34
0
105
3
7
13
313
25
40
574
32
9
0
8
0
88
13
497
1
2500
19
25
103
9
0
24
1857
21
13
20
59
25
25
35
1
3
4
2
141
103
387
774
25
10
82
3
395
106
115
12
54
19
1
314
24
338
592
83
3
5
52
7
8
1
13
137
3
180
32
162
3
3
22
1
338
14
44
282
43
1
119
3
23
249
1
146
0
2
164
10
9
432
8
0
8
1
4
3
0
1
36
6
191
3
5
763
15
12
42
51
13
39
1
13
433
1
3
8
25
1
19
286
1
12
2
31
5
8
611
10
32
25
9
61
1
4
10
788
572
16
58
11
2
29
105
15
214
449
41
2
60
12
140
13
32
25
85
32
74
2
114
2
8
427
43
5
3
9
3
6
2
580
27
54
8
9
60
51
66
32
61
6
24
1
209
15
9
11
2
48
0
2
2
1
150
3
56
44
591
37
2
3
72
15
8
211
62
67
8
86
3
1
2029
23
237
13
15253
3
9
1
138
0
12
2
13
16
2
181
2477
0
51
117
0
37
264
12
77
20
7
8
43
2
271
12
1
193
25
0
245
7
2
8
6
2
603
1482
26
25
2
1
49
0
171
54
60
71
33
39
25
36
21
171
104
2
293
43
1
316
74
13
483
2
18
5
0
1
127
451
61
7
27
83
23
2
54
5
22
29
23
51
43
3
1
102
95
14
14
551
17
8
3
2
18
71
0
17
4
18
4
4
4
1
37
1
159
0
9
24
25
30
71
2
180
7
330
1
536
8
23
987
115
8
133
77
18
3
2
12
8
13
91
6
6
0
8
28
186
80
3239
14
98
44
304
5
15
3
24
23
4
2
4
8
21
26
25
10
1
2
15
2
6
5
24
11
30
8
66
1
1
6
49
60
9
14
7
87
132
3
19
14
4
163
23
17298
4
138
101
3
5
37
3
0
7
4
6
8
166
2
2
3
2
449
1080
7
1
134
87
127
127
4
2
6
34
225
40
1
3
173
6
9
121
395
6
1
9
318
13
23
13
5
13
86
6
0
33
14
70
1
0
0
183
41
12
17
15
42
0
12
845
103
25
10
0
15
0
10
1
15
5
25
5
9
14
5
177
2
65
19
81
28
638
22
3
9195
1
35
5
62
15
1
688
9
7
138
37
77
0
11
26
16
11
19
6
1
41
1
75
11
2
183
5
60
243
14
9
1
5
11
15344
10
7786
0
312
21
78
1
0
186
1520
20
6
2
2
50
21
3
58
0
24
3
10
3
29
3
4
103
1
1
482
2
295
1
121
91
26
24
4705
4
6
55
4
459
13
22
79
0
1
18
5
10
1
5
0
13
4
905
3
9
69
99
11
10
39
6
18
3188
92
89
2
312
195
228
7598
164
16
3
3
0
80
6
473
12
18
63
528
0
66
9364
118
243
42
66
4
72
25
14
11
239
4
56
19
586
44
241
140
2
1
11
52
33
49
12
1
0
16
179
17
1
4
11
6
15
76
12
130
288
0
13
2
49
9
360
26
12
34
3
10
10
4
117
4
7
1
473
596
207
9
23
1946
6
44
6
107
8
38
3
0
5
3
13
16
40
0
21
61
453
1
41
49
0
7
8
85
26
3
2
3
4
3
57
9
56
44
5
9
417
21
763
9
6
87
9
3
16
1
163
5
303
0
8
1
8
2283
112
6
593
36
180
0
3750
15
4
1
22
2
213
5
8
6
7
1
65
284
31
5
13
3
9
7
7
1
173
198
15
3
0
24
7
1
1
24
3
106
3
9
13
13
3
3
28
110
40
28
70
111
75
23
93
45
2
4
7
7
2
3
49
0
164
1
9
100
193
6
1
19
2
2
7
2143
39
204
0
69
3
179
41
12
5
29
14
4
97
2
4
23
285
481
284
15
19
159
26
16
142
2
19
4
362
4
0
18
22
1301
11
10
164
77
2
118
205
155
3
2
51
65
59
208
407
10
246
3
26
5
8
9
320
43
186
2
19
20
1
114
2
41
58
0
12
28
6
238
2
15
0
197
6
238
24
14
1
0
66
2
0
15
24
13
102
1
90
150
20
0
17
3
46
699
13
2
47
159
47
17
55
5
41
2
2
4
0
16
19
4
1
343
3
15
2
10
47
3
860
195
90
1
158
38
3
231
3
0
36
92
322
222
91
0
1
12
9
67
5
1
11
4
11
13
48
64
2
85
397
8
134
52
124
6
26
13
7
318
5
156
4
2
1
107
228
2
84
8
502
5
7
166
336
4
35
3
1
0
5
24
657
3
39
20
1
34
121
189
14
52
15
11
9
4
0
40
5
24
25
1
8
32
31
3
402
53
45
2
7
148
0
16
184
33
1055
1
0
2
95
6
2780
13
8
133
25
136
8
14
23
0
30
4
25
2
232
9
218
0
2
8
7
2
0
4
7
2
19
112
2
0
38
82
6
5
35
5
140
12
16
123
0
65
83
0
2
4
835
50
10
0
0
7
55
26
1
7
7
3
99
843
8
19
4
45
6
3
5
17
7
27
58
84
9
29
6
18
2
26
100
0
15
1
234
18
4
1
38
293
3
2
264
2
16
170
11
6
25
48
24
3
1
306
2
40
20
29
5
6
8
4
669
286
182
102
20
15
3
408
227
1
386
78
48
5
11
9
2
15
2
187
88
115
83
22
4
179
59
25
3
35
8
49
2
7
14
2
233
1
17
0
4
1
1
38
16
5
109
483
4
476
36
36
3
1
367
31
83
1
16
31
0
628
3
20
4
92
3
187
110
503
1
441
772
19
7
64
10
132
3885
1
89
14
2
231
16
14
1
400
7
35
2
1
5
1
0
63
1080
238
6
181
1
95
0
622
5
1
17
2
5
7
8
6
47
0
20
52
10
304
24
0
42
3
7
38
3
201
2
11
17
189
57
226
16
2
13
7
4
50
3
463
1
3
1
182
741
38
7
251
10
20
0
17
286
5
637
42
34
10
19
7
1429
1
303
434
1950
109
1
1659
22
431
435
2
20
11
20
6
1
561
4
50
5
58
46
2
11
2
101
9
5
116
58
3
150
7
10
166
54
5
3
19
115
8
13
1
15
5
88
694
1
2
1
12
1
39
3
59
4
73
155
57
8
2
17
239
5
9
11
27
32
9
197
10
17
17
0
7
9
2
324
38
11
30
0
6
2
69
12
10
5
3
3
19
11
189
17
12
124
14
13
5
5
27
3
3
74
3
76
14
103
92
42
2
9
23
3
4
99
2
1
591
9
140
41
43
0
2
7
93
63
2
18
5
2
282
2
72
2
1
274
0
35
0
11
2
31
2
18
21
1
25
377
3
13
7
5
2
3
7
2
6
79
26
8
50
150
38
10
4
189
7
45
4
17
14
2
1
12
9
4
629
316
88
2
5
132
0
2
7
30
4
61
5
488
3
103
13
6
3
1
12
181
2
7
9
17
23
64
181
25
41
137
56
41
0
25
4
219
13
246
6
2
47
327
447
2
15
4
8
511
557
58
54
0
9
0
358
15
226
2066
2
15
8
5
262
29
4
51
6
26
7
111
3
1
65
52
24
1
86
15
25
1
1
0
5
16
67
33
4
14
69
267
132
0
256
3
2
9
4
135
30
3
18
239
40
8
0
0
4
36
1
133
11
7
12
21
13
46
2
28
2100
30
44
3
255
3
0
8
2
83
6
55
2
0
15
678
7
2
197
36
41
1
59
3
21
4
1
26
18
2
6
7
8
1
9
1
70
3
63
103
29
6
7
48
111
13
121
23
97
3
1
21
1
69
3
17
117
57
4
122
107
3
6
59
1
131
8
14
278
0
54
7
3
22
0
3
16
97
1
219
2
61
251
1
65
16
26
163
3
5
8
10
73
101
504
738
25
0
12
14
11
41
2
1
60
8
5
1
29
182
0
15
4
7
28
91
16
24
17
10
6
6
74
0
12
14
49
4
9
7
17
29
7
107
4
14
80
98
3
0
3
558
179
4
690
13
3
0
18
48
29
14
13
3
6
7
196
93
65
5
3
10
2
17
2760
6
0
40
2
0
5
164
66
8
0
9
7
30
1
18
2
25
302
3
0
26
5
722
2
31
2
6
260
30
6
3
123
25
36
45
9
62
577
16
5
7
188
41
2
2
0
3
4
165
40
2
0
1
15
25
53
56
1419
3
148
13
0
10
133
19
17
40
7
38
8
23
3
24
61
590
12
0
5
4
1
133
59
0
322
20
6
3
3
788
16
1
5
204
7
10
153
809
126
8
1231
52
227
49
19
1602
17
19
0
86
245
8
0
3
2
10
5
32
22
1561
3
21
9
26
1
5
1
33
1
11
14
182
172
13
184
0
2
21
1
0
15
17
19
2
492
4
7
2948
1
2
5
1
632
10
14
27
19
22
12
10
3
5
4
71
1
33
19
25
7
31
11
61
8
16
5
8
34
11
1
0
20
103
107
1
9
0
4
504
4
7
1244
2
148
315
5
12
180
2
10
302
10
1530
28
2
10
133
15
2
407
37
4
0
12
60
30
24
7
15
2
129
25
43
43
0
1
4
3677
0
3
100
52
190
0
27
8
10
56
187
2
30
10
181
4
34
10
4
13
0
9
29
54
88
12
94
5
156
12
3
3
15
56
57
12
1
1
1847
12
3
28
10
391
111
28
8
9
0
90
72
1
9
107
5
66
29
16
0
0
160
38
0
25
7
13
39
12
403
2
18
0
4
48
43
41
163
187
12
68
1
0
30
10
12
104
40
8
468
13
42
95
11
5
43
4
0
180
2
24
36
24
158
2
23
31
2
4
118
49
402
31
0
108
26
14
1
53
0
13
3
25
72
3
7
17
9
6
21
12
3
27
4
378
2
5
11
6
13
13
72
20
10
3
181
3
11
1
9
7
100
191
21
99
18
13
3
31
8
56
12
45
19
6
35
0
8343
1
568
48
7
21
0
1
5
7
554
11
2
61
188
1
12
1
0
3
2
2
5
0
26
2
49
3
0
617
5
0
341
9
0
1
74
11
67
2
168
25
4
9
16
9
1
18
215
1
227
1
4
18
4
50
38
1090
5
6
1
22
29
17
3
5
1
1
195
56
3
4
32
10
341
12
1
1
128
8
34
6
4
2
6
143
45
1
8
22
14
4
2
97
1
9
16
376
19
43
28
3
2
12
1
58
113
23
9
50
98
115
2
8
1
20
10
35
3
2
407
17
12
1
9
85
93
16
136
19
622
1
11
4
73
163
130
88
83
63
33
112
32
3
11
285
13
2
10
5
11
2
17
232
4
75
9
6
3
0
18
637
14
5
0
17
15
45
1
143
2
6
54
141
6
16
1184
7
377
8
976
2
195
31
40
14
512
16
3
50
30
3
17
6
8
34
1
197
3
9
95
4
896
0
9
16
10
14
31
3
523
0
543
50
19
55
270
0
13
1
4
18
6
174
57
128
3
18
285
3
11
372
45
1
27
109
5
2554
14
26
65
219
7
1
20
29
9
41
2
3
2
182
33
181
21
4
273
26
12
1
7
62
1
2
2
3
444
10
13
75
1
409
4
81
11
9
6
19
6
28
3
21
114
29
18
176
62
1
33
133
0
33
0
2
71
54
6
3
15
24
4
3
3
29
1
437
78
214
5
111
1
106
29
233
20
3
9
2
17
231
8
0
554
57
13
49
0
410
268
1
62
29
4
3
20
0
3
166
3
0
5
59
5
0
488
321
82
4
0
28
5
28
2
56
3
8
0
24
27
228
15
0
5
0
0
4
15
4
32
23
39
1
183
997
7
1
5
7
1
3
16
57
19
2
36
5
8
3
20
5
1
787
90
41
18
21
455
8
21
5
42
21
130
4
0
201
11
25
197
40
148
0
20
121
5524
5
19
0
67
6
26
3
2
2
1
1
3
19
339
3
2
2
8
23
12
17
1217
1
47
9
16
0
158
31
121
35
124
36
51
12
62
2
48
6
392
75
108
4
2361
3
1
13
44
3
27
7
45
12
3
1
344
47
1
1
13
4
8
2
90
12
22
77
1
12
23
43
52
2
10
68
81
28
18
31
11
3
11
4
38
1
5
17
25
35
8
0
1
12
77
154
6
7
10
35
2
3
61
0
8
1
8
19
3
3
2
17
111
61
63
8
18
264
4
1
18
42
5
142
1
80
4
1
37
24
22
1
386
81
22
225
57
755
9
29
8
275
4
4
8
4
2
1
68
27
2
1
1
39
15
1
23
26
0
70
5
41
8
12
1
195
81
4
2
398
3
71
120
35
2
8
2
121
152
2
0
39
20
18
49
164
1
42
1
4
0
12
29
260
5
836
15
53
6
5
62
287
15
80
24
18
40
112
6605
7
8
12
88
6
53
505
4
22
21
0
102
85
245
15
178
69
1
6202
541
2
16
23
0
1500
5
2
1
127
9
3
16
9
10
48
6
350
30
28
2
419
52
0
3
0
228
10
2
20
35
39
43
11
482
175
74
57
3
22
1
27
68
8
18
6
46
12
0
1
10
119
46
2
3
7
33
28
3
15
10
0
31
109
11
25
29
7
64
8
65
511
10
114
173
9
254
1
28
12
8
6
43
505
128
0
5
44
0
998
5
191
107
25
5
10
28
150
29
4
111
54
90
24
8
17
0
62
13
16
17
412
1
44
16
143
1
8
0
10
65
20
18
221
0
12
7
14
81
15
121
184
3
9
26
10
138
82
1
33
3
65
13
24
19
4
1
78
1
1245
12
28
16
31
22
0
18
29
0
8
30
0
60
1
47
1
0
3
81
6
27
29
32
11
13
8
2
310
117
35
16
4
5
13
1
25
14
12
1
9
27
9
37
10
943
8
14
310
19
208
30
179
84
2
444
4
51
35
441
522
27
62
1
20
12
5
9
290
10
5
6
57
5
32
2
5
26
5
2
8
7
72
1
1
24
5
4
4
595
4
20
59
290
118
802
2
8
0
24
2
10
1
0
5
21
8
1
5
8
18
1
8
17
61
17
18
8
49
17
5
17
184
8
194
400
23
116
1800
0
50
128
6
20
34
39
25
7
1
8
5
18
152
56
2
29
42
64
76
2
3
48
5
28
0
129
677
9
4
20
0
7
3
19
1
4
0
4
8
8
28
35
44
136
3
0
8
9
3
37
31
31
34
2
46
1
5078
9
0
16
381
735
6
140
499
5
131
21
3
143
14
247
68
3
3
5
16
1
8
28
46
1
37
18
44
67
213
43
0
1
4
8
0
8
1
3
3
95
16
2
19
9
79
24
11
54
1
2
53
36
348
2
23
3
44
5
532
4
2
28
42
3
228
3
14
35
3
26
1
50
13
2
24
4
6
4
2
9
39
115
131
1
208
269
17
6
3
55
761
25
63
5
1469
39
21
23
118
7
164
12
1
6
666
10
1
6
88
82
6
0
12
3
3
804
12
0
65
16
2
6
312
6
99
83
91
8
86
4
11
3
1
36
5
13
2
42
210
306
93
14
2
171
6
196
7
5
28
2
38
0
7
19
21
16
11
677
7
217
40
96
1
13
28
485
594
10
38
32
198
3
37
16
11
8
11
84
10
7
149
82
82
2
23
2
49
3
6
982
1
55
3
23
4
10
5
4
9
94
0
7
202
17
1131
2
1
36
2
45
15
7
11
2
23
46
13
62
49
46
83
82
5
6
74
79
8
345
207
268
4
10
7
204
1
45
181
7
55
0
1
75
2
0
519
15
18
0
104
325
2
0
3
81
1
24
90
11
2
4
1
3
19
3
47
0
124
2
2
62
6
66
16
16
16
6
2
6
19
16
0
12
10
4
3
6
3
67
98
20
179
95
19
14
20
16
12
6
54
0
9
3
9
47
267
5
226
40
260
4
4
71
36
88
2
170
1
6
7
14
13
15
90
0
9
5
44
13
25
12
7
3
13
4
1
34
14
161
5
137
16
42
0
653
30
3
14
75
5
6
5
2
106
26
38
13
2
6
3
2
34
1
47
0
13
232
185
186
184
158
23
5
2
6
73
25
1
8
19
10
2
8
10
0
109
45
44
9
10
131
1
128
206
69
107
147
326
7
1
3
442
23
48
2
7
6
22
31
14
27
9
159
1
113
1
4
0
2
34
47
6
23
34
1
19
2387
84
10
3
14
3
12
678
1252
351
16
159
9
330
13
2
17
6
46
23
4
5
37
10
956
52
16
2
6
273
5
78
115
6
2
22
131
60
69
14
10
0
44
291
23
19
0
16
2
84
4
8
33
19
78
16
7
17
2
22
29
33
16
7
26
6
89
15
1
9
0
267
34
11
15
4
31
8
26
18
119
4
5
15
12
2
102
18
0
1
15
4
3
8
4
0
1151
408
0
333
40
5
103
13
39
353
58
34
17
49
306
23
14
2
0
29
108
44
7
56
6
39
4
2
2
3
11
11
6
4
22
9
3
6
352
9
115
9
35
2
7
42
72
2
19
265
8
25
78
12
1
4
690
18
1
477
91
33
31
3
1
3
2
27
1
1
94
50
16
6
15
1
608
0
60
4
9
12
1035
169
1
118
1
107
1
21
1
7
24
18
6
23
6
0
51
12
6
12
53
20
8
56
480
3
2
48
260
378
384
1
16
198
215
9
30
46
35
45
19
7
3
1
19
40
953
1
6
57
0
42
59
56
3
205
0
34
0
11
1479
7
4
186
0
62
83
0
8
2
310
4
45
10
1
4
49
4154
20
195
5
4
2
140
340
11
13
54
164
57
2
6
73
6
16
15
45
30
70
11
84
41
67
11
6
415
60
15
21
2
27
4
0
9
13
189
204
48
19
46
3
169
5
4
3
7
3
235
35
28
1
1
57
258
8
19
19
43
3
68
3
1
1
301
4
15
63
45
0
6
0
3
10
75
0
21
0
67
5
18
1852
58
216
2
9
3
19
35
3
0
0
14
4
995
7
523
128
19
258
18
5
51
50
10
0
28
26
5
50
15
6
14
13
32
362
1
41
136
11
329
5
73
6
1
0
10
0
405
34
128
0
19
7
3
16
12
9
134
406
67
34
35
635
113
10
4
20
10
277
151
70
622
934
7
56
6
1548
8
24
806
5
104
85
73
2
53
4
13
11
9
1
451
467
17
4
67
3
57
18
0
135
2
48
5
4
4
27
0
13
16
0
51
203
0
5
12
11
3
5
289
138
608
6
38
32
312
14
16
2
11
0
5
27
7
244
5
252
3
4
902
0
0
1
3
4
3
3
29
9
487
3
227
8
324
51
18
66
12
23
38
8
3
29
1159
712
19
36
45
15
4
75
3
1
135
1
252
9
98
12
5
48
6
2
180
331
8
41
1
114
102
11
221
4
8
186
5
1
1
53
272
227
125
20
4
16
1
489
6
10
79
42
6
6
13
39
14
135
59
33
5
59
3
5
191
16
3
557
83
15
117
592
40
21
51
2
3
36
4
79
31
3
5
2
1
1
1
0
1
29
64
5
310
6
14
3
9
2
9
3
284
173
25
9
21
3
59
7
33
2
472
3
265
42
2
6
64
15
13
2
6
11
31
123
9
4
1
26
1
3
14
34
3
7
14
1
47
1
19
17
0
35
21
99
18
46
6
49
3
210
1
12
241
3
184
1
11
10
48
16
9
5948
5
76
11
0
5
6
41
51
33
7
4
180
1
27
27
66
2
30
41
95
156
0
43
0
70
0
12
25
0
2
64
1
2
18
67
0
25
258
15
13
5
3
1
1
462
77
23
497
1
28
59
16
3
4860
65
3
7
6
0
146
19
22
2
16
11
10
219
580
12
29
21
97
265
7
54
456
171
3
7
5
253
44
13
1
15
100
7
57
91
8
188
1371
4
18
17
6
4
54
1054
14
47
40
1
3
431
73
19
5
477
7
423
5
124
1
2
880
296
21
54
7
12
247
30
533
2
18
3
18
11
8
3
333
34
135
17
10
2540
92
88
4
6
16
78
3
64
17
348
3
9
818
4
0
0
123
127
260
3
2
2
7
140
139
44
78
226
3
1
302
3
1
201
156
6
118
145
4
10
312
8
8
7
5
0
2
1
44
26
6
7
12
15
5
3
7
1
49
299
5
4
0
2
0
5
100
2
8
4
20
216
16
28
282
5
0
34
441
0
58
5
200
4
0
8
7
64
1745
8
0
0
266
43
9
5
1
15
4
23
18
1
0
87
51
2
84
1468
1
141
9
18
1
53
1
19
42
270
33
5
261
3
8
37
10956
161
1
1
53
6
2
1
1381
15
1
198
72
94
10
11
142
11
28
5683
7
3
6
3
9
58
105
9
0
0
16
119
34
1
6
174
7
128
21
27
204
20
425
40
8
526
264
1
5016
2
187
87
39
1
18
2282
46
9
112
0
239
29
9
285
6
5
56
179
18
96
23
29
780
28
16
55
380
0
9
347
16
2
20
100
241
0
139
467
695
1
144
7
4
26
10
5
2
5
8
8
13
23
16
215
31
23
13
11
9
2
0
1
1494
82
19
0
6
71
63
9
120
6
13
28
5
25
8
4293
27
1
6
326
7
0
76
135
2
140
4
7
20
15
24
33
3
23
209
8
45
4
0
5
17
43
14
9
2
137
56
3
80
182
751
14
5
11
5
8
1
843
1
4
5
7
58
15
11964
124
41
4
3
4
3
23
54
5
1
20
3
3
178
119
25
3
38
1
3
18
139
181
28
10
9
8
1
7
4
72
19
3
9
24
21
1
10
9
124
581
10
46
16
12
8
228
27
180
3
308
16
2
18
3
44
8
180
273
0
20
173
1
3
1
1
1
54
26
16
18
5
1
13
45
23
84
1
175
18
29
29
568
29
23
111
2
4
15
0
58
16
0
1
58
3
32
283
9
65
4
3
0
0
14
462
3
2
7
4
3
5
85
3
11
125
0
103
2
136
38
8
0
131
343
8
28
18
15
154
16
5
0
4
1444
34
73
3
18
93
110
0
16
3
6
11
7208
35
117
174
62
0
23
1
10
215
28
27
18
1
81
2
2
27
22
2
12
7
76
16
5
10
161
16
1
186
97
314
5
37
4
0
7
0
40
3
117
5
17
12
1
32
2
67
6
58
48
5
1
2
0
1
273
3
1414
8
341
106
60
13
4
13
1
6
6
0
0
359
20
2
54
34
2
102
27
15
270
61
0
3
145
16
14
7
55
35
1
10
16
1
244
513
5
39
30
3
29
21
5
182
49
12
3
0
836
100
43
6
37
6
13
16
174
4
0
1
25
17
2
21
65
57
44
9
134
0
1
225
4
38
28
5
24
16
1
1
2
155
23
677
2
7
0
27
7
9
23
1
4
2
2
5
15
6
114
8
2
5
61
3
9
10
23
0
1
42
41
74
0
2
211
14
88
744
158
2
10
272
0
47
13
62
7
47
15
25
80
6
1
2
1
19
49
108
34
82
694
158
3
15
12
28
43
0
2
4
1
0
4
163
20
62
52
6
2
1
433
66
4
17
2
21
54
1
20
3
28
5
33
36
8
4
4
16
43
104
5
36
11
0
53
7
34
138
5
1
306
2
2
4
15
69
25
16
1
48
197
177
43
3
4
13
115
1
10
1
3
1
68
122
1
10
3
74
20
11
5
5
5
26
9
61
5
8
1
469
6
7
27
189
11
1
10
1057
4
215
0
1
3
16
105
18
5522
10
204
52
73
6
6
56
12
190
46
261
115
5
11
229
30
15
49
2
5240
106
17
21
467
94
0
33
20
5
56
26
116
14
16
100
51
27
2
42
118
97
397
65
15
22
14
295
7
19
0
16
391
28
8
3
1
278
2
50
0
48
12
5362
23
140
2
1
1
2
23
2
0
237
19
75
114
74
2
156
2
9
3
234
262
19
8
5
89
22
24
26
7
46
26
45
4
19
3
3
0
6
105
25
1
34
1
12
3
17
1
42
14
11
22
877
92
0
4
0
2
26
81
0
12
566
38
1
0
5
15
12
3
1340
0
10
12
7
313
45
27
10
6
26
276
3
34
64
2
8
0
36
9
3
8
33
5
13
287
7
4
70
0
3
7
5
235
3
12
62
0
14
97
16
3
25
75
175
1
1
8
17
104
30
65
61
7
275
63
5
9
50
5
184
1464
17
4
12
0
3
7
5
5
5
16
0
133
3
2
2
33
11
5
1
19
118
3
4
11
66
68
9
678
21
1
84
26
5
0
4
0
1
203
3
3
1
11
20
20
47
25
6
14
8
88
1242
23
212
5
0
37
1
5
233
112
0
423
6
18
20
33
1
4
82
219
3
12
126
9
30
13
10
10
0
21
34
92
13
13
10
81
4
491
39
36
57
28
8
282
11
41
1090
21
335
23
7
78
10
2
1
82
6
22
44
10
14
4
26
50
2
59
111
3
0
1
2
4
19
28
1
127
40
0
10
7
13
7
5
2
34
1115
32
1
67
40
32
2
32
0
4
70
32
20
32
55
114
5
60
2
16
7
1
210
20
40
43
2448
186
3
66
2
1
19
37
36
9640
171
2
9
2
17
2
18
7
8
16
1
1
4
6
229
14
34
57
9
2
48
1
4
24
35
23
1
276
71
3
45
7
1
46
2
17
2
39
3
147
0
184
0
374
8
13
27
179
124
228
6
338
47
1
14
3
2
130
23
302
14
24
132
102
0
104
2
13
5
4
98
45
102
115
13
32
14
100
2
3
2
33
625
1
71
3
1
0
1
93
26
4
2
10
4
6
1
0
108
17
337
243
0
2
11
1
5
2
57
0
20
96
42
33
5
274
3
134
51
12
5
17
42
3
2
27
1
104
115
1
1
1
8
82
4
134
20
1
34
13
9
1
31
21
12
3
17
15
1
1358
8
9
42
117
51
12
7
29
444
1
1
3
1
47
103
9
21
68
2237
12
52
11
36
55
19
16
349
44
5
7
1
14
25
13
25
22
394
1
0
74
13
12
206
6
212
152
218
139
0
3
81
1
0
19
12
62
114
2
10
12
3
3
250
13
160
34
7
221
9
2
15
11
26
2
47
2
4
13
0
12
277
49
3
451
10
173
10
59
2
87
4
0
3
50
1
2
22
16
34
16
3
1
0
9
180
18
5
48
14
3
945
455
16
652
67
6
33
4
11
1
32
292
54
1
45
53
15
0
52
46
14
1
25
25
10
43
36
145
417
39
1359
11
7
71
0
2
3
149
4
10
5
25
504
276
284
54
5
48
487
3
2
7
17
5
13
4
27
18
13
1
14
92
1
25
14
1
427
95
56
20
5
14
87
136
0
117
550
21
10
2
11
412
31
2
17
4
21
159
6
16
215
46
91
5
0
49
4
113
7
2
268
12
21
15
13
161
32
0
395
2
2
17
60
8
125
194
11
4
20
7
180
153
62
27
28
17
43
7
5126
39
25
411
11
5
284
232
453
2
2
207
5
11
84
4
144
784
1
186
0
34
4
1
10
38
2
0
59
1405
38
113
295
6
12
20
13
1
30
10
8
9
1
0
11
69
79
65
535
10
3
5
22
377
15
14
7
17
37
9
14
795
21
8
18
75
186
16
1
384
3
8
3
8
4
155
4
22
11
15
1
4
103
9
51
0
24
182
26
21
8
194
9
2
46
0
21
80
27
5
7
2
195
4
0
77
265
34
0
74
225
0
72
408
17
38
18
43
6
23
2
40
2
1
3
13
128
18
3
0
25
42
171
13
226
27
86
40
2
9
19
17
630
5
93
3
0
15
2
74
2
1
102
0
9
137
1
23
18
4
0
1
2
0
64
12
0
17
28
102
2
82
8
0
7
5
25
6
3
97
29
242
26
48
1
175
407
11
5
14
19
32
8
18
4
2
79
6
0
216
84
17
0
4
64
3
2
12
152
2
189
19
1129
130
8
35
8
8
2
0
51
5
21
15
76
44
14
227
20
6114
11
10
19
27
5
1
26
89
23
1
281
438
1
6
3
160
8
12
12
83
17
11
11
263
4
17
147
21
20
15
1
67
138
24
5
5
11
0
0
61
103
99
75
12
16
1
60
21
9
16
5
30
1
0
2
3
5
168
6
15
1
1374
61
1477
1
1
8
4
455
237
3
20
365
3
2
9
19
10
4
0
6
3
909
11
297
16
33
14
15
1
34
4
294
25
4
3
4
4
0
1
89
2
0
6
116
6
20
21
17
24
147
19
81
186
1
0
972
20
8
78
11
3
98
11
5
71
497
7805
99
15
6
1
3
43
1
12
2
135
220
176
5
1
12
1
4
2
6
120
13
193
11
10
468
42
3
4
14
1
2
53
127
3
170
15
1
98
1
27
0
22
4
10
0
114
5
3
40
1
8
10
11
1119
3
0
126
4
0
1
520
7
15
73
3
125
44
32
10
9
2
16
48
2
106
41
134
3
10
99
135
5
71
239
71
6
5
26
70
345
13
6
2
82
11
27
5
9
0
8
1
3
106
79
4
6
51
366
29
19
141
81
1
7
19
0
0
1
30
3
18
420
698
16
67
47
33
376
9936
8
8
45
30
1
14
1
14
1543
10
96
2
65
2
195
100
1
59
7
5
292
32
73
55
17
628
6
3
182
73
5
680
1
7
3
20
27
3
1
2
9
20
11
64
55
2
22
6
67
205
104
10
1
3
3
54
19
24
3
34
2
120
73
12
51
0
2
8
11
1637
235
11
34
4
76
0
5
163
44
3
7
32
8
1
46
333
2
25
20
18
6
12
1
3
2
7
25
3
13
396
0
10
2
3
2
13
8
27
68
44
6
8
355
89
11
2
3
3
9
16
16
198
103
210
3
2
1
8902
9
10
236
244
93
1108
8
12
1
0
8
6
229
26
33
3
15
3
11
56
0
0
7
149
31
26
13
13
36
9
1
422
8
1
6
99
6
33
73
7
53
34
2
20
37
18
46
0
51
15
467
3
3
22
4
12
18
5
27
1
27
74
143
0
10
6
16
92
4
0
81
0
56
6
191
19
261
0
12
28
181
8
19
60
23
3
46
229
3
288
894
36
11648
18
45
6
90
68
38
0
4
60
0
3
761
3
7
2
13
228
6
10
197
10
1598
15
20
1
5
13
107
142
5
186
0
5
2
321
41
3
14
39
284
2
5
69
21
3
20
1252
58
6
18
43
24
12
43
190
176
33
2
2
14
1
30
36
108
3
1
107
17
5
42
59
1
84
663
3
41
2
5
2
3
4
5
472
3
52
81
71
4
20
30
228
14
24
3
62
5
23
641
16
27
837
8
12
12
2
9
3
2
517
9
7
1
9
2
40
3
8
14
9
5
0
42
48
2
3
7
10
14
28
25
179
7
4
8
19
3
3
64
7
10
2
11
117
24
291
0
6
459
1
66
10
25
0
9
14
11
25
5
26
11
26
6
76
27
2
16
16
6
111
16
74
57
0
762
4015
54
4
9
1020
61
34
5
0
2
0
9
42
2
8
7
42
2
1
7
2
23
3
6
6
7
215
16
5
212
161
2
1
6
52
14
613
7
21
1
532
169
18
10
131
119
13
0
1
523
6
13
297
130
0
9
6
51
0
441
82
8
2
208
58
481
3
6
5
1
2
120
18
14
0
1
4
9
6
363
6
2
5
3
15
9
1
4
9
6
2
2
9
1
17
2
46
12
125
39
68
21
13
5585
12
8
1
1
2
82
689
2
234
0
9
69
292
115
1
0
811
13
104
3
19
6
7
1
1
199
0
20
4
139
25
7
6
2
3
121
16
5
77
2
21
7
42
39
0
9
3
96
18
2237
125
22
7
41
15
1
6
54
2
2
3
32
3
228
36
17
