566
1056
3182
461
1471
261
510
2749
762
403
356
1326
459
1404
822
509
946
3019
476
1910
410
1467
509
1751
646
369
1342
343
1304
283
1660
1289
1278
45586
960
651
7051
328
776
1199
2979
383
1767
1087
1897
1474
1638
1733
1005
448
282
2830
875
1061
2129
833
4331
15534
2003
418
1350
950
659
1342
3788
328
2987
572
437
3378
3969
340
292
1334
481
340
1177
1331
491
804
238
378
1268
1309
441
3159
2025
2164
1883
706
757
2339
360
3777
5711
942
356
615
927
1026
1518
3255
2441
2706
560
4342
3508
967
490
3764
2076
442
1871
943
1249
5487
3856
412
2441
2036
1191
851
8177
1040
2721
288
4137
161
28740
2041
5243
420
1095
1283
357
699
1398
494
907
610
866
862
2631
2139
1044
2379
1222
1329
5472
1193
1078
5436
1240
5525
1276
1057
1092
396
491
2611
831
1286
1163
893
4673
1578
959
1599
2522
413
2715
1274
1746
1658
4183
2595
5512
220
1044
1850
1617
1364
762
2670
503
566
420
1201
1114
992
2540
989
725
4653
294
678
677
815
1035
1333
1220
823
599
1196
444
344
2879
1354
1645
1893
1152
2715
718
1124
817
1701
6043
2953
1325
1447
4958
986
3138
467
458
227
1203
9835
1413
701
673
1961
540
2719
217
1767
1875
419
529
1120
402
2017
239
1301
746
983
283
661
6407
3272
3955
962
11722
658
3460
569
1143
1919
3928
3130
3476
457
309
505
1841
503
712
907
1970
3505
336
3169
5023
555
2243
818
1281
1256
575
1094
478
535
349
955
1917
2489
2940
5002
1363
1875
667
6457
1745
342
1936
3361
1723
5076
643
303
2387
5420
3938
684
788
966
1600
3317
911
259
543
299
1358
2263
1639
704
1049
972
810
1610
427
8143
2720
1242
894
2125
2817
400
1131
6020
1299
1695
932
558
359
430
1336
874
957
968
2518
468
746
3199
10700
7519
2481
1880
6736
422
30534
2373
1201
810
829
2307
615
674
2102
599
1208
1717
1826
404
2414
2091
2063
1223
56586
1258
684
824
5267
2429
3437
1092
780
1099
1869
732
2375
828
3223
4824
256
1639
1316
3781
448
909
1382
1574
1564
1817
756
1306
289
2372
2549
7960
2002
1245
1933
751
1506
2940
653
504
729
940
2331
13352
2599
7986
2185
7407
2735
1191
3462
6142
484
714
1083
370
1957
1375
390
738
1355
1091
729
851
228
622
249
7985
8250
1187
1469
6321
2664
556
541
1794
917
461
1406
1221
858
40761
460
854
1636
786
1066
1203
785
2069
1549
8771
1352
8207
1135
655
2160
218
2606
1096
1284
3166
1515
899
3870
3331
252
2710
400
1899
2463
1302
1694
707
495
438
423
2971
3371
544
309
2876
2862
1780
305
2080
4688
2090
1571
4506
224
570
7142
1652
880
584
947
3926
1617
415
905
1412
2029
613
3015
758
823
1320
656
2129
1097
649
1150
2174
2340
6248
1633
753
962
443
9012
1372
2926
649
430
959
1365
1169
19507
1357
3956
2435
700
1053
690
2103
930
5975
1954
1225
1146
1426
1570
930
664
107
877
2454
1084
1462
863
1234
299
695
1161
1991
1121
692
170
1206
3891
3021
1079
501
396
2132
796
2075
980
1044
1571
551
651
1226
1966
1475
301
3112
1056
290
792
1432
3324
881
983
1388
488
637
341
727
2611
869
924
1911
241
1405
2164
561
840
1228
990
2390
867
882
1074
1957
1336
1131
1702
1310
733
5676
3637
813
761
984
3957
2703
824
1066
1231
868
815
11893
760
434
1595
2033
555
2579
736
3899
353
422
1623
459
1274
1288
1286
2388
385
13826
534
1547
1406
248
6398
3075
330
1823
2793
359
2449
1899
411
670
2879
2129
2055
857
5460
2187
1409
3390
2451
947
369
659
2055
764
486
312
268
756
900
1721
1850
391
1144
2707
1742
439
4039
10320
1005
568
3403
754
175
1303
313
781
2177
3873
993
143
7713
1295
2961
7052
431
2538
263
358
901
2578
5248
2559
2142
543
627
1413
1181
23127
1637
1455
478
849
3113
1477
999
596
679
1328
577
4247
2415
2689
3394
4168
330
260
694
520
890
2078
1638
529
2527
673
2274
1456
945
2858
364
3375
2352
3513
528
1078
387
1451
1140
1080
8629
3561
346
201
998
216
509
784
1538
3565
1627
9189
485
718
3943
287
1094
731
1679
836
1163
1017
1101
644
436
2163
2439
1347
890
603
1664
241
228
14810
1073
826
295
7407
2116
376
3046
2942
36011
4556
258
1164
478
6259
473
1864
323
3637
2181
1731
633
1157
457
1042
2073
494
421
2050
522
349
33809
203
542
734
8745
3578
442
2414
3192
11376
308
1822
333
859
585
1435
506
2509
407
1173
1706
3571
951
1172
984
819
3358
920
699
563
1494
2936
4642
603
839
229
372
2382
228
592
409
2874
972
1377
430
998
658
2706
776
3622
1364
2438
14802
5590
12587
3415
878
1976
3561
1221
620
1051
1334
1002
3156
1113
9303
3668
511
2015
948
507
1048
1282
1242
1231
765
443
380
3947
1040
757
1620
7053
1356
826
582
2468
3752
1770
1738
1455
1172
260
1428
7046
759
251
1475
2364
1119
8795
1158
1025
1093
511
3440
195
838
2529
1745
1139
3905
862
1897
2640
1132
659
901
521
1359
840
1607
12831
307
358
344
384
6745
282
437
751
428
278
803
1185
7550
2100
723
3185
659
1323
916
2794
463
1669
96
1851
467
1066
7473
3124
1349
453
1560
521
714
372
537
539
954
1260
372
2538
1234
693
1020
483
502
556
1784
628
260
2732
281
2760
4971
1135
1774
1416
542
516
469
1420
1999
2398
1951
1057
383
1221
1166
2139
379
2948
312
4739
4028
1807
1592
613
720
672
6564
4102
2174
1375
408
1006
2862
947
553
1494
1015
1497
7620
1717
3437
916
3414
1006
573
1383
1264
4537
3797
359
1272
1109
1259
2039
7140
1144
1727
548
675
4212
3748
2365
13976
2579
667
6013
2480
3880
1212
930
1944
709
1458
520
323
534
1059
323
437
3063
3042
703
317
356
1195
1365
790
869
625
735
1437
1219
1301
1240
500
1879
342
2261
1119
2104
1152
1122
2913
360
381
7685
1509
954
1331
698
319
2058
281
3552
2318
1076
461
475
419
301
1102
581
294
4701
782
833
2894
454
1145
725
1337
1389
1278
403
2295
1985
999
9563
590
1114
1676
1506
2930
682
2848
2326
1736
1425
2541
1264
885
750
272
13505
4868
837
1191
433
1053
118377
1972
998
993
713
1345
622
1502
4995
2659
413
1668
1072
2137
3062
3499
499
861
1387
2767
339
246
582
873
2135
807
2002
1675
3485
1489
511
997
1334
1240
910
1562
1326
899
609
683
2884
3942
868
2012
1082
525
861
1408
1126
2241
2120
918
1204
529
2946
1430
208
458
1734
2183
645
1112
2085
669
1113
3978
472
1934
231
787
2199
664
621
1535
2711
1281
692
629
487
1427
1832
3309
3224
678
3251
1542
1245
1106
665
716
2733
395
1495
560
2834
644
2325
482
3216
6359
4923
1016
4541
360
1114
1523
250
4645
699
2706
1640
201
402
883
608
1274
255
449
2374
501
2396
2014
528
2181
3527
941
1326
1125
613
1209
1457
679
1155
1063
193
2258
2284
1933
2348
1930
900
3294
832
1748
2761
1894
921
545
271
5641
632
1340
2111
413
467
390
508
3577
782
2603
862
3822
443
1998
1013
845
1575
2418
5428
949
701
384
1518
945
462
904
467
627
2575
271
2079
432
209
1200
4496
1349
2670
2541
798
1178
4427
1582
1710
523
6677
495
9341
1172
578
2309
469
2761
2445
532
7718
571
2100
3360
2393
1408
1322
472
4698
7540
3141
1608
7531
1492
331
354
413
410
6117
755
1249
1953
1282
246
347
958
1608
1445
527
1461
720
1328
257
1544
2791
651
3308
868
923
1217
2864
22070
1173
1040
1062
600
2052
743
1039
1537
1301
236
635
3595
2619
1486
925
763
1982
538
1422
719
970
1283
1428
1128
2013
14666
499
1405
2161
1518
1452
455
237
1149
692
1168
1675
2491
801
2453
1220
4427
920
457
5896
1181
274
2204
1886
1228
869
234
3168
1591
160
9424
2528
296
4251
406
543
1911
1051
8030
12656
2402
420
302
335
956
1996
1931
1237
2626
1683
2819
488
948
477
32683
1010
2276
2080
1937
345
478
555
1281
1279
937
2530
31455
2148
574
3480
1433
838
22619
2200
720
292
2277
748
448
996
3348
2051
1195
1630
3576
505
1608
2241
826
2083
1031
1829
2711
7157
3437
559
1936
1525
478
523
984
867
735
1494
1050
3852
2336
537
1028
3004
959
2197
4863
1179
2316
2243
1493
466
1912
1287
2812
682
1125
690
264
1418
1276
1084
2061
4659
1160
479
932
5188
814
6278
1320
582
2281
4565
1985
1575
1225
624
233
3206
2814
342
2514
5707
3630
726
924
6530
5803
1254
1724
456
7786
794
696
811
2782
446
534
1948
663
3109
1382
3345
551
2050
465
662
335
1116
5321
3157
629
2246
2725
716
769
2065
387
1547
4765
3731
2275
2628
1986
986
1699
787
1196
812
470
2400
1767
1765
679
1980
6205
1238
207
5671
3791
415
440
579
1819
206
1085
25873
290
728
1387
1457
463
603
1835
7792
201
1836
3565
2146
343
5668
1416
1065
1327
551
1610
1658
345
977
1452
773
576
1061
1888
2453
1073
640
2842
3302
4664
1439
746
1585
5511
1196
1844
1697
378
862
3093
537
2884
512
159
7450
856
919
256
1674
1281
795
1922
822
451
1058
4441
835
540
2057
1562
1470
344
396
3987
1359
1440
1672
1951
321
331
352
2953
637
291
1148
588
1095
859
1052
908
1344
5409
2603
2824
827
1216
230
1631
923
1226
718
1480
912
1338
1189
575
958
379
2611
1821
612
571
1966
728
2712
3175
1395
2184
10247
4446
1888
515
1755
2879
1109
2065
1526
1013
1707
582
714
3531
1937
1420
2462
1328
1197
1919
16414
9650
1195
1254
1057
1973
839
1106
6122
759
979
740
391
449
568
795
4687
1999
386
1023
3222
992
349
320
1005
630
918
521
665
743
1116
2338
1046
1641
868
421
1488
130
210
2400
1180
1126
3375
4838
754
915
627
1523
2315
525
431
1476
1857
1161
551
1028
2207
3005
3269
1485
10475
727
1144
580
3247
845
590
1415
320
330
1185
2076
660
3463
390
1214
532
1054
3197
875
1152
1079
11376
480
1335
1337
1069
918
3166
2945
1400
6469
1463
1561
774
1583
411
16356
2160
676
2140
4024
1754
920
338
1544
770
580
850
459
1372
1524
1170
1874
996
1710
1850
705
787
874
948
210
636
1039
1536
1937
2580
2085
1937
1201
950
227
425
1032
4499
2914
687
2174
746
3337
929
449
781
3859
543
828
1351
1281
772
1841
890
240
592
1323
282
1443
1868
1996
1662
178
3754
833
1735
772
1429
523
2339
1044
717
1548
2940
2045
1012
846
1064
767
707
453
420
781
2204
2539
1028
1392
312
1032
741
1601
10546
482
617
2882
1012
1484
281
226
560
316
435
1027
4261
1404
11203
405
1422
825
4779
624
831
472
302
3537
939
3490
4714
1083
570
760
2639
1855
1576
1226
279
577
1012
677
581
1777
652
1405
2544
563
375
1334
1552
6286
262
2751
3196
2968
463
964
1871
429
2456
1630
957
177
544
3233
2486
1204
463
1211
422
2213
1916
389
9435
2118
2404
1342
97123
5831
3585
13671
5077
314
1482
7574
959
611
214
173
434
644
3115
1048
899
52
2754
1011
376
1225
413
334
857
109
637
361
264
306
544
2078
887
4681
169
47
68
243
928
672
333
374
358
1198
237
288
152
738
475
2426
1000
4555
434
2127
595
197
41
2545
787
828
401
508
1345
122
1263
1468
1360
114
176
1081
61
609
112
514
707
2023
643
808
630
4414
332
123
597
835
153
280
907
954
605
162
509
965
2614
4220
332
178
237
984
229
172
550
186
1282
2453
808
540
172
191
821
1006
299
89
81
163
1524
356
123
434
50
6035
2047
215
264
165
220
538
574
599
5172
837
278
151
1646
6166
2822
548
111
1650
406
1231
553
1025
144
757
683
312
60
172
325
963
389
435
130
3151
314
820
844
1004
2412
837
828
212
679
3034
100
731
1134
2985
813
217
1527
92
1130
3873
1504
104
1484
719
475
2211
5001
83
101
91
299
1130
3116
1374
1366
647
2115
752
594
721
927
678
2190
274
97
333
76
250
851
805
59
370
300
335
613
618
110
221
4269
155
1064
199
1321
298
217
1260
320
1185
1104
1215
80
269
69
746
296
232
389
260
995
2822
1529
238
423
2861
199
1179
173
119
610
1969
159
169
732
135
245
745
579
317
345
634
3176
246
67
3033
172
1080
141
533
1468
2083
219
607
2786
252
2286
419
2974
228
127
1696
1394
1032
27
196
923
284
1326
199
306
94
164
1315
796
154
1166
277
1559
232
2901
606
347
537
5664
828
104
504
1934
1519
763
424
1262
748
467
187
162
380
347
199
40
1600
870
810
7141
107
670
2428
1538
1775
105
351
2480
467
1861
586
64
195
2500
3045
416
657
1505
710
141
925
552
167
322
165
1063
100
153
268
299
88
243
679
1009
340
275
84
480
475
1053
1328
129
240
643
126
599
315
73
405
322
945
765
66
369
1190
1212
697
216
90
564
327
244
156
156
83
1352
124
114
451
448
704
1080
248
297
857
2986
542
3255
94
568
1212
525
731
697
141
1687
902
5494
227
825
378
1320
469
186
98
201
488
194
684
213
392
306
918
102
321
130
1517
146
125
1025
194
235
5659
819
204
2326
1170
196
3641
228
3899
859
1071
951
2320
605
1785
213
1979
266
105
69
1828
336
1063
190
90
284
565
2582
83
100264
5121
165
2619
906
180
56
460
322
1461
101
94
1420
240
506
706
1367
625
46
137
883
1694
182
156
281
287
787
2783
134
138
454
44
482
7275
244
79
515
358
1889
129
268
6193
1331
1791
298
520
1240
620
168
12448
972
8818
340
13479
93
1864
384
634
110
1439
658
1393
320
204
437
292
1134
128
6308
156
1106
313
2900
603
144
378
2142
268
439
483
816
44034
143
295
801
380
674
296
660
252
753
770
363
37
507
1593
180
127
177
801
184
478
137
66166
6847
432
84
645
583
1130
296
298
1430
765
1087
224
250
886
2092
2228
53
1665
170
128
81
1337
101
414
580
5107
3291
97
42
586
808
101
45
255
2434
632
1886
158
250
1585
153
371
328
181
162
904
8058
37
393
318
321
291
1001
2313
373
317
554
216
591
233
260
3328
847
183
166
353
75
3974
1989
436
235
1057
1135
629
2376
444
415
206
3216
386
1441
360
1264
100
370
96
5422
250
285
840
88
839
228
9024
600
1567
910
1708
158
881
168
130
531
571
2565
731
272
234
902
126
465
931
1403
138
2305
895
123
650
367
854
1615
177
3371
1287
105
1529
583
76
149
869
353
1094
278
1327
262
116
156
1693
2371
209
787
185
2296
937
1225
106
1142
167
1882
713
482
362
250
345
686
372
111
781
1584
255
216
1538
1757
560
172
423
264
285
416
509
1071
109
310
236
254
753
44
2383
129
1023
1463
156
196
4435
180
3775
140
5405
214
2684
410
2224
85
2647
209
1813
876
179
2027
149
1699
167
5807
298
206
56
907
173
426
647
442
716
347
595
179
440
272
521
3978
3099
198
1197
138
117
1275
463
531
2663
207
209
293
118
4757
493
162
761
1074
164
57
125
1828
204
191
408
3439
340
1110
118
1020
471
398
7687
525
707
335
157
904
646
735
408
1026
371
771
433
878
930
347
3098
1057
1530
292
2671
456
527
352
101
2433
6145
1138
416
600
232
553
574
947
293
99
263
413
1269
603
584
2303
663
1338
7391
664
6248
944
1036
1707
186
1041
147
303
683
3099
311
558
183
234
445
389
1467
1597
2064
2661
17095
782
280
271
1054
368
424
377
147
337
449
320
219
2137
451
186
539
325
228
28
139
3624
760
2997
409
107
779
309
1748
131
467
208
289
190
9258
565
569
276
1375
331
1586
316
265
923
3045
61
2559
186
746
232
2571
1269
338
365
1313
183
267
106
1107
742
939
604
174
101
784
1238
303
368
235
139
854
449
296
420
157
248
57
122
92621
277
2689
163
2302
172
540
531
1621
798
560
196
3198
4574
979
1995
855
1483
4949
368
395
147
372
471
436
140
185
247
399
139
172
76
378
673
280
933
842
392
220
1877
160
1364
1782
80
2423
186
216
1369
60
120
543
616
77
146
1332
690
378
3724
2090
381
2313
2399
2717
224
245
438
93
660
240
7110
1224
289
1546
568
364
162
112
167
168
1759
1692
208
606
102
3156
897
557
4429
1346
397
747
232
135
215
184
396
5402
121
233
340
864
191
119
1184
292
199
355
255
1120
81
2500
61
288
438
450
215
129
6518
3160
190
201
165
210
210
195
215
377
5367
193
32
389
2812
443
2667
1108
607
878
777
612
2686
209
503
124
411
957
1057
331
2293
527
42
884
2130
249
789
509
2890
842
968
149
590
215
126
1042
387
1690
187
105
534
90
2712
51
1555
86
314
956
1356
1602
2375
128
38426
41
1032
234
1139
109
308
238
2048
867
130
246
42
320
122
647
140
77
390
503
178
584
329
358
1624
192
138
942
7787
1170
85
108
1365
217
1550
2784
581
152
15747
230
278
548
635
230
2761
506
274
320
236
188
327
167
302
23977
228
1501
147
210
184
834
1250
156
760
924
342
1364
181
1159
3233
124
458
888
84
228
2823
151
1031
480
3243
447
1098
1131
114
61
560
522
161
37
1098
1047
432
1554
218
750
1042
275
875
1583
4380
186
653
237
1062
623
414
904
1637
428
1777
688
33
294
1968
530
425
255
107
709
497
371
351
4250
149
297
139
240
1603
400
357
148
800
1395
249
128
784
83
814
816
311
682
156
210
276
358
234
1560
98
1908
3725
3468
664
533
214
380
301
308
2379
248
852
1694
653
144
1525
2076
1620
139
3412
1054
338
1188
99
1259
89
1559
1670
122
190
113
453
911
974
279
118
6841
328
1304
621
5801
674
440
95
45
1981
339
180
482
707
806
940
860
379
586
1800
872
100
699
496
129
256
175
58
505
601
550
529
242
2027
55
311
160
1444
194
105
274
362
171
261
58
181
1820
153
12200
4017
132
1990
423
291
362
1261
120
422
220
3985
937
250
120
211
739
265
572
306
204
930
353
1353
637
832
727
249
230
211
142
1678
405
12537
277
222
475
348
274
39
493
515
246
257
588
383
833
2230
753
508
1278
370
356
417
1516
87
1235
1321
502
941
187
133
210
210
909
174
1230
3609
926
195
161
201
954
666
158
129
130
941
2667
374
929
376
386
170
667
1455
210
11774
155
109
1001
721
823
446
1830
1769
541
516
113
106
3035
5427
473
858
5890
653
112
302
1621
363
191
846
623
77
76
1099
474
1092
2378
365
117
260
238
709
119
1788
81
155
513
238
1393
274
5278
1570
752
882
746
1289
328
1390
837
770
117
56
208
2056
58
326
314
311
48
8066
227
167
69
92
307
163
79
196
113
313
65
5523
1081
1010
184
488
979
147
254
191
293
1179
4178
483
1086
536
441
741
1495
181
154
954
103
523
2883
318
105
151
289
1910
342
1807
149
310
104
248
216
240
139
235
1233
1380
1977
137
438
48
541
672
331
784
152
822
532
680
603
400
777
2385
656
2174
216
150
1111
104
29
83
549
1079
231
1089
567
2637
832
2706
485
235
631
251
378
310
373
843
722
371
13510
869
2417
642
496
68
183
1686
850
124
216
746
297
536
891
94
293
57
469
2059
795
139
2135
134
1973
177
223
101
185
137
1918
169
8761
323
1277
185
384
3103
226
323
3320
1245
91
829
430
270
2511
133
136
1631
772
100
212
126
147
145
791
318
210
444
1211
111
1309
517
1100
92
159
1429
71
442
108
981
1702
7266
3098
858
825
315
281
1222
592
3670
298
3050
150
222
152
3152
35335
95
476
336
1396
296
78
335
215
115
58
745
91
807
394
225
817
130
146
295
140
2616
525
245
1701
3512
1020
297
63
474
1807
700
2022
1101
2243
177
692
935
1065
524
59
837
1035
1241
309
76
901
332
2747
1058
264
1678
547
1422
420
75
88
339
1322
101
428
408
262
1327
2693
878
4940
4731
176
2808
841
1368
856
611
234
1047
101
535
329
1009
539
179
266
351
281
926
693
750
239
2678
3037
326
886
208
361
719
855
137
360
592
561
959
61
144
8389
1696
103
155
1849
1350
491
375
803
832
4770
557
103
416
302
511
548
448
327
675
881
568
816
64
506
100
114
353
1195
1427
1094
486
213
194
840
160
2364
69
376
189
79
191
839
459
123
206
1178
234
111
1429
366
56
338
400
275
759
198
638
3596
398
516
841
336
466
205
799
294
175
339
875
287
243
165
392
571
286
2297
58
125
232
545
1254
403
724
2309
122
205
461
511
948
2859
269
591
53
1453
483
107
1117
525
550
295
1898
1780
83
1141
307
144
134
279
995
203
371
185
512
1464
349
132
541
733
113
183
504
286
1288
346
387
913
210
8480
2185
94
267
161
907
565
4006
343
2940
543
122
907
776
1150
184
452
258
1732
157
125
1175
1114
128
495
438
837
3961
233
847
50
1312
843
351
139
82
362
555
1001
1851
153
293
1213
166
206
222
175
1032
1087
676
332
435
819
436
195
295
3005
1094
97
633
548
653
390
3590
126
134
1381
1707
2159
1397
1990
3300
210
94
1828
184
661
115
267
1278
397
459
430
268
1012
605
96
1000
444
497
3166
113
758
99
939
426
539
349
717
2890
283
1451
327
833
329
1894
358
457
141
115
384
814
1683
843
719
123
917
3118
852
244
1278
673
1304
261
127
1384
49
699
98
73
12093
899
118
42
110
34
102
579
499
112
96
334
128
413
270
80
3330
273
1241
172
37
12
18
54
20015
143
53
212
853
127
268
14092
74
1127
235
128
100
217
118
602
177
157
98
26
879
59
53
1129
25
60
945
251
118
87
48
4879
588
21
863
88
313
117
135
216
1137
2222
3035
124
208
258
220
322
460
146
279
4406
34
77
92
933
11203
438
1104
46
58
161
298
41
3197
932
45
40
178
110
1208
48
85
628
1505
553
1737
1309
147
1758
28
5457
93
1352
1163
43
202
68
36
179
87
27
187
2866
106
109
97
789
1087
135
20
1711
773
43
108
649
53
103
49
159
185
149
1423
117
90
5580
1030
33
86
1057
43
281
128
3249
38
1243
110
436
178
244
54
31
1624
657
525
21
67
130
149
110
43
179
758
35
810
174
486
70
1570
2557
649
239
481
119
230
2389
765
224
63
67
16
150
1440
147
49
151
30
42
562
187
123
203
207
539
4
528
669
1403
355
4438
643
319
19
46
106
130
565
378
63
6243
130
89
182
62
236
56
46
72
59
8587
155
460
139
1567
75
400
570
600
25
118
35
130
391
82
17
118
36
81
29
592
40
303
57
350
124
269
73
717
379
1131
201
133
157
52
35
132
263
132
57
3054
47
27
553
16
42
1160
85
135
99
570
174
254
656
57
58
72
2245
1188
1135
991
569
44
121
28
802
67
65
14
120
70
329
473
160
1868
37
51
126
32
886
212
1266
318
158
202
1256
78
382
150
208
147
64
54
72
1877
287
1345
808
138
49
77
30
94
611
758
65
54
220
195
624
253
78
357
57
149
103
49
503
134
181
281
51
146
64
59
37
1279
36
104
83
170
131
902
1333
53
523
134
2877
89
39
236
83
1666
18
195
1219
236
138
361
97
1388
152
68
985
213
257
781
84
50
44
91
19
465
17
928
120
88
492
264
128
48
158
103
91
365
132
41
982
538
85
284
2384
143
28
940
35
1995
53
2379
149
774
160
35
32
28
37
446
112
696
5
260
175
464
68
184
303
150
89
111
177
55
41
220
82
131
70
41
306
4322
113
30
765
2002
324
725
658
118
174
2345
28
2486
78
60
793
1157
895
77
65
600
118
1412
593
50
33
586
660
268
103
48
434
172
94
3701
266
18
514
506
219
369
156
69
200
1043
45
829
2170
352
103
212
76
1320
269
99
364
52
190
117
58
80
65
96
3110
40
81
96
87
26
69
204
72
34
33
588
47
64
131
389
2237
67
235
69
189
2425
11
176
25
33
1725
19
34
126
142
215
877
1707
514
47
204
365
6048
122
135
335
282
215
13
96
38
57
612
97
764
77
167
426
273
73
1213
108
98
229
51
105
564
141
130
107
165
528
46
1957
541
61
216
6
150
87
233
95
112
340
204
109
235
171
28
193
507
1479
141
149
1144
447
42
6405
243
154
212
97
56
680
572
73
318
184
305
113
98
44
72
241
450
10
308
360
146
119
128
86
64
43
16
1003
1470
184
60
1181
1658
113
151
542
47
232
575
151
22
110
103
139
269
32
112
107
201
212
315
194
28
36
589
73
81
91
80
55
110
119
67
388
28
82
332
1008
51
155
872
351
389
28
295
1303
76
107
391
19
36
32
57
16
1948
145
51
332
584
136
712
54
69
527
45
1050
115
1112
29
442
17
44
162
34
1404
712
425
124
1658
319
20
100
13
537
306
40
286
60
73
82
319
374
42
142
77
98
374
23
25
137
104
55
51
37
64
200
207
138
33
249
538
587
324
173
56
148
7
170
77
385
193
25
789
59
221
196
137
88
170
90
101
59
232
281
828
613
654
81
129
147
410
128
15
82
52
215
347
12
9
1168
45
12
11110
1034
94
33
25
96
533
8043
409
335
1312
154
277
182
83
8
168
1015
94
60
112
838
35
374
49
100
107
2678
96
2341
128
56
643
84
24
290
430
114
395
83
365
68
135
21
58
125
170
125
254
53
99
559
51
73
380
33
34
158
352
786
269
545
279
84
41
664
8
244
156
247
32
395
39
864
23
173
199
1292
55
268
38
49
81
3058
923
199
1505
140
164
271
116
1918
80
69
159
571
734
160
760
39
512
581
166
1530
314
259
75
28
1025
32
787
33
56
1552
13
56
62
30
21
1056
772
621
19
31
20
58
113
665
30
33
150
52
75
193
49
620
43
84
687
751
33
1334
860
826
238
745
99
1132
20
22
1168
540
123
340
167
405
363
26
69
132
118
183
36
2827
1745
98
155
134
793
60
33
111
1373
353
456
1131
299
142
118
1220
114
175
40
259
4742
152
204
253
280
470
86
44
53
101
405
1973
165
129
214
104
24
7235
4
171
77
168
264
82
240
104
125
102
64
7176
252
223
20
4032
100
753
24
1815
63
222
2051
80
3353
85
301
242
176
62
200
103
86
256
105
42
82
1903
122
109
27
563
343
59
50
656
1102
61
97
38
119
240
16
97
243
1419
67
67
13332
364
85
171
51
30
1128
107
174
151
159
126
36
98
1467
59
968
70
109
68
73
3770
50
943
78
72
71
104
88
208
54
254
29
371
1919
29836
2309
74
51
207
204
92
28
45
523
96
854
85
612
6147
173
235
87
630
5
42
226
295
140
181
19
148
308
265
90
545
202
247
354
1222
3084
114
651
1655
90
1296
248
2535
182
30
176
35
1116
51
267
1027
77
627
48
25
132
2608
4276
1106
62
148
630
66
827
23
92
114
81
482
87
1594
44
173
1017
312
656
281
145
44
74
133
89
32
807
66
40
1109
78
73
67
327
445
380
32
211
272
217
64
42
94
91
66
40
46
31
80
8
518
466
106
31
60
366
23
133
142
205
373
23
52
529
151
144
140
32
20
833
294
26
14
787
44
42
376
82
82
2875
95
653
38
114
478
86
61
96
798
82
263
33
24
33
350
432
1933
430
1402
667
64
63
205
142
909
44
167
14505
563
160
1268
644
47
1045
88
393
101
6161
873
214
11
40
398
868
82
282
72
35
108
43
75
166
244
33
2209
58
111
1502
905
629
106
204
4274
108
83
234
166
2474
285
85
607
48
1279
26
283
221
77
9657
36
94
67
83
157
235
58
50
94
661
132
275
201
230
213
941
1112
213
86
48
199
165
1029
55
9040
41
103
75
103
633
188
839
179
4370
1945
714
237
53
485
109
181
585
48
455
111
383
98
197
79
159
43
181
96
62
101
178
86
165
48
534
136
50
56
150
102
182
95
120
2197
103
629
1397
126
975
25
46
56
149
429
64
110
124
869
1146
74
363
110
3570
135
319
19
141
216
146
61
559
24
74
374
84
31
84
24
466
379
72
132
349
54
491
319
189
223
243
41
113
882
512
159
77
99
330
58
614
32
676
78
138
9
248
626
974
177
1086
204
79
22
243
107
31
168
1772
2867
68
1108
1857
13
88
308
365
528
22
247
1503
210
432
1127
150
289
52
209
332
79
274
287
1624
8054
17
53
29
676
260
242
170
101
1266
100
873
91
121
83
133
1775
81
116
39
60
1558
170
956
31
268
48
1240
72
1016
75
912
175
624
95
51
231
170
202
50
417
45
36
329
16
1069
79
25
34
135
96
160
9567
81
1284
108
134
690
20
74
399
191
1049
85
614
102
177
52
379
766
38
18
285
88
29
43
109
236
168
75
90
133
21
2288
54
75
106
70
681
341
177
78
188
1173
74
439
126
23
637
13
11
25
322
29
108
92
148
50
293
111
1082
19
383
4913
70
30
152
2941
125
1084
101
1055
100
321
12662
137
323
6907
146
54
110
315
56
87
1483
211
6691
104
825
164
33
857
30
10
736
162
29
417
1208
36
171
42
140
447
31
105
1311
239
339
218
587
1292
526
106
788
39
13
605
45
109
75
63
1660
316
126
21
47
110
185
57
55
380
406
53
809
146
380
145
159
576
742
108
39
4308
31
130
173
196
1001
626
42
1637
1141
63
538
331
26
19
72
339
132
540
174
49
144
778
62
69
47
39
57
76
149
46
204
83
420
103
85
64
16
436
603
192
183
46
170
134
536
138
1658
60
194
168
29022
46
32
1381
55
77
544
24
51
87
58
618
1364
104
219
118
166
596
33
25
22
243
369
170
76
183
271
522
746
33
199
140
99
84
35
114
32
151
36
34
36
520
39
1181
795
112
247
155
172
418
501
243
177
252
52
159
183
5
37
37
108
61
470
163
115
64
47
25
12
56
102
91
4126
105
11
469
69
126
229
787
21
49
1618
571
140
305
476
89
637
56
73
81
59
190
35
59
23
48
181
361
749
2492
305
594
97
2247
347
149
141
665
163
35
43
459
2804
443
42
443
68
188
89
147
27
12
44
149
126
89
2036
53
20
224
75
114
241
48
146
49
25
47
101
71
111
308
88
310
72
220
4035
301
1707
1094
51
271
298
255
145
672
160
175
12
35
404
137
130
44
533
324
8482
9
576
426
37
137
30
994
186
211
418
126
122
210
100
80
77
541
229
127
10
165
67
137
42
204
228
14
7046
356
1279
70
343
127
353
326
34
2457
71
50
319
357
3443
274
72
119
107
237
60
1886
33
294
102
30
8
207
29
106
369
26
83
64
1203
251
110
32
10
117
167
205
214
107
770
1249
63
113
340
377
49
235
2751
54
223
121
173
270
50
4558
83
400
499
223
249
1469
74
48
82
59
146
37
911
818
213
221
181
119
355
2207
70
71
205
42
510
38
69
67
345
243
24
48
902
48
24
65
246
43
974
94
63
21
2107
311
721
167
407
87
411
185
258
53
197
105
99
715
510
74
46
2036
448
92
81
107
138
63
26
1858
231
230
585
17
199
12
198
109
23
15
20
266
41
83
1787
125
1180
1604
17
101
150
244
192
29
23
284
80
12
42
42
65
11
2
68
332
35
31
40
19
2604
68
102
3
8
28
636
12
130
455
44
20
59
8
22
70
37
23
33
121
72
2
276
18
172
8
15
94
543
76
3156
330
22
34139
515
52
727
42
317
37
81
6
97
5
110
81
28
9
7
153
2
729
78
49
12
113
4
12
704
17
145
22
20
176
14
323
19
1040
21
3357
12
14
610
113
5
182
167
1617
1182
11
14
2192
15
17
261
12
1594
0
20
21
26
31
13
14
11
93
17
8
51
63
20
4
49
25
140
736
21
278
169
198
70
43
133
24
71
424
14
8280
6
34
303
27
63
24
35
18
100
15
466
755
3739
15
13
11
1695
33
27
28
35
923
122
322
23
12
15
623
60
3
35
242
44
1
80
30
129
79
31
52
305
56
94
80
7
201
57
2250
55
125
182
77
123
98
384
170
21
71
35
56
61
726
938
101
34
59
36
126
29
20
62
61
70
45
3
57
9
19
17
1962
17
1039
19
67
66
1904
87
135
11
192
690
19
95
220
31
389
290
79
298
6
5
17
33
0
30
599
49
30
23
105
30
31
63
16
727
177
37
42
22
10
52
106
20
110
6
19
3
55
66
48
47
15
28
27
735
3
28
66
78
4
58
33
12
52
3
13
89
49
26
35
153
48
13
54
0
132
50
88
9
273
21
5
81
25
81
7
22
24
35
63
57
2
34
102
507
7
3
44
299
44
15
32
93
15
13
79
10
62
406
24
361
30
52
634
8
260
3
1179
13
159
35
408
17
22
4
68
5
19
18
107
155
82
44
5306
2
43
1723
41
39
64
8
55
10
81
7
33
54
326
92
131
222
12
139
31
6
824
462
1406
82
50
38
2
24
11
172
210
12
41
30
408
7
211
57
866
179
124
480
26
194
17
79
130
7
326
132
4
507
591
40
122
92
270
16
601
1846
6
47
26
60
5
33
274
10
31
34
21
10
13
88
63
11
3198
252
35
1
22
43
71
64
726
11
19
10
168
12
14
15
70
143
990
75
230
39
14
9
32
544
20
6
74
16
112
61
59
27
45
16
1071
391
9
12
1062
75
8
5
361
506
123
20
10
249
52
58
32
431
2306
16
6
421
120
400
2
31
4
857
103
43
79
61
61
73
6
351
134
93
904
32
14
489
44
30
4
50
1825
5
7
1886
325
693
527
46
61
278
67
1241
17
342
204
740
84
48
27
28
38
30
114
9
107
180
94
86
2163
40
22
86
70
118
6
90
412
26
55
29
10
236
6
153
28
737
79
43
24
2127
34
406
196
28
578
6
32
7
11
28
96
120
26
101
36
589
23
176
256
16
1289
231
10
0
89
12
47
175
52
32
84
211
42
5
99
39
30
147
101
6
35
247
16
865
3
51
165
56
350
27
17
22
67
56
7
15
62
37554
6
946
9
616
23
12
46
22
13
1
1428
719
129
55
58
25
1673
760
24
84
949
22
8
53
27
17
7
289
129
7
72
46
339
24
164
31
112
4
535
42
10
76
6
68
8
710
4
253
4
43
78
491
13
6
354
117
555
49
11
5
30
31
17
5
2
31
53
221
172
49
7
26
92
60
189
192
8
27
226
79
929
1743
15
174
8
65
1139
41
801
112
68
192
23
21
140
19
241
26
14
46
67
10
1121
25
6
18
2
41
96
1771
19
112
182
37
68
21
189
213
62
177
94
7
92
110
62
72
35
55
354
52
31
333
17
35
147
668
138
14
78
38
741
56
20
40
22
125
14
30
138
6
48
22
90
246
9
0
230
16
219
74
240
14
48
43
151
81
6
27
117
689
3149
18
297
100
3730
28
13
14
22
75
24
51
712
12
82
50
10
186
88
14
893
6
27
8
17
25
731
6
104
11
11
55
14
49
18
4
12
15
33
107
69
306
22
133
11929
265
3
5
623
29
376
298
3
380
91
37
79
545
3374
10
19
19
61
21
119
124
27
2318
2855
141
81
235
43
120
12
12
36
11
6
84
30
468
22
104
2638
48
8
69
7
114
16
5
113
80
1028
184
1101
142
4
33
820
44
78
5
9
114
12
70
89
11
153
1143
103
2
628
16
246
46
93
46
115
2
271
41
256
326
7
185
1123
15
323
1
58
18
162
69
17
9
14
6
232
72
19
32
1202
3
73
17
33
367
34
9
118
56
190
594
28
18
948
778
16
63
32
11
106
35
31
979
64
27
13
24
23
143
5
33
98
10
183
97
87
422
8
715
26
10
32
189
49
40
74
353
12
456
2
21
87
9
2
35
31
93
41
4
8
28
36
117
89
14
41
1
739
73
67
87
11
21
27
4
142
4048
7
31
70
8
58
30
124
1078
57
4
253
29
43
12
102
192
780
619
91
6
10
9
19
51
93
153
38
64
1276
136
166
84
8
106
104
503
7
62
46
33
70
35
102
509
89
57
94
14
126
0
58
29
91
8
272
14
68
15
57
11
3
43
34
15
85
6
129
97
90
3
60
76
9
8
32
25
8
56
1313
17
52
84
133
22
33
310
2
103
11
30
42
64
6
51
81
66
58
37
39
313
11
3
154
158
12
93
10
2
212
34
16
30
313
400
17
3
18
21
46
44
128
86
66
932
278
43
25
54
2
73
147
57
7
3
870
11
100
27
31
41
1591
31
26
62
55
34
209
1377
29
3327
151
27
10
39
888
206
44
133
46
55
51
89
95
451
106
39
36
2
31
441
48
712
473
25
78
13
13
8
983
49
336
61
69
115
6
74
2
29
42
294
110
5
16
53
60
4054
253
7429
20
42
67
107
51
32
10
300
16
8
40
243
333
68
8
363
10
33
150
9
4
20
19
65
30
277
12
69
20
37
43
11
95
48
28
31
2484
220
16
476
581
27
34
503
12
126
28
46
21
51
33
303
12
38
229
18
4
98
37
72
1646
10
8
251
71
92
67
189
30
41
10
515
13
143
37
1812
342
13
493
224
54
255
18
7
171
86
5
11
274
4
7
1411
12
4
4
1
23
8
43
171
4
19
13
795
4
13
17
68
48
173
76
17
53
2967
44
1
139
198
17
2749
45
201
23
16
167
79
13
5
12
317
64
47
79
3
17
49
2
7
22
6340
121
41
101
123
37
161
44
205
7
4
63
7991
39
83
3
57
354
210
5
76
61
295
17
3723
4
18
8
48
4
166
10
4
121
19
19
1
7
441
41
118
31
16
18
44
5
462
565
35
18
47
189
693
43
10
8
101
28
15
54
20
29
21
18
168
16
9
86
380
39
31
15
35
142
110
5
242
156
6
175
84
95
737
11
38
360
5
43
57
68
61
19
68
47
13
59
13
20
45
11
31
26
51
101
35
12
28
20
206
38
887
59
73
268
47
13
42
11
16
132
30
43
500
100
7
175
7
5
4
3
20
39
3191
35
18
470
56
33
92
15
17
5
346
9
476
114
28
145
71
8
38
364
34
85
4
316
123
34
2
115
7
29
754
5
41
22
238
43
57
15
387
13
33
23
10
24
201
520
11
187
4
14
16
24
16
294
61
794
8
79
2
124
960
10
345
82
32
81
30
13
53
126
31
542
76
60
232
41
123
70
160
14
5
46
21
3
9
2
15
3862
10
34
15
103
19
6
50
12
24
60
123
110
90
4
515
79
116
42
1125
44
475
87
125
41
2
160
54
63
613
168
17
52
12
21
66
451
17
54
20
2
37
1931
101
39
85
47
103
80
1307
19
7
1935
66
49
187
10821
72
100
19
82
559
23
618
70
115
18
38
499
250
11
15
30
20
28
49
138
246
581
18
3
151
11
26
54
8755
139
210
154
534
23
71
6
5
81
10
21
128
47
53
62
26
32
17
4
1066
309
320
308
4
32
20
95
35
127
25
13
25
95
11
4
170
47
88
415
49
572
108
31
889
3579
193
5
31
1691
47
8
42
827
19
488
21
41
25
26
66
8
16
39
312
11
14
2463
30
7
1254
23
19
157
27
12
8
1351
62
250
74
26
32
2
70
71
176
24
98
16
69
14
165
47047
259
114
50
6
4
12
23
29
17
39
53
1096
330
27
3810
7
2787
77
13
479
37
173
54
83
90
50
19
10
9
779
37
20
209
28
1
31
12
214
63
53
49
307
103
8
9
63
92
1173
17
339
33
6
23
72
4
1994
88
19
37
10
62
222
89
8
8
13
124
23
122
24
76
96
16
41
75
29
109
150
948
40
6
4
6
87
6
19
19
43
601
325
23
314
248
9
13
63
32
58
68
63
133
28
15
37
36
51
32
72
2992
12
19
7
1335
43
23
36
28
88
521
34
5
107
160
18
18
138
309
23
66
39
9
170
245
18
124
57
100
13
383
20
41
240
21
14
163
4
336
328
48
37
141
2466
5
5
109
21
52
106
6
32
85
44
43
138
860
379
41
11
230
87
14
52
88
33
20
4
73
48
24
33
44
215
13
43
69
64
536
305
28
159
35
37
381
179
26
0
33
259
17
1106
30
62
8
65
3
19
55
42
75
510
24
109
4
892
126
31
124
10
848
2825
1506
29
65
28
2138
18
18
19
337
16
16
1941
29
23
41
13
41
17
35
159
163
1605
294
107
123
19
22
413
5
12
67
59
67
54
24
65
81
92
37
7
438
518
2040
75
9
3
53
179
38
205
2285
44
9
6
22
17
75
7
225
65
10
282
59
1008
212
3
127
1569
21
6
103
19
9
32
104
116
9
33
158
40
157
406
22
5
2
205
54
5
16
2
9
2
75
1
0
21
7
92
21
26
16
2
238
53
4
13
31
1397
674
13
7
3028
562
0
48
1
4
0
0
3
4
325
8
4
1
11
9
15
146
61
104
1271
63
22
70
593
2
63
96
43
1
18
14
1
40
2
12
1
3
14
120
4
22
74
0
1
98
27
1
16
14
10
86
9
3
33
3
4
1
120
23
46
3
2
2
18
7
78
14
72
4
3
124
12
293
26
18
24
14
7
7
34
16
30
4
1
4
2
9
17
4
1
186
4250
556
36
2
193
8
39
12
4
0
41
5
3
15
1
21
24
86
253
23
20
1
340
9
26
10
61
10
0
37
1
1
2
11
20
4
12
0
2
1
25
38
7
78
2
276
3
11
6
1
7
9
2
145
46
1
9
3
0
95
0
0
9
108
3
18
5
133
0
39
0
1
294
899
25
1
14
23
9
5
47
8
12
0
9
6
5
120
11
44
76
1
24
1000
4
21
2
10
5
134
11
8
13
45
137
11
3
7
13
29
116
120
644
240
5
23
7353
12
2
2
553
733
9
68
4
11
1
9
172
13
17
2
61
25
1678
1
728
1
0
14
590
903
4
53
8
15
56
48
1
20
4
0
0
42
1
1
0
0
5020
0
27
2
25
23
5
22
1
4
5
83
32
3
12
11
1
1
71
0
40
12
105
59
361
11
11
15
4
78
119
2430
1
4
2
81
37
5
4
114
10
5
4
8
2715
58
31
84
10
9
0
499
227
2
6
13
3
3
42
6
11
83
9
4
44
6
4
15
73
865
4
0
8
21
40
1884
1
10
21
133
246
5
10
31
3
1
16
38
13
3
1
5
3
13
13
21
24
65
4
263
46
9
1
737
7
0
56
8
2
4
70
83
16
3
5
2
19
5
4
105
4681
29
1
10
35
2231
36
123
2
31
894
1
15
71
1132
167
12
109
30
0
16
6
2
1
1
98
1
109
23
1
21
3
26
3
3
14
1340
0
10
16
4
11
4
203
64
393
171
1
182
6
62
9
51
117
0
16
1114
24
235
224
21
66
22
2
2
31
0
18
42
55
32
64
1
12646
7
3
4
63
1
11
8
13
16
4
1
9
43
38
68
8
9
727
3
33
51
2878
3
3
7
730
5
14
3
5
24
224
33
2
5
1
1
5
5
1030
6
1
1
1
25
1
29
0
395
1
8
42
0
19
74
114
17
2
4
273
4
10
5323
6
30
5
9
19
8
82
28
8
18
24
8
9
183
4
13
0
8
1
30
10
83
18
21
37
1
87
6
42
10
214
19
3
2
23
22
39
1
21
3
45
109
6
5
10
4
18
2
11
41
51
9
14
8
49
74
117
11
56
10
4
3
21
1
145
54
1
2
9
78
129
0
4
81
129
26
7
5
4
13
3
1
11
13
15
13
30
302
31
32
123
13
18
11
0
12
70
31
8
2939
11
7
173
5
19
5
0
7
8
1249
191
2
113
5
6
0
22
10
3
179
0
36
11
4181
239
21
70
7
18
38
1
4
19
4
17
66
5
57
1
1
14
18
7
54
42
34
349
0
0
52
6
2
9
4
3
2
5
5
98
74
19
0
21
40
96
7
16
427
439
32
1
17
46
70
11
136
363
3
180
20
7
1
10
3
2
26
0
317
1384
56
27
1
3
1
4
4
0
1
10672
4
16
6
725
25
45
17
4
31
1
11
48
16
90
0
1
273
2266
100
9
10
17
1
2
6
55
5
13
104
7
6
4
6
0
19
1
9
23
6
29
0
58
0
44
16
4
2
5
14
3
34
13
18
115
8
971
4
120
288
5
20
18
30
5
13
16
435
3
1
76
8
233
19
1543
31
24
7
22
942
1447
13
12
15
48
35
1
85
59
444
2
9
1
48
10
18
15
49
2
4
6
518
6
13
11
51
24
10
5
0
15
29
2
9
3
3
109
7
31
0
1
297
18
53
6
16
20
19
5
31
0
92
16
29
76
37
122
613
4
1
127
58
7
7
23
24
16
182
6
1
6
786
9
53
19
14
182
2
723
53
2
6
1
3
792
11
15
1
35
0
1
26
2
3
33
0
15
15
19
45
30
8
2384
46
1
16
6
48
54
12
15
154
103
2
45
3912
59
369
6
10
1512
20
12
753
48
5
138
1
35
4
34
1
160
1
1
6
33
4
57
36
0
11
0
33
4
2
60
1
5
3
2
2460
133
1
10
24
24
23
51
10
26
8
216
30
1
834
37
7
4
5
280
3
14
24
3
4
138
11
5
22
2
0
208
28
8
0
17
356
17
9
11
35
16
45
9
12
5
8
45
107
21
88
4
24
7
11
1
9
66
16
1
1
11
2
1
12
2
140
89
562
4
36
7
20
0
10
9
5
4
31
3
19
2130
15
2
100
41
3
32
244
0
8
150
1
9
1
18
6
7
0
5
20
11
140
14
17
22
1
4
26
14
1
25
446
6
1
9
3
1
6
77
3
4
14
9
6
7
1111
5
5
0
20
423
38
367
4
229
17
9
381
968
10
72
12
2
8
57
30
21
48
1
5
20018
4
52
2
470
838
207
7
37
1
15
6
25
23
137
100
2
20
3
5
62
2
1
8
55
440
42
19
7
45
659
2
5
9
17
7
29
37
6
8
3
3
557
5
20
10
2
45
3
2
231
7
2
44
1
217
6
322
6
12
4
32
4
14
30
0
11
20
1
3
4
1
3
1683
15
13
1
1
84
21
14
2543
46
15
0
704
6
47
0
117
15
3
2
74
33
1603
2
3
72
349
20
15
315
6
18
10
14
28
5
2
0
10
145
16
2
18
5
3
4
725
4
0
2
14
188
27
42
1
2
22
205
11
6
25
6
4
9
34
9
17
1
6
6
8
3654
36
2
4
51
4
12
6
9
5
5
7
147
35
9
15
118
8
14
1
9
2
2
39
2
26
2
11
14
23
77
85
7
118
9
14
16
19
1
3
5
73
6
8
47
1166
72
4
187
648
18
17
41
75
5
17
38
3
5
33
6
1
3
9
52
15
17
86
493
4
1329
40
148
124
22
10
15
1628
2189
9
1
101
78
1
15697
91
2
233
24
6
577
240
2
5
5
111
6
71
43
2240
133
14
9
2
201
17
21
41
347
895
8
0
11
4
187
13
8
1468
159
2
15
1
13
637
3
14
4
22
2
0
2
33
1
2
2
6
11
2
1
14
15
7
12
33
11
30
156
498
48
8
18
85
0
32
37
87
28
2
4
0
42
57
230
52
7
3
38
14
56
119
6
2
4
1
7
44
2
17
340
2
1
9
7
38
0
17
346
0
28
10
10
1
2
2
12
10
6
2
638
6
222
69
6
27
6
1
10
4
3
19
304
19
14
1
2
5
0
15
14
4
11
240
14
68
31
5
1
3
1
0
3
12
30
11
12
36
514
19
3
26
1
12
28
5
4
9
26
4
480
2
96
10
46
3
8
7
5
2
394
0
11
255
3
258
28
4
3
33
6
2
1
64
1149
14
0
13
11
8
5
14
1
54
1
24
10
75
9
1
25
102
6
7
3
9
2
8
5
2
4
44
3
1790
143
16
57
7
16
0
206
356
0
5
16
35
16
6
6
12
1138
595
5
176
46
12
1
14
0
3
1
6
7
2
62
88
5
2
3
8
58
5
18
6
5
6
20
580
22
136
40
2
1
8
8
24
5
152
3
639
1
267
19
6
4
86
7
4
0
51
546
41
22
10
1225
6
0
5
1075
4
2
599
61
4
26
8
0
60
16
3
47
11
9
99
5
9
64
2
33
65
13
15
1
13
11
3
279
5
2
5
167
2
28
198
7
1
1
31
22
15
41
33
2480
28
38
0
1
1
27
1
9
14
13
15
33
3
73
34
11
12
6
59
17
0
7
25
105
59
7
51
0
63
536
0
38
29
8
26
85
14
284
2
3
5
70
9
185
8
153
4
0
22
2
24
154
7
63
2
0
554
21
284
1
20
5
2
32
12
29
15
4
2
15
35
35
14
17
16
17
4
6
7
25
24
0
1
2
12
15
16
69
22
2
22
10
28
0
1
29
6
4
30
22
2
16
1
3
0
126
0
4806
29
10
99
18
3
10
17
36
35
3
2
6
5
3
10
17
9
1
8
18
9
0
1
10
25
1024
4
571
25
2
9
1
17
77
6
3
3
553
440
185
3
34
35
0
24
154
13
7
68
5
23
6
107
24
3
7
3
2844
18
26
6
11
2
4
66
56
7
0
2
5
0
7
293
8
40
48
8
46
42
15
10
41
1
32
136
25
8
0
717
145
31
6
933
86
11
3
0
0
0
9
1
4
37
3
3
17
94
5
15
1032
21
19
5
4
10
13
11
220
9
15
37
7
16
2
5
132
3
3
10
2
40
19
49
1
33
6
6
58
28
13
23
895
205
348
1
80
0
48
34
3
16
19
17
7
200
11
3866
10
30
30
10
26
93
1
316
48
5
23
15
1885
31
83
24
13
6
21
10
26
2
35
34
20
6
15
23
14
858
8
0
2
57
38
66
5
134
79
125
118
2
968
45
148
0
29
10
3
1
79
345
1
12
15
23
23
6
750
30
10
4
3
91
2
3
18
37
11
7
8
17
739
1
49
6
40
3
10
15
81
9
41
10
117
1
1
0
210
5
1257
49
112
154
9
2
1
10
45808
4
19
11
1
6
4
15
45
1
64
1
55
6
1
0
0
3
235
1
1
0
5
9
1
29
2
22
75
23
52
2
0
6
1
35
12
0
13
0
4
11
0
5
1
2
17
0
0
4
1
4
168
4
0
8
22
0
0
85
2
310
3
51
7
55
114
3
2
44
21
2
0
58
5
0
6
3
5
3
2
3
4
0
2
8
46
116
10
26
0
0
47
25
0
16
11
55
64
16
59
2
13
0
5
2
0
0
1
4
29
19
30
1
0
7
8
0
6
1
4
6
5
8
0
8
7
95
4
0
201
0
0
11
0
6
110
3
0
0
35
0
5
0
0
0
4
2
10
109
81
211
1
2
1
238
8
11
19
4
1506
8
1
1
0
6
1
4
1
63
4
0
0
0
1
0
0
3
3
6
376
1
7
2
2
8
234
16
63
29
6
1
11
9
330
11
0
0
3
0
1
0
12
17
1
4
410
2
35
4
286
4
1
0
10
2
167
0
2
0
0
0
52
0
2
0
151
6
4
0
20
0
5
71
26
0
3
11
14
1
0
0
0
46
1
7
9
68
5
3
0
2
4
0
69
3
2
1
112
303
0
0
3
1
0
1
0
5
10
2
0
10
0
42
0
10
6
0
8
27
3
0
11
3
1
4
11
5
9
5
4
0
70
2
82
3
4
1
0
1
8
0
18
7
0
1
0
9
2
21
212
1
12
337
1
1
11
3
12
2
40
1
0
5
22
90
8
1
1
10
1
0
25
0
0
2
4
33
16
13
0
61
1777
112
1
1
0
12
7
8
16
26
2
6
2
5
63
11
0
16
20
1
28
7
1
0
60
1
0
104
20
2
0
9
41
0
3
2
12
14
3
0
0
859
211
0
0
0
0
1
2
3
4
1
14
2
55
36
0
0
8
246
10
1
2
4
0
0
9
1
11
13
1
7
0
6
0
17
26
16
50
79
25
1
6
18
14
60
16
26
1
1
0
3
0
16
2
0
6
0
6
168
3
3
27
35
2
0
4
11
18
3
279
0
11500
25
24
16
33
5
1
0
0
17
578
26
19
1
9
0
134
1
6
1
2
0
0
924
6
2
154
22
0
3
27
2
3
98
1
10
2
21
1758
1
2
0
133
2
1
3
5
0
34
83
22
1
4
682
935
0
3
1
2
69
0
8
0
51
905
6
15
2
7
14
3
0
2
33
5
0
0
12
4
0
1
9
9
1
0
176
4
43
1
1
65
100
12
11
9
1
11
59
19
10
1
19
32
24
69
0
20
3
1
6
5
0
68
1
6
7
22
120
2
0
5
242
0
2530
1
6
4
0
2
0
0
0
37
9
2
3
1
0
4
0
9
0
17
54
41
1
212
11
6
0
1
1
140
2
3
1
12
29
27
11
190
33
19
11
3
11
0
0
14
5
0
4
3
3
15
1
3
9
5
11
9
3
1
1
27
13
4
35
10
8
0
119
2
47
1
1
0
6
12
10
74
1
29
23
2
1
6
2
107
25
38
1
1
78
2273
489
4
1
21
12
17
1
29
1
8
8
7
8
4
0
1
240
0
1
7
16
0
8
30
0
15
1
0
34
0
0
0
7
4
0
175
135
9
1
20
4
4
2
6
0
25
0
787
0
0
674
0
810
14
45
4
0
4
32
59
2
104
97
0
41
5
1
1
34
2
1
1
97
12
1
1
0
3
0
0
0
5
4
21
3
75
27
181
10
12
2
0
20
2
3
1
4
38
1
0
51
1
3
238
0
2
9
6
36
1
1
0
4
23
4
1
32
4
0
2
2
45
5
22
7
3
17
9
1
3
3
5
0
812
0
0
3
1
42
145
0
2
4
1
14
0
654
7
49
0
1
6
4
1
1
0
9
182
14
2
11
1
1
9
1
2
1
3
44
1322
2
64
17
0
10
3
1
50
5
8
5
1
0
23
7
1
1
0
9
3
187
15
184
1
0
0
13
0
26
58
59
199
6
29
211
13
2
10
1
1
10
7
0
2
11
0
10
2
65
3
22
1
6
0
4
7
0
4
124
0
0
29
1
1
1
0
2
0
1
1
505
1
18
10
0
1
8
1
58
1
4
1
427
4
6
0
0
7
4
0
1
2
2
1
14
23
122
0
116
3
54
8
320
1188
246
21
2
0
13
4
19
2
32
48
35
134
0
17
0
0
7
2
1
1
36
4
0
4
22
0
10
17
7
26
0
1
0
102
5
42
7
0
8
10
104
3
0
0
58
241
0
3
13
29
0
23
1
0
2
4
0
1
119
0
1
5
1
0
0
10
22
48
6
2
5
1
1
3
0
1
57
2
32
12
30
10
8
0
0
4
0
0
1
10
2
17
11
0
88
17
0
0
0
1
11
0
219
0
40
16
657
0
0
0
9
210
0
1
8
22
17
0
308
4
3
11
35
1
103
0
8
1
2
0
1
3
0
5
39
1
5
6
0
0
25
4
0
49
0
0
88
1475
21
113
218
0
0
9
1
5
0
13
9
1
63
0
23
3
1
0
9
2
0
0
1
49
1
1
3
2
55
84
13
2
1106
5
1
0
0
10
2
16
4
4
4
36
10
3
24
47
34
0
7
122
0
48
0
28
7
2
1
1
6
0
10
0
1
1
0
31
0
88
3
36
1
0
0
4
0
6
2
327
38
45
1
6
2
1
8
244
9
9
1
1
6
2
13
0
1
77
3
1
1
1
8
0
70
2
15
1
1015
10
7
68
52
2
1
1
1
0
29
2
486
50
0
167
1
1779
1
7
18
7
69
6
85
0
29
4
0
21
17
4
1
12
0
0
4
6
5
50
2
15
33
0
5
0
0
5
24
0
1
0
50
15
1
10
58
0
1
0
1
5
1
23
1
2
0
4
0
3
44
7
1
0
0
5683
1
33
10
4
2
1
54
8
1
5
11
0
3
3
0
1
7
4
0
2
6
0
4
8
5
23
4
197
4
0
0
0
3
85
2
0
0
15
42
2
1
4
0
50
2
1
553
60
0
0
14
4
4
5
1
2
10
57
1299
5
0
11
0
40
64
5
299
0
7
0
36
1
0
3
30
276
39
301
1
1
21
17
99
17
9
6
2
0
0
18
0
786
33
1
1
0
2
684
56
9
0
0
855
10
0
0
22
1
1
0
0
0
146
38
0
133
1
0
2
1
0
5
1
0
4
49
0
8
37
3
0
0
1
34
3
0
1
4
2
0
7
1
0
5
0
1
4
34
0
5
11
0
3
7
3
0
2
13
2
0
2
3
1
0
16
1
1
18
0
40
5
13
11
2
0
358
4
2
0
5
1
87
2
42
47
6
29
2
1
1
0
0
16
2
13
4
384
1
1
1
0
18
23
0
0
5
4
1374
2
8
6
13
3
0
119
0
12
7
84
10
0
2
1
31
2
0
1
15
2
1
0
3541
6
1
0
648
1
17
540
15
267
11
58
1
196
2
39
5
36
2
3
9
13611
1
11
26
3
0
0
18
11
88
1
15
26
0
0
113
0
68
6
19
0
66
0
28
0
1
3
1
61
10
1
8
0
0
38
0
0
0
10
14
539
1
0
0
39
1
64
1
71
0
2
0
4
1
49
1
26
187
5
0
1
3
20
54
1
0
0
20
8
18
1
1
8
0
1
5
0
166
102
2
0
1
1
24
1
0
2
0
3
18
1
0
2
1
0
5
1
1
4
6
14
4
0
3
0
6
3
193
12
1
6
0
6
0
8
11
0
11
0
41
929
32
0
5
5
43
3
570
7
0
87
40
3
0
0
65
4
0
83
117
8
7
5
2
1
3
75
1
6
6
13
5
0
40
16
84
0
4
9
9
3
1
2
42
0
22
0
2
8
8
5
0
0
185
169
0
27
0
1076
107
4
29
8
0
1
0
3
6
14
2
2
1
169
0
1
7
1
1
5
95
0
0
20
14
5
2
0
3
6
0
8004
0
3
15
5
0
42
13
11
37
1
4
4
59
2
2
0
7
5
24
1
2
23
28
16
22
0
1
8
36
18
19
3
0
8
1
0
0
12
17
0
1
2
722
5
9
6
0
10
24
1
0
86
155
368
37
2
42
2
8
16
0
68
6
14
1
0
4
4
2
1
1
23
0
1301
0
6
0
183
0
0
3
20
5
6
0
13
0
0
77
1
159
113
13
8
0
14
310
1141
17
9
3
381
19
2
9
7
244
6
1
0
0
2
14
0
6
1
11
7
1682
6
7
111
0
13
14
26
3
70
26
8
0
0
3
0
229
55
6
6
0
5
137
2
0
0
1
23
2
0
5
1
2
3
5
14
0
4
1
1
261
4
9
20
0
18
0
0
0
0
4
1
3
8
1
32
0
15
1
13
1
1
30
21
1
0
64
14
0
22
546
6
1
1522
7
0
0
8
1
2
1
1
0
0
10
4
1
4
1
58
1
2
54
3
4
2
105
2
5
6
0
0
2
3
7
1
59
7
9
1
3
0
0
0
0
10
186
0
1
2
552
16
60
515
1
77
1
0
13
6
3
0
156
1
310
15
3
0
20
0
23
5
5
11
0
0
12
8
47
20
1
1
6
10
1
1
5
4
21
14
2
5
7
4
176
0
1
1
6
0
2
57
1
0
44
15
15
0
2
0
0
3
12
14
48
33
2
9
1
69
1
21
1
1665
0
5
3
0
0
2
0
1
0
0
0
0
1
80
0
2
12
0
0
6
0
4
0
0
0
0
0
0
1
6
0
6
0
2
7
10
1
6
0
0
2
1
0
0
1
0
0
0
1211
1
4
0
2
150
1
11
1
0
0
3
0
4
0
442
1
0
3
7
0
0
0
1
0
63
70
0
0
1
0
0
0
2
0
2
6
1
0
0
2
0
1
2
0
0
0
0
5
4787
5
9
0
1
0
0
2
0
0
22
1588
0
59
1
68
0
0
0
0
0
1
7
90
1
168
0
0
81
6
2048
0
15
0
2
1
0
0
0
20
24
111
1
0
28
25
0
0
1
0
0
1
338
0
21
9
0
0
0
0
15
0
0
0
19
3
0
0
0
0
0
1
2
0
1
8
10
0
252
39
1
5
0
0
9
0
0
182
0
1
4
0
0
0
133
41
2
711
0
0
2
1
0
1
29
5
723
5
0
0
4
10
1
0
0
0
0
0
3
0
1
1
1
0
72
0
0
1
84
0
0
0
20
5
22
778
0
2
33
0
4
2
3
0
0
0
97
1
49
4
0
123
12
2
0
69
0
1
0
0
3
11
1
312
1
1
0
2
0
0
112
0
14
26
1
66
11
0
0
0
1
1
0
0
0
2
0
5
0
566
0
1
1
12
0
0
1
2
0
0
4
0
3
4
0
4
7
1
2
0
0
1
1
3
0
0
5
26
0
0
0
0
1
0
0
12
0
723
2
1
1
9
4
8
1
0
0
1
0
0
0
0
43
0
72
0
16
8
7
0
5
7
0
1
7
1
0
0
60
0
0
1
0
11
0
2
0
2
0
0
0
89
1
12
1
4
0
0
8
4
3
46
0
4
1
0
0
6
36
0
0
0
2
0
0
1
0
6
0
6
6
11
1
2
0
1
0
0
7
0
1
1
9
0
1
7
0
0
49
0
0
0
0
0
0
5
0
3654
1
20
1
0
2
6
0
0
0
85
0
0
249
3
0
76
2
1
1
0
68
0
18
0
0
92
262
6
0
11
33
0
3
63
2
0
0
0
28
1
27
73
0
0
29
5
1
0
0
0
1
1
0
0
0
41
2
4
9
1
0
0
0
0
19
0
0
4
0
0
0
17
2
5
0
0
0
9
24
0
10
0
2
1
0
0
0
3
1
2
0
0
0
44
9
0
1
2
1
0
3
1
479
1
0
4
6
0
1
0
1
26
0
1
0
49
0
0
4
0
0
0
0
0
16
0
1
2
1
8
355
0
11
168
30
0
5
3
1
0
0
118
1
4
0
0
2
15
1
0
0
0
3
1
1
0
0
20
492
4
17
10
0
0
0
0
7
19
0
0
0
2
0
0
0
6
0
0
0
0
0
0
0
0
0
79
41
0
157
0
0
0
0
0
0
0
1
5
18
1
0
0
29
0
0
5
1
14
26
0
0
19
0
0
0
12
0
0
0
0
4
3
0
0
15
1
1
5
2
0
0
22
1
26
1
5
0
0
0
11
0
1
8
0
1
0
5
21
2
0
37
0
0
128
1
79
1
1284
0
1
49
0
10
0
4
2
0
11
0
1
21
0
1
0
1
1
0
7
0
1
0
1
21
7
64
6
0
1
0
1
2
0
1
0
3
7
1
242
28
0
5
0
0
0
0
0
1
109
0
0
0
3
1
0
0
42
0
0
0
7
0
1
0
3
0
0
0
3
0
8
0
0
9
30
6
2
0
213
1
0
1
3
0
118
12
32
0
0
1
0
0
0
0
1314
1
0
5
0
0
0
4
0
10
1
1
9
10
29
27
1
4
60
0
2
1
0
14
1
2
0
0
166
2
21
0
0
2
1
0
10
1
0
1
8
0
0
0
1
1
186
26
1
73
5
3
2
0
14
35
0
0
20
4
0
0
13
0
1
0
0
1
0
5
0
0
323
0
0
1
1
0
0
1
7
0
9
0
723
0
0
0
1
0
5
1
0
0
13
3
0
95
0
1
3
0
1
0
0
0
4
3
0
0
7
0
0
1
0
1
1
0
5
17
1
14
1
2
11
0
26
0
40
0
0
0
5
1
0
0
0
2
0
0
0
0
0
0
0
0
20
3245
1
0
8
3
0
0
8
2
8
1
0
894
2
2
4
0
0
0
9
9
0
0
0
0
21
0
1
0
29
1
0
4
0
5
2
6
0
0
0
2
1
5
0
3
0
0
1
15
0
0
72
15
0
1
92
4
1
1
10
0
86
0
0
0
1
0
105
29
0
1
106
0
3
1
4
0
0
0
0
0
37
3
0
0
0
4
0
12
1
0
0
0
4
18
1
5
0
38
0
0
1
0
1
0
5
1
28
7
15
0
1
2
9
0
7
18
0
0
0
20
9
0
0
1
0
1
9
0
0
0
3
11
0
0
2
37
0
12
0
0
1
0
10
27
32
2
1
0
1
3
1
1
94
0
0
0
0
4
0
0
0
0
0
0
10
0
2
0
1
0
2
0
0
2
0
1
0
1
172
1
0
5
6
35
0
46
143
0
0
5
1
7
0
0
6
0
7
1
0
0
0
0
1
0
0
1
0
5
0
1
2
1
7
32
7
11
36
0
0
10
0
1
11
21
144
1
11
0
5
0
0
0
0
0
0
0
0
1
0
0
0
1
0
1
0
0
0
4
1
0
0
0
0
0
289
0
0
0
0
0
0
4
0
472
5
1
2
31
130
0
0
0
1
0
3
7
0
0
1
750
0
0
3
0
2
0
8
0
0
0
0
0
0
0
0
5
3
2
2
13
0
9
0
0
1
0
1
2
42
0
0
1
1
1
0
1
3
18
0
11
6
0
45
70
985
1150
1
2
16
0
0
7
0
0
1548
0
1
0
1
4
0
0
13
1
2
0
5
0
0
33
0
0
0
20
0
1
172
0
53
2
0
0
15
0
0
0
8
1
4
3
0
0
574
0
12
1
1
26
221
0
0
38
64
0
0
5
3
1
1
0
0
11
1
0
4
0
7
0
1
0
0
2
15
1441
1
40
1
29
157
0
1
1
0
0
5
35
1
0
0
33
7
251
0
1486
22
0
0
0
2
0
1
1
0
5
0
2
0
3
2
0
0
0
2
0
217
1
32
0
0
0
0
0
1
28
1
0
1
0
4
1
0
1
1
0
1
11
7
0
11
2
0
0
57
30
1
3
3
1
158
0
1
1
0
0
68
2
1
0
6
2
0
5
3
0
0
67
0
0
40
0
5
1
0
9
0
1
5
4
0
0
23
112
12
4
3
6
0
1
1
0
0
0
1
0
3
0
0
0
0
0
1
6
0
8
0
3
0
0
2
1
2
0
39
3
0
0
0
3
0
0
0
42
0
98
1
10
7
0
41
0
0
3
39
5
48
0
0
0
0
4
0
0
32
5
0
8
0
1
0
0
0
0
0
2
0
0
3
1
0
0
0
3
0
1
0
1
0
4
5
0
0
0
0
4
0
1
70
1
0
0
0
2
0
0
2
0
4
0
4
0
7
2
4
0
0
1
1
0
1
4776
0
0
19
0
1
0
0
0
0
0
5
2
5
2
0
7
0
1
1
0
0
7
1
10
6
0
2
0
20
2
9
1
0
2
136
0
0
0
5
32
0
0
13
1
2
0
0
1
1
4
121
1
17
0
0
0
0
0
0
0
1
2
0
56
3
0
1
0
5
4
3
5
0
6
1
10
1
1
6
4
1
7
16
0
1
4
4
17
25
0
2
0
29
0
6
4
6
0
5
0
0
8
0
59
1
0
1
0
0
1
170
0
0
1
0
0
0
1
0
0
7
5
1
0
0
0
0
28
0
44
0
0
3
3
5
33
1
11
0
0
7
0
0
1
0
33
0
13
1
8
7
63
0
8
0
0
0
27
2
0
0
0
0
46
15
0
336
18
0
4
2
0
0
0
0
34
32
0
29
0
0
27
0
0
11
40
0
0
0
0
70
0
1
0
0
0
0
1
7
0
1
2
0
2
1
1
0
0
0
3
24
0
0
3
12
1
0
15
0
0
0
323
1
0
1
0
163
1
4
4
0
1
0
39
8
26
1
1
7
2
0
1
0
2
0
2
1
2
0
0
0
0
0
0
4
5
0
871
13
1
6
0
0
7
1
1
4
0
11
0
10
0
0
36
0
0
1
0
0
0
4
0
0
5
0
0
1
1
6
0
0
0
23
0
1
0
1
0
3
2
9
3
5
0
0
11
0
0
1
0
0
3
0
0
1
2
0
0
12
1
13
724
2
0
0
0
3
12
7
0
1
12
3
0
37
1
0
1
37
14
0
2
0
5
5
0
38
0
0
0
0
0
1
0
62
0
1
2
14
0
22
2
2
0
55
69
0
0
2
0
5
0
1
0
0
2
29
0
0
0
0
0
0
0
35
0
0
1
0
28
1
0
53
0
39
2
5
0
0
0
0
0
0
0
0
4
0
1
6
0
0
0
1
6
0
0
0
12
0
0
35
0
0
0
11
2
1
4
85
0
1
0
0
0
4
7
0
61
1
3
0
1
1
0
0
0
0
6814
10
0
0
13
0
0
0
0
0
12
1
0
1
12
2
0
0
1
1
5
1
0
0
62
0
116
0
0
0
166
13
7
3
0
0
0
0
0
1476
0
0
2
0
0
0
0
0
2
1
0
13
0
0
0
0
0
0
0
0
2
1
2
0
1
0
1
0
4
0
1
0
2
5
4
0
8
46
4
0
0
7
0
0
3
0
0
0
4
0
1
1
6
18
0
4
2
0
0
1
0
0
11
7
0
0
0
0
2
0
5
0
1
1
1
0
7
2
0
39
0
17
1
27
0
0
0
4
3
0
1
0
0
0
16
0
0
4
0
5
1
1
0
0
1
0
2
1
1
0
724
2
0
0
0
0
1
1
6
1
38
3
42
0
2
8
41
0
25
1
0
0
0
1
0
22
0
0
0
6
0
0
11
15
1
12
0
1
27
4
0
0
4
0
1
0
0
0
0
0
1
10
2
5
0
0
1
0
0
1
59
12
0
0
4
1
1
27
15
1
0
0
0
0
1
17
0
5
0
4
1
0
0
1
0
365
1
0
0
1
0
0
0
3
1
1
22
0
0
3
0
134
1
1
0
15
1
0
0
19
0
7
0
0
0
0
61
0
0
0
0
0
0
4
61
0
0
0
1
0
0
0
4
3
51
1
117
0
2
0
1
1
101
1
0
2
0
0
0
0
2
16
0
0
40
0
0
0
0
0
18
0
11
0
2
0
0
0
0
0
4
8
90
0
0
3
19
27
2
84
14
4
6
0
0
7
10
0
0
1
0
54
0
0
0
0
7
6
37
3
0
1
0
0
54
22
8
8
14
0
5
0
1
6
0
0
0
0
3
1
0
0
0
1
0
1
5
0
16
0
40
0
39
0
0
0
0
0
55
3
1
27
0
0
129
4
0
13
13
14
33
87
0
0
32
18
2
0
0
0
1
0
0
1
17
0
1
0
0
0
0
3
0
0
2
6
1
55
68
2
1
0
2
0
0
1
3
0
20
9
3
0
16
0
7
0
0
0
1
2
8
0
0
0
13
4
0
1
52
4
4
5
0
1
0
5
29
0
0
46
1
4
0
1
23
7
193
0
19
0
0
0
0
0
3
0
2
0
1
4
0
3
0
6
3
0
5
1
86
0
3
0
0
0
0
10
0
3
0
0
3
0
68
7
2
245
0
19
44
1
27
12
1
2
0
0
0
0
0
0
50
2
11
1
0
0
1
0
0
7
21
0
0
1
6
0
3
0
0
0
0
0
1
0
5
0
4
4
0
244
0
1
0
1
2
0
0
0
0
17
1
5
755
3
1
0
5
1
10
0
1
0
1
210
64
1
32
0
2
0
1
0
1
160
0
0
1
11
0
0
1
1
9
36
0
0
3
9
0
0
276
0
0
0
19
0
1
437
0
0
0
0
29
92
0
0
15
0
0
0
5
101
14
3
4
1
0
11
0
203
1
0
0
5
0
67
8
0
0
0
17
3
4
0
12
1
1
0
0
1
0
0
1
0
288
0
0
0
5
0
5
0
0
1
4
8
27
36
0
0
3
0
0
9
22
0
59
0
0
1
0
6
1
0
25
0
0
6
8
20
4
3927
1
0
2
62
16
0
0
0
0
1
0
1
0
201
4
2
0
0
1
0
0
0
33
0
0
2
3
0
24
2
0
1
0
0
2
0
1
4
1
29
4
1
3
1
68
5
2
1
13
9
0
11
0
10
0
1
0
1
0
0
0
78
91
0
0
15
1
1
0
1
0
140
1
5
0
0
19
174
0
0
0
0
7
0
1
6
0
0
6
4
0
1
0
18
2016
2
29
2
1
25
0
0
0
1
15
23
1
0
1
0
0
160
0
0
0
0
340
4
201
0
533
1
0
2
97
0
0
0
0
1
0
0
0
0
0
11
34
0
77
5
2
1
0
0
1
0
3
3
0
2
1
0
0
0
0
2
4
5
305
0
1
0
14
7
2
8
0
0
0
2
4986
0
5
0
49
21
1
0
43
2180
13
13
3
0
32
0
3
6
5
1
0
5
0
9530
11
5
0
2
10
1
0
0
24
0
1
1
0
0
0
0
0
1
0
0
5
0
6
0
0
541
0
0
0
1
42
5
0
0
1
0
0
0
125
0
0
1
0
0
0
0
66
1
0
0
5
374
7
0
0
0
15
0
5
2
1
0
1
0
0
4
2
14
0
0
65
5
3
0
0
0
3
15
0
0
1
8
0
0
1
1
1
0
0
1
1
6
1
0
49
565
0
0
1
7
71
0
1
1
2
1
4
0
0
0
0
2
0
0
12
0
0
0
0
5
12
6
1
0
41
12
789
10
11
2
0
0
1
178
0
2
1
391
4
1
9
0
1
63
0
1
0
0
18
1
8
0
75
5
3
2
0
0
0
15
1
3
8
0
0
1
0
1
0
81
1
1
1
0
8
15
1
2
1
9
0
1
6
1
0
0
0
12
10
0
0
11
0
0
296
0
1
0
2
14
0
1
4
0
0
18
3
32
5
25
0
0
2
0
0
0
0
0
1
2
2
5
0
0
1
17
2
0
0
25
0
1
0
4
0
0
8
0
0
4
1
244
0
0
1
723
1
2
7
2
0
19
9
0
0
0
0
0
0
1
0
0
4
18
0
0
131
0
42
0
0
8
148
0
44
1
4
0
5
0
1
610
12
10
0
0
57
15
1
0
0
0
1
0
5
7
0
2
1
6
2
0
0
1
5
5
5
25
0
2
8
236
0
0
15
0
0
0
1
36
1
4
1194
0
1
0
0
2
0
0
2
0
0
1
0
1
0
0
5
0
0
0
0
4
0
0
14
0
40
0
0
12
0
0
1
2
25
0
0
34
5
8
0
4703
1
9
65
0
0
0
3
0
0
0
0
8
3
0
0
0
0
0
18
0
1
0
1
1
1
1
0
0
0
0
0
1
5
1
18
6
4
0
121
0
1
0
3
0
49
31
28
3
0
0
0
64
0
2
6
0
1
11
1
6
0
0
5
224
0
3
1
1
0
3
132
0
0
5
0
0
1
0
0
9
99
38
1
4
0
0
0
0
0
0
1
21
0
288
0
26
2
0
0
0
0
0
1
0
0
1
0
0
42
26
1
1
0
0
66
1
0
33
5
0
0
2
11
2
1
0
0
2
1
0
0
2
3
0
22
1
4
0
2
0
0
2
5
43
0
0
1
0
15
0
1
0
14
4
3
0
23
1
0
0
4
0
0
0
8
0
1
0
1
0
5
0
4
5
0
3
143
1
0
5
3
37
0
0
2
0
0
1
0
0
1
4
53
0
68
1
7
0
5
0
1
0
0
1
0
1
1
0
19
6
5
0
1
1
0
0
0
0
9
0
1
21
2
0
0
1
0
1
0
0
0
36
0
1
0
0
5
11
4
2
3
0
3
0
0
1
1
2
1
0
0
0
25
0
0
0
14
6
17
0
6
0
6
0
25
1
0
1
14
1
0
1
2
0
4
0
0
6
0
0
3
2
0
0
6
0
0
0
1
6
0
1
1
0
1
0
2
5
0
1
4
0
0
0
0
1
0
12
5
0
4
0
5
0
2
2
115
1
2
1
0
4
4
3
3369
7
0
0
3
0
66
1
1
16
2
2
0
1
0
0
2
0
0
7
0
1
5
72
0
17
2
2
1
0
0
3
0
9
0
19
2
4
1
0
1
0
24
1
10
0
4
41
0
1
0
0
0
0
10
1
0
0
29
0
2
5
2
0
0
1
0
1
1
0
0
8
0
0
2
13
1
0
0
12
1
1
0
0
1
0
0
11
8
0
1
0
1
0
0
2
15
35
0
1
11
8
1
41
1
0
5
1
6
0
1
1
8
0
0
0
2
7
9
0
34
26
0
0
4
0
2
1
56
0
0
0
0
0
0
0
3
0
0
0
0
0
0
1
2
0
1
0
1
1
0
0
1
1
24
3
4
2
0
1
722
1
5
4
1
14
3
0
326
0
8
13
0
1
1
0
0
0
0
1
14
1
1
1
19
0
0
1
1
6
3
1
0
2
0
0
23
1
5789
0
0
2
0
2
0
20
0
0
8
5
1
13
1
0
0
0
1
0
0
1
0
0
0
22
0
4
1
0
1
20
1
0
2
1
28
0
1
19
2
0
11
1
1
3
0
2
6
6
1
1
362
0
15
1
1
65
0
9
0
0
1
0
0
3
0
10
5
0
4
11
0
0
0
0
40
0
0
10
0
0
7
43
0
0
0
28
0
0
6
0
17
5
0
0
1442
3
0
0
3
60
0
280
42
13
0
2
3
23
1
0
6
11
16
8
0
0
3
1
0
0
0
5
616
0
0
0
2
0
1
1
0
0
3
0
0
0
23
0
0
0
8
0
11
6
2
0
10
19
35
0
1
6
0
0
6
0
0
0
2
0
14
0
1
1
0
0
0
1
1
3
1
7
1
0
2
0
10
0
8
0
0
42
18
0
7
0
0
98
1
0
0
0
0
0
0
8
3
7
0
15
0
161
0
4
89
67
0
1
0
0
0
0
0
2
0
3
2
0
0
1
3
1
15
2
0
1
0
1
1
4
0
2
91
14
383
0
0
0
1
4
1
3
1
0
0
4
0
0
9
4
0
0
0
2
0
0
1
2
9
0
0
3
1
155
0
2
0
0
27
0
0
6
5
1
15
1
0
9
14
0
0
1
0
0
0
0
0
1
19
0
8
0
2
0
3
0
0
0
10
1
0
0
0
0
1365
0
51
2
0
0
