1881884
194175
2272521
4672013
482737
122082
126225
156501
123380
93558
65294
291989
150657
101134
290361
145601
91621
71437
1320767
529072
1403046
73276
80038
83965
1241026
1804428
66917
102723
50091
112530
144289
393318
688548
237292
1291521
168421
952730
92082
107801
128746
263514
293478
74036
118813
9581176
258565
165073
140813
227342
738154
35522
119090
32521
86842
5007403
1436559
492029
125919
111960
104276
112055
951551
398092
107059
169264
62319
198264
209231
93155
45595
80144
221783
237246
1534170
180906
91573
146339
128919
1814515
1188392
101833
280487
93775
458428
2145184
3358463
105313
60783
271989
2215690
101983
4271068
79674
100762
102088
64885
260818
102821
1529809
196383
20938688
120990
156376
629546
121057
89066
120908
2760600
150043
1512687
2254723
78112
352377
65731
551084
384127
61333
67939
104066
3873629
188837
368051
222419
166787
380084
129654
72361
331424
1088731
55251
1060589
93170
113273
83079
88575
527000
672709
1246533
338058
162976
150560
161298
61444
339144
119731
1445493
769486
79473
5361361
183566
121517
4113694
1015247
110678
112827
117646
84324
203502
172321
217899
796455
70361
193386
172834
2451622
1606698
120206
144778
93599
141304
103436
31209364
195261
238570
139251
74081
54557
4678203
91835
160739
63340
107848
97386
51892
547725
97137
368241
812492
729140
254280
95785
93885
96360
57750
176333
11253206
79401
79162
2756357
110695
80857
719002
302570
621450
75271
70984
192019
285038
62139
771918
567637
631226
117299
257983
1039869
58673
229509
7795057
3223412
86897
290004
63868
608600
257674
156074
280775
186819
60057
2313793
1482401
73021
1790504
193321
107296
255532
243285
134638
295308
76773
4034239
243556
109644
127412
93350
73391
227074
180525
202356
131557
96834
109165
122268
464393
4624358
362791
808784
115787
234537
63054
113848
4520288
218316
242555
1744504
86338
137190
134907
71154
5145209
301427
5744084
431083
2584001
72940
100786
98596
335230
211473
124512
71611
3463281
139559
125759
79811
2891317
180701
4682812
53709
141808
693245
198313
1774124
347565
341201
77123
1125131
246156
673774
5024448
243564
136877
262281
114154
4571071
78486
463142
104236
65656
81566
1009169
281318
109149
76400
72587
66280
163901
67904
397991
88576
923074
2282076
144204
7987989
317529
555778
48151
292707
113596
827098
133212
96776
86238
111551
1012295
376105
260760
1852874
48461
1150325
117000
580435
68210
140030
272636
156958
155911
84165
133409
6407231
2283200
475662
229369
66512
233895
147114
250699
77908
45966
93032
129872
193264
1213417
105987
258148
90788
1655200
93867
44941
112396
88035
415385
5839578
250097
124416
2209595
150953
380689
100963
77603
102017
50001
153622
213440
597376
179425
142078
705317
42791
81671
161638
867214
246741
126392
1264906
81116
114680
96280
769213
2101856
303682
316763
300382
411469
607767
103146
37137
118581
343810
128641
213401
149378
99588
137141
2891483
140986
119606
125741
233985
356186
73168
2860483
62438
589284
426373
485083
351955
167708
45703
226469
797293
271659
119016
424021
132689
269172
159591
74720
101772
392004
221826
98532
725282
96536
231892
635906
46920
71987
1089031
49044
420538
539257
136523
142954
60773
105254
66543
143567
95684
2406725
134870
948956
132706
92271
35632
165005
157689
86821
588170
271918
91132
108139
87633
314338
56968
358453
151333
107333
78508
140017
106273
2080088
43050
621290
165442
160764
82404
57427
1813899
113642
290130
143573
437075
808040
76793
170372
37422
4237759
84957
178065
1708913
72255
574441
413777
209098
198611
148806
207480
377745
190689
144514
379006
124445
48181
116793
160772
149688
365652
4874072
769113
51974
76577
178386
70395
69014
98839
68914
298213
121953
197004
3615171
43220
62976
652899
130059
281671
107690
569270
5491427
277765
133944
119236
139438
199500
1070165
488215
371622
237031
88885
2057787
5196125
98337
349620
541375
4978946
117400
132860
79945
347515
181687
84206
139732
64028
176085
54043
145268
1603713
185402
1733258
54162
4911880
2018143
80994
1062246
88184
94731
56664
1062135
101700
220542
74740
607938
102258
1541890
1757404
351213
99401
193920
165552
600918
135813
354511
68087
84784
759311
325648
338835
638707
2314053
261173
1117668
1633565
130139
75974
1258256
108834
155172
168138
365546
476194
152171
567082
2705876
376819
283570
124016
102866
69837
137654
417801
197416
292973
105966
81936
5332998
63418
73907
123210
128393
134182
387075
38521
83138
6144996
117319
157476
206088
67025
59888
102796
762368
600519
104981
3300953
134425
563568
94932
1671137
384717
105300
302837
189388
195360
1660146
85777
2281733
193469
240553
880419
57983
120063
57545
119805
390336
401897
145737
70751
49212
168787
163594
612140
166865
121960
153068
191692
250007
153092
268101
70301
203674
148401
1935533
69198
73950
80503
287534
153931
65247
296246
463228
91087
129799
69210
206681
227241
51373
78987
111111
177764
180415
252407
417240
61833
2761300
273841
196109
2670896
98246
376937
225081
523878
76413
158707
33781
240280
213519
187577
37338
486464
99372
80922
73554
85911
100258
52573
182450
6601238
141233
85123
90021
153883
113356
3096468
1058150
81860
479137
89599
9190286
113843
414372
250507
75424
426865
45317
266647
134735
17799793
167726
65959
808022
1251238
192240
54805
220538
350996
224352
158283
240763
106745
584445
58548
284210
66162
50393
110864
140375
101677
753237
49607
265189
104059
6577641
76290
183939
281403
225962
165297
361248
3451909
96529
41122
198804
99738
83263
105186
216237
201699
215445
389251
7873130
701077
162924
75550
1231018
49269
94908
219521
72947
939213
342503
506455
1409553
121674
147418
146610
343729
783988
87745
85088
779662
188099
994525
2948934
97721
174910
173894
865538
94578
57343
1822556
54562
311247
200194
93609
86312
235047
556993
40045
741492
531808
113437
257582
117052
125000
1009216
726013
180671
212493
159561
1411604
99202
129586
68077
326638
106357
3709814
79352
994078
1812361
210984
463541
137157
104046
3004645
350499
580181
97145
251954
90133
550868
975768
80941
168507
4669118
735609
68763
3958380
42647
126842
157877
89713
93212
137149
1591438
385312
74105
889121
1175540
9816753
123971
461987
136639
84465
601235
9509805
174322
76201
72112
65917
51380
163256
110713
90647
310357
17303838
2343067
170866
395271
439231
433362
11813624
166562
80019
847652
121152
256302
369006
67368
1454142
78561
1366941
54214
59987
127074
4087128
129337
71826
18785407
518851
6026054
234001
49752
87175
325173
753199
5007004
687702
999455
105524
131641
535828
1603959
151197
90751
121440
43798
756533
79746
638355
1450548
46360
77260
353595
9174720
117390
37753
235124
122517
362624
204147
99332
88597
123115
63053
83574
142713
75024
188054
1906280
3814951
62880
1123557
163423
2870312
79425
85591
47202
165126
170577
135752
85623
793314
70816
331651
177612
53811
355465
254924
6404932
3064981
82475
155248
121571
259390
119305
105334
87880
88305
3130272
3342961
194319
122088
720404
574938
579027
127847
123781
380293
342268
113009
99235
352455
142182
232716
160518
944263
138531
107767
89847
158625
47571
1437595
57391
322423
103163
499419
438587
195450
83087
301361
125914
174571
109620
48197
117853
134245
2895411
147569
3831211
66161
200973
102004
506187
1251909
104513
592995
131912
154059
1258926
42228
186642
421378
140800
237835
124216
783551
114672
1200013
2419163
453329
201640
403963
190200
199726
285080
348922
1123577
373768
918987
73374
199268
753471
52911
3339802
152995
120229
1999184
59721
347559
190741
127612
105963
69404
120600
671074
293684
1305843
63583
202651
539543
55753
111439
102373
7540959
18771805
94199
44661
115904
1316713
273761
691713
240342
1082228
167455
1984326
1046958
146706
233256
72570
1901215
132654
53781
445332
678837
257091
301240
139199
160921
60054
82219
161608
257373
151222
69616
175157
67009
290215
66015
8077120
149807
58859
1118065
5126483
114172
166293
334319
101969
993837
76833
405325
131823
77561
216430
221897
5648980
187528
142332
69133
358003
70704
438752
298369
215430
3768360
244093
1996663
99223
800193
22321
1440238
89252
830533
3420154
822606
187120
3352727
106914
33716
45116
207429
77736
126716
85398
50155
1570183
2348304
747509
829233
870971
64708
211802
280083
709706
65666
111753
102783
98290
1337944
2492575
65186
100077
156624
70803
44885
153097
471219
360337
241328
87935
530563
109551
118075
219621
994429
2466334
343984
165570
97332
145468
372234
355434
11645060
132476
60077
54225
5649428
736867
74708
649530
65880
49014
98320
383415
4807419
68518
734365
106779
56857
106107
470265
757976
5360163
60098
979283
371125
3438014
175427
203240
76062
83367
186753
217704
978738
104428
628300
167179
173211
1397222
621765
890556
155886
203835
1084177
220375
100628
141913
7824154
187556
3761307
2064814
328807
183598
252383
88223
99227
95784
71219
88826
94710
64065
157676
72985
92288
1165187
108070
61438
196839
365094
181064
340861
96651
132336
99743
3570902
6718687
188103
105327
426581
327389
5076216
132562
175066
171036
76064
59375
153914
39499
1450619
242417
846512
77614
128826
16661745
36523
86431
40620
129253
654904
375726
75560
152881
68717
283498
4562825
39276
180060
756128
361899
87991
1486420
248184
7951611
604177
887427
2797734
96647
87625
67182
559817
94115
55077
122173
718009
198510
492743
74289
3494275
64932
138702
153630
116060
202100
125677
137068
187662
59745
390763
173214
314082
4390225
121281
201369
1218202
2852925
285296
211206
42663
39947
82912
12648098
753527
10572333
44122
688546
80635
76145
109477
1231358
93844
193190
105092
6206503
352048
979992
127952
82711
64451
829039
72265
94740
175396
111895
71832
210656
1113484
294943
45413
724002
81433
363073
413579
1996324
486848
221460
81276
2310100
327293
212302
154817
211969
356647
116788
143946
127877
847903
43443
188871
264911
1130784
84864
89405
51778
1800889
71278
377564
1156531
1368539
125323
230725
66696
2186045
702352
201497
48760
69919
143424
270175
1037077
297951
84758
88815
125280
419549
180577
2904002
150831
146007
222193
89492
570811
444465
153588
1413842
182680
304496
5953277
206944
87901
102311
91065
3558371
145906
78343
188992
485651
58702
2285496
160701
572394
273239
55246
68966
328662
164486
456075
267615
69555
139440
158036
461261
1063860
164900
1294089
161576
8400083
136317
152907
11389932
72750
337231
146634
163481
247862
68433
189712
334161
893720
48882
168395
4554180
90800
6820911
1295887
82992
43157
95847
92725
60235
52960
3701064
55634
783524
121285
242498
73497
337608
2601355
832486
325052
86340
181752
209422
92284
244067
94303
117444
75527
363225
3208771
121315
172099
6148587
2391333
165323
754950
162572
65917
132269
188335
259286
180401
80255
195240
254708
93690
646534
44683
110607
49569
2613300
204164
100417
109700
243430
227120
1189281
4210583
89893
100544
162751
565812
144458
619383
72811
80632
160652
107083
59164
1502732
2687360
5030453
74443
115654
79241
380065
86812
122021
66932
254761
254227
9771509
281220
56264
180037
2061069
211972
93717
139464
106198
433401
1428281
65585
52980
268180
142315
2340115
1417523
34326
100037
247800
81517
357452
37281
5806947
107666
147943
334449
104464
602409
41262
915464
67399
112988
547979
83538
162594
81672
647162
245276
142212
680495
556076
108740
418607
208115
184204
110732
73545
81201
143688
1361705
63615
137117
416924
469888
85426
86783
103821
133527
1502852
226500
138541
1122855
236943
293808
701404
49312
210456
85493
137073
525175
254286
60883
75573
137454
209969
38637
173937
102696
667940
129133
273767
186202
1875894
780071
159949
362529
51283
150445
127397
85919
112160
62965
69538
130196
1371782
454875
393593
133017
122897
781337
241107
118636
57114
509826
139567
56685
82082
206970
400279
104587
87701
111322
81845
110738
157531
162056
380578
1106143
425606
306749
137297
51769
136551
256092
257296
43715
67921
129243
88432
136507
71817
1104111
5979393
103036
10049350
70259
71911
751536
283779
1924600
304894
1859662
2185966
428792
164368
4776946
573182
90461
1325418
111718
131201
173097
60663
196641
688506
217110
169699
372553
86095
123392
409260
321683
6638543
118710
118127
1829703
670042
160472
5372048
76600
193500
222990
482774
75434
175755
136544
823053
141907
166248
84110
86514
1250428
76175
422030
1810703
128364
1839713
78451
2939916
814647
236852
72398
37306
66738
157169
157230
10774707
443562
261933
72377
1833439
26959234
302391
216453
772610
304640
70649
3660915
99694
55689
87944
110305
213641
181318
118080
82062
78832
739055
72773
798393
152894
535560
102553
88951
67242
896902
108853
144895
174641
349145
126297
1941731
113684
699784
84343
161230
897985
144989
614734
119804
142462
366742
3430684
95032
173428
729564
37554
837751
65792
2592899
1171114
383502
49084
125498
408248
120932
44696
200834
134408
116581
93903
1333155
70767
287160
232625
229446
895957
82379
1238092
843757
249581
866658
3680183
236218
71496
139431
192707
629667
4902377
5740998
318958
76896
310116
89749
101491
654170
97560
261645
403119
410535
1289237
211618
213947
79522
187769
59030
196413
125166
472297
105429
1359490
42961
87059
87034
165487
459879
69404
73985
172475
48231
153399
204220
97169
234053
366096
95269
478919
409362
147639
122438
958573
67892
199877
129937
44234
124219
96827
1693596
35246
104306
124752
237971
5398181
488906
358664
2371472
115643
210040
67516
132251
1532516
119861
692577
76571
131608
112054
129917
520836
78113
84975
208564
132483
97307
94991
76723
190254
83344
343813
65689
395208
122081
98102
4564268
531363
74161
76383
696501
125307
54856
88331
334796
97883
63886
141875
154481
73427
438977
278914
75517
429088
851474
53644
1037367
405874
165047
58828
5966478
112205
234565
361449
263348
224645
715013
405914
99292
82959
5376972
1050592
2250123
573366
82687
55071
3696375
468664
556420
486325
1852566
242665
344204
60429
136103
1340596
92151
1003735
6457859
54127
161551
204227
2845010
1623076
96758
50930
2083368
90048
158912
73228
2832635
218500
2422094
163660
80041
60921
1964739
81713
1264246
336619
167686
49747
1308017
119770
947919
97911
9409880
118285
130752
282934
557004
140494
132641
122490
1822441
444886
277346
107894
374999
134888
1590981
1430599
1640538
96620
1796776
197281
303968
279874
2594228
107020
91179
46620
273229
970254
137672
105122
339667
73545
1644053
63127
243730
153999
700260
2220645
114928
63425
1821385
62362
106135
89524
433919
94638
2465142
2464252
98323
114138
317696
176771
125080
144367
851266
222403
36369
80822
4886046
158522
770103
124376
739101
6086970
62270
2790695
104419
164153
286899
82874
1412062
123866
184132
1399503
102969
144803
259900
64773
221944
50892
4124619
329946
83960
6065012
135986
769849
195597
2287128
73314
38637
392290
103697
70450
239312
110627
1207877
2230057
575760
515320
154848
58941
51128
383954
93490
1952909
56539070
62590
64389
46989
164516
347769
181861
66121
3124118
142049
234911
138749
983224
112145
346357
188123
1126625
89514
152887
135361
50445
8589156
473084
153005
141851
266428
129339
109126
222001
97393
135851
116837
61749
96876
102520
58965
11608596
638731
73345
72291
105740
89786
95364
427191
102288
38267
348533
129887
72201
315535
150617
621142
59246
87843
115052
230870
51611
72942
864497
128139
153080
168405
2242565
174439
96657
51232
423222
85985
104419
158302
3246116
193278
230722
125994
1443954
148082
110484
4935250
62534
9144661
328057
108102
1520915
86323
125508
208540944
135557
106807
172138
78675
49058
243327
899365
493715
99077
110412
74769
82801
106123
1259841
86874
31843837
176878
52937
422151
1812137
122539
100712
1567325
339345
62047
173203
366351
175793
348345
71021
693819
445377
460090
743833
2237220
56901
403355
84589
162858
196470
91810
1005654
107716
211227
90487
56946
77587
264731
131238
52872
213691
1001560
681997
57016
364999
61491
95283
80001
2030614
3708388
112753
1110322
101994
82629
2462737
291628
379018
2398558
205436
1569609
329592
1754427
55342
329464
12012794
78488
515370
362021
389436
100525
81045
56495
65578
776132
73968
1288807
60858
249954
86391
120796
796223
68956
92682
55550
206845
116012
60962
244576
3608374
2346220
239196
412486
776897
67062
117410
254753
101670
96029
776222
88025
219758
127257
100898
1740063
54720
139154
68027
220800
451692
70729
7413208
51882
93543
335505
2878643
118222
146141
448490
46190
93360
3428751
96537
76704
117842
236447
480506
4139447
101414
5374215
147196
1349604
200108
141525
518668
3139921
66534
110954
197503
75988
97910
21384741
84595
98307
323919
4588863
183710
158861
113688
121436
60776
54265
8559159
375154
156061
520462
260818
59101
261922
14222064
163054
170891
2278304
124123
434278
305093
109806
137729
207781
347833
147522
132188
142516
368356
268727
295239
9911154
1305105
88056
58224
9462484
40180
304711
3559502
77449
179922
9181991
89370
1726528
6441064
107266
39294
250608
44268
70612
1156140
423954
387451
783230
164329
907843
202376
117739
157572
244768
1281096
711891
144706
125324
50806
292625
128147
123634
113950
116475
188185
56854
64041
217337
556413
112233
61943
239026
355364
125293
83688
4323416
152779
3264926
2767261
1276735
321946
147191
514203
599250
122818
80636
1161506
95315
2690245
3533883
83684
75581
147695
932478
397297
75803
1115122
281350
134018
95404
728533
86328
430382
773281
2057782
199978
321482
151894
2213287
184307
75450
162369
129316
1229954
89813
10217766
182470
166866
6415073
444239
198577
56163
92160
139672
821672
3706405
177338
452780
309173
60970
4201111
124547
878314
712881
75829
266284
92340
86846
955915
95215
75931
209189
770522
68558
83660
306773
51890
919162
1160042
3734399
166911
65763
128379
211288
393690
95531
91293
142641
196459
107762
91841
400960
153598
136556
224367
215991
157548
9887377
290687
263376
114223
109724
207873
2650607
137711
97016
111858
293961
50842
72356
505130
83496
1207471
239088
359026
81878
531700
69950
72640
116288
1624113
53459
364549
106294
256560
43997
425806
96202
136287
267067
341282
474718
302926
253101
82089
400990
120986
770390
131400
112360
430759
157704
2737037
548169
53317
6820672
99001
307583
47482
14202043
257475
78380
194208
76461
146078
39658508
48588
123125
1358058
345222
2490541
193697
133349
693317
78153
99952
347774
222917
2464918
179710
87553
6089494
1047539
367717
681751
251532
87703
4019238
169181
106049
150779
3063961
252099
7392032
124739
667822
126197
108735
114025
5556621
116539
143103
205414
102602
79619
64346
1395964
352894
674488
81411
326129
42697
247008
96043
54045
558830
46043
327475
59251
96537
90484
104762
48904
96989
101970
1635273
329104
247864
2754686
55364
106494
30341
70892
218589
257394
91916
509004
73746
90543
114361
63699
4866923
144162
53097
324913
5993403
144456
109578
173268
1614791
171418
76566
136406
117643
128062
1994188
764459
180229
81236
370341
120603
2628796
54359
210439
985597
431580
310963
1571514
909978
123727
120722
115922
55147
240004
90270
42149
38002
43288
138914
741372
1322233
281110
473048
167246
122464
706887
853368
341137
655631
289031
440629
98382
3801607
74964
147389
124680
56782
2476700
361279
120876
179513
101188
1615036
127367
121072
224115
124705
71457
183461
410096
529992
1197630
47949
295063
7376208
2310472
2744976
148392
142698
56217
581576
144781
57338
49384
53739
57202
499522
127928
458085
159553
1449075
152851
103680
349647
1309449
242969
104867
1631462
381866
54731
814619
219178
52780
206527
331690
67997
1036651
425135
423949
237552
727776
462435
73120
385388
118118
61490
287265
87628
1531663
748301
81448
2393809
834476
198942
3554145
446774
97630
918632
123718
153447
243487
449983
84593
1513836
63746
6598934
121135
71059
80892
97129
445123
162016
67016
212986
424856
232664
193070
61819
93394
543878
131765
613781
151053
98187
87376
118401
148706
62719
2797889
471829
72401
538688
669391
526836
3117956
3647528
104479
436616
182680
389119
229855
47701
2924092
1549607
1256235
117525
342450
1581569
941023
48987
490356
1459431
376070
443261
2309256
158299
181706
118987
244506
16159111
743242
111176
284959
98305
646892
128183
80229
136961
119803
3024122
101426
105119
1316575
101877
52717
165895
78647
84657
77733
162758
73777
146341
598158
211942
80501
122170
157363
211303
73277
430692
4392353
1476579
3758766
609856
258918
68790
615106
1475803
202381
232546
40428
833002
398772
54754
99292
80198
290255
206674
11062634
399353
238487
352374
6191112
186683
342640
151085
114861
104509
291367
7431297
149607
80119
155865
94274
64966
718330
57181
1707124
452238
204443
1291024
88858
62415
106559
250222
131376
590378
93294
213419
278988
153730
300111
34877
103755
118870
92269
110208
85671
91287
81677
125972
300433
54612
511691
241731
4161608
58558
253884
33202
145302
134100
144802
7644732
374907
156784
232812
75414
82495
4981335
91351
775385
622273
133072
1029247
179214
559317
2618958
211921
283392
2396740
1508788
87479
652797
691386
66637
729134
62444
637117
94267
168965
53950
251474
192709
633978
556229
1448958
280071
401748
84611
2673052
80598
89862
343908
104201
189209
122256
48960
12574082
216290
1199791
108412
120900
68621
136446
216199
109278
63299
114932
883551
717040
176239
182390
884711
499145
1279181
1171924
1189534
796838
561478
673178
125969
494419
648553
108849
110301
245538
216879
34808
157988
409673
173051
181393
82820
154815
1515248
251655
9780376
2070846
193205
301735
208400
234363
1224760
318249
151990
785026
160130
170252
193261
60983
1492704
392861
143859
90441
156366
99639
410934
94412
208595
313495
123783
385882
279472
499171
122734
123698
72881
176317
113857
637419
869999
203441
235650
172701
136920
83010
994027
120445
188808
87518
142410
150451
102025
194626
100764
112085
147808
121389
124903
1569862
207209
2289011
53052
183144
164303
126114
3363091
144357
194784
159225
152159
88906
1827176
303193
83573
509174
368932
92020
95084
177433
161011
42943
127312
324890
48618
904373
110022
1178806
122995
57662
786618
275721
138859
376962
208278
5632970
461944
1060265
342577
81545
309490
270211
9995754
158110
185963
271167
1007730
128039
107825
141419
341617
1389378
85538
74258
159263
2895196
72168
209106
299585
29325
92148
262698
1890089
1092777
2083771
115229
214738
56715
3203054
114748
342085
221985
1487006
90148
1257844
1653972
162805
227658
198550
113372
246793
2886980
112467
275378
553142
178142
68686
238692
238785
1142602
96865
1644439
375976
97840
140417
79466
94094
230178
473802
234563
810421
55740
182944
118784
78619
291688
159047
151080
167014
642360
206762
1257407
222209
125980
58255
153462
61353
3493171
372922
214239
402874
76437
459960
46720
199760
872533
1186874
388450
1409236
71559
94023
159315
43657
62529
84700
371766
68801
367287
323409
221027
231935
130218
2017473
209980
49665
185791
726984
115231
1191623
105308
56429
119121
97180
137132
99357
127250
54533
1345559
95645
509856
1015241
39383
166940
749740
253535
192345
60602
56073861
48195
100663
138605
215044
108240
144339
270878
1306681
6021139
65756
98615
111782
352598
109895
140606
146602
681298
89705
315080
809924
366200
136141
269546
48723
3892681
188308
57579
369039
43955
261589
239683
104561
241749
45474
69280
86753
115712
47024
3302851
66216
81372
204120
185755
131496
3156298
1212819
211369
274770
128178
6129569
115260
994447
3519417
122476
841417
60890
98478
70109
60052
695529
2547536
3366228
152854
105966
137095
93236
55126
137176
73222
86017
132715
141163
205910
104380
90972
3951283
57397
6478481
971174
606338
1651297
1291899
1135836
107480
2205590
211247
331127
59682
52353
444224
50264
524890
6312386
51670
489335
121351
137403
61868
118897
231306
185518
69090
103129
141304
175673
1165202
385099
164239
107336
68611
237338
59420
9196869
46551
230196
49640
82619
102511
705602
103920
1713053
211319
1051987
1828966
117768
99139
706516
784757
144102
81255
289927
48135
1431080
318652
117542
108369
126930
472828
42072
96652
45297
210987
117199
197419
268385
169976
80019
812549
759047
85289
2387312
10726615
78928
216243
213440
66141
113996
138903
138831
7256234
101506
4852898
214943
10266985
79912
136880
956692
1240588
67405
188736
71352
58438
4865058
156590
167290
183693
82538
108910
2333927
1036944
123034
1668014
144264
70237
1010333
358255
487704
55127
115535
1034832
59299
103181
109718
289822
458365
123023
136281
256751
4531262
70334
631124
394471
162062
268886
249689
146506
6681199
313585
158249
74884
112512
157096
418340
2192038
351159
863393
120695
774359
62067
574193
92962
2173535
38442
102012
64832
134006
112557
164511
75874
344319
212514
304385
70890
170233
2954625
117221
59393
335086
77226
89157
1922701
11301893
72077
48800
1554534
155337
154817
53394
87319
72199
130153
79798
143490
272312
268568
210633
134942
957871
751004
91110
534996
603935
137347
147157
213725
251865
131421
112970
112971
64796
334477
304262
58659
497839
710447
3825940
368021
74324
58989
174077
60632
141095
313965
473978
73492
195899
266033
94741
237290
92714
894893
106279
45815
63553
149999
147634
423706
90156
333084
228902
911787
336936
90116
1400630
3811166
57637
90375
8462712
3621824
86255
204776
253858
488678
80518
230949
384624
211667
102524
982639
99156
966071
179274
209863
904914
89664
1050326
29538
111259
52870
67822
82598
1453449
8235255
155468
264237
51498
226959
121742
243656
75795
382255
751791
104703
102074
727126
3612797
74594
68298
374769
120293
341812
525914
180584
83003
11500566
97088
1024073
3244420
110450
106775
221755
166595
116968
93814
183606
77141
122685
1470559
116908
503503
73544
120339
1226741
37314
73105
2780606
98556
115447
121434
81369
276437
125659
68644
154670
65354
263265
97296
226162
86018
653257
183656
156456
1226803
2883450
204688
1432029
509695
10106528
7349936
133398
56779
94543
144924
94794
73531
179696
405586
218250
65416
90643
423067
1215333
132888
172889
401975
111585
374986
68308
229689
137255
49354
493769
105360
2746591
2899368
1847048
108801
56686
209780
1198899
1167308
49056
9837238
130411
228866
240411
117478
30903
84192
92086
49361
203795
214009
776624
197610
154632
1096753
66374
261239
424821
161613
116306
106631
68799
2615619
171461
448288
296123
92184
751030
108111
240714
131207
1288005
14898445
147403
1166116
72523
493482
398634
194526
60236
45024
163611
182052
828532
538101
98888
105157
274538
88578
76350
960011
475106
198383
682430
225884
91116
60818
341148
285874
108549
70308
1408527
291702
102988
103202
348351
80830
93859
84083
218231
76825
301426
1308386
1319671
131055
217995
54931
3516028
96287
249958
107766
3800464
678598
2320216
2932776
272343
228630
1048434
2067393
223435
44064
62882
22398963
156003
115584
162007
1040439
122797
502634
211040
202839
1385231
186426
147065
110074
60951
612149
509293
247252
4452231
87128
109866
46486
200855
1457406
224919
59636
154893
294740
219790
730751
997547
314021
109614
462517
724275
901264
993295
627752
75255
1332159
75257
998557
45933
674047
1274785
450357
173220
295550
85539
168719
70052
1433289
86368
58139
329319
152292
105928
136237
289309
4893430
4411139
160829
356743
80606
61889
100331
168376
77894
317683
449500
267681
803211
4972377
51089
110181
121226
1495649
400767
2458417
58338
303695
835969
137781
8869126
71634
106777
81237
173614
87609
66958
86329
72075
677477
309123
64882
69396
2293020
167412
182992
182163
918364
181828
57021
119814
499018
110775
1632181
99091
125822
127192
1614049
48632
210228
380075
1787100
372577
407128
3286684
82677
81047
363539
333114
794500
174011
747295
351232
2465833
108753
7537187
99306
2627620
136834
272513
1504145
292373
136010
128623
311362
47835
72225
111402
187252
163961
148240
34543
2160788
372244
706972
2972275
116529
213879
100975
106234
74460
1481075
100780
548546
74603
376740
107739
40839
63289
47330
2753791
181512
69040
109514
1603593
230099
87446
71715
1934355
959984
172572
318829
55127
89392
520536
105964
365617
136890
174780
447610
512799
90009
268830
118929
159151
47616
105412
132737
355560
409625
70983
8967654
124347
191159
326266
173772
76934
229955
348963
1429358
283030
1182478
347099
977537
90570
101799
93685
112190
83817
80549
119683
86420
134516
548406
78938
684388
90511
321751
350668
2366485
123820
95726
116059
74354
189200
67876
168729
110691
69555
1359053
87199
70726
241531
436873
94028
131227
80405
82320
154304
489439
644291
694844
125237
98769
133374
71378
610184
882729
195604
106058
1484604
777618
1066754
125257
86214
192932
47262
58030
116554
1020664
451893
645517
233194
105927
100786
69279
84447
85799
197127
177862
2478126
96925
252382
107294
141539
150612
73240
108584
2752289
204309
35826
57477
435709
45986
281370
3269165
435909
134739
204820
120756
43275
81588
2564845
75319
239376
23973107
72571
178614
206961
1342063
58855
904883
39177
225241
7038015
263044
135077
431540
31328589
93714
70857
273751
99563
13576226
77867
109599
130405
416537
88063
109180
65674
84252
4791297
193969
65217
421048
232589
254635
63003
206139
81618
2571771
26558
108492
141623
108197
291275
81526
193828
116251
48393
1735813
11444698
65929
109246
192374
62579
65422
134189
92766
188060
100623
13706035
58420
150162
107623
469824
3735105
53572
141728
2162324
80128
55938
130216
105243
271998
221008
543939
89971
73145
180154
2531698
718216
168448
3639573
118135
79381
165889
223473
105022
1070041
80044
711703
274323
100439
286433
151313
1513214
592106
115695
361242
87004
76083
367504
1271699
89285
47508
467653
2410316
55373
18057493
129670
116616
165849
518628
172595
309404
715228
81204
132050
90972
153131
65727
8318086
112322
120861
104708
113013
59352
654955
245423
122034
151919
428069
345824
124577
40011
498549
11229203
1015333
497595
6460034
350555
439056
214003
137283
262181
187117
150832
98169
45141
221212
214479
122933
469417
2289272
113888
45524
62643
6302019
97843
101328
58667
117684
104334
2281717
76351
214272
66540
98832
91147
1926513
69365
771285
382280
87236
840761
174484
107964
152802
602005
85985
550319
66529
1721813
94196
213185
316743
116311
76449
253532
982497
145166
50508
4354834
582785
123819
46633
112268
137844
65308
12113060
84385
110463
134841
763823
391998
367243
132732
72328
22249381
65348
286532
164442
151474
116667
924129
1923161
6900276
293157
526705
135049
48011
137045
496018
215334
237820
127197
440944
269434
787588
863090
110851
119104
136777
543887
78966
1278624
144311
10806620
1336259
113727
249972
255122
71940
149793
396810
348210
412423
242359
7887347
163892
136402
129823
378977
54792
2279848
103886
160983
66367
79076
83280
138184
146111
187237
145167
92816
4147587
93205
101596
511787
335538
1803422
173786
1520651
228866
102128
139911
1848308
153734
103904
439198
2216664
327495
73402
76575
195665
141312
398812
87595
81837
58901
120705
2347571
71760
185396
350059
132999
118687
3257227
823172
118157
133588
52847
1298795
99633
48838
528249
2512667
631947
329285
63300
109834
226940
110611
128971
107936
3294251
94300
115850
237928
119314
103872
639867
230881
112000
172055
488763
174564
719520
219324
109608
179869
122759
784285
182548
84954
114563
3965227
204872
62307
118788
1045502
78949
827452
212385
197152
1010436
51918
182966
140534
5950584
293597
120562
161076
2619501
294348
116780
599063
3917819
174756
78223
66713
678966
81673
780086
379754
87151
129224
87804
109561
1545321
154884
595928
688609
1014408
1015858
253592
401279
412035
248137
133859
130472
3701396
237565
1397223
212635
82807
261963
1778983
286490
3227466
114431
318331
75765
160797
66543
629942
45037
131293
1433696
160575
91024
84108
17878297
396807
343489
100342
49551
391585
433056
160448
84973
96226
78761
125863
118231
12850735
47299
112267
658936
94784
62745
472468
77826
132988
112381
420730
4035227
74834
86346
1005395
106526
254969
1035304
102757
219864
74560
322245
724645
6483012
581195
228914
80282
62926
64547
3235176
96284
138110
181253
46400
131213
858084
398406
366966
337790
92096
546527
206165
60950
129498
119642
194542
365039
101530
4824796
2393768
14369347
81082
202061
63279
69391
1006260
81182
127893
87501
172173
530926
309292
202157
79213
137606
62672
62801
696261
370391
669108
929276
111330
143592
239990
4411828
65061
153704
298148
755308
68507
299299
278262
2228174
345359
4586571
88743
398228
182951
94497
66007
122699
1355784
68233
85796
117714
1765711
48431
268111
688505
486082
54188
180250
445616
170160
86880
103226
747453
74535
259766
354881
356613
442845
914218
1344475
3083309
2439824
240071
78772
3817628
94571
359175
71202
111240
166416
160538
808414
152171
687510
189390
74145
313188
89556
2205878
252058
1303925
118936
75684
568154
74230
762950
227465
1594592
76545
142460
143925
87042
53423
55616
709224
1086977
86317
88392
78601
318103
165467
166154
56523
111474
86633
215549
105067
149799
373269
5794598
812899
138587
410010
63252
1408206
199946
1569846
76809
2342345
141441
86546
207195
164019
986412
40365
91373
143335
237022
64121
805012
989714
362628
53384
96023
129240
579763
114739
154760
533685
564634
3355114
118878
103307
136551
102973
137472
298480
182502
59861
89548
140128
195804
251254
616124
77966
689560
89192
80704
2643982
120424
175524
29923
139203
110977
694840
217965
137841
719544
170325
2775055
470297
1104641
54251
496126
131279
331863
178357
361708
103776
52340
327918
182666
1008986
328775
52646
2289791
113859
277419
459060
114697
2543600
1014348
80641
265637
125224
20877497
117643
230531
177259
88567
249502
143849
83719
165469
306455
136328
6192028
144353
130469
199662
2660149
277664
604361
359396
743941
1567056
295797
223329
899042
773172
103044
134369
150756
217505
2380336
113074
62892
95399
3388352
2184590
93537
178608
7207639
179572
76827
113270
1480896
160121
2062442
392459
121226
98920
215794
149193
1315620
532769
776227
220185
100733
99423
69902
138896
68089
388590
93436
304865
3350185
110818
47785
585590
131055
1547643
316009
762614
179928
1318502
175513
1781062
94480
72047
446499
1928079
160836
100725
109587
1349085
93837
74171
218452
84246
2108697
66011
404578
223835
1205241
46851
129033
89538
100614
151348
106175
4079728
558613
111352
105123
128593
134575
180724
922798
975459
150523
120867
481250
818430
107143
83337
4638371
2822622
150954
485052
999439
77138
962720
127355
186532
393739
40426
88200
263462
73668
195249
186879
9664200
136013
1592337
642388
119474
168441
674254
44925
1379980
89651
121379
132026
386465
43335
76871
51835
173577
141122
93636
2470353
271161
1980596
107130
418611
90493
46119
110656
38861
736711
109742
62507
75645
373839
59033
151373
51120
282902
352880
127675
315185
91541
555964
140890
314111
80621
3135429
270422
1873477
257330
842577
2523014
128362
47399
116597
63132
174479
86673
29467
158393
39527
92662
94113
12632337
412222
570948
1860549
308552
107859
76940
174707
1725611
1493292
194828
88306
232404
3911091
91173
151447
117539
80592
305412
89894
146418
800971
81081
103087
137949
535583
214952
103254
306480
79737
138753
64706
229320
187577
728446
276953
67962
710107
451314
145146
238023
52836
2852290
50912
55489
1356368
162679
924063
1708183
124920
148922
507152
2332640
185789
513762
239779
279390
196130
39138
99473
410285
200799
1188640
575842
1992351
69220
85209
284747
70701
92563
2578601
1487886
271557
1128516
518562
82647
651354
164084
225678
156162
6172473
676319
170225
667007
81398
172716
144814
69593
107657
50189
5202314
1448151
267839
554576
52768
62022
175281
112197
88560
97018
1884297
3256687
5816369
413628
188163
74904
212400
592454
174072
867854
1815975
45660
216070
166872
66715
102260
84821
378458
1050272
52421
96556
166500
138049
2739690
142325
64285
56535
319777
308729
258914
315518
136383
180375
77289
94046
342466
50680
277058
223774
796740
115233
629573
100542
52747
902769
325091
582271
181568
858229
75428
31404
107862
148509
296948
108737
5559927
648591
516268
186961
80460
99280
278558
186063
153689
128908
330973
464000
306385
82630
414032
80386
239652
625287
133260
39648
423279
171811
429330
122012
115251
345251
5622551
113687
6628709
106428
100010
410631
565216
84274
127037
44442
516884
133662
485630
150558
110640
178672
252232
1998178
87022
1579440
60836
2527458
100911
136734
1950222
214423
81345
5412077
1709227
1917193
586409
54607
49035
206450
220157
7389033
375643
71407
158581
90046
2748551
281828
12981168
287994
778753
50124
364846
51338
147178
223789
260915
81460
134293
346612
220088
99478
1333341
201220
109259
44846
203875
196253
95198
1091458
61135
343738
60693
136715
51508
4065487
68644
114658
82908
148266
58208
78969
89096
49589
140187
188786
84327
107644
68317
1994404
58896
252370
261480
99542
53017
219123
1095419
7238501
195359
87240
102826
773426
193456
441021
58826
8840217
155836
105167
123154
508369
3778886
96920
79382
1250299
2587622
101792
80156
137072
243837
336610
96432
175686
75301
736277
145184
2521295
112463
607910
334990
82372
142666
124215
65753
40628
1689195
602635
93795
235432
495046
2187111
1192744
146399
508771
96954
134224
51331
287022
278978
3302718
204805
1559327
1099307
95241
100892
187428
63862
83659
370872
444013
416174
5029263
50223
182783
364231
3065447
86037
83285
98965
202295
258094
130687
2176169
25137
80888
523684
2914234
79268
398397
132362
255636
147878
165926
543645
284067
119083
177190
103085
439425
2247884
128297
102660
884749
1957044
2672189
48301
162410
442915
660915
53792
356569
87779
793685
148363
1027065
56995
77503
112707
41131
82909
18921422
217831
55864
3180372
955597
85665
107071
42733
67731
1533964
43345
137236
153838
915914
1227046
106846
1325718
3525393
55490
106182
333811
188390
743056
306278
1202000
238910
1029274
186981
56244
998181
138364
154806
168043
137316
439859
98526
10594744
394194
915506
450325
37765
116935
78904
74079
761352
137954
74357
678350
1511859
200889
258899
88194
127501
280585
191260
784062
144981
3835824
210928
59137
389461
22637
186932
98770
246105
329148
310453
411287
100306
109223
97649
537228
101381
113377
154127
156301
934436
225183
236653
91962
190806
2905557
326014
67476
151090
86443
59257
181024
167238
1805348
331529
61428
76345
1173772
589000
11705233
89171
39370
82435
120695
821134
271613
126052
2800502
119423
1447338
126875
1964347
40109
86017
180423
913115
92319
96261
705662
258437
3227556
84972
7859070
159875
108158
9115124
209658
1833254
735998
91068
8875246
66278
1147856
148371
413073
124101
78404
4175706
817517
96242
101211
110560
256193
5072018
197226
1821803
120384
341627
67971
562612
80017
10604478
184433
6997739
103366
646200
13308829
86614
639437
89568
150528
100620
478000
120574
1053921
315040
80301
185466
88849
74662
709347
95540
80610
762386
60258
75113
83230
1422930
447479
181180
3745818
4118158
123025
1314715
1261579
108845
113658
2503423
116656
902111
810068
433184
1768719
1797793
69797
128230
65957
829284
309433
314660
78919
116905
82756
68099
1073192
87001
85705
421815
79473
87615
58289
68626
513636
58500
302171
180861
100256
154584
640314
4401740
3094114
52183
1245409
214821
256708
2354176
418947
164239
74837
82103
53738
1154676
66603
78881
94091
335651
825669
736927
341982
240256
108560
401210
1940564
96050
84285
589935
165335
91643
232073
39720
10224270
64779
86635
167763
144642
1088093
47991
394141
172853
162772
359129
718845
608158
93061
107838
48048
2874673
102878
243859
4662630
1145562
96004
250714
5609277
346232
168358
94531
57015
47642
148766
79065
2318226
172573
65802
122807
1356241
138170
52924
54946
105518
599487
129372
114209
157535
45322
72311
74961
45486
1003643
639978
109692
56466
145666
320103
159255
107290
774366
131827
157879
596313
1259084
164128
102513
115099
45945
69096
1488646
199357
139007
139787
70736
85376
773808
337801
68142
501819
529448
397358
97629
92915
78447
3319929
123353
278033
105529
231389
184238
72679
915339
57719
394946
71970
52218
79468
138448
2901868
69695
55782
41496
15073397
60398
455976
1165290
119556
95190
211367
72316
2073064
60349
77978
577109
64479
224296
2854258
2294635
304148
300542
55054
522514
151202
248875
3044332
60209
13309333
742021
48764
763789
867372
99171
151702
169434
100614
77516
76471
995806
871052
3136222
2438334
46515
690904
727133
77554
62256
121543
1924138
1364704
80752
503638
1010694
124167
181205
116117
45529
319335
111752
115598
38120
45428
143868
463517
405411
82987
73130
650766
279117
81824
90397
284993
82511
63397
162620
82173
324070
97963
138919
254403
84366
2196304
65085
73024
140868
411834
108506
1154415
389527
87990
100471
69265
2192726
57553
118835
598828
127310
69880
77325
101269
32453
143788
81080
93529
90770
530561
500176
203583
4720728
704306
694142
322718
896500
89644
1547276
207743
270903
125105
169270
3319738
77006
180166
83012
3113798
525150
1403541
79424
1488500
77008
44266
71434
450709
108114
34331
107470
29319
192925
49450
192997
170715
92005
128926
264871
199021
85807
469487
74972
610135
161684
129578
1134586
121044
53384
57654
201499
185955
119811
94335
80310
131847
75483
263212
357765
85922
166483
114576
285085
261038
130471
368359
52914
70126
976329
113642
543946
290140
227802
314328
299638
181611
97848
67078
115141
825541
63955
154672
80815
109278
767767
136067
165452
175659
8011095
93602
3922156
172369
320996
631853
229158
80863
71778
99862
102962
175618
112258
96766
144078
294215
99072
163871
123115
13775274
65409
71777
548343
2605625
194396
195056
58909
669919
364488
1554207
150068
790464
577054
17088130
137228
183841
81200
503373
457369
61036
66531
92834
156006
176081
98529
193984
1359536
4735409
1690111
1534244
63198
370551
335225
162671
377267
744808
101147
104619
2632264
109172
400098
465380
2439622
295316
2086772
138219
92101
139090
96141
72840
838001
1756950
72649
309256
130669
87829
40408
286315
176587
71204
195339
475013
129463
199392
144742
290839
91205
377928
65056
294035
38242
930350
6367913
91036
51802
283610
2188948
51273
1458161
165808
352168
61556
66997
1064233
600763
508243
71111
578367
713618
2674753
231064
115845
3796524
158669
5668183
710403
129319
464784
257574
308020
282971
46630
44823
68199
657122
2649037
1873198
448949
93778
85425
528142
1696972
178789
69638
211383
82146
148180
850648
72442
102453
333609
109054
81866
236459
201060
4836469
521826
67588
71316
334760
583412
260895
179186
187755
232923
148659
219037
971721
572885
96653
67252
532969
61703
124922
191838
1785484
270554
46124
340968
39799
303614
2767491
1124191
203668
204882
90418
591197
172527
343972
578281
684864
71978
136935
1550392
396356
177095
308401
1272921
6706115
163738
2088908
82075
163622
147972
59756
774430
485977
1198551
45525
429938
1281086
129698
637270
102521
131541
3582845
67696
180252
75878
2466186
639255
64565
681261
328523
51247
91176
2467804
1543324
314522
100820
97070
1979381
1051646
112688
189440
552712
77672
61840
1762312
760791
86783
54219
113007
191952
288236
63230
115157
73359
87696
136671
4119215
53625
63193
245861
52477
446164
3264054
1095573
75788
1068815
61819
102201
175020
356933
1532846
270555
88543
103363
147603
656954
71925
2012205
59394
1245593
231336
2397325
154228
319537
99357
445649
3294948
154244
263629
1986839
118553
737193
53682
123812
234524
121320
375581
143655
145775
114248
164523
116552
402366
92286
596392
87385
90203
413389
74321
43471
83774
68107
50827
737788
110585
87861
112662
76929
79789
697416
100620
849298
69005
117939
93673
239884
68911
68101
397997
256020
2548572
2802739
6642381
136218
87493
348584
100216
47323
40417
85143
616986
349877
1013129
86995
84268
1852597
2623866
84646
60311
57075
2613706
282855
3666197
166141
91943
394152
72585
3463888
78190
82712
6097375
253003
190134
1750838
250290
44138
116513
181331
111209
389982
350736
72829
164469
137616
72418
2412581
98795
66216
352254
454902
172759
264103
40288
144472
243614
455877
71502
88183
171214
98651
102451
2854517
299094
78171
780748
583016
1198402
78381
147290
259853
6291096
374313
347562
96746
187753
57371
642428
1708733
367969
207766
2311773
98704
399917
121400
220944
98927
939293
61092
957971
173374
303353
78780
1037384
273048
116529
84856
97670
99217
98283
108438
251475
170744
89063
171720
1439058
171872
970540
354224
1216267
1452414
103235
3973560
70206
1149594
73787
83582
202164
132918
1999766
66445
66586
184622
996785
114000
1110605
56069
5409319
94037
467150
59805
393862
280916
1126038
168415
94276
94714
155181
145686
97062
1095656
148483
183409
1212604
93255
270834
113619
146044
85368
318407
448068
74016
111891
535230
673042
112290
52398
101597
150984
98566
180287
1324756
382517
82027
99960
313653
40938
547414
66875
159584
2472787
2906797
484955
104816
96790
3340802
2383925
116218
178814
76129
121594
68145
291617
89491
159449
322764
4658132
126333
106589
114828
2379623
332348
167386
130921
340284
177024
603758
632971
56209
77685
85066
270947
219052
8906699
198510
68036
175001
663388
236773
125324
573437
404254
180516
52914
57684561
3708961
225695
189617
170344
138830
6991788
106669
1606412
65523
123382
11231889
135030
54463
140570
369857
468738
594876
1807370
85960
219714
379097
4199284
198207
41537
83085
83765
807463
157252
336978
117053
269116
330050
687459
168976
156139
72648
695312
4818123
147029
791094
426105
283679
258666
104270
954747
63980
7426401
64073
70372
2117543
2936230
255610
140524
423379
708888
156561
84647
219761
159853
87206
837601
51976
70850
114730
1666685
73796
374037
319453
151385
228621
92870
149221
73007
283816
151841
100396
78914
128667
451674
207854
103055
438300
105740
131453
4894393
216402
3578309
204659
247513
62568
103781
150189
167070
61259
270585
2409312
250176
54027
516795
120885
66234
84026
362930
926080
930613
61121
824232
184424
56012
1690425
305659
8582971
1374809
2895909
112724
101087
1376338
219218
201689
856612
53025
3106375
3079643
2008330
90972
168692
616564
206020
93378
66239
9006822
715433
78099
2293769
101959
72102
78382
3160463
77918
932076
41737
105697
116125
653446
290825
433215
144218
522909
790188
97431
88803
87612
123153
77744
139984
264987
57160
378968
59969
95310
268892
1837289
98536
86555
6352983
79636
111472
134941
179791
185861
459498
188040
2683088
151621
317451
49188
500665
443402
286472
121074
2978142
566489
154747
1235838
1949689
1327324
120017
86910
365072
323090
227451
723886
163017
65379
47812
201025
231085
2498124
226528
319617
99259
264289
112717
114192
54607
198084
281133
120482
88459
187516
147731
2997600
265296
1164121
128358
85884
989994
136985
62339
141224
167440
7008070
272871
87593
139238
90749
119963
10952494
115116
296682
130062
229637
620859
106065
2105812
59268
310095
118001
105089
88517
7901806
5647544
628008
238647
610526
101751
123302
107739
133383
997111
233916
99476
102279
200049
88544
76972
586783
164542
104308
151150
94089
362521
116394
1052253
591783
243726
288451
95543
116074
70472
201025
75340
222012
448057
88078
175549
620247
118727
65737
82741
344625
194074
52511
168335
231965
102958
41739071
1567025
122232
75009
500723
72924
74146
860963
88983
121088
142837
203149
93192
77734
1345973
2667001
369128
3860419
227619
109713
67178
522345
339943
115169
332464
89377
69412
108640
351128
134074
2285430
76659
306677
297660
317153
4501952
267748
54630
79083
332848
63205
91270
78000
1502164
930489
73720
241340
357698
3244943
249190
62566
320923
215227
1856528
60119
776221
283968
182390
870322
137032
100197
1866981
10921588
289587
210534
1517094
139527
186828
102908
221766
1136300
5844348
72423
278472
1046423
1180388
260638
175462
80815
3773630
3547026
150800
57001
253120
2096783
698069
488608
85714
125462
79167
139100
336689
311503
591573
87729
84255
447029
67473
78326
5758500
67775
1099536
263162
1299545
186385
147723
22356
7690086
82952
42749
199689
6892388
519987
68747
141658
141433
434068
140729
1297033
1056425
596181
78786
102345
1106960
324949
107505
170958
185927
1437056
117738
259204
128454
1771290
84413
244756
202026
142327
88844
98165
150102
2460476
5953123
298629
2558177
380710
912753
664141
295598
92956
841706
265141
77500
60050
379896
76355
206541
99187
145534
82586
114999
9829316
338633
71882
101547
53541
248712
112733
918896
179289
116783
764574
115313
250057
3639058
114189
1229693
693827
141148
130567
6645406
61817740
214935
130747
170982
341868
232714
883762
118393
139579
182708
377446
1299699
68418
636223
141438
279271
1697561
116101
255524
44683
98804
70453
124264
68896
212048
798822
2595834
100634
81248
62179
1335318
101722
4444004
321772
200771
708814
201144
146452
30347
180387
55431
420521
348751
82825
97117
198177
95067
108988
1371091
375305
487603
974812
4192137
89332
59174
178526
71219
1780656
1748071
38477
1069624
1957830
78876
61444
225577
70258
3358015
5624467
78784
24809
176570
147841
43623
176404
6098620
79546
76265
793392
95766
160544
133106
95279
126376
65590
333152
97787
1287942
81152
77581
55939
142906
116323
71778
96603
216538
280198
76492
87138
108460
107026
3768116
181433
304087
68332
527806
104487
2992036
124443
680040
57323
257076
254379
204488
155972
184317
568608
373986
133452
112400
169080
175518
92683
15011369
93627
151726
150482
70986
168777
90349
477086
68383
382082
407942
170474
623777
53005
388231
130612
126831
58223
138436
113347
260788
1526310
387591
316658
142782
925941
186955
147554
548858
48611
43294
5616872
100237
210729
343494
442151
263202
82721
468814
276054
275584
4500753
84335
4194858
250577
48333
867868
272226
92385
123702
88013
108473
465579
110041
122587
266229
172649
120825
377994
155584
2337401
111973
312219
154920
181791
65450
55967044
498850
169492
95682
553140
280812
177734
94107
200174
80751
56457
67745
375758
162870
1854866
670145
151378
104047
508713
3180337
50742
1126690
39596
85098
3233524
155248
6676774
103061
262563
571607
61792
354332
253690
481064
195081
6690109
66149
629036
184348
83136
209241
2468036
360720
103319
88172
284767
182350
236641
445478
101979
3190873
149712
313755
363551
781223
66750
1737181
251864
368184
58462
98038
728977
188124
107568
544982
140380
1819986
167991
1412427
70883
186713
221881
97349
128982
115234
525628
154700
35330
143958
109359
439815
362608
227967
205353
733798
2437168
85560
46458
67613
174200
69037
111064
158491
314164
75115
95366
60703
716281
5185481
1456460
5490013
62225979
179421
406518
3546656
115426
208336
189115
1173115
174554
31206255
1229151
103462
152647
81282
450209
97750
119118
1000057
97757
840353
90493
127773
130599
216009
216411
135228
170572
131315
66379
129749
149728
350330
220191
104160
86575
347628
2832509
473843
501977
95374
191027
759018
307963
403668
63098
522416
523315
313039
477162
68882
45521
240090
473852
654739
582620
482577
367390
80166
2071405
45696
2789849
205041
5140067
5226485
64828
51313
107146
1592798
250245
233723
157660
105733
1102612
85124
348446
66700
1355237
255955
122665
247520
58662
1836037
1014685
167253
274782
89480
167287
56234
1363359
880835
84293
2273530
59678
189923
911806
286899
123970
1329310
338169
92159
76829
110868
212872
58610
93392
104485
113749
2166052
125472
503081
52575
726736
66623
51112
1006864
3101260
73512
1434682
89422
3119986
405805
1546899
83853
46167
582487
7721697
1339181
149262
141056
88960
111333
85153
3019857
380223
115113
13782936
550960
101753
83755
272096
2079786
59444
5213288
49941
247045
191527
125145
295624
1627963
47932
67675
140589
214051
406116
208235
636404
588125
111249
86598
50521
131951
134261
116747
148620
226099
591557
196265
114494
2075818
103680
93699
662600
309238
140224
201849
202637
2471991
3695633
81279
90214
231910
600189
93868
2260430
2271939
149204
332389
228295
831360
102953
86784
73237
2770986
209168
2898110
140478
80743
322945
64402
105933
195374
336225
196495
191649
199492
3896964
1410946
610370
121101
107260
412206
166510
339212
2279796
115765
264790
439964
195391
83426
61258
125248
127568
611333
100333
183745
318752
69071
134224
366723
150865
102555
2302177
113747
69644
448821
5651192
125104
64978
91077
120912
69266
102403
182101
352266
236919
245288
72521
10731952
140459
60119
5395230
99374
6362895
278931
83717
272422
2741335
527127
234284
166211
505783
527050
352333
161992
4003178
166605
321521
4974480
468962
114936
961211
57429
134890
129413
337323
54051
84558
275787
11697477
479068
194758
548564
385275
3427034
750557
528860
100596
79381
221129
3927273
380304
99255
523909
123030
239061
834748
104964
280448
174749
7605803
64234
117719
86613
159036
139736
231239
636397
80731
1204898
67707
123113
113049
198333
129853
4921491
67202
148413
167754
178868
71980
115941
155836
212416
2536622
695610
365079
93965
5123443
235044
1699601
494713
168404
97637
99693
210517
55218
113047
198346
110500
2495226
93344
144332
119464
825844
66260
238022
49257
169889
340955
251069
79779
80281
722377
6617319
122141
2407306
345789
177694
964123
259632
166373
163936
89808
1453034
168635
860641
449794
95402
720285
3338863
382872
94364
918678
699996
5192393
70444
73298
303887
449198
206490
360730
137903
138427
229914
86097
207582
164132
323982
1012865
128693
219298
57927
511722
188076
101389
1413119
111814
163300
2141332
65313
676614
2937319
17750316
180482
295845
56287
475519
535866
229079
6909933
79939
668926
3049526
470538
83628
979496
162624
153392
217210
666157
9273957
40158081
97328
87754
72305
74438
878698
612467
281559
428154
70073
139247
183525
69078
1846105
76294
106597
505803
384597
81713
42519
709724
304168
1556690
2272670
40501
125627
1401012
127534
195125
343263
120404
1283414
862316
408384
96332
95386
51323
352806
127218
175268
190786
114664
221379
856715
94028
118088
465858
108501
147232
306484
519856
167144
89825
98642
114425
88921
131270
1174491
146968
59221
1215056
185147
131211
1178225
60342
859689
87686
223467
1100226
168098
223313
332415
532378
1588200
308983
151878
50656
942377
113621
125523
69085
205183
536291
77125
1234788
800731
2534045
707993
102743
10294479
97562
84764
545366
441291
799291
921514
775482
196103
255962
145820
517781
414154
59299
307380
91972
84254
129642
1505123
141030
89211
1303462
65852
74343
1215116
252782
55425
875385
187128
2965876
1130303
147872
97495
802534
165787
3123852
614504
93807
3766519
42937
2416763
165165
14824422
912326
319802
110418
1194698
259309
165666
312124
101523
595417
59154
228228
155873
124765
62853
318644
119804
355237
96797
80608
1482284
349035
100835
58658
65419
104327
86220
734973
62960
107480
41535
89945
1287812
490026
181225
376724
138679
76899
137824
103667
63945
64587
682190
93904
86409
723815
115899
4761121
1658206
46901
975702
1211226
100069
233563
54055
160570
128275
343386
555360
230822
110895
75129
176267
488628
105057
87473
227467
11932518
250186
67709
121307
382900
214611
71684
148127
89428
86030
87425
205546
2212767
285147
219403
531016
78343
390906
155305
88661
2152416
1062837
185304
134085
38377
103576
16422245
75108
147328
483906
169061
130255
228670
199928
1104915
326342
14246075
95423
74819
351837
81169
103792
966942
62690
187346
96999
63074
104887
51709
74472
84778
621218
1295560
88436
356883
200483
3694494
123186
134297
588333
84698
171514
969087
227354
2722913
2931783
111783
3231835
303282
456818
148160
65082
71777
123798
483594
132980
1357827
304753
6793044
2263965
128500
284655
181659
294160
154381
82506
3707031
77689
93945
120176
60133
68199
876660
2056824
1738943
161388
4295279
1534919
208613
1006602
72311
125882
62454
376897
87331
177647
106444
575734
8651661
352215
41019
38200
588206
1996260
1763937
55273
274242
192718
88914
933571
163633
458580
419534
37440
105312
54896
395607
249654
142550
97492
7704393
108842
93499
92370
70705
166222
135299
149905
536720
104640
65701
74436
85734
115219
21970793
50250
830507
442671
72818
61065
164598
645909
106065
59025
99451
274522
651934
286865
63752
2610319
66337
194215
65999
105687
45814
71957
161788
3784981
148275
222707
313205
2328639
331927
95557
1614341
380658
1278121
274607
2482803
78351
135618
118441
82458
1048376
414750
75503
170921
13888546
158886
104827
81521
365239
148818
721897
66703
2697736
197143
135801
64393
128106
68818
119305
138556
291545
247619
82017
52718
860299
121216
107988
46571
736563
268428
146022
186619
149301
164338
364837
356731
164858
57313
1667076
94659
83778
2938341
191788
216127
73759
482880
86713
150990
81047
43955
52671
37417
401732
245498
148726
152272
74593
6919357
894237
808133
55156
4706802
446067
3182935
1509954
106254
305994
402040
85556
86179
218824
161741
257272
103339
199848
241313
153226
111841
141998
14794559
212657
2416582
4461450
81216
743864
646032
31103
62663
175753
365515
79470
71585
48456
64672
130993
364653
52956
98589
58156
214784
167970
6791700
129640
154003
319661
88739
40594
311448
1256817
38463
79903
434768
422920
3186195
2495470
283364
85110
164320
2765584
553578
102118
161103
1802649
498862
160036
137796
110634
73390
1950491
85826
67834
288920
98657
11143876
82618
74092
98884
193959
137876
28853
4502247
137061
1194165
101104
92364
88052
67243
239090
206828
208145
155153
446088
81780
332604
6665802
93794
81330
148987
3399606
74062
282236
168316
550548
91868
1949139
141713
344569
506173
557856
127942
348252
111632
1326495
77195
87476
174377
111459
63142
90112
89467
518361
129485
122349
2612317
630949
124228
195787
166382
92534
949092
579629
10260755
50662
700122
105516
824583
3363126
213991
63907
78590
361024
90896
120157
122421
62876
539536
238192
516341
4358847
175460
108226
94618
77366
116355
235270
1295636
637196
2006131
53823
614161
88750
5094567
160761
595921
85455
110130
139720
56338
4463665
99040
92942
234865
55064
106351
36411
93303044
365496
194662
141533
145346
250596
1774493
84367
4467577
64384
77295
201091
1237052
81742
108111
977993
304936
116827
1219227
114827
3591632
84426
198167
121238
243851
134927
120758
100354
398363
87613
2392580
390772
