244
1203
1885
1190
969
1527
656
974
412
317
402
5341
1755
979
1669
419
725
968
1619
221
835
1112
509
801
487
5983
503
1067
1534
4007
749
562
3222
1790
592
693
338
1324
308
435
300
515
1429
2582
1503
2732
1695
389
560
3299
242
1889
526
715
453
564
939
198
698
333
4351
467
395
351
7770
346
1984
1526
735
615
1256
1024
1322
574
962
543
1382
2863
1396
496
1170
1057
2021
590
665
502
996
694
301
585
967
293
546
342
530
349
865
2138
403
342
1834
389
3613
1932
2702
296
508
2549
454
1442
470
1628
476
352
505
902
271
546
305
675
184
309
2693
460
490
586
3272
3972
1277
360
1522
2051
935
613
352
1189
2947
478
587
1282
325
497
440
298
1124
1032
970
219
416
272
1509
1130
476
715
336
438
465
2824
3114
831
937
270
1740
467
550
1852
547
1696
249
501
3879
264
605
390
7103
1705
199
2617
570
510
521
2135
1954
677
809
641
473
2472
3361
2889
1740
474
1432
651
852
329
509
534
412
689
650
625
2000
1201
795
784
904
715
511
418
372
1589
584
1063
432
489
628
1013
426
296
898
716
534
505
368
2668
646
1269
644
613
1762
3365
2765
1191
549
712
275
1598
7074
3474
818
1542
659
1053
627
834
211
1687
391
453
1439
1473
1657
430
278
4331
344
468
1154
549
348
367
412
343
1805
952
1282
289
660
802
1716
588
2292
327
1058
600
1105
1409
497
367
264
1615
388
2493
3606
573
821
849
478
567
1423
878
1124
2606
1688
1964
2486
408
602
1510
632
1944
697
384
236
979
422
676
1553
229
345
590
591
423
598
2736
2964
726
1168
2038
312
412
465
838
533
589
749
333
498
1679
1717
377
432
352
2644
9113
889
802
491
424
851
1222
537
508
336
453
1308
646
368
1439
910
1649
620
1777
1016
1908
359
1009
455
585
527
362
523
1039
524
1198
591
707
686
1258
415
1206
289
1075
676
897
2812
329
586
803
432
380
403
625
709
311
436
375
477
790
632
432
1696
2456
539
301
642
2890
302
354
409
987
338
686
320
356
986
611
501
547
270
524
2588
2865
2229
1067
680
363
2242
674
1030
1767
2968
780
974
1358
344
333
412
1100
433
1669
1186
1096
347
760
710
677
340
273
1068
1496
921
337
2366
889
903
5920
1005
214
1244
708
764
599
318
457
2601
421
799
821
672
1399
804
2512
424
1011
365
712
920
999
1154
552
6264
375
507
580
2146
675
3057
923
2201
2185
623
736
1566
492
588
356
328
1154
844
263
393
224
524
952
518
612
315
207
259
1443
576
418
433
623
223
642
275
3168
1336
1691
1204
994
261
2421
512
208
418
774
4837
771
518
1025
220
324
253
1518
382
279
392
1436
550
485
526
1349
255
355
2030
751
314
313
495
1202
426
636
2208
348
343
675
1024
1516
320
1146
4349
414
703
276
256
363
725
398
430
637
1177
604
711
440
734
504
345
628
1251
8130
915
4386
536
522
385
690
2243
793
710
1555
839
784
1403
1126
572
428
858
1775
666
772
480
353
988
261
1314
3720
476
332
727
390
482
2925
556
4735
1512
559
9754
359
793
714
351
4082
347
927
505
472
1217
683
2333
426
331
285
855
320
1557
541
2736
11090
2768
771
565
1114
536
561
842
1685
1825
803
504
484
405
281
1489
1504
3642
504
2319
792
415
714
701
369
2797
596
1320
1461
246
542
1711
494
517
538
411
1505
1750
1360
4848
688
532
2287
898
313
1350
5775
280
264
638
486
978
298
517
916
880
364
381
811
888
1233
23079
3362
644
317
715
345
291
894
341
1292
264
5977
286
553
1330
392
480
3633
9123
2207
1302
1236
552
1195
2150
393
3727
3637
331
687
589
1803
411
743
984
1229
513
338
487
476
722
277
1098
1874
15402
676
921
525
336
380
318
358
2095
321
482
238
455
362
1875
1292
858
2093
1035
539
2172
405
717
1321
1678
3190
728
1132
2699
2984
426
2109
936
390
1509
1351
1067
951
894
835
363
505
11427
379
597
580
508
1906
481
1794
4258
218
557
2396
389
383
3422
577
630
376
706
892
662
714
395
784
934
304
621
494
379
621
1273
406
503
485
432
536
448
1028
587
289
1120
1964
864
379
835
344
522
388
445
427
7894
399
537
874
891
592
497
894
569
1330
1106
187
6765
1519
474
342
402
525
1525
728
617
2221
1083
257
433
491
962
440
1022
646
1108
649
716
469
940
2097
4256
308
1527
1580
913
2022
2507
689
1719
1268
1094
1431
594
579
2334
346
620
541
1006
964
364
605
841
629
785
503
10790
689
672
1346
2167
1168
346
853
286
1169
1056
642
4057
424
745
512
282
775
489
402
715
3035
623
560
983
1927
421
8513
2025
447
589
514
589
1252
746
476
748
543
1667
1081
2738
1530
2139
1191
1899
1039
484
435
4473
2436
1291
812
397
303
831
372
652
396
540
627
1934
549
3924
225
429
351
962
646
687
485
1825
227
706
1056
1614
1158
2151
490
953
513
343
627
321
813
385
994
686
674
300
982
749
346
919
416
390
732
527
523
4100
650
993
410
971
481
897
619
524
1933
1823
646
1072
695
741
901
1328
1264
531
274
520
598
565
1073
1328
339
381
3168
369
781
783
769
567
338
935
348
1054
1656
211
442
1806
1388
491
1362
826
273
586
455
522
541
1869
307
702
4635
630
2084
3114
967
798
413
546
715
573
568
2668
709
361
1182
3865
1717
722
1247
840
468
232
482
552
1286
2361
1914
1467
368
1411
463
1422
1662
487
363
857
677
2463
379
937
1051
323
5902
479
393
836
515
229
1281
451
1393
517
1334
790
2312
481
477
562
1058
1132
506
3431
460
1543
645
2031
1275
2149
530
366
2419
12584
579
955
623
529
375
1967
387
2876
6171
448
974
1223
774
2090
2192
466
450
1573
524
279
694
634
2735
1262
521
800
270
461
430
463
580
721
4208
485
612
3262
820
1053
263
536
388
1403
219
735
654
1019
367
423
480
1409
942
782
506
418
145
715
412
1477
1521
850
556
672
691
438
938
358
1061
448
2094
799
912
2136
568
737
619
926
940
627
429
13273
367
387
861
1776
16019
656
1134
760
2264
381
1302
655
351
591
442
1634
579
1266
2440
727
413
680
788
676
535
205
573
480
273
327
339
775
408
3117
541
6067
1240
803
336
5144
428
525
352
1881
417
659
399
815
615
431
531
363
8885
242
282
712
340
1666
712
1212
453
1035
533
4415
812
933
2395
772
606
484
1309
1998
215
1074
472
2211
248
348
458
495
4705
552
1382
548
1135
470
496
288
861
733
515
635
2068
2356
600
1445
998
1615
539
652
2740
703
575
4919
1239
1372
998
438
850
853
365
778
3819
682
558
724
824
283
371
1388
2014
261
446
284
1322
14969
2322
804
1588
765
300
1890
1192
1100
290
536
821
872
1277
3260
315
828
1437
383
416
398
9191
3854
642
498
266
720
371
1339
342
949
417
619
2593
413
548
1615
615
372
1578
847
1798
481
604
836
1402
609
718
430
551
1241
448
688
260
1071
475
196
1094
314
534
567
959
461
606
728
4378
1861
972
782
492
728
495
277
428
389
357
359
2911
589
504
617
349
4716
519
414
1265
564
994
768
621
2449
2609
667
399
279
533
738
849
1858
580
369
875
779
283
497
6399
1271
1848
217
317
3716
805
265
1806
1005
766
859
1522
2447
383
1035
440
403
268
895
1968
1472
382
308
723
565
492
2218
327
3587
206
789
3783
1708
1795
926
555
1236
516
595
968
1324
493
409
387
1055
1199
1418
472
593
3430
565
598
949
11096
946
225
2037
1943
1190
940
15791
288
1685
708
519
2041
420
2903
648
1129
1277
2084
695
1865
379
810
515
585
785
589
1853
444
514
534
1266
994
334
2730
658
560
2697
957
1110
804
3389
272
1359
1302
802
2798
394
1448
819
2743
2839
2628
718
728
369
1012
276
2253
235
4833
518
609
676
2035
2199
1276
2120
502
1506
923
462
1923
7020
1174
432
179
500
2576
1478
1624
619
237
578
4222
777
1208
2033
1929
1360
649
473
2503
3337
1165
743
369
2637
1025
556
853
1434
494
1262
613
1213
983
406
3704
30962
11435
1141
8894
637
235
242
389
355
677
15636
1601
370
2892
262
414
429
305
3836
367
603
3866
1090
247
447
486
2485
719
1021
1034
724
1213
664
557
309
353
296
492
1431
332
3765
262
423
648
292
815
993
233
1030
1642
245
548
1210
466
2292
793
645
894
4031
1799
736
1485
566
733
1646
2270
830
1205
818
712
575
653
941
299
338
1187
345
2520
597
1072
424
489
430
274
3137
767
1668
497
1720
361
346
869
2381
342
391
775
2861
849
567
838
660
1249
378
1081
676
691
386
2414
320
315
356
3770
372
2323
2752
316
570
242
335
500
1498
555
372
715
818
948
466
568
789
2841
373
652
396
2906
577
621
525
9475
364
648
490
631
9008
2418
524
246
782
437
356
327
3188
610
514
1280
743
2163
386
1414
1077
1124
621
417
1570
3581
488
399
161
942
391
579
1787
1452
1761
1575
1385
394
334
452
1954
4024
382
8114
950
811
426
780
964
3590
442
640
1444
1122
618
916
466
540
460
319
868
701
1398
936
865
841
349
344
2319
4793
1038
387
714
1051
607
344
394
373
1070
556
288
642
595
775
595
514
4341
759
539
619
1072
432
1901
644
3902
1601
2062
542
546
3240
977
498
892
941
964
1344
789
373
586
1965
1041
910
546
726
501
1065
795
355
625
285
976
1601
299
484
425
3891
713
242
875
1812
422
423
781
320
545
875
297
4269
292
534
917
441
2571
2493
594
2738
396
390
406
12069
699
970
590
3034
873
454
382
1865
607
2768
416
409
304
1055
804
466
457
561
540
2101
1962
4479
329
512
483
952
657
770
486
561
420
427
436
607
374
949
1728
786
385
988
1092
835
526
1034
406
538
455
965
1433
614
488
1960
1995
419
688
649
375
640
759
249
932
271
1296
453
1630
677
3244
930
598
950
608
3853
446
1610
1656
2795
946
650
810
932
297
764
316
937
347
295
3863
492
940
664
794
507
898
423
359
1574
304
2426
1939
2467
6356
226
550
625
465
303
2940
431
633
1658
410
590
555
1928
4805
1928
1740
302
391
425
676
891
239
719
623
852
1320
2664
1000
4884
437
534
901
477
1295
673
310
2349
961
667
1295
740
688
459
3259
374
592
719
1516
529
1461
1311
968
504
409
239
521
2259
916
1524
2549
2419
6169
331
430
700
1175
211
371
736
3118
1475
2218
599
530
369
924
847
1545
189
1413
620
443
677
5101
431
1322
731
416
828
551
339
656
783
639
424
2326
1473
782
1331
1144
2378
333
475
4314
928
1036
1028
852
893
3104
574
281
318
956
3188
488
631
1893
857
3517
355
2250
2261
2174
401
546
368
292
385
323
505
443
2842
434
3813
351
1179
2118
539
1709
350
1717
483
782
671
1264
2124
600
2700
381
1142
333
535
291
1293
602
473
443
324
587
1423
848
264
1866
1384
839
552
1211
1359
610
1057
672
409
998
796
2773
506
285
945
323
528
500
270
1637
2470
917
244
1056
668
3246
1855
3305
803
525
1074
1698
553
554
1983
285
762
252
1281
481
686
280
385
890
446
418
688
559
599
955
279
392
1393
1746
846
1207
370
2936
297
2361
1148
439
758
1191
213
397
346
613
355
5958
2309
698
482
775
246
593
846
541
804
651
1754
351
443
714
1335
775
764
622
740
3616
451
3094
575
299
380
3768
334
388
664
1584
565
418
347
1035
833
558
567
901
1146
710
440
234
308
1248
239
790
397
304
382
1217
382
1491
443
2157
605
1153
2503
938
1915
515
335
498
507
262
773
504
275
1777
461
329
1031
637
391
660
1083
757
356
2338
784
543
571
5013
1181
275
868
3873
329
723
537
349
322
415
1523
644
2483
469
603
459
436
241
1101
209
358
1645
270
819
938
696
489
4384
514
522
555
673
468
930
816
642
256
481
1336
1303
576
714
429
726
955
192
1207
704
513
738
338
976
993
350
828
884
880
590
1060
1242
1147
267
2487
474
384
3044
2289
528
450
3372
328
637
380
953
612
682
2833
625
690
269
333
10169
1047
899
1770
438
802
1812
790
567
431
789
477
278
1179
302
476
2582
3083
897
433
862
1064
409
982
14040
925
1616
273
447
1627
739
330
3522
4557
531
422
969
1494
485
7394
5764
386
603
2115
4895
483
2061
853
1073
503
647
835
678
569
4065
2715
1158
6870
779
370
810
274
369
346
587
2531
344
348
2436
681
306
294
722
2093
469
746
208
724
1019
1948
505
984
573
334
583
930
258
417
258
346
1303
384
390
562
267
347
728
313
448
1231
666
3431
1130
1729
1208
414
257
378
558
1015
382
932
396
1223
455
1490
364
344
608
262
996
374
971
1586
721
715
578
1102
656
403
8803
569
667
1052
1322
360
294
525
683
2150
999
305
2858
433
593
363
1289
1116
1054
816
197
222
548
932
814
889
7324
994
391
793
1605
898
306
474
3312
734
1223
406
483
2947
1188
755
2456
703
611
3010
458
996
2548
724
591
535
1978
494
2245
774
373
1893
1134
1158
1397
645
511
319
615
1106
1895
2135
375
4745
3165
2007
555
641
887
416
731
421
328
494
407
3755
934
1068
1202
876
604
412
1705
577
1046
324
692
1720
2737
652
804
603
258
658
832
1116
565
496
1545
829
309
465
614
3062
1440
1018
304
806
816
570
874
307
739
491
392
3395
374
286
1202
731
619
381
812
837
241
1607
594
599
2657
428
1664
1286
589
768
462
4366
720
1708
641
584
4399
507
1119
717
296
528
591
783
384
1166
355
1247
487
301
1488
467
907
1995
579
439
910
510
659
773
3438
3000
710
388
247
1141
310
1737
2386
1544
2118
474
1506
481
803
216
1054
1198
1743
312
699
578
599
1918
1410
902
267
440
664
657
773
1181
1000
506
829
572
641
610
452
529
645
1788
555
254
573
206
6442
1218
421
236
2646
266
1573
1052
300
3494
888
3793
434
674
2003
348
1965
1545
5059
1198
428
370
611
685
3154
308
417
1874
342
1195
897
1913
1785
839
701
629
244
534
527
437
538
694
390
767
291
538
1623
822
620
1615
428
2188
535
2307
467
451
542
307
1241
293
663
363
753
319
633
1226
254
349
335
726
1996
732
642
869
3731
832
894
409
2365
333
714
1425
1128
1235
895
876
1275
447
592
2306
429
616
2581
1134
395
510
786
1038
875
469
1269
1081
428
340
451
7140
1132
735
679
254
754
228
5046
813
447
327
5761
468
1966
674
2816
311
464
3678
3580
538
1265
606
393
578
2978
1599
2029
291
336
596
808
1107
514
1162
1149
492
465
371
418
1207
1169
1465
465
3325
774
1925
695
690
512
3204
1222
629
2830
390
245
1478
718
429
2504
464
396
2280
30033
437
337
281
960
473
497
803
1055
1768
1594
1030
2982
591
592
434
336
924
2897
2014
952
461
1302
601
318
567
584
273
469
9717
715
1048
448
994
1260
1980
542
1457
18932
2317
500
849
435
1571
406
944
2540
1433
575
4987
477
193
687
363
2636
479
635
2359
662
547
746
1334
917
539
1426
2459
624
359
9347
2655
760
470
5268
408
343
819
420
241
3343
2611
814
584
335
339
583
1071
1116
3645
2214
2888
1092
652
2799
1282
411
2210
1604
357
652
1738
219
1827
628
553
1664
636
4034
2991
431
599
509
272
527
788
784
304
450
1070
839
368
717
8041
1736
481
613
2896
764
1840
719
431
1275
629
946
386
654
234
519
659
961
850
1413
654
936
377
792
492
1556
1906
2049
331
488
614
917
1274
1225
456
561
488
360
391
1075
453
5247
828
2411
855
1609
437
2771
707
2814
887
2742
422
1666
397
732
748
1832
1119
2776
2834
260
3824
2011
303
1677
1052
645
1457
642
3255
2057
1462
628
682
592
519
1120
476
985
556
2325
326
359
639
1397
878
587
1532
4737
435
316
795
340
548
5771
559
657
384
553
1628
810
572
543
293
869
462
599
448
583
3236
783
1657
721
1245
675
510
236
740
592
251
286
2591
11073
1253
645
868
879
989
2511
664
289
993
3996
910
326
966
1439
973
329
2798
382
516
2409
586
654
652
8771
2585
6693
1065
839
1410
316
2780
613
336
2703
340
597
7964
559
547
1689
597
758
733
397
551
889
2232
284
275
671
443
625
492
2723
1499
587
668
342
633
441
1016
806
589
412
246
1030
314
1243
478
495
218
11666
778
347
421
1763
420
357
2513
455
630
916
3304
486
420
378
904
502
976
401
384
5180
433
2106
606
789
930
527
838
328
4688
660
863
323
1888
657
853
675
556
840
885
386
681
1570
601
440
862
511
953
1736
644
625
660
2901
248
578
357
1223
1691
627
493
1534
578
1051
468
641
835
573
616
3344
376
2031
602
2444
831
586
619
1302
1063
1249
1119
747
1118
317
5712
1041
1429
944
956
389
2505
313
2603
551
740
523
509
853
1357
400
801
1992
573
700
319
530
468
519
2839
586
618
421
2609
1712
441
765
1174
2707
813
531
903
260
464
847
561
612
3218
2162
10863
420
495
511
1338
558
2459
2521
268
2648
727
389
1842
655
851
1973
806
403
3758
1991
1719
219
507
454
228
414
680
672
4338
4027
1270
385
553
811
770
430
2825
3118
564
573
451
242
457
849
3095
523
6677
290
540
462
3471
984
660
606
1336
601
250
652
248
788
1397
3142
726
329
1442
463
1024
543
977
3830
1913
470
792
244
437
949
337
545
674
3796
2709
341
2113
466
363
1482
3124
279
996
5342
342
10669
3441
474
728
452
531
4786
472
2854
2913
714
2365
242
706
791
1990
729
1753
538
375
1133
643
1235
611
1604
2120
2417
399
739
325
4856
662
390
375
1010
612
2916
457
1335
473
746
3297
1400
505
309
297
924
479
1020
1347
4140
246
652
575
229
1014
320
1243
261
2504
3419
355
458
354
2337
379
1234
900
451
1005
476
8652
768
627
414
1129
2156
2254
2117
485
383
358
7417
1698
490
2401
3217
295
530
566
651
794
1038
299
9668
1616
318
1513
454
674
258
698
1486
618
3711
748
11937
464
973
430
2531
506
3631
465
523
501
290
453
929
1718
859
332
1711
3398
1995
516
547
760
1068
2097
1117
669
1882
355
839
2686
615
758
311
433
1033
1107
398
734
361
1742
4167
670
1366
534
2594
625
519
1257
954
942
1206
2024
2956
504
538
3106
1037
3385
578
3222
475
356
358
1357
394
807
662
297
705
584
679
9545
3723
341
344
2483
311
547
1455
479
431
791
604
889
318
476
1707
600
788
517
2334
546
1484
367
1381
566
1593
465
540
708
286
563
520
565
676
833
1908
1267
395
450
2166
638
276
452
422
1147
3540
520
450
323
1194
2758
408
742
562
6921
2092
931
2506
419
2476
11318
576
518
479
589
223
818
10524
337
1435
732
1533
431
587
2117
433
429
834
3323
470
733
890
240
790
653
909
377
437
326
658
252
767
338
618
2906
834
2490
874
379
427
496
893
502
222
651
327
340
520
2124
1806
231
383
722
2066
592
11442
996
1024
576
633
1131
671
359
294
391
16115
639
7015
533
1291
823
4222
871
592
408
1438
781
490
945
837
673
1015
1448
514
804
988
1103
403
466
474
649
561
648
380
480
2309
1577
522
1085
610
390
423
291
1691
1865
1702
328
827
1349
6733
825
1289
907
891
2180
537
412
424
644
346
637
993
388
1630
645
264
2377
485
541
635
789
315
764
661
901
687
638
675
324
1555
234
652
338
3434
2898
1894
650
358
1004
525
244
670
612
1140
664
4143
1338
1700
2094
332
264
980
421
414
1414
326
765
1762
852
1929
1627
5560
1356
714
1279
779
1599
611
1678
717
1307
368
592
690
458
1601
940
651
1098
377
475
505
570
1454
3393
450
1078
630
2195
806
981
378
271
375
560
450
497
1699
653
214
804
461
836
241
1249
1520
281
369
990
255
1506
1228
1075
819
689
327
861
288
1041
904
389
309
461
2161
7263
519
956
365
1384
757
7488
1377
1012
361
608
307
730
295
435
653
2787
781
547
242
396
380
1575
755
1515
1901
794
400
278
1246
286
554
445
1506
1203
793
458
1382
412
472
585
521
761
945
460
607
1027
1188
914
646
980
393
394
12812
415
1915
510
639
4146
471
1593
361
592
1718
827
947
5452
399
1020
876
1041
1970
959
1138
656
1307
4589
352
685
2104
938
688
277
1908
733
427
346
619
525
5317
361
731
499
673
567
390
988
2992
7226
910
1271
725
886
638
767
244
1504
622
226
1654
1674
388
1398
1436
401
716
540
299
4176
895
508
1011
3037
1078
504
612
588
247
2270
645
3468
553
344
761
450
3905
2283
1289
513
763
299
1956
203
1124
759
2456
1182
2984
419
1137
597
4641
2208
526
5600
1021
509
276
425
1224
438
829
389
3311
628
2308
1133
405
497
2917
450
1115
1347
865
392
381
561
409
945
4553
583
1428
632
357
583
414
1104
421
5488
727
404
277
333
1028
759
873
884
316
4336
769
621
277
923
793
819
246
871
2878
520
972
800
2416
521
777
805
1679
15446
2683
1305
554
410
2555
639
274
1169
298
1504
1562
347
1463
1712
1022
3939
2507
1230
791
1899
200
539
893
501
839
2242
1393
1404
528
415
466
453
300
220
648
7863
670
1466
3728
574
597
639
669
1088
368
1500
393
525
1451
598
429
343
505
420
954
2329
3453
643
419
1818
576
525
485
463
507
417
907
2220
247
473
761
430
1340
370
605
230
442
876
556
2173
708
766
1734
1251
404
373
678
4028
643
628
437
577
374
6483
1545
455
355
343
1517
1106
301
647
1434
940
1067
4056
665
535
2264
1101
562
314
781
549
553
1488
581
1450
253
394
466
304
5711
564
698
755
1926
930
947
460
753
2416
369
1082
3018
356
580
420
4535
606
1461
473
1141
334
276
1551
1544
437
2596
1291
322
542
1605
502
1365
574
462
2144
589
494
338
598
480
1843
399
12235
410
586
1106
2566
5060
283
353
1904
603
642
452
324
501
2194
1674
2209
3331
590
467
569
884
363
535
2650
2535
983
1662
855
525
1151
914
1137
1909
1005
698
596
458
3489
356
222
460
1797
923
3197
474
936
1729
466
734
385
633
952
447
2407
1192
286
641
2577
4850
1204
2167
820
523
408
655
329
581
511
687
443
3633
415
512
401
912
2177
661
5092
595
429
508
1705
1092
1395
793
270
436
4375
1553
2195
421
210
1424
501
946
3216
1127
520
1323
831
532
9873
1794
470
3000
1404
303
342
962
2877
281
746
2513
1359
519
718
2313
392
575
331
498
253
501
1848
641
579
508
969
1374
568
460
6245
545
784
665
756
538
1796
612
1255
573
540
499
532
598
679
411
2317
1022
443
1982
3442
442
980
6209
541
2235
3107
607
425
467
3292
465
615
424
609
1249
548
1108
962
832
303
1902
776
253
574
1006
3587
679
4689
784
1802
484
1590
6534
474
241
313
763
1798
276
4148
432
1150
494
563
286
493
519
4745
1229
570
406
615
1327
985
3006
366
424
589
473
1609
1828
239
315
602
709
1594
1343
469
1780
239
511
836
2995
441
453
1725
267
1123
360
388
765
353
319
441
620
812
12403
2648
695
738
673
541
717
843
720
1093
384
633
544
2408
478
955
348
232
321
498
583
1056
1346
1035
6548
386
539
771
502
220
345
431
289
932
384
237
1007
542
1182
484
512
763
368
480
514
332
858
1888
677
260
2990
3966
887
792
863
491
555
493
634
1070
591
251
631
343
502
2281
1138
694
9780
1548
943
643
3020
747
486
1056
1396
788
1301
993
616
1213
442
653
315
1911
991
547
557
1306
396
1931
3219
515
361
482
457
8289
2560
1129
1459
3610
355
353
363
576
1405
615
561
336
798
655
456
979
498
529
358
868
300
515
1402
291
662
804
290
269
1816
2796
361
1414
412
4571
226
806
405
789
317
1112
406
905
507
974
371
1425
999
408
497
563
335
620
416
768
483
281
481
366
667
587
390
439
561
191
497
614
768
1002
308
566
3319
645
569
529
538
846
1055
845
393
461
1145
442
4147
787
1231
736
396
1072
382
1032
598
409
621
224
3283
546
696
3066
244
503
219
384
330
339
392
358
879
658
940
796
556
443
3212
3862
615
431
3745
683
291
331
337
1354
647
512
1570
452
676
2499
2154
3654
1652
9839
2491
1317
2407
265
1228
350
348
1082
305
813
1077
531
733
3023
1158
754
435
219
1270
425
363
4941
1839
597
253
4593
601
513
232
1878
285
1529
320
1629
845
645
481
824
1379
503
449
1477
2246
603
731
3181
866
481
1738
1656
407
288
427
340
1139
1202
513
566
815
360
1570
563
444
269
627
770
434
498
2264
482
376
290
229
470
1637
4269
880
470
422
1619
2046
676
537
393
715
377
433
503
261
939
402
3962
1255
408
278
523
6633
242
7191
2826
408
234
2053
533
670
476
338
2242
678
516
308
1750
3506
668
1433
652
331
1391
917
879
388
483
1121
536
1650
455
636
216
521
1574
494
852
916
1199
343
453
519
366
1176
298
631
1104
880
479
327
460
357
649
469
389
1621
372
672
1809
259
1566
2115
625
266
687
764
575
448
877
3524
379
395
595
302
593
819
1958
644
322
976
445
566
452
2993
1264
481
9819
342
529
1757
2646
478
567
339
384
772
861
456
1558
746
378
1915
667
956
274
381
311
573
551
7028
988
1124
401
821
563
4833
3216
1350
1962
1037
1023
1051
1423
414
2275
569
492
264
308
315
492
591
897
701
1986
1298
628
1629
374
314
1570
563
4478
883
4526
1645
522
1340
3454
475
430
2071
341
464
874
703
289
2680
292
1118
1000
358
1840
510
1982
1573
1154
760
586
1196
1223
2088
289
499
1029
563
598
1034
369
9369
474
772
508
307
308
531
1571
2009
644
955
2334
485
6596
498
1343
424
5701
1026
450
387
2217
337
673
772
400
948
362
716
1886
314
1161
444
3460
592
529
741
2110
379
442
295
520
991
784
3380
630
3981
508
526
576
873
253
356
630
645
1586
295
1948
700
1899
458
351
2464
1581
760
1214
1060
964
366
917
682
1620
436
893
899
475
725
1331
400
845
1000
2117
744
2016
272
601
390
934
4896
291
854
270
1608
7550
352
460
1579
4523
279
5292
601
1562
924
443
2247
600
955
638
411
512
395
912
4932
672
435
837
947
453
388
568
614
403
356
9554
921
1868
2906
418
1010
713
791
286
489
1805
261
611
205
732
319
378
551
845
1379
1225
508
401
1279
484
988
965
1043
704
289
546
522
2518
761
371
2184
796
970
672
732
770
636
577
383
1522
970
4426
633
1377
1117
398
487
324
2584
2263
249
402
855
459
992
1736
378
312
1781
450
488
670
1847
417
750
667
631
346
554
3475
891
321
2310
431
1249
1329
1035
867
1899
1587
2904
695
511
758
839
321
677
600
855
592
553
502
452
3027
1075
1728
1418
997
907
909
264
751
327
692
430
747
4083
391
2493
262
254
830
951
2728
717
498
946
1616
256
814
944
918
491
222
460
487
208
1179
1933
640
876
338
737
357
719
501
344
305
528
1779
2345
276
1901
1349
393
366
398
614
671
323
294
378
680
727
306
616
401
659
1124
507
2832
406
426
329
1245
876
822
400
524
766
1052
2359
233
1312
734
1579
509
1591
559
200
588
988
1060
356
739
2012
384
412
898
515
1155
2107
464
647
15907
408
1176
403
1425
1368
1300
3624
666
1726
709
325
1066
324
4505
989
1206
648
1369
622
582
3696
3916
294
371
344
837
742
1199
1219
427
315
596
1509
405
1102
291
980
459
425
4492
648
16675
1808
3013
313
382
4146
592
3845
4792
556
577
1206
735
1101
926
421
1633
687
681
1093
365
617
562
416
592
578
836
424
259
1792
1796
2112
335
16056
826
1925
1380
709
9616
601
1588
558
737
739
495
597
406
440
473
684
528
2542
633
542
683
2119
1198
353
678
406
4398
660
765
1160
2494
462
525
1700
651
1134
2177
314
1616
574
698
2661
1386
3773
517
948
314
502
788
3997
3357
880
1000
8182
1793
558
2468
290
214
1207
364
362
291
1607
1371
878
373
346
948
558
172
1056
1493
654
2247
354
647
568
2664
603
705
1132
642
826
1327
2249
537
2062
242
630
196
268
1223
544
690
1794
688
555
902
676
776
2281
867
883
1864
707
728
528
297
2076
1945
530
660
516
441
980
847
1106
899
669
440
1772
810
422
740
310
249
635
701
632
224
812
594
2297
458
730
3121
375
327
1609
345
383
354
632
838
1004
791
604
849
343
1895
4767
903
588
540
1533
1695
259
635
4728
432
415
287
427
5244
490
905
856
898
1856
909
440
448
546
550
900
928
2207
354
376
4340
1991
433
328
371
1085
2914
529
927
798
594
377
1564
2435
1090
343
2228
831
652
469
407
387
2469
971
6814
833
288
316
461
551
667
356
726
924
789
577
1137
410
367
635
1221
628
607
977
3862
3563
523
587
1070
455
723
376
2714
1245
1506
863
746
264
758
291
583
2445
453
787
361
4879
606
254
256
9863
552
848
496
542
2048
1246
596
355
1752
1298
308
606
410
791
1914
501
497
3348
1264
891
2492
636
913
2273
2035
798
1056
1013
1704
623
2378
1706
573
838
345
466
1350
6966
694
636
282
639
870
305
1108
3570
394
501
979
305
755
640
2043
939
1366
668
1226
569
987
514
388
1138
1765
11010
802
770
2353
893
404
1234
7508
485
1520
328
698
798
898
899
358
983
1672
472
700
454
539
350
673
614
876
505
344
566
656
808
985
726
518
961
592
1524
504
665
468
452
1242
1046
1075
384
668
498
2264
328
12455
1151
919
5198
8181
387
626
547
752
629
516
236
628
4053
3556
396
567
954
1268
1316
505
1059
731
813
993
2306
6847
984
1484
1581
375
643
1885
883
525
7317
435
472
671
2210
712
367
851
863
408
310
359
697
1029
2684
359
349
556
467
403
829
396
307
384
766
789
402
495
578
710
267
2159
658
456
974
483
805
577
861
1047
1473
5001
902
1479
322
759
613
278
426
886
357
605
1408
1462
795
635
3631
1146
537
265
378
2196
651
5101
1160
272
1040
1468
1782
879
1797
967
1431
429
956
368
324
428
1838
3294
496
1035
951
5417
4899
687
3720
792
1057
1434
436
1011
4466
2119
14237
426
1734
1813
147
2272
566
339
935
812
1211
902
2217
1163
2170
218
265
405
381
10684
325
529
685
447
337
1309
1656
504
798
1184
2177
511
394
723
1156
3502
1376
953
2010
338
696
412
336
25394
459
544
272
874
2101
1393
504
365
780
644
864
543
3939
1092
1903
533
2693
195
672
735
484
1503
631
368
1501
425
2988
1094
442
1015
673
337
9923
1333
226
1267
1989
308
1502
427
638
1521
480
1451
2049
663
704
440
1875
826
4718
1928
555
580
681
1075
598
1708
6116
381
521
5524
1107
559
469
467
4368
3122
2883
913
979
1040
596
1275
573
1398
616
609
503
239
6294
888
723
388
372
264
263
458
550
483
641
2041
1528
278
495
787
618
859
367
298
680
440
540
271
395
1458
372
2782
291
541
599
508
479
847
1299
601
675
666
1398
1548
927
1616
568
3089
917
758
1479
378
1357
725
2694
6227
3716
2919
975
1864
512
357
6936
957
2019
536
427
515
811
685
1930
872
695
5396
510
601
388
351
1212
208
263
1496
542
479
822
3740
913
1576
516
785
198
762
294
1397
904
379
445
1757
1354
412
2582
519
2256
463
517
652
1957
672
799
452
1528
343
755
1021
550
376
335
1550
349
693
2262
400
656
743
27231
363
719
899
1581
303
4143
1354
748
416
635
265
6727
1173
357
404
1640
933
249
258
1888
605
2934
536
484
435
243
888
550
308
1290
541
655
1257
1008
2597
471
726
4273
409
1108
2264
519
475
767
333
507
1902
1845
1881
914
564
311
3302
398
399
649
2139
1709
709
506
287
1642
689
3630
391
303
2371
2209
368
1176
663
3333
519
826
569
1216
830
417
1930
1100
1643
1295
3263
740
493
854
2296
328
3945
1036
288
713
2098
1332
457
929
1634
1692
1005
791
1670
710
413
743
390
299
500
4088
775
584
914
2149
291
377
779
1375
319
483
706
828
309
633
397
819
2427
2239
284
471
478
420
3111
539
364
13544
730
571
256
470
491
418
715
450
6807
587
644
2015
442
1275
1210
347
551
1443
1380
445
1171
3258
521
1214
595
1348
630
2207
1810
468
758
457
2597
719
507
1471
319
1449
297
1554
4082
279
411
933
541
891
953
1345
1183
2751
440
1066
285
674
393
629
600
932
673
752
9995
882
687
544
1665
854
834
821
465
544
495
407
2506
2189
861
1171
394
482
497
2162
8273
409
267
1579
448
743
703
378
474
2459
2266
631
1875
4215
3199
1958
865
432
412
458
611
394
900
660
496
862
555
584
2027
2676
938
405
397
408
352
490
416
2076
739
1973
4632
2010
313
554
337
1818
2964
258
5991
1513
1334
327
3055
1102
3557
796
516
411
3304
1770
532
1928
687
1876
797
2805
451
2603
393
866
533
933
295
1297
2433
409
2865
353
1230
455
2017
406
401
809
491
4258
578
469
895
2135
1456
455
569
737
289
481
756
983
417
8424
418
1236
904
3341
994
1023
865
2090
448
975
445
260
1241
593
546
2956
2236
1233
703
664
478
471
3610
550
605
510
324
547
622
832
669
549
706
1258
664
362
582
311
249
618
1402
268
485
1251
615
459
365
840
411
570
1058
4841
282
1075
280
5169
1141
2348
2724
146
1576
1567
653
6176
2949
538
915
482
351
494
645
426
434
451
1996
534
625
491
449
2050
5089
967
1403
416
540
813
244
460
564
2850
1855
1185
3519
1180
800
235
1054
4404
1103
1518
792
586
622
2105
509
465
1282
425
560
984
1712
2047
1407
361
1380
538
654
382
613
475
422
646
4659
251
2480
592
241
573
1316
503
521
450
1226
416
2820
295
402
885
5172
520
3016
742
504
599
881
20661
559
5021
695
977
1061
1183
431
454
1607
318
288
400
1170
297
800
628
335
391
561
932
858
641
593
1913
945
1502
407
1726
259
980
736
627
491
745
321
419
594
788
999
1091
450
416
2631
811
890
383
348
786
419
1036
442
498
705
916
1454
713
1269
2137
1206
364
587
908
1429
326
532
487
327
570
266
509
564
711
370
1002
473
1269
1584
603
3599
937
594
588
443
413
1035
3460
855
291
571
4069
1045
427
474
533
646
660
569
294
4798
620
524
362
290
624
475
362
454
353
580
304
221
5707
213
334
1038
294
1443
5644
6451
1641
590
730
393
505
2907
255
1031
1133
1345
877
321
595
357
2100
758
808
1727
707
628
670
454
596
489
816
412
452
275
447
502
829
488
174
842
1682
696
2242
1348
3543
698
614
606
389
553
231
1451
4104
888
1010
2415
1055
3137
558
802
3483
804
635
2168
389
314
1193
690
621
3755
1364
504
1340
929
494
569
1879
1887
504
433
1254
285
990
359
720
376
262
804
659
3676
556
1898
516
436
500
1243
1204
973
1079
5068
289
485
4591
397
605
649
959
408
995
590
794
2399
2024
1459
163
1595
7769
834
668
1402
278
1435
317
398
3115
1420
3296
758
5146
3181
357
334
899
348
503
6269
714
613
1423
479
603
374
249
408
798
502
282
403
647
538
2433
1131
343
890
3547
591
362
522
436
849
2745
212
8917
1028
720
324
304
524
1366
569
920
3026
1740
407
435
347
1732
1226
667
1275
723
802
4025
4294
890
863
417
559
843
373
304
350
293
462
288
324
1594
294
1541
1156
268
424
2032
412
2342
486
715
311
263
521
486
483
726
695
1463
2488
590
338
584
362
779
3146
2010
1465
1601
393
511
2710
1228
1312
520
330
2084
630
1590
560
923
347
790
689
602
3771
466
912
574
452
1851
392
584
301
602
1679
911
743
634
613
10748
379
1035
1387
1455
474
229
369
953
776
352
2810
569
1967
522
1162
1164
584
2315
280
493
317
243
382
516
439
774
3582
475
858
452
2182
2160
756
1342
9304
200
957
523
424
1410
3366
342
747
634
2408
420
588
333
783
293
3011
538
338
786
878
2036
1003
1569
2653
791
858
2333
735
1520
474
1302
642
1756
369
427
719
2771
787
545
601
693
1447
4392
640
1589
412
599
475
1365
331
938
939
288
1954
554
224
1257
1734
333
541
944
509
1215
1725
437
496
1046
530
386
1213
422
276
1742
7780
567
2723
156
1475
1706
735
13717
545
360
324
411
581
845
965
426
390
944
227
511
444
418
401
250
971
879
655
1553
498
267
617
441
447
874
539
456
1432
1179
623
619
304
361
3959
2653
532
585
1131
395
303
618
373
611
537
962
270
450
2772
354
1000
1651
835
1408
291
399
789
5132
4867
1286
667
601
2207
1008
309
628
481
457
1580
1070
352
504
495
274
846
493
504
364
281
1867
571
530
622
828
4227
328
427
428
927
906
938
1290
2747
2060
877
301
822
1056
706
629
5139
939
3163
612
174
1956
411
1466
519
798
693
561
4467
592
187
1626
879
317
269
994
3388
476
1315
1572
800
11458
1142
633
754
420
719
345
543
1602
295
1463
392
416
2965
1124
425
419
2100
1262
686
981
579
1286
457
638
262
4320
899
911
274
299
1200
381
673
505
470
1274
221
8080
291
569
1600
1351
627
591
1290
627
5764
945
831
374
999
535
1093
289
1039
1042
1347
852
477
915
915
439
474
767
524
1076
482
286
381
429
336
530
4523
1433
1268
665
522
703
2013
2442
812
2443
980
412
950
1833
312
449
363
1499
687
1111
254
872
1173
289
433
330
6603
667
269
4916
986
369
1753
457
467
858
699
1296
1086
2928
452
482
1601
5385
558
509
365
643
377
873
543
2339
603
482
590
291
441
996
1708
1097
352
3715
951
1810
234
2098
612
386
588
861
1349
597
416
525
927
597
1394
539
1227
400
250
407
502
285
445
7132
816
398
782
1402
991
501
378
489
881
2297
247
698
924
657
1053
720
399
515
192
535
1167
467
1338
384
12643
455
596
770
1306
897
344
1435
584
1185
2183
804
968
524
522
489
1328
422
375
989
280
350
1993
318
907
3958
499
1769
488
997
275
307
704
315
512
3909
557
1145
1653
830
702
2145
1596
4344
322
993
282
760
287
25165
643
1374
1225
575
352
730
2538
868
311
478
2182
739
3503
528
324
1102
2186
415
351
482
431
1150
866
464
929
618
1428
1771
550
339
689
282
292
297
291
968
366
781
573
601
809
343
2014
409
524
743
17612
998
301
609
2043
620
766
748
372
595
339
697
384
4052
494
356
426
2163
3567
1979
5577
360
602
771
1065
464
696
1632
1192
2223
2498
470
399
490
1153
1380
421
742
491
343
1664
351
831
340
3766
909
792
681
789
625
831
252
502
630
2298
692
3138
477
593
339
773
1189
650
938
535
362
2565
1033
376
709
559
2314
1607
795
351
408
653
266
403
195
387
399
779
2062
36928
472
396
769
481
894
1253
550
662
313
3452
761
460
553
827
1115
1387
782
1113
4508
297
350
400
450
3025
678
451
4284
579
378
1235
498
313
310
754
564
1281
403
1051
553
12359
492
1238
795
1130
364
769
2550
265
433
1584
1745
809
895
327
396
829
272
16660
344
1555
1837
542
1811
500
703
496
6851
589
450
494
1781
440
2436
308
523
3567
1825
816
350
745
268
420
1662
224
331
1171
701
1128
347
753
1349
820
913
269
465
822
1421
565
604
432
415
306
455
185
2968
1854
349
345
308
1171
1977
397
1395
334
1180
1230
1176
494
4161
476
367
391
395
667
430
386
949
1032
2627
379
362
463
641
886
238
226
1207
628
555
548
818
1071
361
660
1281
1682
377
2926
868
593
401
649
856
941
852
515
671
547
3551
607
409
543
1224
550
1243
1897
515
976
1670
661
1380
328
972
2983
1106
2200
439
1162
399
274
1702
560
620
566
1809
493
3070
791
397
1021
649
5828
1003
959
786
599
492
684
479
9201
516
1785
781
2026
505
237
724
645
1012
829
755
765
1213
361
420
760
1898
461
875
922
745
243
6766
2907
2086
520
790
426
717
1091
4501
648
1765
626
982
424
602
3905
474
303
776
616
920
641
764
1515
2400
311
324
459
477
293
230
2529
700
511
468
1780
1316
3326
4081
674
1273
297
2759
914
910
1407
837
279
1009
1135
654
415
2066
1652
807
696
2146
721
388
568
753
464
1366
1004
793
3491
1981
914
538
258
819
327
558
4028
469
580
369
464
14976
1899
258
522
654
336
6052
4205
388
780
550
2616
451
387
868
1092
868
1042
801
521
398
4012
1055
704
540
2721
287
292
375
2392
479
888
1501
673
720
358
574
343
343
1717
486
1404
397
880
2401
1052
632
441
351
323
422
523
434
325
300
328
356
617
2765
1498
509
760
689
2725
2031
865
3618
279
284
619
390
1681
345
664
1276
1191
1080
1234
579
1719
451
1011
3149
2441
310
295
347
580
347
861
917
434
232
947
488
919
422
641
3745
1902
1664
2548
1059
965
1146
215
398
1338
164
479
392
2738
305
780
367
644
1288
448
1894
2633
303
289
1053
536
798
303
336
829
1590
254
424
944
17821
354
664
408
3666
5932
460
1448
1061
793
679
1551
606
722
352
329
731
490
16482
2886
330
693
343
1028
485
596
442
773
1900
921
602
3580
2220
398
830
351
844
415
282
221
445
833
2333
582
617
249
595
1331
648
2795
249
316
733
296
1125
310
509
2683
664
444
424
514
189
2744
1493
716
511
467
555
957
18669
2557
311
1411
1733
1157
2356
337
350
2435
568
596
726
301
442
3949
1602
2200
1763
682
573
1231
334
2012
832
553
1041
413
485
1181
695
807
1035
488
511
575
326
841
1902
431
1238
214
832
805
2047
1144
1363
351
503
519
781
968
873
477
445
1709
389
969
496
461
11723
683
398
523
1816
1271
351
655
420
634
814
494
374
379
1740
2423
221
2095
516
1153
7794
1161
1281
870
365
372
520
3414
506
332
567
1788
247
1176
1268
515
799
339
396
926
5024
2585
1408
1678
400
