2279835
14150842
1281058
4414610
4658920
1518851
502424
1113122
1158406
3892086
13056427
1651722
12385561
1723983
496722
647885
4181041
2011838
1277819
4682439
913293
5841904
1073109
1238391
602710
1911073
1508973
3024107
465943
1575723
914691
6499541
325764
5506886
3401290
541692
496016
10029765
2519642
3089899
438715
788675
729523
1737620
827747
436518
733872
620772
3360382
1243151
723750
890611
1641787
481365
444311
688840
532305
490567
340891
657641
516586
2363739
4399783
813827
1042364
2060408
957431
3839109
5487808
1286021
920044
772679
1165043
6384987
723856
3181760
1050264
3008978
754642
1089669
4100391
2772935
5464535
618105
1513019
3045766
729297
582446
242744
9150809
1491054
2714358
3641965
1964452
2371820
1947380
1165029
398113
3140629
3194618
3907326
993171
1226765
2701654
2609154
10419042
1155696
1943111
1443871
10775308
3438098
1180994
2643504
1688724
791228
940382
509904
1642647
13771786
520599
4205880
4499884
1903134
1378236
3759224
3704834
4634109
1498667
612126
1691546
720896
305197
346828
1505890
628880
3813021
2504488
5435457
5266559
5629743
1601964
1284674
693949
2016639
2193352
975288
606378
3785607
465968
1156924
247884
12609762
1076190
4124594
3155570
2143763
2770397
638253
7932422
341748
892164
786266
605044
2402077
706326
558435
496055
829079
978874
3349689
525299
1463737
7255404
1158120
302264
1220397
12033416
1913368
3784177
1874341
357185
571516
14132985
774043
3826859
3591473
3855668
419107
1350748
2699612
293521
1430192
1275149
1696536
2302365
685848
1150304
3892868
1508636
1746257
1681252
600274
1223175
814844
5223418
5699689
1824991
12901205
755130
10591079
871432
1075214
1645384
12191049
5588017
407453
20799484
416840
672118
682314
371617
1077929
565766
2450071
1965811
1288964
3312831
4778676
1506295
1223317
5677507
4864150
6795130
15468207
1314124
1224379
536463
1296282
1490795
2013534
1062892
6556367
1306474
873984
1120584
2598583
871601
1279190
1220525
728882
1452362
2117438
1087475
2958138
928436
586958
593414
1566660
753069
8882603
799222
540592
784744
20858491
20895674
757495
22260514
14186835
916258
6832616
1513484
5137454
997488
2167206
1131288
1703340
815130
4691778
487748
10221531
1394096
899446
379987
1001065
655666
356619
2051325
478333
2728505
508901
3570267
580633
10907603
878523
5574115
5511385
671271
4271208
4947379
2111750
7382005
4199872
1597991
679240
1185692
1858582
1432326
1772051
1790150
5322736
3065918
854600
1954018
13528941
1872386
647505
1125335
358303
871368
1038004
799016
8160698
1066849
664246
582417
539262
1149681
2007942
1964752
220011
2634049
2867958
2267429
275578
2806618
1541209
1912167
7710965
1165010
741892
718741
7898356
537693
215993
23774621
4075634
808940
893045
684792
14066111
5459674
4874216
686432
4190107
1266299
4174648
12965710
971282
990419
2823761
567308
6115201
852990
543379
1038839
7316965
956901
620964
1865273
158707
1075393
2216929
692553
669409
464162
1433459
1578374
1286729
1205255
468539
4828727
1246153
735306
525683
4696386
1445755
931272
12353568
1486850
338694
1481878
5012210
2702483
1635921
2235544
856339
2425091
11779230
2005414
1016248
2508432
1206765
3066839
1421614
631469
858887
1253451
700891
2717723
321009
947638
408982
2140748
2186136
3795024
3176061
775518
465311
2701501
974420
1920243
428539
630355
1006811
1123338
3972398
776649
1593188
441623
504406
688532
2187172
1947127
1851377
708572
1500921
10090563
1508925
1398383
1173312
1094197
1301001
8303958
447849
1209962
716572
208724
3568373
517840
1007519
879403
735065
4416465
1863280
1766538
1608281
2253266
1138986
436291
1363221
1114510
1397447
707151
2418243
379591
1394813
4565723
2071994
2148044
301694
2224310
2439434
2682811
368492
3334695
3867010
743806
718502
5079921
25700306
2079915
750719
3936478
8534925
1038571
724831
730792
1816036
1018260
2326664
1600283
750641
695677
260291
8352524
2206579
1443631
1454910
6183063
1918155
2100028
12207442
363358
3787595
3266195
2731942
2031095
1005569
5868808
694614
593311
740108
2858276
2439847
7674461
1531672
1148766
1193984
1510978
291341
777875
4399982
4426759
4592127
1500109
1960357
1266508
846182
3011280
1310642
466972
546355
987419
648477
331801
1706956
1143856
479843
5115468
501023
883573
6596165
1569474
4774599
809804
1598838
310555
2296319
754265
256746
297972
2645324
217512
369226
3583836
1571485
1035421
1399957
1484019
544536
2021142
5062589
510818
4009371
741924
1291387
5100518
2386885
1326598
3965148
2278016
791869
3899868
1632433
367311
1294656
1926567
2741795
530098
1458197
2394960
1587767
12274924
6814250
912954
626796
1382909
1260622
2879635
534705
3384067
9218649
1580325
1504330
1281986
2017589
4761650
5209565
2139873
2758668
780334
1932813
4184100
13215568
1249970
1318112
1234691
4609143
810775
387595
838250
1035759
1717683
790567
703349
564547
576976
2911682
1428458
19203475
3318208
403107
1282516
424008
607355
8180512
2085105
1103446
11905639
835662
915821
1443347
4662701
636474
2477627
453731
1870717
22170168
491483
1556251
8762521
1484943
1344281
4093639
893041
863798
1319891
353309
2358965
1125134
2141074
182054
2661407
6162795
1104373
19256405
786543
439663
348840
417532
9291097
611700
11223389
784216
906228
1882994
478526
663536
1149076
4132450
851053
1713651
2213153
667751
1272057
2725889
326502
752620
525730
805846
4489889
1028336
861203
1458966
416839
966627
834328
1571569
998864
1334457
2925933
1886664
2040066
3420064
3113131
2599327
1248908
1141878
1248379
4509969
1571130
239906
2898547
520414
6579163
4472450
2138385
374629
1547567
767125
4367782
1327029
451556
1905292
851902
9846350
684833
6301748
4374315
1494687
790452
268692
1396452
158977
2770374
275711
1887234
1266747
597431
549185
1522087
3959935
6409370
443622
2949881
1764811
896634
5556724
8194429
979062
790070
2826118
1588399
2026576
1248267
367973
6527581
1399492
1673541
1276071
922367
2389758
454596
6949450
3965051
1905492
1330643
1357025
5447826
1126564
806897
3556085
2352933
721841
1277552
2658454
786041
775335
2380972
2742473
1253878
4206182
414431
323404
7367764
1096875
2210759
541656
545493
857586
635522
355133
2837760
1237947
1174583
663705
3423399
1194045
2392481
3894342
3028623
692312
1962079
4253577
2608974
603354
590778
2934449
451007
691798
2877245
2077792
17481582
1081577
1064539
1243386
397326
1301321
575551
613637
4070100
1307924
921468
3017332
716959
377069
5900359
8010238
1320180
5600381
2732874
2692413
7090013
417939
1031957
874015
2189308
4084481
2564828
1752014
3465743
4761677
805630
834836
439744
2918679
2426260
2136929
1639859
2931780
2224757
1550052
1723229
262427
726335
2048445
5091375
867092
1267024
1139234
543261
1943111
284286
772797
642266
2418894
319681
668217
506952
837016
376250
1538295
2267624
903713
1958176
1220088
1199128
7404309
373876
245548
1884956
1104851
3231092
2676548
2403311
914821
709255
657025
549015
629100
206191
6616955
2714331
5206446
1258965
650958
818779
5662869
1370042
3050356
4515311
3673415
749864
1214258
855486
2322281
8514709
7760269
670224
1145058
3778847
1106506
1023106
1991763
990272
556902
7638798
1935965
1040035
572545
1927616
920029
4470822
2416636
11644802
4017325
2331940
1325013
535829
637787
937545
7720040
1364346
1768642
784646
1423229
784740
2567748
2502718
538980
885268
1110093
14121032
1350904
2988955
549633
906188
370743
3516199
1996395
1052649
1466631
2525026
7001604
4190619
3606837
3394078
2259960
655829
947886
19010279
1865779
2064243
2341652
281845
1018724
16089046
9790369
899186
1136441
834286
679304
3059589
1312919
22853524
4901872
1026595
720500
855166
660663
6695521
2497772
6414295
959203
1605102
3233830
1758377
9452390
1670418
2051465
1204431
578936
450906
1197783
781166
4644043
2199471
3107218
372817
989972
808755
1161736
2496646
471996
798347
620370
3869445
778258
1832137
1397640
350110
1413790
1099911
2798206
1747628
628766
575357
2949502
2183682
500325
3073889
22902172
1301960
1464532
1375327
573149
1430912
523071
1056069
1618183
2102374
12345254
12670790
9252076
806943
914468
940003
2522357
3539283
7570912
1156292
3467122
538499
906420
241900
3943811
1199324
1834697
473307
2929689
863357
1446139
706263
2348559
2687930
10864310
938572
6318674
745539
753065
2538240
3154469
513184
2702800
1025406
1123833
6463282
461416
5244677
5702715
5092828
621275
845206
912401
868567
3455197
12759366
3867916
5185384
1716400
1748915
568443
8122219
2808167
762803
1883490
4649140
1149808
1329773
1372536
1404815
7465960
1470681
977691
935300
3096700
3963519
5042747
1566272
2471185
894143
4920324
1212803
989542
803563
5820490
2745249
1524767
2115151
693111
1839328
597397
599882
4207040
1616527
2471283
7449949
724324
662202
4951394
822391
2064018
1443176
1242883
955909
2671965
1285220
2091492
1444596
3776508
956325
845668
6441385
2900581
637970
1801852
1591039
410462
2972938
36487870
2107042
782046
1704586
2963916
4115529
1785610
2091992
4625996
1274679
2587810
349183
882707
2855482
16103653
695186
658820
1671486
425017
625619
901831
3113875
3626037
2265478
820943
2101015
6047697
2860389
2586229
624326
687120
673375
7670871
470942
983372
4239228
3823888
1930356
1815911
1543712
1531066
1821863
297263
4218431
3383157
1249615
5104912
11476867
1036282
807527
825128
4788768
834502
2477827
831021
7276349
1526718
2337692
3452517
681438
429500
5589473
822385
682198
3946546
403151
887305
3107562
1150688
1412737
847056
2654845
2900382
1720194
2476971
4751080
1079242
735602
4491560
1419092
2693412
671858
838100
714475
1145566
482106
1901578
5162926
7412279
1128545
537009
1308535
509548
691660
264907
3136497
1880832
521110
8956755
764376
1602157
993990
1984222
6360538
1510871
18420927
13939708
2402135
3170900
596047
2095048
518428
3944602
714299
1264223
1234245
720680
749426
1065091
5470551
451835
609949
1431002
383723
8413774
477463
3914005
578996
449365
748959
38124793
619787
823244
5030442
3424633
3465170
3408302
151846
4631040
960229
2222777
328401
2725473
6496762
9624871
850782
1491775
484094
668050
1498700
1154124
1366363
13115536
4714510
501579
2371766
431147
622592
641428
4911871
1115566
2539758
293150
14579284
6314877
7034434
1508665
1011115
1907612
1062919
3224562
2105670
4632938
592092
3972505
3383529
393628
7525413
6707791
823499
1301363
1566475
754849
1303307
1231440
2999600
394286
2725671
2335300
426354
574538
582918
2272428
265965
5457842
812932
4871886
1743179
1856541
2404967
786246
9556989
1515897
552097
7377037
1775500
759534
788852
2445293
1443180
3559833
601016
2174340
1344805
549858
734908
1320191
2407116
954377
1544888
1370142
931636
406455
508455
1259654
1770020
1332733
576305
2587733
58782535
661657
1763692
1040975
1111656
754180
418653
1510627
539707
1399349
1069570
411645
708051
5563059
939057
4058346
1126596
2863808
492432
641889
9535796
1694289
1669150
1075990
3561415
1252513
709211
5904243
9405696
3654980
859034
2645470
510138
929173
356739
3598023
1111009
873078
1871511
2225918
333918
1522109
5256261
621327
628340
531841
7174450
430094
618593
3832761
973564
1070132
885624
3719794
2070053
579239
2436298
1760842
1208487
15313799
1176284
1828992
304414
7722854
2867885
783659
1728124
1345363
715274
696642
1686175
721600
2283095
3810985
463451
931156
654540
2615716
3512703
980703
782314
613945
1366902
477050
1572253
998941
1533754
2115943
1348385
708587
162561
5274211
1528545
5528191
418334
6577405
679116
612953
1873378
1437486
3648589
4326321
478849
1180030
6403648
11477324
6410783
1467011
1512347
1495990
1352673
2314787
1273248
35275961
669319
2069639
4426323
1092886
647844
4506706
2718351
2429643
591276
419612
648094
5370773
1763904
1323127
2147826
5138943
2052323
1782736
4196279
656432
4339425
1486453
728295
2157022
1152691
2367231
1545134
624834
943150
2341082
2071843
13336047
1997684
2412868
1995716
995917
6297864
1941196
2159087
1231137
606710
3127194
1058380
700329
423789
2210981
1033369
2856556
942287
605963
752399
1032964
310846
2966443
3154240
256893
752287
4758958
3282965
4916874
598036
464253
1039332
903005
821920
1768040
659800
1084103
4240086
2328170
423011
73497623
3828411
31514461
512724
1397653
1152458
606816
3313125
523738
2127982
3257346
6079486
922093
4273564
746560
476531
4258348
474177
764788
1105118
2275564
737111
1393314
2087424
526475
2008694
4260673
643036
439844
366340
1528614
698512
890744
1067514
1351452
2088321
489857
4585420
680760
2350913
22080926
839554
1310267
539578
2030911
2444191
11665011
825972
729591
4899998
2639114
7835561
2852585
614910
4136401
4992621
4283411
601602
1150617
667651
517193
4615526
10390719
1910986
1481006
507472
2493902
2487248
16754309
1843662
739884
1336035
1000236
6057275
772431
1880212
2223845
527843
1927154
1537612
428621
463715
8314763
945198
2856814
1979172
1856517
3771841
9425288
1798108
724130
1067394
1258150
1200016
1048358
1143051
508589
653452
1511840
4541926
759671
2022855
7209515
593263
1269932
4495837
6435311
1809805
1406099
480512
1058229
1298291
835117
1798593
1928874
20091242
1097631
2916397
818149
825929
1439468
1410642
3268508
354517
884102
7201108
1191076
2336726
1948499
2116742
5281740
2873155
936700
470154
737833
667578
1626817
6251703
2178587
345529
1348230
4001884
427750
677424
1889836
9829273
613470
670062
1245740
4068188
1504880
6646531
1256427
940442
742666
1459374
6182244
610159
4781825
549380
4601978
3072108
4473674
7999527
1932394
1581644
4652377
2700395
586815
794211
11561199
4697364
1759067
2588422
5391598
2925250
715360
2902635
4807777
2392822
2399684
834288
2263224
1233643
5124935
1466646
1741037
11396884
1138599
14547663
2682874
983130
5011449
187299
3506293
4486007
5177510
11147740
6209683
689953
3246153
815179
451441
1232857
2269989
3030668
1868979
6679599
7169345
4601239
1049055
4424795
2385778
1422235
1410275
1778305
3291839
1689010
436628
7845686
1210895
9311872
1579110
1916328
1683186
3657753
4361317
427564
1676921
21681574
989007
600339
2703547
779430
1115098
3417892
512743
964900
1387327
534628
5916735
7627482
2574164
3143441
6820825
287386
2310260
1452735
1977214
1362022
1623413
3313466
1037460
1741781
30643579
20394686
7850123
567130
7001860
725138
1062550
2810078
899264
1228578
180734
1217352
8288097
12314253
742396
1028566
1424131
1433342
1997674
1533295
1584348
1220222
377174
1371793
593380
1645080
575458
2722696
3728086
3001198
635348
5951276
2092074
2128664
2713319
3148828
2339654
2800404
4284747
713319
280292
4020238
1012279
7115238
2021557
1258520
1541137
1759539
538941
3306899
1801471
12143504
1766606
3103341
2064915
238544
1102637
1092689
5174881
775390
632069
14208271
4329787
633135
4015639
7691274
1543446
1181951
2255765
861916
414020
1849834
2619269
2946995
2721104
1030664
10164981
2466113
907365
816482
720441
421087
2266825
843243
863259
2076272
371488
982876
1386678
350292
2401034
2158487
1800017
3197119
1039270
659190
766831
1802094
5551781
986476
495551
878898
882109
983695
1827143
901223
621263
235404
8547133
1029090
21833034
1259214
923906
759684
10230060
5716459
1991040
1037696
720489
1216218
964159
1793727
961079
942480
1081766
1615368
2449043
815525
1111107
9950054
787396
631266
1723698
764390
1679263
1102192
1812268
1920273
680972
1304905
1643971
2019142
4292950
3481800
715075
1018788
1923266
652668
821669
2877187
1234581
515950
3911686
1746567
41688755
2031438
7284670
943645
1814128
361521
579309
2055009
719231
493120
678008
761722
1411025
1795161
9007444
1737088
645347
1820649
2375883
4948057
1346672
8345240
4765043
4036551
15112164
1139743
1367900
4833668
1003768
1108563
445329
436772
1183013
569476
1909033
4830126
350839
6154447
4686819
386332
806004
2961679
512816
2772863
4191411
2130635
474417
4180363
1650852
504858
1469829
366891
631295
499497
5095146
9606117
3477033
384360
1042103
538573
12111238
3786728
1520698
587059
487156
1009683
596951
1008338
3433477
356541
2284835
538927
920528
1526020
10952579
967538
832565
4467301
2692589
627107
542784
66735048
1178398
8377558
856255
3346560
651299
941821
844922
881992
1418936
10907488
650490
1305199
2331401
12727655
2028260
2518489
1583820
1575053
573497
3660318
968758
344908
2785785
2690367
1876803
1837843
1059777
3027150
1078417
1995595
1479607
4578931
427409
1625996
2862240
7746014
3192338
2407772
17678978
1247234
1222343
10535086
4349485
1257781
710249
19911045
1180431
8924541
14823667
655096
8607852
585594
3281049
1224836
1018325
1252360
6301839
1281300
1050412
370212
455686
5470568
431340
1705091
896392
505094
3172151
404622
1727095
1623093
1669901
2359881
4614277
3308587
8228535
1810999
1949180
1919820
7874013
983119
760427
225130
2680078
434520
595682
979908
396244
7838317
2351935
6313442
561215
1303435
583271
1330978
1070408
5546776
13426883
343089
1819466
3315593
8827468
742221
726831
868449
9327208
2646008
6267474
1861719
12615521
890566
614021
765233
1081451
7032758
5066325
426991
9720594
2101804
994545
408513
720224
285113
189354
5987775
4960937
1502792
2005082
765720
743130
694050
9268463
2201801
7708176
3580382
371693
572844
4258238
7265576
1160048
2761665
2105265
448031
3598154
797321
9117361
1405478
1121269
2917526
3085107
3529358
1221493
1103370
244408
2848951
2966426
4822870
9449276
186990
3463579
10936182
628364
174863
2361766
1620683
8040030
865709
6006287
2079714
11786155
1596600
1856916
2148935
815792
3769915
3016803
714650
1712045
1656694
5461602
2744180
825458
2234749
6116180
10371301
530027
3329489
512365
643458
2251826
1226064
159668
1776772
1699543
802357
1889790
2270127
7530576
797117
967000
685354
12882264
3935903
1959555
496401
662723
19934143
19852998
3443922
2758773
1489187
2011668
919303
2179010
1349609
3704526
4037453
1015358
1366703
2176555
6229627
1730355
199589
10684552
1037001
5197690
651320
806961
4653670
3197838
1053658
6012863
2825516
1702483
3600736
968193
2649006
358136
1257130
4028053
851349
1676981
712259
2012945
17038873
1432181
1278310
1006514
578723
37159700
813594
2878320
1139296
3484629
1089421
2859140
1471939
1084022
518327
934689
492329
605690
1300665
1029578
1771690
1000687
2170111
3062398
4517238
30723489
404936
582913
633143
2498186
11980839
1360200
1078590
1180615
747716
753647
1519986
3770586
2996519
1811324
1901361
753310
1634714
2404575
1268181
1026105
2232307
649451
1379602
431303
14708444
4133336
1002097
707908
474772
492894
4618482
3081788
1149202
324102
972183
672160
2569130
1727661
518380
450339
5094910
13884306
742624
496679
928155
1924963
3426964
4579438
7294419
681120
4009113
299807
367610
1234753
7032633
2570450
947282
3498769
1662123
883270
1139287
1891279
3296389
7030074
1006698
989865
10693384
525609
1821630
2823166
1722328
5349654
846104
3074025
10606022
741163
496892
1106549
6355297
849230
2708680
5930363
3920191
2855868
2435123
330169
1040260
1536154
2420809
741473
8192187
2738847
2751541
860095
7860219
340952
7264047
4810221
1449527
841288
4789384
1254870
883227
1301057
1048353
2572849
6070188
1265850
5089884
13889594
6725477
885301
853986
461278
1429062
1833490
1775739
794721
1742055
2276276
351397
830540
1157840
1210280
18063665
1644768
1072643
1644269
8062162
2465393
575339
1956418
1849942
784897
1739092
1138849
5995901
11438610
4022323
412766
854137
1018204
3860508
3019758
350677
3183857
3156985
2838125
2764562
3307178
2081602
3766132
1400443
1596511
604353
1852959
8053868
5220115
5549845
2287481
4249312
980140
514452
2166835
504606
817395
2252693
1796213
2853224
1511761
2610161
777661
3495494
528775
1385576
3176096
1774096
4522626
978793
595121
2895999
4984697
1737345
598514
426321
707050
963828
12800522
3904005
5498254
1309989
5150700
559332
7169853
3909970
14526060
649357
3412919
338204
699550
1650391
1391240
745796
857687
3658912
472814
2215527
446323
2355764
1085042
1092889
668253
738311
6639980
1452499
36549475
3481128
771147
511825
2408730
4548305
1600067
1809574
3927403
687191
1149550
3529530
4027045
8802191
669767
949017
474185
2477748
2356629
595365
1583996
801977
2177994
2435244
2052620
856588
731621
4029014
364958
1166137
873487
1020206
13839044
9597706
185643
1048568
2468081
1880000
18242101
6911339
715722
943597
3170263
990430
1528335
2182266
842308
1054408
1953919
3282225
722999
320638
4641639
807451
3316982
2382088
11047297
333270
18976565
12228031
509242
2444083
364273
545064
924640
4182924
7315909
588454
5483947
2402079
7821309
3743107
878681
7392566
3483223
1996244
888799
948970
3694197
6743257
528245
12071487
10021599
1398994
243705
2134882
1316930
5270627
586205
14819216
7176368
511135
998864
1353857
5856292
9482217
3114960
546321
279511
11234944
2233641
556178
302408
1083284
631893
1007458
1901266
938572
1994967
332772
1731075
5664627
2294523
26600544
989115
958490
1201064
12115835
16121943
1345653
2612145
4687785
830271
1284569
459718
49578404
285917
4965844
362971
306573
475154
344832
358508
10810020
868178
969851
846182
419763
282531
1310280
2478366
5153968
686212
12593320
556844
567099
2049213
390547
1332347
323116
591684
3599943
4876578
851756
509204
2048173
4264523
3990086
1966223
1097997
4224408
3699923
9885760
1641432
2101512
1134161
2170209
1402297
1197341
997972
332521
663813
1277997
8900508
734081
1718956
626200
4490413
7176352
566291
1318375
1177561
304427
802466
1408285
772235
3846452
2816451
7507274
268636
1707398
2437473
830002
720541
2569461
3212426
412124
875448
2875216
1072534
2334600
3389752
411838
2786680
618677
313550
2165330
2510881
1200614
3018503
1071016
604162
2733700
1538138
1188806
2946939
2630121
676110
9924878
745287
3614950
539693
4288940
757810
2089333
1377016
13834012
2448288
1095846
778264
937255
1272102
2357333
1288062
1475228
670887
1063520
3825873
2088188
1187025
1244825
2899770
672829
297022
8876815
759924
6763821
1372820
313694
738688
2104702
1264990
1461609
3516976
620771
1785546
6369274
590475
6334396
4074361
697807
4580968
613892
1731288
2209804
1317746
1740495
2663154
1366406
1215799
3612397
417231
2146090
2240449
2964604
1180962
810368
1215466
6072831
819145
1500402
340830
2146433
3438621
162212
359767
4587049
1928361
603663
1871926
3003668
867223
464799
2969450
8794574
347109
5878386
3407281
1541043
5356212
555123
2347424
745116
1608258
644438
860542
2230323
1035605
1358022
2974559
1543803
994554
3112930
2528721
2189330
627302
848456
2525246
9303008
682039
1487210
2264139
5950784
2296525
1536450
952453
712382
2660772
1033056
3189933
1996718
594958
3790072
547715
1803458
1251203
606957
14573377
10614515
2390995
2830541
1617110
369639
863010
985166
1482038
767222
1170488
1198145
662132
2786268
1138531
1506407
787429
3434585
2969978
522195
16282730
9125815
489691
1909388
1752918
845701
1023075
2005375
1414192
543389
2242940
698744
3194995
7684946
2827911
2340201
310092
4787706
1055997
3074759
2561498
7911612
2239653
1061492
880775
794515
1035250
10284723
3538388
3431693
708957
2980092
3979245
2096443
6572439
1272846
375908
3114140
626594
546505
1125031
8794004
1693194
847657
403406
906551
1099576
1116357
1952881
1531461
2882657
2232750
937061
704388
739978
1238887
4035363
1439370
5178168
1234190
88752284
858853
2061959
465474
635270
1498587
7025780
1987878
7785855
685285
2889523
5134599
548493
17158132
2783672
859114
2318941
24782053
8281868
8945522
239625
3406534
1278626
1683154
4194153
1272270
379125
2781561
2510156
1003454
1239751
800249
1057103
629197
1489217
1134157
1212836
331205
412003
5856268
3687762
1020562
1564319
8287445
2357765
2409826
252775
948851
3600751
2590061
1639326
1746583
4310721
1210604
2107382
1343614
1699928
2851626
2380502
645072
1642849
1054893
7297233
588737
1020743
20422974
5391544
454441
3269199
5750254
2840143
1914594
5151732
3457305
519915
888139
1863500
1395086
922826
851139
3054405
802021
419244
804657
542048
1176514
2840715
548247
2740712
1951456
790867
1363378
1332667
15020187
1444043
816481
2195156
1336372
2884683
1384647
1113806
6946944
961784
512248
580241
7133800
37946989
410617
1559052
3688876
15937956
2350643
3636976
728409
695982
2583915
719438
719987
16694405
3725478
1490975
2422039
2460262
917215
2178214
1190410
861561
319885
2577713
1380753
4048133
738757
523909
1059761
2900607
866892
655844
1143596
2161328
4583510
1517904
1521580
1494898
1006255
4961997
4410473
2432916
2862191
8284835
1653315
1103493
2526425
5043723
2169450
3277101
545021
2050274
598423
278529
42100879
36014969
1914953
614029
1243386
2619626
851183
3790475
651507
22734518
759707
8046268
1729134
1421611
11121120
492398
391211
624574
750576
328922
743033
487550
2328339
6826505
892982
605834
4299915
402705
690538
1845562
4256969
1688045
16435150
585521
1266601
1204588
1709775
1950515
3385752
977267
2927439
2046246
577887
4653472
5077571
1713117
698127
893880
4296392
680209
567346
3188741
438694
3051416
3741604
776476
1615157
729882
998999
504802
3423328
4415556
1740230
3111920
1491359
2023826
740959
1677283
792244
750082
5530994
843484
579374
1130501
9729005
1195927
1358827
4400872
5929530
1074495
4742117
971906
698267
3375713
973464
470603
1943847
961612
745108
1177467
4162106
996860
718396
2984826
2170770
4020750
5891806
1952225
949378
3441883
4688685
1002812
1685994
410331
5687633
3531978
4071131
1132363
1529276
3776721
2583956
2617435
1548617
1264449
3054873
2331697
365722
2776886
7235864
1159213
627061
4303981
7797506
293938
3935609
745598
4187940
4706522
2195739
791403
3732537
1253789
2442060
501687
1777083
609604
1774037
1516163
1833249
2559411
335535
4480815
2355079
3110340
6437971
1354881
3068281
1069985
3786608
1233545
564460
494733
312973
5064260
751406
505660
6231761
4447300
692047
1497077
831156
290920
2162502
4153871
4244526
578710
1082390
1258809
376899
1196019
2639220
1596136
558056
733963
982977
527329
1047503
40548167
1824712
936264
2779749
2624405
3878786
2934529
6141719
3956048
858353
3163350
349088
6006354
513911
5074258
1112302
1139629
413936
952273
2183063
649596
378794
6245886
4639240
1485578
1236317
2802535
569552
1696352
846441
2286777
5389780
1190579
2936884
648920
807387
2882082
679792
5410700
1978680
519504
848063
760237
543984
1808930
1659282
1981395
2102072
423808
1081018
523932
989722
4496825
2385537
506196
1155928
999150
905884
2372272
601356
858975
651576
556112
1530817
3063876
5099140
5861165
2691718
5483560
3413829
2412220
2883370
722739
1387119
1509427
443526
1320559
1026031
1170291
1254425
1488635
2130680
2064446
271728
495744
1754670
1481617
1614644
391326
9387786
1484006
1134306
3160194
2913504
360035
803951
597083
697893
3850800
531055
4180240
849063
958970
1910837
1531345
924973
5304609
4220415
6035943
261428
1704016
441522
1568630
698249
1256365
3575401
3203634
3122695
680930
868482
402805
2128236
712744
1732455
785405
1472155
906089
1789757
1215837
1628380
1679599
270199
377511
1541043
413576
6458694
2177309
261576
803043
5930187
571707
464633
1539655
1269686
410653
3130061
1137052
1467741
551680
986179
9074742
773963
852492
678155
8481762
5711696
726278
838976
1125016
12058761
806295
9605714
2961049
780897
720051
1081495
1012551
6976469
3033891
1382315
9096632
1437682
7244341
463452
5323686
1858038
2055292
493866
11147660
2048473
1461677
3738654
818194
1932844
1589367
506695
4116325
2803977
7725115
558114
826445
3206107
2209459
2914533
6478612
886467
4022616
4991401
542490
1566252
2207914
765746
7700717
2811458
12878166
1887923
17014028
1212511
1502924
1347608
367816
2935440
753399
678631
992437
2342645
549600
797597
373103
1997988
1631217
2513674
5617888
4335863
688213
3246288
3296042
1169551
1566968
3394234
1021522
5139636
702141
501633
4511577
616965
1627414
2170871
1301051
1052434
4726803
15741758
6296293
4202776
390476
3735701
820762
822648
3845732
2549310
602980
852101
2878476
575689
988585
8178725
3938991
681132
1423480
1513438
8529076
2610181
5392675
2276863
3133182
17545711
4185446
4699607
1003824
755170
455086
1410375
741587
13792952
5878667
573716
288752
1450766
673613
948856
9195587
852687
2189971
1562102
2340350
7125064
2138110
698789
1199157
7746760
856285
2203098
4357064
312495
1290758
408063
1883706
353877
2004319
371171
2659627
24241342
678402
3089900
746001
19886568
975971
902988
733938
4356120
1550009
5537356
1846875
8313938
3060841
363686
759247
6625382
15120000
2283912
5415042
4715471
541437
2199648
806757
392724
5105060
464907
3021876
993042
3061217
2899488
376547
9138347
985978
1513770
512442
549799
3475762
2669158
365169
768365
1434331
5108982
2743877
1587660
4618823
1057690
276219
2983727
4131752
5273861
4499598
6847590
500786
681848
969831
556538
9805449
584873
16519929
1018807
6926947
428948
21698970
1705341
6822198
1691639
39938362
1019001
319062
1860036
352945
2306034
2117101
894305
396923
1036926
1736831
7577946
1448622
3951506
4491066
885402
1030654
2535091
3363156
16481781
1471752
1205160
1856195
732619
1340926
2432321
997537
377346
6915991
751908
1531133
1830601
337816
2939488
264631
1030642
11751812
1727228
2796727
3216513
953761
1025221
491778
2082770
461358
1076938
1092015
8851317
7614706
9841581
3757849
11994537
1451380
1765595
3514385
606635
6521541
334260
1345016
3523269
11403230
27894498
307424
1780370
1535453
2565796
662461
340928
625251
653648
1867243
1186107
2387675
8289344
7277498
1995619
1491957
4157068
1455754
1589006
5197331
2147106
1172412
2003995
13015121
595174
2347554
601031
4870130
1070598
616945
1151611
4279069
935364
1268080
511690
359055
592021
2158814
1470023
3441454
763701
468855
3235315
253368
6684686
685830
2527388
1368093
8897366
23635629
1375828
4016421
3636249
724485
3468755
1509957
1343142
3304608
32553086
897469
323467
3669761
2806268
395369
4122563
853172
804680
506932
864126
6925758
7970777
695987
1984106
902459
5205050
1113008
2150871
206503
315832
1264915
4599601
967842
871354
523815
1069013
904540
2422278
4667658
2816016
1129030
1303170
849298
484564
1128586
1542614
6504449
733527
2924849
593398
1334199
385135
1056627
2352429
461828
499812
1896531
594702
993151
919708
4267117
1797587
1030373
1505957
1438979
664448
4279735
716511
744166
834563
2423006
1370043
1777658
4930587
607990
440909
346538
776253
598403
446387
16484218
997770
4648781
805324
5466122
2120863
4845672
3491674
6300231
4061087
2023003
700827
5481805
1971516
1141760
621681
1359655
1865059
343402
5457113
754572
6208524
1926684
4548112
848580
573299
1057318
587302
643497
3426016
1231938
2273085
183859
15635921
5711310
407449
2922227
3199205
614734
948879
1735014
2162184
2038396
11219041
445563
1962678
2590038
6974684
1199754
3179588
2068779
1117804
2171986
202167
2176646
4674540
1308393
722186
3447470
4085097
1390924
1080115
677709
644185
2081965
1934792
3196614
2071673
979753
1014581
1066768
423088
531333
417100
2186811
9147694
1806163
1343281
1169105
671950
1624540
952764
608060
1771566
787602
663438
1843772
896922
377711
570649
4840351
1037305
2284958
400584
1082118
625239
3134100
538667
1083452
26252701
1930386
1481525
5204780
1368800
13684697
1083918
7308433
1552021
497486
9550764
1755069
3104821
816349
2064978
5421044
2220610
2422219
3563519
1043083
4833062
1627878
572819
986058
1996519
7594458
2530662
2076409
725272
9333013
2740356
2336363
1174651
543662
880255
1656882
272207
22196441
665104
492621
564079
472326
2968467
3570509
2133891
859977
6319150
1600136
811951
7986761
688518
1020589
1272263
2331741
10710241
2433062
926471
1124517
596172
1441040
441227
2017727
1024043
1086901
747387
1857430
2095925
650191
2488602
500409
1508739
1365923
809077
1537053
2964721
761549
491751
1022360
6625536
1760255
3035888
2528387
1397881
662370
1122448
1163106
714577
5122357
2078358
875740
848962
13631379
649509
556658
1090054
18864280
3880148
375454
1689144
1222691
1389761
667848
704407
6111949
1760690
1423365
418013
1307961
4226076
1235825
1158003
1244159
753097
857288
454943
1542925
635927
3326140
497155
8322051
569036
879490
4635889
1680072
1422459
2109196
695682
8079577
1787873
1081794
1120811
12091154
941030
787216
552219
1234384
3859696
1431479
5236428
22132567
1814019
2950798
1003810
876677
662202
287905
1345044
782376
7205994
1707117
1164544
877025
2777356
3461890
2008006
512162
641386
783008
458527
464575
1039618
694398
13280785
3551897
2295671
960411
559009
1196211
1490834
