3097
870
4320
1432
808
1445
3516
5575
975
1726
849
605
3293
1444
436
1472
2120
3259
466
760
2800
3137
882
1079
921
768
1588
2714
918
461
2483
1185
3134
5690
2021
1033
3485
1782
354
1188
1072
1212
5556
1431
4535
4181
1260
3331
931
7361
1751
5947
763
1525
1071
2791
3383
2566
1388
659
1246
3042
1003
4645
785
2735
817
7066
6479
705
908
2033
1675
2546
1530
491
496
741
5056
1145
4195
716
8613
541
1571
1776
1693
1171
4622
1785
926
1691
1106
1182
5092
1028
504
4597
2386
1460
3051
1882
8142
1286
1740
1124
8531
694
1980
8408
615
1387
916
1916
1454
499
2459
2086
1067
1251
694
796
1910
1345
712
1076
4731
1439
5897
2893
1267
995
1344
1846
567
1275
3310
689
2401
3309
529
995
1989
3662
809
678
9067
2541
6534
4737
2021
1167
1305
1027
2194
5325
814
5171
741
8723
744
859
1467
1171
4251
1395
1394
2001
2900
2075
2240
2302
2635
2467
522
8984
1332
2185
1642
2760
1669
1159
1603
944
2228
1471
1636
1625
648
7969
4415
2334
499
1429
5914
897
1489
4746
615
3463
926
1065
724
853
2439
2516
1391
2419
1218
1599
602
5613
1126
1060
9359
933
3973
1876
1757
4197
888
651
2940
2468
2790
13170
9176
1056
828
741
1605
1876
2216
816
5509
1727
1743
456
1015
1092
888
2717
4461
1783
547
1577
1358
2354
4246
1872
10343
633
4082
2113
837
1388
6115
5067
3796
1417
3967
2479
2984
1112
1482
1274
2155
1246
2692
1270
994
758
2324
1037
2100
1086
1105
886
1176
1001
1098
1120
1928
1150
1350
710
4698
2038
1724
944
2921
1193
410
832
6034
1146
2072
2584
779
924
3415
5291
2167
1097
1091
3900
13348
1859
1247
1764
652
2681
617
663
829
797
1611
1134
1023
1776
801
754
1733
3014
3691
841
755
1309
7270
1440
1274
985
1195
5622
2469
1025
2394
7249
2196
1527
2551
2526
1639
5650
500
3146
4610
691
449
1590
2318
2476
3785
1966
4847
1091
2634
799
1045
2022
509
1361
1043
789
2768
828
879
2679
920
4025
913
5072
7573
453
2247
2355
1006
748
1191
3953
3297
2129
1672
1401
3030
1309
1145
1066
5976
1737
3729
2282
1139
720
2427
1037
2781
1744
938
1367
1846
2983
1264
754
3633
1375
1013
1624
1342
782
1183
1601
2507
1825
2606
2764
659
1128
1111
4353
1926
894
3394
2461
2995
730
6709
4128
786
1538
1755
1153
1263
1465
1527
3012
1399
2133
2839
1227
5380
1690
752
812
2250
743
1282
1023
2893
2731
2499
1098
821
4388
828
3056
7515
990
4721
1088
2539
681
1294
1370
1950
9984
1846
2518
2679
1941
2908
5617
1446
2324
5022
608
3340
1405
1491
955
3198
766
904
1513
858
511
1091
13034
2124
1888
735
2427
1514
1844
5296
645
6922
1693
2434
699
3787
5767
1727
1253
1618
1334
1982
1603
1357
1164
3225
1877
1093
2828
984
4257
2616
1821
366
599
1892
4990
846
3806
581
5895
2119
3580
1628
2510
1189
1556
1439
677
1930
3002
2764
3342
7690
2829
1119
1247
725
2765
883
2565
2778
885
1496
816
2983
1101
4896
2033
1059
840
1168
15035
2474
2809
2983
739
2507
1510
2701
1584
503
577
467
3997
3280
2108
1706
1718
3625
2707
1182
644
6567
3352
1018
1331
931
3288
2814
1314
906
1586
1135
6245
3025
2860
962
1433
755
1239
2573
3817
1094
644
9739
972
1383
880
958
926
3086
1449
1007
1291
2583
762
3207
3443
1621
463
11117
1193
572
2010
1482
1044
13655
4161
5546
5870
1161
12791
713
725
3312
1304
3279
829
779
547
1371
802
4004
7422
696
1867
2405
2739
646
2114
4904
2105
1831
2660
1405
889
807
926
2202
584
7378
1572
567
934
8410
8741
8639
2607
752
1139
2645
2022
613
687
2545
4643
1616
980
1606
8590
1784
723
3450
691
3754
1120
3572
3323
7125
2174
5337
894
1015
1070
1266
812
851
2476
916
2923
957
1304
900
883
1124
2087
1643
4786
6194
802
1917
573
1128
4649
2367
465
2216
1509
2751
2069
825
1700
3908
3607
1397
832
1669
1709
1984
740
1308
862
1685
1505
1406
620
602
1862
1292
1692
1520
2920
1781
1197
2759
1080
1607
2651
2506
3966
2063
2805
1301
2787
1431
4093
2189
1518
2043
438
1962
2405
934
4613
1098
1608
1027
2409
3131
4827
1793
955
4749
2636
1422
1427
1883
5351
1922
1574
1192
1327
759
512
1649
3140
1577
1175
2035
4542
1688
7764
607
12821
1705
892
2887
1065
6889
1346
566
1154
920
2947
1272
5852
966
770
6509
2083
7085
874
4066
3988
1173
4461
960
941
3276
2161
642
672
1441
3192
6735
1459
1750
932
3729
5700
8941
1170
1522
1797
1141
5286
2374
2101
736
2321
1081
880
1303
738
888
6929
1049
2883
697
543
982
832
912
3336
2521
1246
1270
428
5678
1325
2515
1973
1084
1196
1322
3537
915
1026
691
1133
1321
4306
407
1711
2818
824
10554
7890
13580
2478
8923
968
1254
1191
2242
800
1620
6140
4219
3430
3219
1824
742
829
3792
2445
3041
1479
860
1222
1365
1472
941
478
3233
2739
1305
1709
868
974
3340
945
746
1043
908
1688
1249
1152
2459
2380
629
847
2253
1976
1129
2643
2514
1053
1852
4927
3183
932
1656
1150
15385
3482
1400
639
4521
840
1375
2983
5604
3548
1265
1337
600
2365
1202
1153
1613
1191
3752
3206
3910
778
1540
1291
982
11498
809
814
797
2579
452
1937
1458
8276
1518
2435
991
6599
2003
1773
2265
3394
1435
5341
1259
1193
4787
1697
1911
2429
3442
1018
2607
891
2410
919
1681
17878
1743
460
1831
2152
965
3235
560
809
2092
1128
965
1967
715
611
1886
1379
505
861
855
2146
932
4301
1795
2066
882
590
1676
1434
5572
1486
1659
4117
4228
1504
5080
1665
3889
1635
7326
736
967
605
1767
2872
605
994
2186
1101
810
1694
1422
1077
2206
815
6155
4688
1411
1233
4277
2848
2124
4493
920
1511
1517
1694
417
1194
4586
4562
3287
1507
16858
1516
2871
79568
1652
1302
852
780
4420
2190
701
1605
2323
1301
786
1100
3999
1270
1429
1828
1983
10820
8722
1009
2439
3866
2301
1903
592
1176
1066
919
905
4149
2516
2059
10828
3147
9931
1673
952
6939
8357
1505
2145
1053
627
1026
10196
2612
8161
565
1041
752
1088
1104
1180
588
3385
1840
4236
1056
450
6981
6236
2487
1941
4487
2392
431
2541
1101
758
1625
1505
3061
930
1449
1414
1109
3791
929
1479
4311
1983
575
2091
2201
4431
2387
2094
792
2748
899
1085
2074
752
714
5393
4469
2174
3038
2311
1291
7165
1482
7221
4196
6333
4039
895
1159
1494
2842
1774
1346
551
1361
3960
4675
746
875
2856
1562
2321
968
534
3309
5436
3484
3013
1345
592
681
4870
1536
635
1711
1459
98902
1095
2354
4889
10265
410
1458
4986
1704
2822
1264
2769
2264
5370
3320
383
611
2292
3622
1714
2764
1963
1620
2086
1663
1000
1035
3283
1851
755
449
4763
2038
1492
451
988
10471
398
574
1375
3376
4401
1387
2321
1965
3231
1813
1780
5119
950
2466
3126
1404
876
1155
974
1366
1822
3430
1349
4183
1707
2374
477
5158
4261
3172
1096
1427
2719
925
1373
871
1423
2335
1089
2845
7582
1078
3762
2300
544
2098
4091
8064
2210
1106
3342
1152
3131
2986
621
2394
1278
3105
950
829
1524
2448
1573
3029
731
4578
3113
762
2024
2800
1221
1312
685
929
1903
4225
1668
850
1457
695
4724
2593
2049
2182
2157
1565
1019
3450
854
1094
4320
1868
1505
1621
2144
1683
1032
3293
3657
1800
1243
652
849
721
3241
5313
1777
494
2404
2899
359
851
1343
1052
638
2240
1409
1921
450
2405
698
551
2790
1562
14222
599
4798
4600
780
782
2425
1193
1005
2903
697
1500
1890
2298
3224
2894
2967
739
5308
5085
538
1195
2354
1789
1706
1717
1256
1261
4107
856
1375
2914
1168
4045
1873
686
701
869
1075
1252
1063
1174
6425
1043
1141
2145
8286
1407
4702
2417
16421
772
2646
2047
688
472
1373
1750
3813
1584
495
1084
2250
8152
3062
516
1309
5548
3164
2858
1681
11534
1355
1029
696
1378
2099
3859
813
1357
5013
793
5277
1158
2497
674
2087
2014
1757
4391
738
754
1303
1128
1193
1796
1730
2355
973
3642
1416
1225
2797
1203
817
3238
4774
1225
610
36063
2971
4606
612
536
2827
2493
2344
1765
965
2037
1105
2482
1611
587
850
727
667
506
1225
788
1904
851
1606
1654
2469
1602
3187
768
1202
1206
963
972
1334
1847
1536
1335
1295
2185
1357
760
2834
786
10846
1292
890
998
1355
934
1302
6842
11257
343
1639
3386
577
512
3911
1816
1719
903
679
1919
1134
2441
3722
950
1869
628
1711
1032
3659
1816
1388
1694
6225
606
2418
2153
3565
1071
6056
1447
4885
2800
2164
904
2664
939
960
705
712
946
1656
912
772
787
1247
1423
3377
2565
1132
21328
2993
2438
3497
890
1459
4637
10387
2186
1529
704
1565
5107
2749
1716
5623
1414
366
1882
860
1551
1975
3564
2327
580
1557
883
1331
306
2239
1307
410
18562
715
3416
395
1122
3677
1673
1465
4290
1270
1530
1943
2576
1224
1783
586
5788
2346
463
2087
966
759
12235
799
2464
1240
765
6940
1045
1248
1833
1937
2029
1431
860
1707
2973
2127
4824
1156
3028
1877
1535
1951
2345
2041
2245
2082
2981
1666
1752
4405
1375
3056
2284
1442
2443
1960
847
2507
2331
2905
6112
532
1105
1108
4944
9617
1697
4011
462
1292
1768
3585
840
2943
5705
818
934
4649
848
1768
1155
1720
1109
2157
2677
1452
1080
1051
3218
2536
2302
507
4986
2565
2975
5375
498
2069
2027
4737
2252
1321
964
1341
1840
4983
6306
1044
1567
1757
2192
2284
886
1124
1927
572
697
4713
1503
4406
770
2366
1744
863
2600
2769
2940
2277
862
991
6233
979
3198
873
14332
972
2857
2260
630
3174
8104
1296
2357
3130
1187
1120
1132
836
438
862
3147
944
765
2261
1475
4202
1072
5450
558
2560
1731
7514
1259
2857
2540
3431
2174
1902
2052
1259
1299
1123
738
1417
2115
3304
1712
4772
5007
6340
3564
2396
694
5120
1192
9473
3757
2030
2056
1414
473
6140
5453
1004
1081
396
1154
2935
2463
1058
1049
2872
806
2902
1078
2161
2725
682
2797
1297
1851
1273
1274
3618
778
712
3811
1566
451
2669
361
1225
1392
700
590
3115
809
729
2453
1845
797
2371
3252
904
1938
3775
1398
1660
6281
1516
1413
2483
5929
1031
2531
1101
5247
2063
2107
1385
2586
2037
403
3838
2002
1466
1759
1002
1121
3653
1113
1107
913
940
1380
1344
480
1190
12364
5080
2016
1964
4102
678
2507
1042
1240
2060
3939
1055
2311
787
1577
5013
1872
670
1689
2375
1842
2958
14321
736
1744
11805
1367
666
1666
5391
1203
29716
1363
887
3031
832
1341
1453
4678
1547
1588
2464
3168
6895
5039
4945
1025
1127
669
11609
1564
723
2645
8467
1842
1855
2661
468
917
5118
2664
4810
3922
51042
4468
7408
713
1025
1559
7972
1206
611
1504
952
2172
1632
797
1556
4155
1060
1078
2095
4779
8567
1313
1890
775
733
1853
669
1736
881
2120
2235
969
450
826
1492
584
1669
1007
1048
2045
999
2058
1780
1766
2912
1565
832
1523
1694
3682
605
6845
819
1327
611
618
704
975
2339
1294
766
768
1054
1339
2012
1575
999
1490
2044
537
2056
2486
1414
23238
2096
1046
1191
1623
658
1021
3992
952
1663
11502
8205
4091
1138
1665
1736
3771
1993
2721
1506
2217
1166
525
1278
1335
478
4155
3796
1909
2152
2340
1662
3164
1943
1069
817
1434
2214
1625
266
1647
843
1275
441
254
567
1039
1999
637
1024
380
990
314
476
414
662
1222
280
390
182
757
1216
2257
320
775
1022
2347
540
15995
3269
1001
476
269
347
337
2107
769
2637
550
3370
475
599
928
2558
598
455
877
2644
464
387
288
233
601
462
528
7484
1127
640
433
638
571
573
331
2827
1334
194
371
424
1876
449
600
2719
1409
533
659
2018
139
387
528
434
538
533
639
460
399
541
393
5353
883
288
622
1267
3084
1062
155
296
1975
301
1104
404
353
582
462
1152
4571
335
336
1138
232
1349
1862
407
3024
118
2158
296
496
745
303
247
510
411
412
271
351
367
819
1092
727
850
3418
532
622
1197
1293
822
393
414
620
3200
215
424
419
270
366
270
675
447
338
678
561
564
2249
282
371
906
920
202
1112
902
741
597
2796
374
206
6646
1567
297
929
699
845
566
145
617
314
525
1788
387
600
1462
586
1596
653
352
293
651
4328
700
633
469
565
590
529
3167
631
280
294
546
2357
1390
251
260
425
584
758
391
221
628
518
3302
292
1029
1695
2269
1765
592
413
315
9681
7639
6514
779
1272
730
705
662
4233
886
2742
1201
655
1935
1226
458
911
255
337
4737
333
219
191
718
876
847
326
1497
438
202
578
771
1102
3584
1595
341
221
593
900
370
252
4104
360
1475
1370
700
287
793
517
416
176
950
3012
348
636
1952
1266
213
544
727
474
1415
4446
1511
730
1408
3226
446
778
750
1374
553
1738
659
152
289
2285
566
666
703
580
669
1079
327
385
503
2170
263
394
2109
375
435
1255
264
291
3711
293
987
128
495
3872
433
1877
831
12164
466
389
382
977
292
3290
428
146
2028
850
241
761
2214
398
557
446
555
1335
217
331
317
686
263
1145
1361
681
1220
1489
298
747
321
1149
2825
1851
155
186
398
1196
1301
546
701
223
501
4156
249
1996
4276
289
243
890
2460
453
2988
263
2423
810
389
1017
984
4843
1893
567
649
831
409
169
2123
733
1109
856
408
1311
1400
515
362
2125
1960
353
1615
284
4206
4782
9608
962
1856
405
693
738
610
1074
615
328
789
2038
518
143
668
1030
177
421
2916
942
345
1258
1257
1036
1722
479
719
260
1002
498
683
237
1386
261
1631
896
310
251
368
944
11944
813
3709
4158
5752
366
1219
1966
702
673
466
532
2021
1142
1589
314
338
342
264
943
3343
1546
391
550
2153
811
1646
988
333
5308
646
333
1773
316
187
788
2288
916
741
297
1105
1158
445
1549
206
427
3098
317
376
2167
674
343
229
640
9898
1130
226
636
478
374
361
1175
476
730
354
968
1131
376
3431
1228
1636
530
170
661
443
423
3518
1606
205
336
410
693
396
1026
358
528
957
691
1133
683
548
918
1828
443
639
7332
654
1440
470
212
1124
1946
567
856
1059
246
1025
294
536
384
354
2427
257
258
591
489
1795
1033
796
1025
360
450
202
248
476
1157
216
158
552
393
19950
494
413
376
296
205
585
466
672
694
501
1555
605
1333
350
2582
2622
1248
975
15039
854
1251
2811
1814
3445
591
417
699
228
210
954
698
500
896
559
479
3749
195
826
1004
404
368
910
308
430
461
8891
1659
925
1848
557
409
3823
269
513
692
711
923
947
190
3296
957
416
624
1013
1921
1242
452
1532
891
461
518
701
621
40124
492
1267
356
373
4251
236
951
943
341
5171
432
1148
484
390
1524
3203
337
1089
2296
437
465
361
474
532
1058
337
1594
208
281
915
315
1465
983
1483
261
220
826
711
2927
4918
1214
3479
432
1541
3730
1632
773
1502
1319
377
852
394
3167
3285
555
254
257
422
678
438
604
566
1142
757
2983
626
680
2478
957
244
3664
1034
15759
245
279
425
1006
1403
859
249
363
523
503
605
181
316
1497
1579
326
4820
341
830
1298
7859
928
314
238
1574
1547
2525
263
804
1839
195
1171
471
1929
735
356
341
365
1139
402
497
228
1071
724
409
2788
567
608
1781
768
2258
1080
2674
3137
511
672
574
617
1642
256
381
622
6229
195
1021
835
240
401
241
1596
730
9886
123
350
523
625
872
1349
183
2447
1812
1017
377
1874
545
332
833
945
296
1147
172
756
719
415
420
956
536
149
371
765
717
459
630
438
560
685
852
604
439
460
8220
2207
3727
1715
180
183
2471
419
343
567
507
351
739
1349
611
661
3417
2211
420
210
3088
1447
788
18430
497
528
768
2185
994
295
542
384
1065
1636
214
678
354
7316
1285
15789
307
954
1891
2386
1041
492
579
16512
2590
424
1011
881
247
551
274
1762
2890
1026
383
4826
2408
991
199
2888
193
498
2001
321
249
189
278
5178
2583
1845
258
535
2178
944
3522
295
862
826
743
601
308
463
1176
442
612
353
962
418
662
276
211
159
2741
661
470
189
624
209
480
670
1539
499
644
527
274
203
2467
295
379
204
1255
772
284
681
791
296
264
349
459
774
1160
2099
258
1070
1121
720
398
331
514
955
3444
558
605
318
644
789
199
547
9289
849
329
391
230
845
303
1944
293
5818
355
2705
1693
545
520
321
487
2401
1249
247
890
540
458
302
207
551
1046
230
533
768
563
733
1875
268
860
3427
1069
270
312
803
820
388
451
569
1329
520
364
2541
1019
1348
187
199
1967
1807
3540
589
1311
158
1084
1939
376
201
950
358
676
303
244
2552
1085
463
1089
3126
1697
618
295
1026
1231
4415
710
3722
1402
317
729
419
1105
210
380
882
826
361
1364
5463
685
563
377
344
532
992
511
748
760
1330
6342
1146
982
296
857
1695
1610
329
723
900
256
2216
931
3048
348
191
651
2797
1240
536
2086
513
667
574
410
428
735
4706
373
460
1297
770
330
271
312
319
606
918
277
731
981
1296
2042
661
351
13177
1799
820
421
651
290
2905
6233
611
167
610
263
405
1301
646
548
1727
623
359
472
1099
331
514
1681
560
398
1114
458
688
3045
281
178
244
1184
432
882
4770
6499
561
470
569
1906
182
369
360
6163
469
485
506
5637
2097
359
1628
278
311
1416
373
687
562
367
615
575
784
1651
310
507
923
638
1407
206
286
369
2644
469
917
1635
1482
288
2967
751
545
1572
443
466
862
802
328
1567
1518
216
302
2611
1980
1232
462
217
332
617
426
313
517
386
161
332
3071
2986
187
1089
645
1281
284
45783
1204
12799
292
2146
992
1174
330
487
233
498
505
395
337
1304
3455
393
1270
229
421
5314
864
227
1512
980
1043
420
3379
526
392
2603
1378
234
2221
960
544
3077
1124
2006
180
1284
436
839
428
410
1310
774
488
588
472
983
496
350
292
387
553
1154
777
988
264
770
300
342
1715
788
617
911
3502
249
892
861
1072
1257
269
1524
820
553
645
880
668
467
433
966
679
265
3853
396
450
661
384
341
627
1401
1524
493
1595
792
429
1614
260
592
298
511
1900
268
1798
361
1471
198
1112
491
1699
1641
233
272
652
427
225
419
1327
481
958
266
2938
810
9253
313
1141
356
12397
2458
142
1115
660
369
810
628
779
1857
659
950
948
630
433
692
1367
348
538
333
758
1767
506
328
566
451
2332
2697
556
1581
707
449
1801
563
874
794
546
365
696
833
1407
389
542
929
779
1329
1162
331
187
458
1254
248
181
291
283
457
181
282
1592
480
367
651
505
9665
276
504
5933
748
774
738
691
977
1120
2422
4093
2163
212
415
2517
1119
726
573
536
492
670
1022
794
679
1615
4800
436
278
480
409
3274
771
1133
1726
429
383
247
781
553
450
386
978
559
286
1447
1148
1148
722
1178
185
276
335
621
318
2583
1195
403
559
685
1378
313
1490
955
316
891
1637
1241
372
506
1095
309
213
349
5325
461
475
427
562
1380
393
1475
370
4069
724
220
466
627
5074
1098
2502
281
466
6936
732
1049
4222
2267
175
404
2170
3842
3077
2133
179
570
2835
374
393
420
272
375
1210
510
647
205
404
566
604
574
178
271
475
460
749
1384
458
305
300
287
457
2164
507
561
197
585
4060
530
1563
680
685
516
10071
492
318
2231
9179
5229
529
1905
405
554
2981
3337
376
2996
226
1804
4116
1113
3024
803
2139
271
504
632
254
5629
930
6560
183
1310
570
497
611
1140
405
487
410
799
998
293
198
19136
379
5377
1209
1041
1669
554
310
3860
802
406
478
234
591
1105
524
1285
1268
3648
737
1179
262
540
263
224
1452
2050
2049
3811
809
641
1180
1502
342
176
5597
459
1096
189
334
3048
1237
1022
890
444
432
208
552
209
311
953
173
702
736
717
222
264
214
441
436
4190
584
381
245
326
634
481
3142
545
512
588
271
228
368
221
336
2706
741
299
870
542
287
609
592
795
2231
571
301
425
396
1472
510
333
921
1859
3258
779
170
239
516
1209
554
364
780
566
320
3004
350
427
387
519
236
293
3483
380
694
427
1202
253
358
154
725
2644
177
332
1402
370
309
32267
768
210
947
811
246
8119
1137
2536
539
1194
902
333
214
195
361
614
759
2715
645
160
1935
1286
2351
6161
308
1298
342
579
878
723
1699
307
1896
1117
7455
192
1551
2628
609
334
1683
1826
933
1013
798
270
985
551
1160
403
625
585
789
820
2068
1620
797
504
1385
333
347
308
1245
5125
1645
852
408
2216
1736
318
2238
121
1033
1233
260
1253
416
472
439
1180
15817
162
591
2744
724
2411
549
277
712
2161
1056
307
1441
421
1075
989
1239
1186
553
493
2152
285
324
879
313
219
461
527
1486
458
373
594
608
608
759
505
8160
2037
519
1958
316
1640
418
396
469
522
6970
1091
182
350
713
2332
407
476
403
304
1396
2848
370
2952
435
1235
3525
1321
203
618
3148
1769
2962
351
420
431
176
646
411
1358
225
813
196
301
821
4878
338
229
1480
426
232
3810
1772
328
247
822
327
941
507
626
362
431
479
578
1931
615
1940
336
958
393
513
290
867
394
575
822
2754
334
504
1572
321
293
3218
600
1249
1974
682
172
317
256
658
757
636
217
495
781
1114
584
1182
3461
160
369
1869
742
17395
220
2930
407
987
3300
523
845
3159
380
179
1542
504
661
318
263
506
224
1642
803
323
573
459
599
1439
459
2332
463
1514
1028
543
1261
251
5563
663
1563
854
2622
2103
556
754
557
292
263
570
1734
180
411
792
3783
1923
1963
382
1110
4706
200
209
956
685
347
821
870
439
2812
1691
506
292
951
4666
2532
522
351
455
721
386
891
530
803
1065
792
312
2937
204
317
513
3338
4110
845
830
496
121
414
369
343
523
111
3208
362
227
134
146
229
433
110
311
184
864
708
211
157
273
492
181
421
259
712
4183
296
118
161
102
647
354
103
300
205
398
210
228
135
91
417
353
570
126
314
313
14488
178
1555
237
216
1573
1560
156
145
132
772
1160
208
85
177
810
77
848
710
482
211
297
320
156
783
208
187
212
183
83
94
291
424
88
1164
232
376
283
75
173
506
183
142
206
223
360
239
94
3558
116
188
199
98
85
232
441
348
97
469
264
3260
69
270
434
208
266
253
62
71
1458
188
356
339
117
93
154
214
171
68
150
249
659
606
128
166
883
580
217
78
477
74
1365
294
1850
344
904
268
781
327
145
155
107
150
237
134
211
310
130
70
156
232
409
497
107
781
269
272
128
165
3127
713
348
287
159
1687
1051
246
21559
105
156
174
782
765
175
187
625
43
751
713
258
806
185
317
189
256
466
324
901
338
200
686
530
1103
382
392
70
308
732
336
79
460
425
122
255
345
651
176
105
151
162
401
837
688
188
451
150
110
69
6100
249
302
440
312
99
140
190
98
646
1612
90
2070
586
533
158
207
333
488
115
130
356
337
166
111
158
168
302
186
177
1587
343
190
320
322
454
110
262
295
2469
145
1172
353
137
652
125
170
960
266
562
413
674
721
336
131
305
193
635
177
488
339
1735
647
139
1891
196
137
120
480
479
1606
1018
175
160
805
424
251
361
281
911
4272
880
4536
516
83
503
558
1396
217
136
156
215
45
1322
178
292
541
222
673
1149
279
1153
144
116
503
616
53
118
407
83
60
62
1252
477
810
104
213
247
154
93
67
75
247
119
115
362
244
137
329
140
159
96
128
306
2244
1218
178
137
561
158
445
219
279
212
1027
189
420
473
436
450
1048
803
242
344
153
286
1351
3001
149
226
192
252
223
336
81
157
467
1106
301
313
158
122
111
100
200
444
220
122
759
883
794
118
281
425
952
298
94
142
964
581
1133
491
1009
701
115
1407
4829
521
112
460
167
175
405
2030
193
264
1136
113
120
798
132
484
97
896
203
236
98
179
4430
474
365
73
129
4264
98
136
1086
429
2133
420
1207
312
553
247
986
440
213
287
1240
65
52
153
334
219
100
331
540
544
143
448
65
283
1056
117
296
523
89
87
509
2667
198
204
395
442
79
165
107
203
302
225
6442
426
163
131
514
142
693
194
732
254
303
277
94
115
1014
177
542
324
110
174
127
653
2296
149
247
92
154
1161
12610
1008
309
285
580
131
55
349
416
73
145
313
169
166
726
111
78
439
2764
159
118
34
186
2670
294
1305
1166
241
337
442
268
113
170
99
271
159
210
820
1176
2157
250
246
236
219
74
74
482
177
266
280
878
1235
635
144
310
227
213
165
349
269
563
646
256
817
383
343
330
44
722
224
378
99
80
1553
339
185
591
186
63
404
419
1407
207
468
1356
2996
611
131
91
184
443
106
94
97
171
164
537
85
565
928
278
1527
231
332
120
136
692
196
266
157
2688
1043
820
268
319
166
246
137
272
592
1260
201
369
331
260
236
150
270
71
820
253
177
6290
653
248
101
169
336
427
174
70
231
74
321
492
74
325
181
302
1309
100
500
466
554
1140
98
257
152
750
128
278
1031
1210
277
197
154
187
204
236
238
252
265
462
186
625
243
381
424
488
286
1792
594
965
847
140
133
224
42
112
117
88
2447
356
132
2518
114
296
848
873
391
258
979
124
222
2387
398
223
435
84
488
117
112
639
118
124
151
155
57
1845
6700
123
203
855
2730
1226
280
167
146
124
91
454
845
52
3611
309
568
235
4838
97
290
215
76
238
253
174
165
97
332
447
134
1858
3824
2527
168
196
94
506
758
134
987
403
1197
2284
525
111
202
2336
1477
188
53
214
1450
626
214
116
772
1459
126
674
164
139
116
462
405
1593
78
2003
438
306
48
1170
752
149
593
244
1736
228
543
97
399
146
321
763
539
605
2879
4315
201
448
399
260
262
139
221
115
264
105
150
4927
874
414
8546
367
372
210
163
2427
203
148
583
164
883
428
545
238
74
62
398
125
198
644
287
953
1182
3481
277
281
407
410
138
257
187
87
740
180
665
514
1121
541
107
3067
586
138
846
142
46
80
196
3124
85
186
2037
206
197
291
468
177
130
107
172
1844
158
164
127
301
84
134
1191
1020
1566
108
179
203
298
56
295
1439
650
206
85
531
1052
240
178
260
45
45
351
673
66
275
533
480
1589
450
72
169
4380
517
1630
376
141
26627
1380
208
142
177
127
177
1843
330
214
12577
98
74
812
149
127
153
202
511
182
51
153
247
257
304
133
339
234
5484
83
162
159
93
271
118
254
176
106
427
122
104
1113
6365
272
208
759
694
207
1888
1395
114
1074
665
154
151
82
273
441
89
84
94
152
247
261
465
393
459
114
240
58
444
1399
1183
86
490
230
761
127
315
429
243
252
258
335
157
94
1140
479
348
120
832
773
16407
113
2204
331
83
318
1024
416
188
180
233
2833
137
99
1261
208
438
114
163
529
72
286
367
59
190
105
116
238
223
417
147
205
764
286
1125
82
232
343
369
1334
189
300
450
1040
83
661
2897
117
2281
490
461
145
500
236
406
169
109
94
193
256
289
49
113
176
124
226
117
114
128
2827
145
2078
159
196
209
113
274
158
332
337
133
289
926
341
165
375
715
340
429
337
2364
251
90
384
54
84
132
185
148
143
315
216
503
114
1640
155
1003
273
215
88
2680
101
795
152
173
201
11234
209
435
199
82
729
3774
424
4335
103
52
392
205
384
119
264
112
88
694
259
149
209
210
109
160
306
356
60
201
283
435
3590
121
117
163
1190
111
281
193
442
402
347
165
140
2784
292
419
163
97
202
219
365
1512
1285
1140
830
684
312
94
38
270
743
267
125
675
78
1187
228
155
3785
1321
86
631
1145
159
115
72
86
234
73
345
92
77
3431
95
162
191
94
67
2000
89
199
174
131
189
588
138
1207
172
245
170
931
100
332
141
119
118
268
119
437
2143
523
819
77
133
260
427
164
730
83
151
17726
409
332
61
84
1170
138
741
226
176
243
223
1047
255
422
869
289
165
471
1254
170
113
411
172
145
424
330
336
175
185
93
88
2211
165
236
48
272
389
527
227
314
203
146
260
413
628
107
974
204
396
1039
188
386
1559
122
167
103
184
227
135
903
611
274
107
92
318
230
339
465
87
433
386
186
80
172
1575
108
28
207
205
407
193
186
723
409
413
11922
215
239
184
334
14212
191
183
119
269
1015
1724
264
2873
200
142
78
182
56
304
432
128
136
2675
153
206
294
278
584
1419
224
182
134
354
87
3498
106
151
55
127
162
51
4849
349
212
82
394
127
215
1232
89
110
812
394
361
138
95
1961
468
528
253
248
560
619
791
79
260
327
103
130
213
512
966
187
173
217
316
177
212
128
966
134
141
119
206
177
286
453
79
131
196
173
481
121
131
230
210
365
439
525
497
382
104
157
292
389
365
134
303
333
222
635
453
961
3673
376
197
419
202
863
198
374
129
253
2473
237
78
2975
338
367
137
88
274
135
129
141
177
70
406
227
71
111
555
87
320
390
300
13361
121
242
233
211
78
148
168
273
94
418
272
233
176
234
183
2872
171
1826
262
704
222
109
921
161
236
195
144
109
263
98
161
305
164
202
257
405
163
202
444
573
256
523
153
200
117
251
2003
233
2019
309
1155
107
752
181
343
274
158
96
544
216
269
543
155
235
2311
271
655
172
272
252
77
120
102
259
150
237
2756
819
321
1936
101
373
327
332
296
90
157
889
950
341
112
109
388
136
514
222
157
87
106
608
1101
342
131
132
834
307
206
247
162
5158
1027
416
88
101
662
965
471
120
175
191
344
118
155
336
2616
355
1049
65
69
56
3489
696
121
312
180
264
471
97
408
109
338
495
80
99
572
272
63
176
177
262
116
680
38
1515
724
487
185
2321
95
72
290
546
779
153
365
97
122
307
123
347
186
1858
523
1089
104
297
91
230
225
108
156
179
163
210
237
185
162
88
235
205
550
186
1070
98
362
210
670
303
82
889
408
266
219
92
2694
672
121
105
217
195
138
145
225
112
147
1883
9354
120
1977
488
622
212
330
1033
117
657
113
124
108
2889
4326
126
353
116
546
142
164
432
227
53
317
2139
230
59
321
1283
496
316
156
75
253
304
427
150
1344
839
242
2090
2917
472
232
95
700
318
146
158
327
2790
200
785
313
315
93
800
90
918
5377
660
156
573
140
250
319
67
429
304
199
189
411
475
971
100
90
71
687
314
44
789
427
1105
87
6017
5576
201
111
111
277
158
225
119
260
296
361
224
219
223
69
579
176
138
719
200
229
114
408
205
56
117
430
306
283
46
263
498
145
70
205
1050
124
201
5541
219
118
264
63
108
398
408
3731
196
585
190
1775
1016
91
431
187
376
843
1799
442
333
393
977
451
351
325
1529
646
210
79
72
142
229
257
189
228
150
133
89
1252
110
120
308
531
463
358
113
499
255
692
1151
53
1106
121
1052
112
299
1530
242
385
175
385
232
962
384
678
191
192
239
190
146
122
42
244
260
161
246
458
1691
339
326
134
101
1261
2261
463
1131
406
120
105
160
276
298
381
94
414
94
336
136
200
214
139
5910
388
173
177
91
104
186
1457
1064
212
142
97
507
103
1205
596
249
263
64
196
766
101
92
285
86
1014
208
636
108
463
732
289
158
342
204
262
200
140
1271
4683
241
6817
1257
125
1878
541
98
326
215
869
275
263
177
128
343
1391
117
197
20304
284
307
3282
1037
2640
329
197
179
145
291
113
1390
143
399
502
108
121
1046
264
197
478
101
614
284
500
158
475
176
378
50479
111
120
441
152
433
530
276
745
55
45
169
139
30
34
260
276
1442
242
68
71
267
174
39
10
720
53
549
354
252
226
54
62
2452
43
363
103
93
100
71
53
579
128
137
65
32
78
271
43
108
172
63
49
109
733
138
130
716
37
234
120
25
37
117
232
116
354
170
119
56
109
31
54
211
217
153
194
327
49
68
36
66
172
39
283
364
128
41
46
37
552
35
256
61
24
137
142
73
149
65
103
201
76
31
45
73
429
281
55
33
47
27
39
49
49
35
31
33
78
47
44
1005
173
80
798
167
378
255
467
1170
226
201
357
44
234
68
314
50
409
25
89
98
147
36
63
10
88
60
2219
49
69
914
23
275
30
128
12
368
77
48
74
341
74
155
1210
52
107
50
119
27
286
82
58
282
49
256
1049
152
85
790
52
111
625
216
62
55
71
63
59
17
43
44
56
1603
862
291
146
96
30
1045
82
90
295
3205
49
683
25
80
40
485
109
43
284
40
497
70
14
652
37
512
71
75
40
31
59
164
163
122
268
48
186
90
57
254
249
33
51
97
111
80
66
290
52
53
254
121
126
66
214
404
20
1772
60
63
990
2321
416
114
271
69
61
120
200
33
752
215
93
65
81
253
95
331
344
45
40
58
35
133
40
53
246
384
103
113
82
735
271
344
62
37
322
61
39
198
674
57
85
162
49
194
274
149
2330
115
233
114
74
115
307
2111
223
24
293
75
350
226
82
65
60
79
64
213
57
65
53
199
950
97
181
43
23
105
250
33
72
105
45
59
41
124
136
83
4808
418
86
33
93
37
66
48
954
131
107
41
140
142
45
2046
61
168
1876
180
30
470
53
236
189
52
580
64
46
54
44
27
2729
387
28
59
285
98
20
16
39
999
96
29
211
70
35
388
258
68
113
34
198
227
3203
51
32
781
44
84
118
57
33
869
40
102
865
73
4662
233
55
75
1793
80
38
90
73
30
55
501
160
274
35
53
159
551
397
87
108
154
54
182
39
94
110
863
40
83
53
78
54
349
106
37
101
4680
58
208
76
235
49
230
118
125
146
36
115
47
49
223
70
138
2819
91
1606
121
135
39
55
64
823
35
84
43
50
93
24
807
149
76
1225
25
51
227
74
38
67
52
98
322
187
24
57
228
33
228
115
93
135
41
83
10183
94
110
47
34
74
1108
47
122
86
70
109
617
42
46
38
57
54
263
298
217
112
46
174
240
225
156
96
732
138
35
57
70
3147
27
73
24
240
432
59
1264
1005
150
78
287
1293
127
121
105
54
150
80
100
223
239
21
123
168
9323
131
507
1014
263
70
24
53
87
341
40
20
266
41
43
6276
54
37
69
90
63
192
35
455
346
4343
182
53
47
34
29
77
91
57
137
85
210
196
37
640
47
284
125
124
611
169
50
40
34
75
320
71
65
205
81
88
113
2019
64
244
112
720
85
35
702
56
1584
244
41
85
96
236
231
78
105
181
88
24
84
110
1000
247
4979
89
138
136
228
66
49
40
62
143
106
102
85
406
40
170
169
24
91
313
93
122
105
103
98
47
73
197
162
95
42
86
66
178
128
32
76
45
273
45
51
59
120
78
78
78
4
109
2037
69
62
3129
52
388
99
1006
70
89
436
214
23
166
77
63
76
49
41
133
40
45
197
162
1073
30
168
1692
28
97
86
405
2337
39
45
113
83
76
50
80
72
92
27
101
42
46
48
136
804
45
117
158
21
49
549
40
112
128
289
19
50
67
121
148
67
1235
320
63
72
149
84
113
64
147
191
251
2204
62
41
83
115
221
51
177
1140
110
131
91
104
136
4896
17
178
3608
147
21
252
39
312
56
1425
141
435
136
198
159
46
124
55
73
91
105
41
211
42
200
92
198
47
160
29
39
108
93
98
376
115
124
36
210
48
91
96
285
68
218
195
53
108
69
126
62
23
203
35
938
53
46
364
25
37
57
16
102
193
50
74
89
135
151
101
46
238
66
39
48
59
148
2013
861
252
36
46
294
73
87
30
148
40
224
32
46
113
99
370
87
27
69
57
533
172
45
206
20
50
41
62
244
197
564
32
45
215
38
47
44
32
58
768
125
1100
108
129
897
174
129
4514
14
26
141
57
75
51
49
47
390
113
114
61
84
132
1026
61
477
72
272
223
106
40
444
79
480
209
45
46
39
26
108
104
65
18
70
129
520
210
140
74
27
75
61
48
240
62
179
65
19
526
190
1017
128
41
80
126
51
1328
29
35
63
34
50
112
257
66
957
68
87
99
761
73
85
246
284
38
43
66
157
30
110
129
67
19
84
108
36
38
37
76
237
94
252
57
85
39
106
139
43
98
374
349
166
61
86
35
40
114
404
212
324
1588
79
70
55
237
33
261
434
70
90
71
55
47
492
87
988
160
28
142
48
76
117
131
134
200
11910
294
179
645
115
25
48
53
127
98
144
168
200
46
228
131
41
98
270
68
750
71
56
89
95
34
145
42
102
43
82
28
80
164
2007
3384
413
44
221
65
141
230
74
17
62
30
84
246
376
44
35
79
232
78
24
46
73
144
47
184
38
160
104
75
698
81
112
97
95
1802
184
74
409
287
169
640
67
51
30
217
38
52
71
120
99
78
183
17
1731
82
227
346
34
76
66
200
170
139
40
188
182
107
18
66
276
304
62
148
320
140
67
24
27
194
287
195
28
76
70
98
308
992
53
49
400
80
10
1092
507
347
25
22
331
450
42
75
53
142
34
92
138
137
142
92
736
45
59
84
519
155
54
40
81
4581
180
110
47
219
112
299
230
689
23
325
209
54
24
694
39
54
97
225
25
68
80
171
22
201
37
268
101
433
227
82
88
275
62
1175
13
63
77
129
48
1095
122
103
1466
78
44
305
47
194
54
206
47
42
246
141
22
41
254
356
68
176
39
110
115
124
164
94
283
210
41
205
696
44
557
112
54
77
819
61
42
80
164
279
353
4519
84
1873
192
151
137
103
265
319
67
131
331
58
59
1475
87
256
192
61
195
64
214
41
101
158
108
1646
341
82
333
41
49
361
406
89
92
42
51
90
297
46
258
77
579
79
275
27
78
54
88
60
118
55
201
2507
171
336
1906
145
41
43
2187
41
51
359
146
40
370
2379
42
120
29
391
1534
305
49
123
1024
50
9
37
127
167
42
441
182
131
96
1151
39
71
60
38
71
70
120
2407
423
111
53
687
52
66
24
127
18
56
149
53
2327
222
107
28
172
959
91
123
214
57
228
67
61
74
172
231
76
78
21
55
35
42
88
45
396
84
75
34
258
84
388
80
1850
68
62
80
50
45
68
87
175
1978
92
377
30
65
76
24
26
58
182
44
68
29
46
357
301
217
38
74
109
267
91
73
1414
1352
237
92
2646
92
206
86
110
133
5409
666
174
33
46
615
426
203
156
240
197
2374
226
226
49
52
287
136
21
155
33
117
2537
144
64
68
32
115
138
51
178
84
108
29
193
104
78
225
157
162
91
68
51
62
75
80
99
184
42
30
59
24
90
122
48
88
109
390
36
148
388
30
56
85
59
55
1571
187
93
65
110
13
526
447
123
59
11
319
122
34
6
21
59
56
70
128
586
2801
213
170
39
94
262
71
935
394
107
63
311
9
27
272
48
223
33
72
185
162
937
97
64
156
33
56
99
89
95
59
34
128
82
75
42
119
118
72
579
112
709
116
58
262
85
25
66
603
26
204
101
44
83
200
138
44
68
140
45
219
57
221
720
163
59
159
43
72
150
359
25
311
81
867
367
73
503
103
239
56
176
56
397
31
2069
78
186
169
35
62
21
58
45
41
24
171
40
399
117
58
46
174
58
32
43
76
43
119
225
323
357
61
105
6936
464
41
203
60
40
66
832
187
47
140
77
31
40
79
27
40
1122
500
84
18
63
25439
148
130
72
170
154
60
147
984
256
127
98
28
61
1998
51
126
54
63
1005
190
1899
36
319
288
148
87
1901
105
61
57
686
79
44
281
235
69
27
276
130
219
619
248
20
145
327
36
42
40
331
18
37
131
120
435
57
729
885
76
312
153
763
862
35
104
45
56
70
61
31
2920
190
63
38
263
112
89
244
94
8304
29
202
207
185
45
38
120
2711
2361
63
103
21
85
48
63
118
37
130
56
38
543
248
6233
1301
48
45
521
89
241
933
159
915
59
62
38
179
41
20
216
164
94
463
160
37
40
56
35
116
83
273
27
17
834
122
336
1008
103
300
114
167
97
81
83
211
34
12
82
496
54
51
578
58
203
2405
926
500
51
57
167
1142
105
70
72
64
19
98
119
152
79
29
717
159
127
97
273
126
76
171
105
70
115
101
224
45
208
51
116
318
54
268
85
1660
54
38
156
106
51
35
49
64
121
98
67
53
47
556
123
72
132
106
63
44
95
52
41
90
87
727
160
120
365
2270
69
32
42
64
135
31
68
180
100
314
148
563
113
134
161
95
260
137
46
68
132
639
49
432
1065
76
112
164
49
48
53
164
199
119
43
135
212
356
46
32
134
374
160
1445
62
537
110
113
426
65
1754
238
498
134
354
40
39
291
33
688
100
87
449
82
116
49
243
144
56
765
75
159
52
74
27
108
104
65
16
59
55
47
42
85
282
237
48
60
30
72
55
46
56
59
149
91
33
181
77
61
42
53
34
317
257
97
307
221
207
55
54
38
92
1158
117
22
307
13
191
67
64
76
55
79
83
196
309
139
303
683
45
33
74
187
545
124
17
1081
55
108
41
2016
14
5272
59
60
35
35
43
7
43
17
83
8
73
135
33
19
21
23
48
26
26
49
22
47
75
21
12
20
147
3
30
32
28
12
68
16
28
12
29
35
14
19
85
28
26
24
26
14
49
11
19
33
805
727
64
23
7
623
144
24
17
706
18
24
6
29
55
18
19
48
436
22
3
17
64
137
5
30
38
78
27
10
20
75
52
21
18
21
51
17
14
79
7
51
21
64
38
14
785
19
3
12
23
45
95
8
22
17
632
20
22
7
42
34
285
21
73
64
507
7
22
92
78
296
75
18
28
8
47
25
38
34
289
147
53
222
87
13
38
190
29
11
14
164
175
62
17
19
22
54
69
119
180
21
23
27
6
42
101
22
24
25
29
22
245
570
240
23
2945
5
53
67
21
56
57
4
18
114
43
29
18
7
35
85
58
2
21
8
34
42
33
9
14
54
12
59
15
37
134
464
111
32
44
18
6
6
49
364
45
1
10
149
37
10
68
43
23
93
105
26
35
59
123
11
47
43
6
8
210
22
69
14
171
90
16
15
4
98
25
107
35
113
17
40
24
122
34
37
9
70
393
61
15
75
6
122
50
68
1213
6
25
18
97
115
46
8
23
58
50
41
9
65
134
316
19
12
98
284
101
12
243
25
15
357
70
351
60
20
28
2303
41
11
16
75
20
54
43
5
21
41
165
15
66
30
323
17
55
41
75
44
23
173
13
2902
139
20
39
178
9
37
5
53
9
42
10
517
19
7
43
33
20
515
19
104
60
35
137
7
26
105
50
663
25
477
1485
10
85
92
18
14
21
45
190
49
373
44
19
677
10
185
162
40
1
55
10
24
39
49
75
20
24
105
37
31
44
13
20
24
21
96
28
587
72
396
19
49
103
195
18
14
33
52
73
3
894
136
13
271
33
76
101
42
73
94
5
20
19
13
252
54
20
17
18
51
142
28
34
26
169
16
50
557
411
38
184
45
71
942
116
42
9
21
178
30
32
39
29
60
18
203
73
10
77
104
4
40
3603
28
40
40
10
57
17
18
19
18
34
56
7
57
32
6
132
23
57
5
71
56
158
9
25
10
174
15
28
78
112
21
30
21
47
22
169
293
33
29
15
7
21
165
22
77
30
146
26
51
48
58
74
127
3
17
163
63
80
33
10
88
44
62
11
35
6
60
32
73
23
257
31
41
395
24
194
23
9
18
295
32
5
73
32
701
52
121
18
52
65
92
29
63
28
75
35
143
34
30
657
16
1
34
34
78
8
38
16
28
18
23
52
30
44
18
135
284
22
7
139
164
49
8
75
151
72
36
13
94
21
145
218
95
3
630
28
24
32
171
17
7
31
178
11
44
16
48
41
60
1312
30
76
30
2
200
26
27
290
31
21
14
164
26
6
5
2456
69
44
3
7
104
103
37
11
9
17
198
178
125
64
74
60
15
7
17
9
1196
491
66
20
12
17
6
26
31
125
71
28
11
41
18
12
25
8
85
46
53
17
53
7
2
154
94
9
95
418
536
41
200
41
14
2
36
32
24
48
27
706
17
1108
33
40
3
69
308
37
342
17
23
865
19
60
45
41
8
111
8
4
1398
2201
16
8
30
12
19
15
38
35
11
39
253
61
11
14
140
38
15
39
111
75
20
26
28
172
18
13
7
71
23
16
5
498
33
50
13
45
21
22
17
99
281
40
26
14
65
47
33
134
73
850
176
156
38
16
66
24
9
53
141
46
40
20
19
1113
56
407
17
34
50
19
32
27
53
27
39
14
39
17
30
18
25
15
22
50
36
8
19
6
435
25
23
2955
28
281
281
23
177
39
5
18
33
22
25
34
95
87
21
34
69
143
14
35
25
36
17
81
17
29
14
278
17
391
60
9
5
71
165
112
29
1641
70
6
11
55
32
52
39
1705
134
63
19
64
820
135
19
24
18
19
1977
10
15
68
42
100
54
17
31
57
24
35
8
142
16
10
595
43
19
19
48
1190
38
8
49
21
194
21
3371
28
35
15
59
20
30
16
29
298
55
28
33
281
15
65
89
11
6
25
22
12
17
24
19
13
80
42
88
21
410
336
15
20
30
19
523
29
932
100
34
87
340
2325
92
54
52
120
76
17
29
21
17
13
12
10
29
1
20
44
27
110
51
55
41
87
11
300
6
8
62
17
14
34
18
46
35
37
496
44
72
39
48
38
42
83
744
45
18
22
25
236
41
64
22
80
21
6
93
24
41
57
102
10
21
12
134
30
59
67
149
2293
11
208
236
21
8
23
14
65
26
998
6
44
196
19
126
277
36
24
43
10
2113
21
10
347
29
56
19
9
98
17
101
68
70
9
40
305
77
195
18
11
8
14
1822
13
9
312
12
21
154
27
77
13
1055
180
6
200
19
230
14
148
26
9
23
46
37
16
65
61
25
469
228
83
82
227
49
361
23
41
25
37
48
57
38
12
320
7
33
304
25
29
293
24
143
152
25
744
37
229
28
24
76
118
47
32
87
45
24
10
1
21
112
231
455
2981
22
60
1119
14
44
11
973
147
133
1287
47
24
47
972
9
26
34
44
10
11
40
16
12
20
11
20
22
67
49
99
28
175
65
37
8
73
33
37
102
20
16
15
15
13
10
151
80
273
56
35
35
40
44
86
33
66
666
51
21
58
4
97
16
30
21
194
115
16
71
23
70
37
6
44
37
8
132
11
18
40
28
49
2
32
139
8
30
70
5848
13
41
797
206
70
6
397
65
22
141
71
12
461
28
23
52
30
14
147
46
34
19
1455
232
103
17
22
55
122
32
73
44
78
27
88
86
15
20
40
307
10
20
12
4
129
81
39
104
150
41
910
56
22
55
25
18
59
118
238
28
16
11
63
10
83
19
68
65
220
12
8
27
13
18
42
121
11
65
37
48
53
84
28
163
18
39
132
175
47
10
86
158
30
333
30
40
121
82
77
88
43
48
30
28
59
76
45
4
18
8
1142
242
7
46
67
19
28
21
27
16
48
16
120
12
54
23
109
23
52
41
69
26
17
43
25
29
18
84
289
23
33
95
13
25
29
23
15
40
54
10
60
18
33
423
21
36
91
33
35
96
8
115
142
35
31
16
62
22
88
27
67
419
14
43
64
64
101
91
141
26
29
89
16
32
621
29
43
32
136
10
46
6
25
398
395
14
25
528
41
39
15
13
71
43
16
55
147
33
19
106
94
33
22
5
473
1865
417
27
6
185
323
4
32
1867
62
61
34
20
61
25
114
69
45
20
29
8
9
233
449
140
93
25
51
105
51
15
20
15
53
56
26
5
48
14
30
11
27
84
22
39
20
21
23
254
719
64
34
16
23
10
496
41
107
36
28
565
36
34
48
33
25
1
7
23
19
21
21
65
26
273
13
22
15
11
8
20
41
15
196
46
11
35
133
10
114
297
26
121
190
10
14
39
25
21
118
41
62
27
17
34
58
23
17
27
6
79
30
850
41
19
11
25
34
290
8
49
74
10
54
8
15
10
28
20
17
116
25
63
17
30
16
55
35
14
6
35
48
79
28
206
19
14
342
54
88
19
31
88
7
32
113
16
14
52
29
912
261
18
39
1505
103
30
9
1091
190
275
29
17
36
11
114
4
18
22
8
29
71
193
22
31
228
27
21
10
14
172
14
43
291
37
88
319
42
29
27
65
42
170
931
49
3
27
98
56
166
19
29
9
52
197
31
1201
156
16
11
187
21
58
20
23
40
15
121
42
588
19
17
39
21
9
80
60
1777
48
27
7
20
181
85
33
26
80
828
66
103
103
42
29
655
11
508
28
31
104
229
10
44
34
5
29
159
1195
250
134
24
73
23
3269
24
15
47
29
219
21
10
5
25
301
19
46
15
29
2913
17
12
40
57
747
30
18
51
12
39
14
10
19
340
16
5
16
148
21
28
632
554
33
25
16
37
24
15
14
33
12
49
55
24
8
59
10
35
22
27
22
10
128
38
1
31
53
8
15
266
19
167
12
11
566
29
506
56
466
24
139
17
54
36
20
23
15
48
66
46
9
193
18
635
26
33
49
142
102
20
96
150
19
10
60
90
25
19
4
22
351
55
22
36
3720
169
9
219
16
7
48
17
29
159
167
58
18
196
415
16
33
21
18
17
9
7
22
625
25
21
22
104
53
52
30
22
33
17
59
150
14
106
4
8
1824
21
13
39
4
46
38
447
892
12
47
792
9
161
87
19
4
43
2077
483
67
29
30
53
67
18
39
51
24
17
168
26
254
225
37
16
48
7
29
16
166
9
15
116
33
30
2
14
21
248
3
8
6
4
33
62
24
60
30
37
109
591
812
23
15
110
38
9
85
16
160
32
11
25
72
66
15
34
20
25
6
7
7
22
21
21
183
30
20
21
19
73
35
68
4
10
5
110
11
34
14
15
91
13
352
59
155
217
27
8
32
1660
13
79
171
13
50
26
86
11
60
32
144
12
16
23
129
35
60
19
43
2350
6
21
871
22
8
10
13
9
5
427
9
27
24
26
93
25
33
16
39
18
86
8
38
35
83
165
74
17
41
632
129
108
41
39
43
10
17
36
63
20
9
47
26
20
17
13
12
44
57
4
2
44
34
28
15
20
203
87
62
8
45
216
37
16
179
11
25
55
38
200
46
32
208
204
17
10
17
321
60
46
12
4
23
3
35
27
42
13
21
46
21
12
75
106
14
164
142
17
8
7
265
16
3
3
5
29
24
28
1
19
4
0
0
3
20
7
2
2
16
4
15
0
14
2
21
2
96
20
77
95
44
3
0
183
5
9
1
6
3
9
90
32
3485
9
9
12
13
15
16
10
19
41
7
16
12
1
11
13
3
14
5
22
17
26
4
18
177
5
637
16
11
21
6
13
34
5
5
19
16
21
7
37
1
3
1
5
2
11
5
12
16
1
48
12
3
11
11
33
1
0
98
6
2592
22
129
24
3
135
34
6
625
2
5
8
17
8
26
10
33
15
5
916
5
52
4
5
47
20
0
5
18
17
14
12
3
39
45
3
5
37
24
3
4
3
16
11
55
6
5
84
8
2
42
17
3
12
6
22
32
0
78
23
47
0
21
8
5
2
11
11
743
8
17
5
70
7
6
21
14
13
5
26
5
9
3
2
20
2
52
10
2
15
45
2
0
9
5
14
23
41
3
9
20
369
25
208
125
1
72
26
1
12
1
0
4
1
13
7
20
14
6
90
8
54
9
3
19
14
9
72
13
12
61
640
2
43
112
0
16
26
13
9
13
3
43
13
149
6
87
6
46
257
3
120
7
17
1
10
6
110
8
12
3
93
53
28
17
7
6
15
24
12
16
6
22
25
13
21
25
2
7
0
12
63
17
21
81
3
9
4
39
18
15
68
5
10
15
41
135
30
30
5
40
0
5
26
9
3
11
46
3
89
37
2159
0
18
7
11
2
26
1
0
5
15
25
18
6
9
3
68
69
1
5
78
6
5
18
34
42
3
2
43
2
33
37
3
28
141
8
35
125
75
14
156
18
0
3
21
4
10
7
1
23
10
49
2
2
22
12
9
15
49
255
71
7
4
14
191
0
93
4
69
5
45
30
17
9
2
9
0
10
5
18
2
12
13
2
4
51
13
22
8
7
6
13
5
17
19
5
175
98
10
17
62
9
8
13
29
14
23
1
1
6
17
10
5
0
52
35
10
2
13
22
3
5
11
4
46
11
3
12
76
10
0
8
1
5
23
8
68
1228
19
8
47
22
10
7
165
3
1
3
11
10
5
13
2
7
21
21
151
10
3
20
4
24
32
21
13
4
0
517
16
18
21
18
1
4
14
9
303
3918
15
5
14
20
136
2
3
70
2
56
97
1
537
17
3
9
17
54
2661
2
14
16
80
10
1
5
17
13
11
121
26
14
4
62
7
4
33
8
21
71
17
16
5
3
14
2
10
4
13
3
20
5
21
3
2
6
23
17
564
3
4
6
52
30
10
35
142
15
19
31
15
88
5
17
19
58
14
12
7
0
3015
10
30
33
3
2
28
8
1463
8
68
5
8
2
52
532
31
5
15
28
12
191
14
113
3
5
2
22
2
41
64
107
78
32
0
93
18
3
15
24
7
2
3
25
21
241
19
13
35
20
2
1
3
143
24
7
13
15
229
12
1420
41
141
1
13
3
2
36
13
17
26
6
931
27
15
16
19
33
5
48
0
13
6
1068
13
34
1524
10
0
11
32
28
15
503
51
12
21
7
124
81
41
253
0
11
1
1207
2
9
23
142
2436
645
15
29
7
29
22
7
20
52
224
2
301
115
10
75
1
210
9
24
5
20
3
24
4
2
5
87
9
15
16
6
9
51
119
7
43
9
32
17
3
5
38
7
14
45
5
0
233
36
24
10
11
6
3
33
35
0
11
47
43
42
19
1345
227
4
2
18
49
44
13
1
5
0
26
140
9
7
5
3
13
27
6
31
18
2
4
15
99
5
11
25
99
11
16
205
17
9
7
308
82
3
8
45
11
1815
26
10
30
25
17
1562
63
19
7
15
25
6
17
11
55
41
12
4
0
11
14
0
7
25
224
9
10
220
17
45
27
3
2536
16
28
66
21
6
16
27
12
25
12
45
106
0
23
801
16
14
31
44
7
45
34
1
15
11
29
408
29
8
71
42
15
277
12
15
17
19
138
18
1
24
3
5
31
18
14
114
7
123
8
55
7
3
19
6
16
1
78
24
15
2
150
55
5
26
6
45
8
10
2
3
16
6
4
39
63
2
5
18
0
53
6
4
23
6
137
16
1
3
31
9
293
25
130
0
112
0
1
196
2
2
85
9
21
3
17
15
11
9
42
10
34
1186
178
10
78
4446
9
1
0
2
0
16
5
32
1
22
10
5
34
43
201
85
3
5
520
2
33
17
2
0
338
10
24
97
15
139
70
15
26
19
9
10
5
45
66
10
70
2
5
3
10
251
8
11
3
28
22
1
22
8
11
17
19
21
7
238
10
4
2
1
22
17
75
42
4
16
14
58
4
33
14
8
5
14
12
14
20
33
12
3
17
27
18
32
1
245
9
26
18
10
14
19
15
32
37
1
14
3
31
0
12
17
17
7
12
2
5
312
223
26
25
13
15
23
1976
10
0
39
20
181
12
1
21
12
123
1033
3
70
27
135
4
28
63
36
17
44
6
31
10
266
0
2
38
42
19
43
3
29
12
10
34
192
128
2
2
8
6
335
20
23
106
700
2
23
18
56
4
3
6
3
59
137
4
10
11
5
12
20
6
2
12
113
44
30
14
13
3
9
26
4
5
7
20
6
84
26
54
27
12
4
16
108
17
2
11
12
10
2
27
3
0
34
10
7
110
3
9
13
52
2
10
20
3
70
85
15
0
25
19
11
13
6
45
10
1
2
43
24
2
54
3
10
16
3
16
3
42
10
15
9
74
4
2
12
15
11
0
45
9
18
11
62
25
26
10
26
17
4
8
46
18
11
2
18
1
9
141
24
170
10
10
4
28
11
18
10
4
71
6
16
15
0
15
15
8
105
2
10
2
5
45
10
11
6
19
7
29
5
2
29
6
2
7
6
1673
2
23
13
5
8
67
12
19
8
6
2
67
2
6
1
58
39
37
3
15
10
3
1
108
18
5
28
18
125
1
8
6
20
4
6
20
2
32
7
5
40
17
15
1
10
1
7
0
21
18
22
37
13
33
96
16
5
7
43
38
15
367
15
1
15
5
1
30
7
71
373
3
10
3
4
37
7
49
23
11
5
16
20
882
29
31
30
24
7
12
4
711
33
14
1
4
11
13
11
11
66
1520
15
7
1188
15
29
70
16
10
16
5
43
7
22
57
1
21
251
22
77
0
5
113
18
29
19
7
11
11
20
23
4
14
11
861
27
6
6
15
10
3
3
167
2
12
7
185
3
18
2
3
20
8
12
0
5
18
16
135
72
20
1
12
31
143
25
24
113
78
12
20
58
1147
32
3
3
43
8
75
63
16
19
5
76
4
44
1
40
45
10
8
15
1107
63
586
4
3
11
25
21
11
5
1691
4
11
1
2
9
49
2
87
67
49
0
10
10
36
10
21
12
55
68
27
5974
10
6
27
105
492
0
29
52
17
29
1
17
1
12
18
47
17
12
37
61
10
34
13
9
31
89
7
3
15
10
33
6
6
129
13
56
26
9
22
4
16
7
42
38
9
139
56
1
9
43
30
19
9
6
5
6
13
8
2018
7
47
23
14
14
15
21
113
46
8
3
409
3
28
51
21
1008
10
1
37
91
2
8
20
9
47
3
13
2003
2
4
26
8
21
1
70
21
11
6
18
48
18
16
11
1
20
16
21
36
82
31
0
4
168
3
58
24
14
12
2
17
1521
64
11
13
7
4
7
29
69
425
6
7
705
1
2
7
5
1
19
25
42
174
24
6
69
5
15
43
153
12
8
3
62
12
7
5
919
15
13
65
147
9
43
24
22
246
207
8
30
7
14
0
9
6
6
28
8
46
0
10
46
161
7
8
3
5
22
116
9
14
82
21
1
2
26
100
21
45
3
33
16
16
3
25
0
1
4
1
39
21
8
36
3
67
11
10
64
17
36
51
15
9
38
8
16
13
4
18
2
6
19
2
8
66
2
10
92
1
17
2
35
12
8
67
0
7
13
19
15
75
11
4
39
1
12
15
7
12
9
4
165
7
9
14
21
16
9
28
17
0
17
7
9
24
197
0
6
1
108
4
9
3
21
14
9
17
77
35
13
5
20
26
891
9
9
20
5
5
39
1
125
13
53
15
10
19
6
2
7
231
162
4
2
68
14
10
95
18
2695
24
4
7
8
466
51
4
3
2611
25
4
13
41
8
17
13
1
11
15
11
11
265
13
19
169
21
8
136
21
93
11
17
1
317
4
2
0
84
1
29
22
14
33
55
5
4
10
58
24
9
294
94
11
1474
21
83
2
14
4
4
7
12
82
16
16
47
3
11
3
2
7
378
2
5
72
2
0
21
11
29
38
69
13
12
35
15
124
39
13
1
1815
7
20
14
0
51
178
7
19
10
30
50
0
79
14
3
31
5
5
17
9
13
17
1532
36
54
2
8
20
3
9
9
109
18
11
32
106
23
20
1618
23
81
2
25
96
5
18
2
2
17
47
2
14
27
10
13
4
5
4
32
23
26
6
0
5
47
8
22
11
14
13
5
78
123
95
31
244
19
15
23
5
5
6
107
50
1281
8
196
8
14
21
21
222
0
1
6
7
14
16
5
34
31
10
1
469
17
52
5
2
151
37
6
16
909
26
12
9
9
14
13
39
10
181
33
25
27
5
197
30
11
174
85
13
16
2
12
19
18
29
9
7
10
186
3
12
3
36
58
4
15
8
0
18
281
1
0
6
2
10
13
0
15
71
0
8
194
4
2
8
3
8
43
0
13
9
12
0
8
2
0
12
1
8
358
4
19
58
0
19
1
7
8
23
0
2
0
29
7
0
60
168
8
12
0
209
1
11
3
1
1
4
309
10
4
3
3
14
0
12
14
5
0
10
5
1
1
2
1
2
1
9
22
7
69
30
72
0
17
7
25
2
0
0
0
8
87
77
72
1
27
6
33
0
3
1
1
1
9
6
6
1
457
0
27
5
3
24
2
6
5
4
0
9
0
10
185
9
0
19
2
2
1
3
5
10
5
0
1
18
7
6
3
0
0
18
0
9
0
115
3
1
13
10
8
5
2
99
0
1
10
10
32
3
0
3
8
115
9
1
24
2
7
127
1
0
3
0
469
1
0
0
23
25
11
5
6
12
4
47
45
12
0
1
4
16
0
117
8
1
0
1
0
21
20
26
20
112
22
0
41
2
18
19
2
2123
3
0
11
4
1
0
22
0
10
28
2
2
20
3
5
251
0
1
12
10
6
0
27
16
1
2
1
4
74
10
34
2
66
13
0
20
27
2
5
1
6
1
26
0
13
1
0
14
2
0
5
6
2
1
1
3
11
49
1
3
3
14
5
1
11
24
3
0
8
1503
2
2
1
6
6
0
50
0
3
3
45
18
4
2
41
5
0
0
9
2
1754
8
4
0
0
19
0
1
0
5
0
1
1
0
0
1
2
0
4
1
1
5
3
21
11
0
16
15
0
15
155
0
1
6
0
3
2
0
0
23
23
75
4
9
0
2
0
0
2
1
1
3
3245
8
8
11
3
0
7
4
7
11
0
2
3
14
4
0
172
2
6
0
2
10
1
1
20
34
11
1
7
0
7
14
0
12
8
0
0
0
399
27
4
1
0
1
173
2
0
27
1
133
0
11
0
22
7
2
55
4
10
0
24
85
6
1
215
5
2
1
15
3
1
15
4
8
3
6
2
3
0
5
5
22
5
196
0
13
2
12
5
85
13
0
14
0
59
1
0
3
2
19
0
1
6
5
1
3
5
0
22
19
2
3
14
22
11
4
13
0
0
3
7
22
2
21
4
0
59
2
2
18
0
11
2
9
8
0
9
1
2
0
0
0
3
658
11
1
32
19
4
3
11
5
9
4
1
3
17
5
11
5
6
0
1
8
2
5
0
4
6
107
0
417
2
2
1
19
0
4
1
0
7
3
5
19
0
1
95
5
8
168
5
8
10
17
0
1
3
1
9
26
2
0
0
1
5
2
11
10
2
18
10
4
1
0
5
2
1
3
2
48
5
2
25
15
0
19
269
19
16
9
20
2
1
22
2
44
1
39
15
6
2
5
4
11
4
18
0
170
4
15
7
4
2
2
1
0
2
3
6
17
9
33
0
8
0
7
118
6
21
1
2
1
1
1
13
0
10
0
2
23
19
2
0
7
4
1
387
27
3
29
1
18
15
292
8
0
0
36
2
3
2
0
19
0
3
15
0
7
3
7
1
1
2
0
4
3
9
0
9
16
9
5
4
0
0
2
11
2
4
8
36
5
14
177
42
10
5
116
219
1
13
4
1
1
2
3
3
1
1
4
6
0
1
3
6
0
133
11
9
12
4
0
2
1
1
0
9
19
27
12
18
5
2
0
0
10
4
0
93
2
13
1
0
5
0
3
2
5
0
2
1
19
12
1
2
65
5
31
0
1
1
0
2
0
25
1
17
6
0
2
0
2
6
2
26
9
7
3
1
1538
0
1
23
3
18
0
12
5
1
50
5
94
4
11
4
10
3
0
38
9
95
0
2
16
5
1
0
3
82
24
12
3
22
30
1
132
0
0
136
0
2
0
19
4
1
1
13
2
6
0
1
3
21
0
8
1
7
4
1
2
13
14
0
2
2
0
22
0
10
4
9
4
1
16
0
2
5
53
1
16
4
13
5
1
3
1
10
0
0
0
3
2
3
8
5
7
2
4
44
11
0
2
4
3
14
18
75
5
8
3
7
4
5
31
0
7
2
452
80
4
0
7
20
1
6
8
3
3
7
12
11
2415
1
304
12
7
1
0
1
1
4
26
5
0
15
0
2
1
147
10
8
1
2
0
1
1
8
3
12
116
0
151
2
1
1
77
6
0
0
8
3
2
3
82
3
0
0
4
0
1
8
3
1
7
1
9
2
23
3
8
3
130
15
1
6
7
222
8
0
14
0
16
19
3
7
132
0
0
13
2
3
17
4
4
14
7
10
0
0
73
7
5
10
9
3
16
8
1
10
2
5
24
2
0
5
13
13
0
0
1
3
5
2
10
57
11
0
1
0
32
6
13
4
4
1
14
2
1
16
5
2
1
7
4
0
10
7
0
1
6
9
78
3
0
1
0
10
11
13
1
2
12
9
3
3
6
6
182
18
8
0
2
0
19
15
0
108
68
1
8
8
0
21
2
0
2
3
6
116
3
159
1
6
0
103
1
2
2
1
3
27
5
5
12
101
0
1
27
12
157
1
6
4
2
4
2
29
8
8
0
2
0
3
1
1
11
8
7
8
55
25
7
12
7
7
0
0
19
398
11
6
1
10
2
1
19
95
4
9
12
38
8
4
1
1
78
0
1
1
25
4
3
1
6
0
2
26
20
14
12
48
763
2
1
8
26
0
5
3
9
0
11
5
0
4
0
0
1
14
5
1
15
9
2
4
3
0
126
1
4
4
1
0
20
0
5
5
0
2
185
0
121
73
3
2
1488
23
0
4
13
6
7
4
6
893
1
22
27
44
66
6
8
2
10
21
29
2
2
1
3
47
4
6
14
15
11
0
1
593
3
10
8
17
2
1
630
118
5
8
4
0
5
6
211
0
0
0
4
0
7
14
1
2
2
13
3
29
14
2
11
0
0
0
1002
6
10
0
0
4
21
0
6
6
0
0
0
34
3
28
4
3
0
1
1
7
0
12
4
10
5
3
19
1
0
2
0
3
8
12
3
2
2
7
1
0
162
11
0
7
3
5
30
1
0
16
1
12
23
0
25
0
2
0
2
6
25
22
29
9
5
3
17
7
1
0
1
18
9
0
2
3
10
6
0
0
4
21
1
12
1
2
18
1
24
115
4
1
0
45
3
0
18
4
6
5
10
4
107
0
0
0
88
18
1
54
0
7
3
8
4
10
6
11
5
15
10
3
2
86
5
14
6
0
98
3
14
9
1
12
8
1
0
0
1
4
1
0
5
7
17
21
0
31
3
3
8
1
2
2
9
98
3
18
15
6
2
4
0
6
3
8
10
7
16
1
0
7
0
2
0
0
2
1
17
2
17
0
7
1
1
1
1
14
1
4
1
0
0
17
2
0
9
0
1
17
0
5
79
5
20
0
1
2
9
13
0
18
5
1
4
65
5
19
9
8
1
4
22
0
6
96
5
0
1
6
12
5
4
5
1
8
2
14
6
0
3
2
4
0
1
1
1
0
2
9
4
0
32
0
3
5
3
7
0
12
4
6
25
1
2
16
11648
2681
7
5
0
11
2
1
0
10
9
112
3
1
239
3
2
17
13
106
1
5
4
8
0
2
319
7
3
6
2
4
0
2
0
5
16
2
22
29
48
10
9
7
0
7
3
24
4
38
1
1
10
124
8
13
0
1
2
16
1
9
3
0
2
6
0
8
23
0
13
3
108
33
5
80
9
17
268
3
42
10
3
14
1
5
1
0
2
24
9
141
0
6
1
2
0
72
1
0
4
23
9
16
7
2
12
11
1
2
2
13
6
0
27
243
36
5
89
35
1
15
9
22
6
1
0
28
7
156
2
3
1
16
13
0
13
12
12
176
4
76
13
16
26
10
21
1
1
1
35
9
4
0
0
3
0
0
16
0
2
3
0
0
4
33
5
0
3
13
0
0
44
0
8
10
0
1
30
3
8
0
2
8
1
1
6
0
193
8
9
10
11
30
144
5
1
0
28
7
2
2
12
0
6
0
38
2
30
0
10
0
24
2
0
1
11
2
14
3
2
7
19
1
5
0
1
164
0
12
14
6
11
2
22
1
712
1
25
11
3
5
12
3
9
2
88
1
0
2
3
0
18
3
7
18
12
4
4
198
8
23
12
0
35
2
38
0
16
1
5
6
9
19
6
0
20
11
5
1
1
23
9
2
4
0
310
0
4
24
3
3
1
1
5
6
688
4
1
3
3
1
18
5
3
3
2
1
1
11
12
2
39
21
10
2
7
0
1
28
21
4
16
2
2
1
0
1
1
9
22
1
0
39
82
3
0
14
13
38
5
0
32
3
0
16
1
1
1
20
1
5
2
5
13
13
8
52
1
473
9
3
21
0
6
2
0
4
0
10
45
15
0
0
6
53
26
0
6
2
84
9
6
18
17
163
1
8
3
0
125
13
3
6
9
2
49
3
3
1
6
6
9
86
7
0
62
57
1
32
42
6
18
54
1
1
9
2
12
0
5
0
4
2
14
1
4
6
2
8
6711
2
26
18
1
2
1
34
3
1
2
2
6
3
12
6
10
13
1
17
4
1
6
246
4
16
0
5
13
0
8
10
0
51
64
116
4
0
1
65
12
15
3
6
5
24
3
4
3
1
20
42
0
114
23
0
25
22
0
9
2
2
1
31
0
2
27
14
7
2
6
0
10
93
465
9
14
19
132
3
4
3
2
1
1
8
7
0
17
11
22
0
6
2
0
10
16
1
0
0
1
13
213
11
0
3
3
1
1
6
0
18
0
0
1
2
8
1
0
2
6
7
1
20
0
10
21
1
22
6
1
110
2
1
572
8
1
2
5
1
1
16
19
2
2
6
2
1
6
10
6
17
12
18
5
1
0
53
7
10
0
1
1
7
13
5
2
10
2
4
7
4
7
0
10
4
0
109
10
8
150
4001
1
227
1984
9
3
5
1
4
11
9
14
42
59
7
8
14
5
0
5
13
3
4
72
1
49
9
10
2
14
1
1
26
2
5
0
2
1
1
7
9
1
1
159
9
7
14
7
0
94
42
0
0
158
0
16
11
0
1
35
4
10
3
0
20
5
0
2
1
7
9
1
6
0
3
0
5
3
1
4
7
14
12
19
2
0
0
13
0
16
124
2
0
16
5
12
7
0
42
7
0
4
0
9
1
0
4
9
5
157
2
3
2
15
1
18
5
7
34
19
3
4
4
0
0
7
14
26
4
25
2
367
0
4
13
0
8
7
0
0
8
8
166
1
20
6
1
13
6
7
1
22
26
16
8
1
7
6
13
5
3
0
1
5
0
8
13
0
3
2
2
62
9
3
235
2
6
49
1
1976
0
12
8
3
3
7
232
73
12
940
5
6
13
11
3
0
1991
3
20
19
1
1
10
3
6
0
2
130
19
2
1
1
0
2
0
1
5
9
19
5
10
15
8
5
0
9
4
0
3
8
85
1
1
5
10
11
6
14
8
10
2
14
0
8
1
1290
0
5
57
3
10
4
20
2
12
1
1
2
1
23
11
1
34
26
9
3
1
1
2
2
15
2
4
0
22
5
23
17
4
18
0
3
31
2
3
9
9
177
4
1
5
4
0
11
67
5
12
2
15
5
8
2
29
1
2
10
4
1
1
0
12
1
1
3
13
6
0
5
39
11
15
131
13
13
94
3
0
37
1
17
52
3
7
12
108
45
29
3
0
9
0
2
0
1
15
9
9
0
1
5
49
1
45
1
0
1
11
15
4
3
2
81
2
0
13
4
48
32
6
13
9
4
1
7
11
14
14
479
26
1
1
9
103
14
0
2
4
83
0
2
0
2
0
5
2
3
484
0
21
37
17
0
15
26
1
2
24
10
14
5
1
1
69
132
0
26
5
2
17
1
4
426
17
2
15
7
7
0
0
19
47
7
1
10
153
19
1
1
0
2
10
5
0
1
4
0
1076
14
149
0
0
15
4
1
2
30
16
2
2
23
2
19
8
15
1
24
5
15
7
23
1
0
178
6
8
0
0
6
4
0
6
12
10
2
3
2
4
3
200
1
11
24
0
798
1
8
3
1
22
1
24
13
1
32
5
1
45
4
4
10
23
8
1
9
2
18
1
1
142
0
3
0
1
16
0
11
1
12
2
0
5
1
23
0
2
0
8
21
144
0
9
16
0
9
2
2
0
11
0
20
87
1
1
2
10
27
0
14
4
23
4
5
2
9
9
0
5
44
0
127
1
6
3
5
0
9
14
19
0
0
22
8
0
10
5
2
9
2
2
21
10
29
2
0
1
0
2
1
0
2
1
2
12
1
1
6
1
1
0
1
2
1
7
167
0
2
5
1
15
3
2
6
0
118
6
1
3
7
8
1
3
11
8
0
2
1
3
1
13558
6
0
1
13
1
1
1
19
0
12
1
0
10
0
0
9
4
0
17
2
0
1
9
0
6
12
14
2
0
2
6
8
2
20
14
1
63
4
3
12
3
5
11
3
2
2
18
11
481
34
2
7
1
2
5
8
12
1
3
5
50
6
1
0
1
0
8
2
4
12
6
2
1
0
2
554
26
6
1
2
0
2
6
3
1
0
7
9
7
3
3
2
2
5
8
1
13
5
35
2
17
1
0
93
176
19
157
16
3
27
89
4
13
31
0
0
6
16
1
0
0
3
1
10
8
0
1
0
11
1
271
4
1
0
1
0
3
117
7
109
3
15
17
5
2
149
1
1
6
9
5
0
24
27
2
0
1
5
1
4
1
10
29
3
0
0
0
3
2
7
0
2
40
113
2
1
133
7
5
0
2
633
16
1
3
11
1
1326
0
0
3
67
3
5
26
0
1
2
1
0
2
2
0
2
2
1
8
0
3
1
167
2
1
1490
10
0
1
3
1
3
0
30
165
7
14
23
3
6
0
24
0
103
8
3
10
161
3
1
217
17
18
1
26
178
0
7
32
4
0
0
0
26
13
5
9
21
6
6
61
9
16
4
31
0
1
14
3
2
3
40
2
35
15
24
1
10
9
1480
0
0
58
0
31
0
74
0
4
1
2
11
0
9
1
9
2
36
0
1
19
3
1
33
3
12
0
2
1
4
18
8
96
10
2
0
11
5
3
15
9
0
66
6
3
82
23
3
7
4
54
0
87
5
1
4
2
1
5
2
13
1172
3
0
8
2
1
1
2
2
16
0
14
14
2
10
2
521
8
1
20
5
898
0
6
2
2
4
152
46
92
3
30
1
10
2
5
0
1
3
5
2
0
7
17
18
1
18
6
2
11
7
2
84
12
20
653
21
3
16
0
1
18
7
4
83
2
11
4
7
16
10
16
8
9
1
534
1
4
0
1
1
5
25
2
1
3
29
0
0
2
1
0
7
7
82
0
7
0
24
0
7
0
17
12
5
4
21
13
1
2
147
1
9
3
177
22
2
4
7
2
1
10
24
138
2
4
5
9
2206
16
0
0
3
0
1
0
2
3
1
79
60
15
29
7
9
31
0
1
4
0
0
17
1
2
12
0
8
16
0
1
0
1
3
61
0
3
30
11
6
2
4
2
13
2
11
40
5
2
11
0
5617
1
1
2
24
2
9
1
6
30
2
8
4
1
41
0
1
143
4
0
22
3
7
18
1
11
0
2
6
7
7
110
72
1
3
21
88
0
7
3
9
0
30
24
6
0
0
6
4
91
3
3
4
35
4
18
1
2
4
44
6
3
158
0
4
8
9
12
0
3
2
43
9
0
1
11
5
1
0
1
2
0
21
2
9
1
14
0
46
2
0
6
16
0
0
2
25
1
8
6
9
14
9
1
4
8
1
7
4
1
29
14
3
0
2
2
3
5
12
3
15
9
174
73
40
0
8
13
0
5
2
2
1
6
5
0
4
10
2
17
12
4
7
8
15
59
21
90
2
27
6
1
878
1
260
11
6
3
11
9
4
3
6
13
2
20
21
0
30
0
4
0
0
2
0
119
5
11
0
1
10
24
4
1
56
7
6
1
2
7
7
9
4
6
2
4
1
7
17
3
2
1
136
103
5
45
3
0
0
1
0
3
13
7
4
10
0
4
0
2
0
1
0
8
8
2
15
117
62
2
2
2
3
11
2
0
1
0
5
4
17
8
1
2
5
1
9
9
2
0
2
0
14
3
15
13
1
0
12
10
8
5
17
13
9
4
14
0
38
14
4
9
29
0
5
3
5
40
0
112
1
25
41
1
1
33
3
2
17
0
4
4
0
3248
63
8
1
0
4
51
2
5
8
5
0
7
7
0
23
1095
1
4
2
4
4
2
13
5
13
7
6
44
70
0
4
0
2
2
2
1
48
1
4
116
1
4
6
5
2
206
0
0
14
0
1
0
46
1
11
14
1
7
4
9
2
9
7
6
60
0
1
0
2
29
4
14
4
208
47
689
15
32
5
0
4
9
5
6
5
10
11
9
2
0
139
0
4
2
0
3217
14
0
0
3
8
0
3
4
0
13
241
9
0
36
50
2
1
2
4
0
10
32
12
595
0
4
9
2
1
2
10
1
12
13
16
11
25
6
66
2
1
0
16
8
32
2
2
8
132
3
19
2
5
1
0
4
12
5
2
4
164
1
2
10
1
41
5
17
3
28
76
19
2
1107
7
0
4
1
5
1
20
44
35
27
22
9
3
0
8
3
0
7
0
265
14
0
4
10
3
18
19
10
1
2
0
1
40
2
4
4
16
2
8
109
1
12
16
4
3
0
16
152
3
8
19
8
0
0
150
2
44
0
1319
3
0
2902
3
0
2
2
0
1
1
2
10
2
3
1
3
11
12
34
0
11
7
12
20
6
12
0
23
14
1
8
10
25
1
2
0
0
6
41
20
8
105
7
2
109
11
0
0
1
4
4
0
0
27
18
0
6
12
1
0
0
148
83
9
19
15
1
17
34
1
3
13
45
9
82
45
3
2
0
8
408
10
43
11
18
2
7
48
0
0
7
17
0
15
0
6
0
1
9
6
6
1
0
0
1
0
27
626
0
18
1
154
97
0
17
168
5
0
1
2
11
2
0
6
12
9
26
0
23
80
5
1238
3
28
0
5
2
2
0
14
5
87
0
123
0
8
0
0
0
10
13
3
1
0
755
10
10
2
0
2
12
25
5
1
8
8
9
1
1
90
2
2
0
24
9
7
31
0
5
5
58
2
4
7
74
0
34
3
6
7
3
0
1
0
9
65
2
0
20
32
10
47
4
4
18
0
7
0
8
7
0
65
86
0
0
39
13
0
1
0
26
4
29
45
33
19
2
3
3
1
3
0
0
5
2
11
94
21
4
10
2
5
0
13
0
2
31
6
8
8
13
0
0
8
0
21
10
0
5
12
2
