5753
7357
2039
2591
4402
1484
1464
7234
2516
2879
3152
3936
18921
3505
4977
1432
1927
2630
4415
2688
934
2174
1354
1515
4229
3206
8648
1410
2363
4115
1935
6985
1516
4333
4527
3439
1258
2083
2780
1484
4118
1718
894
773
1140
3531
1331
1364
1779
4693
2480
1521
3894
1701
2436
10679
3559
1742
2176
2052
1711
3995
24734
15732
2229
7011
6678
7414
2022
1843
3654
2020
2939
3094
2680
1518
1877
998
1120
2169
2312
2644
4284
1087
1936
2956
1019
1601
1063
9223
2020
3314
2624
2045
5231
1066
3514
1418
2731
3872
8968
2797
3886
3515
4664
10604
3022
35373
1840
7229
3340
2763
2613
2627
1713
2414
2220
4981
8693
1110
5178
6396
4108
4127
2303
6405
2519
1608
1331
1600
1169
2347
1022
7356
2159
1096
6219
6841
1791
4014
5286
3115
994
1920
7800
4878
11149
3692
3201
20413
1171
11438
2542
3683
2319
25531
25613
3599
2974
1426
1136
7873
43498
6420
1528
1522
1353
1295
3990
2926
3412
2621
3169
2442
2809
2817
7731
2216
1660
1006
1208
1893
15152
1712
1879
10108
1579
2526
2104
4427
941
3099
12381
3653
2332
3041
1717
5058
7971
1418
1636
1630
2760
1289
2524
2751
3108
7481
1313
13068
1254
1487
2097
722
1724
1140
18065
4761
4970
1561
1479
5666
1263
2303
2011
3848
3400
2280
1386
10109
3288
2842
3731
6089
2280
1817
7195
3127
3029
1664
1504
2695
8770
769
7075
3593
1444
22448
1056
11510
5592
980
6452
3278
1351
4457
2230
1116
927
16103
983
6308
1630
5997
3933
3582
40737
13622
5885
2853
13766
3255
3054
1637
2856
2602
3780
1817
4575
8902
1406
1704
1037
2308
1315
1779
7510
1112
4569
1647
5205
1014
7437
8759
1968
2709
923
3769
3016
3876
2751
3087
4283
2070
2341
1479
1906
1240
2241
1186
3692
1711
5969
9412
8873
1170
6640
2380
4480
3997
1055
4561
2280
4930
1594
1192
3184
3672
3829
1226
3206
2317
4185
3141
4673
1294
993
2319
1031
4457
1300
6626
1082
1634
20276
4085
5877
1269
104722
1687
4970
7598
8522
903
4897
5219
17318
2053
4701
11449
2255
3729
3522
5966
1960
1209
1892
3825
1050
1250
4001
1393
1257
1130
1898
2600
3664
9282
3818
3666
1412
1281
3082
2221
2784
1702
1910
1884
1464
1066
1413
4144
5272
1548
1079
1949
3337
6299
4865
1712
2597
3448
5819
4147
1526
5105
1651
3748
2300
1264
1784
1027
2820
1297
23781
2559
2227
796
1347
1071
6367
2307
3709
1820
2426
2884
1383
14238
3119
1655
941
1873
5814
3705
2510
2391
11081
5302
5442
2000
1412
4003
2469
1113
1991
3099
2130
2068
1900
3173
1731
5012
2030
7505
1961
9288
2183
4014
1157
5730
1032
1717
15548
3538
1987
10859
2086
4971
1876
1280
2758
1554
4659
1114
2865
4130
3241
2682
1456
1184
2766
2794
2954
2129
881
2145
10345
1107
2793
2289
1268
2402
1812
3766
14356
5785
4023
2246
4787
33890
4605
901
1233
1862
2411
1898
4994
3469
7910
2139
2030
989
19734
3768
1335
2545
3208
1480
4398
1377
1206
935
3028
4287
3145
1990
1248
2073
1628
2630
1107
1015
797
2028
6197
1199
1822
1936
1266
2864
8308
11740
924
1598
5407
14089
1866
1174
5278
981
1728
2889
2280
1765
6440
1901
7284
4475
4199
3199
1456
1376
6653
4039
1029
1952
8058
3881
1025
4513
3184
1598
2052
2053
1800
1706
7931
3932
1287
1936
5177
1555
23715
2466
1234
7419
877
4252
2313
5459
1573
8768
1681
3420
2601
1033
1411
9031
1521
3200
2655
4685
4282
5581
5678
3399
1201
3904
1557
1708
1825
1495
2164
2414
3915
1752
954
2588
2211
11806
3769
1109
2510
692
2286
7544
4469
1850
4625
1852
1886
2316
4537
1838
1476
1461
2622
1282
1023
5448
3457
2321
1258
10738
1766
2215
1817
905
1142
1890
3748
1019
11003
3055
3607
3176
1280
2864
1495
1222
4028
1234
8311
9521
4442
1155
1055
3072
7547
2424
1938
2600
1235
2218
5773
9563
1860
11307
2194
3189
2381
828
2055
3511
2853
1554
1875
4199
1810
2052
4717
2629
2986
4185
3272
2575
5026
1328
3720
2285
2627
1660
2418
2034
1345
1671
1997
3315
2666
2360
1294
1579
5797
2173
1585
9562
2866
3257
4255
1757
2213
3431
1312
1181
983
1639
1861
1578
2921
1804
2393
1292
1920
1317
2732
1017
2681
1677
2417
2609
2899
5612
1957
4828
1605
1701
2257
1909
7275
3365
5998
2855
2842
5572
5579
1182
7156
6494
10024
1978
2830
2455
2743
1274
6740
12445
3587
868
2091
3088
10493
6526
936
1200
2236
2929
4645
3176
3986
1563
4522
7503
1474
6942
2476
1191
4377
2563
1554
1562
2938
4649
2864
2030
2746
2183
867
1709
1694
7875
1266
3850
15793
1564
2900
16822
897
2986
3857
1589
2285
946
4357
2027
2206
2355
5276
26028
1808
7550
3834
6056
3507
1793
796
2214
17109
4081
1873
5451
3583
1210
3901
3075
2961
3112
4675
2160
2227
2198
1700
1222
4552
736
2268
1905
4313
2634
2231
1866
2754
2582
2526
1303
4344
2364
1749
989
1070
1169
1895
1001
1571
3007
3687
1271
1132
5718
6983
3071
3757
1359
3185
3644
1756
3431
4908
2130
1441
2493
1215
26016
1958
8522
973
1898
1755
2429
5334
2844
1493
3012
2184
3699
948
3543
1283
8782
936
1235
5128
1298
4761
1694
1609
1702
5562
3708
4204
1955
2360
2603
1814
3222
2619
2483
2666
902
1895
1178
2211
4661
1754
2244
2845
2748
1802
3018
2426
854
1569
6395
16878
1198
1793
3904
12903
2912
1147
3600
1527
2378
3885
5868
1592
1614
13970
5141
1332
3826
1504
1475
3039
1219
2169
940
2044
1427
984
2017
3095
4309
2129
1682
1484
2450
1773
3250
1357
1543
2601
1954
3022
968
2617
3769
11299
11415
2304
1103
2118
1769
3017
876
4631
14936
1472
1700
2457
1785
3035
3761
3523
2770
779
1486
1670
1396
1108
5065
1371
4952
5245
3717
1396
2166
2356
1460
1210
1325
9717
5221
1673
1547
3987
1971
1651
1603
3064
1024
3045
8075
994
7044
840
2696
2166
1367
5443
6434
2677
2055
3389
1143
1620
3170
1644
3577
1854
3920
2328
2565
2003
1536
4809
3433
1219
1894
7081
3133
10855
6444
1584
2951
1184
12059
1914
2544
1299
3918
2620
1592
10392
13909
1071
3074
4792
3821
3346
2938
2729
3566
3769
2475
1283
3885
3417
2103
3331
3065
3434
8630
2061
1403
2687
2741
3422
4660
4956
6928
2043
7350
5762
5400
919
3355
2988
3182
2288
1364
4000
4451
2056
3198
1220
11629
4223
2364
1033
1563
6273
1755
1333
2534
3036
5888
2107
1298
4338
8046
2411
22644
13448
2429
1046
5197
3136
1548
1364
50569
1641
8019
5281
4061
11171
3013
3006
3883
1220
5739
3571
1516
1462
10958
904
2779
1117
1039
3158
3008
2661
3441
4926
733
2068
4562
1879
1430
6679
1684
2062
9492
3983
11641
4395
4367
2982
2143
3187
1670
2732
904
4605
869
19615
1187
10077
1977
1572
987
9057
1613
2331
2052
3451
2184
10924
3291
1450
1278
13044
2973
1660
3567
8077
5300
5490
1192
2898
2068
4281
2235
2576
2425
1352
1628
2943
1169
2544
1871
1698
1089
1328
1899
1848
4509
1251
8308
4441
1601
2565
1930
1350
1112
3393
1980
1663
2536
4609
3395
1762
3448
2843
5765
2000
4460
2569
1918
1306
4695
3496
5928
1641
1854
2578
3481
1729
1325
4717
1331
2684
2125
2488
6967
1182
9432
4444
1754
4269
1397
2123
2182
1328
3025
4798
2353
892
11869
1700
8525
1326
3117
41753
9988
13136
1309
5848
2294
2778
2479
3019
7044
11718
2810
3010
1020
4240
3065
2956
3704
2520
1494
3482
5517
3864
918
1963
2544
1318
1854
3048
1454
2183
3456
9126
7012
5896
3949
1798
1904
2211
1317
1992
3605
3186
4956
3715
6240
1122
4430
2592
1636
2898
4575
2153
2395
3282
1616
1895
13404
14920
4356
2256
3061
1297
1187
3068
1057
3926
2006
1560
3825
1740
1845
2792
4791
4803
1069
1591
2107
2518
3094
1278
1166
1941
1841
1473
1119
5565
2645
953
873
1790
3470
1464
2242
5569
1259
1051
1251
3631
3405
5886
2034
2293
1642
1450
2420
2979
1902
1457
3698
2078
2283
1272
1622
1958
3044
2207
1327
2651
1876
3217
3164
4836
1808
930
4414
3842
3849
4249
3950
1684
1266
6445
3269
3073
7781
2097
3006
1297
1050
3159
2450
2466
3516
3100
1591
1728
1603
1865
3096
2671
1744
1117
3115
1703
1740
12896
1076
3627
4386
1569
2172
1054
2621
4990
3438
1938
1562
1803
6321
1316
2052
2060
3510
2355
1927
1262
3690
1018
4552
1979
7363
3987
1408
6020
3433
1808
923
2772
1513
2117
1353
3640
1280
11414
1022
6265
1687
2747
24040
2123
3242
3338
1231
2027
2510
6763
1535
3879
4469
2980
6661
7280
2167
1118
3826
1330
2063
1205
2291
4567
1315
1699
9093
838
2892
2037
6627
1703
1210
2174
13855
2266
2626
9556
18416
3919
2023
2116
1775
2384
2135
2149
8868
2473
1342
3164
2184
5111
989
2728
4921
2120
7647
3635
1883
4521
4065
6984
2570
7224
1641
1856
3771
1530
4556
7048
2785
4941
7507
1213
1182
4352
4009
4991
3507
4057
1610
1691
3765
4642
9331
4746
4801
1431
3116
4481
4741
1908
2143
1974
6604
925
9570
1248
1737
2659
14486
5459
770
1259
1985
2834
1199
1367
5907
1119
1119
9519
3721
4507
2138
1680
795
2363
1002
6855
4733
1136
1578
5507
4757
7625
4412
1197
2718
3566
1883
10226
1557
3076
970
5341
11956
2484
3192
3210
2022
1259
11244
2942
2264
2583
1487
5168
2996
2235
4154
1290
5662
1212
1732
1925
2364
1327
4171
1749
5987
1195
5610
2006
1434
1568
5847
2196
1251
2766
1183
4596
1429
3032
1771
2202
1324
6450
1829
4601
4801
1733
2452
1620
1098
3439
1905
1556
2958
21189
1217
2378
2139
2538
1926
1801
1949
2169
3275
1716
1390
900
9803
2128
1273
897
2980
1243
1691
1831
1975
9640
1850
1143
3010
3610
989
15378
3440
1388
3738
1030
4207
3507
1284
8921
2904
1794
3822
2162
2123
1323
2112
2742
5099
2104
5048
7063
1982
1245
2641
9954
1291
1373
8178
1745
2130
2623
7385
2558
4290
5054
8287
9991
3035
3433
1371
1732
6963
887
3545
10080
2958
3417
2706
2391
2025
1891
8388
2752
3989
1591
3278
4534
1149
2188
3984
9020
2127
6350
3573
2639
2192
12237
1750
5818
2014
5662
3649
4006
27334
1511
6443
3453
1030
3172
2565
4449
887
2737
803
1948
2108
25144
3796
4683
1000
1435
2758
2046
1175
4027
1816
1099
1601
3682
2911
4361
4700
2483
3713
2518
2954
2369
11196
3285
1960
15488
22873
2192
1158
1307
5574
1431
6088
2968
3478
1069
915
1906
4900
20594
2602
8757
1947
2318
1664
3626
2228
1936
1496
2188
1273
4750
1948
3446
1203
5849
1928
2024
5775
4370
2412
3022
5527
1650
11480
998
2008
4964
6133
6104
986
2011
3458
1617
1758
5581
4733
8372
14962
2401
3607
1792
1639
1118
8996
2747
1437
11365
2407
2885
1293
8053
2184
6211
2233
5623
1660
7137
2641
4031
12499
3348
1932
21318
1060
3100
1461
5504
1667
10344
1594
772
3661
2517
2797
3585
4223
2299
1963
5068
5623
4712
2900
2099
5534
1341
864
1966
6444
1677
2041
2201
1725
26291
3034
656
23633
3356
5827
1016
15018
4571
1378
2491
8044
2231
4389
5982
1621
1257
2467
1605
2798
1536
1494
3117
1358
2939
4783
1013
2053
4844
1564
2601
3242
1964
5175
4319
8496
2692
3120
964
5473
2557
5746
4270
851
3527
1950
4882
2964
4240
4963
2331
1516
1215
2432
2201
1528
3333
1495
6922
1334
1341
9271
6168
1136
2250
2388
11097
2542
11985
5158
3389
4153
2226
2996
1442
1398
2596
13994
1663
1781
1431
2217
3793
863
6189
2593
1878
2787
1370
1839
3127
1676
5277
976
15467
2883
1457
8129
1645
3012
2561
2106
9617
1352
1445
4200
1304
3062
1899
8509
2411
1644
1416
2680
1759
5767
3171
5341
995
2026
2934
5757
1860
1562
4326
1864
2973
2170
9070
3171
2648
2387
3921
1427
797
2143
2947
1776
11179
1165
5728
2758
1669
1935
1195
2054
4389
2144
1479
2103
1089
7001
2263
5172
12034
3229
1206
5048
1903
4493
3294
1052
2006
2046
5184
1258
1295
9304
1089
1292
4222
1055
1053
1463
13011
823
7622
11144
2699
6067
1171
1271
1336
5658
3550
11555
1894
4905
1178
1152
838
1931
2446
2395
1450
2709
811
2076
813
6644
7968
3474
1023
8160
3755
4413
2308
1432
4383
5676
1447
3422
1449
2008
1085
19340
2447
3038
50392
1851
2256
1411
2058
3688
2881
4762
1749
4425
2299
10146
3753
1503
1724
13826
4194
2182
1740
1510
2172
1434
3036
7499
3672
4686
1232
2033
22368
6032
2132
1721
835
1332
4860
5843
6596
1111
1325
2198
4476
4350
3914
4267
2453
1013
1125
1716
1647
2469
1894
2611
1776
2089
2779
2044
1651
1846
3023
3040
5865
2825
3575
1435
6422
5672
1416
3317
1079
3275
2000
1639
2618
1518
3090
8077
2932
716
1980
10069
2181
2967
3902
2434
1899
6163
1952
1348
2410
4487
1477
2382
26384
7980
1957
1079
5560
2998
1285
2343
1141
1330
7803
2955
1287
4678
2604
5925
1186
5339
1064
7876
1729
1171
4695
1743
3880
15746
8640
4726
1566
3700
1888
3480
6005
34780
2194
3048
3154
4509
6406
975
6095
3308
1637
13050
1257
6859
3802
2857
807
7290
1562
1717
1291
3888
3170
2364
4210
1946
1688
1015
4110
8553
3481
1776
1499
3698
4456
17039
3905
913
1193
5794
1737
2303
1689
837
1492
1585
1617
5484
2525
5673
3332
2503
5281
2396
6306
4172
3292
1952
3601
8950
3215
670
2605
2399
2116
3286
1788
2796
4701
2037
3549
5768
13944
954
1307
1633
5112
912
1768
3471
15544
3228
5329
1889
5686
2332
4164
1508
2122
6170
1932
1340
4105
3134
2134
2029
1198
4897
6102
4191
1470
2783
4360
3223
7024
5000
2037
1276
893
2095
3258
2037
24046
2563
2620
1609
1948
3576
2647
2577
880
2475
10284
5063
1941
1644
3224
12999
2563
2634
7050
546
1575
1631
9318
3749
2039
5700
29483
2857
1313
1264
1535
3853
1315
2265
3012
2161
4822
11723
4118
1631
1077
2816
1269
2840
7193
1522
2274
6023
8283
8805
863
1288
3036
1110
5573
2009
3785
3667
2025
2329
3834
1364
3877
1354
1586
2352
3099
1227
13962
1143
1721
1719
2871
2709
1219
4344
907
1353
6572
21944
2510
1970
749
1726
1916
2923
1270
5016
2103
2683
1685
2095
3275
16075
2745
26463
4476
2519
1961
2069
7346
7833
1495
3326
4408
1733
4598
4124
1941
1055
3813
5042
11457
1182
2624
2127
2538
1277
5275
764
6824
7143
1822
1750
3499
1463
4684
5391
2292
8056
2577
10585
1219
1303
2073
1886
2020
2258
1561
1953
2248
1565
699
15997
10749
756
3121
2996
8538
1874
2434
2628
3207
3429
2614
2228
3021
2692
2810
2746
4482
4681
1370
3111
3906
4374
4276
3717
6319
1726
2343
4490
8207
1155
3263
1322
1809
9264
1766
8587
2479
2061
3869
4429
3404
1796
1982
2773
3061
5770
2705
13136
2320
14405
5977
3446
2451
2715
1131
1639
1447
3174
1426
1671
5616
1036
2149
1923
4198
1174
1097
2589
2859
3972
3438
1828
18589
10475
12612
1479
4728
1868
4226
14439
1963
2944
4895
3918
4422
4235
7022
5426
2383
14324
5391
2193
1046
4112
5622
1322
14180
1354
1733
1570
3611
3930
7990
1054
1761
10336
3378
1899
3898
6080
4815
1428
1953
2664
11212
2597
8483
2599
4750
1363
5139
2313
2619
5233
3217
2817
4642
1566
18391
1747
2333
865
24471
12918
2324
2463
7552
3367
10406
1009
17783
1406
3069
5713
1247
1831
2223
1504
1182
2190
943
1608
1070
1254
910
3265
891
7748
7053
2307
1808
1013
3513
1493
1423
5345
5734
794
6395
1726
1723
2745
5248
2589
1370
1117
5301
5497
7282
30803
1553
1152
3507
2815
2019
1500
2192
4503
13009
4542
3846
1926
2255
6971
7562
2508
1898
1799
1845
1760
8208
4977
2431
1836
1184
1540
3678
1777
3706
1216
3356
5397
992
1210
4495
3403
4956
1481
3351
2020
1464
1473
2920
4924
1673
2168
1825
962
4360
1733
4473
4792
1204
3214
1511
2601
2723
5370
2582
3895
4874
2006
3497
2097
1173
1873
2952
1705
1500
9853
979
2554
5635
1989
6648
2353
2816
2072
2087
1069
5832
7213
1909
2880
2861
967
1327
2301
4269
1439
1530
3309
1444
10080
2621
3613
10041
1216
9580
6758
1077
2745
1140
4651
3091
1190
1703
2104
1301
9688
1682
2902
4704
1031
2446
962
2639
3232
8598
951
999
2092
3238
2752
3131
2160
1334
2863
2131
7987
1763
2886
2851
3123
2435
1936
1387
1193
1936
4827
3473
1957
1542
16310
1598
2125
1166
2564
3719
3625
2445
1432
4448
2576
1082
2940
1039
20723
4325
3410
4621
5089
1377
1908
5338
7920
1216
4404
3337
1337
3301
1075
1943
1526
4914
3498
3138
1586
2941
949
3256
1210
2982
3587
1844
1197
1269
4109
1350
3437
14006
2307
5580
9341
3068
2197
6021
2559
3190
1166
3596
1516
5634
10202
2977
11311
18635
3437
1419
2483
10100
2270
2674
746
6293
2013
963
2601
2051
1699
4013
1887
1616
2437
15346
5186
5565
2423
2140
2058
4945
2818
1741
5734
1093
2499
1626
1764
2907
2032
2971
4190
3681
1909
1001
1577
5552
1695
575
1998
1095
3018
2504
1731
2651
1229
5915
4349
1565
3061
1323
1512
1154
2718
2344
10635
1820
1150
3637
24421
6873
2336
2765
2795
2065
1665
6859
3680
2383
2260
2187
2439
3358
5628
4439
5068
7407
1585
2242
1662
4194
6436
1247
1622
6789
4562
6964
2039
5945
5744
1831
10311
1774
2261
2546
1466
3225
12349
3145
2524
2283
4653
2451
2231
2493
3871
3365
1103
3348
1860
2605
3195
1079
3240
3198
6523
2875
3819
1324
7444
2716
1161
870
1055
856
2597
1631
3797
2662
3157
2690
8247
2632
2318
719
1259
1617
1607
2133
4080
1350
1651
1382
9542
1585
5415
1976
4035
4453
1826
2025
5010
8873
1088
4576
1369
1743
1526
1438
937
29973
2809
1220
4472
3474
3499
1663
3158
2122
910
4287
1895
9711
3833
1032
1736
7108
1468
2811
3834
4704
2976
1481
3049
2163
1741
1052
4422
3661
6942
4272
1402
2195
8179
5962
2335
2613
15355
7205
1251
6396
14331
2214
3966
2982
1734
2081
9671
24071
843
19230
1894
7918
2961
2879
7631
1717
3190
893
1024
2344
3208
3341
1188
3083
3687
5926
5739
1273
2027
2903
5122
3700
2812
3243
1496
3044
2168
2137
8700
2565
4648
3542
3520
5201
2379
1407
10905
4335
3686
3792
1451
2067
2092
12241
1345
15031
2831
1387
1898
2281
2171
3885
2771
1560
1640
2893
1829
2835
5333
955
4944
1590
1324
6146
1964
7525
3373
1144
6262
1422
5011
2189
4699
4292
2482
1453
3274
1138
2278
4627
1063
1867
1050
3034
4315
4543
1644
4618
869
5564
3481
4479
2222
1086
4364
4080
1925
7139
1491
1566
2771
3189
3422
1004
1685
1118
2917
2183
4304
3250
2646
3137
6808
20902
2666
3294
2139
6615
2844
1682
4973
1490
1215
6077
3652
3103
4694
1630
2578
4889
2202
4164
1108
5940
3814
5166
9265
3796
1237
853
3309
3407
1500
8471
2042
1930
4158
3133
2195
1502
1452
1070
2515
12057
5280
1329
7153
2319
1241
2014
7054
7594
1765
4372
1102
1545
4166
1456
1519
7226
1491
1241
1033
2068
1081
6051
4557
2766
2238
8655
3582
1099
2045
1000
1137
2720
7612
1195
1875
2756
1414
910
6150
805
1388
1355
1849
2578
3318
925
2517
1073
1758
1678
4729
5014
2919
2905
1486
2575
1956
11086
6183
2777
2964
7969
5730
4047
1109
1251
4147
4431
1955
3666
1286
2413
1305
3675
3184
1204
4561
2105
1192
5055
4770
2832
6888
2012
2133
1155
2646
2348
1592
2361
2364
2080
2428
1620
7237
2021
1263
2564
1401
1345
1810
4502
12474
3016
2241
3291
6216
1891
2154
1752
2074
1812
2920
3109
1373
4596
2688
4182
2839
6588
13867
5756
1772
3385
1839
3938
4536
1566
120410
3351
6935
4923
1941
3317
2274
1560
1164
2483
1745
1108
2270
1189
3376
3624
1519
2828
3601
7540
3018
1366
2313
2034
11309
1639
2901
3648
3596
2381
2571
2712
1842
3051
1130
1560
1575
1295
1719
1813
1015
2752
4657
5543
1236
1176
21191
1063
1413
1815
2427
2206
6580
1851
1951
8824
1679
3338
1111
3843
1885
1704
1292
16492
1384
3191
1054
1777
6384
3499
1755
2486
6691
17514
747
1025
2080
3826
9503
4550
3287
4309
1861
1103
979
866
2883
4575
3184
9026
1368
914
2411
1607
1040
2517
2600
3170
3337
5010
7641
2411
2887
1170
3673
3609
5792
5904
2908
9285
1241
5624
1753
1082
4190
5472
2448
4440
2979
2878
4232
2259
1307
2766
3809
5456
10242
5815
779
938
1531
10022
1566
5242
1524
7941
1574
941
1008
1021
1690
4396
1809
2451
1784
5170
2372
3755
5364
3779
17147
2217
2093
10710
1669
1643
5009
3302
6954
4324
6551
2582
3001
1810
1270
895
4140
1297
1281
3386
2453
2014
1851
1958
1673
2739
1276
6652
2549
1924
2714
1334
2393
3677
3193
2530
17573
1347
3320
2856
1594
3393
1941
22519
2990
2947
2319
48189
3112
1457
3200
1574
2729
2201
932
1640
4648
1616
2731
2284
4481
1113
1904
6985
1578
1650
1830
1992
2566
2937
7790
854
1143
7260
1527
2455
5898
2152
855
1976
4195
8203
7166
1078
1194
1348
23959
4340
16557
1037
2500
3214
2186
9894
4281
4308
1632
8451
5332
21012
832
5319
1644
16857
1693
3341
1278
1329
2485
6132
2236
1560
1552
4996
2563
5596
9165
4586
3261
1161
13769
1570
5834
2385
3099
2100
1688
2338
2463
1468
968
2389
3503
1919
3615
1319
5753
1562
2434
1456
1921
1640
2284
2382
3419
1527
3683
1906
2257
2374
6592
3034
4962
4118
5892
1979
3789
5678
1356
8956
1945
4535
2312
1159
911
11580
2193
5735
3348
1334
1286
11279
3153
5965
1289
4416
4753
2954
2187
3713
1279
1489
6206
6831
4848
5361
5051
2648
1316
8197
902
4609
1434
3018
4306
3676
14217
2762
6798
1112
2714
900
3085
2335
1797
974
7061
4571
7357
1340
4892
2149
8005
11327
3991
2389
1803
1586
3177
7104
2299
3166
24987
2819
3065
2318
4890
827
1309
9335
853
1509
1893
1013
4760
1938
1965
1776
3416
1787
1609
2649
10440
2130
1369
1962
1113
2403
5292
3308
6216
2313
1882
1891
3495
1909
1700
3274
7287
6019
2670
5547
1914
2762
1492
4848
5226
3687
4687
19457
2594
3719
2241
1208
2430
3411
5313
3823
2378
1747
1909
2671
5192
2261
4642
1778
6094
3209
922
1260
1280
1827
2487
13634
4607
2516
1129
1949
1156
4598
1808
3744
4868
3918
1437
1261
1146
2663
1545
1568
4930
2764
11076
2829
34716
9306
1523
1487
1313
6161
1129
1457
2679
3281
5200
8397
16412
1403
1162
2255
3584
1503
4106
2307
1830
3449
1098
32345
3303
1088
3580
2343
1360
2120
28317
2403
872
1584
5248
1925
1445
6134
2166
1669
3287
1248
1161
2656
4272
2029
2069
5859
1868
1951
2922
5131
2641
1885
7902
1133
4599
2091
4981
1322
2377
3721
1781
2670
3044
8056
3525
1290
1999
932
1422
2420
1131
1687
2046
1072
2960
9267
4268
5595
2078
1697
6131
2764
5704
1558
2256
1283
6341
1835
2954
6388
1786
1356
2203
2111
2358
1806
1798
1740
1004
3199
5501
1118
2641
4763
3694
25070
2979
1145
3698
2207
2181
2161
1590
25291
1045
2418
1883
1511
8108
962
3070
2012
1974
1671
2704
6904
1678
1630
1483
5333
11695
2294
2543
7660
4218
1680
2500
2218
6144
1930
6830
2682
5449
6774
1390
1123
4581
932
2314
5468
973
4784
1938
3062
931
2323
4878
7511
2011
1619
5579
2752
3387
2848
1370
1679
3828
2275
1793
3602
1293
17264
3194
5055
5934
1561
2481
2739
1236
8947
4376
1553
1236
2652
5956
1532
3629
1623
3063
1719
2683
1185
1433
8322
2253
3181
1134
1493
744
1771
1189
2534
1400
7466
2619
5498
2520
1606
4310
1643
1202
2485
1456
1770
4486
20410
1363
2597
2852
1208
1401
1123
3362
3981
3597
1312
1273
1974
1885
6084
4374
2876
2871
4168
1434
1155
5265
1431
3093
3063
3392
2892
1465
1703
1997
