54296
36860
22560
1256180
31809
463802
1987819
39976
127465
205924
30305
462913
128420
353039
73936
383716
95597
216611
1808870
112791
46752
1027095
1003087
110079
1216132
316196
131753
300338
57861
93627
7275069
134653
497087
246830
28918
911225
130973
280189
146347
1923946
755674
761980
16491026
260765
1229364
99272
6501835
48548
1002069
26413
788738
28608
409982
814489
261884
187935
83866
718706
1153720
97529
34445
311012
323923
37503
655677
44046
17971919
224987
109110
3994307
2292014
35582
33946
82138
157563
192269
72015
1878327
613229
281115
116878
828839
42749
30566
45148
2091973
5285073
448029
5410880
68162
139117
150689
323195
1016840
30864
7830410
104889
3082455
155365
179838
201641
47267
725163
33383
318892
48329
45835
55448
1935470
83120
839149
20427
151812
3412226
67230
59915
1668334
110813
12457763
25951
69752
341614
25780
583568
79446
205482
63800
175764
75524389
41868
3176377
2193998
986554
36261
13227060
366056
49551
27513
52740
3758628
70643
531047
254730
63059
57172
18683
46944
1580666
1855945
27468
3575765
100406
20747
60546
136540
87643
1409777
118133
373467
80607
1211125
60507
68363
4203387
279357
143562
102105
57580
134957
187778
1473611
26284
50659
456168
1121149
43922
65808
162191
26711
115067
52552
461477
41673
3098902
1525504
1570677
31968
41648
102867
40816
524756
16432
115014
989535
117073
14163
25092
193824
470512
303549
65193
862674
21917
965664
54567
64008
525209
42724242
1663136
74374
214573
59967
544780
8458539
72623
143921
167165
108861
337849
3190624
25656
56031
150709
289174
880440
62521
428167
47190
487463
144048
63403
31752
298754
31565
76116
456271
483466
2984477
442339
453479
20862
54583
99873
4893886
298030
3489574
33471
39884
1094334
178223
52035
40703
49105
32451
330979
78104
114654
89938
43494
3548283
58026
1133441
15747
335008
7485
105961
53709
261960
25551
105634
192892
39074
35988
15189
452669
1264858
264779
111448
269551
62608
146201
56815
2232142
121778
436959
166699
97173
32956
85101
213307
39612
45766
53338
41128
47916
263767
36996
572164
1103364
599186
1243434
24562
44098
235337
93090
50015
217130
33803
57428
242294
684761
264069
288573
5519046
30698
253798
444904
57751
131576
1734262
232837
14917
717265
231232
276399
97134
351775
70341
54031
26925
30297
78874
168300
8124803
437085
2719641
27155
50719
20827
151029
98654
4230861
29293
89022
85695
2774857
119572
79376
34329
498939
17348
50356
158069
48085
358757
63024
88003
59064
107322
50135
607039
279262
27495
3510275
364634
313461
27549
41990
47624
27391
108338
1126332
55165
3529708
395273
145837
75703
52408
20324
318206
1803916
27904
113718
696849
287498
79703
255230
48896
9621338
67913
77665
35982
90335
85943
1904565
63003
108693
274561
2753598
129102
303308
153038
36474
1430954
214432
40501
98220
308370
7566
12288155
175832
409265
11120
620813
18244491
53119
102690
30546
285479
79360
420477
1312194
14644460
7274082
39926
35741
547005
251953
45608
89372
157548
140605
15970
28845
32575
966736
66732
187558
143371
45395
69663
50580
1960712
53855
54058
61808
116268
272253
2956042
61870
793534
94638
39460
372424
52606
68808
34430
145021
481171
41719
302079
169331
580076
39056
102865
4476771
72805
34628
289815
89194
735692
65654
133433
107700
25206
533501
87959
865011
962463
29927
16252
210021
35806
46115
497908
1130147
567808
58627
40626
42064
64154
83913
142488
1662998
23743
768560
99401
206709
183441
587729
872125
151120
22464
73971
486326
309093
630942
48041
999972
889255
136771
69117
29290
708292
2267853
193451
28476
176663
271465
365553
94987
205685
19742
73883
160881
426647
34392
78956
32965
33817
285250
103924
884513
230856
491861
71032
3119908
50122
129546
469141
204089
126897
522452
71587
83622
432503
92643
43457
140223
1255520
68904
3508027
181793
52701
92129
567783
1857070
883813
136674
139856
1687598
68499
401201
2152933
1195603
209292
2490957
54096
430255
304858
62703
101313
451828
327449
21743
191618
346077
21469
225951
34242
104963
32624
320936
51163
2950203
193318
5160755
718587
81776
682135
300133
86639
898233
57499
1750657
239648
37711
52669
8463
150525
145638
780777
37562
112322
46736
57334
153063
231457
107040
10878632
373711
54416
3428785
151838
592230
69556
1146823
38641
65062
885226
52997
63077
160705
519380
123886
29789
232856
2516754
265446
516805
338488
34112
430917
42766
2494240
20459
128430
438304
1272452
919153
127411
77537
33928
279995
330536
38442
50560
26209
844597
282313
93604
47540
226868
250519
40189
383197
865715
198125
47677
45860
81663
148909
84161
30508
113372
205584
69633
37269
91670
634533
142647
3211190
69345
214908
58139
1374510
101533
94056
440025
68426
156296
9130
68926
245451
49736
95763
33380
44850
170197
256077
37594
474772
187302
189915
8224387
61957
284404
291998
33863
224995
149898
252244
63195
131623
184256
94114
50350
232987
63700
146048
306614
515347
61237
792652
101874
83179
104097
20053
1927274
131498
32410
68832
26915
58168
170237
61269
298388
48473
46850
39149
251472
27712
84065
115719
124342
59253
681207
272887
21249
701476
34780
519643
1149794
3324734
78027
1113652
40277
333576
133325
117749
176754
581946
926891
70792
344059
357080
1795444
172914
142196
82041
22827
76587
84975
772903
25078
52334
157067
33467
477831
446256
124333
66616
128251
1086189
130845
337706
25431
1527850
49059
109148
388132
320079
146611
90802
152615
49326
100535
64706
32385
169511
10950
171117
1597649
882959
43704
172874
166155
15566
35915
95602
45711
114479
56844
580442
107738
551560
368175
27213
14575
371505
47559
207509
712926
212249
83978
185755
1512902
686601
3460276
18380
325696
161894
470095
50209
303082
573508
29411
44050
103156
3789348
185565
150284
2379318
119371
285876
27635
37844
37523
206200
329669
110592
114176
1558393
38948
40047
40380
466437
129967
21125
188087
66201
195542
254991
1070180
1767064
150900
108144
61818
42792
37264
54354
24239
68684
2475218
45405
70346
85677
280892
188623
26128
82333
85589
654014
20507
321868
54220
228779
252308
2261780
151844
4402248
1726489
40220
476585
55593
233244
223086
236163
3390166
171084
4567364
288573
31112
529474
26222
100204
2974060
53695
142907
14487
217501
41938
400130
1075273
16585176
33318
304244
374060
155031
41699
1472551
109807
101987
27096
172147
44605
129735
423868
5584923
48806
88262
108749
37439
158862
59110
306144
41534
1323874
593889
30707
67707
553190
1057926
403373
238677
57405
699130
48576
16962
2421058
69070
65084
164234
21131
427922
175281
54719
360295
24150
38803
144632
135475
88816
1972407
123228
1066519
3427826
156222
103077
2236617
45673
50107
109572
198963
57146
199587
139622
41610
161838
149920
1247387
44497
208356
28758
530456
6956619
92269
102713
2231891
24013
235312
114185
56153
640754
27606
1782429
50512
79229
29110
174437
523779
705790
493981
250499
21885
1447350
53795
18462
232095
243773
1581119
1267232
420549
496009
1192471
465302
544799
115445
503114
20768
25298
200466
201700
11938
264896
114905
35781
2962281
425433
98836
553459
1291366
398207
90849
58575
808866
1480435
135124
60348
40588
335854
14412
27362511
136680
465588
86079
70622
309921
53276
405392
584695
531029
67881
263941
524687
220306
56444
45618
46240
1010472
71099
2330452
247927
33916
161971
5055087
94174
500571
122551
100329
48941
20274
41659
60766
431718
84664
18607
30250
287617
50502
286511
318286
96153
20349
63324
157379
6699450
77940
1517323
408258
131466
379490
142223
114079
70473
51422
25679
134475
1738641
36290
53348
47765
87064
1337073
33929
157202
20866
122541
180090
237411
47210
103369
36055
129290
2165205
3049998
607839
42943
501207
541514
93914
31751
2412389
1246558
409441
85077
29929
167858
1943164
89759
69658
1399072
23753
77013
221088
58291
81223
189284
1126662
554724
477107
40885
391836
2084278
45562
1281734
443305
37653
44462
49851
495830
1285684
114550
4163618
108552
29734
861362
310781
176066
160720
132818
7004591
17229
601011
46360
97829
110578
3725588
75507
235320
77410
260865
17478
28454
642735
61737
43298
2771620
64367
2253824
3143583
113285
214364
357250
2255564
33569
46956
74386
96666
3002035
432493
608450
61043
101661
140732
489015
144202
182278
110147
38390
630746
139443
979289
731760
319360
34073
29538
93440
94985
1521625
80044
57053
170914
56761
30842
68733
201212
30138
2658264
12404
300758
2700464
80086
371691
336917
1968189
1229619
25056
315818
372886
147230
800078
191599
79638
4683447
27877
599543
33734
106900
356265
849366
24302
84145
44790
279287
235461
50491
306654
299588
47311
559811
351132
207855
55681
1366989
33223
44843
543345
4006396
12888
23486
145409
145013
90209
110612
347513
191164
240919
381629
280332
1384867
148474
561112
26246
479855
193462
54043
505484
31069
611998
169230
29832
126042
1473554
482650
1404484
939278
108332
44785
94730
37697
39100
617431
38257
202266
140870
320264
948779
76923
88522
327549
134249
872951
445998
3333307
1859697
101270
857944
2194319
586934
63038
63945
284886
113948
55256
569705
3529482
8000291
1137646
63837
673059
186438
36301
3390078
6319041
1253094
41186
460008
5302514
73005
397090
27192
185556
94448
114805
21685
37840
233650
77095
236604
80402
2096597
77374
480066
101623
577906
152627
73325
30904
3705413
235332
68600
40892
479953
616011
3174563
103598
111216
6021055
315387
147069
55758
252647
3395971
304811
71051
582366
157333
61562
136110
1221895
914796
24636
106444
355821
95789
440937
900250
389795
134491
234845
72210
155953
997931
12692140
3697385
82578
25933
40798
1255867
1103563
969111
66319
19289
54071
4585021
154822
140192
123431
100684
99304
36408
101684
93384
491945
6637682
727759
151526
18541
185963
326350
44054
38931
861979
94186
174720
388419
59097
125114
38030
126234
187744
88079
1088527
347218
37119
849933
105383
405533
249253
663234
183696
882325
490820
38849
182179
137474
42719
74398
28555
27826
3873145
960748
76499
536088
567091
1593317
36717
904342
54625
89756
115257
49448
59636
178962
902733
59963
354455
27512
36041
28813
1570983
802351
226527
235113
275816
29700
1862569
1041815
72530
6894387
61942
134273
192273
1344907
48179
278141
2860360
408376
191077
182520
155236
817283
136274
59032
7004074
1170303
20349
3672355
3558427
31580
6848886
2502187
14372
406432
43126204
4938876
651100
32176
3232517
121592
156232
38953
137357
50413
116261
130103
275334
547365
27465
102276
1011202
81153
145442
1444548
106611
264198
109904
571268
26927
17984
32338
385388
166606
121067
201541
115040
164555
125991
22592
67045
25886
223102
447749
116319
172687
151193
74269
41282
981332
198537
73271
225578
109520
870731
38193
2444919
179555
34977
68146
2664034
502228
75347
522137
74262
102905
110425
1353857
173933
159068
457243
109203
6834454
31223
108504
2622452
368644
22190
53321
35847
2049807
2517736
6795464
57500
19746
164067
31814
228100
201808
109029
276695
276171
5426808
27411
27663
177295
341934
28814
653478
68557
52210
569907
89987
210094
39709
33904
23621
29718
72825
204507
78576
104262
68799
163817
24079
16402
98491
52376
102057
166712
124718
46171
2879919
2494860
86212
93767
3795982
51743
89593
39105
211631
46437
96137
421078
23225
133622
31386
24245
166533
336196
1788203
45881
57719
9966
86285
10050033
135459
2765680
711072
39074
193298
185820
3937464
294585
55297
67591
18777
856131
53521
342961
1224191
72881
146103
180800
488336
395590
59967
2562029
30604
334972
1192255
42046
1159107
176154
207062
356539
205364
50303
91106
105015
2900817
1101905
117030
256872
120561
109810
58316
1167461
136888
38403
98031
40756
150648
4644754
296772
73508
44447
115982
58337
254555
3371426
606016
52884
50147
118092
252714
207661
299476
106383
50146
65420
598440
373651
109724
118937
29804
23908
69746
257542
50668
50074
320147
253229
24223
46476
135755
89875
28651
49942
186590
16651
219393
37003
4357231
326680
41235
452141
41224
164664
40451
192646
28772
367780
24268
67531
86399
1651094
42149
26354
79556
169878
44857
131094
2314695
59428
45833
56508
75943
30181
757865
654773
229627
821923
76965
29832
43805
2594371
203492
34975
447979
74085
280826
11511
11955
170067
163432
158455
943958
20253
194716
2786753
6979850
1486448
463529
1306499
55695
687853
31086
312934
37492
147771
51471
434521
1477414
239156
998948
15719
20014
46746
51155
89629
310344
48113
477123
47714
30632
83340
445895
130374
98330
28744700
157085
63612
9084
177271
2815991
272765
34388
109986
50725
148117
13316
466655
30317
393952
513928
1351753
63355
120447
143095
59716
1557094
254816
289870
994927
1070221
52724
244235
267443
445144
21362
57909
551390
569282
3537441
673921
2529801
67043
554442
23426
1159215
1697030
15753
550314
100074
22268
4334205
221262
79657
335208
37901
917183
1129376
796731
33768
189034
1417094
128746
339791
407830
161656
22392
71211
17019
59633
69048
89146
237827
34675
65547
30745
347479
128275
245611
23362
424391
198454
187343
169019
128005
1403746
814136
58896
5999412
79452
1637647
578735
82205
2695378
22480
562922
292527
28802
24890
61786
145764
48279
370862
235136
161604
51090
487977
17018
234481
49718
14488
83374
74379
891270
101949
32417
1608617
99632
178554
12271
2603916
1922789
79798
58629
19527
44752
1297441
35419
36961
167376
223241
533707
2943783
324172
22419
457619
101054
269769
111030
1137346
4710849
170438
150692
29908
143739
20689
69825
1174638
66020
54804
133630
32053
55612
462017
1647428
545503
86819
27479
30412
1591558
17866
92209
59619
222918
44658
67752
188712
232503
4287623
4500428
154699
33521
263487
28191
422785
72003
471464
822162
186463
398482
1095448
35439
165904
559284
120077
37059
101326
1416734
33663
2352993
547445
287132
44326
201707
1727414
248958
199880
3908407
1478214
162586
2483181
167041
4956200
52739
35137
261581
91969
381847
71820
218911
232555
22080
123382
200189
109857
48957
263664
603637
54065
9550
60238
1304841
1041687
83874
20628
210461
6081173
1513154
70817
7334668
249308
1097776
284175
1668790
55245
2712257
23133
25524
2139935
75836
97721
28612
2582511
90904
137486
3359544
1700708
57489
33489
325797
356935
69078
1575068
380249
2071561
357163
844978
403643
40668
9953863
117551
206225
480821
145214
31144
21797
608850
1191745
90874
449343
2238827
3937203
56103
26958660
162106
63727
24514
616543
20778
2679009
233883
56099
6995954
548319
187062
49824
23113
85075
573027
613535
194113
89065
1174017
177429
88573
454131
5071402
33126
136855
21890
69558
76752
1549454
89875
17510
131980
50992
275936
69912
107036
27250
214761
400385
27853
110058
37960
122312
28019
2007412
87679
68218
69700
98463
87427
526679
107680
187209
113685
41773
893705
36993
80287
55747
47469
137371
119590
645641
193241
178124
124730
47460
114721
86074
135887
2309639
29863
1525327
467168
41358
282600
66428
1147969
119073
65343
65086
47517
325609
215302
112624
47199
754391
48334
306104
62996
1810156
91796
49705
163334
474478
824595
1776894
40662
19836
331122
90752
29083
48240
219639
13020
38246
667333
9867857
65360
676319
150212
28149
2381671
103681
82555
931294
49100
73190
235314
30870
173076
310581
53507
67135
20967735
35433
267304
32203
43184
53237
2367088
175876
123721
5389522
240441
396318
831075
698378
122345
180387
982472
189814
210857
625262
28012
208318
104943
752513
55910
105871
752331
64325
426089
1648433
162740
101673
331971
46231
46742
92652
150072
35666
161895
453665
64935
123354
30510
19082
140877
7376960
37634
42890
67189
76575
73801
169405
1137456
479028
66803
45459
45398
84125
47128
213627
47310
50001
132014
337420
43078
583648
1104984
457250
137567
15766
60152
61980
99743
19536
291711
162761
193729
1409886
332731
27670
1408170
91934
607181
90309
104773
1980707
1257128
2681546
167746
1987597
54402
21267
94332
524581
907321
583231
2981237
58675
1765195
89779
33931
93933
470337
122244
200132
80895
382554
73366
7799858
67578
209902
207545
583386
647107
37109
1258398
1676014
88652
71686
13165
1506223
218776
175178
28632
30480
45279
93990
19621
91544
59816
3601176
23150
51245
355574
48279
31404
57913
30152
942453
43020
148594
41156
36991
57654
2146853
842173
39926
43671
39629
48871
32560
238922
51523
707377
2233674
703530
656418
1854245
408580
95336
97550
71070
177038
1777759
32797
37007
3472428
65602
33409
77551
313445
1753893
284976
44944
50153
29042
291757
526335
1177532
50963
215929
35748
940656
896680
282641
13322
8890842
4228148
1178962
32443
185881
9774930
71332
2523482
70058
23686
116948
43597
305244
102961
1136828
45242
56327
42964
55805
47176
403897
62877
16369
113124
77744
62401
36372
4724922
112785
695104
228569
120627
94870
100442
2380318
49561
48237
1648735
4933187
89520
95311
17524
15994
432858
52101
67442
41925
1678512
146480
1853044
1092125
415300
144672
190793
62626
84283
35625
573612
17128
188447
420320
347373
946894
49926
77177
51206
704193
255471
30634
55673
118185
3551454
2352815
1695914
33094
27055
482608
83967
82214
6381712
45223
48170
248694
470744
1473627
17070
34300
32329
101797
118220
61125
467152
81818
459475
192255
57073
33629
143700
148643
54162
65865
27428
605665
32726
3153813
41093
79771
196960
325302
66184
33146
827448
688035
456269
278731
2305991
36706
37564
43484
200093
104578
268082
22581
133006
29690
283722
96622
121273
87570
51234
5427695
49595
397646
2536029
97348
32174
49847
297512
880837
58215
931007
106098
37082
165854
774088
16160
71168
69148
327412
1052239
368785
1472056
142492
744309
1012643
104373
12449
138121
1951371
43971
283578
277383
121644
109051
101158
776351
31718
37992
46559
409479
58432
2493002
46041
49558
47578
611781
59748
67592
31896
37115
318853
49129
54212
8210139
279718
26458
80936
1658512
60056
191114
178134
230691
86113
26551
78795
126640
693531
2239460
372334
78931
99975
67976
3266940
905057
110827
41251
27620
89021
345173
3979430
5657269
72842
80702
259784
596411
285546
7399026
2882798
1124668
178634
59945
131291
3223494
765798
979132
44481
527061
321089
2323102
270512
30998
125869
73241
241443
2309816
58756
31630
150172
53857
41412
652081
106558
1579959
36111
277329
96844
332654
1476689
20417
46612
317432
31284
104763
3130025
56136
367592
166318
92133
51646
2547068
65279
2088600
36095
41494
251721
4738218
72636
39867
986434
74608
199654
143299
35223
52330
25328
2495760
47307
82995
20859
6649749
2284862
2051817
178708
908921
155523
28789
34902
83728
54563
21267
375139
130487
169844
5956756
1095752
270873
221318
1430237
115345
78183
1615004
5596623
1145614
6431555
6077381
41296
186807
340378
146963
45117
508998
32095
42237
73859
108945
85828
86918
28405
161888
22149
561609
32828
329969
542454
73856
153334
75672
503068
272802
168330
1158465
95863
300888
61326
2104695
85755
484185
585056
23240
146552
61684
5487033
127268
182556
1811664
57934
86055
173958
61683
22511
362195
25500
76394
485602
49250
46954
352924
580972
508084
38879
34804
57842
1432699
1649837
26410
955527
47925
98850
250089
73402
29382
29112
2231051
140136
40763
173823
82423
3342440
689259
62914
1073319
1051512
168871
46298
57141
301305
122635
109646
812425
60190
3245093
181269
170759
69951
96136
1537203
61321
63683
186470
42831
180352
71622
31169
930470
22235
631229
714967
196900
48096
73600
579575
134443
140507
321886
2256419
258289
426537
6424491
2951940
1046315
128472
53240
139567
101862
106928
335195
24704
40418
130489
44055
65066
182197
490084
237564
1291410
288342
87992
526762
100134
80593
466107
398719
134985
42876
1656138
336279
159508
63097
34002
33053
1043765
386727
111989
543282
172464
38615
44000
428844
29107
548678
128668
462375
49914
199572
124438
102828
115946
909266
8696131
21200
31994
12934
81260
98379
209694
902774
68196
209784
131593
912122
456100
348270
1185035
67871
572203
1969419
49195
173163
69567
251717
199052
875050
22629
4534261
56893
29608
71000
47628
6937002
2825771
239252
29226
105538
233163
69929
49248
1434490
93083
34151
364248
528284
30973
78361
138813
56008
50997
37670
66671
219331
58528
1678725
48753
38196
203282
1442432
6323918
26147
914700
128570
1132389
8350536
6591053
138885
26732
52105
176144
38839
494259
50599
203257
37777
31275
29750
413893
323431
30601
158772894
123684
39233
451414
225623
421829
448514
1226002
23173
172892
5187663
108742
101797
168186
23507
28993
164414
39563
845003
159426
141450
1359991
157668
2924166
150936
765959
700131
90743
29542
61047
5326810
77058
35501
55321
212734
25807
1945311
68738
28239
64666
371810
73121
174103
24920
82682
29705
441334
31188
87538
106284
59650
675494
35070
47373
354778
571617
44157
3361747
41104
20657
19589
155226
26627
33845
6178856
13097
150661
51466
47638
1496810
1435836
220274
27281998
69981
221952
400084
141378
21556
61387
266195
125134
59028
313412
1538258
62137
997575
4121851
305507
56437
573050
561886
368778
63071
700751
128844
142993
4591261
1597982
329536
36812
106711
155346
753573
679977
264972
44033
36929
124608
47168
220801
77867
73980
66837
51588
54884
58759
594538
39199
366525
55323
364124
338401
113568
135557
125980
494474
75692
24311
40013
58587
809244
219725
55256
33651
70578
69333
48054
390384
11456
196024
137429
117714
305708
34387
720972
195158
859467
19734
49896
62124
94523
699131
10215893
115914
34072
67460
20610
31726
141691
116869
57878
2913511
450688
57699
2026605
126966
290166
87829
117470
63305
336649
654841
2346011
316535
724185
94812
428333
18338
154253
4090401
79154
18355
1249055
4026021
4416947
125288
25955
47620
111170
119353
71960
246126
75849
72136
4252689
23236
339907
37388
432440
78887
484397
1809153
71097
53231
881602
28268
37272
50838
105872
123426
16786457
1651991
36915
1439155
30734
56831
36439
106694
49054
108934
962364
13865567
2976279
57690
82430
129543
20354
92518
53672
343551
202677
154360
38795
1532233
95844
1031876
980048
5179086
262585
133086
2120822
997554
191101
39715
3551876
100886
151257
4183939
901898
93036
79867
59925
6742489
45143
2612639
184591
111043
53950
75314
425816
143446
32380
66874
187280
46740
81757
224457
27697
258444
35456
88748
27786
37521
105947
281862
1371673
129329
42435
110532
2376579
364065
217046
5104825
67572
58849
551177
24990
307378
37943
29395
44679
34606
29908
845018
1675305
192930
209203
152002
21375
7942798
85506
36103
933530
85871
173804
27944
63725
188543
4538525
236589
109525
52227
45145
4292949
505269
4376313
44290
84265
130714
50548
9884550
56679
1219312
920106
208480
260790
26599
152973
95486
882695
21237
76886
194964
34794
103474
130378
17313
18115
6621847
96609
73695
1219641
86681
141724
435173
196560
240090
94804
2167108
57365
76034
62146
1483253
75527
26696
27383
246524
31142
80184
58666
67488
160074
71067
279653
1589195
627456
32327
22192
30463
604401
398475
41190
2110781
104814
1004983
1383585
122460
137275
167689
2873961
122762
1754614
30708
2250620
122014
331676
93997
58199
457797
57743
22472
195622
268308
29415
698920
2146108
325306
31753
188755
34061
457734
71256
343821
2389484
1795053
60219
36776
138675
33942
106915
139242
72659
128867
506932
8612072
2051736
276982
169684
176467
58074
145555
419418
766355
483567
1130238
987086
327942
83025
990100
592598
33243
23415
23548
1157644
67082
6446715
923518
76877
194414
73659
90586
3295830
25307
177582
182401
89807
118894
34917
47553
51784
28440
108404
112584
2551584
42194
67006
23197
53849
276595
717832
635567
208316
71989
11736
50013
281501
1764473
1159246
206125
174072
156217
717802
207824
161747
41460
53722
42916
194091
18917
157364
72224
149082
34648
1752569
55815
100609
125636
186311
40613
107428
85541
56461
117172
90059
93694
1287355
8025737
151496
31231
39475
287765
208784
270233
35371
1529503
60971
187525
170177
360767
306048
50524
439554
302982
8752477
41716
202697
53255
56375
3230978
1210551
60160
47505
55360
219143
48808
58931
1851290
42006
469148
359463
67195
372309
602334
79915
47884
303415
51311
16875
705381
79767
21033
99329
1228762
53979
133566
72539
76579
387985
1033838
2002652
175287
25505
156532
208003
82151
104903
324663
710455
152480
1766965
3524500
132291
1001344
56843
593077
217101
403842
118611
33464205
36269
48250
657451
353538
348375
29334
155126
1220894
18748
1033934
158696
641494
30863
33059
39160
46117
237135
72546
135300
115596
885306
345976
35724
817046
54527
108104
2817997
25985
1134025
1559718
112310
70205
118117
238468
48551
16853
3547053
146341
1000500
687868
47066
44412
1523179
330632
132773
30358
106936
294164
151289
62185
1490944
92942
359858
1833446
87228
401129
24826
19991
235938
26167
71251
53130
511837
249558
212570
18665
199796
53206
109257
64164
24708
242813
7584688
235265
47148
2705437
62105
24457
27806
50726
49890
334221
3137173
47070
260767
140595
29858
35876
216578
44727
40268
175641
126415
14774942
59593
65880
1950366
88407
2725229
68199
478501
178924
204416
2919861
85878
47988
62501
476732
320369
39123
2003218
405677
30309
159743
68379
52446
172000
619736
335760
116902
156540
22902
642308
28753
46125
6618576
31099
93889
48464
38920
467369
22688
465924
109377
91236
1836728
451974
1659614
452342
164242
1323166
3174713
31125
128208
325295
8437622
251699
380511
80881
1149169
1063072
52962
2293263
73843
85720
315484
545505
14146167
218312
10958644
410776
112380
278752
1228655
58975
152900
281523
1978430
38748
612144
174972
46091
738799
97570
1503924
361352
3255126
59383
44087
248357
5991501
263033
845985
166992
1313291
9451951
60252
119437
422294
1848016
258733
872662
52657
782863
161145
46715
376204
270691
32861
150919
721312
138247
89025
659619
90696
1962341
46188
314181
19894
100287
38920
137603
374782
201250
1382962
1107744
508688
42803
143650
204550
48116
1038759
20041
66548
519859
402126
32787
529535
67341
1861958
1730263
542096
213106
45655
83824
16207
206014
38975
27563
41491
56873
851034
44095
24966
164245
72113
36044
173518
70570
53242
39892
154267
40169
1055806
41032
8581370
98187
32398
39892
591629
2459554
1211949
121382
68952
647584
1757969
509436
63328
242380
504748
1424784
70723
253312
167431
227400
82668
74215
2477999
991050
304964
163355
168815
73167
219722
77780
664096
208871
335275
63846
145934
148499
4210870
8858982
2112104
275391
1720145
264337
528205
45425
19619
403388
1010361
37464
486980
89547
175568
43910
66906
118949
25153
142513
298396
38355
1333390
177430
46689
1016986
684141
32611
390986
621754
367410
177472
1184850
51832
154064
81974
20681
78160
30380
67689
184579
152147
3259990
31119
1297643
91987
382292
107505
50376
367463
1093123
188979
93351
156674
77684
56913
226396
52550
113948
729002
33898
1204955
29782
72346
223330
31939
144832
67871
243265
5777735
763158
90827
3105098
51443
1180847
60225
84291
31065
695623
1471773
34422
874391
39205
608578
99778
65051
322644
77090
37437
83533
10638623
269029
93063
1233329
1218992
1727696
33914
14489
109322
29244
226064
59397
39884
143833
369754
96509
605758
26478
597933
136287
33970
719528
401923
60691
46580
514202
2833164
183534
68269
2389092
24366
12897
128509
37641
54394
173789
103852
21238
45798
312895
64164
151497
102267
799835
2155805
2787948
23809
94946
52244
571501
209927
1757859
146230
453703
74888
54435
67727
100050
24286
26039
46211
1721003
205317
6604614
53380
282465
105998
110355
692851
27455
6959124
138510
34617
268856
54520
353970
55405
554927
167261
539925
21327
84991
338049
3546142
53452
66377
585798
22394
1850248
535539
2028605
148662
620577
123092
65842
166362
764412
4979152
183719
316086
41155
60709
199324
279376
148293
822963
155491
2642202
32729
120912
39945
29730
176913
745687
41968
38940
39479
1970419
1112693
48362
137863
35281
1555175
148156
64100
52349
58523
199171
64065
272934
659407
35970
108775
60031
33934
750798
15153
84648
153342
25177
55068
341465
65179
90534
454731
860063
204412
277805
17536
48100
1145547
482705
237852
4448133
32604
135714
259084
97428
1670250
484084
148208
32171
190562
31845
3619532
184276
145589
39989
105546
45517
54064
372678
69400
27586
832076
97029
101742
139692
57180
91485
395408
89177
32354
686288
42141
27798
78516
353300
58444
123735
27314
163052
2577479
1577540
140628
127400
63938
398464
1033443
240709
4966996
18418224
99066
275172
118689
78082
719395
47255
27282
418485
297505
67095
146238
169023
6859
32607
83392
148238
1306862
211795
195795
656047
825128
608019
82082
135847
1106880
1497856
446613
1327622
140966
