721
3693
3186
472
1908
1012
386
1649
813
472
955
1326
1093
3136
766
4768
1383
1375
1265
2853
334
472
3782
624
916
281
790
864
677
368
1982
2547
3259
52232
1056
2851
1151
874
1519
387
3394
1339
2674
551
918
2531
1040
1152
1693
636
440
2065
631
3293
1041
1612
5097
19684
1097
663
1441
942
1360
1563
2208
1367
21489
886
644
7455
5700
475
127
1743
758
928
763
1662
879
3330
452
1243
14328
3795
977
1420
1778
1698
3684
1105
496
2122
130
7681
8116
632
426
1360
803
659
3481
1478
5196
3562
1054
1217
2944
559
780
5134
1457
2350
1469
2811
2996
8049
3808
1834
2185
1126
1215
1872
5914
1511
1505
779
2452
2150
1896
1171
7147
794
574
1247
348
967
2175
634
412
1160
568
1378
1993
3920
3648
536
3453
1773
570
1167
2333
4173
1769
7478
1512
527
6560
1645
977
1875
1355
1468
1132
1422
1334
1471
1500
1306
2806
550
3182
869
1380
4754
5199
1566
1094
974
1739
1451
1662
3025
563
1495
895
675
694
1616
606
2052
4821
1248
1155
5321
3166
2428
486
2117
936
1414
1704
734
1171
3144
10482
433
3656
1386
2620
1528
1641
13792
1109
876
1518
1194
3393
986
542
1686
5168
1486
5190
828
429
226
1661
6645
692
2765
1176
1417
2282
2818
199
2059
775
662
358
1462
427
810
259
769
407
1369
1604
1816
5343
1421
3803
1095
22771
1221
5554
648
1106
1259
1123
546
734
1213
465
822
2286
1790
1404
2746
2234
4217
348
1772
1900
597
624
1102
1186
1069
445
244
1048
510
454
2269
1837
1203
6498
5869
669
1492
657
2905
2351
291
2203
2442
1075
3630
1565
440
1871
4775
9063
907
1439
616
1312
3418
1439
570
348
790
815
1369
1284
1539
927
1524
532
2170
1324
625
3271
1896
1393
2334
2927
698
5586
3066
1784
2115
755
742
508
1403
1604
294
336
677
548
920
535
2910
12287
8246
291
887
4618
578
34031
3073
1621
1124
879
3403
1986
6358
3306
509
1877
1676
1594
3220
2807
2597
1356
1570
56331
649
2155
4888
4376
2911
2933
965
4992
951
540
1601
1082
1086
594
6150
325
2088
2678
6054
722
1233
2686
2641
2501
1613
612
2579
458
1837
1503
4095
730
1124
1341
4058
1732
4941
1412
798
715
1006
1162
6718
2622
3449
2289
1649
1189
1706
2693
7501
174
2339
2565
798
3639
1281
771
1804
758
2750
1238
946
373
395
1451
12298
4519
1388
442
7914
5066
1905
711
1498
1236
1055
2891
534
1112
46317
733
890
1269
2085
754
1184
836
2399
1441
7548
2260
7818
433
1127
1611
379
949
6512
6438
5154
2096
1076
6070
2987
648
6141
2287
1932
760
1150
2346
341
838
1604
1679
722
1956
958
626
1674
2158
1492
5594
2219
1590
2245
2442
2310
1763
777
16222
1992
1406
1879
1894
1952
1534
629
3417
675
746
5726
3394
987
847
762
1022
789
1871
1621
2083
1543
1713
4663
2554
749
1144
581
2606
1712
3545
1469
1066
1472
2027
1725
7979
3488
5366
9704
595
545
1152
1549
1338
6362
1689
560
641
1479
1424
1821
2224
509
1053
2092
1817
2140
1521
1549
398
524
1766
454
393
1652
1216
2114
3042
2103
1962
1124
2007
2944
406
1599
965
1154
1186
608
982
1454
2415
1765
658
691
1535
217
773
1653
2011
818
1363
1352
606
594
604
776
3339
1401
7691
2537
712
2055
4979
504
827
3617
1027
2595
1684
6719
1763
2904
525
788
918
2150
1067
3468
678
995
1936
960
3938
1979
768
686
1856
1393
484
12396
702
792
1121
1449
694
2008
1030
6698
1400
990
3498
1551
2666
1990
1009
2146
478
1597
429
1663
2153
518
1585
2459
480
1180
2111
625
3131
3049
746
494
7102
11569
2418
1928
20986
1667
1431
3452
528
2197
1364
1653
2704
2488
686
2324
255
937
1191
1407
2345
974
1584
1655
1702
714
3891
10243
721
464
1580
674
1423
2002
605
2283
13262
2875
1754
393
8737
2363
469
7498
1598
2073
3495
730
460
3162
2399
1796
2451
604
3452
1755
1430
20691
1963
1076
517
2472
3155
1450
556
504
1336
812
368
3180
3003
2188
3268
645
644
1602
366
363
528
4524
2185
1062
3012
747
3679
413
550
1524
438
1488
1153
8418
882
2125
1649
1192
369
1536
10506
544
1582
505
1297
1092
1275
1384
853
5284
1591
4304
384
1224
3458
2948
792
612
1448
718
1743
738
2688
659
965
400
4056
3000
3564
399
1875
835
153
917
751
1024
951
1682
4110
4335
4848
1805
33876
2266
1243
1281
977
4036
747
1200
767
5689
4089
2717
759
1449
677
1648
4379
691
665
3272
283
641
40011
429
926
1261
20841
3942
434
2382
4004
7750
1039
2111
367
1586
1659
2991
1814
1324
208
1513
1534
500
1463
2208
1489
1236
10101
701
941
582
308
4139
990
1343
1443
657
1559
1131
948
1504
492
544
418
11391
652
8963
776
2038
780
4182
5501
2771
9834
5339
3559
738
944
2067
2443
3981
2094
999
3175
1479
4429
7861
1282
1476
2127
1528
1858
1065
446
4594
1075
2232
991
383
1408
3256
1528
1107
5094
9199
2279
1192
2755
1131
756
3671
3227
1926
4292
2199
720
745
850
575
3303
5254
6605
12621
5351
896
1869
581
2614
304
909
2635
1712
1545
2728
1928
2590
703
6164
852
1129
1280
1239
1102
3713
12191
550
2279
1653
433
4692
716
477
1401
242
872
855
7860
10061
4048
929
3884
696
6659
1822
2242
3080
1639
1086
1481
722
705
15413
5481
1257
451
2454
368
968
478
544
595
2715
1698
516
1606
1429
1092
4656
579
728
1412
2516
740
492
2826
1460
2200
4042
1882
5147
2449
391
1130
997
1824
1005
1439
968
1272
2774
1596
1835
1518
398
4803
481
4612
7561
2846
2750
1859
429
680
6990
417
4523
3122
968
186
3849
738
445
1243
1814
3452
7668
768
1748
1231
2515
513
631
773
1395
2168
2132
852
2697
544
2174
5726
2532
1083
4025
1693
1334
318
4273
1585
4106
2623
3408
569
562
3954
3402
2030
3697
364
2842
469
466
717
1850
934
4079
1803
859
1008
811
173
512
1453
648
1192
986
560
2814
1701
1981
1892
704
2391
203
3140
1087
2479
1504
354
3726
901
2042
10488
2099
7151
1878
1081
1428
2905
494
10029
2153
1114
1977
877
1208
605
1011
2598
534
1414
480
2179
2684
747
1708
1678
526
2121
3057
1266
919
5430
1408
1580
479
750
796
2489
2166
1574
2008
788
1422
2566
3403
2570
1195
475
474
14867
3193
1478
582
1863
914
141747
1079
2078
713
1043
2296
605
1779
3572
829
2821
2622
1982
550
3081
1233
699
464
2741
4206
601
729
1250
822
3082
955
408
2523
3317
1646
1769
1200
3666
2045
1810
1456
1464
442
592
1270
7265
3091
747
5727
1527
255
1378
1126
603
390
5092
626
836
392
1833
1322
373
1504
902
2000
794
1399
2138
1420
423
429
696
1259
822
655
2747
634
805
1843
2505
1284
768
289
1827
1684
1725
2317
3486
4652
7596
972
1685
2694
564
1237
2133
432
2437
573
6839
941
3196
479
423
5818
2548
535
7242
1950
2221
2205
624
4497
435
726
1897
366
267
579
927
1993
581
2212
1692
813
6731
1695
4074
4506
23168
521
472
2847
1873
929
2305
1103
888
476
631
1546
2058
1746
3416
1925
2674
5677
614
2731
1788
906
1268
2240
2427
12478
942
1077
5151
2614
1599
2286
1335
4229
463
3473
2668
2485
4305
5926
1680
2329
1895
2747
1410
281
824
395
704
1151
696
1230
767
948
1884
736
469
557
326
1313
2667
475
305
4280
721
1186
748
1647
2170
2299
8562
975
5518
965
2408
3918
260
485
770
946
17830
2015
1476
1115
1276
756
2741
640
4807
5113
2281
2315
11057
1037
2019
588
702
450
6766
682
759
2699
1979
332
942
919
595
773
1010
1487
958
1618
478
629
1610
719
9269
1334
1481
1306
384
30327
1226
3030
1086
1741
855
940
2044
1919
2343
1218
1279
1577
1745
5070
475
2126
2475
611
1397
624
2882
1515
1846
1015
1862
1477
725
1592
1758
964
1547
1813
375
319
1060
2410
2144
2375
4153
1275
1239
601
2121
407
3090
1391
317
4725
6838
1963
1209
243
2992
830
522
7288
648
705
1688
595
2264
2945
742
14390
519
952
877
604
293
1186
3013
2028
1110
2321
694
3611
633
2077
619
34835
797
3327
2940
1006
981
1356
532
2014
5307
778
2108
26051
785
822
4385
795
1149
29789
3690
968
261
712
871
795
1364
4595
2290
3058
1234
4787
878
2525
3338
950
3076
5177
2377
714
12058
976
520
1956
1790
538
290
1723
425
1336
1533
1274
3200
2658
296
525
3135
833
2115
3736
1208
1416
2583
1956
893
2040
2936
2245
607
1042
1114
321
1845
1736
1353
1409
6299
2421
528
2901
4505
965
6699
1430
872
2945
5108
565
888
2113
441
487
3177
1166
3245
1694
7651
1812
1376
433
636
7810
921
645
474
13026
1199
1091
777
1289
527
2604
2699
2845
3476
2070
502
1766
2602
464
693
972
872
3125
2346
1317
2293
5847
1106
933
1849
6802
367
1114
5869
2549
993
541
3056
622
159
1807
1862
513
3427
1512
1146
370
759
6868
2025
323
5675
862
952
1543
390
1085
1380
313
735
290
771
1272
1847
387
959
955
6217
1246
2247
4992
8544
929
4452
451
1416
1662
1024
1084
2134
375
2016
737
3580
984
2269
5336
1927
705
647
1449
3794
9184
3407
976
369
1798
2157
1870
3001
576
693
705
2116
1804
797
693
9705
761
1857
249
2000
1640
2492
8019
1502
504
1495
837
1575
763
1287
2500
1955
1823
483
1860
744
5479
276
1917
610
649
674
1766
943
804
1712
650
25923
663
592
804
1598
366
7400
4917
252
2076
1264
1088
1806
1203
751
1509
1354
1270
1384
236
807
355
1862
1753
672
565
6756
1357
3174
1454
447
2145
11589
6849
1677
1171
1710
1280
6265
1880
1619
1077
1577
768
1413
3630
5301
2612
1886
4388
1538
13179
31820
8485
1081
830
1061
6275
559
521
5681
1767
2071
809
492
443
798
2790
5249
289
1604
7740
1621
1115
710
465
1060
516
595
601
868
410
616
3119
754
1805
6200
271
2470
140
1215
2749
2025
2193
5111
1561
573
1528
516
599
2958
908
604
2124
1406
362
640
1046
1287
2501
2931
2797
11085
301
464
3262
5001
1012
4258
1680
2450
657
3622
1200
688
2483
2390
2980
597
543
6862
946
2379
5565
11851
2122
874
1539
1527
2237
1077
1732
1221
1639
1629
1662
641
1175
528
24370
1158
1427
2972
7609
4319
811
1582
1320
333
8626
2007
1770
1730
6903
2723
1756
8073
3455
2477
707
525
510
1342
374
999
777
1845
277
4445
2901
2022
1267
3102
666
1468
3055
2475
4044
561
4567
2426
2883
394
1027
4009
3095
593
4257
2511
1439
275
3641
679
4058
1880
1260
385
1939
3430
2297
1723
1033
3614
314
1330
1127
1510
726
1219
431
1482
2567
2797
3309
4597
381
1285
1531
1460
578
798
543
2809
2827
16382
1356
438
1340
1303
1750
1138
1242
1994
1690
2563
437
326
3261
531
456
1018
3173
1933
1678
18271
1298
1929
2713
12301
544
585
3406
1630
3253
1127
1411
2730
2151
630
1836
3367
639
1865
1257
787
838
382
2572
527
998
4571
2567
4150
1822
404
4504
2288
2641
393
776
3090
2721
1076
2608
2071
618
2101
2096
2492
503
1814
1319
6323
1533
1565
876
664
2234
1132
198
8018
2214
4038
1540
96134
5371
3839
14411
3766
467
1470
2777
1931
182
594
278
2610
994
2333
503
1102
181
934
207
6639
926
486
496
235
99
4196
467
167
626
444
5635
1800
3974
384
85
445
200
319
817
1416
445
445
1207
435
353
91
1002
459
549
1088
4294
720
1082
777
512
388
6586
4110
239
928
827
2590
144
1118
633
451
188
219
1782
1348
901
463
489
767
1867
74
843
648
1947
927
1726
346
1128
361
819
400
1523
630
199
1245
959
1232
3355
325
230
343
2385
457
116
725
186
901
1166
289
260
77
136
772
822
224
147
83
506
3471
311
340
286
122
3601
2488
135
175
694
114
538
538
1441
5175
580
246
1201
2917
9206
2863
829
549
2357
188
2251
1229
2167
435
561
1571
463
139
287
301
1205
797
1654
184
3143
970
968
268
983
2034
1610
331
432
996
3401
994
1158
3036
3188
357
256
7959
81
905
257
1781
194
1989
163
272
128
2961
136
2215
185
987
776
2717
2496
285
982
3283
96
894
496
596
739
1136
242
1155
600
2029
342
4956
1012
556
1555
150
736
2585
816
2990
1285
3851
255
1222
151
98
610
126
2022
867
1494
143
456
876
121
215
254
294
100
132
1619
606
710
1826
153
168
203
664
1918
275
115
491
2148
139
364
92
88
93
571
530
460
416
2631
2233
372
88
3680
127
1398
374
1694
1147
3377
346
564
2787
529
1881
3453
1123
4299
365
1816
4218
3001
105
742
1288
325
1242
130
2040
413
285
1372
975
457
357
6511
777
603
4986
1683
1898
747
428
273
166
4111
5967
1574
1404
364
826
807
627
271
346
664
813
428
253
1195
163
648
13369
191
346
946
174
1283
1030
318
3194
149
2320
288
102
737
198
1738
441
227
610
1769
441
897
329
302
622
127
861
100
1578
182
629
24815
267
744
471
392
448
96
660
2271
1375
649
1492
260
652
596
464
368
341
301
330
1525
345
226
344
1257
1825
476
194
141
1387
301
121
126
431
94
1544
605
268
866
651
1935
1127
269
453
343
1724
4125
3132
1785
689
1079
445
342
195
967
1283
1061
7545
245
800
262
1116
333
163
148
559
1012
112
1750
637
230
645
794
344
480
339
890
376
515
112
150
1679
8776
2070
317
2033
202
394
2580
201
5132
1816
1127
1074
338
257
586
1903
1741
475
1431
184
253
604
1243
144
130
1245
319
2604
340
114655
4305
103
4228
1583
742
198
810
1627
1953
275
159
1397
1204
387
247
2440
581
287
193
179
795
1440
299
879
716
551
2036
790
179
841
142
477
6734
530
918
256
417
1576
114
448
214
382
4864
174
289
3979
4079
316
1840
883
15507
617
165
4835
1520
329
1784
152
5820
713
1642
402
1279
1397
303
965
262
21488
252
399
430
843
705
1217
2086
2227
202
555
800
229
383
203
214
2196
315
208
223
271
374
577
1530
635
111
122
1291
158
1690
263
1055
188
533
86
83977
953
1167
92
1040
181
718
237
317
1177
418
2625
345
322
1179
469
838
146
241
190
265
118
953
145
338
1000
7948
1399
167
548
5266
1049
82
133
2548
218
1119
2565
859
1710
3900
432
287
292
95
148
432
8160
131
161
1040
552
156
1610
966
235
229
782
549
1060
238
996
2592
811
178
176
1062
438
1179
1416
420
1293
324
4569
282
2624
824
1663
2336
1628
481
1830
1432
166
291
5569
97
2872
779
692
526
94
100
379
391
567
255
238
950
441
222
368
1007
646
863
1747
398
402
505
4143
805
594
236
1117
266
1381
1766
296
763
294
1104
1894
118
7042
3476
472
1931
545
60
125
1742
687
760
1557
611
326
547
223
2407
221
1482
831
252
2857
1971
249
296
421
223
974
922
487
429
1584
352
1397
56
72
1168
2932
2665
395
1043
1162
1242
178
263
678
317
491
420
295
79
378
68
602
1987
252
737
362
1256
1956
151
459
5638
697
2991
136
6560
481
1110
387
3750
95
222
258
203
812
211
2588
446
1009
604
11114
106
709
1343
1065
253
602
733
302
1218
301
207
81
320
111
114
556
1998
138
1653
1106
85
616
306
422
7767
1930
957
207
135
987
723
4060
194
1231
241
217
251
1350
158
221
357
3347
864
1210
348
943
359
222
5014
137
3477
243
295
219
228
443
146
1428
3556
765
358
75
1902
1791
1396
2627
2661
1062
460
743
792
1121
194
2458
14189
3804
934
1141
495
256
328
1377
912
143
2689
573
2016
484
161
379
985
996
1251
86
934
11521
292
2507
327
203
1239
490
55
3526
327
627
111
127
157
397
2002
4120
1512
115
12362
2388
290
201
1562
643
1149
1217
134
182
431
810
285
2143
556
105
305
512
317
120
2814
1952
1380
1693
807
558
361
253
1578
703
580
320
590
323
2662
401
124
73
676
275
1135
1606
176
974
8881
1016
2695
528
821
135
2517
1350
86
105
514
251
131
179
781
1326
154
257
409
96
1931
979
435
1267
328
1335
726
6730
353
1258
361
524
188
217
448
128
2647
308
2547
261
1767
994
3886
2583
965
111
2815
1314
818
5704
2776
1157
9152
106
1069
510
978
551
512
111
985
486
284
154
615
504
1896
886
549
1935
446
431
176
1261
3478
944
10863
57
2400
265
116
1288
231
351
675
616
1072
352
1361
161
374
5908
1549
169
616
1131
4919
6876
2771
1408
210
99
592
9727
1599
489
1678
849
491
465
3220
74
166
1600
312
609
529
1046
2802
1272
223
5042
1072
116
201
573
296
414
162
153
18172
188
185
260
470
422
451
173
703
443
2718
149
184
125
2990
83
255
608
472
1456
124
536
421
240
1188
1257
571
309
940
140
206
3614
295
340
257
299
2711
2995
417
3305
1497
423
328
834
206
605
356
2442
560
374
745
624
676
94
2788
410
589
1561
939
2421
160
681
157
1443
160
41
253
190
488
197
415
348
75
1194
1485
2492
2749
417
2827
1402
1721
2216
147
51195
1212
1473
950
1373
623
215
356
880
1028
100
389
132
232
435
2807
221
907
154
1848
82
815
130
1150
258
697
138
1869
5312
254
315
220
177
82
1135
2079
1568
761
2572
514
472
2848
843
224
3523
1839
240
1448
377
331
322
549
163
15136
270
2350
276
94
567
1115
1308
1017
722
1341
886
954
254
1861
3832
671
564
2277
111
167
3320
440
1189
1029
7302
257
313
642
1175
167
2438
420
153
312
191
296
1621
1671
611
821
1148
1254
319
1833
2170
1953
536
94
830
215
191
1125
1701
944
1634
740
115
255
1645
404
1934
483
259
373
487
211
471
5080
204
218
122
10683
772
439
503
230
805
1399
424
216
461
350
560
653
217
306
478
226
344
997
248
272
143
2330
3262
6954
724
210
748
366
221
1474
36
1972
1353
1144
198
288
1749
1278
158
96
5652
537
1926
668
272
1677
274
878
94
2227
4653
2692
446
1145
269
278
290
9663
669
1032
682
5291
1263
336
127
328
1838
534
206
278
586
1223
10988
684
62
812
1488
709
195
373
1097
819
96
133
136
836
502
606
873
261
4297
105
169
873
116
3639
24
1498
401
809
56
140
710
1501
163
14481
570
147
11049
1618
254
138
750
481
359
689
363
1202
4109
395
348
234
95
2185
361
338
155
1451
1733
193
794
122
144
443
345
1058
2011
127
1822
3274
308
262
274
320
56
134
709
210
515
332
509
4411
4084
909
244
2703
1096
292
6539
1929
89
1654
257
3457
1226
197
427
338
124
1148
511
1631
722
1179
292
130
520
991
856
225
470
319
420
8644
198
508
340
254
365
584
2023
628
13602
169
583
820
502
119
813
196
155
9635
433
172
269
5470
7066
495
259
4336
4850
179
1576
1915
196
196
677
1027
782
808
2864
1326
2801
1041
168
241
946
144
1247
900
2028
232
266
170
220
130
290
3541
1085
586
961
4104
1172
396
775
1080
804
268
383
924
3922
75
117
3033
520
1186
4640
477
171
859
541
258
962
155
99
136
289
131
854
540
175
103
508
1251
651
70
98
1237
460
3199
745
737
378
258
593
324
1025
222
1227
82
553
3264
1240
254
932
305
1811
146
2583
180
232
251
1217
371
455
170
456
4137
559
2367
291
2082
181
284
1549
251
860
100
1760
630
357
515
610
1015
2028
658
2493
610
548
1409
206
231
112
395
1154
707
379
659
413
601
4842
670
368
3168
580
1883
252
447
2345
1053
486
14439
246
1424
1738
434
165
342
1832
1612
452
600
942
99
1841
1389
564
321
440
2376
2626
3380
213
6335
435
3647
489
333
244
296
1151
546
251
310
544
1654
261
863
1735
3542
1470
3520
1932
244
457
637
324
4638
717
361
2354
693
824
607
328
614
343
87
212
147
317
643
304
1685
442
1278
85
176
1605
205
299
463
3889
198
2298
1779
563
607
580
418
158
328
5860
256
3793
331
433
204
5359
32945
170
612
161
940
160
155
2097
6802
388
85
351
216
1320
1141
118
617
187
108
555
135
3387
9019
405
1170
3344
2865
260
386
646
1402
772
5545
6195
758
798
640
1663
1641
1941
115
845
860
1666
291
92
1442
1361
4942
3061
190
761
1180
232
457
179
160
915
2072
304
1180
400
130
1713
1112
1287
8281
1250
748
2422
579
841
911
648
289
670
68
1150
296
1317
1385
1350
2333
354
210
745
1380
2488
206
232
3163
366
340
134
2300
178
2647
110
1781
283
971
557
733
412
15478
473
106
1049
1140
246
989
335
807
894
509
517
221
354
564
777
799
247
805
1091
320
766
1126
643
467
322
333
123
609
1261
803
423
266
240
984
130
2230
126
1450
208
210
1020
1109
490
266
410
715
1057
120
233
262
218
2457
420
309
165
383
839
1216
685
810
928
480
794
587
290
1869
1431
454
323
655
159
511
2653
253
232
3892
515
332
432
2951
146
285
260
4388
105
771
140
171
461
1360
380
848
134
277
1293
1417
158
624
2431
243
2240
819
254
1328
109
197
443
107
717
116
606
103
80
873
77
78
494
5978
394
470
111
317
1047
257
529
260
462
12918
240
233
724
209
153
2153
434
538
2346
613
248
484
541
2599
134
479
1617
903
79
214
910
897
2095
2727
644
1385
2739
414
328
1012
726
2412
410
66
341
217
727
488
141
97
816
326
194
991
301
817
640
897
198
1655
128
250
459
1157
545
554
1299
4055
130
212
1075
453
1185
566
197
1779
983
2062
413
1323
978
196
689
1801
796
164
100
5269
850
243
1105
365
480
1146
599
108
847
419
612
2474
296
747
47
2183
403
232
368
386
330
314
1667
265
910
467
8868
180
988
197
231
535
1163
3630
1371
1017
413
423
349
692
584
1552
3419
3211
253
30
1812
57
724
144
681
12204
1056
394
50
429
41
104
191
313
27
24
287
139
53
178
109
2534
383
371
58
55
75
51
14
21354
234
173
117
498
161
268
16137
118
1392
938
1503
246
282
274
1183
1060
103
168
22
1349
108
46
1015
58
50
156
119
93
1452
125
5811
612
31
709
36
404
194
265
195
12
7261
83
101
140
215
245
111
62
99
285
5008
108
100
64
1069
4988
371
1342
24
25
145
168
100
199
997
219
215
297
95
1806
19
115
890
148
101
5635
124
367
2397
51
93
90
1809
1709
35
41
555
77
4109
157
307
10
1285
163
197
161
807
1059
315
115
1842
232
68
165
854
103
104
187
41
2099
6881
428
117
79
2269
1900
88
432
708
56
65
470
1996
36
2592
498
468
92
16
76
168
113
686
169
296
1070
162
88
65
21
724
523
157
67
101
1459
41
80
75
1994
314
396
247
353
1305
731
139
122
77
132
1564
213
186
506
116
32
45
459
1541
141
264
438
143
373
669
437
1284
193
7041
468
546
50
102
26
57
802
2145
85
791
70
108
44
128
197
18
526
307
1294
10160
100
558
41
163
6780
283
553
1087
260
173
16
1509
17
202
245
90
32
55
55
430
294
449
2184
81
363
965
97
738
537
1208
122
97
189
436
43
86
121
134
208
2685
118
57
677
37
29
7020
1033
89
62
177
25
226
11
207
126
47
3644
1158
233
77
811
1598
130
56
884
653
451
196
85
48
91
1193
36
1130
120
135
78
168
794
190
603
292
131
150
71
111
1766
175
208
39
38
178
331
2510
1179
1582
2135
55
52
42
168
475
156
1760
267
53
351
122
249
961
70
77
641
200
82
104
672
772
265
29
72
76
117
51
105
36
20
68
86
308
98
595
1491
25
650
197
1563
22
274
205
296
39
69
597
1619
481
183
1258
327
462
66
103
1224
290
236
1896
45
52
266
100
84
394
313
57
3839
171
471
431
297
94
116
1182
105
415
472
663
132
814
399
110
2670
36
66
21
103
1848
71
873
255
835
140
41
150
63
175
666
204
715
246
260
1186
209
194
114
164
32
27
211
840
252
1359
214
188
449
138
138
400
142
72
67
24
3544
527
414
1033
393
76
4718
32
5719
84
126202
906
3466
102
159
84
141
125
135
504
92
109
868
969
351
146
47
557
82
36
168
305
30
122
197
246
85
302
53
118
128
246
466
2795
129
83
294
95
1401
8
3789
1040
51
1694
57
26
16
158
8
922
143
2973
2180
96
1051
21
264
256
35
40
259
456
913
127
484
2073
98
57
1667
256
3466
70
63
27
55
181
612
25
31
81
230
2580
134
538
158
185
180
319
91
82
114
560
543
122
115
17
63
260
123
874
396
165
55
1088
46
228
109
1689
268
60
178
643
232
425
162
213
920
77
1658
683
27
97
14
358
220
94
81
70
175
202
31
22
373
178
151
393
1166
284
891
34
89
97
10479
251
209
1256
201
73
909
37
23
787
37
225
112
96
125
175
339
139
924
253
761
222
212
129
84
462
61
113
783
239
61
202
904
1260
7
106
88
407
73
198
98
3637
150
134
32
347
176
166
63
159
118
84
381
50
85
202
111
85
756
165
35
45
170
116
458
31
89
899
925
41
97
688
2185
1784
223
2089
320
1203
277
1146
17
713
114
56
66
234
190
205
227
236
181
2415
3998
106
638
62
1018
195
1120
36
412
85
115
87
86
126
113
2194
180
1314
264
77
246
60
821
495
81
284
116
24
46
680
646
151
47
765
33
31
117
69
69
57
112
118
1000
456
247
125
192
551
17
332
1580
170
288
67
101
248
37
185
428
918
112
851
246
98
117
3936
200
322
475
377
72
108
228
101
1004
921
119
85
160
132
88
69
80
80
133
237
64
39
131
112
26
55
118
97
166
120
34
462
3421
155
342
82
4568
240
127
812
136
1205
111
152
92
352
1131
463
992
117
174
50
3193
274
886
81
100
62
62
70
127
707
1485
429
399
777
60
24
55
274
207
913
232
126
162
151
288
171
94
372
107
382
360
1008
26
359
725
547
50
1449
906
76
424
1391
288
25
474
11
1171
265
186
229
93
41
204
55
309
77
5163
157
245
57
26
286
230
45
140
160
1169
82
669
1037
64
1044
246
373
1106
193
2927
509
1053
54
70
101
294
353
98
42
14
29
32
166
119
46
1547
205
207
58
75
45
178
516
545
24
125
2491
78
140
445
1104
490
21
214
667
217
1319
85
952
879
197
871
333
552
61
6
383
955
1587
967
64
733
351
13
128
404
63
248
19
2881
925
86
303
189
146
408
144
91
45
1441
514
1345
210
59
256
346
54
90
225
28
6422
117
3467
155
233
264
561
55
26
142
738
2855
82
39
507
127
83
7838
134
215
146
35
370
206
445
60
189
212
33
8469
127
203
33
12637
254
268
30
3165
106
262
1519
168
604
1684
336
5402
944
143
137
1553
105
580
63
122
51
829
32
121
160
493
87
124
218
890
571
36
66
181
148
212
59
489
365
900
166
74
17175
343
410
459
818
85
5313
156
180
57
199
181
80
723
2718
547
1106
62
70
119
233
5285
38
1573
77
65
41
52
2073
1186
89
91
224
392
1186
38312
2978
158
87
205
48
464
19
67
598
168
354
257
1033
29265
273
689
35
768
45
1376
204
280
1432
35
237
308
1024
708
101
129
1053
100
473
1694
3903
146
488
153
63
1441
337
2381
239
31
214
98
2329
160
802
793
44
860
204
109
1298
1946
121
2378
101
188
875
141
1755
44
46
164
198
37
478
1364
147
230
240
275
888
203
1144
116
168
32
224
130
771
79
46
19
71
107
594
156
2363
693
102
164
453
206
476
34
29
40
100
89
2675
328
82
85
541
594
96
92
129
467
122
19
100
244
313
9
28
182
212
99
109
109
397
1163
285
30
211
447
30
50
301
138
131
267
181
203
78
59
1290
142
145
65
72
219
182
92
239
321
1370
407
3277
2677
770
642
349
108
91
570
311
55
234
332
670
129
1739
817
30
1126
490
1552
101
1642
1090
547
77
451
123
1131
348
331
66
52
697
58
182
65
138
141
4314
22
231
1614
407
96
65
99
171
62
374
124
308
1933
2026
130
351
1522
757
46
221
283
381
176
421
125
762
55
30
696
90
118
95
656
118
204
589
46
287
167
1142
542
38
223
415
3516
63
193
9042
86
59
59
213
269
36
649
294
7261
2275
4596
416
120
381
322
75
827
412
476
162
1869
172
37
55
364
22
108
67
407
132
56
743
242
86
9
202
11
84
74
27
2418
92
97
572
40
230
1641
610
962
46
87
1636
93
230
2070
53
1038
1196
260
126
166
146
3628
277
473
53
54
164
115
228
611
566
239
305
68
256
32
100
829
250
179
118
351
79
499
233
97
108
61
29
145
788
34
832
240
100
336
43
542
110
325
162
63
151
1440
366
284
1410
284
120
143
33
151
147
901
170
1445
1907
33
725
1268
51
63
227
565
1097
283
136
65
237
284
944
223
60
161
65
346
87
237
435
87
7292
2437
1039
50
595
554
343
201
82
166
76
1075
1134
173
39
392
2573
65
37
112
300
1799
545
1175
15
90
59
191
63
807
137
1554
210
192
2033
924
126
174
408
68
89
104
21
966
88
81
96
11
37
176
120
84
1115
15
895
42
177
87
85
61
224
21
134
48
124
271
165
18
112
1833
649
48
94
155
77
269
135
121
99
142
189
88
39
476
104
125
146
98
1079
335
104
44
224
318
47
549
164
14
55
5
230
106
176
288
29
263
42
169
757
3095
1179
1046
596
77
123
172
171
81
120
1279
108
1086
189
404
15248
225
1635
15849
163
33
317
810
1447
39
7212
138
1742
168
986
1315
59
954
59
47
227
25422
54
457
33
305
403
198
118
486
130
64
1401
159
1490
222
816
1514
211
302
77
302
52
412
24
506
143
71
1065
293
155
99
165
151
251
1352
29
547
177
57
940
430
76
42
147
455
1138
470
48
4536
49
165
402
37
942
327
21
697
1372
119
618
201
114
40
148
523
220
2001
336
2024
135
1367
78
175
259
197
368
391
37
342
282
442
723
34
80
101
73
275
568
141
214
193
102
132
1407
115
117
51
135
158
578
116
153
1861
376
124
619
180
128
110
54
87
1023
104
176
3433
200
826
396
42
329
544
242
297
213
118
75
168
101
74
181
53
828
30
53
77
155
37
117
56
47
1071
148
1743
913
452
962
126
261
269
336
263
198
260
606
655
105
53
392
653
112
187
444
267
401
336
217
17
119
109
53
156
293
49
275
2646
423
98
208
1084
48
319
837
210
85
561
54
151
799
50
121
431
83
233
226
47
17
135
367
246
252
61
337
691
198
2360
482
265
282
1585
350
54
20
225
2425
163
32
338
90
367
152
117
29
759
48
611
223
29
1436
72
89
311
103
885
299
240
164
203
161
153
119
684
70
187
151
177
38
58
2329
202
1515
1454
105
305
75
112
44
283
22
984
862
79
44
60
1513
67
610
561
6344
75
851
352
108
200
676
128
498
48
1033
152
209
496
103
50
267
525
351
683
87
26
18
227
99
863
116
1690
4470
651
3547
70
427
596
427
514
162
4062
766
38
686
503
6301
152
57
103
336
806
67
1442
69
335
100
123
201
216
66
39
240
62
99
1170
501
239
50
38
31
90
160
118
324
126
819
858
328
108
324
38
68
129
2421
66
269
122
102
325
71
5035
130
265
317
207
59
1747
19
69
40
79
70
500
131
266
516
187
63
66
87
2378
237
26
147
75
884
25
331
134
145
295
18
57
238
48
96
19
294
45
1607
17
78
35
2395
116
727
312
53
20
517
238
584
141
48
73
235
292
1325
16
1036
1716
469
1562
33
409
248
42
1760
702
431
171
1501
20
248
54
2060
3218
65
189
705
394
204
65
7756
781
1565
205
16
56
140
100
13
326
28
374
22
174
100
17
22
23
88
344
445
38
14
164
3
4537
4
180
29
52
15
815
20
149
406
102
20
94
72
12
102
26
282
38
945
11
14
144
128
235
20
19
5663
313
57
515
67
14
39135
86
6
1028
39
28
42
104
10
234
34
66
3
14
43
9
435
20
17
40
10
8
83
13
26
789
21
186
39
20
8
69
295
20
93
17
3314
117
13
24
154
5
26
216
1684
132
103
7
1573
784
5
93
19
38
553
41
9
22
79
193
16
55
41
31
56
38
26
20
53
114
58
110
842
138
511
27
17
147
14
77
11
11
267
46
80
60
65
31
12
19
102
368
27
194
16
731
45
4256
27
9
4
2054
184
68
54
30
89
49
23
8
19
242
1258
38
716
91
4
87
35
69
272
6
347
38
12
233
106
9
43
15
88
69
26
68
34
42
103
93
611
298
27
1002
87
27
14
52
65
1013
123
11
477
82
140
37
4
77
30
43
973
19
144
10
14
9
694
42
1223
28
10
102
1763
83
28
51
56
352
73
29
483
55
197
127
451
106
21
17
13
54
119
7
698
124
41
66
1103
9
23
46
12
28
131
19
15
11
27
7
256
24
23
9
27
101
6
83
38
67
418
42
1648
191
11
101
120
23
28
7
27
70
68
24
158
38
280
15
56
174
101
62
9
79
194
119
147
3
146
28
6
45
82
23
6
818
29
18
176
35
34
319
69
499
38
36
322
31
126
45
56
78
126
34
130
47
195
487
23
266
32
149
719
838
84
78
60
6
108
19
733
85
28
23
63
81
27
37
60
192
120
11
451
34
12
1901
28
52
38
115
44
15
44
10
60
228
164
161
65
41
38
121
47
41
132
998
267
9
162
240
26
54
61
16
319
30
41
352
336
20
360
68
967
22
49
661
200
1525
10
40
89
29
93
1480
72
635
743
86
38
25
448
48
24
2807
857
17
50
148
6
38
395
145
22
32
228
5
12
165
33
11
1838
188
13
32
13
93
66
29
9
114
9
10
183
7
35
17
33
141
204
239
33
26
241
5
19
1097
4
45
73
4
36
55
23
47
11
17
1671
34
112
152
24
2
49
5
60
16
8
53
19
93
33
38
17
715
2900
19
26
395
708
660
37
162
78
601
72
28
68
36
52
138
2
56
17
27
57
44
191
7689
28
7
40
44
7
29
26
1374
2129
46
839
318
15
121
69
1377
14
546
138
1004
107
53
15
106
82
14
125
14
179
212
116
46
14
1740
57
82
49
117
6
1037
113
38
197
11
44
282
28
108
9
10
66
142
62
14
8
421
284
11
119
26
144
7
19
77
48
52
26
163
16
11
86
176
312
5
46
191
82
65
3
21
81
96
14
17
9
17
50
25
19
35
13
316
105
44
51
126
159
22
10
580
170
20
237
11
39
62
116
72
30
146
130
34257
1043
40
8
750
17
1417
56
34
7
10
1137
366
37
34
22
51
2099
873
28
2287
149
143
143
38
26
91
12
373
29
76
43
127
500
185
104
70
124
18
742
10
6
110
144
84
123
53
43
110
71
99
77
192
133
28
3486
207
604
12
33
194
19
61
19
78
33
179
46
245
110
576
27
19
68
22
60
23
71
31
142
959
0
2636
49
22
15
10
421
39
578
821
178
207
134
17
17
24
27
28
29
37
8
2
3337
32
9
73
78
35
55
2218
48
96
252
2854
65
5
1025
250
2014
61
155
24
91
11
45
133
77
59
279
17
16
517
46
45
417
856
21
216
48
60
1000
257
39
41
24
44
31
129
53
16
57
10
86
194
26
52
32
65
273
903
440
97
141
29
21
879
28
51
35
6
16
141
159
6
399
103
271
35
386
27
4
273
29
19
1043
140
133
50
9
16
232
30
31
19
154
475
871
19
104
70
199
15
33
59
971
35
14
28
1494
726
32
36
6
247
14032
235
25
57
769
14
216
434
24
163
40
10
137
790
3439
972
120
5
30
45
127
22
49
54
42
182
21
209
41
92
166
30
2924
25
12
73
54
48
20
53
1289
49
69
15
59
86
26
874
11
110
1193
505
1394
374
257
13
36
9
28
833
182
327
61
34
359
34
79
929
77
41
773
104
96
3
35
73
79
33
156
20
320
412
86
156
534
5
19
9
401
65
5864
229
61
7
15
22
111
10
18
31
803
245
45
15
3
825
24
380
97
23
188
603
45
31
71
113
6
94
27
28
3
93
205
13
39
91
1165
66
66
17
51
48
1
66
29
61
254
739
71
1267
415
87
19
657
62
56
67
182
12
418
46
36
3
1152
486
58
13
24
740
34
8
22
63
85
109
8
80
30
10
234
60
173
16
82
107
16
5733
859
14
107
53
61
16
54
151
1490
66
87
752
37
30
46
171
35
1949
57
90
17
6
13
16
385
161
54
171
851
3901
83
19
20
23
14
61
1350
29
111
83
72
154
13
71
259
28
144
152
74
189
45
282
39
18
5
705
16
242
131
167
12
6
635
33
29
30
31
160
43
96
124
281
32
229
509
74
62
106
101
66
30
16
13
7
65
67
380
16
22
9
153
34
469
11
24
26
18
233
37
97
323
1389
46
432
168
6
118
221
7
143
54
62
20
496
322
6
9
9
15
10
64
64
108
217
27
197
37
226
13
222
38
3780
45
22
75
10
33
91
27
16
757
2604
42
15
191
7
41
68
1327
24
4026
130
12
16
24
1786
252
27
65
42
65
101
71
114
220
79
2
61
23
60
279
54
27
51
273
33
117
41
43
1549
1263
387
50
26
121
866
17
344
401
157
38
94
9
24
161
21
1514
528
7710
28
18
9
38
33
62
16
473
548
132
8
99
64
1174
97
51
38
225
177
24
19
47
39
58
20
60
100
35
7
12
92
66
89
45
2
33
494
164
24
869
1060
46
37
945
310
384
56
12
46
18
235
242
171
223
609
7
30
14
28
13
28
8
129
224
151
35
15
183
107
36
22
28
31
13
5
2320
339
90
736
14
31
4
39
54
4
477
32
31
171
150
80
1117
7
70
48
27
56
40
434
210
16
49
1529
176
3
23
66
117
37
34
227
41
58
4525
73
83
72
95
12
4276
15
214
74
2
92
36
9
80
56
50
56
102
81
6
350
282
12
12
3
7142
32
69
303
37
264
216
193
231
10
5
81
12593
11
221
14
40
99
236
199
29
78
107
1118
1343
42
27
66
97
31
549
53
13
475
38
168
23
3
3076
95
496
35
34
1066
612
37
19
71
753
57
62
259
657
27
13
30
6
15
23
41
5
46
30
12
199
54
330
19
442
827
4
24
68
8
38
14
274
328
84
12
158
284
113
45
63
372
107
753
6
7
324
13
17
225
27
161
70
504
54
41
20
115
4
88
46
4
65
558
279
10
121
287
417
101
97
12
666
56
78
40
157
5
63
6
39
169
19
4
25
9
69
28
574
1270
90
83
20
18
125
149
28
24
82
25
1284
700
11
104
61
33
39
1271
2
50
29
208
169
220
8
22
21
6
938
59
104
20
82
33
20
20
833
54
3855
60
27
23
250
11
5
6
28
17
205
54
13
536
77
10
37
51
32
67
848
4
24
25
25
105
135
177
2
98
48
33
101
157
99
9
67
30
960
129
50
4
177
18
63
154
52
27
490
70
49
23
21
7
24
18
8
10
61
74
30
7
1134
34
88
200
612
36
561
48
177
22
12
18
147
16
608
360
61
10
68
60
49
362
17
60
48
8
26
2720
49
15
98
56
178
254
1148
12
19
90
14
69
208
8925
2002
26
36
230
9
67
736
59
93
75
10
520
56
22
27
24
32
13
34
60
70
759
2
35
106
154
48
85
10173
84
19
27
630
83
28
69
25
10
9
220
43
303
90
78
37
89
25
89
324
22
310
53
73
38
175
596
124
115
71
76
32
72
6
23
7
14
29
258
63
757
141
19
11
4198
33
162
145
14
406
113
12
127
649
89
34
209
19
6
38
14
330
32
309
67
22
95
69
15
1484
68
214
570
26
38
488
4003
32
194
30
6
108
60
23
35
8
14
159
6
55
106
84
57774
241
22
67
17
30
25
72
41
7
348
98
87
216
205
554
127
2669
1078
121
516
14
210
11
116
110
109
17
173
35
32
69
31
85
6
557
33
52
3360
4
52
118
64
132
6
7
4
60
462
130
205
21
102
32
52
7
1384
20
51
33
11
67
995
180
85
34
25
45
19
68
110
135
116
31
16
67
37
21
75
20
21
44
16
90
73
27
3057
432
53
29
438
4
372
54
45
35
166
14
528
8
36
3
18
10
59
8
11
8
26
5361
6
18
10
883
29
40
354
258
32
607
60
113
43
154
20
13
11
12
61
97
222
34
42
64
45
226
60
85
101
389
42
35
48
175
15
454
3
57
1801
15
24
239
178
2043
40
217
32
147
49
1541
36
23
8
5
318
938
24
937
10
72
65
135
1162
43
982
706
12
173
25
122
38
180
279
9
35
38
5
97
1185
170
1158
18
154
115
427
188
37
15
169
59
1096
156
5
105
79
24
12
317
59
21
677
17
44
14
1232
47
13
62
21
787
32
612
83
115
165
1626
41
19
3
51
66
57
414
44
11
1342
63
147
52
55
305
198
3417
332
90
115
207
10
605
4633
5
58
120
23
43
47
51
173
9
7
11
61
743
30
20
22
14
30
3
9
336
2669
11
3
8
61
30
123
18
311
47
427
26
164
818
229
93
31
263
75
103
50
19
21
34
249
52
51
57
47
28
60
6
2
1
9
1275
1
132
30
6
2
15
97
32
1
3
1
38
12
14
7
24
50
619
7
1
2
2253
595
25
17
7
570
9
10
11
1
0
9
17
36
650
13
4
6
11
10
78
172
23
15
14
45
0
621
104
8
17
12
55
4
5
1
1
25
6
56
1
59
32
167
9
68
2
5
0
2
1
11
7
284
2
64
39
3
51
1574
9
8
926
77
50
223
6
1
36
5
96
11
22
15
5
276
1
392
52
2
23
1
2
2
175
2
34
56
17
133
23
92
22
14
2924
22
4691
532
14
31
10
12
37
29
59
2
40
5
20
1528
81
2
7
89
116
0
3
87
9
15
117
12
150
0
7
80
6
17
130
15
60
10
158
0
20
3
15
3123
2
64
21
22
17
56
10
10
11
47
11
40
16
68
4
6
10
45
0
1
27
141
28
24
8
91
4
44
7
80
30
23
19
5
1342
1
9
5
82
4
65
7
14
8
5
126
57
7
10
2
26
1151
6
79
69
15
29
182
3
386
497
8
89
32
9
1
132
15
49
823
43
1
87
54
7069
19
6
38
1
811
154
97
2
8
490
0
289
11
841
25
72
13
90
3
524
0
7
10
455
282
16
83
11
15
91
13
9
5
12
0
2
5
39
5
1
0
5804
317
17
9
22
55
44
22
1
2
1
259
129
139
30
1
30
14
101
2
0
37
58
72
289
9
6
3
1
1
49
3486
12
3
3
48
75
47
3
13
6
2
17
19
5
29
33
89
8
4
6
614
312
12
77
16
2
6
26
47
10
215
4
2
12
47
13
64
0
18
35
0
13
114
212
64
21
37
3
219
78
0
3
25
96
6
16
40
9
20
2
20
5
39
20
59
71
41
25
428
13
32
29
870
26
26
32
12
28
1
204
144
28
9
47
4054
48
3
22
33
2084
16
11
29
155
3568
22
66
16
54
46
19
5
8
3
36
16
276
557
6
47
77
19
6
1
179
10
10
23
2
17
60
57
16
1
0
79
7
16
61
13
13
17
66
191
53
157
19
38
138
63
32
21
15
136
7
3
29
320
262
386
332
22
147
7
23
33
433
4
73
12
164
13
680
131
1
159
45
265
7
34
20
8
3
3
25
6
72
2
3
1686
875
26
49
7
3128
380
110
78
901
14
0
31
18
15
12
15
3
386
5
0
3
32
907
11
20
2
62
28
5
10
15
244
3
71
15
11
2
3
145
0
60
67
228
1
0
8187
33
8
10
97
10
5
26
281
24
5
20
1
1
17
5
8
1
6
6
317
33
145
1
47
46
12
22
22
10
12
5
3
23
7
49
3
25
8
1
6
150
22
37
32
16
9
23
35
14
56
34
223
148
4
66
118
112
0
13
5
6
8
10
6
330
0
2
350
237
3
7
8
31
70
432
53
7
4
31
32
4
164
23
28
13
15
5
279
5
5
384
16
14
11
34
36
0
12
15
37
0
12
37
115
7
29
6
4
70
5647
13
20
59
81
6
19
7
7
8
40
440
2
22
3380
2
1
72
17
310
4
14
10
11
6
23
15
4
2
7
35
62
16
1
3
3
203
439
15
3
9
7
31
3
13
16
1
2
20
28
1670
18
10
4
4
60
34
2
0
508
24
60
9
10
2
0
87
11
23
277
171
47
5
31
7
3
39
9
886
1247
18
38
1
358
44
40
69
1
8
18056
8
87
19
625
0
225
16
38
38
3
5
1
22
84
3
2
933
773
117
6
74
8
134
16
10
18
7
59
187
3
2
10
19
8
7
4
19
3
4
55
26
1
82
7
8
9
1
7
1
1
27
80
53
125
4
552
11
544
309
0
10
12
8
2277
16
80
564
0
18
39
117
3
23
8
11
21
7
75
6
4500
9
4
7
34
6
7
81
380
197
2
35
0
139
2
11
230
1
3
0
12
217
13
110
21
49
1
5
1
3
65
51
2
30
33
1
194
8
22
74
1
4
5
60
3
18
27
194
3
60
3
87
861
17
179
6
1
752
28
2
134
69
1
9
6
52
110
18
208
11
21
1154
4
23
85
12
236
16
857
72
0
10
23
9
82
13
19
451
34
39
2
22
5
4
28
42
38
6
1
75
9
12
4
157
1
4
357
27
16
1
10
170
370
18
89
5289
20
1812
23
14
1189
16
115
434
276
39
148
1
2059
1
15
10
115
3
5
5
20
478
32
6
34
4
3
2
1
5
289
26
8
50
50
1344
122
0
19
63
339
64
42
3
1
2
178
2
10
1037
92
3
244
14
1
8
1
12
36
3
632
4
78
33
11
3
0
42
5
0
3
11
12
24
13
119
6
7
19
26
79
25
31
13
18
46
2
5
469
10
92
13
22
3
5
23
3619
9
17
15
3
1
14
471
67
23
39
4
13
80
16
26
3
32
4
32
2447
67
1
11
75
10
6
229
16
64
304
44
5
52
71
0
11
29
36
19
6
79
22
14
6
43
82
19
20
100
298
1154
6
82
11
14
3
401
135
2
1
16
8
2
10
1065
64
1
105
3
46
5
82
14
26
6
8
91
10
187
24
17
10
337
60
15
32
36
11
1
24387
4
11
1
258
95
10
7
97
1
39
30
66
54
38
68
9
11
6
27
51
5
1
47
456
598
9
2
20
206
1667
25
93
3
200
2
41
11
24
50
5
10
366
30
6
205
1867
14
7
26
572
10
1
68
128
58
110
60
2
1
22
17
1
63
796
12
5
10
143
8
99
6
0
2
7
191
7
10
138
20
1
2186
843
16
1
691
3
2
11
39
8
3
3
0
18
3511
0
26
52
109
11
37
583
70
61
33
28
11
1
30
8
14
32
35
2
6
4
7
24
1
82
43
6
134
21
8
7
60
25
25
303
145
2
5
1
5
111
40
74
3
8
11
5
1008
579
126
2
16
88
3
5
7
5
98
18
1
7
64
4
12
137
9
84
6
12
9
7
12
1
24
2
35
51
21
86
11
10
2
8
5
43
30
21
16
11
13
21
81
27
1016
39
4
16
531
86
11
15
93
13
96
22
11
17
108
3
897
2
18
175
7
45
14
558
1
1745
26
0
176
9
11
69
2670
51
45
74
44
52
3
15990
102
17
170
12
22
987
124
14
29
76
25
47
70
10
68
0
12
8
4
412
25
5
91
1
21
14
3
6
30
34
20
44
3
7
6
26
1
19
894
5
26
11
13
165
28
10
9
1
1
2
90
7
48
3
4
107
18
97
8
13
79
4
668
7
18
51
48
8
3
17
7
44
1
2
21
23
539
422
1
68
4
13
10
37
420
8
1
101
5
4
65
48
15
150
11
37
0
23
5
21
4
464
3
5
6
36
45
41
43
7
9
156
8
773
104
46
4
946
7
11
14
8
34
7
541
199
20
11
7
8
9
32
19
20
31
2
22
7
76
272
9
21
18
13
2
85
15
30
27
28
109
648
2
64
68
7
42
38
2
34
4
6
57
15
35
92
2
51
9
198
19
2
12
51
1
14
332
4
501
3
55
6
5
42
2
3
20
149
115
0
1
18
10
0
26
146
333
2
33
9
6
12
689
7
1
4
14
8
33
2
15
0
1
28
35
2
16
11
66
84
0
65
6
19
7
29
2
41
37
6
13
181
2
2945
611
120
49
33
16
9
19
2
14
2
40
3
2
261
439
10
11
1
5
375
1
13
35
40
12
2
376
52
239
756
7
18
26
7
4
2
14
14
918
7
970
2
23
6
115
89
0
22
42
5
20
251
22
1294
155
12
9
195
3
10
645
692
4
7
20
10
7
19
36
3
8
91
145
1
0
30
52
15
8
7
69
1677
1
822
46
0
2956
5
70
0
0
9
206
0
60
4
24
319
0
28
27
2601
35
48
361
2
26
859
24
4
46
15
3
18
4
3
0
21
29
1
2
50
0
15
50
152
5
27
90
28
58
643
11
79
32
21
17
62
1
586
10
6
25
14
27
13
0
43
5
13
38
29
7
19
3
90
3
93
630
3
5
8
36
3
6
41
19
341
1
16
33
13
70
0
204
6
138
29
1
48
50
1
6
11
24
1472
59
10
3
7
97
9
7
4
17
12
0
7
0
467
122
38
13
227
33
5
4
31
43
63
5
10
108
62
26
18
423
6
303
17
35
95
30
63
22
34
40
129
1
0
63
0
3
30
8
5
12
10
14
20
2
1
3
109
15
7
194
474
508
24
1718
5
30
0
56
86
12
22
180
5297
7
31
10
32
57
15
0
5514
18
17
98
38
0
1
403
32
28
5
19
7
2
57
36
44
2
3
19
106
12
65
3
27
21
21
26
31
7
51
2
62
22
13
56
5
57
1
8
4
7
11
48
0
993
3
19
51
45
5
58
28
349
3
133
0
190
3
60
49
6
9
60
8
0
2
21
2
179
7
2
14
2
38
4
5
4
48
21
95
49
2
41
18
9
193
7
26
2
73
9
294
42
30
72
0
64
6
5
6
65
20
5
21
109
54
425
13
177
13
21
945
5
60
25
21
17
53
38
106
5
27
2
30
11
234
5
2
1736
17
7
5
1
1
7
1
303
32
21
196
0
522
9
139
0
120
1
1
32
5
341
22
25
1
26
36
49
1793
57
43
24
6
44
33
0
48
30
8
2
11
5
606
29
123
20
9
74
20
8
0
25
397
122
18
9
95
13
239
2
3
20
11
47
2
8
9
10
10
2
45
1
194
0
2
29
70
7
84
1
53
8
60
1
0
4
65
0
1
28
1
0
10
0
4
108
100
2
119
13
6
0
12
15
3
1
0
4
7
7
2
0
1
10
5
0
2
74
8
15
204
2
9
1
0
1
0
96
1
361
9
1
19
67
58
1
14
60
16
9
1
22
0
1
2
7
1
0
0
2
1
5
0
13
263
20
3
132
1
0
4
57
8
0
0
9
277
5
18
0
17
1
1
1
36
1
1
40
0
3
9
1
2
8
18
99
13
5
9
1
18
20
0
10
0
35
8
11
117
24
0
16
19
10
17
1
2
1
19
1
5
1
0
1
13
41
1
0
6
189
0
2
30
5
2
6
2
14
1862
3
20
83
36
38
103
2
0
40
175
0
3
35
4
0
27
0
1
9
367
5
8
9
0
2
61
21
81
13
2
2
0
6
14
107
8
13
0
2
2
9
30
72
65
20
500
0
34
0
26
7
0
22
766
6
57
0
16
29
1
1
9
0
15
1
0
22
1
0
66
1
6
98
0
1
0
1
34
1
1
0
54
41
1
19
10
53
7
0
0
105
0
6
78
137
1
21
0
3
2
18
1
1
47
5
10
11
1
0
2
0
2
30
0
15
0
1
6
1
0
0
6
0
0
5
0
15
5
9
2
1
3
22
107
3
1
6
10
0
2
29
64
3
8
24
4
51
6
50
5
58
0
67
0
8
12
34
2
0
48
2
6
3
29
131
1
32
5
24
17
0
5
4
11
1
0
1
0
2
1
59
28
3
3
1
0
0
2
1
0
0
1
6
22
39
56
3
0
315
1
0
8
4
0
2
7
12
1
6
64
2
5
23
10
0
15
2
30
7
12
45
1
46
760
9
0
1
1
1
4
0
2
1
0
7
14
6
1
0
0
373
2
0
5
0
2
2
18
248
345
4
14
5
0
0
1
14
6
3
0
3
0
47
0
4
19
4
14
378
0
27
3
12
0
0
0
0
63
2
1
130
0
5
38
2
8
4
5
8
4
2
31
1
31
5
5
68
40
2
3
29
1
11
13
100
10
11
1
1
56
3
8
1
1
1059
1
237
2
5
3
0
0
0
2
1
1
6
0
13
1
2
17
2
0
0
22
1
10
0
15
309
0
5733
6
66
3
770
1061
5
52
11
0
3
52
0
1
7
2
5
151
4
4
20
5
0
0
9
1
0
33
1
0
0
124
1
29
8
5
0
2
0
2
34
5
4
1
21
4
6
3
0
0
1
1
1
124
5
60
0
21
0
653
29
4
23
33
1
0
3
11
148
192
0
1
281
1
30
124
10
1
0
11
15
0
135
6
8
7
4
3
0
0
64
0
6
6
1
73
2
5
68
1
7
0
5
182
8
7
3
1
1
5
2
9
1
8
4
3
4
0
3
21
21
4
164
5
0
4
0
0
13
8
13
3
31
2
19
133
5
10
8
3
2
2
1
0
181
4
1
47
0
12
43
6
1
5
0
228
5
1
8
183
0
6
8
1
9
3076
1
3
1
87
7
7
3
16
6
19
7
97
46
4
1
7
55
1
1
8
1524
11
37
4
2
8
0
1
78
0
2
1
11
4
2
0
39
13
0
25
47
3
1
0
0
24
0
875
1
10
26
0
599
0
5
5
1
0
33
4
0
8
249
15
40
1
22
5
38
12
0
4
3
105
149
1
0
2
6
2
1
3
10
1
4
150
7
220
2
6
7
0
1
0
56
10
7
13
0
2
8
1
37
66
1
2
0
0
1
16
3
340
12
2
1
5
22
0
9
9
2
0
1
36
95
4
5
26
3
0
20
31
34
485
225
2
2
14
46
356
0
6
7
1
35
5
487
8
10
3
0
23
1
0
0
1
0
171
1
0
3
1
1
0
14
35
1
19
41
5
5
121
6
0
28
0
0
75
1
201
0
34
87
16
1
65
0
3
0
8
274
48
40
0
0
12
9
0
30
138
0
365
3
0
0
7
8
56
4
5
2
1
1
1
0
1
4
15
1
20
957
0
12
6
157
0
14
3
0
78
3
44
24
1
1
0
0
1
2
7
16
1
39
11
1
22
3
0
1
92
1
1
406
1
2
36
33
19
127
0
11
9
0
6
0
1
163
0
1
0
6
2
106
751
385
0
9
0
5
2
0
0
106
93
3
480
17
0
16
8
2
2
0
5
5
13
0
4
1
5
6
3
0
27
0
8
0
86
16
1
5
0
3
0
139
3
22
113
16
210
5
17
550
38
127
15
2
6
1
2
7
4
9
3
2
170
0
2
2
2
6
2
4
35
2
48
0
39
1
0
39
124
6
41
2
0
67
37
58
14
118
0
1
15
1
6
5
13
0
12
0
0
0
0
1
1
24
2
4
1
661
0
2
9
16
1
0
22
2
22
3
15
151
2
9
0
73
0
33
5
1
1
2
12
1
27
13
2
69
1
0
0
0
5
19
689
8
8
4
0
56
3
4
44
25
3
0
3
1
7
17
1
104
1
16
1
5
0
1
2
8
16
2
94
26
2
5
0
15
0
441
405
4
19
46
6
0
4
1
0
4
11
40
1
12
90
0
6
0
43
0
1
0
296
6
0
1
0
2
19
2
9
7
0
5
1
65
5
378
17
11
11
25
4
21
0
0
11
0
3
0
292
2
3
0
118
2
15
8
4
6
3
1
1679
2
0
6
0
5
15
111
2
1
7
2
4
1
0
63
16
39
71
20
44
2
14
12
80
17
1
11
0
2
3
1
461
3
4499
7
0
7
29
40
13
2
10
163
4
1
56
1
14
0
1
23
10
0
6
12
54
1
4
38
4
2
0
3
26
13
0
0
40
59
809
1
26
23
16
29
0
1
10
6
0
11
9
5
24
34
1
6
9
0
1
0
5812
13
1
5
30
7
38
1
1
12
5
4
0
2
0
1
2
2
1
18
88
48
1
1
6
2
71
0
160
10
1
1
12
4
1
8
5
2
20
28
14
320
2
1
0
8
38
967
5
0
6
1
0
1
1
269
1
5
37
0
12
1
0
1464
6
57
98
106
44
38
0
66
0
3
1
52
3
1
335
0
2
5
7
150
23
0
5
3
10
0
0
20
4705
18
36
13
151
0
728
7
1
2
11
0
6
3
4
12
1
31
7
0
1
52
3
21
12
0
2
266
2
487
2
1
63
7319
52
631
6
1
0
2
965
1
47
0
16
1
0
2
100
0
1
2
36
33
1
21
59
6
4
0
1
42
48
2
2
3
3
13
815
2
1
3
87
5
2
3
3
20
64
6
337
5
1709
48
136
2
0
0
10
16
0
4
33
33
19
5
2
3
24
61
1
1
1
83
0
401
10
6
30
2
61
30
2
1
8
1
1998
15
11
1
8
413
0
48
10
1
0
49
0
7
18
1
30
64
71
26
14
11
9
8
1
0
36
10
2
32
48
336
14
2
20
0
8
1
1
42
2
41
9
8
18
15615
2
19
4
2
6
6
50
80
20
9
295
0
5
7
138
0
115
21
0
0
10
1
2
3
0
6
160
132
1
7
5
2
0
2
5
1
4
0
13
795
3
0
2
0
0
668
57
7
0
0
3
42
0
25
1
0
371
48
3
10
4
0
79
0
23
4
18
2
0
9
0
8
47
3
6
1
130
47
1
7
2
10
91
3
1
3191
0
71
4
6
5
0
47
2
59
0
0
3
0
356
13
17
18
17
4
0
242
1
33
710
1
0
18
13
19
2
0
2
87
597
4
2
3
10
8
2
1
2
6
50
20
20
17
34
113
9
4
32
2
1
10
0
12
1
6
0
0
0
0
11
146
2
19
7
20
10
12
0
5
8
5
11
14
0
27
4
1
90
0
8
12
0
116
171
1
87
83
1
6
2
11
5
1
18
1
1
111
61
1
6
0
13
1
7
3
8
19
86
13
0
4
7
4
6
3
2
0
122
6
9397
22
0
7
0
0
33
2
1
195
14
55
4
1
3
62
0
11
5
18
2
1
15
2
3
17
4
1
9
25
1
3
4
8
26
0
5
1
5
7
10
2
1
848
1
1
0
0
0
12
0
11
116
2
2
111
5
40
4
0
0
8
29
286
4
292
188
0
7
11
2
11
2
1
2021
1
19
0
34
6
3
8
5
1
0
63
6
2
666
145
9
136
72
5
2
2
12
63
3029
5
11
0
52
114
1
4
17
270
5
6
4
2
0
20
2
1
1641
7
28
2
6
6
5
12
6
0
116
0
5
1
2
2
6
2
2
182
33
7
1
5
1
417
1
2
4
6
2
12
5
39
6
157
1
0
3
1
0
1
87
18
0
0
5
0
1
4
17
0
0
7
3
17
0
9
29
4
1
2
8
0
2
43
1
1
2
40
4
5
26
748
19
52
1804
18
5
15
0
2473
8
1
1
20
1
9
2
0
1
9
9
2
1
31
8
0
12
58
0
0
3
4
1
51
0
1
2
0
5
5
356
34
10
0
7
6
7
302
1
0
7
720
13
0
1174
49
74
326
139
10
2
2
55
1
15
249
9
2
10
10
4
12
0
9
12
22
2
3
0
123
18
4
3
43
0
11
1
2
29
14
380
1
0
1
0
771
1
0
3
1
1
6
3
2
1
18
6
23
1
38
15
0
2
19
5
14
0
6
0
0
142
12
2
9
1265
103
0
0
0
27
2
0
0
15
2
0
0
1
2
6
2
6
0
0
1
0
0
3
1
0
54
1
0
1
154
0
0
2
11
1
5
10
3
4
1
2
0
0
0
0
0
2
1
2156
43
4
0
0
142
8
130
84
6
0
2
0
0
1
0
0
1
0
0
8
1
2
0
0
0
56
0
60
3
4
1
2
5
12
0
1
2
0
1
0
0
1
7
0
0
4
16
2
9097
0
0
6
0
0
0
0
0
0
20
0
1
143
0
0
0
0
17
0
2
12
9
183
0
0
0
3
0
3
1207
0
31
24
0
0
0
0
1
0
1
3
0
0
0
10
393
0
0
0
0
1
2
2
16
1
2
0
0
2
19
2
1
1
0
4
1
0
0
0
1
17
0
0
5
1
2
1
0
24
0
0
0
2
0
0
213
200
0
20
1
0
6
0
225
36
4
0
0
0
5
4
0
1
0
3
0
6
7
1
2
0
0
5
0
1
0
0
1
0
1
0
3
2
25
0
2
0
0
8
0
1
1
6
56
850
0
0
4
0
0
1
0
100
0
9
0
0
8
5
0
30
0
1
0
58
11
0
0
133
7
0
3
1
0
1
0
33
0
43
99
36
0
0
2
1
0
52
0
3
0
4
1
5
0
1
15
10
1
4
1
1
2
1
0
0
0
0
0
3
1
7
2
4
0
9
3
0
1
13
0
0
0
4
0
0
0
2
0
3
0
9
4
0
6
11
0
39
0
0
0
0
1
25
0
6
1
0
0
1
0
0
39
5
0
0
0
1
0
0
4
0
0
1
14
5
2
0
1
1
1
0
1
0
1
2
0
2
213
0
0
3
48
13
0
36
0
1
0
0
339
0
0
0
0
5
0
0
3
0
0
0
2
1
1
3
0
2
0
0
7
21
0
10
5
0
0
2
10
12
0
1
0
0
7
0
74
0
49
0
0
0
9
0
0
0
1
3718
1
8
0
1
0
0
0
1
0
2
1
1
10
0
0
96
0
5
2
0
0
0
5
0
0
14
625
0
0
36
11
11
0
14
0
4
1
1
25
2
1
95
3
1
30
0
7
6
5
0
3074
8
0
8
0
0
0
0
0
11
1
1
1
7
1
0
0
30
0
2
0
133
3
1
1
0
0
0
2
4
0
0
1
0
1
0
0
61
13
3
0
3
0
1
0
0
0
0
1
11
10
1
596
0
0
30
0
0
2
32
4
3
0
0
0
10
0
0
29
0
1
1
3
0
2
0
0
5
0
3
25
2
5
196
0
1
0
0
0
0
0
690
5
3
5
0
0
1
3
1
0
0
3
0
0
1
0
0
0
12
8
1
0
4
2
5
17
13
0
1
0
1
0
7
0
1
0
23
34
0
5
0
0
13
1
3
0
4
0
0
0
0
6
1
0
0
16
1
1
2
3
36
0
0
13
93
26
13
44
0
0
26
3
0
0
0
0
28
0
0
0
9
0
1
3
0
18
0
0
0
0
26
0
0
1
5
0
0
1
6
1
1
1
1
0
0
0
18
0
0
21
0
2
136
0
2
0
824
0
6
1
1
22
0
6
15
1
59
1
2
6
0
0
2
1
0
0
0
0
0
0
0
0
2
85
0
23
0
5
4
2
0
0
30
0
2
5
197
44
0
1
0
0
0
1
0
3
58
4
13
0
5
0
0
95
1
0
0
1
104
0
34
1
1
2
0
1
0
23
1
0
14
16
0
5
0
65
41
2
19
0
1
0
1
13
1
0
0
0
0
1
26
11
1
2
1
2
7
1
0
0
2
1
5
0
10
0
2
37
6
10
2
0
1
0
44
0
0
5
0
6
1
0
2
0
0
52
6
0
12
0
0
935
1
2
1
0
2
3
0
47
1
496
0
17
8
0
1
1
0
0
0
1
7
0
16
1
1
1
0
2
2
24
2
0
342
1
0
9
0
0
0
2
45
11
0
0
0
0
0
2
2
1
6
0
0
0
3
924
0
182
0
0
2
0
1
0
1
0
0
0
0
0
1
0
0
0
0
5
0
498
0
16
1
8
0
1
37
0
24
1
136
0
0
1
1
0
0
0
0
0
0
11
3
1
1
1
2
3
2
3927
1
0
0
3
0
0
0
1
6
0
0
0
12
1
2
0
0
0
5
3
1
0
2
18
0
0
3
0
58
9
0
0
0
1
3
1
8
0
29
0
0
0
0
16
0
0
1
3
0
5
0
3
2
0
2
2
4
3
0
5
0
4
0
58
1
10
1
0
5
0
0
17
0
3
0
4
77
0
5
0
0
4
2
1
0
0
0
0
2
4
5
0
8
10
0
2
0
23
0
1
53
0
4
0
0
1
20
0
58
1
5
0
2
0
0
0
0
3
0
0
0
1
0
359
7
3
0
0
12
13
5
2
2
0
0
45
28
0
0
0
1
0
2
3
17
14
8
0
0
1
0
0
140
6
0
5
0
0
26
0
0
0
0
0
23
5
0
0
0
17
1
1
89
0
0
0
1
0
0
1
1
0
4
23
3
0
19
0
0
0
0
1
0
0
0
0
5
18
25
0
0
17
462
14
1
0
2
0
1
1
741
2
3
28
0
2
4
5
0
1
0
0
8
9
12
1
4
0
58
0
0
0
0
1
1
0
5
4
2
0
8
3
0
17
0
0
152
0
0
0
0
0
1
4
210
0
2
0
7
5
0
2
0
1
0
0
0
24
220
0
36
0
0
0
78
0
0
1
2
1860
0
0
21
10
0
0
3
2
0
2
0
2
0
3
3
0
0
14
0
2
0
883
24
3
3
0
0
65
5
0
0
1
17
0
0
0
1
47
0
4
0
1
0
31
381
66
0
17
1
0
63
1
30
0
5203
0
0
6
0
3
0
1
2
0
1
1
63
0
0
2
0
0
5
0
0
3
5
4
67
0
6
9
0
0
0
0
0
1
1605
0
0
7
677
0
4
3
0
3
442
11
0
7
1
8
0
0
18
1
5
1
9
12
9
11
0
1
1
3122
3
36
0
0
68
20
0
2
0
18
308
16
0
0
0
0
0
5
2
5
2
43
11
0
2
41
1
2
1
9
0
0
1
2
1
8
0
0
63
0
3
0
0
1
9
3
172
0
4
9
4
0
0
0
0
3
1
0
0
5
1
0
4
0
15
0
3
31
35
0
2
1
0
0
2
19
1
3
0
1
243
0
16
0
0
4
0
2
0
0
0
0
0
903
1
8
1
140
0
0
65
3
1
14
0
1
0
86
0
0
0
1
35
2
0
8
1
0
0
0
0
3
0
0
0
4
10
2
28
2
0
0
3
0
68
40
0
9
1
7
3
0
1
1
7
0
2
5
2
0
0
0
1
31
0
34
3
2
1
2
3
1
0
0
11
3
56
0
3
105
2
0
1
0
69
3
1
1
40
0
33
0
2
0
1
0
0
0
0
0
0
0
0
6
7
2
1
796
0
9
12
2
0
0
0
0
0
31
2
0
1
0
0
0
34
1
0
1
0
0
369
0
0
0
3
0
0
1
3
0
2
0
3
2
0
4543
2
0
0
2
0
0
2
0
4
12
0
8
2
4
0
11
1
13
1
19
1
1
0
0
7
1
2
4
1
21
92
1
0
0
1
1
4
4
10
0
1
1
1
1
0
1
100
0
1
0
0
0
4
0
5
8
1
1
3
56
1
0
2
534
50
3
1
36
0
0
0
0
0
2
4
1
2
0
0
0
28
0
14
46
26
0
4
6
8
0
2
1
6
993
0
7
0
21
0
2
4
0
15
0
0
13
199
0
0
4
1
0
0
0
2
0
8
8
0
0
0
0
0
0
0
24
0
0
0
1
5
19
1
10
14
0
2
8
14
0
0
41
23
0
9
0
3
159
4
990
0
2
1
1
0
0
8
5
6
59
27
0
223
106
14
6
0
0
0
1
0
42
23
0
0
0
0
1
0
0
0
11
0
0
0
0
9
5
3
0
1
0
7
0
68
8
0
2
0
44
0
0
0
3
2
1
0
1
0
1
1
44
2
20
5
1
2
389
0
59
0
1
542
5
0
0
4
0
24
10
0
9
1
4
1
2
0
3
13
0
26
1
1
27
3
1
0
1
0
0
0
1
3
538
0
5
1
1
6
5
1
0
13
2
0
2
0
1
0
0
3
0
9
0
0
0
0
9
22
31
1
2
0
3
0
1
2
1
1
0
2
0
0
0
0
0
1
0
0
0
1
31
5
0
78
14
0
1
2
20
0
4
4
0
2
0
19
3
11
1
0
1
8
0
0
0
2
11
4
9
0
0
1
0
10
1
1
34
0
1
1
5
1
0
0
6
0
0
2
0
9
53
0
5
1
0
1
10
1
22
83
73
0
0
16
0
1
0
0
0
0
32
2
30
3
0
0
15
0
0
0
1
3
0
0
0
0
13
75
25
1
17
5
1
3
4
3
0
0
0
0
0
1
16
0
0
9
1
1
25
0
7
0
9
0
0
9
1
7
0
1
0
1
0
60
0
1
1
2
1
0
2
12
33
10
0
7
0
0
15
0
0
12
7496
0
0
0
0
0
2
1
28
0
2
4
0
0
7
5
0
0
16
0
140
0
3
0
70
0
0
0
0
0
23
6
0
0
3
0
1
0
0
26
0
0
0
0
0
0
0
0
2
1
0
7
0
0
3
0
0
7
0
1
6
60
2
1
1
0
7
0
0
145
118
0
1
8
0
0
10
3
2
28
0
3
1
4
0
0
0
1
0
3
0
0
4
0
1
0
0
2
1
0
2
2
54
11
1
25
0
0
13
0
6
4
0
2
1
9
51
0
186
6
0
8
135
13
0
20
1
4
1
1
1
5
0
1
26
0
0
5
0
1
20
0
1
0
2
1
10
2
61
1
848
0
0
2
1
1
0
2
23
0
9
0
0
0
7
1
8
0
2
0
0
0
2
9
2
20
16
0
0
4
0
12
5
0
19
1
0
3
5
18
0
11
54
1
4
0
5
5
0
1
1
1
0
5
0
13
0
76
44
0
30
0
250
2
6
9
13
3
4
0
2
0
0
2
13
17
0
1
2
0
0
0
90
0
1
1
0
0
0
56
10
1
5
3
0
0
0
1
0
5
22
85
22
1
0
15
1
0
1
126
0
0
1
0
9
1
1
1
2
15
0
0
2
16
1
4
27
0
2
0
30
0
42
2
81
6
2
3
0
40
0
1
106
1
0
42
13
0
0
0
1
21
0
163
85
0
1
0
4
0
5
1
1
10
0
3
46
16
24
61
0
2
249
2
7
0
46
8
3
3
0
0
5
0
1
0
3
1
0
0
10
1
0
1
0
0
1
1
4
4
0
0
0
0
0
0
0
0
5
5
4
5
0
6
1
0
0
8
5
0
0
0
1
0
6
0
2
1
0
16
1
0
27
0
0
0
0
0
1
18
1
2
0
0
227
9
0
0
4
0
0
0
0
11
45
1
0
3
1
2
2
5
1
29
0
0
4
1
0
0
0
2
1
5
0
11
5
24
87
3
0
0
0
10
0
1
0
0
0
1
14
1
0
0
5
1
0
1
5
2
0
0
17
0
0
16
0
0
1
0
7
1
0
1
1
1
2
0
9
12
1
0
3
0
0
7
239
1
26
2
1
0
0
2
0
0
13
0
0
0
1
0
0
0
3
153
0
1
1
0
0
0
0
2
0
0
0
6
3
15
0
22
0
0
11
172
0
12
1
2
3
0
16
11
0
0
9
3
15
1
0
5
2
1
848
0
9
6
41
2
2
0
0
4
10
6
1
8
1
5
5
1
2
0
7
0
0
1
0
301
0
2
0
66
0
0
0
0
16
38
0
11
719
0
2
1
11
0
29
6
0
0
2
610
1230
0
33
0
0
0
1
0
0
190
0
11
1
0
5
0
0
1
1
0
0
1
1
21
0
25391
156
0
1
0
0
0
0
528
1
18
2
2
2
0
4
0
1
0
0
0
1
5
1
5
0
0
0
43
0
726
1
2
1
0
0
86
9
11
0
2
16
0
0
0
0
3
2
0
10
0
11
1
0
0
341
2
0
336
1
0
0
0
0
6
1
54
2
58
0
14
0
3
14
0
4
0
94
0
5
4
0
17
2
0
68
1
0
1
24
6
1
4669
2
2
2
0
18
2
1
21
1
0
6
0
1
1280
17
0
0
4
6
1
1
0
0
4
11
0
0
0
1
1
1
0
0
0
22
0
0
0
14
40
5
0
3
0
1
0
0
1
1
0
0
0
0
18
1
850
3
0
6
1
14
63
98
0
0
288
0
0
14
0
0
175
49
0
29
1
0
130
0
1
0
0
0
0
0
2
1
0
2
13
63
0
0
7
7369
6
19
0
0
3
0
0
6
1
1
0
0
25
38
0
2
146
1
0
4
5
127
0
7
2
537
0
0
0
0
8
0
1
8
8
4
0
0
0
6
0
0
1
1
5
2
1
0
4
0
1
4
0
0
0
3
2
1
0
1
0
0
2
315
1
1
17
16
1
1
1
0
0
11
0
3
1
1
0
5
0
0
4
0
0
5
12
1
0
1
0
1
2
1
0
1
34
0
9750
422
0
0
0
3
5
3
2
7
0
0
0
0
0
6
0
0
0
9
5
0
14
0
0
1
111
0
1
0
1
1060
1
4
0
1
10
0
0
239
9
8
0
0
0
5
129
9
1
1
0
36
1
0
1
0
0
46
7
0
1
0
0
0
1
10
2
1
16
1
4
213
5
19
5
0
0
0
0
1
0
2
1
0
0
1
0
0
13
0
3
7
8
0
0
3
850
0
0
78
7
75
0
0
1
1
0
9
6
0
2
162
1
0
0
15
3
1
1
1
5
17
0
1
2
0
5
0
0
15
1
0
1
3
194
0
48
0
476
1
1
39
0
0
2
2
0
0
0
59
34
0
3
91
0
331
4
0
0
1
0
0
1
1
3
65
0
1
1
0
61
7
31
0
7
12
0
9
1
0
0
0
9
5
0
12
1
0
42
12
154
0
0
1
1
342
1
6
0
2
8
0
37
0
1
0
7
5
47
0
1
0
0
1
0
0
2
0
1
5
0
2
0
7
0
171
521
0
0
1
27
0
60
1
1
0
0
4
0
6
0
221
9
0
4
1
0
0
4
13
0
16
0
35
5
0
18
0
0
1
0
4
0
10
0
4
0
76
0
117
0
9
0
69
54
0
7
0
1
0
5
1
694
0
1
1
0
62
11
8
0
0
0
0
0
1
0
0
1603
0
34
0
0
0
1
1
0
1
0
22
0
1
0
0
0
7
0
2
5
0
25
74
0
667
2
2
1
0
0
0
2
2
1
0
3
1
0
0
1
72
1
0
2
0
0
0
0
42
37
39
0
0
0
1
2
5151
1
38
5
0
1
5
1
0
4287
1
2
50
0
11
0
0
12
4
0
0
0
1
0
5
0
0
0
2
72
0
1
0
6
0
1
13
0
1
4
1
17
1
0
50
0
0
3
223
1
0
0
0
5
0
3
0
3
24
2
0
0
0
1
0
0
0
7
0
9
66
1
0
188
0
1
12
0
3
12
5
0
0
1
3
35
0
0
0
40
5
0
6
0
7
2
0
1
1
0
0
0
0
259
0
0
3
0
0
0
0
1
9
0
1
1
23
6
34
0
1
0
0
0
147
0
0
1
90
0
0
3
0
0
1
0
0
1
0
7
118
0
1
42
0
1
6
4
0
1
7
17
1
40
16
0
1
3
84
1
0
9
0
2
0
0
41
0
0
0
1
0
0
0
1
14
1
0
0
1
0
11
3
1
0
4
0
6
0
7
5
94
0
0
2
0
5
1
2
45
0
1
24
0
0
28
0
0
0
2
0
0
0
12
5
0
1
2
29
6
27
0
150
170
0
0
2
16
12
162
7
1
14
1
0
2
0
0
0
0
6
41
0
12
0
1
1
0
0
1
0
5
177
0
18
5
3
2
2
0
0
0
0
1
1
27
6
4
1
6
2
0
6
2
35
0
0
15
33
0
1
0
1
1
0
2
0
38
113
1
7
1
22
0
8
0
33
0
0
0
0
1
0
0
0
0
0
0
1
67
3
0
6
2
1
0
0
0
0
0
5
1
0
0
0
0
13
0
0
0
58
2
0
1
4037
9
0
0
2
0
97
3
0
94
1
23
2
0
158
0
0
0
0
0
0
0
0
5
3
2
2
5
0
0
2
0
1
228
6
0
1
1
1
0
0
2
44
0
4
0
3
0
0
31
2
0
0
0
38
1
2
0
5
3
1
1
1
0
0
12
887
0
6
1
0
0
0
1
0
0
3
0
0
21
9
1
0
1
12
1
0
58
6
3
3
0
9
1
8
0
60
0
1
11
0
164
0
2
0
0
0
2
21
0
2
0
9
0
3
1
3
5
20
1
1
0
4
0
40
1
8
84
18
0
7
0
6
2
0
54
2
1
0
0
0
0
0
1
0
0
0
3
14
0
0
2
5
5
18
0
1
0
1
3
847
0
0
0
0
15
0
0
0
0
0
0
0
6
16
0
2
0
0
7
1
0
0
1
1
0
0
4
0
12
19
0
2
15
2
0
1
1
6
1
0
4
0
1
0
1
3
0
6
0
1
2
0
34
2
10
0
5
1
0
1
131
5
4
0
1
1
0
0
4
9
0
0
0
99
1
0
13
5
0
0
0
8
3
0
4
1
3
0
0
8
0
18
2
34
6
0
22
0
0
0
1
0
6
0
0
33
4
0
1
2
10
1
1
26
5
0
17
0
0
15
0
1
1
0
90
0
4
0
2
60
5
2
0
1766
3
1
27
1
0
0
347
43
0
36
0
1
204
0
7
1
0
2
0
0
0
11
69
7
3
0
2
820
6
0
0
0
0
23
3
0
1
0
6
28
0
1
0
0
0
7
3
0
0
0
28
1
11
0
0
0
0
1
1
16
4
0
851
6
76
6
0
0
1
0
1
1
0
0
98
2
5
0
1
0
90
1
0
0
8
0
0
18
0
1
2
0
0
0
0
5
11
0
0
0
3
3
14
0
1
0
219
2
1
98
6
8
0
0
0
2
0
0
0
0
0
2
0
1
0
0
0
2
0
0
1
4
1
4
14
0
0
6
13
389
6
0
0
4
2
32
1
0
2
0
0
1
3
1
2
1
3
0
0
0
3
0
0
3
0
5
0
0
1
0
5
0
0
9
1
3
1
5
0
9
0
0
4
1
30
1
0
4
4
0
0
19
0
0
68
0
4
1
3
0
0
14
0
19
0
0
2
12
1
33
0
0
18
0
0
