110780
2345562
82965
409041
424771
34546
50135
232860
662534
614302
138197
3287557
138688
164110
353194
343224
17172
70564
938736
4275219
85282
250349
848018
5032471
1281617
48838
68849
2952703
33169
1019588
1404678
314531
204075
195164
52024
17414
50327
32372
437409
74698
2041166
144728
622468
2169921
53978
2690541
57682
33752
39781
3819946
107054
1613298
183777
50461
86280
49382
4407393
191905
7040008
1005222
131818
20428601
92351
2767799
67814
1147667
460413
139466
313948
89444
434894
95366
566391
689145
1013507
22159114
130431
5183539
361507
7174005
3128813
802568
94201
346417
242189
64835
750123
5029281
20045668
317105
17935
319785
122833
344837
67557
587039
82327
1127131
12437
252371
3064841
55066
4396910
445972
820529
122265
67934
39809
76861
298945
3689440
265137
1749228
992319
2817791
37574
1877845
8819
145741
308073
303448
30375
47526
331602
6618043
170303
48769
2548345
81333
68696
213372
1292752
27589
910259
33503
307169
51401
8440734
38557
81063
276318
194441
107932
152464
110430
476338
79441
2550034
59412
871328
491637
415582
2609325
2650720
16465
399785
364057
110886
865519
208815
745817
1116030
4432209
110607
138560
758322
214455
1329096
96938
2940757
2869562
56078
703990
428046
39059
189951
3091483
129982
116852
165796
8259197
186023
639066
1120891
48342
59990
45742
513004
301289
209389
39685
15170
16526628
5011396
254743
4174975
61036
5770144
3297499
575490
24259
294854
3624199
2430263
955516
95428
796295
119215
81183
2254601
82617
886958
57594
1827661
924079
3392544
164292
36528
1738633
225845
3342224
213750
1146645
48573
5635899
53546
32876
4470120
397040
650917
131525
730846
339050
2101427
36612
1360636
56588
187477
1188831
754414
86960
312044
664531
238408
842335
567824
98973
20721
1890172
487503
1793263
431868
197577
172874
118491
869485
182161
3759922
25121
1169648
128746
58024
56479
2472123
59871
54280
247922
616114
746477
2360683
3997073
106716
199560
237045
261315
133895
28023
94318
22381
59520
222147
26200
22286645
347761
1015774
44295
1933247
15316
3702260
542022
2356708
1450178
4024011
7294697
457524
58986
4048717
2737653
1854981
134226
38149
53762
21284
399239
3850669
353187
766516
273712
183057
28847
77835
101423
44222
81930
20568
612027
106337
237620
117691
185013
2150905
6802896
67047
95495
50234
183285
447301
45694
229348
235791
5085388
392447
1688877
480840
60374
363612
783964
162318
2868058
104397
101729
14188
550593
180590
548225
941404
66584
154409
2785989
29664
15953728
30700
240292
880819
294459
225292
117730
629457
581675
25928
169011
73302
301302
23456
15618929
56176
280165
490198
940285
155757
986193
600124
48862
161886
3077989
84857
220320
344755
255000
34636
4380008
2540438
88686
476544
47339
4423613
65745
57590
1011627
73912
186058
69132
78322
198179
50381
383985
1093332
541856
535552
402412
148450
112305
47054
263246
1119215
118618
165955
565789
79967
82235
180400
2782310
666557
28977
16160
611781
88413
492513
10574
28034
9896789
171044
574192
248344
560627
723296
271892
1684273
284373
1227120
119337
51986
1496209
41683
80005
70244
1860877
80870
106003
76557
69219
92295
872960
3950593
172313
260951
432273
4166583
194961
47589
89052
242579
1491926
762662
34040
64937
95563
737895
32643
10959900
51147
7389895
405479
107279
411863
264190
209006
17194812
20929
201839
63833
528258
364883
21309
2392689
635727
313911
234043
707624
144010
284990
776223
2340370
48340
475606
1269704
33539
499771
307906
208433
1279855
310940
79095
62713
1321123
46527
154767
129484
202370
17278600
85432
4332400
42442
2348085
988431
229310
4140376
89771
364370
78512
1414454
30105
1683677
233252
203217
108745
205987
2071261
712824
221405
82704
366922
88124
167682
237314
3361004
25793
377813
91351
945636
187052
6376137
436162
577795
3318346
1431079
18919082
234965
86900
121211
39080
477024
2997777
779824
1569285
735817
56662
309938
3348886
185118
7956439
44263
43400
836038
839194
297558
1043117
436300
2907355
614499
143049
134533
518950
3537716
475179
109225
288345
2502705
1152737
46420
999349
353648
22738
2858734
22872
1950927
89441
101933
39497
660841
36542
317204
50764
76442
391353
68908
200112
39289
1620266
106246
189962
468360
322016
181194
2644001
1649125
14644537
7675
162161
882861
372245
1510763
368099
1359136
122229
127878
257137
1572725
285868
88497
87038
584146
77726
690976
214572
304029
59233
7856635
819841
417826
78155
4802386
809276
680214
408673
133673
15798323
255220
8712
46055
542847
13148
400667
548665
210016
62008
82411
954032
832058
28085734
69530
3485387
50175
115297
11058686
45140
1346144
3212834
183337
50840
45157
862459
519442
5641682
79214
90719
1419433
3378046
1142224
387732
953458
64360
2653428
481834
2037768
81635
2155729
327054
1872090
1276230
184174
29088
98410
348234
38224
82380
1156537
2091884
119183
548994
413614
487297
59418
29341
100028
630614
27844
956259
178922
1251042
252594
3838932
468414
902686
150456
59647
87165
338596
83430
157244
236870
3029254
22340
1414469
643194
128453
209919
120370
47384
59494
32711
65441
119042
257563
70935
124223
3917752
1632004
734188
375583
7709
4266183
3718040
24287
137085
5679624
2781459
102346
62960
22154896
3853850
5575698
49394
280034
2057723
411030
9871638
82694
1486333
2381520
52060
184114
3512443
1323054
86858
52511
134335
95237
463086
3480269
150787
2928826
164495
802104
4307791
320428
83750
12752560
141571
75237
1014979
450262
1527636
1354687
299380
445797
800876
69638
36164
1453610
1265375
36138
291188
146432
1213658
2103155
3568947
352613
63702
435336
3449758
3960189
276214
782792
10109352
119071
3043679
455252
127759
133924
797813
198043
9474760
234937
44604
3330884
152833
2467134
19164
2899525
68003
914060
42258
156261
1188450
116904
72613
573799
59184
37108
213409
80885
106484
51559
36162
129906
8728230
6098235
17167
1542051
378152
112665
17566
77229
38894
412489
350716
121082
3076451
56909
499594
211065
237719
662091
834016
32751
28823
658826
823825
219999
51072
467730
1559354
851504
1109216
23744
1208200
1497661
235139
314664
71182
10742
1470828
242029
636207
123430
260448
130025
2313521
11740
88782
715852
12934617
354481
129899
252994
234630
138493
93833
3120597
557177
712461
5509942
389060
31810
17322
7665964
97019
165547
3026077
8799526
58453
441250
103560
42625
39743
70016
13924
115230
93355
214458
1654871
1502799
31687
26678
1394461
1069386
83564
360536
32914
152729
7596641
152993
377477
763992
3669843
97649
968304
377749
3363579
2100232
271717
16931624
199337
65911
8488783
232476
401690
1812039
90454
312026
13410466
695098
249516
224172
264708
1052019
501173
24815
70938
1443766
461118
147705
2611551
129055
1565352
230980
136143
2421276
139159
376810
11101
23595
34342
458777
169065
156543
4530009
140082
1474494
131183
25574
1707475
80000
232530
362493
2595336
263923
405971
736063
863966
334619
118248
220316
277252
33710
119493
91127
324380
580356
718159
1136754
548808
134098
7645544
393501
116406
1138134
1981893
279855
45538
32581
298824
268087
61800
127280
281932
217390
3181016
17124
31781
23890
13721657
48450
937333
2496988
670044
2098201
241662
282385
219151
193931
3150521
60303
645170
314097
18622
4922581
273910
133978
746827
16158589
11199
420739
29621921
284761
59472
67150
7214705
169448
343423
30211
32712848
8790292
93472
36107
160167
419479
405409
412211
17780
7951819
183657
142669
2327801
88426
859479
44890
534306
841113
49372
3623667
700723
31450084
1159158
2579254
31885
2826664
2299952
272615
10985
585244
1194230
148865
382129
357344
86345
86561
2033895
131886
3174734
3625921
27255
689569
410867
236132
692312
355437
52662
51072
4407986
35862
20786
140702
1011603
2460190
88020
120844
3589667
1547028
2345229
195946
2938628
29731
29579
133365
1275818
82786
97882
25595
98724
58020
1552028
99723
418178
103687
180969
1644563
555772
132431
2110610
64928
8027
47588
3468748
54393
89806
772567
55318
21445
153167
113933
371554
131284
255192
29971
2497253
31928
210085
110919
939055
39219
10013385
13077401
849709
2208720
988807
745211
2199251
8307262
3800536
13408172
14924
5264371
134535
536301
435044
1172610
11033
442974
1253419
412776
147569
3449459
4528
71513
2445689
880425
506165
71120
1097036
417473
528488
296372
46689
240226
139447
245993
60816
99318
62275
78866
48486
48880
135325
66134
4284435
752036
203727
24324
3576509
397278
438325
188317
893797
4137506
11745
139110
103460
114855
837719
195725
465292
54239
56716
14765683
58921
3378334
45222
615789
398937
60374
25276
313300
50720
70671
1085685
291209
67723
291768
118597
451988
154945
70113
2679382
155085
244583
3401095
367565
583369
551275
213553
242128
516748
61978
127437
103957
76835
52816
89293
516392
214862
72014
63549
96935
106820
435359
91651
1195660
988824
2337403
293196
9970
252506
377127
4069358
558426
68181
369034
4919062
119955
6654
285836
352140
37230
6397893
59893
311986
60955
731245
57743
256191
640014
4168231
29906
127968
337993
2625157
12106111
34493
334118
4335625
58273
41757
53832
758948
303315
693750
1739179
1090627
57864
202368
286582
1289460
2258698
329718
2646345
84413
410971
3741454
4986237
328713
66739
53408
66745
14294254
1459089
92545
2750793
140966
563838
314915
824129
186279
2210625
19814
1094386
389473
2337647
183246
424615
121665
75762
2385780
8613167
60939
78091
2908482
163417
18064
520173
274485
293407
53869
79664
59653
175545
486080
71343
93338
87035
110551
368837
1233018
376985
1472529
1142376
117838
762909
29829
17362
533329
388382
195121
1226692
20739
79141
28328
9533158
56282
263789
179844
137190
312348
119293
680384
5410195
85979
1641671
62287
52919
21965
14094
525970
17601698
38444
1726744
116122
710905
77538
15546
133702
1167696
944384
772632
352586
827942
343979
92357
1455815
41971
320059
345849
47212
28526
275207
975504
37628
573093
419536
366583
193827
1685743
73210
438229
13113
7564
42260
953849
139361
5982318
477799
402090
391857
28002
47734
3295265
66170
3041496
4263314
1009816
19005561
1172355
570657
34670
50977
505225
464904
32519
35097
244209
475821
745879
5175315
25948
15611
61526
829919
457994
458873
547465
2789249
423498
248487
339659
117241
238829
75321
181065
5991085
242783
42149
636626
28426
207992
3149630
715496
47609
21108
9385
568893
1049585
29993
27596
21134
85048
2983724
422053
57127
2087258
388278
634677
92611
267529
3254431
444106
160958
139029
622962
426644
383328
105509
48067
38044
161955696
132920
61735
4185816
204810
1439569
206446
175537
308630
49221
55661
1153357
392749
400981
214035
84560
9030562
1381324
67316
130333
78603
81506
724123
53108067
20505088
953684
74740
7976760
91697
75380
896144
781423
587334
2291241
92426
100388
2171321
73736
207272
63269
265316
225145
160028
2457454
66008990
403390
2343444
4865561
51517
41908
8799918
2032764
338237
76945
34037
323340
1669881
14983
314174
175864
15806
111615
522408
18953
4120531
357642
124826
9186603
5958525
2999502
481759
5200014
4301228
20383
2536108
695639
30512
147827
528475
3332436
50187
3461549
19714
134776
42571
362279
716544
29339
252689
92620
233556
25934
96756
37120
37817
789516
2456810
34905
85808
554593
162996
702218
50995
5371397
215279
381461
73021
1318071
290733
123257
2695042
167555
1865253
347145
37378
116609
437495
29210
151908
93850
769932
4329106
8157061
128042
22847
1361185
355141
96522
46660
777624
777160
796683
23305
154940
101103
131198
126432
40936
263958
1641216
165966
21283
19900
108568
25319
651324
4855453
59657
618367
14926
124008
393952
4051272
1136612
53957
9800758
853407
1043387
598367
68264
237250
158862
1918553
1304043
13776
1227216
334500
77773
146976
154596
15862
47255
1663118
987669
1999146
38903
204321
1346343
64965
782173
119547
8582972
30714
86871
1929118
210169
1985667
34250
166040
81184
29044
1058637
71259
42227
189786
244908
6766512
147587
131248
71682
21501
201244
525466
95802
2307395
183363
692716
76518
68200
865981
22741511
245820
1201624
165553
116786
47687
1476846
19222081
36336
205893
91371
174670
187129
463780
1686582
23437
218205
1201616
192485
91106
19666
138560
41898
183201
37567
178467
4119031
1056273
64753
3030343
49193
46089
1392622
1017217
1466858
13380
88769
85371
1517675
9013335
127334
277924
5879947
88222
124385
334996
65198
66491
4380253
2059113
124779
3096076
12683996
36216
102066
720395
300206
209377
139303
104140
199484
100951
5983970
11465
293232
680584
23697
1370334
45758
64815
1400041
123687
5816538
36262
197495
121750
80593
599589
1156950
908851
60952
536282
30154
825424
7599
661676
2296333
732456
113957
249427
3412401
19898113
103682
80118
90310
1694650
149907
117858
262675
361652
1533394
516264
157562
183233
227870
35470
363341
1101593
49377
922672
54732
2709560
3476773
57535
53490
2720770
8291518
7082220
30264
12597
3110715
70932
180134
769744
4123265
364282
349320
52279
374361
77395
378942
685063
140700
27685
146206
109952
950282
604474
154257
83697
258195
21707
12445611
41617
5815
152308
120904
12265736
4820962
301425
296687
131472
395394
45645
57487
29718
108046
78162
25709287
477499
9294634
438004
1129340
123603
28629
6691749
2799403
129788
5882221
310634
218818
479524
355719
177571
2130297
97856
126231
2862578
36022
287430
124610
105547
81052
55290
488384
42577
62594
237952
2324487
91268
727794
110873
193094
33821
66162
556931
2013899
48247
44838
556228
499385
56384
37435
690571
100786
168802
15997049
108064
88968
153338
1120781
88217
37360
869464
15617
3098145
55012
2280700
187978
75155
951144
44253
81034
155438
55476
1581371
118466
3165657
4812192
2214961
2204718
14991
36009
17961
82267
334916
1552694
520629
143770
74301
8468965
175568
173443
1507511
1218633
484857
307279
388501
947135
849999
1544872
25338
829980
280864
575692
7108325
1027108
94648
12407
54894
131502
439096
1340760
15838146
2046631
700702
168908
1499694
104352
76087
86966
55575
460910
9263830
250258
833552
2080682
4523789
24892
2050968
71732
266792
325733
329429
665352
119462
239493
69150
6726829
52637
400316
263557
39163
6054972
429935
342408
6531
365193
173673
48785
53798
2586884
251049
288775
1413075
115985
1239325
723447
15433
18978
35372
820159
212585
117190
213480
18060160
388795
5523099
115685
735987
6653290
76906
47569
12830
808480
9820
224622
25932
186387
16448744
282984
73820
90268
479293
30409
131991
230368
1268727
4218934
2872345
121287
2506729
270443
3604544
1469998
1126075
14143
2851878
496763
2757045
206266
53680
7151497
3108305
9140350
1388436
55094
4055701
4414697
1505648
2267447
31125
290441
3194002
76329
79842
78626
29096
6285
133333
4992324
186178
193461
7128640
9952293
192806
193417
122135
83531
33450
39904
16948
33092
60739
58905
22078299
76368
49960
10625
12020048
105176
665128
69352
1602330
20696
32644
149906
1016613
425745
1670103
62532
40286
52853
2802269
4818235
11905370
73685
8026431
40445
31129
659603
75578
109401
3770695
297025
3287562
65515
940648
1099589
1805348
168744
155804
85390
2939286
14969
108561
141140
61239
3769560
100533
62964
10461401
523473
85673
188501
578127
643469
6164481
77944
19638633
335754
1506370
145157
42122
68447
204793
132819
27036
413835
5202173
28642
282093
24611
76096
2525327
198369
19374005
2934655
7191107
101834
361998
6564252
76234
1550293
3744715
121106
93216
1443815
1153658
2089950
108675
689460
74432
57498
492188
133517
41987
213289
80406
3195979
2655527
442036
39467
46020
114388
164013
128700
10394064
19468
1186942
1835122
2361778
51645
2458576
234591
1758040
48500
3655367
1729228
6052496
4476659
2071890
341908
5185301
721154
37884
107972
182145
412872
373958
2757563
1136637
312459
271205
386176
43894
8278204
270423
9770639
1509320
1549040
130415
343578
49600
6842716
3570412
195831
718613
1043367
16891808
140431
117270
231509
518370
284098
923202
86513
91123
15941
364126
287502
71903
21323
519878
1085407
47430
250090
651266
458503
12598576
337668
4025230
34475
231660
128179
159415
88429
20118
1635307
62246
490743
97091
377851
51774
3026369
67429
12527990
687503
328953
146413
424798
33570
46178
128821
24871
3669065
168393
32281
114150
88121
283937
138968
72481
601971
50971
19072
5008188
103160
182386
55816
193765
47368
547848
239358
151223
49649
80333
484227
287827
127584
396558
104802
14143
4425276
4636482
149125
125451
77308
86037
512329
142110
403793
428510
402059
173257
96313
322802
336647
190417
252800
120440
272293
1597120
48917
1096731
482164
1414497
1645093
82537
190300
2943961
2011526
38596
4706692
4876460
102651
73962
656034
93007
589649
118981
244342
220481
130861
442832
498823
227231
143553
111393
20909402
12677
45858
78913
29017
1126127
268954
14617
680914
27929
81842
337082
244082
41942
1084119
221531
95553
55948
11366201
82446
14190
11021671
87394
52256958
108325
260371
607539
367935
252358
65610
2886952
7505
137499
96526
29922
218388
47660
44023
176782
192793
378684
863057
85861
1954231
8902542
1713426
583308
358140
158299
535307
1348499
60721
40709
1957472
68883
62090
3224304
394131
99586
32803
963350
106814
1695217
959035
1366246
143173
24929
2559785
121472
89699
20212870
1055396
953879
1332831
7981727
5143624
9117303
363745
152611
19210
332467
66028
35820
140255
93244
1161074
36734
3316846
8200920
338813
79015
396670
1337894
172575
19304
5259306
91032
358133
32657640
156001
311809
216593
309358
74551
48643
7374
34296
5618020
142232
3203075
72645
341266
480416
57809
1056279
116654
6618423
99506
285497
3755417
820416
1212675
4302786
1322782
3335593
1381984
11016
161124
1130170
322816
37562
192856
105575
43467
8434111
9330299
2757598
44747
199661
105113
191410
34472
410157
1137949
68721
57865
4141784
206350
818943
685375
455110
43619
35488
268404
1100056
117129
2774733
777577
266185
17266527
80196
668250
485636
424821
957784
1894485
28738
107675
2289853
66214
251726
302379
845486
28202
9180491
652822
2388019
2023309
109245
22024
897680
45801
171680
635058
81644
451438
73061
404701
367707
132622
1148836
1034080
34529
371068
28448
3253991
43299
292360
20703
169955
50786
225306
34488
77977
107646
185028
151130
71458
1029568
58714
64582
1516600
189134
59759
343028
97202
212120
113564
178155
441840
238359
70374
55819
55783
757571
307975
109746
112194
34322
72457
131436
117061
344433
144443
263183
951852
652449
52967
2174958
154913
221786
1591537
1390189
52092
98563
74107
1255749
683669
63419
62282
1344637
30280
58988
36800
2827215
2067287
1362722
18648
227238
108377
615774
119684
273145
253188
7213380
25560
2518028
105872
10720
60436
361802
177209
35528
2370402
1096731
470648
346285
46797
1508536
814871
130705
53997
1024374
331900
6874
39662
3160220
524401
76795
17204
3747058
1684889
342709
41783
92423
9274
835690
70295
147663
64080
36976
77772
130147
980254
2816128
6715755
144006
124101
270892
261944
77120
87142
493615
114046
180474
6528231
92143
47165
581130
1082401
71849
30756
501901
91688
7111510
38329
17832
2352826
125721
38795
3086432
56703
355055
66812
151452
629165
282439
170050
401627
126433
40935
38100
3158642
293266
179298
3440425
18414
219770
7235313
1411864
265531
394397
7961594
72621
208290
382430
7534502
397597
68699
65946
704641
948077
59628
50265
12131
53566
95331
4311956
13423
48831
225322
8378
8082417
2653221
25187
21739632
9341979
2240173
99044
496383
68077
505775
1879197
2844921
55441
409906
1150466
97197
181343
136973
209742
2181118
2720736
180828
114837
34953
79091
108409
85173
535868
1074904
969592
92079
454722
64871
382312
2481456
220033
1392603
88989
78608
1021917
43695
114146
287399
2911265
40050
1101994
841201
284283
971985
51309
6238929
8201945
26257
209539
1066602
7991046
84476
48890
5007040
83030
568514
162257
1296327
6586680
3453567
783419
2058192
21378
760100
917723
116440
36906
76169
132888
286737
184113
92148
16840
64842
27859
679346
50446
1161670
689788
363377
553233
485007
4194488
47971
1119070
573500
2991082
27585
452007
4845106
55949
159624
536019
5756154
24014
102868
4132516
3507716
2815989
17353085
270026
116448
1141459
246240
954311
1429438
8186324
346005
3635958
1494337
21563
2685667
64546
5786517
5660857
709829
249995
570189
622231
49702
10084
130549
133765
1273916
28566
1006364
664036
313030
35746
165815
319873
292353
1953006
1226494
741526
13038224
204274
237976
81195
4494743
6561305
1247804
152187
102517
36061
56477
7471903
181471
4075445
80833
1134631
267089
896180
1352785
2959730
344318
356865
234596
1857998
116057
318232
241235
64744
210506
572321
35257
432475
13720337
2191268
462831
430879
149359
228524
34151
38100
75568
13480
1802198
254904
110127
1561618
3379746
224883
20785
86029
79466
11543626
191962
108810
34045
4342130
1089102
181036
762071
79590
96617
117497
70944
518761
1556711
43420
36546
387850
8446276
3556160
56582
59118
7249711
341608
7129943
67159
122317
561352
130868
375289
4840230
559115
45453
10496099
13420
497605
89034
12174514
15177
1438656
1399820
499381
72094
164357
111022
627884
4978028
18539
2256035
473938
269653
11976623
26495
75769
459915
501377
1597720
124061
2729970
31524
59164
29438
149039
122048
188805
935572
1106163
134624
497308
739397
242856
310157
110026
618752
1419939
298912
83701
1212599
237016
39206
15801
1538159
1367293
293399
143428
33528
941963
101959
365014
3344409
70699
196577
480470
224422
118228
3242506
133319
1974727
126034
64627
1129392
543558
215139
1370665
613570
2959623
299397
155965
693792
16007
45711
36851
5672563
31575
70781
366408
97323
934552
9322
4439186
46207
30799
498115
808123
99638
40974
32280
214876
6516946
253065
550981
2606284
9247505
156946
2185287
334708
40441
3602488
298757
201578
23322
22939412
333720
26174
194827
54014
272736
880955
17819674
25878
196133
1496145
44824
2326729
621143
1160626
402621
586344
116870
52965
58139
119252
791886
2785003
154501
889633
187722
158562
419244
342211
240969
81964
5515147
41516
19204914
232482
4406204
70960
524884
432158
7185998
150624
3421723
948530
308863
72088
5278100
30737
47698
235723
66454
1940413
3596041
116851
1369358
611681
247295
114139
275589
748407
43768
1379212
2020031
30151
7172695
27588
182250
191809
164333
103224
341833
384955
250914
24490
172268
967761
755277
40512
45106
4326644
130028
13926
1345070
140618
241369
157902
265257
528388
3113471
486461
17589
328782
238707
457445
249950
1230896
112546
8083367
1356826
118993
226972
87518
124653
193198
935810
214497
430906
31959
433833
2964136
770255
463542
46278
23905
2117797
911367
64651
137290
89820
158020
879563
520456
465740
625643
309037
221959
536664
1278104
32044
374783
926228
2834431
561662
86687
2260767
2108900
500422
2238829
17539
423019
594493
10275951
147958
191528
864984
21200
1233825
1560962
2252036
106449
21834
148980
1457397
2976482
94595
67783
628131
52174
44755
83004
68194
140842
95865
108035
837764
86977
1021701
103213
780491
3433575
33793
304426
370146
2627707
421705
1822965
133875
32204
134159
30613
276780
99799
58008
76535
103708
843626
450322
1394250
80376
814851
65768
56850
236078
101648
7681203
528746
211633
20537
18847
826006
66657
768791
2909086
1469109
147600
258603
2950528
162000
122218
166276
2134597
1353501
25048
1445400
80832
1621528
204088
2716653
400518
226329
1646766
578074
9105853
29984
155367
180048
271608
942988
863056
104250
551692
1183237
1679480
153262
8567189
67579
170147
61120
23053
290328
1818807
26214
4355718
91585
5258173
948570
456956
1736462
27373
226142
2964409
240712
441825
1034999
21738
48808
43086
1126123
190397
319486
78865
9578892
18981
137781
680203
499448
168710
2297989
5178108
3117063
109912
116321
1329357
1336855
49289
301731
117475
809247
82779
140012
277225
170201
378499
84634
355903
550848
132319
650014
842837
2343247
163798
224417
50669
201643
238468
404785
62769
8576528
2809061
89987
196252
59396
96520
170742
4677483
3426547
774970
465188
38557
227847
513497
80980
72142
29728
39656
86036
69361
812068
26722
138402
623164
148116
261057
812255
312094
144737
40447
67719
169309
833856
228491
54367
235404
21784680
131172
655702
64527
174200
125610
147746
585120
29562
103695
11016849
43435
169462
151535
206648
2265267
84166
3651610
259945
544555
3819837
120714
861444
285189
139521
1415799
69088
139589
37408
79283
296926
424576
283415
21181
146766
1144051
120365
166402
18769
25329
1050750
16877762
350073
4063587
170887
90228
19083
1798449
48174
62637
205354
44006
10113204
698252
360893
438227
5190699
643296
70410
188200
2364057
46917
56024
737904
2529490
873105
33688
497722
56141
2053536
578851
233483
20370
439629
65743
142109
44683
374923
520969
1011775
488339
1193902
145961
165161
34829
36095
3516192
74379
678777
588221
4034291
656806
3204733
555825
52720
779974
683246
553195
1982349
572508
76667
1329337
737994
259793
63609
37460
353143
113521
69590
109589
663446
23571
4288673
411986
111523
28412
1259912
13848
389302
537663
372763
656934
91941
782476
73859
70703
3043635
349475
182294
33727
906719
1943632
243409
342129
788891
74798
132734
1069604
861785
100402
124179
1060615
57322
54026
930662
2699863
25564
595104
844306
85550
19309724
205374
37318
2620578
571306
451237
161772
87996
80241
346718
145350
12614768
406161
57709
42092
173803
186072
127356
356273
12296117
784065
11543
140576
169222
34779
83130
215662
54790
136464
24883
498953
380685
2667717
53238
4369565
160445
493220
196022
3024530
131639
197043
73653
58204
187987
9177252
132574
110928
2927906
131310
85386
54212
54456
2498752
221246
112316
114867
2676826
1112603
86958
1450193
90809
607885
256346
657530
9470849
28155
5108671
67978
49489
526754
109236
69097
122120
88315
256524
93859
175213
272264
126511
251472
66052
651271
34645
625855
55849
93896
25292
131704
461655
48706
41230
1540113
1426275
10202
1667707
1572240
674079
64181
123800
8731
69206
56747
25074163
75584
223119
204387
73443
72025
7163469
49502
968962
25151
1589480
5842413
356243
385763
1971407
401675
17963
205090
2593404
131581
280517
167025
166002
1143465
13072410
149400
2816855
994924
333198
38837
15320
2003664
57310
50561
457314
12142278
345860
414891
2981817
321920
5206774
22781417
97985
3313924
72005
17506612
157425
568678
1202439
124707
2721417
83918
161060
593702
1050072
1274163
63855
2369187
593592
249634
472393
790171
1784707
33186
33214
394325
69495
218134
164677
163632
46587
362222
287320
123143
86913
149839
599820
1010338
8405183
68897
332917
981472
674669
47198
950797
219010
98684
37972
12784
3789002
502731
267690
27971
60986
835203
95964
82196
198696
3411017
721509
155756
3504289
512710
136902
44306
1316620
1064378
2485352
71550
328471
22672
134199
58615
71611
507860
83874
85890
1060737
181482
34580
2757414
932985
118619
518775
46687
325952
16804835
582667
34267
1728953
283081
531154
3147201
33131
50546
92360
68660
629348
56826
447388
103696
38640
23269
335774
48439
53398
172074
833671
10377834
65926
463482
94830
243100
292998
56378
99137
391338
1457112
141078
71344
177896
259112
91328
216899
1826897
349995
118862
372653
55197
99443
110886
87283
114790
221990
762233
407588
460003
238804
318442
173085
614463
2387863
118163
81754
417753
188742
111319
43217
185909
166762
80092
2654638
1539513
122861
59728
1214143
63526
323690
107868
2975059
206307
2251897
34559
3802263
34725
1254664
53196
58672
138107
240275
303250
342418
3759678
236340
129216
48100
656118
236944
139559
230166
156387
3063424
5331328
970609
131067
455844
1450117
405652
191501
248880
1223476
74810
197461
528069
96544
899218
18280
4929504
35492
304599
1003663
46934
71127
7313400
178328
1051387
2562075
1578892
201822
2681291
2574695
1401740
106176
59469
168210
105052
1014627
1163242
94172
17626
3523497
188619
3591276
61319
212968
1207704
77918
161949
295561
120717
5463029
2636831
39291052
465226
5859712
5655492
232883
127443
782988
52388
725603
224816
4703727
256888
409992
127259
2197911
848990
95626
328636
1979093
270435
170875
59945
152694
156413
114455
311892
3275920
45483
58814
203269
1050582
672384
838967
455553
1999217
479100
259325
82800
5840551
1049810
369820
101417
998124
495850
226437
899813
65667
3875393
2397175
66367
1504539
197944
692635
48255
58299
169014
91707
5141682
267754
127248
77019
2665625
349455
671739
248533
1086764
123228
277331
6450685
99270
26239
30936
57704
601280
6722235
12923106
91710
773019
32876
1327529
587331
226537
16106189
200467
221609
801340
98979
102276
313554
121047
1014201
1110008
1116668
285512
442267
3970904
1173848
393465
160761
6745769
131680
118593
139086
276625
42748
4208549
21400206
1594318
41492
511122
425638
55539
506807
45517
54781573
4434783
330574
32918
667611
45520
15580
4490071
132754
253308
108481
1342337
48465
207176
7372856
315417
1085031
721175
317284
2613316
791856
135346
3589279
71173
26009
182468
33187
40586
17904
98533
3534989
46964
247741
84775
413033
395301
448203
4033660
74393
260537
137942
50394
3251444
730236
24300
92847
99831
8605772
1449141
1534917
307594
106046
15702
26390
305861
206814
1782065
58375
5102281
62202
54833
24472
25377
1922355
4314307
276793
2382226
45469
1440503
10025
4484102
49519
149832
6058144
1908216
4400562
232947
8055029
227989
811764
337806
608975
258458
200080
44213
16318477
44780
251211
169193
226297
3350786
902871
54842
40978
2186785
110890
173720
836669
57268
342740
490091
76344
142351
37093
43749
176289
82078
1634532
103518
1548846
1792259
257568
271406
165827
303834
3581903
208293
59944
89992
278683
2255333
2488262
20479
430416
1322298
602453
2712336
174826
152368
121632
1081100
55409986
63069
3134595
405957
11803915
40480
5682292
158067
20825
3319872
2934661
427351
935712
22660432
39279
36006
206279
3652691
60317
4214099
335953
959775
75661
433026
25935637
12383045
38150
2522782
263323
1196810
15031
4237466
69730
442050
5982916
314030
108207
4086360
84903
63818
220668
46393
637439
58517
17742
200247
34057
1183663
120866
219663
3224984
6471093
350598
179715
71507
1165121
400382
2050475
74244
347929
214367
66607
1107014
41980
382426
181355
120038
64653
572615
1595788
480583
419748
555805
1161639
277232
55937
15682864
415643
3947147
82990
126564
3088934
1201438
153537
171842
12484
242982
550231
814507
77820
33397
272156
400604
811980
1004250
87113
177427
598437
18198
115085
56284
7581922
917272
294349
7315
4145106
55157
224206
583531
67550
984794
1068609
667120
171186
432967
83642
355859
740740
72222
94932
12751
75990
12491
105779
414493
244914
60537
391445
9719372
42706
352918
88911
1127739
205217
46733
374214
154185
16157685
1008648
89090
1932648
2458170
2590096
145910
3706206
3514491
449583
675945
1339007
295108
5300277
13000334
68601
118933
16701
2809214
592512
171703
413805
5123117
31007
406415
716176
1087252
92281
25331
150909
565745
143309
881185
36672
186559
88137
11426110
793783
3144770
193742
291739
3608958
16814
31902
124752
54018
933573
170495
148837
124518
398147
267517
62030
48313937
212388
167766
5560860
1648506
29466
1279848
408164
5536748
3469374
12777
88363
45213
2384463
24999
612811
356477
3333588
762115
665870
2359573
5626230
37036
713443
145209
559199
571728
20662
156546
55317
112613
44640
51479
1022410
210860
166370
33192
1474709
168074
79802
7920490
1745158
48241
101713
238371
226694
1269194
379259
60216
56393
211110
135078
349448
255933
124507
145955
32824
349174
3293795
98457
5458380
35621
457856
221314
897312
39645
90353
328804
10280
41962
4514785
76847
688230
74546
1815526
25547
59812
137831
508682
47389
24721
1071178
124953
290626
603495
17353
457799
86615
103236
215273
26891
89386
328775
16958
8262
759060
28387
40913
72950
317136
936469
1201814
25453
1220940
141966
1365461
3427208
134212
5230566
106498
364500
1011555
66240
109807
1228997
23076
51208
8990275
599244
253423
165492
495475
21632293
722242
494465
2193734
141758
230582
11365956
238606
48563
31036367
4599870
113416
63495
2176076
144839
436309
3627912
666491
74521
5803948
3610202
507823
66252
171257
2778497
130053
590372
382557
114840
28278
95721
66935
342972
37516
482135
11347441
30065
537457
126501
212238
2350429
281474
88665
688788
15661
1875351
199963
4787711
8055748
92474
145855
471822
1132766
107668
18901882
170244
777612
149072
989721
30035
958427
151189
1345822
70588
48273
1168456
155071
9759720
3629325
541508
20829
20386
133886
84191
7082560
104183
79025
169891
1486328
1931264
44382
131418
80837
260943
163012
9006504
840523
176629
1063709
4961053
727920
249816
1942797
802637
6468773
13459
14160184
3577
258329
38776
26274
196673
14493
1884907
4664582
10536
120905
725762
25131
90296
1048538
235488
1697098
1559871
384102
197877
293496
647266
241076
79140
140755
1032229
642397
53429
3703446
23379
2133143
2607790
37857
569200
619167
108259
23559
202765
1634880
897293
209852
145382
25346
355840
120298
236084
94831
48762
49779
1353653
88070
298320
67065
80690
28177
3112426
1146589
4417161
1130075
67430
774372
1214894
34879
544954
719557
67436
19005
352075
873645
50139
438174
236521
10884
106549
231044
1672977
142719
95539
76972
74979
83879
29166
220291
627695
994683
1818142
77276
65294
73367
361213
108154
24037
162654
103763
34241
120088
496972
741839
718090
88135
13086603
3482132
63450
1077912
1892334
983578
22411
205819
30894648
132736
1258297
226188
6282328
1029754
135192
133034
1706622
2245156
178392
1860500
16849533
40419
383814
1225225
15906
264613
222197
2228687
85468
8765443
5741228
591333
3851106
43742
89736
866816
80434
254255
414171
1327835
26366
47290
749279
122216
50737
1095989
5579232
12931377
35779
78550
53295
611411
13066448
1267898
618895
389956
219644
940414
184787
2853135
199084
229021
46359
1905283
1091409
58439
1072530
142549
209548
46019
15935
138147
1672502
68653
1029066
168795
3830353
2538810
243987
537972
1270913
306903
170045
6455097
1260315
250308
1185110
183278
712270
1103799
18288
2911248
6595885
9516591
151324
1240745
56502
1828566
1122779
56737
84699
785698
1379908
556718
54421
193235
224059
46822
198413
80744
38358
86207
258527
20497
36426
279268
160543
1178854
1062884
96946
182686
1361110
49625
94438
1605643
18701
71890
738981
2146880
1027802
42026
663007
46687
208875
85463
9816643
20912
48429
3417644
92654
246242
5990598
22290
82319
3917277
164967
98564
754883
733697
16687284
78363
605892
5262534
67421
139840
90672
910907
17795589
220197
11292465
326650
25607
42387
11448
315032
65784
377973
1519742
2820971
42664659
32397
3941467
97557
1247112
527668
3476701
29772
107352
1623419
124589
226218
88428
35063
30547
28825
58719
5934016
1114878
13974
864022
417813
2228899
817094
18150
41733
51928
3243638
259503
1181495
65758
3714729
109874
142617
38570
1619551
20675
481723
2192317
1817325
93369
74920
2208066
332242
62935
144063
175428
181928
8977774
823459
854442
35093
122451
110707
120026
56391
287661
312487
54136
1210986
28564
5240236
121394
164642
112597
280880
339548
210127
189283
316557
173485
780852
129099
547619
81696
2199633
296708
117651
507867
55748
185563
669969
147815
71859968
150833
154750
55196
5747534
251284
24906
1766125
123610
295914
148767
28610
1111336
142046
17832
46144
543501
384448
96569
30987
2697656
485008
61978
4850654
116323
1444831
92354
139056
486593
8643954
404892
146433
476875
157193
458688
25137
764154
325443
130562
21656
1837197
12437280
6712186
40953172
366027
1005870
3814491
2339504
86597
95323
843139
242996
79111
1965176
818066
72179
185388
36897
148089
159718
194813
102385
152490
8666029
1352373
44217
1447308
74245
83305
394678
679776
145744
1169902
275865
214246
272503
221846
15457
414529
24855
91498
30102102
43565
389690
505402
167751
193917
262264
115841
32500
17881073
4753068
5528732
107501
590700
551067
10267339
178365
34666
504391
4306826
1127246
55794
496991
1082297
388667
15368211
160470
823442
10618
42439
827203
1352473
108991
251055
397745
1106557
172200
223225
396402
199049
88116
323147
202404
156317
88233
1002949
1251789
110360
1091858
4141644
152071
331891
158078
38061
55342
377221
521399
221019
41114
124287
74047
52970
77170
131821
23795
369992
1713114
2246376
65729
28603
86628
142336
182182
32220
1557125
128773
610894
1250200
2003064
123637
3215641
406120
82554
7337590
136039
2535821
63758
5689976
106869
69080
28542
109241
1747144
44106
123633
60535
282212
101382
852523
424919
298157
884537
876822
437462
2609428
329875
60989
24056
440639
7731
1025119
129153
90088
184777
2265843
165871
1618339
370591
225028
57403
535896
160218
792695
42345
1006566
2717295
157632
206286
25560389
109956
145228
345828
2133186
695115
383266
3611724
100829
119305
2149481
65364
224131
2002037
19402
53393
601517
198104
50437
6942781
33377
297439
998737
1268449
62541
393627
137834
1055963
197572
23779
64246
4410157
32888
2666798
17317
284507
232058
15896
66691
278801
2932548
198712
236124
33493
600608
258091
11222
160903
18676646
629491
173591
6978105
331789
25806
18148
105968
129661
459158
4268663
29035
2711207
114646
353024
8795715
90758
53354
27255
1096154
472945
42926
3719544
121994
552388
6177389
1201662
29449
120169
26803
54351
406598
928264
190769
971899
9142755
509560
930212
742171
365202
31194
434503
399179
253531
89763
384311
305104
260549
2748351
111678
134572
2230040
55428
14475
162712
448671
118358
43848
411670
493111
159521
12478
717834
253310
388270
14170
3350224
1093173
19031
943622
147236
2756573
421041
323097
80329
111722
232163
137257
5806817
254120
2174020
1095463
1440929
67561
45930
121198
820535
564772
123716
384557
418672
254165
1115099
1490520
376385
19359
29861
1731650
5901604
114811
355086
69457
1150139
233345
45496
169358
83456
294232
4479835
361666
151191
184934
168916
1361043
1292353
922100
437885
150892
138514
183689
260922
11606
251821
349099
13628102
3432303
128219
243198
6908
684944
99006
30548
4016219
16905452
278653
95909
34177
165998
92381
1395050
236807
1606487
507710
90933
18658
262455
3577980
524935
177848
165003
39528
381999
787391
2599170
938616
390932
131071
220216
58477
10917052
366770
69172
1043864
3692787
111926
85467
197859
7803
102035
687345
450164
195889
240989
812296
537859
3637964
27332
36653
5329258
90468
481429
3450349
423476
44732
55861
25782
56818
2483894
52062
3882186
3934242
20330
148306
4502080
867799
3817120
3439048
68462
68814
18577401
352724
4830292
3803801
32655
2015295
1427855
307167
5182854
420252
58181
1493100
398012
149776
251802
1560127
62983
536605
2749559
395323
61285
130623
57558
7688926
170836
7511519
199041
4422152
289810
140440
69844
87039
131601
714187
2832564
74852
71688
47520
1621083
234034
679733
77936
68166
15019
228180
57956
64895
7395443
1237927
397490
649744
29781
229945
519205
179194
139674
27433
106310
344055
233011
50301
18286680
11921864
27324
1544467
1625448
6087147
145843
1486842
391475
2028229
1064502
59126
67597
161928
1987797
137850
50033
53285
17781177
1141070
71583
107846
161519
937749
38734
5908141
168944
176786
3541538
27944
845557
4001917
21760
213879
539451
61289
413090
2033586
59296
197841
107215
75759
40086
57373
634136
1039843
1061266
549207
2903723
105646
653460
254012
244267
97201
118268
2849196
386743
72540
516789
2708744
3180518
526489
465979
155709
212829
26795
223579
236588
248875
490661
264078
206321
2270441
120939
115712
68556
5295954
1990708
429808
120657
1727004
1932455
255011
574660
1987424
99089
199620
235795
48850
643043
84546
5362691
438761
113723
5397526
187424
248535
340151
29886
160785
5684792
50818
688692
25412
154957
476652
87574
287514
48963
103041
122885
1586749
73027
526018
707744
343404
1324377
15539325
187430
11279
740289
93428
201237
559643
325922
263040
4112865
143081
73561
35956
80991
257793
29811
41164
125923
4825449
1376601
6141950
69969
6857084
328931
20320821
7207711
132759
198912
346132
4640689
26520
254319
18701
201975
2394502
1910667
348170
344592
2563718
39335
2396289
127061
347650
237985
241900
8562932
95375
833901
51005
138762
23777572
259535
293219
239832
398061
93439
36398
413123
109177
28674
109428
168592
41051412
87312
118110
103735
323494
54362
597187
82289
4505732
288321
126221
17826
293846
10848418
208627
476073
161471
387245
750356
139688
44397
174421
56554
290905
32726
1044058
2774392
183926
253862
136905
91984
44814
594962
15124
6464886
97664
57686
861178
6934552
567064
74611
91206
179284
717384
83978
61345
2947974
807429
299159
1177647
1104404
3240540
30270
6329311
220554
2881135
6902701
581915
157448
3340308
128697
187958
209533
45006
237270
801330
252367
262976
5663122
89171
472323
31739
128248
272498
2850757
789779
367110
218526
2132004
42714
238022
111483
52934
40763
185185
179597
22792
423104
155985
203376
2796103
96686
1451971
48359
3879463
326631
334667
139154
45826
144098
2569631
100797
6582279
143777
116918
6362977
1230933
20211
321143
13612
2700041
11329
48156
75051
283725
84502
44271
66569
183561
186707
224438
209914
105712
3619493
63747
133945
54196
18875
75161
10051649
107029
64828
2895497
42781
5677978
432342
145416
3600795
19477
124831
947706
918965
186413
8232
114908
179417
1085631
4056627
33954
128452
6822778
106253
173970
1089574
127030
2687209
63594
100769
3213720
1679018
114559
791432
49403
137491
17838
339593
60186
3247243
791145
52010
262536
365574
34230
2853579
2922868
82397
264184
1741878
12594
21780
2583851
45274
7689648
68280
2813897
91038
12713908
10081962
7630322
1680727
12319
119734
101953
34660
395011
1133892
83358
15952
176348
61547
78104
44986
138395
181294
4308174
107579
155387
191686
496577
21927
140414
106457
45894
13434
171194
1127033
23945
87159
1710194
8744256
298891
27280
984343
392589
8854
173062
467105
3826846
9507
379340
99830
153477
52916
19860201
309223
319692
228512
429484
5649156
253148
489948
188277
51981
55692
6558077
88312
183162
64502
1462187
7551930
1518039
251861
163176
335103
558401
896275
425576
17705210
182039
136805
72448
158467
88664
8180011
122971
68676
4434912
33166
365767
220305
191548
737000
103444
367923
1650794
82795
309256
66386
432357
506897
39194
641460
253325
5945907
257476
4457648
648220
79337
40682
319619
254794
95190
109043
1155802
33379
222225
788228
77905
197766
2954607
44734
1173512
101606
983930
760807
30134370
33574
22107
763848
34372
17906
99886
517091
82450
91757
603111
31977
36807
1285633
11540
277810
1069814
54882
4456952
154470
1093408
25678
355391
1234550
175268
920751
629177
62391
56572
15690
10532388
72886
10301089
3477401
249427
321062
145642
170812
5641229
79052
544080
287731
313198
47439
1495607
4444239
441627
59811
857420
14966630
96450
222402
30394
997718
387598
256204
152542
19275
115685
19341
91408
1047782
41782
1250163
24568
2030065
351084
176433
8430204
115408
238967
463594
3078798
9716058
22847
80409
59522
516502
1709017
8180
931999
73191
28627
596654
2015342
90322
134942
244724
518450
136834
1106231
83503
243205
3462240
1346831
465251
186702
186976
120771
47718
2675192
1004973
182749
34423
154625
394104
2970153
86460
482821
6610739
529526
80110
86863
216198
105982
256078
1908602
1787162
97719
4645389
389683
36860
64799
5876638
62249
12025
1758121
39631
111479
49671
74403
663159
1601579
56720
180513
354139
1031075
2443816
334899
148925
886135
136115
329424
338679
104784
2966305
28784
175563
1566198
338851
138309
33873
214252
309884
1318388
147911
928761
40016
36235
76726
901186
29249
135241
458275
45225
190433
48003
124266
319153
6779546
34332
95487
35131
564471
212707
44664
48510
1109858
77789
532362
205692
2202433
177453
4362809
963586
140360
61347
21757
74530
202202
363737
48348
37482
3399172
504613
105871
37145
1180991
73983
1112278
573815
1774820
107591
3317779
143219
93378
46896
3202414
32173
1353384
1442827
54779
166098
251884
93705
295247
153301
37311
180186
4691198
2035868
160377
20870
126479
468487
98572
758876
141627
230616
1565461
98275
2045094
31032
43430
78066
1856087
569073
82690
119917
1069783
93474
214372
102005
80585
243458
51756
138266
121751
801729
43347
440540
652788
4048589
63286
3588402
829405
27775
2006139
2863665
54213
102625
71894
4708388
929808
1157934
673297
219227
76406
798537
5081213
111857
723692
365127
97763
398926
5933583
64096
205156
2848937
15122541
2068310
302141
62778
2663601
2441648
1148480
550337
48434
376926
23874
45510
278202
5122064
1648773
403812
209402
456050
64468
3595020
4354004
295605
10877
394264
348758
252713
55313
1024015
3552218
132729
855460
118872
90117
183538
22903
56211
3043325
107251
57269
123417
108178
205286
2136230
4521696
42122
1945167
76979
83155
34615
958667
33781
42585
18198
3518124
136258
1141679
46452
372301
1350661
35969
132155
539635
288853
69888
2661842
34191
118499
17153
129159
155024
53865
439914
373263
64888
5230797
4217008
254043
103313
5697303
286866
34406
47524
109337
496057
1508871
1166001
90429
441416
71573
2049161
115128
552829
29861
1397413
48572905
57183
70552
627172
192091
144783
102646
343274
288766
1680066
107539
932373
742037
9126
179818
1183123
5933259
343669
123016
2564886
428415
126214
175518
52690955
506467
259277
380646
28758
31888
550127
882895
480918
3084480
1781060
60056
143200
152824
300220
80475
1432049
2644187
59945
85368
35198
421321
2022655
302279
134057
119599
167735
159047
39581
4080443
110354
928359
383496
96958
19534
4221758
535318
658217
2824929
572743
183213
129002
2365220
170557
564647
324742
40174
63938
2353588
3517318
243499
67613
43559
53186
286017
2013290
43398
1583014
987923
42825
524234
52532
2059144
12885
354594
154518
533680
187459
190234
222936
294239
935768
357336
375474
772521
4487582
78231
25839
2307517
241424
274436
186586
52841
535384
137104
222228
243182
64168
399191
139184
5263226
6073339
65594
41711
225425
2906750
292222
59486
160327
237656
316277
280251
130697
352214
35737
1685025
1558028
110056
444655
1144793
5020695
1788438
723566
988575
256378
1177095
154292
115047
184837
3760423
115649
424271
42945
233237
25359
5203270
330674
147487
424189
279504
232274
122241
792720
317212
7874920
70541
32871
150924
1384174
74654
2387002
321807
5127391
40039
131352
811091
1374871
205859
1567991
1645964
36121
490641
227434
295717
1067841
345095
59747
3292538
278596
65538
417455
466174
286955
263192
3884274
1274975
348431
104532
1131569
53342
14652955
36518
6598866
828947
3875528
492763
6785459
505345
529003
71350
571700
2190854
1246988
53996
175522
2979820
1716989
1213219
112182
1419536
49182
178577
16233
108730
243719
431153
136662
38970
175229
45519
235873
88065
46552
27400
53334
60224
3376142
1944815
67495
2136289
2881151
69927
376445
1060803
319404
40212
153208
5204614
45677
176798
144864
339805
6066398
4243065
234689
103455
152792
595779
849927
327060
737835
563746
921390
174004
3330128
100485
212797
17487
447223
204935
27368
339116
453211
80910
3611741
134912
72320
66865
14542654
724137
178956
29053
106658
144275
1809880
13399951
57293
27414
240687
2620667
38198
137307
39015
221327
10355808
75522
848984
177224
772117
6950682
535819
2937708
335521
32841
27498
260294
270965
1784819
54323
272359
306558
943042
270910
957892
272304
130064
397172
251124
178763
102916
91279
10492997
923010
69033
38008
533258
190998
22176
2484167
787609
808184
2830687
151668
1613237
116190
1211230
3607910
22245
3013660
1379203
15765
26661
100049
17176288
1198015
210302
40075
216275
202282
4409369
882089
711681
47812
139206
257827
131734
51334
194900
316080
2173164
87829
71059
54675
3686138
94621
2011414
3650585
2871345
53457
439291
293920
4405206
434469
358776
362314
36675
1478832
1043610
46222
2982308
90587
2610644
291707
122501
85248
1380736
67618
1499913
33703
978106
1801213
92347
215877
129215
1068395
4543021
361294
61867
282948
119373
44842
99882
276206
682076
507952
1508944
304205
419845
1774971
55425
178522
45261
484413
104930675
1102965
1913977
2062173
1798377
112776
105633
38407
289917
351184
120528
69120
144438
41552
495228
157877
59874
254043
175389
119980
2717950
28103
409436
6254757
393929
39177
139015
1643516
724367
267696
156871
247085
15848
243139
1454170
275567
386736
158066
339266
188730
382799
116794
133323
663827
2258761
51294
509113
1117278
885345
33237
2318373
1215042
49051
381425
62218
244259
305846
3332652
24705
81050
807476
91061
53982
74169
3197154
61600
48070
55326
2620997
1072944
9743372
225579
118588
8173641
9975140
2396022
784418
143519
44535
196848
169792
830237
9415973
53020
26283
49296684
276415
95477
610352
184968
15396
204684
176878
686478
936377
424654
395737
102013
132214
54252
1348840
942026
28391
139692
248694
366955
810504
403413
389848
1760771
26327227
5747032
36528
5651635
71333
60787
520083
124841
895568
4077026
62491
15112692
1655311
825650
92914
125092
45127
342680
170521
765107
68672
288230
77274
365176
858710
8891176
25892
543548
207332
310687
887484
970895
1210900
88129
124281
118431
330238
111144
159433
202517
533089
100776
3884587
32765
1200133
340712
756672
507557
649510
32617
1321531
818410
3944621
4105380
149543
34065
532728
3149708
782059
23937
313889
7108229
31938
2316291
55883
415907
325733
413330
411719
1072948
300501
20332
80827
1258410
183669
83368
450807
1097048
275212
238100
409164
714859
5845802
87967
44894
200232
2521641
107151
322221
17440363
1824540
53602
1618422
147745
97156
1255410
4637981
49205
229168
80722
289875
414550
257187
111681
149897
417423
42506
747514
138905
666098
48961
80566
120037
56728
129008
117312
96746
57547
880612
4956202
457938
1731497
76464
53240
103981
529265
88825
45642
610112
802705
139760
753078
27326
37703
221608
155267
3786586
33744
2438951
126082
39409
162004
46752
332141
3499198
392498
50458
3619727
113780
313561
337545
3519617
910967
37316
542338
52252
281340
113007
212388
125443
534694
5716576
28192
606702
18593
426434
65944
552243
636358
32742
204885
58556
226725
18627
120869
748084
72384
119270
1263478
201327
113060
1584291
42909
4238682
228852
42281
27255
70653
426520
10876
148068
35690
250890
84640
65921
518413
41402
10932907
30279
37931302
3531451
5404789
526849
483063
21975
322778
1533117
682578
1008219
8017363
386752
170468
687368
210869
7946430
441653
109708
22323
123403
59638
46200
4058606
72370
151400
83583
15113
40676
85438
1026480
4348788
518043
108849
236920
119822
122439
126475
48818
1864073
858139
5473270
216621
3343722
142450
223762
44927
2844321
2770802
398945
16054781
738938
155089
30727
66905
11449
275737
145466
478866
14901935
81582
812642
36020
1050278
55476
437642
166964
79245
108668
338978
1215340
989757
66993
980576
1053222
143609
4184877
46356
355289
30099790
18080
568116
2027564
55417
32960
2902293
45934
50656
3086590
93272
11641
38592
10415521
667955
80087
90598
3823716
74432
68924
1528527
176899
701211
728716
60003
105281
4541255
185087
1733028
1625256
3694161
350725
1274078
981913
51388
12783
104984
161361
172838
11185391
4243353
5982464
289846
294764
24644
36189
190130
3626779
240790
816496
58776
227594
39231
6945108
6859434
44963427
112119
34646
26848
225214
55978
361577
2513212
47623
46225
7108175
400184
2417816
15114060
92228
254332
591904
39912
92455
136379
173118
37912
13313
32775
259890
62744
94671
281846
1318726
46287
41976
5234312
240527
85557
129574
478409
5208689
78434
223708
42408
20801
2555371
29056
116943
937699
58628
205916
84095
20509000
37125
838189
636537
1044235
43955
5024972
246942
198887
44703
603459
1039821
829388
18977
423335
1966722
92993
3475281
20622
12146001
5918405
11495617
3912623
118062
2489447
360765
142334
94086
33814
1853180
124788
667223
1414113
116889
2584019
65409
15341
306883
2259215
22910
2855621
704677
19060
961681
2191908
399234
574025
922025
28813
103147
63903
98106
3098111
69612
390164
364741
8134909
4315399
166960
80444
316052
203882
335818
1171231
71072
120193
50298
150402
10469
132258
350660
305421
97456
59245
158786
15206
141649
56795
173703
34274
2590891
1492049
218103
14418611
1188303
1181357
186740
57382
2502935
1467539
105644
3664298
144324
482315
473991
632864
984604
3669514
775787
175572
1856108
98684
1374778
81014
1196888
316167
532265
274414
271207
2378060
58274
44838
159165
778293
37769
688837
244865
49819
7082345
134689
143722
79071
185962
98162
30629
164534
3204572
197148
12206
495142
12994320
302499
36112
1452450
1682518
2353946
90265
28454
38313
4494350
250264
166527
466958
2959242
817735
86481
1430630
23144
358704
92481
1180751
622772
283558
173974
28786
336188
12461
391916
4074842
87409
869701
8124977
980926
35516
707717
12816
454508
1250167
70223
296053
544095
2002324
1724607
37082
5159474
5412818
26943
519988
52997
114872
72840
1275432
406784
166128
7682
2295708
34002
97195
323439
2194256
592611
4108338
101416
157789
95760
19844
1616986
231093
8170969
141951
48876
44176
160921
103818
574422
129374
1920110
3202287
579847
38442
1028594
4109257
45883
76580
38870
119273
956198
2827094
1484902
233437
34594
5930668
366957
330829
12135796
259873
174931
59692
400154
185662
685851
79300
3482289
462821
937491
31636
381187
2849647
201713
612821
5901810
60957
105618
1262700
1558193
2429429
357694
93850
15534
21785
134700
99803
32359
141764
51189
124259
173120
229997
1865840
222603
128838
2423592
25809
119380
68369
50476
519830
214165
334672
2668107
98670
3558061
217945
457106
269748
8336079
49339
1795728
893093
115981
555238
2558654
2126713
378194
338835
15491
2426116
27723
117370
186137
1462869
891753
1525028
1099765
40815
81434
13012
286878
255724
380053
72467
315567
4194927
157287
4814883
462920
216411
3355593
302524
558589
62301
99506
49081
1409169
1593296
43465
18553
72582
57097
574336
219413
303527
37239
16407
3285525
578510
112483
674705
286038
47530
92631
62931
739949
314062
49526
226482
81823
14126
43987
2076757
172757
250191
105292
25903
1256820
213087
413729
3290669
60551
610975
41213
488009
112869
971846
153618
1616079
189431
16121
628891
40315
282061
213527
1536493
1036511
126994
265707
1203232
263171
3170885
421661
22976
5969256
36975
50447
624198
1893854
1229316
7134943
41436
50328
118338
646131
2008437
2602355
221709
67334
1289015
1193289
35106
126677
351308
216538
758866
34392
73578
2590757
310759
68584
5615017
4463733
38135432
16855881
2679129
4638562
552786
264679
657670
8767244
234723
897095
696545
404608
137436
132829
289497
94283
1828271
100681
27443
2536353
2209353
3964412
209236
52701
49509577
1222952
47068
658673
231943
482192
332581
796226
23511
63260
84691
31396
334920
142376
483677
100123
545196
236959
53983
258619
122560
310699
19705
101377
187246
29210
48912
309643
1147791
2974698
2228431
81647
512599
102945
28465
26339
579911
347276
2018563
393134
404418
42756
58929
245342
3162915
1793454
1248810
7463355
190118
2726148
976950
101135
1182260
46036
47591
538739
191563
551928
1072845
72292
36419
257523
101860
44906
1083788
669012
32429
58192
16237849
15277684
838325
508716
229727
603087
5999713
47775
419092
45109
198977
1189014
281943
164174
123188
33046
185348
83369
758122
283367
818845
41012
130145
203042
333975
2584913
72324
109531
1566809
502850
42751
239054
424308
159294
2454786
143978
4794181
418014
333563
508673
1078748
58725
73265
354916
17608
1594950
30182
2202495
34678
21705
250077
125188
127139
36933
182335
1503863
20849
3041414
319945
507553
9224100
54938
237665
503052
289648
341842
1101640
1197958
384999
45729
43867
3810991
142123
309202
50974
2340725
381683
8704180
300665
26922
248061
30987
34985
2349871
542553
1428868
878364
367912
4749222
31028
31354
101856
1911863
2518520
732804
2256211
767351
6601275
7256
60337
181964
153305
14772419
188272
390216
26657431
9205
55665
8751690
2140889
79486
270302
19763889
30552
4924301
71469
38165
3144168
2519523
75291
50926
313346
321321
235232
58652
665993
701514
705745
10915
88494
785411
1465615
514315
463611
95883
3490152
21337
153510
310781
97742
111425
65344831
55423
32784
40790
854661
2182839
1418600
34065
37997
7788354
296434
9404888
16542
179394
2192821
205178
73998
2326233
333267
10587
855394
601597
35445
116523
6660971
381769
58505
43114
198060
54869
1089893
2347001
678798
594584
3058092
343376
567101
178702
1733260
235481
940612
22846
140904
1196192
92889
241885
8679818
128295
61972
2199561
31228611
121429
84923
1840743
394796
34533
62971
3623372
33979
237202
96087
56571
273313
1298191
48989
98835
235249
45400
7052679
218459
1264767
26895
26346161
3247716
157325
140361
4652935
36907
241804
1199535
114344
699197
383184
152488
159373
14311
797162
93180
166894
267318
2143313
3776071
2135480
70413
120366
211624
19494
346258
174441
740545
347244
134620
456295
4620734
199468
2406312
44700
949091
94225
248351
4298130
269797
93531
127267
33041
47755
64078
6846735
49445
50878
2894739
630515
356164
532672
621846
483832
34451
492859
928388
766849
175050
15237890
1602124
59392
230323
934774
476567
579540
88109
1093145
4183725
138882
854697
511562
118174
933940
38966
60303
109215
63110
22000
5282258
181850
145695
35229
200207
403210
59025
114787
3563368
1099504
1380432
571165
1350744
822033
5721953
242616
157640
1327665
16517
2093610
608727
36034
318161
2287463
33029
89850
3655563
160348
45273
451041
934696
355809
322063
18672
328458
637325
1632866
60176
34230
6487743
150061
772046
38326
569658
225621
26748074
30669
1144489
74595
144193
98189
5187439
306953
714280
538460
2472589
67367
5635587
63682
1619624
789967
265980
26127
179463
223858
85864
228214
30005
172731
605022
22655
391195
4318645
963315
261463
1609939
2115523
2740386
86842
24088
739456
43691
1078112
442980
74877
1511292
16117
11194806
452611
69153
5889912
77681
194913
285339
377553
82042
475366
133242
580170
263893
354726
404840
135470
110278
445695
39493
1899346
3550618
10702914
28631
10367
290063
176544
610006
61880
1012459
1505141
978445
643348
223540
4586993
3075599
1284648
421548
2614857
6195414
595892
1300347
270639
51204
217455
109416
4330625
42743
2456688
1252564
204313
415785
102955
341291
11202
50639
1787828
1432223
260958
207289
1523569
40923
1217783
279297
55948
332577
7059008
43483
25315
648209
4785233
36398
38991
175033
29656
33224
1874660
35465
275359
756177
767898
15229
71067
47305
42295
86465
2396703
1753894
125202
373630
630351
33545
72347
22901
270590
1019389
2143875
805044
71013
290831
129758
4564286
99531
39535
761690
1030803
315832
45747
567496
388158
477122
731557
122640
36889
93894
1076059
4620268
111746
522390
15734
1964667
52608
2265779
938433
119757
66063
19066
146436
3879296
99834
248660
666262
3417652
458274
40360
131568
64948
167050
93892
408469
548765
3345203
50799
133184
119059
94773
3545415
97453
512687
14205
1569208
97528
3857475
644966
870245
154684
228685
401828
768649
49676
24378
7753338
49386
2373230
954498
