8
1
173
153
4
-63
2
202
-101
6
273
-64
-16
-51
25
8
5
28
50
-13
-12
-112
2
623
12
0
-23
-200
18
-5
145
32
-274
-12
187
-37
-52
10
-44
-800
-19
-51
-1680
-75
-10
-137
497
302
-83
-8
10
94
2
240
-11
-4
-101
4
-133
128
58
2024
-36
-3
21
-1486
585
-4
149
2737
12
-453
-82
17
0
-47
519
3
-37
-191
-62
72
68
-38
-478
5
118
-1
27
99
-318
3
-81
120
-82
-41
1055
92
-10
-4
-25
32
0
-96
-323
-60
2
30
-63
-247
160
5
615
1
-135
-103
-3
63
-20
-2447
317
-80
34
-487
581
-28
262
-11
-378
0
-767
-56
597
18
-7
175
-149
156
16
89
-6
31
-34
14
278
242
-5
13
-23
47
-13
-1452
94
-15
95
-25
-771
-37
3
25
-3
-9
-345
-884
-714
-5
68
8
11
-15
-46
-638
12
1117
63
-26
77
-58
1
68
332
62
-56
-469
-97
-72
-69
25
-10
0
138
-90
-4
61
-1160
-96
264
-333
-73
25
-21
-541
-237
-9
50
82
38
-121
14
-2913
2
-867
-146
5
118
51
-6
36
-129
-7
-8
47
-22
79
283
3
601
1030
18
16
83
5
-11
-7
-5
2
-22
10
78
36
86
-671
19
19
-52
307
299
-1997
-184
-3
1
109
20
-7
-3
-438
6
1
10523
-98
220
109
11
-568
0
-427
-92
44
-86
-8
90
-2072
-524
-1349
-26
806
117
-164
-69
14
45
-6
-25
-161
0
2
-3
207
-2203
62
16
22
-3
152
-203
1042
136
32
-11
-18
1
-21
0
120
47
136
16
-101
6
107
-142
289
37
-179
-11
37
-134
3
-707
8
-76
-38
62
-305
11
66
56
367
-62
31
-184
3
238
-243
-46
24
42
0
19
5
431
10
187
-9
-34
539
-1538
-188
25
6
4578
1626
-89
436
5
323
-82
-145
6
-390
-26
-48
-177
112
370
-23
110
-9
-118
-11
9
-34
13
26
8
1644
44
-590
114
19
-26
-56
32
-182
1
-71
223
29
-152
-803
-15
-17
-14
62
20
-205
28
-82
13
-11
-559
29
-54
-25
-126
-4079
170
45
8
-46
-4
-100
-27
-27
8
423
-53
-104
13
-196
321
122
55
5
45
-18
26
243
-43
-36
-240
-11
67
5
30
160
37
7
-90
33
0
-46
-192
-91
91
-1
358
-10
-118
62
111
0
6
35
7
-3
14
432
-72
111
84
1
7
-293
73
326
-5
-118
1
-255
-290
-9
-51
-125
13
-247
-606
-8
203
167
10803
-6
4829
0
-12
-38
16
22
43
329
28
-11
-1
-75
11
-1601
-159
9
-77
3
-192
78
-19
-22
-7
424
-85
-92
-39
30
-711
-24
442
-753
-48
-6
117
419
-2
4
303
2690
-7
-360
-17
-189
-99
-1366
119
-502
6
64
-10
-16
26
-28
44
-26
99
2
-3352
-3
1
-37
2
10
157
76
-2
30
22
-91
-10763
20
17
810
14
18
129
-20
-115
1
1141
0
36
696
208
-1
8
693
3
76
-88
-307
10
-124
200
-5
-36
-199
-6
26
21
-19
74
-54
-76
216
-9191
4
1755
15
495
-185
-3
-194
-11
-66
-156
18
68
37
2525
32
1
-3944
0
-1
24
-316
325
30
73
4
16
141
1407
-395
16
122
451
-42
-52410
70
-193
63
-113
-3
81
-25
81
-15
-712
2
283
-7
-10
-97
1
-488
-261
13
2130
-23
-87
-246
-26
67
-188
-60
-173
2
-29
23
23
1045
-12
292
197
-2190
12
21
-7
-20
24
-21
429
58
-7
629
-1
-1422
-669
9
1649
-135
51
198
-444
29
-896
-602
12
122
-645
-211
146
117
4
-72
4
104
667
-80
-101
-312
-87
31
-138
-210
87
-35
83
6
-198
13
-9
3920
10
16
-9
11
-176
203
3
-313
483
4
1256
31
-3074
13
-964
-1235
121
-2
-2842
11
-12
1255
364
-281
-82
383
203
574
434
48
-159
-33
-22
-2
6
44
99
19
300
-83
-1093
-18
-3
-21
1232
-110
19
-433
-59
-6
-122
829
450
438
81
3
-10
624
493
3
2
95
145
-2
-16
14
18
28
13
122
-3
41
-44
1744
-1006
-3
-34
-262
2
-696
0
-4
25
-4
2
-2
-22
110
109
442
41
-48
-37
5
8
-6
1118
-76
-611
43
-435
-22
-17
0
-291
1589
-58
11
54
154
55
-22
160
-10
32
38
700
2
1
-36
16
-88
158
8
-5
-52
-279
21
121
110
-14
450
5
-160
-130
-46
-12
-8
80
384
-109
404
-57
11
33
-23
-112
16
-7
46
32
-2
-41
75
-19
-19
0
280
-32
-56
-24
2
99
-134
-11
2
-179
336
126
-3
-17
-15
-29
105
25
-106
50
-631
-566
95
-286
33
-10
-46
7
487
84
4
-29
-446
155
445
23
-43
20
12
75
-512
-286
356
-12
277
-324
-36
-180
0
16
-176
-12
-846
-19
-623
-157
-22
35
-36
6
-263
-7
211
-109
386
-12
19
-44
-4
-10
-21
830
312
50
-6
-17
-14
86
-4
41
12
-46
15
-186
4
-14
1
-136
-84
37
7
56
237
-7
-9
42
26
-99
-239
-12
-534
12
-3
-485
137
5309
75
20
-161
-1330
132
-6
-1
3
-152
-889
12
0
291
-6
-108
9704
261
143
-761
-3
113
1
-7
560
55
8
-5
-117
-3
21
-36
-14
-7095
-17
120
-10
-1
-1206
-24
-157
-4
-102
5
-46
-17
9
26
1
3
-430
48
-243
-71
-12
5
21
64
-173
15
-24
-12
82
-13
-1085
-103
-75
8
25
-92
19
350
-171
14
-477
-294
1
-178
1683
-2
492
5
-152
-182
6
-7
-1
79
-68
-116
556
3
-17
274
-5
-58
211
-29
72
29
5
62
42
-25
-6
17
-72
24
16
-178
10
-52
-96
-32
-300
222
-358
-25
-82
36
49
0
-12
48
30
-15
0
-10
18
-64
-168
216
72
-20
-90
2629
47
42
505
36
-464
-21
21
968
-6
3
41
313
-1
188
95
130
-1
17
-11958
3221
-31
131
886
-138
151
249
-536
-312
208
124
-54
521
387
8
-323
4
229
-12
-3352
-5
-1906
380
859
-1577
-23
1103
37
7
122
3186
13
129
72
91
3
1777
6
-428
17
-5
93
37
-158
-895
403
150
-58
28
28
94
161
-2
-613
-42
-3506
-52
11
85
-251
-21
68
5
27
194
-80
7
28
-4
-78
96
143
-18
13
33
-53
1
7
46
-29
-273
43
-17
-2290
22
-952
-86
148
-183
7
-17
-31
957
88
393
32
-7
296
-3
-698
-49
-63
-8
1189
1
-4
636
1
-467
-3
106
1531
11
78
37
-1144
-391
-14
-7655
-26
-623
2
-1
551
45
-29
124
2
14
-2
-2
-1095
-8
-273
-12
-103
-20
-396
-1058
-22
-22
-313
4
102
223
-110
-11
-55
-23
-27
59
44
40
30
-304
23
1049
-7
218
195
-176
891
-30
-15
93
33
23
118
7
0
65
40
-478
346
12
91
-45
681
-27
-37
1747
-43
10
-49
50
-6
-321
-270
29
-17
3
-28
23
196
204
-230
1499
-62
16
72
152
-309
-271
-374
-7050
-158
-4
24
9
-26
15
-1
-14
270
-12
-652
9
24
252
50
315
10
-5
-120
5
442
-132
461
-852
170
17
-26
110
26
-129
-176
-657
134
13
-2
-2967
-2
-1
10
-6
-2
-22
-53
-362
1964
8
57
305
10
-3
9
-320
-9
568
29
-103
-12
-70
-9
8
41
-60
-221
708
2
-799
44
83
-390
1126
-77
-74
284
25
-3
-775
26
64
-38
8
-14
10
47
176
-22
34
79
-37
116
36
-10
3
10
34
11
-206
-19
-372
-15
-285
5
-584
-277
622
-3
577
-5
-272
-16
-29
857
-1825
-3
4
-10
-54
58
24
-66
387
-41
-21
-25
-18
-11
7
-5
-148
4
-1575
180
99
-152
-263
-97
-48
18
22
2
-6
-35
-109
167
62
11
-18
80
3
-64
-12
72
-12
-60
-2
-12
-25
25
-13
208
-23
-25
-193
141
296
1153
40
0
-93
1179
269
7
-90
-5
117
0
-463
198
-4
-11
-653
-18
114
-13
-99
40
-16
100
-25
52
-35
76
221
45
49
22
-115
10
-185
71
90
0
-16
-13
324
-241
-1627
-206
25
-649
155
2
-22
103
2
-1
-35
407
-450
64
19
18
42
-188
33
232
-365
674
-23
-88
0
-26
-611
2
-6
-159
-20
-59
171
115
383
-14
-6
-97
-56
-6
153
-10
-1
-10
-36
185
-37
342
-13
-70
-186
-62
57
11
-70
-30
-62
-165
-7
268
-19
-30
154
-279
-39
-38
51
149
-15
45
35
-1
-15
-41
-12
-107
-49
-15
132
3
-6
-974
-126
84
22
-73
57
19
-39
-314
337
23
308
-2326
5
154
2
-31
-17
-544
-90
-41
-1247
-11
43
-6
69
7
-26
0
470
-118
-38
7
20
267
78
-14
150
-31386
175
-2
19
-7
-18
9
175
24
11
41
-1
-93
-6
-11
-16
361
-111
-1179
39
29
-1
72
2
-13
-34
-629
-54
22
-14
8
-235
-18
-44
-133
69
-132
109
609
2
2
-81
-55
1422
-383
-188
5
68
-21
-157
4
99
30
360
51
-937
134
6
2
-11
11
-51
70
4
117
-7
-20
453
2
82
42
443
19
70
-115
67
-1337
47
-657
20
50
-41
-88
-4
18
-14
69
-52
-9
-129
19
-177
-3
18
-52
215
-11
374
60
-285
57
-209
7
-195
18
-1530
-6
2
4
1
-75
-12
-9
-225
2011
-73
-2
-25
-91
76
4
1
67
-4610
12
-748
-23
89
-212
62
-24
140
-15
-81
78
14
50
4
7
1480
-185
1258
-61
4
-75
-93
-18
26
-50
-102
-16
-2117
-17
-56
-95
-298
8
-1107
-553
-598
37
-3
-261
-511
-2
-366
15
-816
-666
-96
20
-4
199
12
-83
-22
43
-531
-114
-17
5
447
944
655
49
-255
-2
59
25
-3
15
-3
683
-4
65
-36
-11
-259
231
5
-28
-53
-372
216
2476
0
-42
1
-244
54
-144
50
114
2
633
-1511
-13
34
1
-766
82
22
-98
-6
-2
489
-130
20
-150
-4
-30
-359
-16
5
-547
-18
1254
5
14
206
-7
-411
-341
701
24
21
61
-498
-1345
22
-15
-6
-44
-6
-62
-738
298
-54
-62
-16
-96
553
4
-15
33
-463
18
-27
63
1416
24
8
-217
-64
-20
-1292
45
23
87
-29
-96
-20
24
2014
-35
10
88
12
-114
-483
283
-2
-206
-104
-728
70
20
33
-45
272
72
7
-25
-78
31
58
-6
-10
2882
73
32
-13
-69
156
249
-13
101
-13
-3
-197
201
407
79
158
12
-32
358
-2879
16
140
-16
-532
53
-126
336
28
25
56
485
6
-86
-64
-85
-269
-87
-130
-1291
-18
-46
35
115
-1
-82
-57
274
-152
70
-16
-8
-6
2548
-438
292
-484
-14
16
16
-69
269
-72
27
15
0
-45
28
36
24
167
-146
-12
-278
191
-20
374
-2
35
-45
-122
97
-28
104
3
-195
-72
-21
-22
-5
750
-16
-19
-17
-396
-886
-225
-4
48
6
9
823
-1388
-30
-28
-2
2
-73
-42
-2084
52
49
-1622
17
-544
13
16
-2
-432
-625
8
-8
46
146
-293
9
3
-403
-89
199
-45
-35
-451
139
-5
-10
71
-44
-22
-22
-15
-359
-43
127
103
-275
-190
-467
-91
3
16
230
18
176
141
14
16
-177
-202
555
677
-21
-385
-21
159
943
-68
-19
-640
483
118
-36
-35
-71
-1
-158
216
-456
-10
0
27
-2
-5
53
0
-90
13
-1191
-48
117
-29
-32
16
-248
482
14
-12
6
7
4
-7
139
-3
-46
-99
498
-103
-62
110
-31
70
-3
-410
3
5
-6
7
-3
1044
-70
70
-2738
35
-73
-268
-245
470
-6
4
532
-33
-256
-7
26
176
-32
32
956
1
-63
-2
1092
565
-2
-26
117
-4
-15
2
-41
-9
21
-140
8
-1059
-1275
-244
15
30
403
31
-27
-4
47
-50
-54
-187
-239
-47
-6
499
1
14
-18
44
-447
-310
45
55
-245
23
45
-6
-722
2
24
227
-28
25
5
-1757
110
4
8
0
114
-8
483
-1173
33
77
3
-9
4
-38
1013
2
74
19
-17
-16
77
-13
30
32
-14
-6
-211
464
26
-79
-7
-1
-8
-47
1
-74
3
-8
20
117
16
30
956
257
-8252
-36
1
-1595
-65
207
-774
421
11
28
-37
544
-67
-87
284
7
-24
121
2
20
13
-25
13
-17
-5
169
-62
2
-6
-3
-74
45
-234
-271
7
-312
10
35
-36
20
-2233
-405
9
-4338
-529
-30
-206
7
-50
33
86
-102
42
-2861
-32
-5
51
-81
1
-101
-96
-83
9
-35
-20
-213
87
-3
57
-89
11408
-61
-32
-401
669
223
-64
6
486
-26
11
16
-20
7
1335
77
2
225
-38
4
2
-19
188
19
-5
1
-4079
-249
-40
186
8
278
81
297
-90
24
19
42
-104
358
1500
-71
-27
-189
-76
-8
-1616
48
-217
-13
-295
-447
-23
142
248
-213
250
8
-4
-1
31
10
188
46
-2
-5
-51
-26
-27
176
-1
-30
-14
-415
-18
985
380
-497
-93
81
493
861
-23
-18
84
7
-62
-163
-50
37
-11
-6
-82
33
-119
-102
53
131
-7
53
225
33
27
-22
2
271
10
28
-5
-242
-6
35
-203
-13
-154
-249
-146
40
-221
26
115
-4100
-64
-327
4
-50
10
-6
110
-9
148
99
-164
21
-288
-107
0
140
-72
-2
-29
-6810
292
-267
63
-122
1
-57
-66
37
6
-3901
-375
-327
-58
-92
-8
55
3
151
-337
-227
132
16
13
-108
1
52
66
5
-58
-48
3
-6
-121
-48
2533
314
-475
13
-275
1132
1
0
-508
25
13
32
206
448
-712
6
-73
-45
37
159
-280
32
120
22
-1061
-761
34
5
-35
12
-108
-64
382
-29
3
41
-470
-949
-55
2
583
42
-73
156
544
-18
-789
71
10
62
-103
-4
-40
-26
-130
1477
1
127
861
413
208
22
5
120
-20
-163
40
-41
-497
23
10
-327
849
31
-120
-1226
-40
-231
14
211
190
19
-68
264
3
21
56
-2
-3883
-19
420
115
-6
-1256
53
-134
-3
-13
174
-450
2516
-228
-77
768
-4
-249
15
-1
2
14
5
-2
99
-49
-5
-88
6
39
111
3547
48
3
-23
-17
-919
-1876
-8
-143
217
19
-254
-8
-34
-1572
-637
4
-24
-1
-6
-5
10
-18
-794
1
-13
179
-5
6
-9
-997
-126
2
-104
-22
-257
-56
-90
-38
16
59
5
-503
-23
-1996
-114
-6
-307
-4
-298
-19
-263
40
183
-63
77
25
-22
132
-79
-62
7
48
13
-7
5
22
-1401
-2
4
1248
0
-18
402
18
-825
-6
97
-24
268
296
179
208
-4
-364
85
10
0
-181
136
-58
437
288
-4
20
-139
-492
301
11
-17
-68
44
46
-370
-25
20
939
-22
-3
-20
88
225
-1
1077
-155
-439
-18
-1
-23
-127
13
-1
-2
-122
1
26
-53
174
24
-132
567
-1649
133
131
221
-2
-1
22
-111
-33
-43
61
-215
9
1316
-12
-10532
5
133
-12
-15
32
-224
-415
-5
53
-12
-5
-43
-15
4
32
139
121
-9
6
158
-72
-565
-16
-75
320
-354
12
374
4
15
-131
987
-26
43
10
16
-60
-66
418
0
192
-55
25
-9
2
13
-9
218
113
-92
126
-48
21
-197
-691
-54
26
82
-201
-173
-48
8
37
-628
117
181
-4
-141
193
-596
-94
-110
-2
80
147
-61
497
180
-47
24
-57
20
2994
254
-6
-36
-26
-194
59
847
-7
1373
349
-214
-36
-50
58
78
573
-71
-30
10
-30
-20
12
79
-106
22
-18
-636
42
25
140
1
568
244
-23
32
-60
-140
34
0
-589
-608
43
40
-141
213
-42
-36
-93
31
-6
10
208
-1029
131
275
-12
-263
4
-60
-8
-152
-62
-198
12
-3
7
963
-9
578
3
191
-12
-861
5
-32
-10
14
17
167
37
160
22
-1
34
-15
265
-3
130
-4
-151
-154
12
-1593
-120
60
42
75
5
386
211
20
58
130
-277
32
13
186
-3
-18
51
15
-97
141
-83
-7
4
12
-98
115
343
-123
-107
21
-575
103
-129
-42
635
12
133
0
125
2
-6
60
-9
-7
-184
-7
20
100
5
-126
-116
3443
-7
133
311
-1
9
4
2
12
-27
-66
-1142
8
165
-227
-236
105
296
6
-6
-56
-8
-203
26
621
-5
281
101
-447
-3
10
-14
-430
170
28
-656
-447
-31
-179
-153
-16
83
750
-4
-1
-148
15
-492
14
541
77
43
25
-2
1
396
7
-18
-39
-563
8
-77
-1
140
7
-2
-75
1248
140
-115
487
571
-29
187
6
-1590
568
94
-19
-24
93
-33
-113
-50
-22
-222
68
2
502
29
-38
-30
-49
922
271
-472
-13
-1434
259416
7
197
-101
-88
33
-397
-3
-33
-1
-39
246
14
-80
-436
107
72
-446
-15
3669
4
-159
232
102
86
-4
-4972
184
807
15
-138
52
-28
1886
-45
10
-21
75
-11
-385
-17
3
170
-466
-1
-1231
-11
1033
302
746
-24
-4
-333
17
165
-11
22
141
170
-11
-119
8
-431
-25
-5
-162
-163
-95
-11
-23
-236
88
-5
0
139
228
17
2
-406
14
-89
18
-315
-1
-18
1
767
178
-980
22
-230
4
47
-120
2
-26
-18
-157
168
13
7
0
-236
-44
-71
1
1309
-149
-15
14
4
239
-1
138
-37
-2
150
6
7
-104
95
15
-2
-13
-2
1
-3
-9
1708
-462
322
248
39
-22
2
-4
-5
99
38
-79
-845
-19
32
-2
5
353
-144
-38
16
-42
23
7
1296
-859
5
-23
75
-13
8
139
-2
-38
13
11
-319
9
-719
-14
63
137
45
-16
14
-23
16
338
421
8
-68
14
218
-22
46
55
-36
-75
-345
-16
-129
11
335
231
-23
136
-8
-119
0
-37
-15
-1374
133
42
643
123
38
84
-129
-526
-1510
-359
5
50
38
1015
48
-424
66
-2
-2
-5
5
-37
76
-55
-20
-42
28
1148
37
-4
-208
-5
-99
-1
-84
7
201
-24
-5
36
-15
-5
29
37
141
-1
-206
100
-65
-41
22
0
110
-5
44
-233
-185
-211
97
-113
2
27
0
18
24
8
-4
-7
786
-6
-1
53
114
80
3
-2772
21
-502
712
3029
-7
20
-32
-2
2
70
-1358
-78
1770
12
-168
-4
-144
128
568
-35
-465
53
225
50
50
41
-35
-46
-92
-224
253
-10
8
-207
24
-171
-9
37
-1
61
1
-63
103
-5
-27
-32
6
-21
-55
3
-18
-12
8
190
-9
19
105
-9
3
-15
-25
-15
91
326
-98
-314
46
-32
-2
0
-11
-472
62
-22
-217
-442
-76
-5
-6
-545
-1304
-1678
274
20
-541
-75
64
-28
-6
-96
-474
-14
130
-2
52
-6
-43
60
-33
-113
-25
-72
15
-388
-13
-727
1
-124
-227
166
1382
0
1050
-1097
-98
26
0
5
-191
-2
355
3
-4
-102
-31
73
75
-889
-529
-28
-14
29
2
-2037
1
16
20
89
46
85
-2
-22
-56
-39
-17
-23
-260
-12
74
257
-235
-4
80
3
123
45
-18
-5
-37
-14
242
76
-20
30
-12
-74
-147
-2
-158
-149
-210
5382
-149
-34
97
17
387
11
-9
38
-574
9
85
-59
-1760
3
780
-12
49
-110
950
10
-52
44
2702
153
99
-1282
-12
-268
-57
-26
-70
41
-96
21
-2492
-43
-42
574
-145
-10
-33
6
-69
88
307
0
-23
33
-2306
-49
-66
-44
157
17
-17
26
-80
-73
-424
321
-273
-338
167
188
17
-112
-80
-7
2296
326
14
25
-24
-488
141
12
-289
-118
-15
-689
155
2528
-86
-6
-1248
-6699
339
-105
-16
-63
-28
63
81
-11
-1742
-4
11
-13
-31
-109
366
-57
3
-4
92
-17
-5
6
160
10
-91
527
1020
52
-101
-23
-2
32
-19
-16
-41
53
-170
-4
-338
-7
17
5
13
55
-291
-11
-130
152
-55
194
-88
-66
7
27
-236
17
-8
-22
-8
116
-27
-15
-234
-232
147
-27
43
-6
64
6
179
-67
-5
-10
16
-69
-378
-133
12
-255
-9
14
-2
-49
-59
-163
154
80
-16
-57
173
57
4
-145
1
2953
-196
-1
4
-173
4
-30
-13
178
34
-86
-68
757
-40
27
-15
16
58
-279
-6
31
-2
21
39
102
-4
-164
13
-19
-15
1093
34
-10
-88
-1
-429
59
-1367
-96
18
-53
-201
-6075
-327
22
17
-13
-432
-87
-36
-395
169
-21
-87
-45
-297
-64
-15
20
302
-26
-104
217
-13
-405
87
1
5
22
-86
218
-28
-21
356
349
-22
14
14
-126
103
68
-5
456
130
-48
66
15
7
-4
8
384
-310
-60
-4
35
57
37
32
11
792
1641
117
80
-47
-7
718
67
-42
21
249
38
62
-13
1
-172
10
67
-26
-262
-283
298
644
-184
8
-264
481
-217
-143
-547
120
-50
-73
-3
-3942
-7
-23
159
4
8
27
-161
141
-124
35
24
101
237
841
5767
-24
-115
22
26
1021
-2
-95
-3104
-7
81
2101
-441
8
95
-8
-159
-166
0
-417
20
204
2
651
911
-23
-61
-175
-52
-58
-38
-89
52
656
-846
-164
12
5
243
-212
-161
37
-76
74
397
0
-78
63
351
16
-347
0
-3265
-7
45
233
6
14
529
-2291
133
-980
-190
19
-1
24
12
-224
-23
-54
-14
-7
-773
31
-7
28
36
20
11
186
-43
0
37
0
-12
-43
-85
-17
-18
-2
3
-58
-29
20
2241
241
230
-4
283
-147
35
-34
13
41
-20
-17
18
9
585
-10
-38
-84
695
141
-362
-173
-43
51
151
121
10
-6
186
30
79
61
-84
350
0
-765
31
188
253
-5
486
-11
2
-66
3
-17
0
4
1
1629
0
0
-410
3
97
9
-25
-52
-1578
-1
117
164
-2
-726
-23
513
-16
130
-5
-277
1
-275
172
-35
192
61
60
-279
14
5
-270
-600
-14
-159
48
8
3
176
-4
739
-195
-68
26
15
-41
151
-93
-131
-24
-121
1
2
-3
89
-2
148
70
0
-51
15
-11
22
-21
18
1201
189
-967
7
-582
29
222
-1
83
-5
124
-46
-400
-87
87
3714
52
1381
1067
60
-43
242
-60
7
-41
395
9
64
66
430
-43
16
-86
512
-15
156
26
-172
45
15
23
135
-266
42
45
30
284
89
206
-41
44
37
33
-8
-58
-584
24
-4
-3
233
236
-108
75
-558
-298
-121
-170
-72
-27
7
-5
-69
-4
41
-51
-9
2
-151
333
-27
-32
398
-104
-1236
1324
-442
51
89
2
9
-100
113
-19
-22
14
431
60
-188
4
-184
986
-103
-18
634
91
-669
888
52
22
1157
-1
-26
404
-137
5
118
-1
-79
49
507
12
-843
116
113
-411
19
-39
0
110
-425
-110
65
-15
2707
32
-13
72
-149
795
72
99
11
14
-9
1
-384
2
4
152
-50
-3
-448
-38
60
-133
12
83
-43
-10
1
72
-73
5
1035
-2
-243
24
23
66
137
38
-75
14
-206
-325
-304
-86
0
-22
-1
-21
2
2
-80
417
100
5
-84
-297
-10
3190
27
-167
160
1026
-22
37
32
1255
105
-441
34
190
-115
213
24
-24
-18
76
-14
290
-191
62
8
-1
25
-6
157
56
-13
-7
-867
-9
59
-99
5
-68
102
-85
42
-18
-21
-53
7
2
81
13
9
-8
-21
-6
215
10
-2
-72
-13
9
580
353
-176
42
-4
22
22
-228
28
-353
-37
-2372
12
21
0
-28
-12
45
-51
52
13
10
-8
-251
99
-14
68
-1620
-270
265
8
41
-117
3
43
-51
343
16
41
-17
2
-53
-206
-26
122
-33
-321
-175
53
35
8
-34
-277
-18
54
166
8
-7
-239
-85
89
128
-34
5
-143
-96
565
27
-74
-1582
-404
14
-26
-7
-105
449
7
72
-4
7
4
-470
126
16
-36
-4
-48
9
24
-16
-4
-75
-5
-141
-29
34
16
1
-1188
-63
-3
176
87
37
777
-46
-1331
34
891
-4
232
-23
-135
-90
-1343
96
6
-1
274
-213
-2
5
-114
-3
-43
26
533
53
231
-1
65
-152
-20
-184
-1699
10
94
-647
10
875
46
22
-13
267
-6
-326
-724
-7
-51
215
-170
-1072
186
20
-34
772
-3
-1
-11
1
-10
37
-163
22
-668
4
16
10
-8
-15
56
-1
-167
24
154
1
-5
23
10
-109
28
-150
1115
-1
80
2
-532
-8
8
52
-24
-11
-56
-3
33
-34
18
75
62
-81
-81
-13
26
-108
361
499
-3797
-79
0
-7
-13
228
-196
-79
7
32
16
72
35
49
-35
36
114
277
38
-71
-1
24
-35
-142
-67
28
97
19
-5
-60
-37
-116
538
68
5
-5
2
119
73
127
-24
25
19
1
14
313
134
531
808
-108
5
332
-46
355
138
145
-46
-12
34
7
-367
79
16
-11
2
2
285
13
7
0
-21
-21
-49
62
2
-85
95
149
-3
0
27
1
-420
52
6
546
619
11
-46
20
-1
-2037
-184
3
-151
96
-22
165
-116
-130
-54
-4
-68
-63
3
79
-2
458
150
-23
-340
27
-36
-4
122
106
-12
5
0
179
-82
17
-2
100
-107
35
1
72
21
0
0
-177
-28
3760
56
-303
-4856
59
-7
15
-70
43
1
-33
15
-69
63
27
24
8333
-474
245
187
370
-29
6
-8
18
32
-22
-12
128
-61
927
9
-2
284
-5
-2
-4
-32
71
19
1
22
-10
1
-5
62
25
-153
47
0
-39
20
-10
237
0
212
4410
1
-3
-5
-44
1562
-14
24
-48
25
83
1109
15
-134
40
-2137
0
443
3
15
573
37
-68
81
-151
9
42
37
-278
-42
5
-2333
14
30
86
21
-76
-1076
-32
-31
4397
-72
27
24
-1528
320
-64
85
10
3
-17
131
-4139
-22
200
5
-178
-18
5
51
-301
-32
29
-889
-164
-103
-92
15
-43
-2
-226
-63
166
-52
7
20
1
0
203
-8
377
-32
313
704
1
42
2859
32
128
231
-650
4
-1
103
1
-223
-373
34
58
-5
-412
1793
14
-44
70
-58
21
-13
-944
-47
-30
-10
-9
-22
-1
2
-52
-13
-32
2980
-7
-522
786
-79
123
154
-4
-20
57
-43
-7
-56
97
-2
-106
-397
-10
88
-124
9
-861
-59
36
3
-5
284
29
0
-62
54
0
-8
279
-12
17
-95
382
-74
-126
-56
44
-11
274
-48
-993
43
751
-18
170
2
-8
17
-877
-11
72
281
-62
55
138
-13
-30
0
156
-4
-146
14
20
4
36
266
8
4
-2
109
-9
82
-60
-146
15
-240
-82
-27
-53
3
2202
5
-35
-54
-16
13
-20
9
4
-325
-110
-3485
662
23
-44
16
-29
-12
88
7
4
-24
-174
111
-25
29
-1222
-293
20
54
-174
340
479
-65
104
-459
-10
1
28
-46
2
-78
-37
-22
-1206
56
-619
84
21
44
526
36
420
-148
-143
0
48
-496
0
5
-885
19
-60
60
16
-22
-128
4
44
22
144
-7
-120
-10
21
59
5
71
21
-198
213
-101
-48
-47
46
2302
134
57
-836
260
-105
-64
3
3
424
-34
-70
81
-425
21
5
347
15
92
-296
-203
463
-6
-79
39
20
3905
-3
6
-412
-181
19
18
76
-36
2
-175
-264
72
52
2
-154
-195
-32
20
-53
747
20
614
6
-20
-226
391
-38
18
58
13
36
51
30
-3
-22
38
-312
60
-5
-107
93
67
-779
-27
-9
-67
-196
-873
10
-260
-391
83
-79
-175
21
-238
3
-113
18
26
-36
0
-28
-3
15
67
321
-504
6
-358
-3
11
-38
128
130
-36
562
-163
67
372
-2
37
-133
192
-42
-332
-18
36
-12
-231
394
-5
-42
182
-20
-14
81
-2
-226
-28
-13
-18
79
-127
-58
11
3
-58
-48
-306
15
242
759
-151
9
-32
5
31
5072
-22
-11
-805
107
2
15
152
-90
243
123
4
-13
97
117
-44
147
-36
3275
-5021
-30
-420
-13
-192
46
16
-18
-48
28
33
-3
70
3
291
-79
134
-104
154
-58
145
-885
-530
18
-13
106
639
88
-126
-1342
2
90
-58
50
-89
-1
46
-7
-706
83
-22
-11
3088
-119
-6
1
22
54
-9
83
42
-71
1
-147
-224
182
-129
-1059
50
1
2
-4
59
-813
-438
-84
5
-112
-8
11
-46
60
-32
-18
-28
696
-15
1245
-12
-75
-259
12
5
-171
49
-162
-19
-431
-4910
9
246
116
4071
2
-70
-156
-19
-151
143
116
242
-173
209
-44
-1900
1461
39
31
-5
22
-15
4
15
-25
-14
-191
5876
86
4
-108
284
-33
-130
28
-443
13
765
-13
1998
-65
143
80
-14
36
-1
-44
-38
-43
440
28
-94
-458
115
650
27
-10
191
-3265
13
24
-27
48
-26
-19
-963
-192
97
2
327
25
320
-26
-97
4
31
-111
-1513
48
151
54
-36
37
-26
-51
290
1
-10
203
-1563
620
-52
-15
-234
122
93
26
196
-1481
-375
26
-22
-493
6
425
-66
54
-3
-593
-14
424
18
370
-139
-2330
-19
-24
7
136
-36
7
-24
287
-220
-23
27
132
96
-1637
-21
-492
-76
-515
6
59
-3
2
4
-670
46
-135
6
-49
-8
-9
792
3
150
-47
567
8
-4
38
2
-15
8
-11
-23
-63
-28
220
-50
26
491
132
713
5
734
6
747
-61
-43
25
38
254
-553
-12
1066
-116
-81
95
-93
-6
-8
-43
-37
24
3
-16
-34
-450
28
2
2
137
-8
-239
71
-2
-25
43
-33
-15
3
-43
12
2014
33
86
-1370
-20
-138
-21
67
95
-65
46
4
104
-231
-1
-123
-904
6
23
19
4
-24
-25
9
-179
-474
-261
-281
-277
-29
-23
5
843
6383
-8
-238
3
-52
252
-1
-26
13
-167
1
2622
187
-6
29
159
-85
-183
80
-129
1
31
-168
-29
-29
24
246
-58
53
22
14
-71
-7
8
380
-125
9
6
-14
119
272
-69
60
-69
-107
-2
-9
492
-2
63
-12
175
-444
-13
-51
92
-160
7
17
6
-42
-22
47
-3
-28
-106
2067
1823
46
-10
-17
23
43
-2
-57
-14
5
-46
103
61
-5
63
16
47
-24
9
-22
24
2
-4548
73
80
114
-19
-18
-1
121
46
497
-106
-57
-101
1
17
-4
-930
68
472
8
6
7
-28
173
-49
15
190
1780
314
16
-4
47
55
288
18
7
234
37
349
-73
110
10
58
944
54
-95
6
-11
-781
-1
-4
-60
-799
747
-53
-600
-998
238
64
8
-18
178
39
-25
-1066
-238
-370
251
-650
-66
-3
-49
147
-51
23
-39
-18
-5
152
-131
-29
502
-133
183
-393
821
-511
4
189
-402
218
-9
40
-21
26
-654
38
-9
-72
977
-10
3
18
8
51
-873
-2137
57
243
-42
-9
32
-572
315
18
-402
-1
-77
-335
345
-11
-392
43
-2
-35
52
-94
22
-4
-33
26
118
23
3677
-492
-21
9
-371
-47
-150
-180
6
-40
-512
988
-2879
-26
23
21
-36
7
26
349
480
-456
-11
-4
54
69
81
96
-211
9
-21
0
200
872
200
92
1
108
169
53
-174
-5
33
12
11
-839
457
308
32
-29
240
0
672
-4
611
12
-44
-124
19370
7
-297
-1211
7
1481
-356
-4
23
3
-262
-9
-7
35
-3
-451
-7
6
1
-4
-537
5
-12
-124
4
-758
1
-157
-65
-165
-121
1
74
-22
-5
29
310
-5
-29
-16
39
-42
28
-91
-6
318
264
-762
510
-3
1691
-26
438
-921
-8
39
18
-1587
-105
200
-4
1295
-7
-17
-9
23
256
51
-40
-42
-5
-24
213
5
-238
13
-356
105
1
77
105
-48
181
-51
-10
0
1
-10
-36
-4
1
49
23
50
2596
-14
-80
38
1193
1214
5
-11
86
-55
4
-131
70
1486
99
-4
47
-2
-189
-39
-8
21
-30
217
-105
1
-11
-289
154
25
74
57
-4
-2
7
2
-3
-407
79
-195
-3
59
-378
2456
-1
70
-521
-19
-2
305
-6
-256
-49
61
-83
-812
-127
-78
197
2916
176
-15
2
9
-1
49
118
6
2
-90
88
610
1
87
-110
-13
6
-61
-1
-14
-8
78
352
-36
117
31
-8
-236
243
-70
-307
63
12
871
5
143
18
-12
-21
-13
-12
7
-3
2
-47
-2328
-552
108
116
-30
-353
34
-12
2
0
-189
28
-169
-3
233
-3
1
-21
-228
-25
-103
-21
-99
-1149
197
-19
9
39
471
16
159
13
-34
-2
0
-2
-2
-135
5
-8
25
-94
-4
-891
-10
14
20
442
25
-31
-8
-3789
548
-93
-2
-664
-320
-45
8
-246
-34
131
-33
0
218
95
-50
-118
-257
-2
20
-8
-332
32
-59
-248
-8
-39
26
76
11
-6
218
-271
26
-5
-91
206
-1610
-1
15
-16
-81
-386
214
0
114
-4
-717
-152
11
-4
12
270
-51
23
-2
6
86
414
-15
-7
-29
93
134
10
-1
16
3
68
117
2
1497
56
-58
3
35
108
-6
124
-46
92
266
172
-24
-10
-8
9
54
-29
151
-471
1538
9
-68
-22
260
43
11
122
8
115
10
-31
-15
-97
-312
-479
-2
3
-18
-311
475
5
-6
-79
-337
-45
148
4
19
-660
116
8
4
33
-38
51
-44
17
-221
1196
-14
-7
-9
-414
43
1812
9
-30
270
-28
-3
-6
-272
-44
-412
1
3
-1
-666
-62
44
-280
-9
318
3
-210
666
8
-60
-10
582
1
316
-17
1
7
-18
-30
1
27
-180
-3
-3
7
17
-115
-15
-58
-42
113
-61
-22
-98
34
-716
-4382
239
666
191
141
54
-24
622
-3
-11
48
53
60
-456
123
-1026
110
3
-601
111
89
4
-247
8
3298
12
109
25
-41
-25
-14
-63
-230
329
-447
102
3
53
678
23
242
-249
-26
-4
-3
-157
-34
-208
2
31
1447
-1307
3
115
-1
602
106
-53
-7
-23
113
29
10
15
37
-33
-3022
2096
39
-16
139
-58
-34
6
1025
47
-24
-551
398
6
-65
26
303
-3
21
1
52
29
176
-139
-938
-24
9
1550
2594
29
-301
127
97
3
-4
190
-6
13
-4569
212
-22
-251
-214
-2154
-25
18
-13
14
-654
7
-74
-3
-783
3
-492
15
7
-20
96
5
-164
-38
0
42
12
39
-3
-5
-14
-419
152
0
3
-806
-373
-58
49
-206
-15
-56
-12
-241
363
6
-67
1628
14
1334
247
-35
-8
-13
-23
126
-8
15
215
15
128
-18
-662
80
-14
-33
4
-1
1
-81
193
15
29
-219
80
24
-173
4
89
-55
0
0
1
-423
-12
20
-2
-87
1043
-22
656
-15
212
24
-97
155
-3
-27
9
-11
-24
60
86
1
10
-188
-57
-60
-44
7
-56
1
9
55
195
11
8
-20
39
-449
25
25
991
-1600
-6
-14
-16
-35
244
-30
6
-5
-8
0
74
-9
80
85
255
-1
-70
-316
-24
15
-287
-452
-169
24
647
1
-44
-60
-31
-7
109
-42
104
-1
32
-32
-58
39
7
69
-2458
-191
522
-12
-47
9
14
-6
56
51
-61
-7
-47
107
5
6
56
11
189
-18
-23
51
-69
-861
-265
-73
2
-306
-186
-536
101
-60
5
3393
-39
-77
217
-9
60
-10
-44
2
31
-4
-1596
45
-33
-2
-51
88
8
-26
823
-19
-107
30
-100
-52
49
35
-55
27
313
1709
7
18
1
74
-21
440
3
4
113
27
-17
5
3
-9
215
141
440
455
1
36
-2
-64
-31
43
555
28
13
14
16
66
-1
-3
-767
82
848
-29
142
-5
236
153
-29
-4
-851
1179
-5
-4
4
-8
-1551
-18
9
-320
-232
11
-16
-4
1
23
-254
1
-254
-32
21
26
-370
-53
-70
86
-71
10
7
7
-106
34
54
1072
162
-139
212
0
22
437
801
248
12
13
-1273
0
126
-8
-26
1915
-57
21
-2505
1
-15
-72
-133
-29
8
-32
105
112
-365
-86
-8
15
19
16
-78
6
-48
-58
561
-2
-64
-3
-3
25
-69
-33
-83
173
18
34
-69
319
-1
29
324
57
-23
53
-49
16
-20
301
72
62
-3
146
4628
17
-290
-4
-88
304
-16
-113
-135
-4
-7
-22
-11
-10
-68
-35
-1839
29
0
7
-6
-185
17
35
63
145
226
6
431
-7
10
442
-174
24
-56
14
-58
846
95
441
-205
-854
-8
-511
151
-10
-57
-939
10
40
66
11
-4
-1033
-1
15
-686
-69
-1008
-49
1487
31
28
0
-46
-54
-563
-34
-11
-22
-86
-47
-123
-59
-6
12
29
-45
-11
35
-33
-1
94
-404
-1446
27
2
-30
-33
-84
28
202
-696
50
-119
456
43
-1
-6
-21
-26
-1
1336
-141
5
484
-1121
47
-10
43
100
41
988
-39
-29
302
-2
1019
-6
-58
23
-74
-12
-18
-8
248
1
268
-86
44
-26
-3
-41
-231
21
6
-228
290
5
-303
-678
-759
104
-234
7
-4
133
11
88
-170
7
-97
-18
288
-81
-16
296
-2160
535
55
3
43
10
16
-300
-20
230
8
12
433
-358
-328
-32
-344
32
183
35
3
169
29
37
-960
-9
-56
98
22
1699
151
79
-1
-3
18
1232
-10
28
-131
438
158
-1
-6
-7
-104
-1
53
-87
-3
-188
-20
90
8
7
52
749
884
-18
-113
6
117
3
-22
-441
184
-419
-6
2
118
-136
-488
119
-20
405
5
16
-8007
-57
366
-441
290
-37
-1
241
54
-6
1251
420
-6
-144
-31
2
88
108
148
22
-2
-40
101
-118
18
-77
656
-183
-30
-1
-2
37
-170
21
-333
25
-1206
-20
-282
-5
-166
90
52
16
4
19
18
-264
56
-3
505
3
270
16
-17
-240
163
-15
2
-215
54
249
-21
-378
-29
-48
46
-427
22
25
-271
-72
-9
56
23
28
-70
-22
-7
-1158
120
-92
-41
35
436
-147
-3
-14
18
85
-1152
-81
257
279
363
-205
-10
11
-3
-6
-207
-3
51
35
134
-35
25
3487
-355
-59
-182
-26
2201
-148
-671
1
-683
51
446
12
-4
5
14
-61
747
-19
90
-24
81
162
2
4
-80
395
4
2
-31
2
0
-310
-26
13
-540
-10
-161
5
-1656
-12
1143
-1
4
-2155
43
95
0
-122
2
-3939
-596
2
77
-12
0
-256
-302
-610
3
929
2
69
261
14
204
-74
-13
-19
-1721
-182
-18
-12
58
126
2
484
160
-3
-185
85
-36
-1111
-1
8
11
15
-134
-104
435
259
14
-149
571
-88
-413
-4318
1468
7
-12
61
-1028
33
88
4
28
-15
91
15
17
49
-204
-174
-107
14
139
-26
-114
-30
268
-11
-178
464
278
-2
9
-288
0
-116
224
8
-28
23
-12
1
-87
127
23
-214
1
-32
-416
-69
286
7
-21
-95
-2
-400
239
-20
203
7
-1063
-138
1484
6
-6
0
78
1108
-313
-29
-34
46
-177
217
-3
-22
947
-50
-89
9
-188
27
-4
-155
-216
-72
43
-6
715
12
-145
65
699
151
352
-1540
368
-5
8
-5
10
-53
3760
175
-358
823
1
-2
1104
-307
-3
359
166
18
818
131
110
76
35
118
-226
254
-21
-16
135
-276
-19
-7
-257
83
-6
63
1
7
114
-274
48
56
-21
-118
-4
-4
66
-587
-20
312
-320
-15
-62
39
122
-229
-11
107
-2
835
19
1
2
7
-28
-468
-8
4
-109
-15
23
-119
388
-7
1178
149
335
143
603
-40
-22
1704
-538
3
-64
0
-64
23
-2317
-224
-3
7
-23
128
-1
-372
93
3
91
-2844
1
-21
115
-2
16
-229
-75
35
560
7
-2
-12
80
214
-825
-28
0
37
496
15
-7
2
25
-274
-14
18
-8
19
11
95
40
21
-6
-32
-11
-11
7
1384
-43
45
49
69
54
-6
-457
1
38
-67
54
-4
238
-48
27
-1
-78
273
23
-93
-55
-53
-14115
86
68
-630
-149
-17
-22
-43
-30
-31
-111
148
469
-81
13
10
-421
-11
79
-1281
4
-53
1
-2
166
70
5
17
-7
-229
-738
-4
362
675
483
58
8
24
-280
-249
148
-37
0
1091
-13
75
-162
-55
36
101
16
-2
-29
192
5
-536
-3
114
2
-6
4
9
58
2
-23
10
-11
-46
29
121
852
2935
-1
-1425
61
-47
-11
-39
-2
-40
152
-109
182
-51
37
-15
108
-43
47
22
-3
-12
27
17
805
-21
91
-31
-1148
-104
10
20
-20
-185
12
154
-2
-341
-64
-17
-3
-7
180
4
-6
-5
-2
3
267
422
-61
11
2
275
286
-162
391
26
17
3
-3
-142
425
-12
-12
-183
-4
-23
847
41
-5
-13
5
-7
1129
-3
5
-255
28
-147
15
-88
-27
-419
-69
-18
-7
5
-328
-642
152
4
36
-28
131
326
-49
4
-5
87
-482
603
-1046
61
17
-15
-3
-2
10
-449
12
-178
-34
-120
-34
118
-1042
-9
10
51
-9
134
386
606
199
-5
-118
83
55
49
-11
9
-24
390
49
-23
1
31
97
-36
-261
-3
-123
-41
19
31
68
-72
16
3
-206
677
45
-15
3
-5
43
-37
-18
-177
64
-79
-170
11
10
-493
-49
254
107
93
409
-90
-271
-230
-101
252
-54
2863
25
60
-268
-52
-7
-350
491
7
-445
2
-165
765
4
616
62
-836
-4
-29
-132
239
216
-23
1
81
-6
-12
-11
-20
-10
-1030
1605
44
9
355
-4
187
2
469
-26
45
-11
-190
-416
-62
12
-3
-173
-1
-274
37
-3
1
64
15
-3
86
-106
-1
12
36
-15
-63
-3
2
40
26
73
2
50
3654
-1
113
321
-212
13
-357
-136
29
-8
-6
12394
19
2
-33
-1676
-10
9
46
25
3
-26
-134
-180
988
73
581
82
421
5
257
-84
-1151
34
8
8
0
37
-12
-51
-5
233
1114
-599
-54
660
90
-65
-21
-18
205
-28
16
1273
28
-69
-33
276
31
-229
-52
-2
-194
-173
8
148
-19
3
-10
156
19
-225
130
-690
8
-46
-71
11
-3
-345
31
3
-229
1
-189
576
352
-83
63
43
-28
-5
-12
43
19
-66
6
-9
18
-117
-457
-971
-26
-2
98
1869
-83
184
-3
70
36
-86
38
-10
-182
-13
72
30
-55
10
-4683
260
104
5
1
253
22
-20
-7
-680
-8
-76
-86
59
-23
494
7
-10
-300
49
-204
40
-99
247
23
-3
-166
154
3
78
61
-43
-112
241
95
9
-276
-2
-391
4
-222
-2
254
-50
-25
-10
41
14
-8
0
20
132
43
301
-1445
-157
-17
-21
-172
186
143
15
105
-25
146
111
10
-215
-1
-33
29
687
-844
-67
460
2
-30
-167
186
-79
-11
391
-104
-437
-3
-42
-169
73
-64
975
-15
-1824
-7
153
-205
-868
-1199
-8
0
-3
0
55
16
2
98
1360
-23
2328
24
156
-26
4
136
7
2
1
207
36
-506
-4367
52
14
-29
783
4
-48
-7
-2378
-334
-891
-8
3
-1
-109
1344
441
172
52
-64
34
113
61
43
11
-233
15
-12
-3
-123
37
-81
1
-32
-4
89
-11
-18
-73
24
10
-12
-263
5
-95
140
-50
82
-27
21
50
-2
-2
-6
-2
-1
200
257
18
-152
15
-396
22
8
55
4
-10
-39
481
24
-66
1
-69
17
443
-111
-213
-440
-1
-310
-5
-139
85
159
-123
-2
-91
538
-1691
-56
-3
-8
666
148
-4
278
-906
354
-102
-291
-443
-3
-10
-20
0
-131
51
11
-29
-3
68
-866
-84
1
-257
4
194
74
29
-3
-6
75
-7
-240
2148
-6
10
53
-31
50
3
-30
25
-33
-17
-56
-14
417
-144
-13
-9
-136
62
229
4
632
7
-294
-108
34
-82
-46
4
-697
-288
162
48
-34
-3
166
-1105
-3
37
-212
-11
-17
-278
-8
10
295
-46
-12
-978
-31
269
-321
-131
-421
-125
125
-41
-233
47
-473
-40
-14
101
-19
47
-244
23
2164
-182
-25
-97
-4397
78
-6
15
-9
21
71
-138
-4
1191
731
18
5
77
73
54
104
-70
51
-1964
-17
49
118
0
-134
-9
-67
449
-6
101
31
-144
-21
-1
-7
300
-149
8
-59
890
65
44
-10
-19
-144
80
672
-113
6
11
1
432
-175
24
-3313
4
286
-33
-3
159
-84
-12
158
385
-91
1055
230
0
-178
45
-233
-4
-95
7
-93
44
-14
2313
-147
-13
-85
-354
-2
-28
-19
1
55
-33
96
-23
-427
-21
19
-33
-132
-213
-9
-5
-135
7
69
42
15
-519
-497
-12
-1
-64
-408
-28
205
-30
59
4
-49
-698
-171
0
45
14
-3
89
375
-125
102
509
-168
-3
23
20
-1
176
-80
-12
7544
-1446
-12
114
42
-7
-26
-8
40
-6
-17
10
19
-13
72
-2
-61
-1057
-106
39
10
-53
139
-146
-32
-7
8
120
-33
209
-3
0
-13
-1
-175
0
-23
53
4
103
284
-532
64
-19
25
-83
-32
0
940
75
-52
-451
-75
20
-20
19
-7
-12
-81
87
-6
32
141
91
-653
-994
-102
-59
-33
121
46
865
-16
-206
-593
17
-78
240
4
-25
-2
-3
45
16
-21
2
-436
5
-4
113
23
-11
-64
-9
-379
397
-16
-10
-46
-10
-1
9
-25
-35
-99
-93
-225
292
-330
28
6
-72
-514
7
-7
35
-457
-7
102
1
18
1232
150
75
-33
-63
-103
170
-1515
8
101
376
-10
-12
3
130
114
-90
-10
2337
110
10
-1512
-4
134
-442
777
2
241
14
28
-96
-113
-12
2
-5
286
-3
15
-9
-175
12
-102
-5
330
-22
45
-34
1004
-163
25
490
-107
149
201
-17
-1601
-19
21
-1119
-39
-375
-140
-152
1299
121
-60
-23
97
-3
42
1049
-68
864
211
-403
-449
-16
-55
34
10
12
-145
-51
-11
83
-2
-33
325
-280
36
-17
-642
-26
-50
90
-211
-343
-3819
470
-38
10
-10
43
31
-12
-11
257
-379
441
2
-41
-132
-102
-56
-10
260
20
174
3
-20
-8
-33
-51
8
-4
-356
-72
87
-2
915
93
600
28
939
-16
-5
-320
121
377
345
-202
-2
5
475
94
67
568
-59
-18
-32
44
-1016
12
-11
8
-33
0
-164
-3
-5502
29
-51
-286
-405
-1
-240
-6
152
19
29
-20
188
7
-38
-946
-78
21
16
1
-6
-70
-21
-345
47
-7
-135
-695
-46
29
-666
43
2749
-1460
91
308
123
-1187
-8
517
22
-184
0
-240
24
4
-199
-482
-23
20
87
371
171
-10
-123
-7
-49
2
-84
-67
-254
3
6
-226
292
123
-10
26
-43
-32
12
5
39
-2
-5
77
44
-23
111
3
-37
-84
-157
-139
-1
118
-683
-175
16
1063
-94
1070
6
918
-10
243
249
58
396
-1
-94
-27
-14
-3
-199
-11
-77
607
172
-4
-4
-17
-9
-11
14
3160
-15
-81
411
148
15
-10
-21
-44
-5
-16
-1171
17
-45
-5
145
66
77
-87
-456
-6
3
103
-163
0
255
-83
403
-61
9
-150
-95
-101
93
-145
54
381
-108
21
50
607
16
90
-34
-15
322
149
1
-304
-78
48
2
2101
18
-5
-124
-32
-122
-53
133
11
269
29
-69
-148
-309
-18
15
-47
-4
-88
88
-6
-43
-70
0
-99
22
-33
-206
33
-52
138
-3
-334
22
32
-18
23
-27
-72
-134
13
122
-48
-1406
959
-497
-35
-23
-39
7
38
-13
0
225
142
-71
11
-4
-138
-12
33
80
-37
11
-15
31
-100
0
712
0
-15
12
210
4
72
6
15
458
-4
212
49
87
-194
77
-1
-5
-80
77
108
3
-96
70
17
48
-14
-20
6
1
-162
-24
-5
-45
107
-26
261
-2
-207
84
-385
-259
42
24
3
-122
-420
-48
-101
2
61
427
-8
-206
479
-101
-28
-430
-509
-1
-697
21
188
267
-249
-65
-103
5122
44
-27
-460
15
1597
150
-29
-16
169
33
127
2
-701
90
1100
-89
-1
5
23
-4
3
-687
-54
26
-27
-75
225
35
1015
-95
2363
-130
1
-157
-6
-102
466
-52
-139
-681
31
850
750
-943
-106
-111
445
10
564
-314
-233
72
-4
39
0
14
10
0
-21
347
-388
104
-17
16
-1
-13
6
-246
12
188
-37
0
-48
-2159
-446
-12
-26
1115
52
-2043
-1305
75
0
145
0
23
14
-20
1
-3
50
-115
-4
16
34
-4
-258
1
-1006
103
9
34
225
77
323
-31
-1
32
-469
33
399
-2795
-326
103
297
-711
-2
19
6
-108
108
-2095
-8
-24
-199
241
-2
-271
5
-10
-99
284
-3
-31
-37
20
60
-2
34
-101
-15
34
94
1522
-9
-10
139
40
-186
-1581
-69
-309
4816
-27
43
-219
-424
-11
51
2
7
15
476
7
-115
23
-2
1471
-48
6
-20
-30
4
446
-49
-9
457
121
-1035
57
-89
-7
147
-428
31
-23
-387
5
-2
-109
20
64
7
70
1339
-44
3
24
-982
-14
-118
184
-10
0
-44
117
-27
-193
23
-235
232
-10
-953
-45
-38
-39
2
-3
-55
9
-10
-7
-64
-50
-222
-47
-10
252
3
41
72
1
2
50
40
-445
-21
-18
61
-67
10
-20
12
-29
126
-130
-2165
-22
1
3
-16
140
10
-13
-2
2
-314
22
-11
146
62
-20
57
43
-58
19
-350
-8
-169
-322
-123
-104
393
52
54
2
132
462
92
178
-889
159
808
130
78
-195
-39
-58
2
-5
-3997
-95
-11
1599
-21
36
-5
29
-73
-36
3
168
0
-16
-32
-1110
-14
-1
-21
66
20
0
6
664
-148
103
-1
-5
-31
-1
56
-5
192
168
1
1
-169
-3
-64
-66
389
4
1
-18
-1
-406
943
-252
4
83
-17
178
-564
-74
19
-858
-5
-66
394
105
-54
-143
90
613
-172
-2
254
-18
76
-189
0
446
-5
25
-29
435
648
12
-442
116
337
4
11
170
-113
-616
-62
21
-144
22
396
0
-8
-2
-133
-56
-83
5
-7
70
-702
-27
31
392
-116
7
539
-9
101
73
1563
1767
-2523
194
1
-3
-885
-1
-33
24
1219
-15
-36
97
-8
5
4
-743
113
-38
161
9
188
37
-9
-4
110
0
-368
-101
-4
-1846
35
-178
-392
-16
-21
-293
87
73
115
-85
230
18
-10
14
-34
21
0
-20
-267
-14
-35
58
-256
-1
9
-1
-108
-26
-92
9
-54
687
-5
-74
732
80
16
75
-734
-16
-52
40
117
-45
271
-12
19
380
29
-41
-194
38
-65
-1
-97
-447
-118
75
30
5
514
-944
2
-8
-628
20
467
-88
-4
2499
-6
-213
-432
-950
-42
119
8
3
2
-23
-9
-1780
8812
24
131
-108
-156
5
1
1
9
241
43
-26
109
0
-31
-10
-10
-333
-289
-6
3
52
-23
-663
-139
1156
-313
181
697
13
240
40
-40
17
45
158
-856
-7
-21
-3
-2
-52
-36
-6
1114
47
-108
122
73
42
195
15
-5
-1
-8
-1810
61
-10
-139
3
-2
49
-3
5
107
-3
6
37
124
423
29
-898
-26
-409
-2465
81
385
37
-40
-54
1
-455
-42
-38
-4
-18
57
-3
-751
348
53
38
-136
10
-74
16
111
-5
349
-116
-165
38
12
-1
-206
-34
39
124
2788
-214
3
97
-60
364
-269
-911
5
-2
1527
4
26
-53
-3
176
44
-21
46
-3375
-29
-417
10
-854
138
303
-57
95
21
73
352
85
-2
52
11
-8
-620
-328
-10
-192
-268
-191
47
-966
187
0
-17
37
5
-14
-10
96
-54
-11
-133
24
4
-276
-5
-202
110
5
0
0
-11
-8
405
-6
-7
137
-2
14
-983
-2
-9
179
425
-398
10
361
415
-19
1260
-103
38
-1107
-29
-559
-7
-220
-1831
-14
-1082
-219
87
18
492
-4
-5
-15
-51
-20
-95
87
0
141
-430
5
290
-15
-3
29
-47
29
24
-39
10
-1
-90
4
-2
168
-65
38
1275
-18
-20
69
-80
40
-129
53
-28
-1
-15
-384
-1405
142
-11
1118
-141
302
394
3
-7
-23
-13
19
3
17
12
59
-1313
-7
18
-2
-424
7
21
251
-202
1
-304
7
-399
801
16
31
-16957
-1247
299
111
70
3
-7
-1047
-118
1500
91
-3
7
2904
126
-55
-15
348
44
95
122
214
-34
28
-655
-50
76
-11
-415
4
-56
244
461
-487
-33
8
-143
783
-51
3
45
-95
9
11
1
46
-40
-497
166
789
18
88
-2184
-2
-12
-221
18
0
1992
3
605
335
277
1498
3
-34
-2
64
4
-10
7
275
-21
-5
7
-14
-20
205
-1
-131
458
-51
86
19
-8
870
73
284
-65
-574
-19
8
4
-904
35
-43
45
-100
1
14
9
9
42
248
-8
125
140
25
59
-502
3
321
-184
-45
-1
425
-150
-1
71
-400
0
8
3832
-443
-33
-384
6
-75
10
86
-1
-25
-1572
17
12
15
-265
-215
6890
1866
55
-81
-29
-113
-499
-4
-8
-12
1066
15
-34
-2
-30
-393
-14
-9
142
5
-42
442
96
-629
292
49
0
-135
-98
2861
19
252
-51
-2198
-49
-27
38
12
-405
9
-71
-151
311
-35
648
-56
1
-4
-66
-9
-1120
-13
51
-232
-247
1327
8
104
-203
113
-127
203
-103
-55
-3
21
265
-561
50
102
461
-25
419
25
-56
-76
3
-31
8
57
-49
-516
20
-6
-10
-567
73
18
7
-9
18
310
-28
20
2
-11
74
1395
163
-189
-6
15
-64
-302
837
-60
-61
-6
-342
6
-35
26
-118
-4
-58
5
-134
44
345
-713
-2
270
-17
2864
-10
-317
342
-23
-43
33
107
-264
978
-76
62
-19
-157
-2
6
9
2586
7679
-131
-103
39
1251
-70
211
14
58
75
6
18
2546
-25
-807
-56
18
-907
7
-455
-75
-17
-1
27
10
24
27
11
-94
-147
1
-404
813
-51
10
-45
7
92
4
35
89
-410
-5
34
17
-41
-86
11
-474
-21
-370
236
-145
75
-102
-77
135
80
7
104
-1064
2185
-99
-51
-144
-737
-25
9
-2
1
-316
18
-14
465
-232
-232
-68
-40
-46
135
11
-9
13
1
24
21
-1
-15
-5
16
3178
-425
135
-217
958
-3
-18
114
-28
23
0
193
-18
69
0
5261
-4
145
-3
89
-31
1636
147
34
-18
53
61
304
51
-868
14
149
10
107
158
38
-4
-535
-37
-12
11
1
-52
-43
121
343
-1105
27
-39
93
-197
-250
-2
-2313
-45
-44
64
253
-3
757
36
74
41
9
2
-5
-1
70
-570
2
-109
23
-66
-3
-11
-30
-32
4087
17107
-25
32
1
-61
-199
25
-6
665
168
78
-1696
168
21
5
-20
-21
197
228
-38
-16
-6
-11
26
-163
-424
-139
43
-63
277
20
886
-18
-65
64
24
-4
14
5
-180
-3
3
-81
59
-16
-1
-43
35
22
-8
-67
-11
0
7
-415
-22
-310
-65
125
-416
-111
216
25
-18
54
-16
-332
44
40
-512
-188
505
-52
80
84
452
-171
43
60
-35
37
-25
-71
-12
73
-671
-1181
-177
-540
41
-4
48
281
-41
-13
131
-178
27
1687
2
-42
99
-3051
-8
-20
22
-8
174
-54
-31
56
160
57
1617
-79
3
-221
303
11
-4
-3
-6
-366
70
-465
-21
-257
-4
4
2
114
-6
-5
-83
32
1
-649
-14
-19
4
8
-113
-20
-20
4
-21
-1648
355
32
18
-1495
29
112
39
-40
89
31
124
0
-118
-14
29
-10428
-79
7
-33
-1109
-681
-77
35
741
-65
-121
528
168
-17
-28
2
10
-2
-23
-4
17
-151
-740
-106
-32
39
245
75
-3
-25
-327
14
-466
-5
8
254
56
-553
2506
16
-66
-231
-379
-4
-83
2
28
-181
-216
26
1
11
-777
-31
1101
-475
0
-62
-926
-12
196
35
1461
-17
19
-40
445
-3
53
-3
-34
-603
-183
0
38
2
-17
-21
-16
-37
24
44
247
-85
0
3
46
-47
-1604
2
-5
32
0
-14
-6
51
-398
-1033
-6
46
-156
92
4
-17
-4
76
-3428
294
739
0
-122
-20
-66
49
-10
-17
381
-42
365
-72
2199
10
-442
3
-176
-42
14
-1300
126
-23
-257
-232
253
-1
-25
-122
129
145
-1
76
-4554
-19
31
175
52
45
-248
-32
110
225
170
-38
-83
4
1
342
-53
-161
164
-23
37
-8
1
466
-309
-46
-271
-12
-1
-331
-12
-71
87
48
429
3
-6
5
1
-187
8092
-147
-10
4
-127
-13
-605
3
-12
-3
19
48
-442
-117
14
-1403
1145
-10
158
-61
8
13
192
-26
-7
485
-894
-27
-127
10
130
3308
-37
38
-77
133
-37
-275
94
8
27
-621
2063
19
5
-8
-2
598
-35
-1887
-9
-163
-12
-5
-681
-112
-4283
-9
267
-3
-38
197
482
-19
1297
-41
-22
4
-45
-105
1
4
-72
510
435
-631
-29
-36
0
-15
335
21
-273
12
69
107
-177
-22
6
-148
-50
-78
-74
0
9
2
1
12
-5
-157
-467
11
11
-247
163
-14
5
496
-12
-2
10
131
-29
823
3
-18
-41
-44
-1647
659
120
-334
-145
1291
-168
5
61
6
-68
-67
-581
-70
33
30
806
31
2
0
-543
647
-62
-7
2
102
760
89
-69
-2
110
135
1416
522
-33
801
4055
196
20
1754
4
-119
6
-658
-18
445
-20
-55
1
105
-62
-37
-1505
26
16
-77
-29
36
50
-38
18
-2
0
-1
720
2
-638
129
-22
-272
-13
-39
-19
150
25
20
-28
58
940
71
-3
3
-632
82
1020
-4
23
9
-177
-15
-742
-7
-2
-343
-29
-299
-109
28
-17
-4
-1169
-111
273
-61
37578
54
-5
-151
-99
-125
75
11
-322
-41
-10
3
260
-2
79
-117
-83
-36
-775
-9
3
77
7647
7
-342
599
521
5
695
43
-3
3133
50
-16
-3
767
-319
-1
-2
-30
906
-43
18
-8
-42
-659
-3
190
116
-19
63
250
-14
-34
63
0
-4
61
450
-15
8
10
-15
-188
-3
-100
-2
57
2220
-3415
90
-153
812
4
-343
0
-72
-302
-35
1354
-11
6
25
22
287
-23
58
1765
-7
-1
5
4
155
-121
-417
-40
17
23
-4
16
3
51
-82
15589
1045
6
255
-417
162
18
-636
-455
28
-261
29
-7
279
-91
-16
-22
36
-4
23
-141
-2043
-993
28
-26
-72
17
3
-17
28
2
-37
55
46
-7
-16
-3
-140
117
59
-8
56
3
-40
0
634
3
16170
-122
-37
-217
-22
-297
693
-121
286
132
104
-95
26
490
12
21
955
-128
2374
-20
-9
2
-268
-5
-53
72
-343
-30
59
-166
1
1930
315
113
23
-183
23
-14
321
1
2143
-13
-15
-1444
155
-2
19
-19
61
18
-28
-1278
-28
173
17
532
-115
-6
4
0
-126
-547
-511
-56
32
2
-107
-42
28
-29
-1029
1
2
-48
32
-54
3
1
48
235
14
-36
15
9
488
111
-619
-3
-20
-560
-10
-32
49
-12
308
-55
2
-6
-2
-14
161
-97
18
-217
7
-46
-2
4
-658
-429
-97
453
636
117
14
-1
15
31
119
26
-191
-27
-1065
-4
27
77
-27
789
0
-8
138
-57
-237
-12
-261
-46
-5
-21
27
-23
-58
-790
-91
32
35
-16
-6
140
44
-7
457
-3
9
1938
0
-70
344
-2
288
-100
16
1043
8
-54
118
111
10
-10
4
-26
-49
179
-44
-54
56
38
-15
104
199
-136
-117
397
-30
-7
-151
-40
-966
-204
7
-8
123
-84
-15
993
-424
81
1
53
111
-60
451
680
7
-607
73
1181
-963
-111
-15
-32
-297
187
-118
-627
194
-12
17
121
-23
-39
18
81
-36
23
-36
-76
291
6
7
130
-869
-14
192
3
-149
2021
-4
302
-438
4
-394
221
88
668
-82
15
-39
-15
27
7
96
-11
-323
-421
-9
-1772
202
-20
1
-271
-6
981
-21
31
-65
-8
31
-11
100
-11
177
-65
41
-91
-57
-16
-46
-28
80
-1525
-4
-16
-388
212
-13
-9
20
-11
-120
205
2
-60
-39
-203
-14
1046
-18
16
-292
-2
85
10
-71
-28
-19
13
19
3
92
-12
-142
6
-37
11
43
-1
-152
-101
-10
68
0
-102
-10
-378
-34
-35
-1
-397
2
-3
-58
37
148
-952
-281
45
70
-116
99
-73
-97
16
-104
8
132
-19
-247
691
3290
-14
-9
-17
-91
1280
448
-588
38
-1736
245
0
458
-1608
-34
891
-104
-17
3
-34
-17
-37
56
9
6
19
136
568
-68
-29
-275
-614
-15
259
0
15
3
-80
-79
-2
-10
28
-2692
2
-124
-836
2
8
1
69
16
-1
-4
-1
-12418
38
-21
13
9
9
13
-62
7845
200
364
569
5
92
1458
236
-51
-88
-32
-20
19
81
-3
-385
212
-44
-688
21
76
-21
-117
62
54
80
220
37
1
-30
-9
-76
54
32
-459
16
8
896
-6
30
-1462
-596
-117
372
-25
15
-478
79
21
-8
359
16
16
-34
-19
-21
189
22
-416
-13
54
-1319
-551
5
24
130
-62
304
39
181
-149
11
1
40
8
-17
13
2745
-115
16
125
29
-7
-23
-25
-49
8
-372
-336
-576
-2
1424
8
-7
173
-5
1749
23
1329
-482
-7
5
4
-5
-10
-22
10
569
83
456
46
-150
206
-9
40
37
-923
57
18
-36
-19
10
-12
271
23
-13
115
337
125
17
-3
-403
2187
-72
50
-1
-112
218
-1
-237
13
-264
-24
0
55
4
571
-8
22
4
63
-4
61
8
-6
340
-486
6449
13
13
-31
8
24
59
-150
-491
20
-27
-9
-404
-27
-122
61
-221
1372
-15
77
47
26
-4
-15
-5
-38
-6
-20
-536
20
93
-5
-1
-55
-23
576
-638
185
66
14
-64
456
-24
184
-40
-587
4
-31
-123
11
0
-2828
390
-2
18
341
-742
-8
-4
-296
97
608
-463
-206
7
0
3
-3
3
4
-34
-110
491
6
-12
12
-9
-10
-199
-21
21
24
-66
224
-90
15
-48
32
-527
76
212
83
-1139
2
-25
189
-165
-127
9
-115
-1767
14
12
23
-243
263
20
-8
-44
-29
-92
-156
-1377
-20
5
192
25
4201
-12
10
-58
-21
-198
59
4
-24
-116
-3
73
-7
79
-89
319
20
-9
2
5
-88
1
1439
52
129
-8
-64
-865
396
60
76
6
-34
44
7
198
632
-3
96
1414
47
-41
-87
-317
46
-52
-55
387
-102
-26
4
-36
-12
28
79
-1790
631
5
-6
3
66
-33
-387
1065
1
127
-448
-23
14
-18
-22
11
-19
103
-79
-19
618
-3
2
252
-170
-5
206
-231
7
7
-50
14
-330
23
171
-595
-19
-84
608
-25
53
-846
-187
-40
65
58
-79
-1
-453
33
13
-337
147
792
2
3
15
-3
-4
112
167
30
-1478
-1394
55
75
-25
-360
0
2996
35
-10
-20
-15
-101
-21
-5
-132
7
-219
-16
20
54
-138
-125
17
1235
29
563
-21
1532
-694
-89
-24
61
-475
15
-6
11
25
-149
-15
-16
112
1240
-434
1
7
-16
475
158
899
9
43
162
-320
-50
-45
-21
8
-8
-142
17
21
225
-21
-11
-7
138
-3
-263
-8
30
3
12
-499
116
-83
8
-58
10
-1484
21
0
-11
-101
397
-1
-913
-14
1636
3
-105
-6
7
147
271
-1291
-46
-18
335
1
-610
10
23
1177
191
47
-325
-30
9
-11
226
-50
-70
-223
209
-100
-17
-74
47
85
48
8
41
370
-8
-291
1323
219
-56
56
1632
225
273
-35
-5
2
-6
-19
192
-18
171
-34
1
23
12
16
-758
-8
-9
40
54
-355
9
-8
27
3
-276
293
267
-1361
-6
316
8
-2
6
25
52
187
125
953
37
680
-74
-327
-54
-1
-2
-12
62
-1
-15
-6
450
25
729
-50
20
0
-19
6
9
7
39
25
11
5
-2
0
-520
44
0
-14
1
-3
79
-4
141
188
1051
106
-31
-286
-1134
-202
47
209
-5
-85
-64
52
0
-4
-385
20
-164
-1
420
-36
37
45
-56
1090
-159
-668
8
-40
-44
-180
9
-7
122
6
-94
-194
103
10
-44
6
244
745
210
-72
-125
99
126
-1565
-246
6
10
-2
-9
6
-99
303
-473
-19
-8
20
-27
-83
150
5
-21
10
64
103
-76
-19
-26
-188
-557
189
-3
-97
149
-52
919
15
-9
-377
-7
4
75
3
-66
-34
431
-5214
-969
219
-301
101
20
12
42
23
88
201
208
22
238
39
94
-81
327
1
-174
-20
190
-433
1
2
88
-1124
-9
-123
-259
-20
281
-311
-13
2
14
-10
-13
4
208
13
-12
1
188
1430
-6
-3672
-118
144
1
18
0
2695
-782
-445
-5
52
-647
-1453
-6264
17
20
-2
103
8
34
11
-6
19
20
14
32
273
-21
140
-297
-380
-10
62
2
-23
254
67
164
-24
96
49
493
282
1
-6
-277
15
87
-4
137
63
14
3
-7
-218
0
-23
-154
-25
168
19
39
-8
21
144
-33
15
15
191
5
-16
19
-256
-2
-434
-201
-188
-42
-451
-1
17
231
-12
-189
-292
21
0
-630
37
22
-18
33
77
10
3
5
986
51
13
0
-679
74
484
29
77
23
9
527
30
-73
5
7
-87
115
5851
109
21
34
-175
25
-3
-116
-173
74
-123
-49
-3
-9
-1148
-16
-5
46
21
-3
-1
-3271
-50
-15
135
23
51
-27
-2
-11
-100
-104
-28
-56
-19
-56
21
1510
-19
-495
41
2815
-419
48
3
-59
3
19
-45
60
-5
1
-11
-329
7
-191
-1
874
-369
-250
-161
35
-5
-18
48
457
16
-236
-14
-88
24
-43
-1486
52
-33
-61
64
-13
2
-10
-18
7423
-399
-24
282
71
5
-148
8
124
-16
-279
-1
-3
5
58
-38
170
-5
18
192
2823
-824
-11
36
7
24
-12
-48
78
108
-283
-114
10
-3543
-144
-4
33
-231
-48
-43
-804
162
2329
-47
378
3864
-44
267
-14
-307
-16
550
-89
14
16
8
110
-83
30
25
-63
-18
-8
-377
-32
-5
-72
-7
19
-26
15
295
-525
-520
59
-9
28
-84
-9
494
592
-24
6742
13
91
0
-52
345
13
36
-33
-49
18
-141
618
-89
508
18
-3477
-82
441
-361
7
9
260
-295
-244
-135762
-23
-31
102
-2
134
0
-817
245
88
1238
-43
-2
75
131
-584
13
255
549
0
-156
13
419
101
-6
-46
-19
-51
22
313
11
-119
-14
203
-2
-5135
-43
41
396
-59
13
-439
-259
220
9
23
38
5
-347
-12
-30
76
-7
-55
46
3
-5
-8
1
-3
8
9
-5
19
-42
-453
-553
-41
-14
9
11
-8
-13
23
-14
-8
316
57
71
750
1536
-33
-12
38
74
91
-798
-277
-2
2050
33
-10
1
416
453
39
-164
36
410
15
198
123
35
-131
-86
3
10
34
-105
393
3
17
112
-322
444
-114
53
38
-160
69
0
158
78
11
54
-438
-2
369
716
-476
-1957
-18
-63
137
33
22
-8
53
-3
477
-12
40
93
190
-92
148
327
-110
93
197
-69
-1474
-21
75
77
115
-8
-129
-105
33
1
-30
-30
5
159
-1081
13
-22
315
40
-99
1157
-14
-237
-3
949
-66
-4
77
39
-2
184
75
-5
3
-368
70
1
7
-137
68
25
-8
15
1
1
570
-54
58
-4
29
-121
-37
22
-2
172
50
-77
0
12
-9
-57
-48
67
14
-171
-10
-6
-2330
-42
89
29
7
15
63
-20
-68
32
-3
-29
-64
-29
77
1212
36
-21
0
-164
178
-23
-8
-10
-458
-43
-152
-212
180
39
-13
-37
4
-6
373
239
25
-331
14
-2
-65
-5
-27
32
96
215
-4
-99
-20
-16
-16
31
-487
113
15
-5673
14
67
115
6
31
0
-43
-169
-94
10
44
0
-12
96
-26
4
-19
-161
16
-4
2
34
98
-13
-3367
-94
-8
10
65
15
-426
-131
148
35
-2
-1
-65
-406
121
-30
-2
-115
-853
18
-779
-231
-235
-4
-7
98
-23
-2
-22
34
3
7
0
21
-82
135
183
-12
448
-1021
-113
-62
8
-167
-17
32
57
-24
32
-8
-106
66
6
42
-17
-26
-44
413
19
21
-294
402
-81
70
2
1
-18
-68
199
13
-681
-69
-3
-430
355
-185
58
-165
8
103
-92
2
-38
-63
-2462
-141
-34
4
134
398
-6
353
5
-18
111
15
723
77
-443
349
-1022
437
-18
-3
-502
-70
548
80
0
188
254
-125
-6
466
-1
0
326
-19
-17
1
58
-144
-74
20
546
0
27
34
113
-76
-1
-22
455
-15
-9
18
-37
188
18
-50
84
42
-8
-22
112
-142
117
-422
782
-588
-75
43
79
54
-2202
196
-15
20
-38
-37
4
5
-69
111
-522
-250
78
-187
-15
126
15
-106
16
12
145
-52
-255
-7
5
1217
-12
311
-11
-6
23
-3
2
-1
30
-4
-407
-298
10
24
-1
-35
26
25
132
40
-106
82
-3
-121
8
-3
-8
-11
170
208
11
-137
188
-156
-18
606
-6
111
-38
-25
-213
-107
-29
4
-48
68
255
-203
-174
-25
-100
113
20
-323
-8
60
-77
-1
189
158
-169
628
795
402
-6
53
83
-46
-10
-17
12
273
34
-13
70
7
-664
-166
68
-10
402
-7
2
-420
-132
6
-6
194
307
845
1702
-155
-25
-35
-3
-224
6
-106
127
-502
-222
12
43
-231
-147
-301
15
93
-22
9
-2
-1812
24
0
-129
2
-80
-10
2
189
720
10
2
-118
12
-148
-426
748
-840
1
-4
8
107
35
-13
-99
-6
-38
10
-95
51
-38
-23
-122
-18
26
108
-3
1492
1
-182
198
-5
-7507
103
-267
65
-211
0
105
-3
-24
678
85
-21
-77
35
263
-22
67
-2
-98
-77
22
-247
-43
-45
11
4
-68
30
-6
-225
3
68
-65
77
-12
-425
26
-110
-8
-4
115
-17
-100
-78
17
-58
-234
-11
-45
2616
1
16
1174
36
-27
-1317
-330
49
-5
111
176
13
-7
3
-8
-4
106
-1012
-102
26
89
16
-10
-2292
7
144
-22
-682
38
6
417
-413
-117
-6
-1617
-5
-6355
23
144
-13
10
-104
-18
-301
2
-8
85
742
16
50
131
-25
27
-57
4
83
-6
53
435
-3
-292
-17
335
-109
-60
-342
-589
-1
-30
-2
-309
-778
-13
322
-891
-108
53
-200
-167
-29
20
11
163
13
-109
-23
1525
-126
145
-41
-343
-17
-1
406
-455
-42
-65
-14
19
-41
-26
-15
-270
-5
-509
-65
152
471
475
29
-44
-84
-159
-42
2
1
152
19
-16
-39
536
47
8
8
-102
24
-11
12
6
27
-74
-5
1302
91
-97
-15
539
-8
8
1102
79
-422
77
3
-442
159
116
-11
-89
-540
306
-18
15
2
30
268
-7
-95
334
48
-51
10
7
-1
-138
8
-781
36
615
-27
1000
-2463
-369
-23
-76
23
-22
75
1144
-5
-168
72
-255
19
16
16
10
-25
-25
78
-4
-26
-4
514
-205
-13
-341
4
810
1
-229
1472
14
6
-34
-3082
31
114
-322
-5
-2
-9
-1
297
-30
62
23
333
520
-75
-10
33
194
-12
-8
6
21
-16
-32
-254
-86
-12
-1043
-5030
62
-310
-245
-4124
-49
-320
-2
52
230
-45
87
-66
53
-711
6
-56
6
246
9
626
51
370
211
256
10
12
2
127
-30
78
-162
-168
-305
-111
-94
16
-5
-48
-72
18
-870
-14
489
600
-118
-89
482
4
-2
-533
2
-33
14
-744
-33
-3
340
-342
-81
8
-3
-2
81
46
4972
-31
58
-32
66
10
32
-227
22
56
-2
-59
-4541
-124
-70
731
-269
-126
5
-1480
-79
-16
-62
-13
4
2
82
184
-5
15
-9
-61
-236
35
-3
2
22
53
-1
-1419
7
-51
91
3
-111
4
-30
117
18
-6
-957
-11
448
-27
7
-136
21
-534
-1044
-15
-8
-26
17
111
91
164
28
-8
-7
-268
160
15
139
-260
9
4
-54
-87
41
14
62
-18
939
1
120
81
146
269
-65
-1624
-33
228
-3
-48
-197
3842
338
90
407
10
-1
276
-31
-105
644
4
-249
13
17
54
-4
-5
-2
157
-149
1059
555
27
67
-25
6
-36
1
-142
225
19
-39
-159
89
-2
-190
12
-1576
105
-62
289
-124
-156
-454
161
6
-63
-1698
-550
-27
5
118
479
-49
351
-2
-63
23
-1237
2
-3122
-4
-40
-408
197
-20
-214
-67
-5
-88
102
-8
17
303
-348
-10
40
-92
-4
19
17
-3
-79
-26
-958
8
-242
67
-220
7
-21
22
231
415
12
-3
-63
1
13
1271
10
-1
34
-15
7
-22
-6
63
-36
26
-1161
246
125
91
-16
-290
-1765
-153
-40
721
-506
158
36
7
-331
110
1762
-2
40
733
-391
-49
221
53
-34
401
-163
-203
9
8
650
-16
-111
-1
1039
33
525
-50
1
-21
-57
-55
2
180
220
51
8
-598
4
124
1
2578
1301
7
6
260
-70
-335
-106
-94
7
10
-113
379
52
618
284
13
11
-395
45
-424
-20
26
20
-214
-14
231
50
12
-6
356
605
-287
-187
-26
45
-291
3221
-59
22
11
-60
-45
-40
82
-31
-12
119
-17
-2
313
287
-783
25
66
-367
-206
446
449
-930
44
-38
195
45
181
-68
262
49
-223
383
12
118
9
-97
10
-89
-36
46
812
-27
2
-37
1
-24
-852
211
-224
-112
38
-857
-17
228
-449
311
447
-8
24
-5
3950
604
-18
-11
98
29
-428
-1
-25
5
-62
55
-85
-5
-18
28
82
-39
6
-69
-3
201
281
7
38
-35
724
5307
22
538
20
36
-4
874
99
2
-48
13
-2
-5
37
-4
165
-44
376
100
229
18
16
49
-39
91
49
-84
27
73
-15
-33
-165
491
1
-46
8
-64
293
1
-2
5
-1419
-3
292
-73
12
-157
11
-979
-9
-12
3694
-319
-131
-10
177
7
1186
-91
-14
-3
-2
6
-1
721
-70
74
-97
-30
-60
12
4
-173
-96
67
-2
38
-1166
271
102
0
16
-59
18
241
43
81
98
1572
24
1604
-106
210
7497
5
4
-5
-2
-2
110
32
-81
0
-2409
-31
-9
-25
-4
10
2
8
1
-47
238
-13
-37
84
-196
-130
-993
-11
-944
176
175
-198
19
-160
10
-65
-368
10
1
-2
-4
138
-10
139
2
-16
-859
-31
4
44
-75
253
661
-31993
1
-6
-436
-431
3
-6
122
2
480
-57
29
228
19
-7
-60
36
-231
7
-64
-107
400
2
-77
0
-40
-43
420
32
-15
38
4
124
-89
-6
63
15
-5
7
-3
-8
-44
-4
669
-82
-36
-9
29
-17
-1044
-292
175
-6
-1
909
-2
-3
-67
650
10
50
-261
-2
146
24
11
5
279
-13
-38
-159
-51
79
24
-20
-116
729
6
-1018
-42
1
-80
-90
-282
43
123
93
-13
96
-620
-381
-6
2
1
70
2
-22
-34
153
177
-409
-9
-14
-195
0
-100
-417
-41
-2
23
-50
-21
-2
-34
-2
24
-6
-48
2
-107
13
-29
-936
224
-71
-48
212
41
-428
-36
-112
6
-45
102
27
-97
-3
72
-105
-510
126
0
13
351
-45
82
-879
2968
-112
-4
-12
649
-23
-415
6
-78
-459
-8
-31
39
3
-344
75
-129
-339
-57
-157
-122
-5
24
5
-996
10
-134
-257
2781
441
51
69
-138
8
13
34
173
-115
-1
17
-3
-165
21
15
-26
-60
-9
1
-513
-36
-130
4
26
0
-1
-127
20
157
317
-9
2370
-66
24
164
-39
411
155
1
-132
-4
14
327
32
45
-25
-77
66
-16
3
-4
13
26
-24
19
111
1518
-85
-6
157
70
-70
-137
-158
-295
177
-22
63
2
-49
-308
820
-65
-191
31
73
2
-45
-3
-124
-76
-293
-25
-105
356
10
137
-15
16
-63
1110
17
49
476
-7
99
-447
3
333
643
-26
63
3
-29
19
19
-546
-81
0
1063
-16
-79
-326
-39
-25
-72
73
213
364
258
-13
27
14
-41
1
-44
35
77
-8
178
-131
38
-367
-29
-42
133
-32
-13
29
-1
-361
40
0
-33
187
-96
302
279
1060
-2
-30
88
-18
-8
-254
24
-63
-21
15
51
65
293
68
193
11
-10
105
-131
-9
9
-4
24
-86
478
1099
35
-112
178
232
-11
402
21
33
158
131
57
317
724
-15
10
-22
-252
45
-223
-48
-139
92
-670
15
-4
-3432
-20
161
189
-117
-3251
-134
-64
-36
-2
-1
-276
-150
4
-2
-222
-26
-60
51
-1073
96
-11
2
-133
-513
-29
0
16
110
0
24
-24
70
37
228
673
-1
3
25
-343
-85
61
-1
-7
-263
-122
0
3590
41
186
-13
-6
-452
-5
22
-140
-2362
56
-7
206
248
-186
-14
10
-5
-236
-7
517
10
1
-33
254
2439
-97
3
25
12
1
-146
4
-124
16
-87
-111
-18
-11
-8269
-55
47
14
-66
-62
149
1
-455
-92
-17
-49
-277
-42
-320
-124
-3
-11
-465
-20
1269
3
32
16
1
45
-124
53
-25
-14
-1421
-64
43
1396
-2006
52
3
170
483
-130
14
-28
73
-374
-1928
59
106
-539
-47
-112
-37
-133
106
-3
0
-1060
-2
-116
13
42
-34
-82
26
-28
47
3
183
55
295
766
-428
140
-19
11
-2
-5
103
-96
-309
-22
-959
-7
-172
-6
-929
20
-7
64
-134
19
-14
183
-19
26
-10
-58
54
4587
-4
26
-139
-3
-131
-27
34
-566
26
-1
-26
3
-3
-7
20
52
561
16
481
-276
1
23
3
14
-258
-2
1
-46
2151
-37
-3
-80
11
-776
-1266
53
458
-46
-6128
-34
637
-63
-8
-222
-540
-2
-162
-32
-716
-617
-144
-12
-136
-866
81
-22
-131
-16
-269
-117
-243
-70
35
553
-70
56
418
-155
348
-97
-1
248
1087
146
20
-714
-65
32
21
1937
-4
27
-45
-3
16
4
-5
241
-3
-35
-26
30
1
0
46
249
-408
256
-8
-85
-7
24
-50
-3
-121
0
4058
-350
45
10
21
-3
-2
23
201
-33
-1
-6
3
167
-9
-884
59
28
-44
-22
-220
822
-26
62
-557
-41
110
40
-7
-968
-118
-1207
-40
-85
5
-5
4
23
-21
48
-107
-17
-20
10
-3
2
-20
-467
379
97
951
-4
-113
-149
-1
-11
-40
-340
-345
-293
-54
-34
-12
73
1
1867
-42
45
-32
-77
-317
-8
-54
-95
64
41
9
103
-70
-83
-15
-1
196
-51
563
-51
-3
-8
4
122
-690
12
-252
-54
16
1
13
111
-175
731
-11
279
-2151
-20
-76
-27
5
-20
24
2
267
3
-1505
16
-36
419
-99
240
-1038
-8
-138
19
103
-19
-443
-981
16
-66
-205
14
-7
-715
10
-42
2
44
-18
-14
-84
389
-23
-136
67
-478
-224
-3275
-1
-3
8
61
158
1048
187
-396
1
16
389
78
33
-3
66
53
345
200
-93
-3
-256
9
7
-308
94
-65
2
-11
-12
83
50
5
-510
47
-2
39
16
8
21
-7
-2
-9
1
24
11
-59
7
-65
-26
97
-83
7
-11
-66
-842
260
16
0
238
-5
11
-54
64
2917
15
53
140
-18
-169
64
-21
76
-3
-224
52
48
90
-65
-6
-96
15
-184
-84
-1
-135
-173
346
-548
25
-22
-17
0
-1
-3
74
-341
-41
-401
73
3
-13
195
648
-22
224
-7
99
7
0
-368
17
-94
-96
33
35
497
-1080
-2811
16
5
-116
67
469
7
-523
376
150
-100
-117
17
-3
-4
-140
27
231
-23
-67
-2
-36
27
-23
13
1
9
18
-95
44
-255
-94
12
29
69
-31
-84
-489
65
-16
-24
-12
202
3
-36
16
-86
-1
-1
-19
145
558
14
11
-22
12
-127
9
-140
-10
20
10
-18
-4
1
-27
6
-400
-5305
-316
5
58
-1066
17
-50
-49
590
-16
18
1316
-7
22
44
155
116
-12
-42
-30
17
-895
-1164
-40
5
-7
7
-176
-88
-3
149
-162
-53
-2726
1
-44
143
81
-6
444
-30
-4
-5
-152
-245
20
2
626
505
47
-37
205
53
-405
-2777
-13
-215
13
-40
7
3
7
1
0
2319
-12
5
-601
-4
73
-106
-122
-111
-454
-5
-9
-45
8
99
6
-1274
31
-96
-4
-404
58
-32
13
-10
8
40
326
11
-9
91
1772
-112
83
29
-22
6
-89
8
6
1451
-24
-35
-108
-8
-12
-84
-6
-1469
994
90
98
17
-3
-311
-4
3
-1066
-23
-575
-233
-84
61
-595
-4
354
13
-248
340
4
60
111
26
-776
-22
409
-22
-83
-925
-328
132
6
114
227
-182
1
3
-55
-72
4
29
1005
150
-75
-68
37
35
3
-3
-193
12
63
-13
-1
21
-96
6
-19
-47
-45
-302
-256
-462
76
-17
74
5
-81
-18
301
5
159
-1655
-96
18
-557
9
146
16
-166
648
22
14
-18
-4
-4
-23
-4
-3113
-46
-91
-172
191
-73
107
-13
75
55
-15
-10
10
2
-5
3
456
-319
1
-47
24
29
-146
-857
-181
-2
-187
-16
-343
9
-49
-24
66
13
48
-200
21
120
54
1
55
-101
-11
0
19
4
-142
-142
-393
17
420
-4
22
118
-23
-165
-75
-153
-16
-37
-13
22
143
-106
91
4
150
-7
-7
-1
-157
72
-716
-47
5
-135
-259
-174
-94
215
3
1038
-106
434
99
68
-174
3
127
1304
-208
8
6
-1
2
29
17
-10
22
3
-1
219
-4
6
-52
-305
-10
-335
80
-159
-18
-291
-1
16
-2
-743
45
-11
164
-9
186
18
-35
910
583
187
91
-17
-9
9
-55
-14
-75
-534
21
83
84
475
508
602
0
13
4
4
116
17
-30
-27
-1729
-8950
-241
-109
4
73
145
0
13
-35
21
3
-12
19
16
424
-89
204
174
-4
21
1
-227
270
57
1
183
13
-285
-497
-29
31
3207
4
1469
-4
-71
65
83
-5
3
25
0
-12
240
0
94
0
133
24
-204
2
-471
165
-497
-72
-8
-135
-15
-23
-8
8
-12
38
-472
-474
511
-1
45
427
123
-79
-298
-754
-569
14
3
43
164
61
23
-576
200
-5
-6
-7
20
2630
78
-660
-311
-7
3
-7
6
-1
30
-97
-743
1502
81
2190
160
5
248
18
-155
95
686
-75
471
-6
108
38
11823
174
1072
0
618
-76
-130
248
5231
-1
-24
-1
-6
256
-342
30
-180
40
213
2439
-395
-286
-65
-252
-27
125
172
-16
-4
91
-115
-22
-84
14
11
-17
-151
69
-24
52
-4
29
0
2
2
-78
37
25
21
169
50
-3
-1
48
-176
-108
-28
0
149
-118
105
-1148
5
32
-41
8
40
10
12
-25
128
-69
-52
142
4
-115
10
-18
376
532
-241
-407
-20
-9
-205
-177
48
-24
340
-18
-11
42
21
31
-2
1346
-616
133
-11
-1
61
-2
-32
-5
71
-498
-14
701
-1240
163
-3
-62
-1
-27
67
7
-30
204
2723
-1148
-122
-12080
97
-181
-1456
25
-2
-300
-18
180
6546
-5
27
13
-916
913
240
1
38
2
3
-48
134
-214
-29
72
-42
19
32
8
2
315
-39
888
13
61
-133
-1
-115
-9
304
197
-24
16
-17
241
-58
-4
315
3
-9
-406
-203
13
7
668
-37
-2235
2275
-21
13
30
317
-27
64
-124
4
-13
-50
21
18
98
-333
75
-14
353
30
83
32
-6
9
136
-7
-461
-18
228
-886
-53
-2
1
1771
-1423
-29
11
0
-32
-14
-15
-24
87
-519
-134
-42
-1
638
-7
-489
8
63
12
-7
79
10
21
514
-176
7
-82
85
-144
31
-84
6
-157
-13
48
252
458
-40
26
217
4
-389
-5
-2
-1645
7
656
86
-14
36
-36
64
18
22
-90
-76
408
168
-105
1
-49
-120
35
56
575
-9
243
387
-171
-1034
-211
1731
-275
-119
106
35
76
127
-77
-35
74
-344
-74
8
-111
-55
-3
-9
-1252
-221
5
752
-378
-13
-41
-9
-1349
-9
31
26
57
-757
-56
2
35
76
13
59
-51
-83
-12
-201
409
-1180
15
21
8
57
493
719
-5
-27
-68
-79
-14
8
32
-429
173
64
-28
-583
33
-4
-26
5
-96
543
2451
10
32
241
-169
1641
-1
352
-75
-1
-47
37
-4
-109
-159
26
-1
1307
38
-18
26
-759
-37
-15
136
30
-2
-6
2
-12
-140
-96
8
0
-9
-467
58
5
841
-16
433
54
-504
20
-128
192
-34
388
-535
12
18
7
10
625
-779
-714
34
-22
23
-24
20
8
-449
-63
138
9
3
-88
-649
116
-36
-456
-4
-33
213
155
16
607
495
-9
-10
-49
26
-5
117
-219
-78
-2
-100
5
-333
276
-24
-338
-24
-3789
34
-124
-46
-18
447
-95
164
181
-39
624
-938
63
16
-19
0
-17
-82
-1972
52
-39
-122
228
17
-26
20
117
-3
92
148
3
239
94
-116
-360
318
603
-41
-2
-577
32909
-3
-6
340
-5
66
-7
-1
1
6
1
450
-170
200
465
10
1
-63
-21
-109
10
1
716
-30
-137
109
-1613
-48
-8
125
-33
31
-50
-7
31
39
223
-178
-15
25
-1
-53
56
-8
97
3
-149
6
-35
150
-20
33
569
313
-7
-110
34
-228
-27
21
-21
22
-31
236
-705
144
-82
-53
68
-11
-234
173
-9
3
-30
-33
1945
6
-55
-8
142
-4
-61
-1469
27
2
204
771
-251
4
46
107
12
-9
-74
1924
13
-197
338
-59
1337
25
37
-158
3
-11
40
-10
-278
341
110
-21
86
81
30
1222
20
52
70
-4
8
24
-68
12
443
61
-45
46
-482
1000
255
-51
-10
-464
-439
-11
1
-6
9
-302
-8
-41
210
-1034
-33
-174
-17
-46
6
-214
30
3
-120
-22
-74
75
-1621
9
-788
-22
30
539
36
151
-3
9
1
435
-46
-114
366
0
6
513
-2
17369
-73
-636
-961
3
192
-24
81
9
-14
-80
-27
89
-284
28
-30
3
124
5
23
-465
121
602
-11
172
6
-16
29
6
7
-828
19
178
-9
-68
102
-287
-6
-37
418
-5
-24
13
1717
15
-15
67
1
6
143
19
-42
-124
-7
22
-76
143
-9
95
-17
10
493
-373
-126
2813
-739
877
12
-375
16
-562
-183
95
-15
397
-16
-4
-2533
35
-20
-149
-12
-51
13
55
-126
30
-115
229
25
10
-20
-35
457
28
-19
927
36
37
17
15
-31
659
-1532
-20
-8
-751
13
178
5
-523
154
4
-60
-99
93
159
-19
14
-192
-212
-2
287
-513
-89
-99
402
230
-24
-175
2081
34
-34
85
-4
-16464
1006
0
86
3
-4
-138
-67
-2717
82
2
-22
-1078
-156
-907
-42
-39
-6
-14
-145
-4
9
-1577
-10
148
-236
510
-12
-96
31
-308
12
5
-382
-6
0
-3
18
-9
73
17
2756
46
187
-38
15
49
-71
91
-5
-88
293
-1568
1039
-467
3
112
-61
115
10
6075
-736
-57
1
-1572
27
-16
-358
-272
-132
4
5563
701
29
-134
14
205
1
219
-20
1
-372
-121
-52
-30
-15
-5
-26
102
334
37
25
110
-6
16
-12
-2
-21
33
468
5
-42
-34
-97
-11
-92
-9
14
53
-526
-140
-206
1214
-238
23
-102
0
-4919
-173
491
48
-53
-263
-9
-1591
-52
-112
50
9
-334
250
-7
44
10
330
266
4
197
43
101
-148
-473
280
25
6
-1
-46
226
105
362
6
1653
-14
7
106
-153
1765
-96
-440
786
-23
-26
-58
21
43
1170
24
-184
-28
25
276
19
50
23
-63
-252
-53
-119
37
309
-13
74
-20
-45
-34
13
197
-268
-7
-9
-59
5
33
-10
38
-4
-1
-75
-8
-35
-576
606
15
-16
22
11
-121
-93
-192
2
131
27
7
-44
100
106
-19
11
-49
1802
43
-4
-59
6
49
-2
30
96
281
-189
-39
201
-12
-600
68
-6
-39
-23
-64
-100
-4525
13
53
51
38
321
18
81
404
455
-219
-27
-41
-71
-12
11
-38
11
19
-196
779
9
-420
17
249
20
-314
-16
-17
19
4
3
33
-40
160
211
182
7
-7
21
63
-47
20
-57
169
1
-46
1134
-222
35
13
-102
-1
-349
95
-58
100
-37
22
31
138
-50
0
1
11
8
3
-118
11
23
786
-5
264
11
-24
-197
3155
5
-204
109
8
-210
215
42
696
-387
184
10
-63539
69
-100
-1273
-7
-11
-441
8
124
