0
0
0
0
-920318854
0
0
0
1118238851
0
772474207
0
0
0
0
0
-779677137
1312806242
-1210619257
-1551682870
0
0
0
0
-450681987
1293003891
901458949
0
1773838066
-1111299353
0
0
0
0
1066650381
1040541471
1580223385
0
-1726317628
-1925597836
0
-1873008965
0
0
551045785
0
0
0
661330029
807450725
1046164304
0
947673262
-1726340991
0
0
-1326930327
0
949151175
-2047958973
1404545097
0
0
0
-1475371622
0
900139739
0
-443642114
-844148526
1300706424
1349802803
0
-1663665386
-1797692819
0
0
0
0
1044061094
0
0
-444647254
-849199927
976824095
0
0
0
0
-1797553015
1797114843
604205621
0
0
0
0
0
-2108914543
0
0
-1364563042
0
-1797752725
-1726338535
881139944
-2047880613
0
0
0
776824034
0
0
0
0
0
0
-443012746
0
0
0
0
901458952
0
1592825133
-1731387355
0
1288373023
0
0
0
0
0
0
-1726326241
-914374887
-914488264
0
0
-1798634593
0
0
0
0
1523683413
0
1523683469
0
0
-774801941
0
0
1871557516
-2049548392
0
-1364630012
-836949531
0
590952499
796310149
-837197497
0
0
0
1312777671
0
0
1044061093
0
0
-1111299353
-836959344
0
0
-1513106119
0
1046164323
1806835362
888915588
841483037
931420625
0
772522994
0
0
-1364572341
-844247328
1304400262
0
0
662258579
-1097570518
0
767599724
-1210619371
892331612
881145699
0
1590399526
-1726333637
0
0
0
0
0
967830919
0
0
0
0
0
0
0
0
0
-1523837347
-1211344228
-1644325703
-1731356667
0
0
878187540
2131396241
0
0
0
0
0
0
-1364579051
-1803124450
0
-1731356405
0
0
-1726348346
1395201809
0
791982978
0
0
0
-1710097807
1118238909
0
0
0
0
-1910728805
0
-1726337275
0
0
-831103664
670392048
0
0
0
-1644320142
-1872998008
-1925597890
0
0
-1116464130
772474190
0
-1160923126
827256305
-1111299353
0
-1178880650
0
0
-1726336649
0
0
1118238909
0
0
0
0
-1364578140
0
1396506934
1429524531
0
0
0
0
-1726336161
1066650527
-1797781511
0
0
-1797761953
0
0
0
-388705454
-1218150509
-389816776
0
1891763495
0
-916358626
0
0
0
0
0
0
0
-835694408
0
0
-1364587574
0
0
1304408716
0
1926163892
0
0
0
0
0
0
-1289606307
-968667854
-1686949414
0
0
0
0
0
0
0
969417003
0
-1726337106
0
0
0
901458951
-1925597863
0
-1423642911
537680721
670392048
0
0
-450660701
0
0
0
-1079994213
1441562156
0
0
1304406061
0
-849188308
-1663591974
0
0
1300716838
-1797741860
-1097570518
0
-1726341845
0
0
0
827850637
-1531549846
0
1118238879
1773838079
1287199177
0
0
0
2131290458
641728767
591348212
-1535114551
832260425
1292960932
0
-1456267170
-1110692508
0
0
0
-1364612362
-1106547267
0
0
-1873002358
0
0
-1678233307
1310401650
0
0
-1247143351
1066650531
-1726333571
0
0
-918478169
0
1928397085
1044061062
0
901732786
-917901128
-917239581
0
-1797614784
1514749115
0
-1218150496
901458955
-1726333590
-1663629778
0
-1602741295
0
0
0
-1289606307
0
0
0
-1726335090
0
0
1302382945
0
0
0
0
2131277244
0
0
0
1044061106
0
2129992450
0
0
1773837853
804527068
1047789906
1044061093
0
0
804639025
0
0
0
0
1005131645
-1122588469
0
-1364582739
0
0
-1726335143
0
0
1047794784
0
1293479339
0
-916810925
0
0
0
0
1512328199
-1726338487
0
0
0
0
1512328228
0
1118238922
0
0
-1798387708
-1095229835
0
878329877
-1278404273
0
0
2083719383
-1255936047
956747424
0
0
0
-1726337915
777305921
0
0
0
0
1044061067
0
1304342469
0
0
-523417238
0
0
0
0
0
-2131836507
0
0
-1798331925
0
900159225
0
1316180108
-1726336926
0
-1798379019
0
0
0
-35382111
655442116
-1644325685
0
1404305839
-1079994213
0
-2047880629
0
-914807586
0
0
0
0
-1789400855
0
0
0
0
0
1587506616
0
0
1304408755
0
-1291956830
-1911498756
-837218979
0
0
0
0
1044061108
0
2131277119
0
0
-1350645145
0
0
-835204463
0
1310345580
1044061106
-1797750070
0
1310396023
0
868353414
1427084472
1043284083
-1925597862
0
0
0
935971048
0
0
0
0
0
0
0
-1644325671
-1094567654
0
0
0
2131259468
0
1150157856
0
0
0
0
0
-1726340963
1047794791
1297343397
0
1118238885
767599732
-440568189
-1644303011
0
0
0
-774801933
-1798490777
878213917
0
-1663776722
0
0
0
1310396023
0
1511330479
-1120033729
0
1939697907
0
1069300856
0
0
-1364608477
1150216115
0
-1798809860
-1158814368
0
0
904876793
0
-1095453792
-1925597863
0
0
0
0
0
0
1063293045
1512533428
0
1118238854
0
0
878213908
0
827256710
0
2131259396
0
1871554801
0
0
-1662384946
920466653
-387692142
0
-834844950
-837239237
1047794804
-1364583226
-1726337274
-831485443
0
812926695
-1210619190
964055533
0
0
0
0
0
-1082127070
0
0
0
0
1118238949
0
0
-1097303884
0
868356490
0
901222058
1404315176
0
1048656022
0
1304334408
768822096
0
-849184921
1047794724
0
-1040517027
1150157879
1411485411
-1925597896
-916916585
0
0
0
1150181313
0
0
0
0
647010665
0
1183325604
0
0
-1457206921
0
-1726335718
1380238905
-1925597890
0
0
-849188277
0
0
0
835556746
777314439
0
0
1150180683
0
0
-398597859
0
0
1489436890
0
-837281432
0
0
0
-399968628
0
0
0
0
0
0
-1670753824
0
0
1048656256
-844246678
-1873018687
0
1523680046
0
0
0
0
0
0
2140751489
0
0
0
0
-831097025
-1726340967
0
1979216765
0
0
0
1047790485
-1475510603
0
0
1404561957
0
0
0
-1211964566
-1110694174
0
767596251
0
-1798460452
-1210619192
0
0
1150181241
0
0
1511330465
1313886718
901458957
0
0
-1726345540
1150167441
-1513641457
-1670754096
-832492607
0
779305310
878637017
0
1404557569
-1726335080
0
0
0
-441879388
-389408019
655442797
-1925814598
888155284
-389813433
-2049550001
0
0
0
958957540
-1279856099
-2139885735
-1120037744
1404519253
0
0
0
0
0
0
-1663617124
0
0
0
0
0
0
-1726348427
0
-1268599066
0
0
0
0
0
-1210619386
0
0
0
0
1512328267
0
1523680053
0
0
1514909577
1044061099
1302343624
663283038
0
-1797752125
-389763410
0
0
-831106681
0
0
1806835623
1288375700
-1364587622
0
899691921
1362165016
-1456246522
1066650383
0
0
0
-831064007
0
0
2131396241
0
0
0
-1858771159
881145497
0
0
0
1303004070
0
0
878206210
-1423882466
0
0
-1145331664
0
0
-914867405
933370380
0
0
0
0
0
0
-835659562
1044061092
881141688
-963649882
-914389273
901458955
867520854
0
868999184
-838811362
-1798336489
0
-1364617837
1412815874
0
0
-1925597858
1118238886
0
-1145331511
1395201820
0
0
-1644325673
0
0
-916358940
-592037552
0
0
0
1118238836
1773837517
0
0
-1663777679
790235477
0
0
0
-1218066813
0
0
0
0
0
0
0
0
1806966963
-1663597994
0
0
0
1404514595
0
0
0
0
0
0
0
0
-1797681145
-45632657
-1644325727
549536034
0
-1422423248
1404315176
0
1491341473
1150157914
2131260050
1454663197
-1210619208
1118238885
-2047880616
0
0
0
0
0
0
-1079994213
-1798331073
0
-1090902184
879517176
0
0
0
0
949151161
1218999968
0
1047794935
0
-1663586770
-1456264302
0
1479731342
0
0
0
-1102077313
-1731398417
658073865
0
0
0
0
-1797548853
0
1150209500
0
1511309494
0
-1364582465
0
0
0
0
-1456273477
0
-1218147166
-1158814358
-836913995
-1872955011
0
0
0
837842810
-1339007055
-1726335155
-831223525
0
0
0
0
0
665348731
0
0
0
0
0
-1726335143
0
0
-918468826
0
0
0
0
0
0
0
1309847949
0
0
878531596
0
-1209233513
0
0
0
0
0
-2049937674
0
0
-2047880622
0
0
-835676536
-774802296
0
-1249419186
876574584
0
0
0
0
0
0
0
-837218979
0
1044061153
827255932
901458951
1404315176
-834629965
0
0
0
0
0
977403796
-1051888508
-1726341088
868360986
-1782290997
1044061106
0
-1925597852
-1145331605
0
-1160914623
-1726337131
0
0
0
-1726337098
-1029412259
-914375400
-1249419186
-963159087
0
1871553260
-1120037871
0
0
1044061092
0
-1113429907
0
0
0
0
-1731405547
-1773206750
839630143
0
0
0
-1210619350
0
1150168555
889078834
1514745898
835556712
-1873011361
0
0
-1339286069
0
0
0
881145480
889082188
-450662645
0
0
0
0
0
0
0
0
-832438636
0
-833370405
0
-386410069
0
0
0
0
-1926626202
0
0
0
0
-1644302095
-1475447107
0
-1111299353
799812508
-84660932
0
-1163456004
-1726337276
0
964056283
0
1773838068
-110160352
0
-1425984382
0
0
0
-1509301701
0
-1163497108
0
0
-849200262
0
767596847
0
1118238855
1118238837
0
0
0
0
0
-1145331657
-710047372
590415577
0
0
-1291943014
0
0
0
0
0
0
0
0
0
-1456264429
0
-387692481
1349802846
-1443043223
0
0
957099588
0
0
0
2131261428
0
0
-1218147193
1150168515
1118496397
0
0
1118238817
1066650410
0
-1644325688
0
0
977403492
1118238854
1047949407
0
0
0
549536710
0
901458974
0
-1925597863
0
-1456273470
0
-1178784053
0
0
-968659725
666228960
0
-387215629
-1364571921
0
0
0
-1210619341
901458961
0
0
-1167241387
-1111299353
1578393533
0
0
0
893256546
0
0
0
-1364619284
0
0
-835654216
0
0
-1211491220
0
0
0
-442994241
0
0
0
0
0
1939697997
0
0
-1583059153
0
0
1301255561
0
0
0
0
0
-1798791414
1395201796
1587862994
-1798366212
0
-386432884
0
-444654117
-386416086
0
0
0
0
0
0
-387691917
0
1928396847
-399568351
0
-1218066787
0
-1115939425
0
-1797579551
0
-1877878413
0
-837191745
0
0
0
656852414
0
1150181290
0
0
1310353885
1288380251
0
-1210619364
1773838710
0
-1907325652
-831096217
0
904605474
-1731439590
881147654
0
0
-1731406109
0
0
1649029840
0
1312771177
1150181239
1066650589
1044061077
1547461683
1044061103
-1413395321
1304335760
1349802829
0
-916744015
0
1044061104
0
0
0
0
0
-1471226292
901458962
-1663708936
-1925597859
-1111299353
0
0
0
0
0
1044061078
0
0
-1644302098
0
0
830299930
0
-399568197
0
0
0
0
-1160923087
0
1496219253
-1731349722
725548914
0
0
0
0
-1929438677
0
0
1115919644
1046164291
-1218147122
-1116883200
0
0
1052283950
-1572471968
-844119681
0
0
-2047958950
-1798490114
0
0
0
0
0
-1726333587
0
905480892
0
0
-409905515
-1435545550
0
-1210619388
549532526
-917152279
0
0
0
0
-1111299353
-1590187327
-914429918
0
0
0
0
-2047880559
2136056044
0
1048654756
0
-1710066718
0
0
807452547
-914374872
-1773202867
0
-1798485830
-1516685441
0
-1726338454
0
-837197028
0
0
-1254256400
0
878211339
1150170581
0
-1513657049
0
878206198
-1076967387
0
-1210619345
-836940442
0
0
0
1302645014
1118238819
0
1514733966
0
0
-837203493
-849186488
0
-1797758277
-1871596837
0
0
0
-1364558864
1118238855
-1773203249
-109487522
0
0
-1535468338
0
-1210619355
0
0
-572077699
0
0
0
-2003719916
-1111299353
-1158813080
-1798489615
0
-1158817155
0
0
0
812925705
0
-1925597836
0
0
0
1044061101
-390724428
0
0
892724192
0
-837272358
549537893
-389406830
0
0
0
-844245070
767597346
1047999393
0
901458946
-1726341088
0
1439661860
-1532213077
0
-1210619346
0
0
0
-837197028
-1095040398
835556832
0
1066650617
0
551045821
1586046986
-1246947652
1304402310
0
1118238851
0
0
0
-1726333580
-1457276277
1349802817
1047794723
867520856
-1121305001
-835618976
1300717060
-1731358248
1312546998
0
-1925814964
-1160014634
0
-1686923581
0
0
878206208
-1475446914
0
0
0
0
0
0
957099968
0
0
0
0
-1797730565
-1210619254
0
-1154939068
1908553199
-1798389980
0
0
956747198
0
0
1304406061
0
-1082129989
0
0
-914480348
0
0
-404425851
1928396861
0
0
0
0
0
0
0
1150217747
-1364566167
-1644325657
0
0
0
0
-1210619352
0
0
0
-1086083579
0
0
0
1489750463
736746133
0
0
0
913244605
967830957
1580444250
0
0
0
0
969027808
1514909619
790235477
0
820035921
875235921
0
899692988
-409905435
1312477870
1404337511
0
0
-1925814156
0
859611973
-1644325655
730227469
1118238879
-1798365608
1586124215
1395201802
772474207
-844115632
-1210619348
0
779309707
0
0
-1726340965
0
0
1044061083
0
0
0
0
-1248871399
0
0
0
841497820
-1960771409
0
0
-404433604
-1147939342
0
0
1514908540
0
-1724314110
-1086083580
-388700898
-1873006552
0
1044061086
-1925597861
0
0
0
0
-1475371596
0
0
0
0
0
0
-914374808
0
1115921492
0
0
-1468332380
-1726335083
0
-1686948842
-1249368541
0
0
1150209523
0
-1247142873
1118238854
0
0
0
0
0
-1798708360
0
0
901458948
0
0
-1068615751
0
0
0
0
0
1383755977
-1145331481
0
1428996972
0
-1798461200
-1746112523
0
-1210619190
0
0
0
0
-389569297
0
0
1150157967
0
-774801943
0
1058953090
-918440243
-2047880632
-1644325721
0
-916907681
1005131677
2131259969
1928396897
0
0
0
1304332336
0
0
-441867381
0
0
0
719692548
-1908453072
1066650518
-914765727
-1157939786
0
0
1512417778
0
0
-1158814224
0
-968659788
1395201819
-389406782
0
-1079994210
0
0
1586147316
-1726337101
921523545
0
0
-386513146
0
-1507224681
0
0
-1797667362
0
0
-1210619204
0
-1364559852
0
0
0
0
-1798780407
0
0
0
0
0
0
1150164562
1118238923
0
0
0
806735832
0
0
0
0
-1210619263
0
0
0
0
-1726335154
0
0
-1590187061
0
-1210619257
0
0
0
0
-715526151
878211395
0
827793938
1118238886
-1726317685
2112486666
-99377304
0
0
0
-1644325727
-1726341884
0
0
0
778366140
1871553800
0
0
0
-916769387
-837197500
-831474334
0
0
-1475500197
-1076813391
0
0
0
0
0
0
-774802421
-1726341085
-1210619177
0
-1925597866
-1160922843
0
-1210619262
0
-1726335163
1871552814
-1726316771
0
0
1512328246
0
1300711487
0
0
0
1572995292
-1903300630
0
-43855693
788644322
1514187538
1057788863
-600509478
0
0
0
-1709246187
-443139188
0
0
0
1046164325
-831484277
0
0
880971724
0
0
883483746
0
1118238817
-1798624483
0
772528858
0
0
-1797759016
-1726335139
901458947
0
1383826331
0
0
0
-1459900422
1511350860
1118238851
1773838079
0
1150167448
-1456273298
-1726335078
0
0
0
0
0
-1925597894
878531885
-1798581289
0
-1798394376
-1662105628
0
0
0
0
-441020163
0
2131277094
0
-1160007274
0
1404339254
-1116464289
901458956
0
0
0
0
-1158814360
1041642227
0
-1082073724
0
0
0
-1516702395
0
-1911514368
0
2131277252
0
-1797738253
0
0
0
0
0
0
-579930021
868356420
969027808
0
0
-1644320051
-1731334291
-1546269824
0
-1726317655
0
0
0
0
0
0
0
0
549537910
0
0
-1797537132
0
0
807452546
0
0
-1079994113
949151161
0
0
0
0
0
0
-1382728694
1512543108
-1726326237
1990538994
0
0
0
0
0
-1158814471
0
-1504494798
0
0
-774802202
-1244324078
0
0
0
-1364609160
0
-389813014
0
901458967
1559076857
0
586863973
0
1047794789
-37285654
-1662073263
0
0
0
0
1806727655
0
0
0
0
591356640
-1726337586
0
0
0
-1097569262
0
0
665393273
0
0
0
0
0
0
2003996925
-1798392798
0
-1925528296
2142218053
0
-1644320070
0
-1111299353
0
0
0
0
0
0
0
1411485296
-774801942
0
0
0
935876603
0
0
-1925597846
0
-1662081633
0
0
0
0
-1797740862
-1523837188
0
0
0
662258604
-1672476924
-837272358
-1726337278
-1364588091
0
0
-1843606480
0
0
0
900137205
-834424437
0
-1907325638
-2036195523
0
0
0
0
0
0
0
-914754280
0
-1364561037
0
-1364581942
0
-36131688
-1890526146
0
0
-1726335608
641746087
0
-1726333649
-1948772977
1044061091
1806835362
1118238908
891119222
0
0
-1363181367
0
0
-1663665152
0
0
0
-1748434149
0
0
777638712
-444654112
-399979638
0
0
901458951
1404529811
1156273913
-389569310
0
-1475429138
-1798386417
-1758623120
-1925823364
0
-389569375
0
-1873452374
0
0
0
2131259505
1583734918
-1421413305
0
-1925811550
0
0
-1872979265
-1663617207
0
0
1118238879
0
0
0
767590589
0
0
2131277233
0
1302343596
1404514354
0
-1677742702
-1726336929
-1670710390
0
0
0
-1158813126
551045863
-1364584474
905450381
0
-1798394747
1773838697
0
658079522
1577795659
0
0
1514734033
892337144
0
0
-387691953
0
-918455885
0
0
-1364575626
0
-1731413156
1066650380
0
0
1185601235
-1210619189
959202799
0
0
-1663591361
911803950
1590390021
1524002168
0
0
0
0
-1907325534
0
-1098338274
806678960
0
0
-1364618542
-1079994213
0
0
-849199594
0
0
2107675674
0
1044702837
-914375402
-1504496356
0
0
0
-1907325465
0
-402865105
0
1047794861
2131396245
0
0
0
0
-831222815
-1475604309
-2047880613
0
-390724374
0
0
0
0
0
-1663777002
0
1150181173
0
-837197028
0
-1750297003
0
0
0
0
-1933156467
1150168529
0
856510128
0
0
0
0
0
0
0
0
-1863595965
-1797548075
0
0
0
0
-836899563
0
0
0
1066650383
0
549536715
0
0
-399044572
0
0
-1111299353
0
0
0
-1731345090
0
786750106
0
1514909595
0
0
-1111299353
0
0
0
0
0
0
-1590186626
835556710
-1504496016
-1145331678
-1726335083
878214472
1047795233
0
0
-1364558595
1118238819
0
779307831
0
0
0
946895005
1404324013
1050619062
-1724307326
0
772496733
0
0
0
947368842
1618038035
0
0
0
0
-836461702
0
1512309724
0
1310352772
1349835023
0
904639632
-1453773191
1328125133
0
0
-1670753822
0
0
0
767599640
0
-1726317627
-2047929140
-1456267072
-1111299353
0
835556744
956747344
0
-1726335101
0
-99381064
-402535122
1395201810
-1532189199
-1797594746
1396597733
0
-1726337899
1047794789
0
1349804011
1049353365
0
0
0
0
867520856
0
2131277222
-1364563567
900170939
0
0
901458944
-1798394961
-1328466007
0
-2047880559
0
-1423625164
0
0
0
0
0
1118238908
-1364609720
0
0
1118238878
0
0
0
1328120816
0
-1925597844
0
-1931878307
0
0
0
0
1404555676
2123479954
0
0
-696646120
-1873452303
0
0
969052886
-831484987
0
-775034776
0
0
0
0
-916769387
-1218150526
0
0
-837196114
-844226263
0
1047794879
0
0
0
0
0
-1218150488
-1726333018
0
-2047880632
0
-1169434000
0
0
0
-844065888
0
0
0
0
-1925597833
0
878531998
1047794798
2087966424
0
1404510333
1871557175
0
-1244177302
0
-1766000571
0
0
0
0
0
0
0
1150181240
-2049455110
-1644325736
1404480965
2131276993
-1069038967
-1663671185
-1726337280
0
0
-1364565610
0
0
0
0
1514652297
0
-1726341085
-1731444156
0
-832888360
0
921381876
2142186283
0
0
0
-1256047778
-1731397377
949114176
-441794671
772474207
-1798456390
0
-1079994113
-1364558313
-1940187620
0
0
0
0
0
-1925593386
0
1150219592
-1672437354
0
-1726348439
0
0
-1644316402
-1425187743
0
0
0
-2046905610
0
-1726320827
0
-1220265938
-1550542370
0
0
-1726335076
0
0
0
-835637007
-1925593572
0
-389821589
0
912190429
767599661
1044061086
0
1312360452
881141055
2132609252
0
957341994
0
0
804521619
0
-774801943
0
0
0
0
-1210619370
0
-1731352482
-1662383804
0
-917185664
0
0
-1364586396
1225083818
-1798778291
1304402276
2142226462
0
-1093166734
0
1046164239
0
0
1150157855
-1504494717
0
0
-1726335154
-1797604932
-1120014806
0
-1726335164
0
0
0
0
-1406811412
0
0
-441315588
1404310991
-1731418276
-399968562
-1315006768
0
0
0
-1100733490
1404547054
0
0
1288372229
-1158814502
1048654628
0
0
0
0
-1644325691
-1670734213
1310396023
0
0
-1670754169
0
0
-1797756248
1512238063
0
0
-1644325673
0
1304406061
881720308
-386412800
0
868354222
0
0
1773837830
0
1429498446
0
-1079994113
0
0
1044061094
-1210619172
0
-1097570518
-1925597887
0
0
0
0
-1395646996
1044061081
0
2131261165
-1726335615
1310393358
1349802914
1046164331
0
0
0
0
0
-1872997452
0
0
-1644325690
0
-1663588933
-836908814
-914374794
0
0
-1925597843
0
-1670754021
0
0
0
0
0
0
-832482466
-1278360242
-1590186025
1339611298
-389763410
0
0
0
0
1404530832
0
0
0
0
-1111299353
-1726335095
-1710065190
0
-917185664
0
0
0
1044059289
0
0
0
-1731403522
0
0
-1154749748
0
-1644325655
-1111299353
0
0
-410942835
549539139
0
-1731358039
-1154987174
0
0
0
0
0
0
0
0
812926718
-1872998397
-1644325660
0
0
1118238886
869000475
0
1404337169
776824034
-523416290
0
-1925597846
0
0
0
0
0
0
0
1044059317
-1364564100
0
0
1512483074
-1169435413
0
878528396
0
0
-443636253
0
-1925597852
0
0
-1726340965
0
0
1574095300
0
-1961246726
0
-2049618494
884395425
-1210619190
0
-1364614493
0
-1160438331
-387692466
0
0
0
0
0
0
0
-834907926
0
0
0
1048654245
-399023696
0
0
728813266
0
901458971
0
0
1150170574
0
0
-1210619348
1150209491
-1726317617
-1364585589
1312445973
0
-2046905688
779305297
0
1404448937
-1289606214
-1709967341
1290049716
767598164
549540131
-1220198125
0
0
892329982
-1167302715
0
-1925597833
0
0
0
0
-832890348
0
0
0
-1670731843
0
0
0
0
0
0
-1798825491
0
-1731342229
0
0
0
0
0
-1210619186
0
-389569313
0
1304406061
-1726335145
0
0
-1111299353
0
-1925597862
0
0
0
0
-1534682056
1118238851
901458954
1404355307
-1709258074
0
0
-1710099346
-1210619381
0
0
1301133050
-916958999
0
878206187
-1670711197
1385326752
-399031341
0
0
0
0
0
549536682
0
0
0
0
1300706438
0
-1120019597
0
0
1404306244
1512328275
0
1118495957
1523683462
0
0
0
-1726340971
-701203277
0
0
0
0
1304342481
0
0
1302599178
0
-1726335161
0
-837197028
0
0
-837262522
0
-419291809
0
0
0
0
-410805070
0
0
0
969417027
0
0
0
0
0
949151161
0
0
0
0
901458952
0
0
0
1806869201
-1175705755
-1807209995
0
0
-1726340984
0
0
0
-1797675495
845159024
-832458879
835556815
0
0
0
-1726337353
0
0
0
0
0
0
0
0
0
-1211496304
-1726320878
-386770237
0
-844137557
1304408742
0
1046164289
0
0
0
1118496000
0
0
0
0
-1459882271
-1726336502
0
0
0
-1210619261
0
1150168524
949151157
867520856
0
-1507007195
723528330
0
0
0
0
1150167463
-1210619342
-835710177
0
901458955
1395201822
901458944
0
-918463811
0
-1364573297
1044061082
0
0
0
1044061086
0
0
1302343498
878204253
-834123556
0
-715563967
-831103762
0
0
1773843915
0
0
0
0
0
-1644325716
0
1314388270
1118238948
1404526304
2131260034
880985105
0
0
0
0
-1111299353
1044061101
0
0
0
0
0
792084155
-836949531
0
-1218150483
0
958385586
0
0
-1145331521
-1663592311
-386291430
0
2142218058
0
-36131688
1300716868
0
859299789
-914453153
0
776968232
-1210619348
0
0
0
0
0
0
0
835556710
-1210619377
0
0
0
0
0
-1726321496
0
0
0
-1245620028
-914453153
0
0
0
-1364564413
-1158814018
1523683491
0
0
-1504494757
0
0
0
-1797551829
0
0
0
-837203465
0
0
0
-1797770970
0
0
0
-1504496260
1314065138
0
0
0
-1873004310
-914810837
0
0
-1731403158
-1210619351
0
0
777216004
0
1403899290
0
0
-831091471
0
0
0
0
0
1044061071
-1798812029
0
-441322397
0
0
-1871596813
0
0
-701561667
0
-2049624531
-914375722
0
-1798503483
-844166968
-832913145
0
655442797
-1475368795
-1803227256
551045830
0
-1523837325
-1551686184
0
869001158
0
0
0
1047795989
0
0
868360257
-1644325660
-1726335161
0
1312531084
835556723
0
0
0
0
1044547803
0
-835524799
0
0
-1121169073
1585650294
0
0
0
-844132756
0
0
0
1304425325
0
0
0
0
-386291210
0
0
-1670710643
0
-1726337276
0
0
-1726335137
-1731348996
804639163
883483757
0
0
0
0
0
0
0
-1707295188
-36131689
-1079994213
-1677742680
0
0
-1798825154
0
0
-837239239
0
0
1314181950
0
0
0
0
0
-1279739887
0
0
-844254871
0
0
1150168514
-968659773
0
-917989799
0
0
0
0
-1254833348
1404545598
-1158811074
0
-1210619348
1559004414
-1364617694
0
0
0
0
0
-1190554015
-837218980
0
-2049874547
1304406061
1466078112
-1364560461
0
1516228538
0
0
-1726324853
0
2131277237
0
-1726335229
-1473627529
883483759
0
1404354044
-579967973
-1210619207
0
1587860010
0
0
0
0
827253458
0
0
-443588192
1445234941
0
1044061088
1404560046
0
-1210619386
-1364557986
778032739
0
0
0
1044061085
-1582063395
0
0
-1872906420
-918429009
0
1300705969
0
901458947
1063256098
0
0
550413091
1310398562
0
-389407366
0
0
0
0
0
0
0
0
-1925597859
905450294
0
-1925597864
0
-1686920881
900137011
0
901458962
0
0
1218999919
0
0
0
0
0
0
-1079994113
0
0
1511330515
-2139768803
846922165
-844313228
1310396021
-2047958973
0
-1925597851
0
0
-1079994211
-1111299353
-916769387
0
0
0
0
0
1404565396
-1212013430
0
1047794876
0
-398594787
1044061104
0
-1500847215
0
0
0
0
772516335
2131277294
885855329
0
0
0
0
1150168545
0
0
0
-386410458
0
0
0
-1473626112
0
0
0
0
0
-1040123837
0
1396610467
0
0
0
-387692152
0
0
-832474363
1150217824
-1210619379
1044061098
-43855005
-1731358403
827255932
-1798716042
0
-2076169374
1044061113
0
0
0
1118238836
0
2131277108
0
1523683479
-1094567659
0
0
0
-1145331618
0
0
0
0
-914814709
901458948
0
963190518
0
0
0
0
0
0
0
0
0
0
901458975
0
0
0
0
-410464095
0
0
-837197475
0
-1726333656
1052288169
-1364565577
-1435765757
0
1806835362
-1117474451
1060580572
1047794784
0
0
664943212
1038403813
0
1150209499
-1750200969
-1504496177
0
668298688
0
-1872993972
0
-1079542807
1118238909
0
793270734
0
-849200793
-1670733446
0
-2049928270
0
-399321841
1523667763
0
1395201797
0
-1925597855
0
0
0
0
0
0
0
-1590186428
-1925597858
745760496
0
-1175955573
905535108
-2047880640
0
-1365161035
0
0
0
0
0
1150181241
0
-1210619363
0
0
0
-1210619171
-1726317627
0
0
-1052954121
0
0
0
0
0
0
-1167112299
0
0
0
0
0
1118238885
0
-1910728809
-387692481
0
0
0
805803932
0
0
0
1300898441
-1798825589
0
956746810
0
0
0
0
-1210619386
0
0
0
0
-1872906287
0
0
-1108057962
-1179453590
878528438
0
0
0
0
0
0
0
878330009
839630125
1514264894
0
0
0
0
0
-1364575902
0
-1279527040
0
1310396028
-914375802
0
-1644325653
868353380
0
0
1511309546
1044061071
-917976970
947381267
0
0
-109813887
0
0
0
-1663586762
0
0
0
-35382957
-1726335102
0
1304351815
-1364573822
0
0
0
0
0
1808988260
-1677743213
-1644325703
0
0
0
0
0
0
0
0
0
0
0
0
0
989807333
-1644325748
-1210619204
0
0
0
0
0
875230452
0
0
-1670754163
0
0
0
1514745107
-1724315059
0
1404505340
-1254799644
0
0
-100446997
0
-1726341847
-2105786449
-1726335076
0
0
1069300856
-836942008
-1111299353
0
-1218150507
0
0
0
0
0
-100527582
1118238908
-1910640672
0
0
1066650348
0
1004081955
-1670697099
0
0
-1218150515
0
0
827254011
1683175329
0
0
1806862022
0
0
0
0
0
0
892331613
0
0
1001915186
1150167411
1904784757
-1925597863
-914375712
936395491
0
0
0
-1644325738
0
-1726316762
0
-1364588113
1512328615
-1798462724
839630155
734502203
-441427284
551045219
-387216539
772528859
1044061153
-1726343418
-1584869335
0
0
0
772528858
0
0
0
0
0
1288378255
0
0
0
0
0
779305310
0
0
0
-1726335092
0
-1644305339
0
0
0
0
0
0
0
0
-109834332
1573934279
0
0
0
0
1312812165
0
0
0
-1798703959
739107575
0
0
1066650400
-1210619205
0
-1731378470
0
-834087331
0
0
0
0
0
0
0
0
0
-1773202497
0
-1670753940
-1726338858
0
0
0
0
0
0
-1798327498
-1662902531
875230454
0
1150181152
0
2140783657
0
-914840491
-1890534235
1293471103
964311052
0
-1925597892
-916769387
796530702
0
-404559603
-1364564823
0
-1456267149
-1731339236
0
0
-1406374592
0
-36131688
-1160445829
-836914358
1404551028
0
-920595877
-1726324892
-918439083
0
0
0
0
0
1061180782
878531879
-1211758209
0
1385039762
0
-1644319820
1052280488
0
0
0
1511330402
0
0
2131277220
0
891901003
0
-1797714687
-916910362
1044061085
0
1044061104
891901006
0
1404369873
0
-440496029
0
1150157982
0
-1047363239
-849188607
0
-1364567267
0
0
-1710170154
0
-387692436
0
0
887270072
0
0
0
-1052937753
-1119916172
0
-1726340986
0
-1798501187
-1363469520
-1782290146
0
1044061076
0
0
2117855434
0
1310393346
0
0
0
-1364572866
0
-1925814156
-1644325650
1293463905
1875435528
845159734
-1724301873
0
0
0
-1798460452
0
0
1523683412
0
0
1588940941
0
0
-1178006128
1150197485
-1289606307
-1798497578
0
0
779309356
0
-914764390
0
0
-1925597890
0
0
0
1404489741
0
-1534993132
767596211
2131259407
0
1304406061
1150215709
668389221
0
-580297762
-915294713
1395201799
1150180656
0
1118238879
0
0
-1553219314
-1681374261
0
-1111299353
0
0
-1726316773
-1925597858
0
0
0
0
0
0
0
-833058772
0
0
767590647
0
0
-1666726390
0
0
-387692210
-1218150496
0
-917185481
-1098337127
0
0
0
0
-1097569261
-1750294870
1523683421
0
0
0
0
0
1044061091
-1798502783
0
-1710100809
0
867520856
-914754985
0
901458958
-99484573
0
0
0
947159186
0
-1670711199
0
0
0
0
0
0
0
1044061104
1512328195
-2049828206
1150158011
0
2120093567
-1726333688
958956786
0
-1079994212
0
0
-1473626089
1288374651
0
-2046903599
0
0
0
0
-2047958919
0
0
0
-1210619388
-1663771681
0
-1364560661
0
0
1404315948
0
-1750294963
2131259755
0
0
0
0
0
949151127
1310357767
0
0
0
0
-1291933558
0
-1218150506
0
-1111299353
0
1514181381
0
0
0
0
0
0
0
-1003634501
-1210619364
0
0
0
0
-1798768030
0
-837468702
0
0
-1797720744
-1644325701
0
1404475300
0
1404309338
0
1005131678
-1798633606
0
0
-914801569
0
0
-1701231855
0
0
2131259483
-1663771634
1312537500
-1097532718
0
-1111299353
-1726337099
0
933513810
-831483974
-1872912596
0
-1798499848
0
1310396023
549543212
0
1118238952
0
0
1773838703
-387692493
-388746408
0
0
0
-109462564
-1504496420
0
0
0
-1670691186
0
0
-1100712194
592537931
1304406061
0
776824099
878206202
899692293
0
1150180709
0
1806835602
0
0
0
0
883483766
0
0
0
0
0
0
0
-1663591323
-693277348
846451495
0
0
-1339007057
901458972
0
0
0
0
-836068603
0
1044061084
989807340
-1218150504
0
1959657364
0
0
0
0
0
0
-1211497040
0
0
885855329
0
-1364565081
0
-774802354
-946880590
0
0
0
0
-389817870
808061704
-1726337860
0
0
0
0
-920296732
-1726337277
-1475709731
0
0
-399968611
0
0
958957540
-399029657
-1863594838
-1364610938
0
0
0
0
0
-1663589790
0
-835049253
0
0
0
0
0
0
1047794927
0
947673242
0
0
0
-443095734
1178766958
-2131836507
-1797698081
1040540193
-417848139
1150170561
1404553041
0
1773838708
-1663778438
0
0
0
-916358679
0
0
0
1058768066
0
0
-1731378244
-1430626319
0
0
1462180701
0
-1731395137
-1111299353
0
0
1150157872
-844229319
-1707340162
930608795
-1760377898
0
901458947
0
1118238836
815074992
-1644325740
0
0
1310396026
-1218150509
-1120072382
0
0
0
1523679724
1396549174
-946884771
0
0
-386430955
0
-1145290670
0
0
0
-1798488917
1150181262
-1040183457
0
-1726348317
0
0
0
0
739098059
-1726337586
1293927838
0
-1731370554
-963703603
-1681373483
0
0
-2104213288
0
1301526255
0
-836420500
0
1578053654
-2132613738
0
0
-387692420
0
807450722
0
0
1150164567
0
0
-1535293054
0
0
0
0
0
0
0
0
0
0
0
0
0
1429482594
-1364628187
0
1514339998
-1097568669
1302014474
-441928479
1512309728
-1364609185
0
0
0
0
-837219765
986619771
0
-918462824
0
-915338592
-835639643
-1364570210
0
0
0
0
0
0
-440596601
-1677809994
-1364599724
0
-1255224189
1592882729
0
-1925597893
0
0
0
0
1979214112
0
0
0
-1364582127
0
878531876
0
1404543879
-837239670
-1827942526
0
1928396930
0
1044061063
-837197028
-695435006
0
1362199445
0
0
0
1497995453
0
1118238819
0
-1475569693
0
0
-580315615
917276534
0
-1871596802
0
0
0
0
549716856
-572088598
0
893280112
0
1150217408
-1782295704
0
0
-1797770839
0
0
0
0
-109543638
0
-1731368880
0
0
-1797767521
901458953
0
0
0
0
-1145316007
0
869078161
0
-1858761451
-920185437
0
-110165230
867520854
1404370044
0
0
-1644325676
1310351905
989519803
1046164262
0
0
-1210619348
-1111299353
0
0
0
0
-1726341826
0
0
0
0
0
1047999133
0
0
1766546726
0
-832072952
0
0
0
1212908067
0
957889285
-1797593637
779307830
845153658
0
0
-1644325712
0
-1726333580
859299667
-830878079
0
0
2113307314
0
0
0
0
0
-84716153
0
0
-832478597
0
0
-1726335164
-1210619379
0
-1872959949
0
-1872906183
0
0
0
2130021963
0
0
0
0
-1095114468
0
-1110692512
1310345580
-1925597892
-1797753972
0
1807013556
-1798593630
0
-1726333583
1383828540
-844212543
0
0
868354234
-386188079
777364136
1404546324
-1662089594
-1364612809
-1925597846
-1422084286
0
0
0
856510128
-844131304
-1726336186
0
0
-1210619342
0
-1731363907
-399023647
0
0
0
0
0
0
0
0
0
0
0
-2047958950
0
1118238879
1512328260
0
-1907325617
0
1040702005
-916769387
-1726333581
-2047880591
0
0
0
0
-1890534359
0
0
969417001
0
0
0
0
0
1044061102
0
0
0
1150181307
1044061083
0
1312480836
1316176781
1047790464
0
1300717024
2131259943
-715563249
0
1395201823
-914453153
0
-1726335093
0
1293305422
0
0
0
-914374857
776182927
0
0
-1364601865
-1590187851
-386431652
-1210619335
1047794812
1150181278
0
925000552
944938484
0
0
0
0
0
0
1511330497
0
0
-1154816382
0
-1707291953
-1116467042
0
0
0
0
0
0
0
-1248871394
-1726333571
-2054243034
0
786732562
0
0
0
0
0
0
-1726335080
878211365
986514189
0
0
0
792084155
-1677809537
-837196124
0
0
0
0
-1100712197
1118238817
1304406061
1118238855
0
0
0
-917925633
0
0
0
739049215
-36131688
1582433330
867520856
839630279
900158216
0
1118238922
0
-1247149543
0
1514207662
961817444
-2046903594
0
0
1150168531
946953013
0
0
0
0
0
0
-1726335073
0
-1797666730
-1798492487
0
0
964056042
0
0
967830840
0
0
0
0
0
1044061103
0
0
0
835556818
0
-1925597861
0
0
0
807451510
-1210619362
0
0
0
0
779307827
-1872918255
0
0
-109399767
1512328622
1378861402
0
0
0
0
0
-1663590980
-390724357
-2046905080
0
0
0
-2046898174
-1111299353
0
-1798503318
0
0
1806994004
-916746492
0
0
0
-1211493460
-1424684677
0
-1177107949
0
0
889078834
0
0
0
-2105797891
551045204
-837197488
936029154
657878447
0
0
-1583357870
0
779307827
0
-443152663
0
-402302353
0
0
1229823982
-1872993500
0
1333316752
0
-1097000718
-831226013
0
0
0
845163259
839629961
1047991639
0
1044061117
1312435402
0
-1268584906
0
0
0
-1960498546
-1960771221
0
0
-590028973
0
0
0
0
-844223976
0
-1130299483
0
868354174
-1107886350
-1111299353
0
-1364585233
0
0
0
0
1044061090
1512481267
0
879433592
-837203493
0
0
-1456245087
0
-1925593127
0
-1068615792
0
-1364587243
1304401024
0
0
0
0
0
0
-1726341088
0
884039960
0
-1248871074
0
0
1302450797
1316180228
0
-440725760
0
0
0
0
1304406061
0
0
-1726335154
1512328319
779305303
-1670753952
0
0
0
0
0
0
0
1511330534
0
-1473716344
0
0
0
551346856
0
0
0
0
0
0
0
0
1044061100
-1364569068
-1605426829
-2047880629
0
-916908096
0
1513208636
1511330436
0
0
-1218691786
0
859634080
0
0
0
0
0
0
-1364612877
1939698174
1404451949
-1797739186
0
0
0
0
-1726335151
-1663762511
-1644306011
1049493603
-844229766
867520856
0
-1873452320
0
735253192
1314095335
1310398562
0
0
0
0
0
0
0
-1872920164
0
0
937062893
0
1516016887
-399568082
1926164698
0
0
0
-1364569500
765107794
-990683343
0
0
0
735232151
0
0
0
767599735
0
0
891928420
0
0
-1111440260
1300717141
-1665158865
0
0
0
-1364578753
1304408716
0
-774801992
-1501963092
-1179059779
967831417
0
-1144638421
-1666760370
1150209503
661489321
-1700994131
0
670392048
878211075
0
0
-389817421
2131261333
0
-1210619355
-2049963782
0
-1218150507
2131259423
0
0
-1827945926
0
0
0
0
0
-1908450059
1328133496
0
1523692626
0
0
0
0
0
1349802765
0
-1145331584
-1068617079
0
662180075
1587789642
0
0
0
-914782370
0
-109535588
1047794865
0
0
0
0
890897764
0
0
0
-2047958973
0
0
-386514433
0
0
772474207
-387692275
0
0
-1707328328
0
-849201002
0
0
0
0
0
1302343648
0
0
1018107338
-1798383711
913269488
-1726335156
0
0
0
0
1300678027
-835877593
-1130362462
1316353762
-1421908451
0
0
-1797768320
-1726340966
0
881141684
549540938
0
1589507253
-1456273467
0
0
0
1488223943
0
-389569340
-1218066787
1001527581
0
0
0
807733639
0
0
890875019
-844141716
-1158811074
1044061164
0
1512328618
0
0
0
0
1046164326
-1731411261
807450676
0
1404566985
-1798483127
0
0
-1179607429
0
0
-1653545984
0
1300706348
1512235569
0
0
0
-385888431
0
-1726335166
0
0
-1726340965
663533693
901458951
1287196279
1516003116
881140767
0
0
1395201818
1563405129
0
0
0
1066650388
-1726319947
0
868360258
0
0
875230348
938969471
-1475544692
-1327171940
0
0
-1925597859
-1726337859
-1026938905
0
0
-1111299353
0
-1758623469
0
-1557581344
0
0
0
-1798387875
0
0
-441218637
-837197028
0
2101159786
-1726340982
-387692135
0
-1145331666
0
-1798391555
0
0
0
-1513218511
1891885065
-1872840059
1404336850
-837531345
0
-1086083206
0
1773838071
2131259933
0
-1551170958
0
967830911
0
0
537680721
1547497831
0
0
1304350538
0
0
-1210619347
-1249690286
0
0
0
0
-1158813062
0
0
1516228404
-441843860
-1177924848
0
-1726324853
0
0
0
1567676511
936400869
0
-1111299353
-1244178483
0
1288373159
0
-1210619363
-1443357853
1118238887
-1144559238
0
0
0
0
-715643638
-836921092
-1364575519
1404348144
0
-1111299353
0
989807335
0
0
-1110692507
-844254257
1065328288
-844216411
-1726333683
2131396242
-831101639
0
777608478
0
0
777638431
0
-1644325639
-832991533
0
-1364606626
-1364616188
0
-1504496338
0
0
0
0
-1797670660
0
0
0
1404440721
-914374880
1044061153
0
2126479120
-916911789
-1218066785
0
0
0
0
-837197476
0
0
0
-914375306
0
0
0
0
0
-1797697936
1118238851
890956168
0
0
0
-834525182
0
1304405991
-1095294799
-1254720031
0
0
0
-1104611718
-1670834461
0
1404308480
544985658
0
0
0
0
0
0
-1662377028
1066650508
0
0
-1925597837
969052757
0
-1421040879
0
0
2131261071
-1662370334
0
0
0
-1268584723
0
0
-1797727574
-2049443680
0
-1210619382
0
0
0
1047794772
1395201817
0
1047794810
0
1304406061
-1726344846
0
-580310936
0
-1211493462
0
900139188
0
0
0
0
-1925597872
0
0
0
-831474252
0
-837197028
0
0
0
-1211977130
878211342
-1086071952
0
0
0
0
0
0
1290097366
0
-844213394
-1827945727
0
-1726345561
0
0
0
0
0
0
-1111299353
0
0
0
1118238854
0
-918462572
1400004185
-1327878222
-1364580705
0
891922493
0
0
0
812449152
-1210619335
0
0
-1797665927
0
0
1509055095
0
0
748571514
1512328307
1503375866
-1709977045
949151141
0
0
1150217468
-715423770
901458954
0
-914802911
-1111299353
0
-1662069337
1293035574
0
590966217
-418752634
-1797687200
2131259472
-1798629965
0
-1329409380
0
-1364585966
-1210619373
-1364565571
934148347
-1111299353
-99938751
0
0
0
-914764114
0
1773841201
856507405
1304342469
0
549541617
0
0
-1726337129
-1858764780
0
0
0
-1773193913
0
-1925594598
-832951306
-1178735221
946915674
933959216
0
0
-1798379754
0
1514224546
0
0
0
739620473
0
-409905574
0
0
0
0
1928396865
901458955
-1726335157
0
0
1150181193
0
0
-1364561732
0
0
0
0
0
0
-1079666872
-1111299353
-2047958973
0
0
0
0
0
0
0
0
0
0
-1154920493
1118238855
2101208675
0
-1726348338
0
-1315016554
-399568353
812925398
-1670695256
933497091
0
0
-1145331687
-836922061
0
-844212835
0
1044061091
0
969454792
0
1058766982
885508266
0
0
-832487875
0
0
-831106681
0
0
-1670654115
-1090902184
0
0
-1726337276
0
1118238949
-837245563
0
-1724303679
1150180652
1055970215
1773844447
0
-1111299353
0
-2047958943
-1798582429
-1925597870
0
-1797772082
-1925597889
0
1404539701
969052822
0
0
0
631008605
0
0
0
0
0
-1731347604
0
1044061101
0
0
-914801209
0
0
-1364563635
0
-916729363
882630935
-1339009414
1395201818
0
0
-1111299353
0
0
0
1590363701
549539148
0
0
890878863
0
0
0
-837272358
872120627
2131277190
0
1806869385
0
0
-1040138842
0
0
-1210619341
-1090877451
0
-1925597890
0
-1798598811
0
0
0
0
0
-1670711196
0
-1925594469
0
0
-1120327601
0
0
1300716994
0
0
790235477
0
0
0
-1210619355
-1843598064
0
0
-1925597872
0
0
0
0
0
1047794788
-2046903599
0
-1595088187
0
0
1668087970
0
0
0
0
0
1044061080
0
0
0
-1798491988
-1670711197
0
1115916183
-1726339342
0
0
0
901458955
-1726337432
0
-1726343402
0
-1724315059
0
0
0
1150168556
-837284063
1118238855
0
0
-1111299353
1404510418
0
0
0
0
-1364619089
-404423656
2131396244
-444653873
0
0
0
-1456164030
807451009
-1158813910
1047794722
0
0
0
947673264
0
-837248314
-832448584
2061305795
0
0
0
0
0
2133728249
0
0
0
-438296353
0
0
0
0
0
1044061098
-1709271620
-1364620002
1404363580
-914375386
0
0
0
0
-1145331599
0
0
0
-1211493460
902896829
901458954
-1731351611
-1925597868
911511028
0
0
0
0
0
0
1044061080
0
0
0
-1911449841
-1145331666
0
0
0
0
0
0
-1911498756
-1590186493
0
0
0
-1108057961
-1797722746
0
0
0
-1179465552
902894085
1511289731
0
0
0
0
0
-1507498595
-917930067
0
1349803893
-1910728810
868360258
0
900137044
-918466618
0
878208343
0
-1726341097
0
-785027216
0
-1726348345
-1364616752
0
0
0
0
-1364583793
1044061071
859299835
0
0
0
0
0
0
0
-1726333578
0
0
0
0
0
0
-1925597862
901458953
0
-410741692
-1210619373
1150216765
0
0
949151161
0
-248247889
0
0
0
891901159
-1210619351
949114298
661489300
0
0
1978060619
0
-1169687922
0
0
0
0
-1116466695
0
0
901458974
0
933559556
-1475597051
0
-440663938
875230365
-1925597868
-1663590836
0
0
-1289606307
0
-844224664
0
1312547601
0
0
-917230612
-1111299353
-441733378
-1097570518
-849187876
0
0
1058953097
0
0
0
0
0
0
0
-1111299353
0
0
-1797755361
-1475500197
659809046
0
0
0
1005131654
1115914599
0
-1872932506
-915296278
0
0
0
0
-388745470
-2047880640
-1891153800
977403516
1118238885
0
0
0
-837271638
0
-1404967033
0
0
1150181291
-2049902963
0
0
-1726333641
1454729368
0
-715454677
878206107
0
799812581
0
0
-1726341080
0
-835393340
1523700811
-1364570695
0
-402301777
0
937078566
-832452542
-1911491770
827428771
-1590186694
0
1514909482
0
0
0
0
0
-1093219928
0
0
1310353654
1116368652
0
0
0
0
901458944
-1246903034
0
0
-2046898154
0
0
0
0
-386431271
0
0
-831484142
958957540
1300716949
0
1304409448
-1925597843
0
0
1118238948
0
1395201810
0
0
1300898554
0
0
0
2140749779
1404469488
1150215689
-1121305244
868360436
-831099865
0
0
0
549532442
0
1966784261
0
-1798384010
1310509955
-1179486896
-774801941
0
0
1049136879
0
0
1300717027
-1773203882
-831852233
0
-830781751
-837215260
0
-1120708483
0
0
0
1511271434
0
-836389523
549540888
1047794788
-1096810801
-1670761147
0
-774029609
-1254833348
0
0
-1644325722
0
0
767590679
0
0
0
-837197028
0
0
0
0
0
-1475782657
-1095854411
887047864
0
-1726227688
0
-1797670123
0
892207590
0
-443148488
0
904641938
0
0
0
-1506817188
0
-1670754023
0
0
0
2140783657
0
-1726340991
-1475367838
1150157890
-1726335163
0
-1724304232
0
0
0
0
989519624
-1157946631
-1750158563
0
0
0
-2047880629
0
0
-1040182213
0
0
1511330463
0
0
0
-1049016462
794772811
0
-1798821912
0
0
0
1304328290
0
0
0
1023228807
1118238885
901458950
0
0
0
0
1052284393
0
767595304
0
2131277231
-849200331
905450361
0
0
0
0
0
2131259402
0
0
0
-387692238
0
-1925820059
0
551045236
-1453719907
0
0
0
-399568084
0
-1726336157
0
0
-1726345586
0
550762660
1004109400
0
1310355041
-837197479
0
0
-1210619369
-831484475
0
0
0
-1843597850
0
0
0
0
0
1290050598
0
0
0
0
0
0
0
0
0
-835711328
1806831343
1150164497
1118496222
0
-552979225
940597501
0
-1289606307
-914374824
-1331703770
-1249330313
947365810
0
1491449081
-832489887
0
0
0
0
0
-1731436268
0
0
0
1044061096
728813489
0
1118238836
1183323611
-1731408603
0
-441262110
0
878330009
-1742835539
0
0
0
-1551182029
0
0
0
0
1047789793
0
0
0
0
0
-1798458719
0
0
-1210619261
0
0
0
1118238922
748349714
0
-1523837197
0
0
0
-1797664350
2131277495
0
-1556236624
0
901631613
0
901458954
0
0
0
-1456267212
0
-1364564615
0
0
0
0
-834121809
0
0
-1364577990
0
0
-774802138
0
0
-1726326683
719647787
-1456273461
0
0
0
0
-399321854
-835411435
0
0
0
0
-388178875
1066650497
0
0
1806830872
901458946
0
0
1044061101
-832489862
-2047930248
1150157885
0
0
0
-2034637746
0
0
-1405086544
960320661
0
0
0
-399321855
0
0
-1797605976
0
641766276
1349800702
0
0
0
1118496332
0
1118238940
0
0
0
-1726335166
0
1150217026
0
-834918501
1509315641
0
-1710164957
0
0
0
0
1150168541
2131277484
0
0
0
0
1304298558
0
0
0
-1731438443
887047848
0
0
-1111299353
1290070199
0
1047794880
-438248617
0
0
0
0
1150219595
1150167443
0
891952898
-1644325703
0
0
-1726320326
0
878194066
817582933
0
0
-391114872
1304342487
0
0
-1145290661
0
-1475461560
0
0
0
0
1118238923
-1406432977
1118238836
0
0
1118238886
1634366087
1118238879
0
0
-1726328811
0
-1925597834
0
0
-834407176
-1177416399
-1425160555
-1556620815
0
846457040
2131277235
1118496706
1041642390
-1662101813
0
-1210619264
-1726320825
0
0
0
0
803165729
0
1316441724
641157445
0
1488212672
901458951
0
1293156651
839630159
0
0
0
-2036198757
-1782294454
0
0
0
-785955215
-1797751378
-1364585226
0
0
0
0
0
0
0
0
2131277212
-1609465503
0
827260426
0
1512328251
0
1310398562
-1925597843
0
0
0
776824034
0
0
1514260893
0
0
0
0
-968659726
-1724304059
-386190586
-1120017284
835556808
0
0
-1670663845
967830838
1514587656
0
1523999602
0
-832493352
0
-441310187
0
0
0
0
0
-1726336682
874332977
0
0
0
0
0
1044061154
-1726343620
0
541324495
0
0
-1925597889
0
1310345917
0
-1556372084
0
-1364609119
-1663587570
0
0
1288372237
-387692283
-1797707747
0
-1771028467
0
0
0
-387691995
0
-1040128231
901458949
0
-917185664
0
0
0
0
0
0
-1079994211
0
0
0
0
-1157047510
-1364611623
-387692195
-1731354399
549540176
0
0
0
-1873446134
-404423568
0
1150164561
1044061060
0
0
1063293045
-1724302418
0
0
0
-916727885
0
0
0
0
0
0
-1798375724
0
-1475660771
1044061155
0
-1797738211
1485011220
0
-1726326250
0
0
0
0
967830871
-830855936
901458958
1454669273
0
0
0
0
0
-1798629877
0
2131261426
0
0
0
0
0
0
0
0
0
891901043
0
0
0
0
0
0
0
0
0
0
-1726335141
1044061066
0
735284020
-1644320185
0
-409905611
0
0
0
0
1404507443
0
901458957
-2047958950
0
0
0
1118238923
-1726333659
0
0
0
0
1044061113
-1798780351
0
0
-1364589684
0
865398069
0
0
0
0
0
0
0
0
-1798820391
0
1150181236
-1707308720
0
0
0
786751138
0
0
-1798370039
1304406061
0
0
0
0
-1040149091
0
2131259986
0
-834429020
0
-1925528096
0
631004794
876574576
0
0
-1644325713
0
0
0
0
-1925593373
0
-917851772
901458949
646213648
0
0
0
0
0
-1739026863
0
0
0
0
0
0
-1289606307
0
-1111299353
0
0
-844231570
0
-1095014734
0
0
1044061079
0
-1110692512
-1218150484
0
767599619
-588095705
0
0
0
-1960156189
0
-1644303011
0
-1488277318
989525875
-1797612133
0
-1872932155
0
-1797677138
0
892519847
0
0
0
-715534574
-1726335167
0
-1523837204
-1731377990
0
-1644301453
0
-1797592098
0
0
1118238886
1150168545
0
1047794765
0
0
-1113344865
0
1047794814
2001928081
1047790435
0
1672442821
0
0
1512328192
0
-1107512246
0
0
-1210619384
1317202976
885508340
0
-1079967877
1396507113
0
949151175
0
0
-849199165
0
-1731349720
0
-1287883256
1044061164
0
0
0
-1255546050
1385038700
878676912
-837191203
0
0
869122286
2009706619
0
-1726333685
0
0
-1925528132
1301255671
0
0
0
0
0
0
0
0
0
0
1005131622
0
0
0
0
-1210619371
0
0
0
1044061077
-1350653082
0
0
878206109
0
0
0
0
0
-2046903599
2062176204
1150168527
0
0
0
-1929441125
-1355051125
-1500122005
1806833732
-1731400016
0
-1423158726
0
0
0
1404307087
0
-1798502556
0
949114158
0
0
0
-387692285
-1925597870
1396507836
1118238948
1546677114
0
0
0
0
1806869201
-1726335101
0
0
-1797674249
1044061107
878214471
0
0
0
1288375024
0
0
0
0
878206149
0
0
0
1044061105
0
1511330523
0
0
0
-916329949
1118238908
-618600487
0
0
-1079994113
0
0
1183325226
0
0
-2003719916
0
-1726335152
0
0
0
-914375735
-1872978589
-409905564
0
0
-1726340991
0
0
0
901458954
0
-1420894890
-1145290634
0
0
878531997
1313173068
-1111299353
-1731374400
0
0
0
-834081891
1499161089
0
0
0
0
-1872919833
917268902
1773843935
-1210619339
0
-1925593114
0
-1572472053
0
819781662
-399968636
0
-1908453072
-1210619207
-830781751
1806835362
1404366352
1118238854
901458949
-844119329
0
0
0
946952755
0
-831103762
0
899691478
0
-442970210
0
0
-2049911964
-1726335144
0
0
967830833
0
0
977403840
0
0
1597234705
1512328305
-1180054470
0
0
0
0
0
-1079473439
0
0
0
0
-1339267611
0
0
0
0
-399321841
0
0
655098774
892207269
-2049934982
0
0
0
0
1044061119
0
0
0
0
-1644325663
0
0
-849201127
-914453153
0
0
1502692705
-1653455707
0
0
0
1514733870
0
0
0
-1872954401
-1145331558
0
0
0
-1798585991
-1121306431
0
-1279761625
-1677742408
1328120877
1066650368
-1797762705
1302343650
0
882141713
772528858
0
0
1404332815
-1475709084
2131396242
0
0
0
0
0
0
0
0
0
-1364561294
0
0
-834358889
-1551682419
0
0
0
0
0
892216634
-409905445
969417031
0
-1644302120
0
0
0
0
0
1044061158
-1504274166
0
0
0
-1566888577
0
0
-387692510
0
1044061080
0
0
0
0
0
0
0
1310401780
1167598442
2131276857
0
0
0
1150216973
-1175946624
967831026
0
-1644325641
0
2131260047
1150209501
0
1183337407
-1726340978
0
0
-441011289
-916329932
-2049958609
0
0
0
-1797770839
878329921
-1858766900
0
0
550332354
-1364622193
0
839629917
0
0
0
-1707245465
-1456710767
-1364576271
0
-1279527086
0
0
-832491507
0
0
1044061094
-2047929140
-1249818517
0
0
0
0
0
0
875230457
0
-1726335079
-1219311577
0
-835619472
0
1044061096
-1339007075
0
-1523837339
549536090
0
664941849
-831090885
0
0
872144903
-1248871074
0
0
-1210619363
0
0
0
2084212273
0
0
0
0
1062973391
-1040180897
0
0
0
0
0
0
0
0
-1279393067
0
0
0
1047794935
-1364564556
0
0
0
1267735468
0
0
-1169435508
0
0
878214479
0
0
-1782296114
845153658
966459653
-920312788
0
0
-398913257
-837203493
-1925822422
-441820807
1404547302
-1177060424
1150167460
0
0
0
0
-389816770
0
1150164545
1118238886
1047794724
-832484388
1773838053
-1289606307
-404426901
0
0
1044061118
-1093416726
-1726335137
-1110664192
1150216899
-916860500
0
1118238952
0
0
-1210619352
-441797519
0
0
-1475545634
0
0
1118238909
0
0
1310344730
-1079994113
0
1806999359
0
0
-1364581559
0
1404565775
0
-1364571009
0
0
0
0
0
0
-404430823
0
-1726337860
1150167447
-831484164
0
0
0
0
0
0
1574136945
0
-1873005362
0
0
1773838695
-1726326226
0
0
-1798625877
0
-1154918197
0
0
772528858
0
0
-836915796
-945372841
0
0
1806830230
-1504494465
-914874158
0
-1120019968
0
0
1310341491
0
0
0
-1267769642
-1798362151
0
0
0
0
0
0
0
-1210619369
0
0
0
-1798499627
0
-1872992577
-1169433987
-1837847643
0
0
0
1523687858
1053419013
-1726337430
0
0
-410775185
-1644325675
0
0
1404521390
1312408906
929036952
0
0
946989932
0
0
-836914367
-1925597834
0
0
0
0
901458948
0
0
1574098719
0
0
1429481427
0
1466149054
0
0
1590342576
-1858843010
-916903258
0
-832488865
0
1066650204
0
-1110692512
0
0
-1726341885
-849188181
883480570
0
1118496719
0
0
0
0
-1175707997
0
-1950001707
0
0
1310509902
776182924
0
-1797760979
0
1046164276
0
0
0
0
0
1395201813
878209798
0
0
-1670754164
-837244588
0
-2046903599
0
0
-1475615151
0
901458950
-774802045
0
0
0
878206100
878528508
0
0
0
0
0
-1031398619
1328133496
661489257
0
-1364598660
0
0
-1101970459
876574584
0
0
0
0
-844226939
0
0
-1369174290
-1254755646
0
792336379
0
0
-1534477518
-1145330325
0
0
-1177364284
0
0
0
0
-1911456893
0
0
0
0
-837197028
0
0
-1726338453
0
0
901458949
0
0
-832958973
878206098
0
0
0
-1420879759
0
0
1300717305
0
0
-831484637
-1678199103
0
949151175
880013058
966460230
-1806838039
0
792084146
-389409979
1044061094
1066492940
-1111299353
-1364579779
0
1044061099
661548629
-1111299353
0
0
0
-1364576577
0
0
-1797736114
-1670831948
-1475632408
-1925597844
0
0
0
2131277111
-774802266
0
0
-832445286
899694449
0
-844221599
0
0
1302343668
0
-1726324859
-1445789531
549536021
0
-1218150507
-1663597063
868356405
827260416
0
0
0
0
1304406061
1310457155
0
1806835623
0
0
0
-1509787862
1978072952
867520856
0
0
-1590188011
-1644325635
0
0
-109482823
0
-1726341091
0
0
0
2131277526
1150180713
0
1300706041
-1547291198
827788344
0
0
-1670694939
0
0
0
0
0
0
0
0
0
0
-399021201
0
901458953
0
0
0
0
0
0
0
-1154779715
-1053481536
0
-1145331653
-916759557
0
-441305538
0
0
0
856519758
-1249712017
0
-1797745190
1304406061
0
0
0
0
0
1512328290
0
1044061108
0
-1797735217
0
0
0
760508805
0
-1364602655
-1750296891
-914375415
0
1444544668
0
0
1040997006
1304320536
0
0
0
813650924
-1475446914
0
0
-1246895696
0
0
0
0
0
0
0
0
0
0
-1158816280
901458964
1047067267
-1255936295
0
0
-1590186132
0
-1670753953
1047999899
0
0
0
1058768023
0
778036674
0
0
-1798459403
-849185430
-1558016761
0
0
0
0
0
2131259405
0
1041641889
0
0
0
0
0
0
0
-1726338326
655102154
1150217459
0
0
0
-387218327
-831079884
0
1900931463
-1179505897
1150167443
-1602618168
0
1404549401
0
0
0
0
1404566750
0
0
0
0
1928396847
0
-1395646996
0
-1211493462
0
1304342486
0
0
0
0
0
0
1300717192
0
0
1526949799
1310330080
0
0
1404549867
0
-849186238
-440595325
1301255561
0
-1863293336
0
0
1297336812
0
900159122
0
-2047880630
0
-1925527657
0
1118238855
-1644325643
0
890883207
0
0
901458946
-916969977
0
-1301622473
947146386
2131261417
0
0
0
0
0
924307965
-1872978787
0
-916769387
0
0
0
0
0
-914814262
0
-1426039149
1047794811
2131259958
0
-1726332746
-1726333664
0
0
0
0
0
1579615775
1044061078
1512328220
-1210619189
0
0
960738050
668622958
-918486749
0
0
0
0
0
0
1487258841
-2104211411
0
1044061070
-1364576308
0
0
0
-1724315060
1395201811
-399321855
0
-1710105373
-916763339
0
549537803
878675252
-1731349292
0
-1364578456
0
-844215853
0
0
0
0
-832492170
-1731345824
-1289606307
654851398
-1798335503
0
0
0
0
-1435621110
0
0
-844325585
-45000539
0
920324828
-1572474481
0
-1395646995
-774802039
-1670868798
0
0
-2047880640
-1144519503
-916916544
0
-1797718055
0
0
0
0
-1798380130
0
0
0
0
891113050
-1726335163
-1079993572
0
0
0
0
878531599
-1644306002
0
0
0
0
-1111299353
0
-1873014340
0
1046164300
-1710066378
0
1806835633
-1179938766
0
901458965
0
-1097568814
0
0
0
-1364580730
1044059295
0
0
0
0
2131261061
0
0
0
0
-1504495798
0
1797127040
0
0
0
2119044654
1514154018
-1872988694
0
-1432290548
0
786694757
0
1304406061
-1797754977
0
-946922508
-1209207780
0
0
-844257555
0
-399029665
739086931
0
2131277244
0
0
0
549536738
0
-2047880603
0
1304406061
0
-837203493
878187554
1047794784
0
-1726335162
-1364563607
0
0
0
1055284465
913267717
0
1507821552
0
0
0
0
-35388206
0
0
666230622
2131259715
0
1527511427
0
947673262
977403636
827254080
0
0
0
0
0
947385671
0
0
827253457
0
0
-1726337662
0
-1504494769
0
0
1047794913
0
1806862203
0
0
0
-1211142302
966844141
0
-2049779972
0
0
-1707321621
0
-1670757200
550111792
0
-1406909082
-1364582147
0
0
0
-2076128451
0
0
0
0
-1583368996
-1872839635
-1247239881
1066650352
1150197486
0
1404536296
0
-1523837214
0
0
1404525868
0
0
-1709260137
0
-1422053330
0
-1111440269
0
0
-1328748950
