[1723576846, 1235566756, 65535]
[1226507878, 3978971496, 443]
[1889499300, 4294967295, 59111]
[1692283723, 842933041, 65535]
[3316831364, 271618281, 65535]
[271263242, 4294967295, 80]
[1920262614, 4294967295, 443]
[1226545103, 3978971486, 65535]
[1121556031, 4294967295, 80]
[1826296877, 3569494471, 65535]
[2048433933, 2339489230, 65535]
[742730573, 1074109323, 443]
[270587922, 2325249566, 443]
[357843840, 4294967295, 443]
[1053628072, 4294967295, 80]
[3320725887, 3449079455, 65535]
[3757046314, 4294967295, 443]
[1303952043, 4294967295, 443]
[3978970913, 3978971484, 443]
[2258940745, 3978971484, 2515]
[2305486611, 4294967295, 64879]
[4161029799, 4294967295, 64840]
[2213006861, 3451524496, 12688]
[1176692295, 3334596255, 65535]
[3552581845, 4099508543, 443]
[582406794, 4294967295, 12345]
[3307968874, 4294967295, 80]
[2080799522, 4294967295, 53603]
[2263454562, 3447542541, 65535]
