625
1709
1834
2140
1581
853
1450
706
1334
2827
1085
869
6422
1016
937
1079
780
1473
1414
440
1819
2731
3574
6918
3504
4281
852
956
903
15559
5122
2201
7878
2225
1364
6549
4231
1237
3247
2460
1306
994
958
999
1059
1396
1492
6438
926
1481
621
1643
652
912
1127
1814
980
723
1717
6245
1316
2452
1073
1390
993
1175
2072
1730
3365
1085
2734
2664
1840
1842
8773
1423
6299
1676
714
660
4433
2783
881
2299
667
1729
2095
1615
2338
1112
3211
483
1422
3120
906
1251
1056
3892
1355
803
770
2355
1136
1442
1207
726
1118
3203
1195
2343
1117
865
792
4354
1614
723
1141
3737
1656
798
2034
1305
1497
1048
1229
1617
2171
1727
2034
940
2721
1277
1752
4852
1330
1118
9870
661
2694
3649
758
5422
3512
1885
1549
1427
858
1653
3763
3039
1956
1465
1736
2881
2502
2954
1073
1503
1250
4637
1518
1662
8618
1731
15179
2080
1416
1298
1203
2860
850
854
1065
1407
3169
1042
1196
3752
977
2939
926
1199
2257
1727
2951
607
4202
2348
1434
1233
2653
826
2788
722
2224
648
2394
1170
1536
1393
1141
731
1303
991
3623
716
10622
737
3969
2105
1321
2168
1683
1886
1490
580
4037
987
3029
891
4241
1826
1558
962
912
1114
4027
895
1616
4925
964
3712
4303
1108
16071
2241
5045
683
1962
2236
2031
666
1648
2526
10025
902
684
978
2978
2230
1031
1894
1105
947
1251
995
3255
3188
2506
3668
2448
3966
6098
1524
2061
1289
1228
3761
1770
2908
1653
5329
1433
1710
622
1426
1695
2415
2344
1306
5266
915
931
2088
1353
2928
1081
4774
3337
3739
2102
1227
1563
934
935
817
1476
1814
1752
2063
1060
708
673
1670
840
1164
2881
2519
1367
1442
853
1535
1623
10441
824
2459
9360
3416
2281
3700
576
912
920
904
1316
3199
1416
1659
1766
1243
1052
2230
3825
3611
5272
996
3391
1658
1381
2633
1654
1030
995
904
10270
2717
2273
3386
559
554
776
1452
413
2243
3364
1271
1628
902
758
1107
827
1273
2081
1786
860
1084
1135
3074
1696
2280
1681
1636
4404
2049
913
1647
772
508
2180
3882
2646
1417
1152
1435
1262
934
4224
1269
925
2556
1242
2855
3627
1748
1383
2844
2041
1501
1718
2474
1040
608
784
919
1694
1341
3698
874
2339
1658
851
1139
1014
1451
6994
2124
1137
3657
3034
2164
2007
1266
869
2230
950
2693
2552
3216
2297
2512
1846
1170
1034
960
1826
5434
1167
1205
1098
609
1176
1572
2526
2998
973
7339
2672
701
3527
1594
3115
3854
1259
1792
862
1595
1664
6128
4369
3133
6034
1115
1545
2312
1159
833
2309
3731
1027
7304
1335
2726
3820
2449
572
799
1364
1521
845
842
1710
1173
1512
2870
5249
3532
1273
759
1718
1034
987
1351
2032
1745
1622
1242
1991
1219
2082
3308
2403
1073
3134
987
1627
2395
883
1011
990
885
1464
2420
4706
2928
1124
2941
1274
5321
850
751
2256
788
2165
3510
2568
2176
1429
787
1997
1063
3751
1857
696
2566
2457
750
1627
5488
2035
1279
870
1089
1919
665
2483
802
1033
733
969
1045
831
2485
1397
1141
638
846
1559
4293
1160
4076
910
1918
6805
670
1090
1865
2126
948
3987
3483
4105
2802
869
1795
2802
1575
1268
1163
1187
1021
7466
1476
1396
1192
804
1005
1395
1291
3004
2073
1748
1114
4253
2548
1454
5749
1766
2737
1073
1550
1215
5241
827
815
3020
1417
808
3314
1427
2276
930
1671
1046
1930
1960
1637
3953
3490
3771
1474
4016
4171
930
1118
1494
1347
1177
624
1283
1863
2246
14283
5508
5602
2143
2361
6806
1434
2021
787
2090
4448
1558
2611
3329
747
2391
2613
1225
1888
676
902
1905
3313
1985
3058
743
3710
1065
1397
986
2449
2622
2972
1398
2480
760
1034
1753
1297
707
1133
1809
7460
1199
1803
3813
1008
1421
3857
1448
797
561
5147
7002
772
1113
1133
878
914
1087
13637
2072
825
828
2361
1472
892
4422
965
1844
1357
2179
1221
738
2192
1685
1615
1104
1420
880
1418
3678
2483
988
1744
955
608
1539
783
3181
1951
1943
2612
1874
673
7860
1419
3788
748
8126
1214
771
1316
2905
2027
2899
1223
1454
1070
2609
2565
2434
802
4460
1571
995
2978
2089
1054
3334
2628
2127
1282
692
3552
1025
1445
1333
1096
3288
600
2634
4995
3719
773
783
2079
1014
2714
1048
1883
1189
1327
2276
15919
1084
949
1449
1162
2290
750
3426
934
1008
1069
688
4242
1867
645
1026
3080
956
5170
4787
971
778
2431
3725
2270
2783
834
2825
1159
1104
1908
1322
1590
952
853
1322
2914
1579
1475
1553
2229
2970
1347
875
1679
1065
2640
1368
397
2071
1158
9602
913
2789
2309
1012
2694
822
2589
1658
1648
509
3001
899
2667
794
1914
3785
898
1696
2373
1194
2056
5387
976
10742
843
2030
2117
2894
1559
930
949
2331
2820
2947
721
7254
3262
1470
2314
1653
933
2422
2175
1128
1089
8188
6304
4338
2713
1981
2956
1123
934
929
4006
2650
1249
1367
1159
3759
1194
744
1046
6608
2138
1891
2601
1372
4171
7388
3209
3023
7092
1291
1477
2968
1509
1211
2373
1347
1641
4168
1042
1922
3468
1453
2684
2559
1257
613
6805
1203
3432
1979
819
3450
1248
2093
6079
1577
1692
905
2367
1956
767
1982
4674
3195
1195
605
1316
1380
1274
3720
907
1240
2921
2380
2074
1822
1725
1088
6990
1367
4700
4173
927
3789
1239
1595
859
1213
943
1381
1273
1224
1096
6243
1674
1222
1094
1348
1716
3665
2104
987
1001
1486
1315
7745
897
740
693
1427
816
724
1240
1418
1164
3737
1050
2552
1208
7173
1544
1655
1848
953
945
2128
1604
1037
2201
2128
682
1039
1558
947
3805
1805
2515
1538
554
871
871
926
2143
976
1357
750
715
2776
948
1104
4705
804
1019
1270
1179
1326
1328
3139
9152
1704
2372
1012
745
798
2236
1107
1922
747
1120
3409
1398
1051
764
4367
3074
1405
1227
805
1052
3272
2041
909
1606
1096
783
1142
3440
1521
1718
893
765
8367
1211
3116
2926
1752
1601
717
2298
6589
3075
1541
783
1005
983
1521
1748
2651
2905
1188
1031
4964
1928
1933
1769
2728
874
2101
1144
1795
2059
900
795
4670
1776
1916
1476
2673
808
7412
3819
991
1781
2109
875
3161
1462
1481
1019
2280
954
973
995
725
3496
1290
2902
1998
3990
1639
2922
1840
794
2688
673
2190
2072
654
2287
2937
1051
1374
3916
2330
1436
5622
937
7588
1100
714
972
2345
2465
23671
1797
1089
2602
7361
874
868
738
6329
1096
2593
1975
2217
600
864
1823
1456
1620
2449
1650
1172
1541
1596
2221
1523
3136
3393
1322
2727
646
8878
638
2379
1187
1963
3600
1594
1093
3218
2235
916
654
783
3818
1755
1136
3627
1938
1528
1035
2330
1484
1344
1463
1586
613
3179
3795
1511
1969
4621
745
785
999
3163
1339
1675
2597
1899
780
1430
1570
1080
3699
4078
2238
1464
2034
2207
1273
1025
1113
1360
10105
4781
1054
1090
1544
970
4992
2575
699
1583
1021
2186
614
3030
1243
1276
1109
901
13369
1329
1886
4756
683
1926
2179
2907
4458
1599
2862
3486
1123
1019
1399
1138
587
1669
2256
3733
816
4094
2308
671
1990
1079
1501
4608
4522
1600
1803
3476
1477
1778
1050
3557
898
1839
794
2523
1248
1305
1260
971
2143
1072
2213
2530
741
3087
800
987
770
3201
2476
1072
910
1563
5833
1032
7724
2366
2124
2090
1717
2774
3826
4470
2074
1287
988
1409
2111
1088
945
4508
1864
3098
1937
2803
10512
865
2009
962
1793
2706
1415
3481
2967
2948
3624
1582
3027
5869
1778
681
1036
887
1751
1051
6133
2139
2046
3953
4411
628
1845
1986
1048
1635
2581
2789
6160
3714
2742
721
1913
1577
2492
23879
3075
4468
3021
1311
7329
2048
766
842
1377
857
7423
2101
2775
824
3906
1655
2840
1590
2713
698
1042
2532
1749
1767
817
2529
706
804
2481
3435
2821
1685
3626
6736
2159
1419
953
6605
1139
6285
2462
2204
14654
2823
1100
1902
1381
2708
923
1201
4924
967
2063
10667
2407
845
1623
984
4141
1116
652
7161
1219
1687
1088
4390
4366
1483
3272
3066
997
1035
2316
1314
1133
1616
1570
1140
12691
1247
1190
1663
722
890
1383
833
1006
2727
1385
2223
3092
4845
1067
2152
3207
1663
1229
1683
766
680
1451
1332
984
677
917
1681
3481
965
3301
1248
1753
3075
2437
1062
2072
784
1435
3665
2386
629
2476
2858
1331
1189
2119
962
2308
2171
908
2098
1237
5636
2284
7977
1759
911
752
992
777
6092
6491
1521
1907
1050
1100
752
3454
963
2643
925
2812
1520
1072
1204
1223
810
1956
10496
1198
1649
954
2674
1210
3303
1752
2805
1251
3252
1176
1322
516
843
771
1527
1571
1048
1302
2205
946
2220
1007
1223
1136
2188
580
830
507
681
914
1572
2581
1455
1454
1779
609
2060
1272
2334
712
7151
883
980
3437
4753
1739
1470
1293
1712
685
2644
3049
662
1569
2121
842
2079
1527
871
894
622
1127
2123
1502
1318
1348
2825
4956
873
1504
1100
1849
1813
632
2650
1425
1716
809
725
909
1870
1250
1469
1112
2184
2495
1368
638
3760
1692
2269
2706
1419
3572
691
711
1733
3388
705
1443
864
1569
1961
3189
807
790
3197
1481
1265
1587
5763
2340
1536
3297
1422
2118
1538
1110
1641
3148
135358
1758
690
1372
2581
1057
883
1829
2059
1022
1046
1510
5434
1403
801
1525
1340
1563
1356
2860
884
2129
3293
831
1670
6407
2152
933
992
846
1298
748
792
2485
1145
1737
1666
749
2249
466
2422
2366
1056
761
1146
1598
1726
3900
2187
1690
2011
1228
1290
825
4111
1599
1714
1454
1120
2071
2180
1693
6110
1492
1729
1025
1588
1578
1136
982
1850
8418
1251
814
1256
817
1870
1893
1744
3958
5219
2334
2004
1707
736
2473
1759
1608
5241
1340
1505
864
765
1845
1331
2960
2402
5242
3621
840
2334
732
4641
2374
870
2909
1868
2749
993
3071
1025
3092
2747
1354
3381
4758
1038
1180
2060
2398
1056
8003
1003
2800
1321
525
2499
1538
1568
1438
893
1573
819
1780
779
724
1781
1624
1281
829
1527
1258
1852
1030
856
1192
856
2141
1232
1599
1228
11895
1487
1128
1111
1815
1908
7254
1551
7218
1143
2274
3230
2462
3482
2454
747
1049
758
1610
1164
1910
1665
1674
2149
2277
1868
587
1518
955
1037
1537
2264
753
6366
1047
5292
966
2199
831
6274
697
787
4212
1825
2647
866
3240
2145
2002
1156
4959
1035
1114
520
1097
1815
853
2265
725
1632
635
2007
3987
1075
3009
866
3811
3159
1263
3586
1839
857
2738
1523
1364
617
1179
2059
1090
2500
2966
4405
2875
2087
1371
1844
2919
2147
595
1253
1222
735
1562
4515
2119
4581
1237
4070
3381
1157
1063
1657
1975
1188
494
1682
1604
4194
1115
2374
4891
1172
848
1831
667
2719
1101
1204
1646
975
703
860
1115
24859
887
2186
1573
1493
2078
2000
2256
854
4706
6080
2203
1026
1757
934
2238
2780
6779
3099
2086
949
3456
2175
1871
3817
958
1126
2515
2027
1591
1947
584
7827
1152
1157
3341
1911
1126
1013
3385
1953
1871
999
1319
749
2196
3493
1251
1976
1811
655
1220
1883
1036
1342
2680
1163
2232
2529
1567
1975
822
1325
1639
3602
5506
2770
3092
877
1402
2485
1548
5054
1555
1838
937
2285
2737
3587
1050
862
1151
2687
690
2002
1890
1269
1869
1529
1022
851
1168
1506
711
1547
1889
5312
1213
1952
1885
3901
5684
1265
773
3369
814
3151
3906
2182
3417
2073
6805
1423
3361
1057
1525
2655
2931
2036
978
1156
976
973
3674
720
856
928
1518
1329
544
1653
2408
805
938
1406
1271
1890
3098
1964
1835
1590
1912
2891
3187
1006
5734
1277
1228
2133
2772
997
739
3352
4001
1072
2041
587
3504
2743
2583
2117
1006
4376
489
1475
3083
3370
3839
1845
2042
2596
2152
4220
1176
1149
2468
4600
1699
1308
648
934
1000
1073
1107
4257
1903
3670
2015
1115
2483
1065
1287
986
6406
1481
721
869
1090
1328
1163
3315
4592
841
1703
1074
1671
762
1034
824
1274
1306
5302
1429
2409
1456
4451
1017
3156
1168
1605
2711
3415
731
1107
914
2082
1418
1394
1064
1837
1550
2244
1448
665
1072
1459
2143
1922
1634
2839
1536
1044
1306
855
2186
6961
988
2258
2526
1297
2580
2353
2364
3865
2312
1381
1820
3151
2375
695
1269
1081
7284
2938
1045
1605
5137
2696
1296
11748
924
1774
2266
2659
4274
1041
599
1562
1379
1126
974
1075
4428
1372
2580
1393
1910
708
1583
1200
940
1162
1954
1264
1388
1164
1444
2911
1325
3370
1834
983
847
2114
3960
1183
1466
589
2276
2158
1735
2113
1310
1733
1203
4573
1193
1044
1631
876
2147
2112
1109
879
1104
761
2831
1149
1800
3669
1031
4553
1190
1184
4101
879
3032
3437
1248
2186
5340
2285
2606
858
917
623
1175
4080
3583
7195
2285
813
1149
1224
1089
2260
1771
2901
2762
1423
2077
871
1589
3383
1235
1951
1201
11469
3211
647
1434
642
3620
861
1447
1936
4420
664
1999
1177
1194
2388
2643
630
2529
933
1046
1110
1304
1759
1143
3790
4251
9722
3025
1175
1632
7077
1261
3142
1209
2149
959
2251
882
1219
1756
1001
1016
1862
1408
2658
821
50591
704
1528
2870
1442
3600
2365
1484
1970
1273
2159
1595
2812
3361
954
1774
3980
2050
1329
1145
1115
566
1274
3344
1238
728
1077
1441
841
746
1104
1756
1378
716
2017
950
3241
4973
1743
6499
1335
1078
800
2255
1463
2308
3465
3982
1259
3180
5144
2253
1371
988
513
691
7364
1050
1564
1112
2187
929
4744
1527
2994
1007
2849
1184
1422
1749
1067
693
1600
1006
1497
1811
1609
7334
780
2682
3315
6811
2641
1748
1760
707
1342
735
2671
743
3318
855
13157
1538
4191
6400
1995
1382
1047
762
1905
1213
1739
847
3096
5367
2520
1980
2977
1861
2397
4267
769
777
1484
949
1040
4533
2915
1672
2420
2107
1041
1211
1184
1398
1315
1497
603
1189
2369
1145
6033
2401
2087
4437
2902
955
766
4764
851
1083
1117
2910
1338
1143
1095
2754
1044
2732
755
2658
1779
5044
3278
2656
2172
2161
1873
961
842
2085
926
3796
1509
677
1620
1197
2796
1756
813
2014
661
3771
1598
840
916
1085
1390
988
1120
1556
795
1395
2206
787
589
7062
1952
3010
1572
2834
3090
1726
1114
2548
1990
540
1655
1366
2367
1701
1040
7037
1226
889
626
1242
2480
1920
1185
5161
613
1686
795
3945
934
1620
1318
3494
2096
1970
2195
1252
1014
3814
2936
1318
820
1917
2225
7911
668
602
2379
1408
3041
492
1079
841
2680
1037
883
1773
2929
860
3956
1061
2125
1872
1734
2405
1896
1409
1986
6067
4130
3705
4325
2118
1007
1669
1301
5148
1179
971
3492
2351
8072
2536
1054
1929
2978
661
835
4102
3608
1538
2016
2521
1303
1196
16005
955
2958
2087
1546
1176
1819
2464
2420
1006
27222
507
987
924
2160
815
3137
768
3075
1721
1119
729
2260
2351
4277
1190
1599
667
3142
1324
748
2928
3142
4977
2396
2561
759
658
627
1505
3256
1739
1158
1123
920
1035
1165
924
1594
1802
4010
1548
2310
1106
1358
968
1462
1673
1366
853
591
1625
3294
3653
2051
1711
3295
3389
5813
773
1087
4048
968
2256
1177
2145
2271
2606
2077
912
990
611
2587
899
4251
820
3051
1403
1818
2325
1239
2266
795
1006
2045
1474
943
2240
1643
1115
989
1407
713
1932
748
2294
644
2540
706
6337
590
2378
940
889
1671
14556
2456
1758
4054
2580
2638
773
1258
772
1157
1482
1493
624
1568
2734
3603
884
1372
761
1026
4440
1337
1416
2420
1091
3128
567
1180
847
1104
1735
1598
1808
749
2306
1136
1052
1119
1498
2666
7773
858
1627
584
6548
1012
657
1330
1947
736
2384
1243
697
1590
1593
1642
777
2128
2811
1181
1730
3034
2472
3018
3364
1249
7562
2984
788
852
1331
2124
863
681
1989
1062
3974
1565
905
1955
1473
529
3855
891
1112
1082
3321
2949
2889
3405
2339
578
1966
986
1333
1478
950
1681
2721
851
736
1338
862
1603
2524
7141
2114
1065
3473
3100
2340
1886
2168
8710
2362
991
3060
2141
3687
2336
2112
2877
4513
1180
1983
1352
6026
1521
3044
2287
1241
897
1540
1014
1781
6434
32375
4019
744
1235
697
2829
1894
1015
746
2472
2835
789
1015
5872
984
585
3494
1145
4964
8439
2052
1312
1252
20686
4173
4935
1270
3490
1061
13935
6289
4620
1256
821
1028
3143
2046
995
976
1636
2575
1425
2829
817
1062
2541
1263
2260
983
7691
1074
1964
708
10745
1973
1290
919
2178
3521
791
4114
9466
8170
1108
2137
4847
6118
3379
3171
777
3682
858
4983
1382
1586
1490
2903
758
1363
4819
778
1542
2239
585
1125
1277
3767
987
974
2899
1194
1133
812
1377
828
1353
1429
2972
2219
6064
990
1996
3075
2829
1144
1107
595
2760
1980
1141
1187
1372
1036
2733
1493
2380
1098
1031
1644
982
1606
1353
1924
1168
1184
791
3634
939
1089
2382
8965
777
1163
1524
744
1668
3693
9578
1763
1379
1939
1376
1102
6682
1095
1172
1202
1462
1594
1306
2393
1452
1153
873
1114
1610
2313
3630
1353
5342
1538
3038
892
1962
2632
1451
1381
1774
786
706
2286
1250
2699
969
2058
7305
1696
5225
1980
2113
2107
1890
4248
745
2791
1856
682
1003
1263
5221
2494
773
1225
3177
942
795
1991
1761
1030
641
2441
5561
4233
6531
2890
6220
9445
2711
2857
3313
1001
1054
2411
3553
1019
627
1185
1823
1486
1336
2151
1596
2507
1560
1333
1343
1242
706
842
626
2019
2958
1881
990
1171
2241
707
1185
5259
1712
1053
637
988
948
1719
1377
1924
1383
1569
1020
2482
3738
730
1452
1419
2004
1494
1149
958
1143
2966
855
1551
932
903
4821
932
1881
1906
1088
2478
1738
1505
2417
2204
782
823
2044
1156
5536
4919
1566
3177
1472
1852
964
2123
1094
2496
1713
2755
790
3441
1500
1502
2657
1555
666
2202
2125
2997
3354
3301
671
724
3143
1027
2187
2141
1406
3044
866
606
1113
3583
1157
956
970
1952
1456
3250
612
2887
5037
1273
2893
1281
1657
4934
1153
2160
696
865
1841
2083
2888
2455
2118
701
3674
1566
2635
1837
512
1733
996
1174
2398
1921
1195
9536
2036
1287
2391
1189
2359
4543
4466
1009
2906
2770
3157
765
877
2218
1372
782
862
2433
1625
2071
1106
7130
2810
722
668
4757
647
1408
1279
1112
2981
2954
3487
3637
2214
2395
1104
1585
1714
1696
3510
3570
952
728
1399
1618
1609
1029
1789
1250
576
1073
1280
678
2256
3148
1518
5008
8752
1362
2218
4696
5655
5719
1292
1240
922
3764
10661
1333
2336
4573
2286
880
760
4756
3292
6814
1932
917
5303
646
1267
725
4991
767
1446
1439
3347
1969
3571
2311
3114
5802
921
845
2418
1005
3734
553
2047
863
1103
2832
4392
2371
16689
958
1474
3088
1090
2225
1196
10785
2022
720
737
3494
552
676
1544
625
4567
2999
1296
42055
2829
1554
2631
3256
5375
1376
870
3355
1520
1726
2762
1174
991
2171
2636
1395
920
7056
1635
2318
1554
2501
1955
1742
1765
1656
2557
2322
700
2560
1285
1338
1058
4608
1401
1161
1497
1258
1391
2026
3787
1416
3334
7297
1274
1487
2827
1741
1667
1492
3293
3694
3362
715
1605
1652
3929
1228
2185
663
1960
1346
1021
1046
1759
1465
1034
2508
3630
1818
3631
2608
800
1157
1539
3024
1283
3772
1560
3263
2671
1004
2198
1150
504
955
5411
1140
1161
1170
1306
1282
1098
4285
2703
2011
1264
636
517
966
1222
1587
2327
1558
867
2664
1970
693
771
3568
1384
3373
894
1510
1201
11239
3243
1628
1501
1306
1303
2621
1038
972
1015
1063
3434
2908
2211
1220
1383
7540
1462
1846
929
1069
564
1396
2662
2240
4310
6396
5558
4827
1281
1093
5390
792
1382
678
2313
1134
2344
803
3628
1569
3191
2741
2569
2335
2052
1241
2048
2977
1858
959
1997
1606
2489
2328
534
1173
900
1454
9168
2786
764
1505
1372
2067
2156
925
2288
3914
3722
617
2970
1636
5551
1394
518
1572
4740
1025
1663
2091
3001
1630
2426
1349
1435
855
4340
1631
1307
1293
1687
851
6719
35224
1378
2030
2842
1133
2838
2177
891
1465
1643
1746
1660
3025
2722
4060
2275
3382
1081
4135
1828
963
1191
1082
762
1036
1662
2125
2465
3295
2445
1016
1200
906
1231
3907
1029
864
1406
1095
2058
901
1553
477
1484
684
777
764
3384
3383
962
1781
5457
2463
1348
768
881
2623
1796
780
931
3193
872
699
900
3258
859
5081
5735
1844
1685
1036
1126
914
985
613
6946
2847
666
821
1584
867
1235
1789
1752
1138
2805
2107
1655
1186
1210
1084
1449
9334
930
1305
1557
474
979
2474
2633
955
2562
835
2905
1275
2602
984
8173
1066
2899
2033
1822
1842
1835
1231
1429
1472
1118
2030
2492
933
2404
743
1206
1217
6770
655
1378
700
2055
1167
844
1028
1044
846
2687
2925
950
1173
1166
1030
6894
2399
1464
1298
2609
1745
1591
1370
1803
1651
1375
3636
1529
1657
5008
1741
13214
1451
1642
890
1072
1582
2278
4027
2121
1441
1388
2745
2407
1749
2326
978
1186
1376
758
1684
1249
1061
1794
990
847
2428
2487
8521
1228
811
2007
2169
8780
3060
4278
3822
1215
1322
2202
3628
931
4463
2614
1796
1933
1738
920
1841
1579
894
1321
3362
1105
4512
2783
2126
7280
1240
2321
1193
1878
2397
610
2180
1419
1183
1746
1128
2403
1197
2973
2904
639
4531
1188
893
3061
2347
1548
2165
2385
2431
1048
886
1963
1653
1430
2673
1767
1014
466
909
4406
1256
2121
3806
2185
3443
825
1159
2544
1544
3254
802
1128
2418
2305
3924
974
1281
1073
1514
3512
3972
2275
880
570
1501
680
720
583
1013
2834
1628
5771
1203
3956
4538
2851
1419
1795
3745
1957
3404
1453
1895
1379
1306
2811
551
5195
1332
4056
5316
1198
2492
878
5645
3122
1031
1031
1733
2452
803
1560
1149
846
2158
3757
3733
3022
6646
3573
2342
757
2262
1160
3713
8710
2126
1465
1130
877
5188
1408
1874
1052
2346
10223
2650
1654
3722
3877
836
912
2381
1387
1196
879
1249
1550
1882
1030
1795
604
1662
1394
611
6702
3455
1170
1898
1661
1626
1314
1172
1255
1613
1117
731
1249
1688
1131
3359
4962
1080
780
3238
3161
2335
1226
1551
2173
2805
1394
2345
2176
2848
1874
1116
5776
1965
842
2760
1679
3759
4282
1187
1007
1668
1081
589
1797
6406
2332
980
1407
850
1190
1401
2103
1197
1052
977
2444
581
1870
1390
590
2991
2477
1762
1550
1018
2430
6670
2535
1809
3751
2472
1632
592
1651
1105
940
833
1179
4914
1411
1571
4844
1348
860
6299
16895
1385
2465
1463
1235
5826
813
1688
1348
4263
1642
6056
1194
853
1612
2537
1744
3391
861
800
6583
691
5420
767
822
2099
2452
1512
2613
1516
702
4189
800
7945
1580
4600
2163
4043
7319
4308
1174
820
1490
1069
878
1085
1278
4066
1506
2526
1044
1206
2450
2346
1052
2136
741
1044
2534
1958
1116
1600
901
3730
3079
2998
6679
3840
3396
1730
751
853
2161
1339
7297
1139
858
1238
1133
7799
937
3751
2594
1639
4851
3216
617
734
1746
2123
2615
1069
2612
2266
1296
2139
2637
3861
1324
986
1462
1539
1926
6351
1747
592
1863
726
1320
3204
3060
3486
1445
789
864
1213
785
3528
1218
3104
1859
2487
1584
1846
1172
7484
703
547
2657
2520
1539
2958
846
1377
4725
758
2478
1270
1673
1233
9412
8983
945
2664
3773
1682
1982
1598
5414
508
1722
1893
1617
786
3785
2731
1192
887
1776
6805
5632
583
4278
1697
2088
1494
1388
764
3424
1846
1605
844
1712
708
4436
693
610
698
900
1108
1644
2001
1543
1692
2018
636
1575
6155
1131
5346
4129
1340
804
1173
1439
1512
1503
901
1388
1101
1153
876
2585
594
1184
2845
9594
5277
6105
8270
1254
1208
4099
1565
1977
1225
4404
2104
4488
1568
1208
923
1680
1163
1308
832
898
1200
1337
2690
1082
1094
445
1940
953
1269
4116
1158
976
892
1105
4496
1146
1404
830
3525
1826
1117
1232
1423
1032
2076
1739
1578
2479
1352
2287
3577
1540
2040
2266
1037
1078
2152
1440
3047
7925
1405
1236
3573
2177
1207
2861
584
1490
1508
2070
1971
803
2699
3332
1369
851
1844
2346
922
2217
3039
1602
1663
1927
1660
994
1875
1301
9635
910
1880
1865
2206
14012
1710
1026
733
1346
4486
2430
571
894
1072
2850
1619
1770
1489
1815
1120
751
1251
1715
1554
979
3801
1140
1936
3308
603
6145
2987
4330
1018
3633
1166
1075
2518
4237
1397
1526
1288
2483
984
373
737
4285
2177
943
2234
1727
961
1875
5408
2263
412
1802
1235
1102
3191
1687
1372
1631
2921
1498
1038
1851
1654
1744
1859
907
1211
589
3367
1507
1481
845
2276
1091
583
2019
910
1247
948
1923
4483
6016
802
1250
5029
5853
1560
5067
2137
3980
1916
1416
946
1163
2689
2145
1010
968
4156
2241
1686
633
1134
1478
9353
3847
1380
1415
4752
1407
1040
2847
1538
586
1129
1066
4377
1384
6286
1574
7414
7605
7787
1108
968
937
6988
1884
6328
4672
1674
908
892
2060
1949
3739
4380
5409
654
1139
1533
750
2278
5086
858
2860
5782
2785
1040
1262
1178
720
3021
860
7693
2313
1967
1953
1129
6633
2334
1664
1128
3948
1316
1353
1487
1897
2309
10101
1513
1653
1877
1281
1132
778
3938
1372
773
1193
1896
2380
5751
1166
1257
566
1597
986
5737
1542
776
2810
756
1509
1342
1722
3543
643
973
1964
900
696
1238
998
3994
1131
1157
1028
2279
1888
1977
575
1340
1299
992
3942
718
2798
957
1135
798
781
3035
1375
2654
1923
4850
900
1801
1172
561
918
1884
1159
854
1687
1532
1850
1270
1780
4724
729
2768
7206
1643
892
1784
2829
2388
560
1708
1330
1670
2715
3483
1783
1416
965
1875
5460
2651
1842
4192
1027
2057
4499
5642
2289
764
1219
1094
4507
4313
1112
1280
1217
1580
2240
2803
1379
2678
2237
2413
2791
959
1412
2317
2538
1068
2709
1328
2947
4668
3485
1581
3317
2896
625
3145
854
1171
939
2349
3428
3446
3580
2108
1022
1149
1765
1502
5794
3682
5623
779
519
2656
1880
663
655
2690
862
1212
1128
1622
1423
1917
1008
5464
868
1089
1144
3106
993
2584
1802
1560
3209
1165
1477
1652
3270
1499
1543
2246
2328
1195
758
1765
2040
2370
1399
6293
3548
1740
991
1628
1239
1330
5309
21953
5230
2489
1318
2324
13393
1097
1489
2042
3047
16524
837
1910
1903
1325
557
1277
2617
1702
1231
2892
2244
5236
5171
3290
1038
5898
925
1288
1914
949
3451
3274
1173
1305
1449
1456
849
766
1497
1710
1170
4260
2296
18540
877
1184
761
1857
3801
619
910
1898
1024
1282
1465
663
2041
2606
595
3248
1999
2364
738
1034
1663
4429
955
24264
656
2123
954
1399
4285
1658
1865
1162
3266
1273
2162
2442
6182
1293
840
758
736
3524
1397
1492
1199
4034
1703
1569
5884
1960
6520
770
728
779
5701
899
4492
15978
1618
2578
1086
4233
2193
2891
1283
897
2562
1414
3327
868
2021
6120
2324
827
5102
2251
668
1366
815
738
997
2333
1843
1355
878
1916
1228
1004
1491
881
3906
3184
3723
2111
756
857
3409
574
2937
1448
737
2040
3565
4788
1612
945
2325
768
3280
914
3420
7527
3804
703
2660
714
2636
500
2617
4718
2320
2514
1589
2451
577
1313
2588
879
2611
1042
1391
2020
1844
1854
1149
1572
4012
4560
2424
1201
791
1178
8125
2217
735
1119
1022
3263
1484
945
952
3138
679
4212
5467
511
1031
1307
776
3523
1409
1890
1344
1491
2136
2856
1696
1087
4375
1853
3991
919
1545
3140
1862
817
10376
1670
765
1424
7526
3327
2396
7965
1655
1207
1832
1953
575
2081
858
2663
1665
4247
2067
2247
5201
1143
3543
1024
1142
3276
1773
4887
3462
3920
3083
1105
3614
1281
1358
4615
566
1082
1537
1802
2098
1578
949
1952
1042
724
3316
4038
2109
7252
739
1913
2553
4260
3198
1634
1115
580
2646
1607
1555
1834
4596
1747
976
1468
1793
6747
4838
2766
5729
1619
590
1474
2206
2378
2294
3942
863
1223
1111
810
1638
2224
4877
3875
2343
1484
1545
4448
929
624
3618
2555
678
2027
637
4193
4362
750
1600
17008
1578
1490
1407
5991
6617
5730
2363
3130
1399
1872
1548
748
789
1028
1936
2426
1201
2453
2687
1344
822
910
621
3084
1018
3057
1126
1755
2007
3848
1278
10236
3160
1176
2709
1752
3156
1652
1249
3176
1420
774
2515
2353
1011
1751
862
1458
4693
2552
1713
623
1351
870
2924
5122
3805
1717
2605
839
3015
1000
5268
1729
13151
927
2041
3394
6411
2525
2319
857
2916
3321
1850
8733
1494
3039
1620
1249
998
3440
17519
1690
943
1686
1335
5854
541
952
1625
972
1566
3129
637
1692
680
809
1003
1596
1554
757
710
7395
785
2854
2702
4528
1586
3313
6343
1014
920
3370
2834
1618
1327
2081
2756
2546
4681
652
1461
2256
1576
4769
888
2659
2248
3845
787
4931
1121
769
2224
3801
1085
1171
3352
2321
1576
1412
860
3514
2155
1206
1098
3052
957
1943
1924
700
941
1733
1309
3618
4459
37477
2818
2987
1727
2369
3012
599
905
3366
1312
1948
1394
1214
2665
2565
817
1296
1940
1333
1282
2279
5187
1190
1014
1242
4511
502
1373
1395
1264
1355
1041
2143
1115
1665
5549
1836
1416
4115
1119
1503
3270
2755
1253
1996
1270
1082
735
1046
1232
1082
808
833
2190
3603
1661
2236
1962
861
1650
873
1440
1856
730
1806
2781
1314
1175
2213
1617
2978
2089
1343
760
814
1279
1880
816
1374
2684
7761
1699
2462
4275
2038
1043
1038
1317
1063
798
1896
1822
687
1068
1043
1355
4580
737
1260
1236
1203
911
1865
2753
1765
1347
1851
582
994
3000
1062
1594
5680
1449
2084
1242
907
1560
1541
13107
958
1729
1859
4922
2186
1453
5234
506
2518
2168
2319
1183
1442
1013
1998
2625
1254
1214
1366
644
2493
856
1479
725
506
1730
2639
877
2738
4652
1205
7453
896
3591
1120
2292
10116
1702
1210
707
3823
1014
754
3485
1441
1079
1604
2135
674
1310
1660
746
621
1591
1593
1170
892
912
5814
894
2209
1420
1369
2010
3213
1914
1674
711
6474
2759
2016
1449
2744
2249
2963
5962
1088
2350
2258
1791
919
1590
1132
2007
512
1802
2786
1687
2889
2248
851
2791
10544
1016
1053
2810
2322
573
1972
2099
18982
1524
3040
3654
2228
1888
868
2386
1277
945
1547
2277
2638
1138
2440
849
1727
166761
2615
2125
1058
6245
1406
1582
1036
3314
784
2874
2417
1494
1385
3366
1132
1806
2206
590
2792
2497
1899
1854
2644
1054
875
641
1098
780
1948
1985
1673
2328
1265
1235
461
3884
772
1791
746
917
911
827
1213
1340
1300
2025
1103
5390
1424
896
1942
2685
878
4605
2048
7854
3882
512
1623
837
609
2582
2694
1196
1783
765
591
2442
1677
1934
1181
1401
2372
2648
10670
15300
9039
1118
3765
6490
2493
1437
3426
2897
1092
867
3031
1753
3878
682
1394
1492
694
4472
2842
1105
1635
1854
2475
1318
1043
3081
518
1637
4012
1337
2969
1129
5913
990
905
2808
1820
1406
1797
3748
891
568
1029
1238
1158
1406
1188
1176
2033
1210
927
2302
3239
5222
9382
1444
1786
1133
2833
6924
1813
1709
8054
1880
1422
2134
2807
1351
2326
2314
2161
1033
2239
3264
1245
646
1232
1170
2102
1742
1833
1183
1161
1093
1803
5326
1634
3102
645
1022
5337
1585
2242
1274
1388
1513
2253
1006
3574
2219
3061
1925
7694
712
2704
1523
1694
2479
3287
7307
1566
1167
1948
1934
1365
974
1839
1471
1284
1851
2536
2153
1370
9040
1652
5359
885
1704
1168
1062
1570
3872
4704
2459
643
894
4391
2207
845
13908
1812
2653
3767
3396
1334
607
1029
1557
1068
5848
868
1224
3286
2900
3729
664
1796
1669
2118
2551
1848
906
1666
899
1751
1360
2243
2404
1427
3071
1278
1315
19420
2196
1458
2592
1857
757
1480
1332
2452
1077
1088
2144
1202
1919
6522
6340
1286
1647
1233
777
11853
1190
1252
1644
698
586
2423
2373
1900
1999
2192
12031
3392
3365
3760
780
5806
2309
5480
2604
1342
2723
5397
2052
5203
1156
3031
1430
1395
1372
1448
1550
2062
1501
870
1483
1039
2971
3543
1652
2015
2723
4250
3606
1062
4827
622
2974
1089
3687
823
1078
6336
1587
2051
2260
5314
681
1286
4506
1759
2817
1200
1010
1204
2882
1502
8116
10518
3229
2621
1019
907
1064
6670
2220
1451
1358
1149
690
910
1455
1158
1187
6249
3570
1794
6902
821
1041
953
1313
1510
892
2906
1205
3049
4964
2127
1582
956
922
2560
5841
1909
3499
4833
2078
3993
997
668
2182
1482
4939
1614
1459
641
3076
998
4752
603
2371
1540
1841
1630
880
924
542
1267
2272
1187
1539
4875
1265
2068
10963
1999
796
4441
616
907
1257
910
1259
1307
1090
2231
1176
2063
2258
3729
833
1284
1634
1351
834
2908
3053
600
1415
621
3209
2122
968
1927
2389
1033
2376
1526
4951
1197
3380
1295
1629
1082
4848
1838
1657
1131
1463
709
3638
2609
3130
2906
1974
2392
1142
1141
961
4923
921
2187
1172
1625
2217
1255
1298
1504
7525
1188
7586
2644
1717
1925
1085
3339
1129
1143
932
3523
2212
3231
1501
916
584
3026
1365
709
875
1439
1894
708
1697
2878
1097
1851
2046
2448
2418
2300
2965
1135
872
3667
1001
2381
6039
1953
2261
1552
1187
5976
1985
1732
2362
1854
2281
6451
2173
1984
1156
3612
2222
1299
797
3642
574
2126
1146
1934
4709
1259
2134
1326
2067
2577
2268
9255
1160
1528
1764
1578
1571
1210
3386
732
1231
2338
2123
583
1591
2556
3979
5342
1724
1028
1112
2041
1303
1343
1449
2301
652
1103
9362
1321
1097
5793
1605
791
1055
1008
2010
5735
1122
1114
2178
1345
2291
3755
1285
1640
2815
890
1183
807
3757
2590
1715
1922
1415
547
1451
947
1364
1023
907
616
1342
1434
1626
1416
2517
793
1351
3232
1224
4322
1118
841
1053
4617
1827
901
2721
646
2049
811
1753
677
931
787
949
2530
1158
1984
1405
2462
5297
2414
1056
860
1240
935
13830
892
705
523
829
984
3309
1274
1192
1856
1026
1196
1039
715
755
1176
1334
5356
1079
3219
999
5848
2717
2413
1089
1771
1042
3072
3484
2149
4071
1510
2429
6302
1572
1072
3571
1861
1320
2177
788
1330
1991
2493
1124
2211
2455
843
1942
1070
1346
1202
3153
4072
1350
1895
4267
2036
1307
13564
6997
1855
1434
1003
1361
2169
1390
1096
1073
2721
4827
954
2006
3232
782
3743
543
2378
1317
4258
805
490
1840
2181591
4903
642
8235
582
756
5614
7544
2430
3087
7293
1786
892
842
919
1658
2662
875
4846
3140
811
3107
5103
1158
2115
1516
1066
936
1102
2535
4837
1293
1192
1983
1447
5841
3645
7604
7117
1152
1082
2645
2500
3596
879
978
802
1396
913
1478
1036
1822
8263
1996
4849
2945
21139
1609
1534
1114
819
2231
1499
3622
797
978
568
5550
3798
1134
1224
5699
2469
3229
2405
1365
3622
1650
2233
1252
786
4132
3822
2476
1045
11140
2865
1034
3162
1977
3155
817
2667
3335
756
4882
907
1102
958
2008
4410
2886
678
701
984
1009
1650
1970
1766
469
1302
682
1247
1418
2034
1726
2095
2385
687
1015
9345
1884
2041
4669
1328
1517
1277
1544
4660
2305
3130
1114
5270
785
2128
1725
1107
3028
2808
1085
1046
4461
3184
2526
2328
1181
784
1516
6425
1203
3668
1594
1018
2649
1435
1237
1084
836
1210
1269
1113
1207
1325
1261
3742
2315
1127
5293
2058
2724
2036
2019
966
635
1145
2085
2619
2934
2075
17605
765
2184
2926
1111
2262
1933
568
1104
2419
1925
2908
1585
1554
723
1506
755
3509
3716
1680
538
1995
2322
795
4461
739
4801
854
2515
1586
2234
1849
777
2373
2164
3664
1538
2262
3337
1274
883
721
1176
1002
6739
1290
2670
3087
1257
4073
3653
1149
783
1240
1389
1498
1568
1690
3981
1468
1271
4368
734
1248
1200
1103
2814
1564
4161
2273
7224
3637
569
3463
1766
737
1659
1799
3822
3568
1884
8048
1358
5306
1690
3878
591
1360
1998
2151
786
1179
5101
457
1273
995
4125
5483
17241
1037
1286
836
5445
2369
1172
938
1297
2340
599
1311
1073
640
815
947
1490
1387
2149
972
4538
999
849
1215
1525
936
2520
1844
877
2844
1698
1506
954
3199
4177
866
1758
1874
22602
2561
5312
4011
2076
2512
711
1275
683
1883
779
2591
1945
2936
1070
2358
1655
1212
1728
2429
746
1416
1335
3363
1025
1981
737
741
821
1239
1278
1842
1087
2340
737
1710
500
2770
1603
6826
1088
1357
1046
716
1304
1669
1991
2490
1409
1871
1920
1174
1056
3721
722
2530
2650
8281
760
2450
1023
3734
3053
768
1530
1438
1193
786
1467
1080
1389
4304
1424
1016
1275
1578
943
3025
1453
736
1126
3092
1556
788
3833
2249
873
1250
2875
687
16768
1314
2505
3053
3696
1635
1001
655
2720
2943
3094
651
1978
3680
1314
1330
1627
2477
1214
1235
1502
776
1517
3381
1125
1242
2950
1280
1510
1170
2235
1750
2245
801
5540
1343
920
722
2226
6186
3305
5529
3471
1013
1665
1856
1768
1363
3849
1097
1368
1720
2094
1658
2537
1998
6518
6683
1357
851
920
844
3081
1583
3924
2600
4001
2242
678
3022
2095
1778
3201
2188
3135
1000
1555
6840
1696
3405
1206
8873
3535
8395
1211
1277
2767
4778
1448
1071
4720
2554
4455
1537
3788
1392
2651
811
2020
2543
2454
3294
1585
583
1567
3321
1046
867
2964
1229
1988
899
1302
918
798
2383
1779
1510
2983
1143
1033
1385
2236
5340
1348
2176
4848
1087
4967
2013
973
4221
3170
1014
853
1895
9519
1276
2247
2333
1458
8263
1676
2369
1352
3455
1731
2371
2501
747
754
893
1550
1043
2491
2121
498
2731
1776
806
708
1972
2005
1869
1110
1990
747
889
1000
1264
1335
7557
1989
790
783
1305
1332
2755
983
3178
2245
1615
1367
7112
2687
3617
833
1865
915
2152
1203
1569
2181
1303
1525
6177
2341
1609
1882
1242
1343
923
2355
1819
2131
1794
3348
1436
2340
1686
2283
2424
1824
1744
1598
8159
4511
1968
1224
7642
1699
1296
941
1046
1194
3666
941
8336
3341
1706
1232
1693
1224
3809
3236
6041
1860
1143
3532
2600
2872
1522
1243
2042
1751
2923
1879
5614
1799
2411
2943
2895
4312
2349
976
1831
690
1015
3277
900
2863
712
3637
1641
4620
977
1389
958
2323
874
1358
1389
1419
2968
1026
1390
1547
2397
1210
743
3297
6052
7618
1113
1699
5106
2968
3794
1293
724
1350
1323
1041
1022
1338
1066
1403
714
975
3644
899
1141
1007
802
1522
988
677
3479
1022
1995
4462
5744
1698
985
5371
1488
1549
11746
3508
793
657
2108
900
1839
1379
1722
1740
5363
960
3337
1657
2432
2804
1205
1839
1409
2533
6143
780
4086
700
1891
446
1248
1313
1305
3515
1208
945
2125
3320
784
1119
2571
1640
1292
590
2682
478
2642
1064
1231
2156
7762
890
4184
540
2939
1418
1493
3785
1444
7043
3042
522
2150
1773
5345
1233
6229
958
1310
810
2365
948
1646
2131
943
2623
647
1085
809
1078
1768
2263
1013
2003
1251
1307
1553
752
849
1497
2893
1291
7867
1938
4898
5804
1719
1094
1809
1781
1797
1217
1233
1494
1108
837
1085
1106
780
1274
9161
556
3475
800
1070
2626
2257
1423
2247
475
1545
1521
1501
6930
2494
8982
1672
795
7812
1852
5141
13474
904
1634
784
1526
1090
718
1247
2531
1594
910
1611
2200
4393
1130
2928
1174
2141
1879
4456
5154
4795
2323
3183
1291
6960
1836
1594
1262
1101
4558
1553
5049
800
1612
1372
2567
1490
1572
1662
2734
2248
2424
862
647
3772
1832
1313
1987
1715
1681
2003
2582
972
936
8216
1022
1351
1397
1416
1806
1495
909
1129
7831
2299
6034
1702
1610
1764
1842
1113
2097
1200
3448
1089
1241
900
654
721
2154
2019
1944
1640
80102
3422
2577
677
1206
918
2048
946
1504
4781
739
1100
665
2285
815
1441
3392
693
1452
1496
1151
1415
571
1743
874
2121
2872
1515
12343
2098
3819
3080
2194
967
782
2992
1324
1355
2988
1934
771
5639
1047
4403
927
960
1668
3313
1274
1403
2172
2679
1305
697
2781
1523
5142
2826
2439
1070
1299
1199
2325
809
2977
1950
1312
1581
1844
1317
2550
2062
4483
1266
3790
6111
626
2405
914
2464
1204
1184
1945
1856
4656
2641
1804
665
2027
1277
1024
896
1268
1496
4369
923
1467
1612
819
3075
2393
2711
7037
1164
1111
2518
2164
2403
1028
1093
2029
4260
1251
1446
2288
2849
881
1694
2124
2373
4872
881
818
1583
1191
1873
931
3359
982
4424
1075
1609
4759
1271
2651
2240
2926
3007
2782
2460
599
1120
1626
4251
2069
1380
1115
690
2163
1226
2439
8547
1484
1465
1716
1538
1184
2132
2145
1695
2600
1164
1100
3346
2514
1204
1078
916
1218
1250
1261
924
2939
880
1399
7360
2226
1582
1210
29057
1008
1416
2003
1591
2167
1036
1946
1712
1510
2823
3506
1849
2468
1054
1024
796
2556
1433
795
4675
1762
764
697
1143
612
1217
987
1473
1158
2065
2965
2627
11190
1046
2462
1709
819
747
1343
1867
1318
1863
1781
870
6933
2549
1285
2632
2767
1030
2496
963
2991
2413
913
2465
2338
1085
3086
968
2285
845
4142
2121
1559
2277
2677
906
3910
1601
13698
1278
2734
3596
1731
1773
7951
1126
2817
1140
2723
2682
580
5640
5385
873
1809
987
3899
5732
6118
881
1244
718
1400
618
3691
2737
1836
900
2338
1321
1317
2057
804
1135
5885
4687
1323
862
3389
3382
2857
2396
588
2961
1456
5411
21953
2935
13751
1358
1646
853
1155
1126
1170
3114
7644
3400
5848
3055
2430
2840
1076
17977
1129
1217
744
2459
848
1511
2399
1687
1489
911
1336
895
498
1763
2152
7666
1677
3095
951
942
1066
9048
11772
1468
3719
1696
1269
5798
1195
2808
1784
1006
4986
1308
1052
1671
1867
1478
3410
4009
623
950
1573
1271
1017
5951
1497
850
821
835
646
1120
5882
2792
865
2282
2010
2353
2480
3396
1438
875
5903
4100
3117
1339
1158
4124
1886
9753
1391
2345
1686
1150
3386
880
1053
2156
1433
1586
1481
1158
2675
1451
1587
1161
5418
872
1503
821
937
1920
5502
1197
1327
2837
1682
3728
650
1576
3347
1441
1091
923
2902
748
753
1498
916
2052
1239
3089
3596
1167
1648
1523
2853
909
1250
1874
1458
3369
2555
1387
4377
746
1224
492
9117
965
3335
1636
1184
647
1546
1121
3432
7102
620
1652
4281
935
2719
3560
1483
1370
1319
1579
3466
7890
1031
1299
1161
3955
1162
2572
1831
1234
1126
1415
721
1594
2718
1824
1434
4568
1676
906
2045
1908
4203
1684
2451
880
1286
1000
9144
1902
1183
1107
2872
1338
711
1035
854
1284
1285
5774
1078
1001
1194
5869
1872
1110
1545
4156
1260
2713
12279
1338
3989
1229
3023
11627
3049
1764
2436
1331
1667
928
2467
1774
1967
6251
911
957
630
699
2056
2526
10053
1324
1099
1082
1399
705
733
1083
3121
6758
1890
3483
969
1222
1352
1665
2213
2305
1031
704
2147
5602
989
993
770
7286
2209
3809
791
2597
1518
2063
577
1751
579
660
5702
3875
5193
1181
1737
2422
2348
956
966
1639
1364
2536
3876
3750
774
2880
1407
2061
1563
1011
753
3291
4922
1717
2108
1110
1869
956
1632
1511
1072
5997
1335
1275
2674
1261
1148
4675
1935
1775
1201
3010
693
1767
5349
822
1043
1999
1181
2017
1439
6959
2097
1298
1122
762
2248
3099
1185
1059
756
1046
1324
11275
932
1008
933
784
2371
2725
1531
1304
1610
1179
2928
1934
800
2368
611
964
2564
767
2042
1157
2337
5465
1082
916
628
839
763
828
1127
858
2729
1546
1871
5310
2983
4977
2183
1439
867
898
976
6774
894
1297
1292
821
1383
2686
1595
632
2387
2018
1384
6533
6555
4089
2143
2158
4369
1416
1398
1166
1357
1329
1844
2280
1034
5011
1228
1306
1183
2025
927
29104
2366
1361
627
1641
2144
2698
1372
861
2173
1454
875
624
1032
735
1157
897
2825
740
2898
3714
1157
1059
1667
4106
1242
2972
1643
1794
1213
1206
2848
722
897
976
1203
12490
1816
2810
952
7104
3095
1303
1131
2374
9316
1497
1300
5341
2806
1337
1780
934
1202
942
460
2605
2701
1291
3031
1534
1282
1137
2007
1151
1546
5261
416
1410
2112
2081
667
606
1380
1654
1450
2439
980
1692
1898
1267
993
986
3971
1465
3295
4787
3336
1908
1222
3898
1221
1319
2228
1248
3135
3059
1115
608
1861
1543
1632
1011
1746
3064
1456
5976
661
1436
1522
2754
4150
966
2943
1979
2853
1379
1281
2058
1509
5833
786
1028
1316
1385
890
1976
1745
2602
2537
1360
2035
4052
514
1211
3369
2858
1542
2048
9689
4808
1060
896
1370
1691
1515
3943
4365
1555
875
2081
983
2154
727
1433
21233
1501
751
3348
2210
1322
2571
2505
1648
715
2287
958
1476
1516
1576
2732
1280
2966
1800
6013
4489
977
811
5823
1474
927
1137
4632
2080
1107
1085
544
2723
1331
768
4899
5272
5144
3025
1984
1434
2118
3094
1552
2534
2505
2430
6149
3321
1407
2375
940
1508
1061
1807
1897
4240
1017
2281
7720
645
4178
1805
4135
2009
2068
3889
1104
803
662
1829
1215
1359
4984
2318
6451
4864
983
509
2467
1563
4464
1406
777
3909
1962
3314
1211
706
2699
2516
2008
749
2162
1724
562
4947
3470
1426
628
1119
1461
1405
2608
1906
898
3073
1097
825
5468
862
854
1483
857
998
1380
2006
2101
1565
830
515
3150
3361
3026
961
4786
6718
675
4081
2600
1821
5573
1753
923
1118
5992
2257
1933
2002
2559
2423
1908
1297
1880
1477
7533
2278
1621
2276
1290
1445
949
1778
3728
2541
1025
1703
1395
1028
3818
1844
3815
492
2191
853
1130
955
1964
1641
1091
673
1257
619
761
818
1123
941
2605
3611
872
1519
2573
1003
1194
1118
2817
962
1102
1613
1787
18626
4351
8953
858
1890
2095
4662
6035
2547
3895
809
4931
1038
1769
1722
763
1763
3907
2100
1801
2365
1128
2279
3046
1174
1389
1329
1742
1121
1902
1363
1806
1620
3842
1849
1673
1050
1053
628
943
1803
7121
1432
893
2250
1428
3596
736
3793
1665
2670
969
853
1444
2795
1207
1395
10395
1732
997
2591
1955
1996
678
2412
819
1078
757
6216
701
1782
2960
3153
3528
2513
951
1820
1860
3638
4515
4584
1896
853
3966
1142
3734
987
3344
1338
2154
3310
9500
1715
473
2421
693
1498
20082
1014
1022
617
1244
1249
3649
2186
750
6382
6928
740
2182
741
1199
1048
909
1477
3319
1402
2105
2005
