84165
1890607
294566
895508
1078522
279855
532951
192165
504277
894577
58771
1071779
116319
67715
53948
837441
281608
163354
854964
67540
52636
399740
625771
109265
2074306
2467698
342165
1059731
58882
336997
225991
1079757
4374484
1096307
133586
67920
18997
2304146
1526624
416690
4448368
45725
2817227
2480923
197204
562266
786384
1605169
47408
168601
2743804
297374
268543
444116
7784564
4428812
4601379
1399569
16537648
145473
223333
65531
354039
469195
3998358
98023
509907
2713192
29408
106737
2652519
263734
393434
280557
158086
2228647
43750
572134
61026
5516277
4087713
550453
144495
169317
86010
104769
58830
6777271
23031
350931
118688
280160
4693909
3545830
723110
2652741
107672
19259
57006
188974
804840
5711447
73464
23623
128606
54633
4031806
3672020
138792
23250
168485
2331932
104416
79742
272825
23161916
45585
773294
1507569
1344824
707238
33663
75141
399889
143171
662038
235626
256764
21842
285177
310847
518723
42234
633452
6917881
1974453
160476
144016
32250
24722
229221
352950
9587342
3897989
10046075
219697
155810
176140
292162
10897875
19929649
41738
1817805
4294812
3202837
173113
739882
2910604
3224138
14642823
431253
220854
96298
68335
67141
56610
92351
116609
811346
81589
3183234
250074
727472
326336
466092
194656
501372
246615
1236153
1412517
65423
9454469
1029075
319603
431173
3063185
181326
40902
115962286
850249
161871
43264
124368
420231
8188898
189312
1883249
1740108
41251
2258009
219983
3553960
12231622
62369
210937
341936
1412500
347301
289236
213845
81829
1761674
148866
7681325
137799
79472
179169
20642
1861690
94283
29085883
208873
694267
21698132
1918374
793336
181400
299613
3827315
802343
452343
3562583
3107992
391657
24935343
124347
2088741
34619
223926
83985
2344055
111440
2157673
6258762
4205546
1907307
9384627
559115
2145298
138897
1359862
332281
997695
38705
365042
509601
213292
1052418
1938641
122184
5334691
98736
36966
50043
126668
78352
490217
136921
26287
11747496
162872
1178333
19415
42872
388889
633597
364396
545856
46636
1065258
46475133
967267
1302904
382139
185754
2265833
76541
253263
4359483
1750169
23432
337564
304138
1416430
680681
1092039
85296
493591
228687
196546
539033
546100
5963630
405956
944000
149990
71342
209436
85097
190308
178473
460836
96561
1920788
3008892
2116944
4973532
427236
64212
61250
148226
108266
255492
146272
3128962
55798
292396
69982
381534
59285
752336
12404838
243945
95732
852063
883721
273449
190339
99618
35325
196759
192680
147341
735288
653151
599263
2383882
227992
860911
1142762
385256
860759
8481400
61049
36173
17574
734494
670797
50687
276172
139213
283056
251809
525650
3097067
18604
64192
1170234
97982
77155
345999
602432
43063
195670
406631
123149
270259
1673475
55061
4905621
195646
1385791
20381000
184113
995355
1170666
1441740
28283
222584
573859
1370462
63471
765288
232242
196207
27151
21967
41203
410773
9138845
106913
378886
176274
75657
2398621
299649
150726
5153801
693204
916579
11921
35968892
75825
66579
51941799
272064
5273870
1995180
44202
111663
96690
78291
235402
1071390
3050926
37636
87969
65797
98918
725812
1292318
204815
30109
2235286
163661
106943
2252998
137760
189273
165022
1255524
2240405
14060
2497176
67579
86355
4411617
4126931
530236
10090652
118575
8919954
32605
2292013
159533
110213
196817
149891
83681
213160
9593704
947442
2206665
529444
128505
7675785
70156
3200746
224626
1381609
206063
17971
596636
62466
91462
2280937
608564
323740
146853
617620
183764
646236
445183
47977
633477
329817
2190809
25186708
163199
202903
104113
38757
361651
81107
108366
33252
3171130
1132620
3881491
652811
1038000
887895
642414
19996330
89391
220750
507907
22212
48320
565713
536635
310115
5739762
465716
42073
725519
262147
1574424
44166
95006
246078
80700
778049
4560900
86486
426065
280174
208461
748276
183750
107539
2371758
2217444
223163
227444
52830
139567
891012
573389
213340
1996213
2429404
845287
546114
215868
312121
73459
7164859
79113
78980
197637
2744928
27178
668162
41305
13150127
16017955
413255
3622808
35292566
158826
140880
38501
3387770
120178
16384
277611
4892175
1313980
119494
7263325
90087
793031
118341
31353
69808
63806
68662
2098170
378016
177202
119482
439893
279727
825653
9766632
28503
207496
3229704
133280
6217903
1190536
1453662
373462
3803960
184113
723488
50608
77816
774911
98064
54762
1344410
170195
291375
1571374
127260
110252
669328
293579
170276
1091294
6681598
2012402
534873
293090
3343339
87107
191840
3595886
773879
369641
92307
3108598
633097
709402
48713
4599507
61091
74119
210814
2196299
328177
191568
448588
358626
681980
494713
83430
898334
9708574
153146
891657
193999
206000
2079294
28206
545498
47471
971525
97263
562087
124176
35450
281831
469902
1527475
159113
1138838
462265
957717
118807
699356
132847
449204
75523
65768
261308
40396
530560
982030
633309
44320
11088721
16012
8205943
120815
345497
1076953
1190497
4107342
99964
799205
221344
111446
1850675
56518
103949
49010
104657
1481209
870103
59634
10757783
54333
1424448
2118546
1230455
3521256
3647384
34768
513190
20860
2028671
1245519
111748
135195
1806795
2890207
208189
189011
6690249
100067
107478
298754
59172
59798
58410
239489
795714
46347
236949
219542
2839020
43356
381407
2507459
1316734
215746
166170
58814
228264
153537
662822
4764064
1265652
2795573
1571931
17512760
2346137
341342
46708
2502159
133614
85230
42578
856776
329427
814174
676678
75174
12712428
101868
70803
372390
93551
60477
113935
852291
157899
1984131
108276
4514961
74176
88958
1921398
346597
13690916
88790
900040
56297
72951
3193086
2623227
136512
447860
180311
662332
2282421
14490
514313
3172154
225564
3183469
874355
24613
1266803
263553
200082
804242
2668610
81900
788513
44574
5846079
48107
1223541
69406
1406208
125459
14437
964702
134612
588581
77470
404344
409195
33686
22234209
103766
1043166
35204
4663799
725199
511627
958531
909983
502539
3527317
428836
36048
487432
244620
77582
51289
2392801
219195
30525
1689133
4765976
418771
739209
143872
395839
352509
7938403
232083
151579
499100
294837
322166
159074
172014
1815943
3082587
94890
148207
751257
6631033
4735888
51968
2941237
263887
191832
1728400
1009621
518197
2605454
138808
358642
49572
45591
128402
54097
1876808
9697689
116611
136496
176078
317997
1372961
1358352
7880302
63276
70215
688058
206836
88349
311943
190104
1545053
3359621
5866456
263955
24979
119210
317310
14853202
1417427
297004
83379
1746783
255142
650011
5250831
3454770
61665
7299575
1891682
207491
1924289
4789880
487242
433809
2303253
302570
446914
166567
109140
102335
155056
336830
131153
981953
8711217
733194
2514041
273692
269222
312364
496766
1529906
95904
400184
2864984
890990
63256
691014
170250
720174
291883
54179
930635
931019
323475
114152
394668
6423896
1939814
333628
93904
453055
123481
17051005
104652
18947906
2207965
1189666
1752699
48025
255444
151710
627748
89159
98454
187712
358460
2814328
319295
181850
2212552
236458
712759
1743957
112495
144283
462958
36660
460034
155454
154224
130704
1176963
310732
107540
9399373
161291
148510
5795078
3198238
1730032
197546
527907
2875584
330535
72412
1731004
2809019
75396
27628044
410431
67703
192592
236986
8344522
1175074
91704
320019
456808
1059376
14497986
74900
978764
171516
134194
520588
167766784
52786
470865
99298
535922
188081
62776
2836473
196580
317564
1236500
790099
178410
52574901
46269
4436399
73913
82224
2040302
106965
275965
628240
2071507
3743305
328162
7908914
7707038
656816
977167
705714
2991077
80499
1726194
465892
695133
10738812
110599
2978964
438090
3799240
596809
116592
5155096
1849364
560720
113762
35732
2116562
2817452
29495
24384
4934445
271240
472571
114363
265199
134617
646094
276026
381567
121303
683238
596496
1555004
73090
47573
1027671
292326
4675036
239086
14495215
123703
110296
63328
2518224
291929
495669
1741221
1901906
4595652
3286751
2401440
1179838
26502
1524171
138042
124935
637432
402210
216925
1385807
8688942
8994
1356314
735492
1052969
266928
2676644
9571782
69314
159362
879725
366122
191460
40980
1174842
3091515
1345198
73657
203895
229261
3745159
346700
5042407
851524
47526
211896
921453
402575
4737979
42684
1401879
1229538
39964
764224
2600061
6982194
46053
177447
341760
1363877
3723313
2183499
1499009
979243
113625
7172727
44284
39833
76715
111663
1192680
1541226
1620578
73842
1669760
14104579
1202922
626297
691235
340831
328235
314756
32079
30705
183195
79110
158722
29755
143281
44362
117912
288871
658154
317520
236750
1094190
2958204
380594
130349
525772
13423962
1565494
453462
110889
1840214
322782
170617
683365
4044002
1023516
113496
552274
400355
3882078
4677451
169355
29991
839712
8955039
48008
245073
570796
163013
191122
215201
1679199
81194
5301181
2722734
275761
986805
1046474
4378990
464415
797321
698135
608360
258258
457607
69078
1154176
775402
1549629
2218988
108343
122591
1725361
465148
1724928
2805550
723497
186514
65413
670628
736345
5159515
1734456
173910
31031
12136236
88788
6776363
4787489
10960722
1323494
360342
978733
118482
6821811
297905
656497
52940
65808
1174090
6315471
457444
4919176
340399
914475
869739
549320
148349
275095
1016892
153759
4137083
172319
43204
84426
350865
780230
335600
1311697
3878118
2980230
168836
520147
3101325
2039202
745174
343006
370392
577049
358513
4428350
3293607
888824
313260
1724395
81214
909113
84248
288512
289667
960416
958627
15183388
70042
6942
185045
2235186
134855
64777
380119
192544
281166
76555
17588745
177201
1261743
160981
2687711
54302
51205
5326292
88717
111576
913784
433084
104678
2707928
149842
1901198
450161
15495963
6556949
312596
110586
1319619
217275
502307
652223
589505
53784
249108
27700
221244
49275
4179593
265945
234095
3590129
6629365
1435149
345886
181306
76517
116184
133103
176960
67303
71312
120977
1716346
9496320
393628
619868
773771
142283
1469456
2276469
259786
468986
2369091
1093563
3135932
315920
24154
383171
76844
6516339
175190
49678
11075582
1675353
585123
111068
1090127
85580
78581
22514743
522564
3941972
180007
1610719
90975
407952
393230
7371226
1579086
1422259
2479498
1219564
36395
244725
15190304
494285
1019213
403098
7780702
184836
119006
565537
28657522
622132
1668149
185065
1036981
1501760
534664
46175
93287
2886892
9801
1698099
2065982
1153860
1885010
561929
246447
650085
10610754
398328
248092
446639
219203
48428
474991
134228
1743872
210385
115311
148448
3657530
7192744
109519
352546
176629
27608
24733069
1494605
81871
6391233
414380
1368036
814840
1660231
553321
3125407
28416
190051
50702
100300
96811
132641
1090952
182480
3644124
7554822
4209482
30684
2962931
774874
63810
744327
46360
165191
393468
460745
1140232
76648
146567
306641
81365
8316397
234496
455289
114302
873999
20314957
5320425
148171
47782
652919
3840157
145627
1810719
2252202
774908
193460
168474
1331302
110441
2408685
803667
167107
62209
223579
362839
116040
228535
1034824
528150
4629811
759485
755038
31067
304176
390561
314018
199839
229413
176266
396858
1812008
11289188
406024
108835
46699
35201
327669
47904
105112
606106
965255
477780
82662
1350689
248345
140151
11755999
14620
483556
78888
1394383
2520808
11190831
222875
388907
2210216
1540644
2792478
14112720
305943
112163
438387
29686034
253995
3289766
5347838
988449
71081
173398
45361
64511
4926398
457186
881731
3680155
1571239
536920
7621366
346951
643921
351319
250488
3850126
2237406
50014
24324836
341104
72341
96036
306983
8219115
178240
67448
183376
514193
106784
5403187
38213
875666
1957865
636600
293174
85817
613420
94380
174027
141030
744489
94615
360427
193070
3949079
16450115
657740
250802
246512
13933140
809664
1057100
4534619
274971
303674
1225477
65059
6813330
75638
69296
619014
4231697
416077
545454
243050
1648306
239590
58111
122521
16425125
218348
419902
148233
106714
121868
4630126
413465
109982
11369525
283166
239274
80002
2415203
748457
2226944
102932
2946483
1484870
261854
209869
1972874
141557
158345
58842
1524209
459185
942263
115189
4292099
91417
728596
450683
89287
2422600
546242
500295
53991
159852
1609403
37339
541470
19105218
51965
117156
173933
2867783
1656892
8991114
86100
246365
1211538
22139955
83593
355722
27952
60944
50853
72363
699365
3236463
8000851
986455
6430896
2440814
47405
271780
201516
942091
111237
400834
117422
9201195
115261
358687
4474895
27227
2860769
472805
66077
87650
1129749
377090
118545
456082
682485
56534
504165
264454
121527
46236
217225
1509746
320954
68419
1623165
354707
1624763
85335
500863
295339
67022
842002
135310
245501
417948
10268702
376935
191672
261171
16428473
102036
382384
75662
636230
79706
622066
750484
541320
1453007
41166
222386
88472
146651
38013
1455355
409475
433620
4530160
636991
13947952
1671362
5399256
418570
1547348
24486
3878778
197844
32478
594618
82716
334432
230688
1532326
232150
189024
97364
1765174
1675662
2548512
290202
233888
867204
527663
344073
332583
119759
259694
2546484
327198
182559
3678645
30022
619390
891596
4191278
893216
3390079
44521
186876
392424
487686
26720
40797
220144
31546
123832
84141
255784
68099
115314
42293
747049
455771
122979
110045
6544623
414784
336115
67964
368847
47195
305189
53883
80027
255647
657873
40927
84031
1558192
238711
164640
80916
1097846
23468
26866
81770
662553
138306
837661
2028078
264808
646761
11437161
343729
745739
2695368
665178
121628
173283
178586
121143
38644
85703
2390488
303130
228254
141535
276737
44328
297085
127148
2233095
39353
964139
79099
953300
5985750
584511
19878
89982
1675606
92347
63045
369497
286710
89761
980398
212490
4566833
1617495
3050461
321272
101078
82421
2011309
232902
1660910
215259
872467
4427005
356674
117377
29465
110738
1097776
136157
1457759
363661
49083
716843
85720
120796
297276
101915
25858
185648
470431
8915291
1162706
152668
1319107
314460
3244136
61783
44225
491777
665613
16108485
116633
1154661
1172671
158600
24489
135941
2555276
961420
1420074
196668
2147511
579715
8240232
33375
43546
429483
278593
4991112
412486
17400325
1419716
788526
4570434
4534694
1356014
17787
4462516
3560989
132937
2278497
772830
4954528
28784
35624794
1103462
149603
838120
1131545
3181500
16805803
459080
61571
947839
14063
859520
115396
122981
940795
173923
116194
61946
123192
63836
9591116
73441
7034987
262228
839894
176411
572497
9605269
2944751
1057266
830929
59461
210690
68496
27535
121659
70001530
187176
51265
128713
161044
97228
147436
2635266
509539
31731
56699
963657
126901
5631813
774886
1041532
1839034
31700
141733
3926601
3957303
89616
48561
1631844
47568
634196
281875
395644
589014
5470895
2471803
6199510
957828
2407661
945527
120299
10518207
1952339
1001276
1186172
530005
7840017
98911
33278
1078276
250755
1343995
325668
514178
146856
341198
61107
1390025
231014
1099357
6422894
1408750
273344
388180
11387992
3715703
582702
9549804
819285
130248
29026121
474294
348172
4634832
67556
339467
225663
2085939
480186
89272
1788352
210846
361786
947993
211194
34363
97173
1858784
390092
166648
695528
378398
4451904
74060
371992
199157
1236819
585671
600494
291575
5147071
26595
350633
171092
1670467
35728
1157628
315354
145780
521417
1790674
157962
423377
1416882
228617
145708
2953246
79865
163944
476334
3133207
168097
1707937
166341
268348
4662205
308275
44184
93562
1312298
326681
98175
75564
410268
95323
547544
3229900
54481
142190
324036
217674
355662
1017493
54600
104495
5866948
206944
22831
183548
1404907
29392
97231
407534
246509
160214
760733
163488
111265
246014
203992
202763
92979
3973113
423064
70171
97058
637282
2950932
282907
853676
1430737
180953
67844
78371
92279
1511769
172454
62402
202897
783492
581890
321284
74480
826645
115631
39363
663633
11190983
3827330
99745
140883
88412
255067
21659
207002
370119
25306
147284
382166
104897
48471
1138741
124230
103933
37749
94293
19943
400760
644873
95671
381673
226764
2676706
62144
129691
48896
382724
97035
753508
220694
104798178
14204471
294615
146130
262815
50223
5343683
2792854
240365
169121
566978
22170
636711
549307
41971
4029848
537779
10617258
1287698
175145
681410
2001906
201398
423212
197156
3455587
426883
227355
223138
97280
136307
105373
214169
674469
194106
114535
46158
1171978
509611
209651
1188092
818785
45461
4376000
54632
3964691
59847
1022043
508976
1291318
8387071
95920
1619427
71752
68259
1298183
115465
235318
85058
200014
392964
326007
2973396
393739
107006
186379
6464446
4022118
171222
82828
71488
2709671
134400
1162580
1177487
60780
139421
38635
1839771
2049030
301995
133794
59804
833517
525593
372836
19599
50736
91913
189872
1023931
91573
19580
622136
17249
1470302
1573331
69397
385954
91823
1729090
316342
930973
211289
919712
571697
2183057
28651
1875223
287709
151099
612967
138649
58217
673277
60849
88822
399991
134109
95842
20867129
150953
1412064
419047
2080896
1193587
1663345
6750358
346892
884171
1110616
590682
256927
250131
270397
199242
455383
960557
32954
470445
51094
3720750
461783
86882
812288
7468663
4232372
64421
519933
4368173
357971
9597697
137773
328085
125709
799974
217335
63093
3243166
264851
358563
2785557
51813
20475
406554
447933
19724
661010
145576
86089
746728
143225
97556
70975
99720
135733
23953
33282
2672895
321228
859320
688420
192092
324119
70875
37853
617878
55942
155265
566463
169653
55755
129490
289777
255218
3784875
651168
1241303
871179
6137867
604137
57635
324815
2177053
158984
69154
51108
55502
4960798
10428849
837575
4081473
15306739
56114
121871
1798432
653628
1363159
512671
254054
4816911
1007734
721291
74457
27737
80221
38080
129940
83575
64506
325960
313975
97907
761455
52649
92758
99421
109140
65142
11220
633719
482279
326855
412481
4737490
1615911
4392735
152276
429541
527245
26073
480192
519275
711110
5542086
245886
1046323
118893
448148
125389
136332
238576
2170525
121223
9332652
59490
95208
201536
176933
178007
108404
134006
4409690
1491251
183479
352410
654265
336337
71264
684391
26395
1183651
86641
2294672
20196
265377
10028829
841808
10985210
1435344
181150
865743
3350282
13254718
136090
819297
2742664
98524
99678
344079
32029
359353
446001
340783
35843
61014
96795
1094661
1569076
108667
4901151
1409332
170888
864092
18231863
543275
3764624
1575893
643430
2338999
8958218
4503207
199043
1957439
301387
267858
16502
180392
783707
1392999
278622
564483
25161
1680797
28442
62281
48065
34652
26470822
69039
685912
3202552
4620973
1525593
673460
12816
171901
2665445
729920
725731
169513
54084
1159048
36477
444269
150016
2811579
98056
2403149
819171
767747
297107
336548
288492
33566
501110
2276526
339516
274014
100641
61924
1779041
247706
6899630
2841651
5761435
18270930
195571
138773
1508029
288469
374785
163461
1223803
111528
607029
620127
42202
137255
209516
2690442
33807
116062
2334983
92183
70649
22732
91885
1879505
69266
173429
627570
300374
1343605
780100
415369
1394065
1223366
2510414
132335
633042
11599443
35273
116313
2011544
331638
1364078
96351
298414
2998073
422754
175946
1219631
33087046
957740
125625
147687
1330742
3690026
286420
862259
196397
105945
431330
813307
457999
11819132
189805
198516
13290932
55185
2320633
492838
192545
318540
648561
230397
145396
3032822
100450
59823
256398
324050
4125353
312273
548037
11581551
487495
77852
82672
118949
8862883
668633
188761
380620
189506
301077
495900
29292253
4444194
1892258
103235
52076643
92979
57430
1127398
898697
874753
134798
1576814
43811
960820
836234
305987
2374533
68073
233067
1010744
345725
546325
221064
38438
93509
194643
489427
298205
176903
20673538
46634
37588
68640
3905174
2608165
467515
2362403
63359
583816
225481
6762368
143128
42456
2731030
639803
19056
34522
42320
6642845
498339
71619
66093
98848
2278496
1359833
184589
793503
600156
4857065
2298333
855283
176403
1586796
138142
582562
142530
99755
6998666
127618
1351403
243605
1245223
648233
72143
1139859
4268780
726723
133975
4021504
18401
157416
86567
20122
157410
422634
372999
30999774
76134
1266162
138978
103540
128751
234242
856092
265800
673394
996967
94397
19098
7003908
182579
2968615
265511
1265314
35516
1346765
294456
3873917
366371
722889
3918087
16222
71396
1752504
180009
44472
55692
252193
259498
198069
267946
358706
22073323
808437
1143231
330535
320383
45215445
2520789
271722
3065653
70092
2247525
474526
122818
5656472
518851
1563031
420206
37935
126595
55729
175362
7978809
39985
924383
120847
106050
1575212
34327
118522
2487011
691818
254279
783609
476989
199163
32565513
44215
543433
167672
967386
208263
93057
143310
11717534
16377943
214522
467946
89966
347093
352211
108802
9331135
8416584
4314336
31274
134184
13031776
669293
901874
85976
267973
15160921
107869
40745
284706
79984
212514
178151
9608974
17094
236446
294314
124910
112836
1089615
102204
2407680
2226049
344146
278860
251757
305485
3957635
99796
317814
35091564
59592
574780
2125500
1963809
233454
113390
7607108
78635
55162
812193
91286
920437
1940657
388660
2326751
122809
482185
1356787
855601
105605
36198
639637
20322090
92867
3392923
628310
29909
751309
548897
254246
232072
8815738
132665
5543031
59418
414915
2335693
43974
108607
689431
3528265
17366
3228684
1953121
184417
34320
1957142
229621
390045
519450
416202
52396
253076
62950
12856
93800
1188182
39188
282089
4738048
3317828
102798
55842
738791
734969
23917
25310
63098
5406430
3099586
183535
492445
1972366
396051
1436969
182452
67030
50457
384519
104225
29356
73770
21571
84864
175898
770900
355464
50522
135844
227502
636547
880305
956638
158577
4782064
604143
484229
44706
2104896
49908
2030846
127789
4233029
475015
486505
1777423
5349284
4529891
121958
23220879
3939120
558581
135800
1133298
720022
209237
237684
640738
338593
603034
131617
440766
123747
466256
2066986
561343
295206
3901122
82091
206657
15407337
236898
1688048
535482
173067
2254273
518511
63084
2083314
4053283
794693
103720
5152727
134614
271003
244227
220470
1280808
95169
4897294
225886
1110645
542863
485287
574169
450881
5043748
300842
4219930
1312264
1697243
5552791
498349
91454
1276985
25393
324686
77026
397303
164550
342403
1157876
26492
427986
185431
354189
161734
5617042
181708
50521
229176
114666
895454
6946623
173033
907746
111694
20518
1247013
1634125
12538
273242
199665
274486
52427
61948
2087448
169690
251138
326230
1871843
1041769
1737612
1557866
80241
725138
31604
20934231
60201
216638
66026
638738
338749
478739
66790
200205
949664
1306283
243558
227563
790695
332500
1736536
27795099
49467
2580022
92453
203607
1392517
445759
2771094
17920
63080
1124881
182135
3245705
36999
134361
235528
2697753
3743390
119264
2559540
326834
121211
1245904
1607695
1390579
260974
1436146
130540
106056
241293
3981483
331469
29295
252773
201982
4456038
190279
17682077
74050
893619
4964236
148321
5640655
276592
865091
323074
2582123
406271
104719
130642
1347659
449207
2151608
22667
75005
222881
152912
320217
206862
55075
168213
210062
148219
55289
41224
4534209
56336
5326981
32049
303697
2100252
750404
230324
11804635
27135
515604
469193
1297892
164370
430382
10044933
399122
348390
2782524
1554584
4758343
126072
404016
56166
809027
210433
586085
74851
603796
131716
10453426
5042354
104343
198825
33175
75249
466782
10894
13502618
93224
17167
430540
66693
96224
3651259
116255
3925040
486517
386196
4307058
164689
44845
41996
5036749
786456
457202
3378383
93566
113247
1178858
306302
1663477
24983
6676058
256685058
65231
4632243
3751573
685344
79161
33095
50317
12598272
216485
5274644
24090
1930933
147002
159437
4859626
186819
67436
441430
227919
679092
268559
190016
3247081
932271
167964
288050
816745
148258
235098
187636
1208789
1936320
1246635
174213
272404
58524
99479
605225
98228
95419
48955
236683
89892
307206
66018
9662424
860381
92105
74460
147269
85670
188853
96478
4424876
80260
4972282
2238132
39007
33081
17025
2574057
302397
246545
41270
29382056
15157385
507366
4842794
405025
2496314
12109322
225254
1225617
191884
8814816
554905
1279611
921231
78023
40344
27301
330668
146915
315928
181196
598774
93875
4226403
68510
21273
960958
2842949
945007
38395
181072
285987
60875
508309
19536
45849
42390
786097
118100
496563
1055829
111169
1484330
61473
2257061
30085
213367
175579
61612
769913
563405
3677984
279403
120890
1450030
334589
2398789
5798180
616482
126739
2900809
9001873
99628
523061
492713
604195
2096279
7986819
2307647
377582
1240452
3180327
113912
2652066
486485
5722340
9444515
119082
52162
50541
75537
1846938
117561
199773
59803
74745
4504317
1089648
781895
78369
11901993
6798716
3177859
1330286
326141
359482
1347117
506736
533017
55615
646527
67407
173032
151544
477502
1164813
612675
30649
1813471
45607
374698
5257487
29632
184040
257944
1659722
1031678
99198
137918
357472
205571
216594
1046693
1643384
9675611
1345765
506846
1103967
36397
337240
276674
2842038
406263
60327
373891
42676
224269
597454
74235
23346
24287
1655389
22694792
292555
37465
411082
503796
81962
27162
693435
222023
1620238
2167165
5021380
410419
335350
651874
187248
120827
91506
89941
364729
67375
2413976
162255
452179
33810
10027092
94564
591964
1257613
78085
233773
96651
142416
113775
93419
133147
656244
223335
520430
1265942
137598
565570
273981
466516
384183
189107
58754
97404
675234
48263764
1795081
516953
118967
69969
126108
5005441
41357
23471
118443
136521
287807
186610
364847
113616
21667
2202459
4587230
1195945
576704
961570
26217981
137796
255851
424060
103906
29824912
569135
162583
158277
8911006
112553
1124312
267329
1292168
1086332
675927
510328
87652
1005329
29063
786696
2629409
83896
176093
333191
3799292
433294
718215
512690
8901607
572908
159090
889866
221316
24288375
245046
107021
467874
512257
8274215
90438
5290859
1065170
24170
60066
2589578
893087
33774
182670
7771032
166040
130475
368239
5053837
5963555
367311
9732510
2523956
5984046
2015218
4368516
45393
827748
1011710
164675
55019
259994
2921283
492415
83917
934967
454669
251739
62060
905444
173263
11210787
55799
1334801
432475
30982
106780
91214
6479227
4178739
12946708
121669
2802016
73809
50125
5662068
27670
844974
223828
229414
141805
792000
1916748
374219
901821
2367600
46861
264487
790951
769718
2335914
33478
73050
59435
2061956
55422
126230
33283
712726
404512
122130
357431
44431
12425
2961133
3923485
287691
997291
390366
35355
450255
229924
289034
373682
129176
216591
842417
1170762
2356182
866009
60163
139667
928046
139471
137584
236892
418254
22062
1735478
75782
7864472
1564649
1033412
22183
129404
113113
261242
502182
67005
155210
293444
239987
3219812
64434
4755644
86255
90728
5487224
1838060
481230
1213085
263982
75788
68272720
182487
94123
1747184
4313224
403163
585524
30977
161493
2276377
605376
66271
2808903
44734
59555
221235
343898
372485
96736
155472
137492
93819
6352985
3865568
131243
142527
103848
58270
2833501
11337779
15660
924970
459987
1049973
133051
252979
39863
296774
332827
176750
4412224
26079802
1165626
94039
3442178
372407
31600
466016
65597
1413735
2458034
144497
63307
42800
1060825
685192
290212
46002
44520
84390
70046
4261361
174583
136551
439909
29972
58135
2827745
93546
937712
54226
80122
255672
4957967
2060899
2282956
166950
406496
2401664
113013
93428
8141448
57655
409066
3574970
157260
785004
280744
2290566
90388
42313
63532
62413
1772861
220148
50388
3576220
905521
238392
86178
495629
304500
40478
11056579
232449
67409
235737
105352
410123
10350555
385090
911256
98535
137780
705052
54097
472319
165550
278749
4482007
90711
701031
62129
45532
10452177
103748
18865084
61534
3745088
14524896
38986
148402
524582
1100983
352775
728030
64066
276708
781188
87637
207604
1047665
1950797
66551
194717
4523410
298051
3752330
372846
196005
134661
100790
600651
1013497
52477
63035
6285035
115858
2930415
251713
186399
6278395
29915
551211
15761144
213717
700678
86457
2883864
116590
54807
729392
136438
37593
415451
7060486
2150480
34821
23952287
121796
858081
497723
1633150
236657
3957913
172276
47315
1011332
27523
739310
49659
248223
155172
609997
3075853
53122
425388
2769658
179940
8460308
111820
4762966
1287945
18838
397765
77513
111180
245182
2258044
1600506
1812155
631188
6554779
275936
1472507
72184
55627
77130
2044270
1290390
3057785
1533778
169809
69540
345850
326308
93244
848189
245483
58264
85214
149576
89223
179733
88494
141456
238515
123076
6772530
1720846
125291
157343
680834
157508
574015
288514
1292978
3494839
782830
591897
781501
1053014
465739
402578
47347
965516
450405
189434
42604
44155
2507218
187797
187965
4240115
194291
202488
172126
4573428
641183
14091502
1641716
57176
462710
40462
30533
28046
1428452
1204627
413869
639813
140334
27363
1111239
314839
495396
112812
12365177
2599187
6899245
137863
75676
163736
990443
523472
34320
77198
42255099
619587
169240
32643597
314610
694088
1174929
351718
246597
3449795
782451
4345613
149352
952512
1083557
148376
11435251
117145
1138390
137654
9125472
689147
1543509
2155187
657870
318079
882519
236682
1073633
560752
2859948
163223
21349
65896
374820
582717
56051
166615
476755
1649736
1577935
247496
105471
320918
139659
570652
493521
148476
379484
429289
849083
94223
868033
1456480
1895948
63926
112239
540367
126358
550695
234527
7096417
48863
162562
146772
3478998
387330
221923
132672
5614588
665835
67405
173717
5528314
847298
2952994
295838
241456
144981
189034
1019016
435741
76630
121579
2826367
169594
6146208
246058
48336
29247
1031271
57524
24882
209023
584675
1681278
173341
744950
264576
254983
2904138
199188
551018
6265245
182537
94320
226540
93073
925534
2066217
888377
50199
360471
233267
6559055
819911
275960
1066183
131240
652355
176140
15217132
68735
324385
904780
1229316
813366
4941437
97958
722054
995691
4576642
19074
38645
17032466
19806
4729073
3692742
31908
104098
2516291
99768
149282
117946
596628
175077
147124
127221
492394
84003
9640791
2101968
247748
242988
81900
129079
65473
80076
518392
1474720
166756
2160367
76902
206914
1253360
3278153
35156
347687
373801
127036
128222
512196
112250
244894
58322
1021306
4469827
64651
554832
186769
1984244
263092
60729
2594491
110399
128662
1027596
166313
92176
2553526
2867723
2550513
600541
6168384
588263
149083
7290527
146323
130453
47693
227634
60581
56261
601814
227826
362195
229961
2297856
462312
86218
257391
58430
204654
28160813
64599
101370
69031
1660944
35572
97628
48752
13292023
1385514
958947
194553
162217
5684605
27418
58374
140924
257460
87021
59759
2268315
4683541
132198
395701
359647
89297
248110
2193171
25946
114929
1360878
8827396
2128789
1609072
146638
106852
126305
277091
141546
103732
592517
701694
6643736
1221614
2016363
2755960
175966
6768095
357919
3480826
4478775
485351
172668
38264
57581
94313
1614544
138006
91797
115209
281464
83572
158051
684373
1397338
123353
1615031
1637316
101406
328111
10871804
16516480
740987
3736404
5104356
172111
312530
115085
774157
62704
134173
143049
99441
9351775
27619
330429
205124
400681
92585
436600
600006
126276
180292
579771
56054
41135
606264
122296
25778404
343014
1011502
56153
47391
577572
556369
142570
101103
193603
28941
47764
546714
84334
182227
11254506
172583
390661
3101094
132986
287120
48243
51754
2273499
125240
46769
200946
11159399
92811
122097
1988934
35316
199591
7341629
130350
66516
641470
2019566
271280
5036653
2184679
1500066
25265
1180339
690691
175375
55282
75182
7070780
363966
810307
93258
19576
73134
364997
360967
878898
151821
537352
140358
155655
259116
3101586
37447
376865
331227
101032
4476224
241076
900649
6848424
111248
978795
603833
534357
277883
88295
562094
933566
123059
108159
235713
131994
917730
199839
178128
163737
40783
574546
21296
1174652
3956094
623886
560769
50347
705087
218703
694265
316785
114581
15251483
277442
163004
804977
181650
170394
65360
6941362
1384840
183250
93622
276147
52388
382033
466314
56390
27152
103796
1816041
888266
707736
8154864
197011
212596
131220
51671
231274
39520
708344
4021480
299927
142031
248463
842056
176375
74764
669862
268704
546121
2268526
208145
64112
76953
35948
33034138
148694
870779
13940682
581114
7265434
53457
22290
82370
1144884
1059536
71011
91834
662572
1231864
680866
350433
125051
49445
333115
264127
510220
428781
269227
1441590
6610134
83055
563085
8698060
78018
75576
39505
1277009
22928
69361
66633
53886
134727
662938
143641
87431
89413
253854
3677586
1766739
90952
754754
176762
68949
1146991
773440
395658
278350
92496
209095
348406
176910
1122354
36519
168984
639904
99079
361110
575203
66418
1361208
846402
56625
33755
233326
94687
108190
1397503
175118
58472
438619
703652
322460
14517
109554
58620
301053
1220395
976517
1235422
84691
168244
196279
193251
323155
128631
1837161
2802833
157944
119208
58222
969592
959253
191781
3391192
471249
205893
120057
1433182
146094
14412372
135612
57705
9667599
109439
749327
2483246
72102
40057
77641
2591903
3287767
58982
165165
560999
41630
49926
54948
43917
124582
270186
6118688
234491
420284
49201
425439
3304527
98029
167382
1237341
1266508
419900
877768
374882
33822
7278502
1012313
504824
187957
64255
46934
115650
7007066
206558
747824
236856
1364602
681729
170466
4288223
437571
21625658
123457
585900
1079545
4050094
177065
221006
161743
213630
82757
436042
118069
29694
46076
1941278
52069
45063
469584
164388
150823
524530
155554
678438
1825560
1049357
92104
350783
293105
135346
17966
318272
195704
522449
151834
139215
8178530
1504687
322596
1301743
241463
169071
54635
102543
65914
122124
342474
252950
8235190
3808480
39691
365853
1543695
37869
3403042
2971081
47804
546103
464676
155058
74937
1804719
407997
4223073
607802
16655
569802
37095
247516
3930566
1062000
8816573
1802920
9565653
26498
2013694
46204
50390
1124740
109999
15593
455085
250239
72206
84030
308900
1447873
36217
482787
534011
344549
4266183
219259
14835
72077
152119
1777100
409911
2180658
813158
337702
123612
199619
214986
748727
2420089
112227
1086700
9463303
1446826
5113624
11960934
184057
5093794
34998
309335
44754
602204
2562707
37736
90203
145563
5156330
416127
2690410
59997
44229
113866
132471
55962
52109
45905486
981460
138067
31630
68441
798603
151150
2772688
125091
655810
801516
22178439
57295
24615316
760547
1394434
145486
314539
4661942
383717
1846921
220763
50298
23909
158013
30928
2216625
83814
210628
772690
1285623
188709
1005155
715581
137252
256028
514343
82049
2189568
240647
52540
30326
210415
78346
466579
326580
104001
357864
6717414
2298688
633800
319868
853274
90404
496399
611394
164396
477286
59006
353424
257944
237216
883599
1499107
59564
2402875
71023
140612
951798
34013
60635
142934
285356
45042
225969
158756
234452
93451
276974
63253
115371
698282
314699
118310
373319
298716
342235
129114
2511852
46790
2601218
101625
979263
35490885
442632
215598
9914388
38475
964607
177303
284613
207828
77007
453767
37561
338077
2029974
399114
433887
7625352
323558
28302
893018
49205
1025484
1101630
2557342
989936
78157
274961
128166
869077
2000365
363405
254353
3227728
23819
2974251
278685
1089018
411157
51684
330016
49943
83703
552972
118354
212993
27229
63546
75154
1107349
2821464
7239293
73829
107934
75375
558523
57565
1778288
32276
144527
21553
5114943
681224
217295
381959
8097705
838178
274092
35439
294983
483636
635913
5506652
82234
24247050
2398357
3010956
8768099
260179
43448
76440
276527
106880
95144
2530553
517117
1186355
457992
662203
21911950
146233
465975
16230
9659803
2858374
412050
2900906
11180366
535990
884247
5795519
1126145
4302128
113054
51556
452601
385730
969390
2006430
264873
1014953
322776
668141
1361217
59498
215857
221467
36191
581731
361741
68414
194430
136263
99817
9722429
2394517
2340999
602648
3534292
4699788
36933
8587941
68439
396287
131875
553877
116210
1132051
2201913
136226
62962
6347720
26320
834916
13971
280897
172680
43704
4058631
2969259
1803099
137241
1519264
721221
141730
208726
38020
783577
28466
231420
2515693
79878
2370978
4145973
2004730
284653
1001313
464854
45253
464401
594409
334444
119893
194343
30669058
792003
279038
15779260
250697
18253
39780
77348
761371
548551
43586
16849
2449137
475330
1795449
86529
3423785
3274008
101449
77077
179603
1429490
192487
133580
8481941
265811
1792293
600056
93107
65673
49640
35871
206813
292718
33049341
132481
723465
274177
113829
458316
262105
605612
19082
4559370
118792
294760
4324747
170221
3139296
3066781
363404
1187425
4003572
7266219
345547
2930814
168232
520368
2867100
578130
1449344
356004
415688
326729
3519357
1463356
355757
304013
531385
11488533
260224
120001
2652583
2099349
22709
518863
108002
63776
127358
69332
152967
514365
2877471
954839
347483
242781
4406975
2438839
199364
211998
284995
169314
1035422
314173
93991
714346
1145555
1016933
1542100
804113
686987
374955
182822
131074
61762
247963
1887418
88779
707814
499811
121223
232752
271604
5243505
130567
154531
281093
40567
8051434
655922
1079860
122330
374516
997379
2566251
1349491
2257390
572639
169305
25276
134760
913546
11029
30431
31130
146821
1164951
7842405
258974
861561
627047
654284
507015
744117
140714
161317
134069
10117848
645662
169049
72668
1139346
495151
21805
10590221
130682
36826
4062274
15250864
39675
330694
583918
27297
177949
557458
996920
3616483
517702
8929114
1015515
889472
227712
90111
82803
146746
1007358
91641
2027075
2700413
306593
599275
423478
117120
2577095
53461
561114
292511
455515
401677
92161
407817
1790644
8994421
131520
401366
20476
118354
70946
360546
22404
565956
166826
1514929
406000
3472925
1748180
189540
1118028
405639
1868598
1041214
1182864
2695528
27744876
317854
149469
3984903
178228
6237873
561019
41163
566548
3998418
19680570
3613843
53538
137905
927861
46637
161053
37216
93041
3238648
72431
834368
118157
962934
549625
212074
37654
623891
215589
661394
906293
200859
126022
84702
439058
5116716
251272
99294
519032
8154386
126807
204103
437649
1123762
219164
113532
76875
6963207
137469
1238973
149669
1042870
1828171
883628
85930
170064
890562
1687326
573216
195909
899247
574593
74603
2954980
246027
123850
996623
2923342
76832
902697
264674
1888122
257959
344305
687953
539968
20131
234322
1494299
443049
190719
171143
7003020
550474
94574
5659256
179753
1051896
1829059
180779
1425773
426322
1176270
355383
945956
6090759
422571
356060
245507
47309
321492
85544
8099911
3070664
762496
53999
96810
365283
7610345
263558
49696
67876
279843
781718
323480
1272432
1204629
31287
1166468
378321
318817
118383
1778866
503715
638469
1164003
310935
10411733
3489334
1439245
298618
658240
500948
568005
98941
160719
278437
297208
346698
400168
4602609
118519
57947
348584
139299
233658
1267808
1786942
171327
127787
2973980
130655
75771
1417516
83845
1726601
1602698
1602363
141180
159978
2278638
532928
26581
2871055
12329091
244220
80289
282022
122268
2345910
2886136
845570
124590
2255416
197591
2639931
391755
5973742
172648
348378
3271169
5977981
107924
214040
5209752
103995
4764629
18032
3968224
27357334
61697
298810
780592
62051
1205666
123413
580390
2246153
65868
2801910
960894
2444429
32903
3030533
101352
96614
1111206
1939562
1211262
203272
649951
301712
55145
203015
186722
1054642
204821
46093
278987
128949
760521
990436
634644
514017
410625
295599
75485
659773
757166
545785
1125671
156355
2554482
706248
114498
7138210
13655
3290920
20901
580656
83069
249633
24802
712964
116907
493462
144116
15075936
428363
38119
323174
4717845
62872
67045
138275
94723
6790424
130137
264094
4955476
1000882
710707
250946
28241026
181840
26100
1030781
2472201
197768
497101
554271
100845
740796
618397
105620
1718286
74471
110461
336514
990793
62639
3458273
1099971
205665
1632667
720005
8282287
363734
2404501
245790
331909
72202
113419
98915
154047
28945201
100922
553489
346060
77836
5050336
9032011
100908
203315
139993
824699
23175
188007
99595
5054949
1245180
743261
207299
75884
2508843
228649
72517
1938741
528079
944284
2547902
17088590
103951
544586
739988
522658
384656
72867
259490
2580591
116077
1521003
294590
143219
1102785
246250
396055
2145631
268931
158372
1378829
348592
18715
69308
5122188
1043619
14857680
80017
36690
7103974
1061958
979821
3396052
119909
622884
716312
121704
9156532
213675
549492
2413235
2809542
2254220
14572364
4675718
6935045
533096
47552
645744
1991219
117474
336809
631733
19661633
5839697
132062
759208
96025
129953
229306
462428
392631
282818
12611695
510760
2090614
100795
286102
713767
1462398
60891
50745
33508
444116
415246
189746
320863
19311
197932
159505
69129
4198493
2682406
134094
13508
26785
108017
139069
1139119
113100
2246189
56762
4090410
41525
1457744
33648
29245
130021
283034
129080
4916850
1197684
137512
61164
520045
8639959
119232
243291
1805603
16460
169430
227022
389287
116902
3674842
647305
160325
1639393
26803
113867
56696
82257
695996
572261
10593271
5792673
228550
3123902
385556
42873
219410
515595
154882
55365
310749
74037
5863535
456276
259015
821709
19269
1680882
244572
706625
87438
47542
454698
30766
51178
1561380
1089189
168753
34244
67490
217580
99299
6886180
430066
73890
67796319
113107
308909
1480566
227060
16564882
8694506
280924
223300
1521149
1941039
462434
393833
571707
166686
68717
63821
43118
130246
97915
580648
60092
61616
48687
2386271
268000
408464
659276
6454895
11016077
9368417
62524
36724
234224
171830
6161559
1414172
903724
860682
656358
352706
441734
2283223
144448
76661
82638
257896
506712
115173
259908
65649
50124
128898
11092163
64067
660095
1141821
1531150
373623
1302183
91364
1506646
57549
90900
270838
64068
98518
173063
1669366
253582
252261
663378
691627
283970
92710
4120674
513396
1486025
61345
91266
517600
5676774
188044
6832926
546183
86728
78636
61962
729623
109533
58985
833946
5015874
1575504
808959
449026
203405
2655650
340564
263031
45039
986514
202831
109915
78783
373604
1282982
99869
278799
8992402
2608906
1829637
2465184
115165
24391656
1164778
564397
2364897
317702
1051528
892640
2064435
165575
1270666
401308
62663
125685
4717715
26206
419472
2380383
71795
532651
5510472
657185
79634
60572
557807
1332603
2105010
162137
176459
25995
73677
350370
18695838
46030
296422
2492533
329022
150812
146349
918432
506370
538143
170379
163343
1232397
32008
5796633
193862
516432
132480
163400
516460
1774644
202548
145852
435783
1203348
530717
426982
122192
2034422
1138296
6543548
94140
1558174
134298
332041
124719
570988
772357
121732
146935
36350
214721
120977
162616
34921
214981
1836646
1964668
180833
29633
2374859
52651
86501
342312
515853
603065
2376770
695624
184453
326136
642813
1281126
67451
2067632
246964
48909
1586297
44828698
1907619
1178159
208246
418761
10281
207911
220069
2319010
183135
95784
1123528
139652
1548796
1639111
407588
174802
8895488
29317
134297
8749208
82700
103729
303983
1481657
22789
1578036
665604
332936
158871
14103389
63163
636444
1997572
58540
262047
609953
132611
745908
397147
76403
778207
3708190
108752
30769
766344
339604
1865509
120958
87010
13248412
830401
3327518
1772645
129564
79157
73511
721116
722095
156331
3574712
52893
159325
12491852
103432
143715
399926
150241
1880268
391629
1289440
10272803
330460
158797
58017
67739
39333
294932
60186
68793
4723101
80452
3185182
56384
5246627
22732
246899
87725
77836
212449
177157
167660
2576441
15340355
48522693
235922
2250479
58902
230822
7236434
1549714
150168
71192
725888
587788
94615
13265
267054
1674552
1852034
101068
53938
57990
7352668
717669
11549611
2136957
327662
367647
862199
442498
889009
754505
47831
543301
749824
2377102
296305
1258582
178248
179060
109063
163477
365498
205234
58915
566194
880440
4513172
5765336
2780143
633893
765156
560862
3929867
89442
115400
850233
191700
227289
36412
251428
190350
317756
171106
20176021
2576652
84883
4213299
41568
8633603
2273848
286805
297906
44037
171871
290795
670755
106843
33381
3218134
8567751
5898582
124561
1725902
254836
32986
2458256
292750
48004
389920
118657
73675
868132
1672241
774339
49029
32447
793853
64785
1109934
226226
655971
1362104
372409
630553
43977
60604
548780
263409
1777884
2944145
211637
246377
97766
225980
1046264
776853
2402342
105738
374946
440363
3802802
1364692
2309792
36444
311594
128300
42885
2431300
39102504
351763
177143
2102830
2513173
148849
298107
376589
57389
485954
2959716
127064
2588381
27596
62269
592226
1106051
2989852
545569
1959145
1688336
214415
790394
57620
909836
312867
6952522
18785
95080
5325366
935447
177148
186452
176353
967501
141325
667712
291254
1977369
131531
49872
214905
22433
208397
1665556
160141
474588
587621
414409
485123
142522
1249691
174106
940147
587191
360181
45785
529671
133232
314374
204446
1154898
970370
297767
845707
629056
50198
271515
31691
496250
460646
122666
51264
5282239
278084
51594
1372595
33631
218387
2794246
440398
64889
92175
121124
52972
3667800
41532
276538
3517719
1896320
227047
1951906
196345
834790
50161
48273
173029
82363
90042
9981
119260
995567
56999
548523
1287664
580848
4085433
146356
156479
2032641
91310
71643902
3634948
275572
61347
115548
64676
299287
193305
275198
45053
1666300
480977
254694
11375074
2355131
93776
30565
106175
211704
77655
224420
621721
161892
50788
1725510
7885973
1398382
2787433
716515
103653
380805
105633
646781
723723
26856915
119873
2202531
44815
110275
63532
154777
92285
2128970
1022103
898016
1095875
269540
1813581
109650
436322
499454
109224
1832617
87768
8562189
6662200
11459
3538686
120472
120585
130801
7893335
461510
47077
473739
568209
85350
124597
795341
2446860
349548
1161372
81541
781814
4400833
1981033
1447699
82873
27937
734847
54133
1198627
1036864
1276707
118660
151831
1694023
545988
316662
417301
207025
752341
47176
1487995
134702
225433
1043203
276741
62270
52060
315474
1915279
723379
158996
240297
155486
2061507
551230
2053426
139731
70080
165846
31969
719252
388608
355962
367699
839168
1509748
138511
997589
1362994
66350
1723309
262249
272621
954151
1557121
277565
47095
86858
98105
172832
29049
2153440
1456478
1051355
53068703
1528108
927002
1104653
131397
494169
56200
371669
1507466
555285
2471709
1724085
99503
233728
56203
89217
108205
67505
3144665
147954
96660
389603
351394
7388763
2183129
296446
156190
79501
715000
38339
98442
242372
140560
134481
90559
56594
172614
3835577
77634
604031
81100
137613
316465
36301869
6004965
214910
151728
2281995
87558
1574569
84916
115448
597033
8500351
51762
48484
108705
7171124
118608
171593
286023
273232
518396
263675
2220605
354832
377725
4801124
1844257
1495363
58550
22342
2363127
37092
4560359
9709286
91595
3836137
141351759
6560128
94775
852896
704978
1340841
12097284
2446619
280260
60143
147468
258756
146419
175833
341601
872628
2896707
156392
133679
320065
137366
35962
765145
1070559
197708
48245
73301
288330
230730
315652
15352468
3871000
60483
200969
146023
154016
78223
54610
54475
669383
336650
2445966
181127
103617
2727169
54594
67964
1874602
108365
1801799
418679
50606
1126555
1043549
26202
1629534
233739
82935
1057079
326156
334561
1872035
173372
51362
735255
24453
94114
420984
238326
1159713
114365
5514137
13047916
46919
526354
399946
90495
340244
29850
133853
2078104
1745623
205626
199590
37461
132564
85821
169758
157175
491776
64870
1242005
1736207
47696
500969
852863
2855043
2051292
110393
266069
137548
15335330
449648
35884
140960
137646
82819
290534
342012
236169
415381
166292
1480674
3340516
259032
1006407
115759
229902
453391
3269503
3863294
230063
954431
36741
221719
1275201
4128001
1470487
167934
322204
518737
161097
160733
328614
845924
187981
171350
198868
294096
342609
1045925
45798
1266735
341682
916819
46315
8726325
3316860
760931
38003
134130
255744
322730
181101
174417
455486
419141
2479149
917657
198541
3585999
220506
354423
10053
128681
1571934
201105
411224
1169906
171298
7230736
2524503
1682911
310436
1857328
77796
84088
628161
59581
3045982
97108
415966
1199478
260295
1594501
231833
2655040
2438705
534249
117159
136174
137712
268777
683558
830068
94866
273974
1514910
4506639
212496
448927
5478321
66773
182468
38253
1056469
1348586
1171303
1078542
4780425
13598334
165415
39811
418333
45631
939411
288944
51671
6849262
474251
88270
4458737
110318
66887
1618779
71270
62389
480008
67290
61056
566844
320640
186311
1220748
2705236
58518
213565
2777814
747132
111492
2919092
773676
16940
2943326
41665
532015
13165473
371996
34474
146212
183557
1652071
43313
495109
126598
592923
297447
257996
135534
172737
182033
298492
556980
279377
24519
118333
95502
560368
33528
8725913
703728
12870
33217
430765
6561114
1371933
75650
1065898
481434
31805
6778005
77955
418262
871529
370573
47182
11471228
53719
1439483
52572
237637
3051409
88999
56077
1360447
1639974
3192541
439993
3019240
158095
144917
92322
4723670
141776
10112366
186624
479009
1853710
5106600
4404658
740817
197801
1229248
59447
393295
267649
75737
6880583
104912
92853
225876
683258
116875
6076754
18588
119313
259575
338699
176126
4089157
381885
3273890
1237028
262797
2159940
379945
63191
50642
4981356
768260
37465
268843
2026360
5935005
62659
276336
102220
2433631
57659
9005010
83502
132704
235690
124202
4536653
21613
432048
5274818
8587006
69026
683889
45557
67639
175020
615452
163214
640366
198316
311401
32822
76064
161753
179286
232146
155639
2795292
106532
4260770
18474
16695
300742
4213498
53391
1152337
30727550
25118
273624
86182
2143683
2175713
566071
312236
4950736
37213
112619
4618617
442448
2386763
156691
201334
252719
34113
55335
316414
53495
127136
1815886
373992
594456
291444
78479
887945
2430488
60647
1567504
1364985
36747
223325
680446
2859644
43832
540636
746928
218299
153921
71209
210534
233201
1844381
1007514
72073
1714234
40397
287657
6428470
2294831
364014
205815
183899
6038058
81522
177093
39909
413462
9737927
264026
1528885
515867
17334118
244832
3280168
190528
765961
318226
54302
8213611
156723
520938
65099
4469660
44631
49467
161572
162181
2735758
149271
65784
1924300
55211
63346
2355047
75623
2874452
416134
247039
12686459
1359354
39222
138300
193370
2233940
179777
87193
560203
1287096
642454
1812541
125309
9765029
1786048
74433
177004
304037
121132
242143
69649
214321
1658723
49220
559339
213563
1065111
33261015
715773
6781075
9976123
134531
914915
12724892
1357098
333703
77741
2808708
112894
80356
989009
6772481
488307
1813567
3801271
95036
322501
353815
297550
3051793
30374796
17424662
66534
680325
271508
127026
39749
1861388
60633
72736
46265
28434
2428317
600275
94398
261610
2740613
8476336
3299547
205918
2014541
138574
518454
165220
8191201
69815
3368987
737006
71161
72626
235124
64717
10938373
42443
403942
96029
717647
24491
1862235
38593
76302
324865
37799
54303
142008
5371849
791749
36593
557744
227357
30288
31806
28371
90571
36270
68993
249491
1266727
109219
5151448
158986
818170
260432
4466986
517416
409439
1062803
595114
244885
1415015
91092
522449
1592987
547749
942275
849718
59745
302570
864899
37959
3333966
79842
127683
333956
5913882
23443
1587937
56300
192772
41071730
299680
888330
323810
915073
226244
3329903
7398231
363618
518719
555057
397041
225644
265740
8068790
573013
77634
108772
44032
20869
99417
46168
1554857
62284
90388
532259
111882
2577338
75699
488267
20058
28634
26216960
125423
216087
151862
3056895
174787
15353932
4118979
791560
1539017
69966
8505668
7195568
3961350
172042
79467
55117
346338
106731
99026
9149547
108211
58511
2555510
117146
285055
50621
292557
123022
71882
86673
538538
318176
47146
412333
285768
1395364
159820
100515
599650
68427
88719
217000
435407
5678498
16641046
67406
3240473
5268263
4403136
1334002
83295
516357
29342
407762
132805
514159
29314
245723
150180
101939
1547836
62940
74166
625957
315299
1258759
362986
862839
620881
25533
342688
118549
1335059
41545375
1463322
357141
32506
19853
2177549
39188
95040
57923
298219
73966
3392205
2114869
1342440
1929882
255039
2285185
35528
8758563
655653
177694
102968
363279
150867
361213
270145
695484
2659048
183403
10743478
103204
496682
191953
2001459
52922
266358
70175
42150
320564
616389
99705
136580
300453
13615183
551273
640420
36738
4677056
105633
4586826
1032094
1271274
1011461
279460
1294733
3420589
28827
1424079
92623
40788
99041
294735
34026
568792
218249
74767
1026992
514287
622818
6561352
1550706
60018
5051357
1246060
5099538
3208338
855898
361585
34191
640898
179825
5481701
13061227
606398
54621
747999
66871
149564
144228
4900644
127518
44504
429060
100743
161644
128177
75023
23042
150226
24928
1067329
126485
36793
172844
20982
52468
2550536
225650
645160
184580
22375
73179
32751
36407
164992
424901
112353
2850134
72796
1964285
144831
225936
3043204
332384
3131027
17355542
278781
3179181
87235
17533
613969
175835
1865053
51247
23391
2306913
839646
36040
320172
307341
241178
77905
120728
156061
2304986
9538271
343861
111484
4208224
154999
723675
125049
533164
129730
434298
49576
73595
78668
131192
105627
1516072
6362569
109292
22043744
182804
2588975
784717
790314
1119691
2021480
1571534
597768
119247
4586930
100485
1512760
361465
5372492
6960595
7385497
2516865
310602
86478
59983
60129
63724
5164582
167541
2254027
269105
342601
12510871
565066
85137
94645
172026
192770
52903
98750
626247
860129
185338
160083
207786
1967870
40302
173028
132360
108727
612555
203183
954926
194505
980032
2812009
627630
85152
50736
313490
257724
3640018
5212619
265118
432609
65398
11442228
262478
219917
41812
7754399
516409
2018012
601155
1117624
30208
3882237
28367
1101457
524553
1014399
1862109
217454
1930646
9914
32002
424459
422812
321746
107455
56742
642395
2099687
4306436
5700201
1146314
1365924
217264
583385
2115362
4350246
397917
43528
39097
375754
1273332
1148211
3039896
2077749
619549
51130
1835013
3075651
32802
2913282
45095
3275515
55625
1205389
191445
839839
2877870
37106
3365899
2273703
612768
350821
129149
4763832
212174
171437
2798859
1369191
136449
361224
2610335
1046934
348681
106399
318796
1514544
24765
9462555
5082636
862899
900472
4980781
172003
44176
181451
1599582
361253
262527
47951
948132
154741
256245
180707
205983
2932981
77389
600206
129147
479775
32309
216527
1058525
1225373
13832836
1521492
3654769
658398
540982
57261
1240364
1319546
636704
1700720
697799
400505
25178943
95157
329208
1797488
213056
6650160
902180
3329460
1842556
41918
2263473
175681
70794
1548484
3563277
578495
55106
1678869
2438852
2798382
628704
632258
100661
115511
23808
401761
1426376
774714
530818
177184
72293
422192
271111
76054
94796
2963435
103553
2548631
1148062
631368
182203
494497
1983420
466713
122287
79402
56907
200034
57525
1036104
3095096
1196020
867325
723004
141252
605438
11160194
118695
4922810
200248
181546
64037
3163234
180854
377130
2003617
553541
2218298
1594340
363011
314518
64299
313977
139004
509840
49094
29501
177413
184516
664537
207900
2330016
1149271
588102
221153
1008256
1527488
40119
229181
81446
1730680
638013
108694
111368
641800
126858
146436
7846319
104502
1348851
1253384
1712986
57519
5362068
441008
3299039
10651672
42625
79227
1613528
569888
80805
289068
884996
238783
55420
40694
49739
117643
407723
41556
855383
918599
88721
794237
4830989
229125
1824862
288406
33909
216901
75642
17615049
160664
167120
184740
3606317
1195965
1973433
1099030
675434
225076
4109526
427417
325600
5895572
75736
544359
84962
111702
6280884
123158
166363
50056
80386
1253180
2033484
435971
35902
1955953
515401
635540
3015117
5028189
83251
2121694
6063970
1049515
482783
457717
22757373
358396
25396
153213
5712051
3752594
2791412
80230
177190
61897
42860
2169266
56695
2481842
50122
1571411
47419
45070
176538
110140
180235
80656
191276
1177038
916706
84028
104102
122586
111655
303097
380186
213983
96732
1010599
1044780
170426
4721222
1504785
4994002
275947
4441069
802607
70838
2739856
272171
54171
1009677
952813
2221121
73868
148974
902481
19029
61659
188229
2104639
826449
570797
147219
226230
513900
318849
98485
93439
484929
810013
4946013
338298
1174395
1832245
65140
1606535
226753
1539415
1289604
90969
305184
93950
100010747
2327665
1220858
158256
1259594
351707
909527
1245412
133713
404514
2078771
652785
322976
1452295
296582
232456
182842
38316
290628
138683
213190
507162
301830
636490
727412
439004
963316
3123059
456199
2116563
8154244
23369670
3346446
420699
236615
176195
79273
52717
616995
1577901
5567270
115321
133230
653026
178091
4307761
114915
3432681
54769
22100931
86640
616298
705421
1588486
32180
428067
1815597
549332
82684
1201164
4337237
48417297
214768
80943
366399
1524970
24100
491405
1357440
1881956
2057091
118566
42399
7724909
506148
1047051
600329
4032318
6194213
227739
326871
95770
573153
102174
878021
64974
48294
45862
1909196
956189
83054
188076
61041
1067757
33729
169411
1105108
176071
72187
2245757
179663
843124
3196347
92141
106016
54885
841451
75948
559410
30425
3947380
58334
2495720
53324
73300
17296
286824
100652
4207606
1554951
988989
261475
426468
885778
6544968
305798
14988437
31345
1103086
128573
290495
3495605
2206866
129043
21701
380636
280523
49477
99916
425232
212524
99836
69154
2080093
219056
50086
56512
51542
214996
2144958
2340066
5114188
1852088
34806126
102125
149819
801364
208843
26959
54972
178174
827163
3006521
30704
159248
547211
425132
841237
41625
151445
186157
239132
1855119
3272940
335399
2537567
258761
2474955
869895
2979684
160400
232299
887153
2098599
314641
7580
802057
63785
616326
1015282
361621
27544
22601984
1468235
72407
2078312
20454
208064
44784
214858
673948
1119374
194279
2926072
4854934
865291
3309702
5106347
1250312
293126
1336139
186056
349155
3612606
135273
192531
67387
25452
704044
162112
181061
2473406
86386
1559812
828019
348509
8090443
36772
1550286
2952774
261533
220279
192499
535324
241833
115231
54589
744507
98243
7349281
112147
3548647
1610615
103092
5330785
65054
268126
123070
404277
34120
9428576
125777
418508
923310
1156344
2948588
401753
1193963
233816
643854
507822
167406
22145
6321031
2576333
356013
142259
5613325
4829576
340024
118077
60630
1704443
72892
113164
2392881
296608
703299
244302
2327361
4754630
119401
32588
877903
201770
1530835
335151
3404253
39576
640869
126323
571219
583473
126541
59427
101624
238020
3146325
549401
3602870
231979
4401371
729486
903355
1555181
2568557
343581
1214353
5833314
148497
478003
387838
182741
157518
40889
757587
7458655
20152
467652
218981
170263
822703
156364
42022
33781
63665
6493476
20613
676418
14253285
921959
35761
27882
39855
107444
530836
341732
851448
5083661
283212
1212630
313409
69486
711136
866036
737541
6523726
192318
1117528
2176751
397586
625920
35540
54049
802116
1011728
4379580
431920
115964190
123073
1054599
310072
380052
206034
464713
8344408
101120
1993567
3618291
750354
181115
2139790
184648
3282973
302943
356456
379827
4266028
974910
172031
100505
109830
416979
585431
255548
67565
281036
51310
741292
666911
2222208
50800
100095
94276
104530
1510962
157403
326621
226148
1071447
214194
109605
1711264
1067651
252182
103802
3923329
1816251
613529
414275
307082
36183
175833
18044
1675225
1919974
23363
39301
3574149
161921
520504
89312
27358
551721
341850
2205361
56699
54504
20534
143803
275336
10446158
78441
161250
1679069
931594
179463
454649
234060
304112
244835
26862
661166
243374
270646
330022
928044
1983968
567566
1043795
397325
2263491
10424486
170688
65571
117452
14234415
59260
814381
168424
45041
37310
75790
864444
514134
800650
80262
1065129
3998221
