32192
515671
78525
565432
240733
25743
345874
54254
333371
741975
772561
233549
38462
251824
57359
120293
1285925
147569
123011
39600
276229
57936
159004
5066949
40855
81180
23039416
126281
38374
5424260
60683
65072
6209858
164025
4483668
48855
265937
15283
8754
157579
5152623
676069
63294
280652
77756
2472990
4487215
38186
231211
1048024
11059040
406884
441585
653846
430210
1589768
1361076
34277
551124
1305340
84404
199415
951379
802021
290864
408235
536057
46944
3631199
356165
10256
122495
1473503
655849
127613
10144
1886834
389050
106967
94578
733651
689329
225905
18636
281698
2421766
207815
402163
53239
103530
198717
485875
90435
33049
3418853
18480836
523029
105431
221364
130356
189372
254392
287345
91501
190647
2822478
52181
67043
125164
1194917
58419
23204
129323
67586
2642660
66896
1701238
451680
11750
367612
58923
65391
479009
135730
764529
164195
1398764
190126
1465795
56181
189659
649748
260634
705450
810699
4575535
511488
1033503
11944
1040089
198619
105118
3276357
1045651
229109
595840
622866
98619
124351
457455
33909
1535370
24022
2203392
90720
2741192
442217
188939
231999
16527
443183
41323
1620068
39072
1061980
115585
146706
648347
258676
374555
507344
13481
5488265
18473
941845
51852
142266
365853
107362
45450
213617
473323
565755
6154961
8733
68301
459787
57037
222384
490147
248751
298925
79812
45422
222352
59978
97276
80966
471354
2132431
144065
37358
226016
18882
1042384
70205
323526
179209
153118
232467
784352
1048827
644572
4057387
782106
127666
308576
26692
243222
118643
53274
109871
192071
153064
2053631
125068
20820
91847
57616
665980
189941
183426
85852
78592
199717
756838
185981
230897
157419
753727
315430
368821
30748
4396541
979133
89400
1159193
1050009
69555
78136
74823
31734
490986
268232
3522424
1130069
371495
171514
33297
424366
929335
100499
250797
32694
2201191
31086
73473
513947
255629
1314754
7637554
466342
458483
97913
113070
22833
3105889
4087978
9962
270015
42809
111350
140010
76327
3074267
686893
202238
162578
166722
161292
179357
94357
224666
152269
4626443
20901
38458
93693
55108
149877
4298898
19372
47701
2781
569815
1800366
1721968
546875
21292
825874
2443739
1039269
468688
193559
622374
158500
198391
12450
2447389
147250
60419
18524
152676
62188
212012
970161
98766
1978689
59348
131030
81923
755392
271869
3340884
29298
18408979
328555
959087
772460
284560
1953176
192818
458516
2830340
1173791
4494483
49359
12852225
70950
64287
20381
35482
88817
61915
15886
276648
305679
182468
64650
1359233
241499
13684530
1186058
509224
318766
680057
136651
36537
220909
4050519
1888437
10864
27455
188517
17941
65870
24391
227000
326948
98047
89905
2071871
10860
713205
595023
3540803
86601
191019
301774
4421936
204298
18110168
5755604
84988
44480
97750
142583
324304
362473
28215
214887
28511
6444569
140314
399147
1106005
415016
46513
677684
6656270
10780
160286
1942659
529350
169945
59532
2273569
113304
10104116
952711
587694
1447925
1331694
64044
23923
135818
243536
211585
93886
406923
44592
3641300
386643
406619
7105579
10870
939488
19716
153053
151018
392006
651280
55014
685969
455755
1999302
1147471
817969
448043
32821
2898497
88559
68341
54279
83250
32158
1323315
86351
2022912
1897682
1517428
1789149
470233
2860586
805789
31502
1870594
104317
69331
48075
697840
968587
358898
834033
2652913
381318
2299082
9895279
4012525
162960
116649
271397
30236
324077
3796317
41694
1611466
172431
596217
152085
129833
2017898
1423160
487323
2545885
258982
1051524
1314053
95937
120009
28166
124028
503039
1041325
132692
84390
126872
44892
61303
126105
27669
378894
32271
127825
28619
90731
2136025
454669
2320359
134086
168132
1147679
34579
864467
3711692
9944
71154
523212
56190
1195224
1332249
62569
273801
39445
1331400
103982
662358
1000185
79360
43913
3079371
2387993
550422
411804
79841
77074
158385
320552
246581
141521
1190704
272191
304238
43832
14281
2202501
579653
326365
101228
126324
46195
80279
205186
194583
62675
147930
1064720
472252
439745
46051
3468246
30730
355498
18622
470393
338635
122358
293858
4961005
47419
6625730
3468901
9796813
3615213
263387
1337533
11822
28826
363793
1386944
6217
32631
78528
546689
2214858
107378
246218
402758
243123
1135189
839939
23962
289899
391457
15889
106523
411784
662165
1190562
75180
1701968
104042
4822795
192673
987217
979272
207891
1000551
751479
7446
595501
600660
2324873
221384
24263
27507772
150632
594734
425812
284123
41343
96661
30917
331798
174154
219696
244927
2059302
7143980
339119
1583829
178333
35468
229531
13546
75777
1034936
7271675
710995
3830533
156873
69409
285868
36323
1308604
368490
597190
87094
289887
964539
1163152
110249
5222
643652
478558
1011050
139586
172213
145929
806940
111829
160327
1200515
95821
310803
134040
64310
26645
49603
729779
94009
97147
305486
3588761
1455835
114714
369312
57783
251827
3991007
57880
190735
239608
65201
79084
34585
452434
1906494
48052
1339447
354611
3518557
992195
123526
113645
659688
115628
96352
22244514
733155
127360
50516
118858
2929519
405837
84045
295855
474230
1437041
18470
569029
33793
125471
64913
1084772
121989
3045135
509402
308665
69341
384624
200267
47023
172745
62816919
1557954
182762
2654771
40754
1210465
67198
347504
34899
36874
1433587
929771
20797
157704
63757
70446
2879137
809709
249834
2318661
50570
152416
933330
119430
70807
2317688
34120
2214731
488241
68806
82579
1011421
56339
1893319
4129884
418051
1151833
2286486
159688
478314
1278408
340683
248113
111848
385371
35935
137387
256194
2164975
2307826
70990
279083
46066
331321
784809
643157
155336
1253584
112617
91754
106573
330635
1532405
126256
51587
685821
912953
426701
296162
78048
11491
2260789
113382
2708060
1771099
471048
1182928
548257
776466
607080
57780
8084
150297
271381
51214
80296
172154
2103325
2120591
568002
444982
42473
47413
6989
63203
817418
2452681
41546
46442
4153588
719957
616792
163098
667445
81107
117525
103161
127211
86008
1208034
4472524
3966259
6024418
43189
1912290
71105
149672
311212
215106
985111
3762977
1544155
2212074
62994
1237083
60679
1233517
173483
93179
92959
206968
47820
261254
116892
90342
117287
1525387
4659672
86549
1059419
510139
239499
456588
2775492
92926
208301
289300
28064
32753
11540
228445
5884840
7251
891760
1357854
402824
112743
3000246
25447
337244
62891
754031
19438
186757
430162
68805
131532
10507
58614
2344930
682508
105996
3955719
827272
30674
3290451
54601
5394203
180021
3206551
152661
1005220
16823
131460
1531662
1483520
732206
738871
301889
39202
5334722
102933
335649
178932
1455083
1529098
97420
230058
115274
593906
22454
205960
93170
24340
2275781
111305
248668
101771
43828
103805
94490
424396
36024
2159581
3768293
147338
380769
79142
196777
353931
358452
6932559
85207
74627
1913062
129341
67884
87594
122264
395832
493115
368352
178580
90596
2594534
3994453
36637
33503
541330
14424
360447
839064
18456
2241967
39649
48200
1327150
1593581
1789297
308884
15376
1033457
918344
58834
366737
9359772
31171
284726
65886
335689
75345
1168074
1068804
5048638
979479
436396
52560
121696
55143
55938
522188
673125
395646
34274
1732146
4830
119279
274849
274840
120558
45587
6736
624933
318872
31788
3653461
3907832
150420
3137391
26452
484941
79501
408521
2386107
83904
16736
267760
406712
57045
320328
1798640
12245
18260
328238
3663895
1130565
105188
450115
211336
191397
16983
2734867
130571
2242038
110761
73181
189545
306885
166807
100657
14452
136245
975002
11068
53638
567024
56171
599118
146051
28629
16243
388329
557158
855452
30229
146104
2366545
353984
271879
96300
133565
779356
48450
1322766
418244
16228
9912
759361
66863
423090
195715
128079
416303
42508277
298584
72616
85478
1305573
742498
204927
190436
56199
803870
4095984
282861
239992
1260703
325198
71377
2313314
953581
424645
3851045
983827
78723
242966
2090851
12271
119279
203842
195276
118089
37993
97945
1044580
372600
45869
50903
3050123
77541
67814
1399483
32005
947746
20909
302319
165041
616132
903714
19574
377755
350480
2829880
789906
126044
185826
56733
227493
552866
217129
283560
818708
444590
42858
1338494
193073
179010
26932
25838
61792
55672
694909
73893
3572317
627012
235339
57460
482002
168671
591244
2057124
424182
134558
1086652
462463
9901611
118395
22709
2216011
546311
401653
64170
1005793
828378
86288
95661
151179
39366
201428
704981
79653
662755
1467166
282227
16224
417941
32173
481192
671227
96753
261825
281998
89814
169259
22148
458443
43964
264618
58383
244696
34348
76674
1795561
571610
182618
4155110
5715598
429791
634905
238770
20748
1183059
10448
695884
87498
86557
233193
237340
102523
25724
255462
49331
65903
15259
2703063
1983383
1148692
612610
27506
3342770
1099776
26726
7832544
1104246
231335
252461
289916
535012
695290
961545
2269863
14365
101646
41771
78859
65679
112225
609899
906188
9737
1416472
331522
45681
170632
91925
270344
5003334
1327349
246339
198655
324218
351837
12663
942945
462584
120690
33976
71280
470683
749376
420202
60171
130234
627663
284003
823273
75282
20251
50127
18587
51501
935561
1415174
69920
352547
432047
45085
280171
43547
47166
145037
211080
24656
189291
120891
54480
7700725
28329
124744
251922
52197
60831
360738
186142
1109820
58082
2219277
530363
9105683
380546
176764
651541
174646
1220207
115779
475678
256024
421035
1383146
49421
158599
198776
61069
124833
59976
295940
939734
628443
25700
13066
1585426
312176
45852
17472
17828
385117
618016
53795
163283
64440
112845
568260
68332
275234
753581
518104
1356521
358794
80230
739728
251099
1503036
1261581
96562
3898349
31578
212084
203926
148541
165949
1165733
1684829
595307
152845
15930028
866997
240881
11670051
681667
1161842
352835
85321
191273
7555701
25526
1628872
136126
637994
45799
614242
1489610
7351003
49597
1149269
1852983
519953
685994
719820
2410514
135874
253118
69309
247915
117662
61822
1535216
294210
666499
36711
384599
118301
180748
62488
2125448
1333276
182827
170029
445534
4542335
15450
47722
38864
313686
332241
2101852
162794
167450
135556
34707
175211
15745
2208168
3017
2525036
127717
223423
20114
490621
3476974
36578
1134385
18930
4416384
20617
17828
912876
194911
72801
182510
326003
23480
110797
201568
598366
487637
119680
130582
116366
19850
18688
874826
6468713
30540
948760
302445
7523859
598874
262744
596881
30110
31064
614995
376932
37643
1222918
63471
19330
618617
5832379
250407
647488
1656789
146395
206987
140106
106437
3033328
80952
35724
336149
392846
1811471
63456
1083751
39575
799180
1640452
20201
63911
139938
516765
154295
177202
25790
40035
264609
1260157
8310687
632408
108740
708421
52429
76717
6800603
279477
58406
10903
321271
224367
52665
156367
745220
132402
211434
22140999
183248
1881016
134026
835608
56160
196794
424062
480040
802936
31704
22724
2611638
1113836
127568
4259
622617
135901
66258
4642594
424898
10352
18916
508122
204644
113617
953733
230111
83715
3520034
1263289
136383
10962
29395
13359
41908
114931
28989
3487012
156222
310087
140172
691221
2469428
1790619
428964
3672352
1809317
36252
228847
2450151
950534
1153249
31425
192410
1532790
77815
296606
83779
192256
397337
71866
141008
48405
89947
50412
216854
237984
73984
330839
451781
24290800
140057
59861
1151477
3817778
2284550
213658
1172787
132310
2926925
74950
1748459
1277623
2774354
436168
47141
221970
370069
181772
4642652
745179
12167
251187
49221
678393
94970
488653
43859
33501
17492
2880790
167573
5136397
187372
122687
128824
30137
362175
1411609
189927
8597
833502
19720
54993
918206
600416
1350840
226422
902515
11703863
91803
908918
67466
805103
38538
268663
82421
292019
480868
916819
71970
76553
215215
6777936
26170
758397
61593
7074422
546331
532112
25269
1040843
1514412
3073729
401262
1438956
686811
157544
202530
51315
29152
751659
451863
762896
49935
348227
747604
1209514
393746
288181
18679
36003
76111
803319
27926
782920
2211797
37077
15170
67466
97184
753718
431511
860546
1402374
67394
408323
109250
239449
493657
184106
327249
135178
1171792
800052
790539
1145763
437367
1338892
50714
194017
137775
149652
59133
7997
26876
3611708
172985
143998
485507
850230
931313
71834
1171655
16720365
291084
238391
99225
45831
391929
505055
11821
221613
449213
881543
438281
2659454
1993088
65903
379848
6435
432973
355216
1051994
263083
31785
3841070
111107
383279
2044872
232031
313872
236992
130926
464438
61560
77972
47991
378694
1242793
3258427
362289
297920
240075
32645
227837
470937
342777
122711
1219410
684399
26038
149451
99751
61075
856870
5031830
142703
699750
45702
6632679
266742
93539
256958
264953
79493
190602
107731
176051
253144
27374
78199
98941
146804
43483
54761
18747
258193
560607
1741415
117236
62450
200330
964311
402656
480417
613212
118018
2082745
684980
1361069
2565350
802324
135813
5104501
48373
3493176
767270
183162
64791
21075
93273
151837
800567
50456
54591
144914
168272
65842
9683
199626
560812
47867
270765
64596
33918
308301
115784
667876
68334
108235
281234
5124354
1536015
780113
94375
599471
381305
207469
119673
122043
1555458
53421
433508
224334
40700
44968
2158459
4405345
927845
1977478
277388
25839
23422
628814
190764
111176
700383
209094
59866
153214
1293477
385608
2116780
1214003
245632
7471
102414
1451879
492727
471331
121268
165990
334705
203195
2868098
930884
55370
2425096
377387
144840
3363279
670286
350458
232279
148941
1404089
4816455
546988
216702
192615
1322787
66091
32444
2614920
1257607
29867
167636
42168
83382
603870
336228
93362
128107
1249861
11040558
312007
185276
41971
34686
2030839
45867
130948
35971
934422
2017723
366573
641452
39987
1029664
2286441
1822234
591008
67140
1268876
30437
51037
428355
1740821
12776070
66724
332287
591478
10642
979338
1471269
150775
220918
457165
862497
913845
96895
726340
319950
1051985
299489
13507
216506
2666505
294798
29087
312361
1201042
45980
59590
109195
601747
1911104
14528
73613
100252
269691
191340
31970
293001
103077
79340
64080
224304
21128
459636
854652
432991
38098
85581
320159
7632
567397
65467
131477
487336
27942
2022618
504845
215377
44931
129816
5829692
2297243
236153
52587
671112
16794736
1129988
608394
373765
79392
153657
615651
31218
37327
328346
274831
90515
153113
1427413
101034
26805
126939
59745
84888
27767
1867787
2065085
431331
30714
42788
2319388
807327
1981384
40454
5328822
926956
1024050
40039
77857
214663
50500
115009
33701
15667
38412810
69655
580031
693200
2208233
479179
6588009
282817
63056
677313
35234
162819
42793
117149
2676733
705877
29432
1253806
88946
446831
457143
43920
154246
323914
294209
402349
1427908
781377
2216584
493043
279911
9477
58839
1490604
204282
1316011
349378
1078230
116689
706258
41535
2104985
58551
45770
539802
35457
252421
950717
44990
58768
1454214
51828
1910452
67592
22125
909140
239105
1230392
13948
2401522
1694163
32616
68167
230991
95027
5139073
136869
769396
2215957
55350
1191317
2816379
1568223
59332
649806
193689
885084
3276148
299123
133849
4311614
117479
1276069
511086
16751
20413
737145
93276
114052
61931
2454175
7652357
595439
36656
1134211
145854
108114
132520
219985
60367
790365
358102
17748
2487165
243152
1039346
88681
1050513
731802
4336966
3055292
635621
8800526
69217
125497
74884
510677
5896473
39861
37637
154205
463281
2601266
282585
501927
865080
3319990
32788
703190
1769496
405889
27900
54927
2222392
194383
199404
61077
3259621
264798
442204
105859
713544
844879
1012114
265578
210479
4169858
15963881
8287
1377820
23430
1057631
456196
63683
42529
200159
3879940
39516
307127
574556
2302754
515930
80548
253861
674298
482129
240573
89266
54659
5194937
2284007
2592484
157791
345421
1148089
468340
410246
379861
763758
188987
69699
4849588
87515
896789
153201
363632
31015
137912
93912
65888
2407904
53162
27744
98014
1422036
681908
5425918
101524
4902387
61721
115871
290156
169187
29740
509883
1659651
197464
42347
735071
30668
148684
1413678
129607
2924234
26978
238099
40113
819338
108509
96077
1454854
243421
52542
15855
1919318
190403
170982
34414
336855
1908722
84727
1145614
4024743
3695188
49606
181845
213149
254852
311449
106820
459670
326459
304866
48907
92980
5423894
134654
2150524
11683
36853
197354
122648
2434446
831842
161216
610230
1074742
52824
13176117
443162
408287
9683945
59704
59878
1334142
409398
41600
67525
539226
150658
205500
2385456
1049939
1008633
816658
118479
3418506
20592
580399
499539
33418
97480
175094
84869
242629
60869
5375482
304674
3416831
46653
5413442
6704758
456108
105698
67464
374140
45665
41831
103306
5719564
13189
828200
1226231
568571
2029148
1036443
153758
40160
2502797
367832
140043
75014
317680
440772
91449
1122466
1395156
318040
663305
81634
852189
440197
874167
385878
44489
72250
61053
319808
21763
1713542
309338
2315277
156171
144441
32912
2521139
46319
9297
197758
384330
115024
101206
1835208
19800
49340
247389
191197
105465
2019667
493829
279229
188785
10570421
64320
280670
407708
557813
170207
326453
70950
11117
29880
296321
66401
22303
31547
495815
82290
694327
1342298
2043045
658209
2204777
248124
183329
30108
689658
36537
974207
53986
1062594
260522
578579
5059575
215398
83822
1855758
285312
2930281
326902
140183
711716
111229
19531156
318056
3681317
609306
558214
32306
338587
856353
2401395
6101
663145
2143794
92012
991780
7638
69970
1807526
705016
58370
99609
96364
14656
126205
694578
440897
801938
28727
965900
72133
403364
348399
1641449
272396
50030
832101
945817
1062952
190835
1144129
710715
591571
87556
1140694
175965
2841555
351006
739488
427445
488593
2329723
1441085
1533731
376626
19208
3140761
610125
222046
130792
138709
275671
450379
416287
2892072
2077041
242476
895980
191852
58696
561187
82500
112390
830120
25065
6622391
139289
254032
123442
1046316
30951
34288
15853
12650
171353
115454
12205686
115940
39409
392243
1660362
246498
58643
200758
6019570
520113
50939
55466
37613
477070
81383
37424
3537587
146010
1210682
412392
713065
43606
11823
511297
114020
385173
540643
361733
306442
168863
15277
2873524
375420
132511
102333
31876
348733
16133
6816246
261370
172859
257516
65480
207754
5364
11472474
131023
125171
1464062
72049
147211
1435480
802348
654991
1893273
1317518
89147
597357
132508
638809
58109
767894
1791936
82439
123941
50801
55795
832614
164548
7976
1628524
631711
48829
42509
759060
43990
173868
1453918
13276
1614512
20401
1323975
50784
793262
96176
314356
2475933
34620
221280
291228
5428193
25372
2668980
376003
502701
1997441
143766
4829589
130911
945629
107039
301369
7223340
21515
347890
1198811
28890
839113
1188877
301799
1315350
25834
272172
74404
657472
207848
5853746
239637
486668
248603
57505
523885
944836
722225
800251
27508
179778
77605
24732
33834
319800
123049
120893
500884
571253
65568
1271322
871990
178779
106635
1160636
475523
30728864
1050105
809313
246661
98830
260973
57762
321141
5786
178927
266682
56782
650558
1280263
63543
630131
3450088
10510
190468
228395
188272
234055
1049177
1636590
224660
93111
79537
48369
1831480
103451
82525
2435999
35127
3128752
6044428
4902383
1494853
397142
320351
27156
1129481
23359
1298305
219073
1292675
23572
73222
756858
39020
141326
4285247
417257
1053357
160567
65876
613572
216306
2083749
3025614
900929
73653
211090
8198199
707775
8034
146878
386033
395792
62043
32093
119011
136243
989799
108429
31076
3944328
226690
40839
691980
241321
427695
233513
145953
584225
60315
88144
245355
2311276
115960
46708
29937120
1576407
66187
216280
70933
1556414
1973593
92001
327294
6144
972336
311971
70889
79220
666804
47297
182967
1206283
253403
50505
59705
425629
573292
340204
383677
2072620
21159
43624
648961
93200
42881
268496
804792
253014
340084
672461
1605327
2663932
184440
1031667
30960
294194
3554461
8114479
660053
105334
519598
43901
516854
550177
31096
498800
2135158
112648
34466
145857
91952
879631
2805398
97650
76393
379486
421687
2035486
812068
66454
69989
53253
103531
71660
153044
2131219
119598
79496
489123
71151
498888
70949
58080
2126936
1665214
409524
1044459
3689951
47688
2163859
12039
147274
6811955
41435
27350
20003615
9304629
342214
50179
2210504
54608
95758
221809
659253
110500
148834
493726
397953
118700
101030
981189
1625280
245256
262214
10454
81059
5269280
130359
105432
151807
877064
330495
186537
897500
312537
118896
158125
43123
113481
126783
29054
1080463
3032681
328023
2026899
183288
74947
98542
1719659
18916259
3547869
480275
501619
336346
27218
606870
193493
2536586
1761598
736517
270194
6215427
17172
27153
66922
190376
68629
1355206
309985
207355
151392
71845
39872
111861
1565027
162310
299711
432153
94439
413286
195388
83763
356855
154528
244539
100578
223664
184217
1050017
43967
81874
18072
88923
53170
1054138
292092
4775852
141652
17030
257383
2685831
3183880
118902
3043407
133525
526991
264635
859715
2480791
2262592
2352141
362134
91948
1858935
5143991
88391
5482601
392904
2187066
422390
1812573
975641
4207336
64164
276825
229976
392496
60496
136598
584682
546487
19475
17623
235407
159361
392626
712379
77583
326058
182792
48957
112482
2946339
74593
829650
187092
36364
166015
24943
121114
40992
506517
27201
2315093
361721
537365
537121
363303
582507
1276749
77948
6192167
140795
22707
5474367
89617
1349772
32908
4484003
1263216
36137
221951
52912
7447836
1499511
133683
1978123
124084
769290
68620
8256
46709
1484555
237305
18748
51060
47179
1043120
567829
440363
49236
206422
1047836
1493352
814025
813467
41536
23746
114475
45502
1636445
1899982
628773
22646
120518
2169142
1406360
20650
19697
1319036
368086
3144646
92540
353645
543542
841034
227266
50815
166884
148102
809896
66499669
527812
188037
508198
15711
534763
27054
983958
3247389
1810661
1376146
45827
30625
52257
85226
1951546
284476
1807902
629461
185252
67480
1565402
79815
335359
5356670
1924010
1040101
181717
29017
153000
144690
1637432
5865091
186433
369991
164505
1099566
304951
1313406
95158
29987
503567
396448
164098
2197682
35775
157053
31256
1911405
683583
361137
20630
101022
480287
769351
38742
3455918
81320
78326
30825
71417
13757
312706
80557
237643
452542
424835
80880
221603
384753
113654
117017
972875
117131
216350
105973
303720
1167031
545642
1145449
506507
4182455
141583
7625427
47309
99727
71164
3086091
114202
90850
930923
469159
150332
117372
328602
146833
635911
66340
419072
51515
126292
24163
306570
1831022
4529244
45074
111172
155399
870614
14443
34220
3315987
69637
9803432
62926
75414
412693
7487086
366328
499235
33699
57213
113201
2436058
2578586
47171
442986
340966
603132
782363
7031408
71246
224365
186096
32918
986227
3060659
865881
351577
52617
180531
34692
1267789
1009875
419264
957111
124382
275009
821368
134529
880927
282081
29657
876187
60959
2970630
407635
26783
43100
3614781
22394
272101
5898
93907
72985
151000
808621
195779
98516
8082162
6929570
4964333
111071
555766
109070
40423
2303123
475976
6701674
93907
93423
3850560
1019748
883147
430558
135530
253542
59734
5123850
126220
46071
32272
2429337
86895
117981
910887
1075801
101845
6538488
173694
613785
1157442
48594
220097
838690
175914
36754
52845
198639
284634
8822971
10799971
250417
251391
404029
7046264
38148
25718
20493
1087979
381250
477041
308598
1227049
109022
1437120
3964562
1166321
977285
383166
42961
317930
69929
4080828
28342
723843
104420
521040
7254056
113319
354577
516073
404122
110144
312853
188022
1173179
170645
187599
446593
179970
885637
21311
37978
386382
892757
1372992
118350
201887
7940429
25302
181233
262935
6122298
55693
4180630
388460
111958
136532
310290
260539
327699
430198
57449
1368555
435496
73112
1292545
84390
970481
499657
972793
170263
127857
359486
797808
2713629
20663
228993
20410
310649
61422
75760
189576
29223
28162
20377
179445
874358
1924729
46986
197947
481868
859024
18481682
41082
2629176
309294
459215
85342
285631
69892
296230
1013656
152460
198877
346862
667157
208547
4458029
452660
797869
174917
251048
114936
142173
277130
131836
41914
563387
956211
5515131
312309
26474
1341945
40572
72175
3524284
133332
930555
94191
598236
90635
792682
1761915
43174
208360
371099
489798
68407
1067291
690160
45381
735259
647629
2854527
2053839
2746612
1453632
102070
87365
118791
3720637
8254
280958
418152
87446
126850
3739784
1630780
254691
13776745
520167
41817
3851
950353
52240
336156
21475
55739
793985
433148
257972
3697923
1710686
27298
686365
156195
44821
19737
58721
86341
7901913
274320
608942
911313
175542
172138
198419
119066
978739
44387
147248
1303481
6430569
122214
23178
41470
3709649
768459
427385
38059
32509
74371
55184
1522311
3255623
3150248
226600
448752
2693637
4320122
112829
1001058
38872
757867
358737
152502
28228
140629
46931
34157
608918
632993
169683
27347
14913
132564
4533336
2221016
3834593
863042
316284
37550
133758
485964
59994
401272
153998
22247
1790301
2331385
86114
30919
259915
930108
109036
675032
81323
827585
179684
101781
533790
473875
483662
86459
459700
27710
578050
1619632
87959
689761
1056852
293172
45530
300231
2246879
10806555
203497
137894
509812
38147
61654
644061
91067
1800398
265904
891081
2122374
123082
1059873
44315
204342
3905755
12790
7987
104663
50073
758706
1448080
10311600
1060195
28229
57930
1800730
559860
187830
48928
2788171
647176
517664
177988
104820
484670
28956
146729
2216991
2459750
449670
75081
156793
51455
42136
1617881
4470869
1476438
1523812
655212
24421
93934
56463
154372
160716
894983
259297
30521
3785350
3262348
72842
86307
44883
122642
138765
303314
157439
995406
1149232
2404738
30806
492003
114724
212505
64687
1186495
93425
579057
291018
38097
4676760
187844
305819
246626
809157
32496
1371912
217302
2241621
492694
824043
953405
364578
1810662
103562
905402
255933
55033
3194093
322444
105723
315757
251317
151531
197698
122086
1304889
876088
105085
181891
26867
146776
2344604
163919
400126
1318666
174267
19639
826170
78647
69053
361427
85903
261149
41972
446753
186715
144713
928737
61532
624196
385590
607031
2236418
84101
118937
23767
32186
37124
128163
17153
84220
60970
364127
34231
48291
269413
26402
650827
58558
1927940
269582
3447474
38548
264718
730520
266022
809427
943348
588004
155314
121216
781603
92433
809899
4185795
39327
1089008
183529
203716
10615
297376
1276639
2636035
35980
17236
11367
309298
67623
382667
67191
79640
149143
120661
2404039
168963
180617
60576
656008
229017
109349
1380255
59959
97693
649694
116996
19953
54941
100215
2324956
131462
39869
190783
150972
104994
129787
1176242
155263
63383
436176
155877
1957452
64729
296186
24672
149595
28528
275374
5773839
274181
1954351
158168
7229613
63354
35792
36497
36493
278209
296323
44706
13314
44104
108212
246613
173902
1092323
131484
1348818
10273194
78458
648088
36556
128391
115932
135675
1516727
299546
1054021
843846
1950104
1402126
789212
143747
760668
76584
86350
256784
52346
122981
242350
11368
115929
646728
38406
242010
38614
76374
46935
370382
1264054
72116
763320
1030905
511163
299548
78547
427956
40210
57300
1331112
55510
205718
113312
1920499
175154
341873
1493235
316613
406986
266787
218587
136374
320887
1616982
1019130
74812
69662
737585
7133719
94687
47785
108339
95660
960101
45833
2983969
106860
3823746
273903
89724
896880
176685
397413
39362
139690
790503
126558
1127256
1838097
272595
342115
175848
15876
29109
264343
111347
149013
161681
1137866
167551
22767
156519
204196
6984173
168514
62563
185527
2111568
64160
114140
1762788
104558
50661
559048
2012602
546633
96831
418255
225085
8930899
150144
18113
133229
85524
103251
47220
118263
3945615
1321710
91356
8312
447459
567270
76699
78351
218220
101878
160627
833130
4015636
332954
1006261
8846546
12385
52125
512900
99494
176704
1662869
73572
644115
8558
277873
413777
296658
117428
479276
295522
436016
66730
9901831
263604
515791
19331
19760
2719833
650187
820647
349782
303999
165055
79493
8711
751453
2502033
59254
102089
790654
168370
1339713
2132806
522844
89268
101932
6019781
2792671
215875
375417
1167880
190378
2194036
384544
482223
124132
450739
249463
27804
107096
44616
573829
1468533
105412
226509
135752
303059
135824
97945
48147
35816
50101
228737
73327
1844796
34217
208153
204151
827260
1947439
345371
550040
430415
4432732
242010
23327
21063
38550
2389362
871676
966751
26918
65158
46239
36871
27669
396348
31989
46379
59157
31950
556966
213424
282105
122064
337084
1713700
264116
1170623
275161
64433
1207732
110077
486651
92225
104625
308677
160296
1229620
1021162
159738
734661
214746
209120
392852
42504
6730243
789423
250821
398158
65542
18312
558904
48333
1623875
552502
5327100
339927
335256
1750337
82025
687766
280642
192481
37004
103381
403939
168173
1051040
20099
2367537
561543
5996024
87277
84018
927146
203206
2584767
2519885
24456
1364649
56776
4402454
3718994
68222
294019
664229
70804
659119
127917
1200084
296743
164296
286445
975444
23031
163529
135018
38932
3621577
296896
877360
2392986
509492
399428
147851
2245893
2112398
29439
480824
21954
15784
85139
11389
