0
0
0
0
0
0
0
0
0
0
0
0
0
0
0
0
0
0
0
-1
0
0
0
-1
0
0
0
0
0
0
0
0
0
0
0
0
0
0
0
0
-443595288
0
0
0
0
0
0
0
0
0
-1
0
0
0
0
0
0
0
0
0
0
0
0
-1
0
0
0
0
0
0
0
0
0
0
0
0
0
2131276861
0
0
0
-1670868399
0
0
0
0
0
0
-1
0
0
0
0
0
0
0
0
0
0
0
0
0
0
0
0
0
0
0
0
0
0
0
0
0
0
0
0
0
0
0
0
0
0
0
0
0
0
0
0
0
0
0
0
0
0
0
0
0
2131276974
0
0
0
0
0
0
0
0
0
0
0
0
0
0
0
859299727
0
0
0
0
0
0
0
0
0
0
0
0
0
0
0
0
0
0
0
0
0
0
0
0
0
0
0
0
0
0
0
0
0
0
0
0
0
0
0
0
0
0
0
0
0
0
0
0
0
-1
0
1773838193
0
0
0
0
0
0
-1872912608
0
0
0
0
0
0
0
0
0
0
-1
0
0
0
0
-844208876
0
0
0
0
-1
0
0
1773841202
0
0
0
0
0
0
0
0
0
0
-389823068
0
0
-1670753843
0
0
0
0
0
-1
0
0
0
0
0
0
0
0
0
0
0
0
0
0
0
0
0
0
0
0
0
0
0
0
550956071
0
-1
0
0
0
0
0
0
0
-1
0
0
0
0
0
0
1404543181
0
0
0
-1
0
0
0
0
0
0
0
-1
0
0
0
0
0
0
0
0
0
0
0
0
0
0
0
-387691631
0
0
0
0
0
0
0
0
0
0
2131261085
0
0
0
0
0
-1
0
0
0
0
0
0
-1
0
0
0
0
0
0
-1
0
0
0
0
0
0
0
0
0
0
0
0
0
0
0
0
0
0
0
0
0
0
0
0
0
0
0
1066650403
0
0
-1
0
0
0
0
0
0
0
0
0
0
0
0
0
1041448306
0
-1
0
0
0
0
0
0
0
0
0
0
0
-1
0
0
0
0
0
0
0
-1
0
0
-1
0
0
0
0
0
0
0
0
0
0
0
0
0
0
0
0
0
0
0
0
0
0
0
0
0
0
0
0
0
0
0
0
0
0
0
2131277286
0
0
0
0
0
549541283
0
0
0
0
-1
0
0
0
0
0
0
0
0
0
0
0
-1504497087
-831484454
0
0
0
0
0
-1
0
0
0
0
0
0
0
0
0
0
0
0
0
0
0
-1
0
0
0
0
0
0
0
0
0
0
0
0
0
0
0
0
0
0
0
0
-916767265
0
1118496396
0
0
0
0
0
0
0
0
0
0
0
0
0
0
0
0
0
-1
0
0
0
0
0
0
0
0
0
0
0
868354247
0
0
0
0
0
0
0
0
0
0
0
0
0
0
0
0
0
-1
0
0
0
0
0
0
0
0
-1
0
0
0
0
1300715513
0
0
0
0
0
0
0
0
-1
0
0
0
2131261381
0
0
0
-1
-1
0
0
0
0
0
0
0
0
0
0
0
0
0
0
0
0
1047795831
0
0
-1
0
0
0
0
0
0
0
-1925933035
0
0
0
0
0
0
0
0
0
0
-1
0
0
0
0
0
0
0
0
0
-1
0
0
0
0
0
0
0
0
0
0
0
0
0
0
0
0
0
0
-1
0
0
0
0
0
0
0
0
0
0
-1
0
0
0
0
0
0
-1
0
0
0
0
0
0
0
0
0
-1
0
0
0
0
0
0
0
0
0
0
-402301583
0
0
-1872984615
-837253925
0
0
-1
0
0
0
0
0
0
0
0
0
0
0
0
0
0
0
0
-1877310133
0
0
0
-1
0
-2047912297
0
0
0
0
0
0
0
0
0
0
0
0
0
0
0
0
0
0
0
0
0
0
0
0
0
0
0
0
0
0
0
0
0
-1
0
0
0
0
-1
0
0
0
0
0
0
0
0
-1
0
2131261084
0
0
0
0
0
0
0
0
0
0
0
0
0
0
0
0
0
0
0
0
0
0
0
0
0
0
0
0
0
0
0
0
0
0
0
0
0
0
0
0
0
0
1118496258
0
0
0
0
0
0
0
0
0
0
0
0
0
0
0
0
2131261071
0
-1
0
-1
0
0
0
0
0
0
0
0
0
0
-1
0
0
0
0
0
0
0
0
0
0
0
0
0
0
0
0
0
0
0
-1210619207
0
0
0
0
0
0
0
0
0
0
0
0
0
0
0
0
0
0
0
0
0
0
0
1304404121
0
0
0
0
0
0
0
0
0
0
0
0
0
0
0
1150217804
0
0
0
0
0
0
0
0
0
0
0
0
0
0
0
0
0
1118496330
0
0
0
-523416289
0
0
0
0
0
0
0
0
0
0
0
0
0
0
0
0
0
-1551339848
0
0
0
0
-1
0
0
-1
0
0
0
0
0
0
0
0
0
0
0
0
-1145330980
0
0
0
0
-1
0
0
0
0
0
0
0
-1
0
0
0
0
0
0
0
0
0
0
0
0
0
0
0
0
0
0
0
0
0
0
0
0
0
0
0
0
0
-1
0
0
0
0
0
0
0
0
0
0
0
0
-1
0
0
0
0
-1
0
0
0
0
0
0
0
0
0
0
0
0
0
0
0
0
0
0
661330028
0
0
0
0
0
0
0
0
0
0
0
-1
0
0
1512238063
0
0
0
0
0
0
0
0
-1925824710
0
0
0
0
0
0
0
0
0
0
0
0
0
-1731337078
0
-1
0
0
0
1523692243
0
0
0
0
0
0
0
0
0
0
0
0
0
0
0
0
0
-1
0
0
0
0
0
0
0
0
0
0
0
0
0
0
0
0
0
0
0
0
0
0
0
0
0
0
0
0
0
0
0
0
0
0
0
0
0
0
0
0
-1550542392
-1
0
0
0
0
0
0
0
0
0
0
0
0
-844197917
0
0
0
0
0
0
0
1766549472
0
0
0
0
0
0
0
0
0
0
0
0
0
0
0
0
0
0
0
0
0
0
0
0
0
0
0
0
0
0
0
0
0
0
977403619
0
0
0
0
0
772501384
0
0
-1
0
0
0
0
0
0
0
0
0
0
0
0
0
0
0
0
0
0
0
0
0
1066650553
0
0
0
0
0
0
0
0
0
0
-1339007058
0
0
-1
0
0
0
0
0
0
0
-1
0
0
0
0
0
0
0
0
0
0
0
0
0
0
0
0
0
0
0
0
0
0
-1
0
0
0
-1
0
0
0
0
0
0
0
0
0
0
0
0
0
0
0
0
0
-1169435404
0
0
0
0
0
0
0
0
0
0
0
0
0
-1
0
0
1118496263
0
0
0
0
0
-1
0
0
0
0
0
0
963643484
0
0
0
1118496719
0
0
0
0
0
0
0
0
0
0
0
0
0
0
0
0
-523417234
0
0
0
0
0
0
0
0
0
0
0
0
0
0
0
0
0
0
0
0
0
-1
0
0
0
0
0
0
0
0
0
0
0
0
0
0
-715562959
-837254865
0
0
0
1512328231
0
0
0
0
0
0
0
0
0
0
-1
0
807451027
0
0
0
0
-1
0
0
0
0
-1
0
0
0
0
0
0
-1
0
0
0
0
0
0
0
0
0
0
0
0
0
0
0
0
0
0
0
957980297
0
0
-1797672017
0
0
0
0
0
0
0
0
0
0
0
0
0
0
0
0
0
0
-1
0
0
0
0
0
0
0
0
0
0
0
0
0
0
0
0
0
0
0
-1160928539
0
0
-1
0
0
0
0
0
0
0
0
0
0
0
0
0
0
0
0
0
0
0
0
0
0
0
0
0
0
0
-1
0
0
0
0
0
0
0
0
0
0
0
0
0
0
0
0
0
0
0
0
0
-1
0
0
0
0
0
0
0
0
-1
0
0
0
0
-1
0
0
0
0
0
0
0
0
0
0
0
-1
0
1304314972
0
-1
0
0
0
0
0
0
-1797575323
0
0
0
0
2131261085
0
0
0
977403840
-523416311
0
0
0
0
0
0
0
0
0
0
0
0
0
-1
0
0
0
0
0
0
0
0
0
0
0
0
-1
0
0
0
0
0
0
0
0
0
0
0
0
0
0
0
0
0
0
0
0
0
0
0
-1
0
0
0
-1
0
0
0
0
0
0
0
0
0
0
0
0
0
0
0
0
0
0
0
-1
0
0
0
1318055975
0
0
0
0
0
0
0
0
0
0
0
0
839630239
0
0
0
0
0
0
-1
0
0
0
0
0
0
0
0
0
0
0
0
0
-1
0
-1
0
0
0
0
0
0
-1803275647
0
0
0
0
0
0
1476119946
0
0
0
0
0
0
0
0
0
0
0
-1
0
0
0
0
0
0
0
0
0
0
-1289606161
0
0
-1925824711
0
0
0
0
0
0
0
0
0
0
828288095
0
0
0
-1
0
0
0
0
0
0
0
0
0
0
0
0
0
0
0
0
0
0
0
0
0
0
0
0
0
0
0
0
0
0
0
-1
0
0
0
-1
0
0
0
0
0
0
2131276980
0
0
0
0
0
0
0
0
0
0
0
0
0
0
0
0
0
0
0
0
1523665630
-1
-1
0
0
0
0
0
-1
-1
0
0
0
0
0
0
0
0
0
0
0
0
0
0
0
-1
0
0
0
0
0
0
0
0
0
0
0
0
0
0
0
0
0
-1
0
-1
0
0
0
0
0
0
0
0
0
0
0
0
0
0
0
0
0
0
0
0
0
0
0
0
0
0
0
0
-1565598052
0
0
0
0
0
0
0
0
0
0
0
0
0
-844155521
0
0
0
0
0
-1
0
0
0
0
0
0
0
0
906391273
0
-1
0
0
0
0
0
0
0
0
0
0
0
0
0
0
0
0
0
0
0
0
0
0
0
0
0
0
0
0
0
0
0
0
0
-1
0
0
0
0
0
0
0
0
0
0
0
0
0
0
0
0
0
0
0
0
0
0
0
0
0
0
0
0
0
0
0
0
0
0
0
-1551286118
0
0
0
0
0
0
0
0
0
0
0
0
0
0
812926718
800585681
0
0
0
0
0
0
0
0
0
0
0
0
0
0
0
1065291756
0
0
0
0
0
0
0
-1
0
0
0
0
0
0
0
0
0
0
0
0
0
0
0
0
0
0
0
0
0
0
0
0
0
0
0
0
0
0
-1
0
0
0
0
0
0
0
0
0
0
0
0
0
0
0
0
0
0
0
0
0
0
0
0
0
0
0
0
0
0
0
0
0
0
0
0
0
0
0
1523692252
1304365194
0
0
0
0
0
0
0
0
772528858
-1
0
0
0
0
0
549543069
0
0
0
0
0
0
0
0
878214471
0
0
0
-1
0
0
0
0
0
0
0
0
0
0
0
0
0
0
0
0
0
0
0
0
0
-1726333657
0
0
0
0
0
0
0
0
0
0
0
0
0
0
0
0
0
0
0
0
0
0
0
0
0
0
0
0
0
0
0
0
0
0
0
-1
0
-837197479
0
0
0
0
0
0
0
0
0
0
0
0
0
0
0
0
0
0
0
-831226718
0
0
0
0
0
0
0
0
0
0
0
0
0
0
0
0
0
0
0
0
0
0
0
0
0
0
0
0
0
0
0
0
0
0
0
0
0
0
0
0
0
0
0
0
0
0
0
0
0
0
0
0
0
0
0
0
0
0
0
0
0
0
-1
0
0
0
0
0
0
0
0
0
0
0
0
0
0
0
0
0
0
0
0
0
777638409
0
0
0
0
0
2131261074
1183338403
0
0
0
0
0
0
0
0
0
0
0
0
0
0
0
0
0
0
-1797778053
0
0
0
0
2131259508
0
0
0
-837246595
0
0
0
0
0
0
0
0
0
0
0
0
0
0
0
0
0
0
0
0
0
0
0
0
0
-2047883163
0
0
0
0
0
0
0
0
0
0
0
0
0
0
0
0
0
0
-1841620352
0
0
0
0
0
0
0
-399321853
0
0
0
0
0
0
-1
0
0
1043609098
-1249712010
0
0
0
0
0
0
0
0
0
0
0
0
0
1066650378
0
-1
0
0
0
0
0
-1
0
0
0
0
-1
0
0
0
0
0
0
1928397086
0
0
0
0
0
0
0
0
0
0
0
0
0
1773838075
-1
0
0
0
0
0
0
0
0
0
0
0
0
0
0
0
0
0
0
0
0
0
0
0
0
0
0
0
0
0
0
0
0
0
0
0
0
0
0
0
0
0
0
0
0
0
0
0
0
0
0
0
0
-1925691715
0
0
0
0
-387691631
0
0
0
0
0
0
0
0
0
0
0
0
0
0
0
0
0
0
0
0
-1475371593
0
-1301622489
0
0
0
0
0
0
0
0
0
0
-1797684858
0
0
-1220249835
0
0
0
-1
0
0
0
0
0
0
0
0
0
0
0
0
0
0
0
0
0
0
0
0
0
0
0
0
0
0
0
0
0
0
-1
0
-1
1150181212
0
0
0
0
0
0
0
0
0
0
0
0
0
0
0
0
0
0
0
0
0
0
0
0
0
0
0
0
0
0
-1
0
0
0
0
0
0
0
0
0
0
0
0
0
0
0
0
0
0
0
0
0
0
0
0
0
0
0
0
0
0
0
0
0
0
0
0
0
0
0
0
0
0
0
-1
0
0
0
0
0
0
906391229
0
0
0
0
0
0
0
0
0
0
0
0
0
0
0
0
0
0
0
0
-1
0
0
-1
0
0
0
0
0
0
549536124
0
0
-1
-832492181
0
0
0
0
0
0
0
0
0
0
881141652
0
0
0
0
0
0
0
0
0
0
0
0
0
0
0
0
0
0
0
0
0
-1
0
0
0
0
0
0
0
0
0
0
-1
0
0
0
0
0
0
0
0
0
0
0
0
0
0
0
0
0
0
0
0
0
0
0
0
0
0
0
0
0
0
0
0
-832460643
0
0
0
1472620837
0
0
0
0
0
0
0
0
0
0
0
0
0
0
0
0
0
0
0
875230343
0
0
0
0
-1
0
-1
0
0
0
0
0
0
0
0
0
0
-1
0
0
0
0
0
0
0
0
0
0
0
551051040
0
0
0
0
0
0
0
0
0
0
0
0
0
0
0
-1
0
0
0
0
0
0
0
-1782290158
0
0
-1
0
0
0
2131277276
0
0
0
0
0
-1254714081
-1
0
0
0
0
0
0
0
0
0
0
0
0
0
0
0
0
0
0
0
0
0
0
0
0
0
0
0
-1724303598
0
0
0
881144047
0
0
0
0
1118496331
0
0
0
0
0
0
0
0
0
0
0
0
0
-844206670
0
0
0
0
0
0
-1
0
0
0
0
0
0
0
-844182057
0
0
0
0
0
0
1118496396
0
0
0
0
0
0
0
0
0
0
0
0
0
0
0
0
0
977403841
0
0
0
0
0
0
0
0
0
0
0
0
0
0
0
0
0
0
0
0
0
0
-2046923875
0
0
0
0
0
0
-844207584
0
0
0
0
0
0
0
0
0
0
-1
0
0
0
0
0
0
0
0
0
0
1150181214
-1
0
0
0
0
0
0
-1797631504
0
0
0
0
0
0
0
0
0
1066650388
0
0
0
0
0
0
0
0
-1
0
0
0
0
0
0
0
0
0
0
0
0
-1
0
0
0
0
0
0
0
0
0
0
880011167
0
0
0
0
0
0
0
0
0
-1
0
0
-1504496401
0
0
0
0
0
0
0
0
0
0
0
0
0
0
0
0
0
0
0
0
0
0
0
-1843606000
-1797675603
0
0
-916446443
0
0
-1
0
0
0
-109404791
0
0
0
0
0
0
0
0
0
0
0
0
0
0
0
0
549540117
0
0
0
0
0
0
0
0
0
0
0
0
0
0
0
0
0
0
0
0
0
0
0
0
0
0
0
0
0
0
0
0
0
0
0
0
0
0
868354250
0
1304365159
0
0
0
0
0
0
0
0
0
-1
-1
0
0
0
0
0
0
0
0
0
0
0
0
0
0
0
0
0
0
0
0
0
-1
0
0
0
0
0
0
0
0
0
-1
0
0
0
-1308001611
0
0
0
0
0
0
0
0
0
0
0
0
0
0
0
0
0
0
0
0
0
0
0
0
0
0
0
0
0
0
0
0
0
0
0
0
0
0
0
0
0
0
0
0
0
-1
0
0
0
0
0
0
0
0
0
0
0
0
0
0
0
0
0
0
0
0
0
0
0
0
0
0
0
0
0
0
0
0
0
0
0
0
0
0
0
0
0
0
0
0
0
0
0
0
0
0
-1
0
0
0
0
-1504494772
0
0
967830833
0
0
0
-1
0
0
0
0
0
0
0
0
0
0
0
0
0
0
0
0
0
0
0
0
0
0
0
0
0
0
0
549532472
-1
0
0
0
0
0
0
0
0
0
0
0
0
0
0
0
0
0
0
0
0
0
-1
0
-1
0
0
0
0
0
0
0
969417005
0
-1
0
0
0
0
-1
0
0
0
0
0
0
0
0
0
-1
0
0
0
0
0
0
0
0
0
0
0
0
0
0
0
0
0
0
0
0
0
0
0
0
0
0
0
0
0
0
-1
0
0
0
0
0
0
0
-1797765551
0
0
0
0
0
0
0
0
0
0
0
0
0
0
0
0
0
0
0
0
0
0
0
0
0
0
0
0
0
0
0
0
1304306005
0
0
0
0
0
868354273
0
0
0
0
0
0
0
2131261085
0
0
0
0
0
0
0
0
0
0
0
0
0
0
0
0
0
0
0
0
0
0
-1644575902
0
0
0
0
0
0
0
0
0
0
0
-1
0
-1
-1
0
0
0
0
0
0
0
1523692254
0
0
0
0
0
0
0
0
-389569361
0
0
0
0
0
-1
0
0
0
0
0
0
0
0
2131259708
0
1041448316
0
0
0
0
0
0
0
0
0
0
0
0
-1
0
0
0
0
0
0
0
0
0
0
0
0
0
0
0
0
0
0
0
0
0
0
0
0
0
0
0
0
-1
0
0
0
0
0
0
0
0
0
0
0
0
0
0
0
0
0
0
0
-1
0
0
0
0
0
878187555
0
0
0
0
0
0
-1
0
0
0
0
0
0
0
0
0
0
0
0
0
0
0
0
0
0
-1456267138
0
0
0
0
0
0
0
0
0
0
0
0
0
0
0
0
0
0
0
2131261395
0
0
0
0
0
0
0
0
0
0
0
0
0
0
0
0
0
0
0
0
0
0
0
0
0
-1726334993
0
0
0
0
0
0
0
0
0
0
0
0
0
0
0
0
0
0
0
0
0
0
0
0
0
0
0
0
0
0
0
0
0
-1
0
0
0
0
0
0
0
0
0
0
-1
0
878214467
0
0
0
-1
0
-1789424757
0
0
0
-1218066763
0
0
0
0
0
0
0
0
0
0
0
0
0
0
0
0
0
0
0
0
0
0
0
0
0
-1
0
0
0
0
0
0
0
0
0
0
0
0
0
1041448034
0
0
0
0
-1
0
0
0
0
0
0
0
0
0
0
0
0
0
0
0
0
0
0
957980309
0
0
0
0
0
0
0
-1
0
0
0
0
0
0
0
0
0
0
0
0
0
0
0
0
0
0
0
0
0
0
0
0
0
0
0
-1
0
0
0
2131259422
0
0
0
0
0
0
0
0
0
0
0
0
0
-1782293145
0
0
0
0
0
0
0
0
0
0
0
0
0
0
-1
0
0
0
0
0
0
0
-2076136111
0
0
0
-1
0
0
0
0
0
0
0
0
0
0
0
0
0
0
0
0
0
0
0
0
0
0
0
0
0
0
0
0
0
-1
0
0
0
0
0
0
0
0
0
0
0
0
0
0
0
0
0
0
0
0
0
0
0
0
0
0
0
0
0
0
0
0
0
0
0
0
0
0
0
0
0
912282163
0
0
0
0
0
0
0
0
0
0
0
0
0
0
0
0
0
0
1118238814
0
0
0
0
0
0
0
0
0
0
0
0
0
0
0
0
0
0
0
1041649651
0
0
0
0
0
0
0
0
0
0
0
0
0
0
0
0
0
0
0
0
0
0
0
0
0
0
0
0
0
0
0
0
-1
0
0
0
0
0
0
0
0
0
0
-1
0
-1
0
0
0
0
0
-523417218
0
0
1304332338
-844195591
0
0
0
0
0
-1925824716
0
0
0
0
0
0
-1
-1
-1
-1726334993
0
0
0
0
2131259737
0
0
2131277230
0
0
0
0
0
0
0
0
0
0
0
0
0
0
0
0
0
0
0
0
0
0
0
0
0
0
0
1150170582
0
0
-1
0
0
0
856510572
0
0
0
0
0
0
2131276867
0
0
0
0
0
0
0
0
0
0
0
0
977403512
0
0
0
0
0
0
0
0
0
0
0
0
0
0
-1
0
-1145331024
0
0
0
0
0
-1
0
0
0
0
0
-1
0
0
0
0
0
0
0
0
0
0
0
0
0
0
0
0
0
0
0
0
1118496235
0
0
0
0
0
0
0
0
0
0
0
0
0
0
-1
0
0
0
0
0
0
0
0
-1
0
0
0
0
0
0
0
0
0
0
0
0
0
0
0
0
-831484948
0
0
0
0
0
0
0
0
0
0
0
0
0
0
0
0
0
0
0
-387691632
0
0
-1
0
0
-1
0
0
-1
0
0
0
0
0
0
0
0
0
0
0
0
-1
0
0
0
0
0
0
0
0
0
0
0
0
0
0
0
0
0
0
0
0
0
0
0
0
0
0
0
0
0
0
0
0
0
0
0
0
0
0
0
0
0
0
0
0
0
-1
0
0
0
0
0
0
0
0
0
0
0
0
0
0
0
0
0
0
0
0
0
0
0
0
0
0
551051098
0
0
0
0
0
0
0
0
0
0
0
0
0
0
0
0
0
0
0
0
0
0
0
0
0
0
0
0
0
0
0
0
0
-1
0
0
0
0
0
-1169435404
0
-2047912265
0
0
0
0
0
0
0
0
0
0
0
0
-1
0
0
0
0
0
0
0
0
0
0
0
0
0
0
0
0
0
0
0
0
0
0
0
0
0
-2046904903
-50328319
0
0
0
0
0
0
0
0
0
0
0
0
0
0
0
0
0
0
0
-1
0
0
0
0
0
1312316139
0
0
0
0
0
0
0
0
0
-837267831
0
0
-1
0
0
0
0
0
0
0
0
0
0
0
0
0
0
0
0
0
0
0
0
0
0
0
0
0
0
0
0
0
0
2131261069
-1
0
0
-1797733490
0
0
1041448281
0
0
0
0
0
0
0
0
0
0
0
0
-1
0
0
0
0
0
0
0
0
0
0
0
0
0
0
0
0
0
0
0
0
-1
1304409381
-1
0
0
0
0
0
0
0
0
0
0
0
0
0
-1
0
0
0
0
0
0
0
0
0
0
0
0
0
0
0
0
0
0
0
0
0
0
0
0
0
0
0
0
0
0
0
0
0
0
0
0
0
0
0
0
0
0
0
-1
-1
0
0
0
0
0
0
0
0
0
0
-399321853
0
0
0
0
0
0
0
0
0
0
0
0
0
0
0
0
0
0
0
0
0
0
0
0
0
0
0
0
0
0
0
0
0
0
0
0
0
0
0
0
0
0
0
0
0
0
0
0
0
0
0
0
0
0
0
0
0
0
0
0
0
0
0
0
0
2131277083
0
0
0
0
0
0
0
0
0
-831487062
0
-388745465
0
0
0
0
0
0
0
0
0
0
0
0
0
0
0
-1
0
0
0
0
0
0
0
0
0
880011167
0
0
0
0
0
0
0
0
0
0
-1
0
0
0
0
0
0
1118496330
0
0
0
1523692253
-946875450
0
0
0
0
0
0
0
0
0
0
0
0
0
0
0
0
0
0
0
0
0
0
0
-1
0
0
0
0
0
0
0
0
957980356
0
0
0
0
0
0
0
0
0
0
0
0
-2047912264
0
0
0
0
0
-1
0
0
2131259788
0
0
0
0
0
0
0
0
0
0
0
0
0
0
0
0
0
0
0
0
0
0
0
0
0
1304402316
0
0
0
0
0
0
0
0
0
0
0
0
0
0
0
0
0
-1
0
0
-1661474692
0
0
0
0
0
0
0
0
0
0
0
0
0
0
0
0
0
0
0
0
0
0
0
0
0
0
0
0
1150181274
0
0
0
0
0
0
0
0
0
0
0
0
0
0
0
0
0
0
0
0
0
0
-1
0
0
0
0
0
-1
967830832
0
0
0
0
0
1118496235
0
0
0
0
0
0
0
0
0
-1
0
0
0
661957471
0
0
0
0
0
0
0
0
0
0
0
0
0
-1145331539
0
0
0
0
0
0
0
0
-1
0
0
0
0
0
0
0
0
0
0
0
0
0
0
0
0
0
0
0
0
0
0
0
0
0
0
0
0
0
0
0
0
0
0
0
0
0
0
0
0
0
0
0
0
0
0
0
0
-1
0
0
0
0
0
0
0
0
-1
0
0
0
0
0
0
0
0
0
0
0
0
-1
0
0
0
0
0
0
0
0
1066650378
-1
0
0
0
0
0
0
0
0
0
0
0
0
859436721
0
0
0
0
0
0
0
0
0
0
0
-849199850
0
0
0
0
0
0
0
0
0
0
-1766001843
0
0
0
0
0
0
0
0
0
0
0
0
0
0
0
0
2131277241
0
0
0
0
0
0
0
0
-1
0
0
0
0
-1
0
0
0
0
0
0
-1
0
0
0
0
0
0
0
0
0
0
0
0
0
-1
0
0
0
0
0
0
0
0
0
0
0
0
0
1773841201
0
0
0
0
0
0
0
0
0
0
0
0
0
0
0
0
-1
0
0
0
0
0
0
0
0
0
0
0
0
0
0
0
0
0
-1
0
0
0
0
0
0
0
0
0
0
0
0
0
0
0
0
0
0
0
0
0
0
0
0
0
0
0
0
-918442311
0
0
0
0
1304349362
0
0
0
1118496235
0
0
0
0
0
0
0
0
0
0
0
0
0
0
0
0
0
-1
0
0
0
0
0
0
0
0
0
0
0
0
0
0
0
0
0
0
-1726341854
0
-1
0
0
0
0
0
0
0
0
0
0
0
0
0
0
0
-1
0
0
0
0
0
0
0
0
0
0
-1
0
0
0
0
0
0
0
0
0
0
0
0
0
0
0
-1
0
0
0
0
0
0
0
0
0
0
0
-1797598418
0
0
0
0
0
0
0
0
0
0
0
0
0
0
0
-1
0
0
0
0
0
0
0
-1
0
0
0
0
0
0
0
0
0
0
0
0
0
0
0
0
0
0
-1
0
0
0
0
0
0
0
0
0
0
0
0
0
0
0
1511330496
0
0
0
0
0
0
0
0
-1
0
0
0
0
0
0
0
0
0
0
0
0
2131276992
961807133
0
-1
1041448285
0
0
949151044
0
0
0
0
-1
0
0
0
0
0
0
0
0
-1
0
-387692132
0
0
0
0
0
0
0
0
0
-844159553
0
0
0
0
0
0
0
1070211200
0
0
0
0
0
0
0
0
0
2131277284
0
0
0
0
0
0
0
0
0
0
0
0
661489281
0
0
0
0
0
0
0
1511330687
0
0
0
0
0
0
0
0
0
0
0
0
0
0
0
0
0
0
0
0
1118496235
0
0
0
0
0
0
0
0
0
0
0
0
1150181195
0
0
0
0
0
0
0
-1076813268
0
0
0
0
0
0
0
0
0
1150217746
0
0
0
880011166
0
0
0
-1
0
0
0
0
0
0
0
0
0
0
0
0
-1
0
0
0
0
0
0
0
-1726335116
0
0
0
0
0
0
0
0
0
0
0
0
0
0
-837197478
0
0
0
0
0
0
0
0
0
0
0
-387691644
0
-1
0
0
0
0
0
0
-1
0
0
0
0
0
0
0
0
0
-523416289
0
0
0
0
0
0
0
0
0
0
0
0
0
0
0
0
0
0
0
0
0
0
0
0
0
0
0
0
0
0
0
0
0
0
0
0
0
0
0
0
0
0
0
0
-389821589
0
0
0
0
0
0
0
0
0
0
0
0
0
0
0
0
0
0
0
0
0
0
0
0
0
0
0
0
0
0
0
0
0
0
0
0
0
0
0
0
0
0
0
0
0
0
0
0
0
0
0
0
0
0
0
0
0
0
0
-1
0
0
0
0
0
0
0
0
0
0
0
0
0
0
0
0
0
0
0
0
0
1304338624
0
0
0
0
0
0
0
0
0
0
0
0
0
0
0
0
0
0
0
0
0
0
0
-914465302
-1644325727
0
0
0
0
0
0
0
0
0
0
0
-1
0
0
0
0
0
0
0
0
0
0
0
0
0
0
0
0
0
0
0
0
0
0
0
0
0
0
0
0
0
0
0
0
0
0
0
0
906391168
0
0
0
0
0
0
0
0
0
0
0
0
0
-1
0
0
0
0
0
0
0
0
0
-1
0
0
0
0
0
0
0
0
-1
971519348
0
0
0
0
0
0
0
0
0
0
0
0
0
1118496229
0
0
0
0
0
0
0
0
0
0
0
0
0
0
0
0
0
0
0
0
0
0
0
0
0
0
-387691617
0
0
0
0
1353425770
0
0
0
0
1041649391
0
0
-1087761254
-837287394
0
0
0
0
0
0
0
0
0
0
0
0
0
0
0
0
-1
0
0
591375649
-1
0
0
0
0
0
0
0
-1
0
0
0
0
0
0
0
0
0
0
0
0
0
0
0
0
0
0
0
0
0
0
0
0
0
0
0
0
0
0
0
0
0
0
0
0
0
0
0
0
0
0
0
868354281
0
-837239241
0
0
0
0
0
0
0
0
0
0
0
0
0
0
-1339007847
0
0
0
0
0
0
0
0
0
0
0
0
0
0
0
0
0
0
0
0
0
0
0
-1
0
0
0
-1169435404
0
0
0
0
0
0
0
0
0
0
0
0
0
0
0
705759212
0
0
0
0
0
0
0
0
0
0
0
0
0
-1
0
0
0
0
0
0
0
-1
0
0
0
0
0
0
0
0
0
0
0
0
0
0
0
0
0
0
0
0
0
0
0
0
0
0
0
0
0
-1
0
0
-1
0
0
-1
0
-1339007085
0
0
0
0
0
0
0
0
0
0
0
0
0
0
0
0
0
-523417234
0
0
0
0
0
0
0
0
0
0
0
0
-523417218
0
0
0
0
0
0
0
0
0
0
0
0
0
0
0
0
2131277113
0
0
0
0
0
0
-1
0
0
0
0
0
0
0
0
0
0
0
0
-916447062
-1670753904
0
0
0
0
0
0
0
0
1118496229
0
0
0
0
0
0
0
0
0
0
0
0
0
0
0
0
0
0
0
0
0
0
0
0
0
0
0
0
0
0
0
0
0
0
0
0
0
0
-1
0
0
0
0
0
0
0
0
0
0
0
0
0
0
0
0
0
0
0
0
0
0
0
2131259469
-1
0
0
0
0
0
0
0
0
0
0
0
0
-832460643
0
0
-1
0
0
0
0
0
0
0
0
0
2131261085
0
0
0
0
0
0
0
0
0
0
0
0
0
0
0
0
0
0
0
0
-1
0
0
0
0
0
0
0
0
0
0
0
-387691644
0
0
0
0
0
0
0
0
0
0
0
0
0
0
0
0
0
0
0
-1
0
0
0
0
0
0
0
0
0
0
0
0
0
0
1714184277
2131261412
0
0
0
0
0
0
0
0
0
0
0
0
0
0
0
0
-1218066816
977403751
0
0
0
0
0
0
0
0
0
0
800585524
0
0
-1
0
0
0
0
0
-1
0
0
0
0
-1
0
0
0
0
0
0
0
0
-399029905
0
0
0
0
0
0
0
0
0
0
0
0
0
0
0
0
0
0
0
0
0
0
0
0
0
1523608738
0
0
1349802752
0
0
0
0
0
0
0
0
0
0
0
0
0
0
-1
0
0
0
0
0
0
0
0
906391273
0
0
0
0
0
0
0
0
0
0
0
0
0
0
0
0
0
0
0
0
1301132657
0
0
0
0
0
0
0
0
0
-1098337178
1115918038
0
0
-1797628579
0
0
0
0
-1
0
0
0
0
0
0
0
0
0
-1
0
0
0
0
0
0
0
0
0
0
0
0
0
0
0
-1
0
0
0
0
0
0
0
0
0
0
0
0
0
0
0
0
-1
0
0
0
0
0
0
0
0
0
0
0
0
0
0
0
0
0
0
0
0
0
0
0
0
0
0
0
0
0
0
-1
0
0
0
-914375799
0
0
0
0
0
0
0
0
-1504494416
0
0
0
0
0
0
0
-1
0
0
0
0
0
0
0
0
0
0
0
0
0
0
0
0
-1
0
0
0
0
0
0
0
0
0
0
0
0
0
0
0
0
0
0
0
0
-1
0
0
0
0
0
0
0
0
0
0
0
0
-1
0
0
0
0
0
0
0
0
0
0
0
0
0
0
0
0
913272897
0
0
0
0
0
0
0
0
0
0
0
0
1150181183
1047950762
0
-390723872
0
0
-1
-774802241
0
0
0
-1
0
0
0
0
0
-387692542
0
0
0
-1
0
-1662103969
0
0
0
0
0
0
0
0
0
0
0
0
0
0
0
0
0
0
0
1150157966
0
0
0
0
0
0
0
0
0
1304306005
0
0
0
0
0
0
0
0
0
0
-1
0
0
0
0
0
0
0
0
0
0
0
0
0
-1
0
0
0
0
0
0
0
0
0
0
0
0
0
0
0
0
0
0
0
-1
0
0
0
0
0
-1
-1
0
0
-1
0
2131276962
0
0
0
0
0
0
0
0
0
0
977403618
0
0
-1
0
0
0
0
0
0
0
0
0
0
0
-387691632
0
-1
0
0
0
0
0
0
0
0
0
0
0
0
-1872931461
0
0
0
0
0
0
0
0
0
1041649651
0
0
0
0
0
0
0
0
0
0
0
0
0
0
0
0
0
0
0
0
0
0
0
0
0
0
0
0
-399979603
0
0
0
0
0
0
0
0
0
0
1118495769
0
0
0
0
0
0
0
0
0
0
0
0
0
0
0
0
0
0
0
-1
-837239676
0
0
-1
1316321557
0
0
0
0
0
0
0
0
0
0
2131260068
0
0
0
0
0
-387691619
0
0
0
0
-1097571225
0
0
0
0
0
0
0
0
0
0
0
0
0
0
0
0
0
0
0
0
0
0
0
-1
0
0
-1
0
0
-914374857
0
0
0
0
-1169435404
0
0
0
0
1512238063
0
0
0
0
0
0
0
0
0
0
0
0
0
0
0
0
0
0
2130041915
0
551051134
0
0
0
0
0
0
0
0
0
-1
0
0
0
0
0
0
0
-914375386
0
0
0
0
0
0
0
0
0
0
0
0
0
0
0
0
0
0
0
0
0
0
-1
0
0
0
0
0
0
0
0
0
0
0
0
0
0
0
0
0
0
0
0
0
0
0
0
0
0
0
0
0
0
0
-1
0
0
0
0
0
0
0
0
0
0
0
0
-1
0
0
0
2131261410
0
0
0
0
0
0
0
0
0
-1
0
0
-1
0
0
0
-1
0
0
0
0
1301131526
0
0
0
0
0
0
-844193918
-1
0
0
0
0
0
0
0
0
0
0
0
0
0
0
0
0
0
0
0
-1
0
0
0
0
0
0
0
0
0
0
0
0
0
0
0
0
0
0
0
0
0
-1
0
0
0
0
0
0
0
0
0
0
0
0
0
0
-1803279027
0
0
0
0
0
0
0
0
0
0
0
0
0
0
0
0
0
-1
0
0
0
0
0
0
0
0
0
0
0
0
0
0
0
0
-523416311
0
0
-1
0
0
0
0
0
0
0
0
0
0
0
0
0
0
0
0
-1
0
0
0
0
0
-1
0
0
0
0
0
0
0
1511330485
0
878211096
0
0
0
0
0
0
0
0
0
0
0
0
0
0
0
0
0
0
0
0
0
0
0
0
0
0
0
0
0
0
0
0
0
0
0
0
-1
0
0
0
0
0
0
0
0
0
0
0
0
0
0
0
0
0
0
0
0
0
0
-1
0
0
0
-837287394
-1
0
0
0
0
0
0
0
0
0
0
0
0
0
0
0
0
0
0
0
0
0
-1218066772
0
-1
0
0
0
0
0
0
0
0
0
0
0
0
0
0
0
0
0
0
0
0
0
-1
0
1062973295
0
0
0
0
0
1523695204
0
0
0
0
0
0
0
0
0
0
0
0
0
0
0
0
0
0
0
0
0
0
0
0
-1
0
0
0
0
0
0
0
0
0
0
0
0
0
0
-1
0
0
0
0
0
0
0
-1301622466
0
0
1523679938
0
0
0
0
0
0
0
0
0
0
0
0
0
0
0
0
0
0
-1
0
0
0
0
0
0
0
0
0
0
0
0
0
0
0
0
0
0
0
0
0
0
0
0
0
0
0
0
0
0
0
-523416311
795921858
2131261086
0
0
0
0
0
0
0
0
0
0
0
0
-1797612377
0
0
0
0
0
-1
0
0
0
0
0
0
0
1523608738
0
0
0
0
0
0
0
0
0
0
0
0
0
0
0
0
0
0
1404550171
-1
0
0
0
0
0
0
0
0
0
0
0
0
0
0
0
0
0
0
1041448303
0
0
0
0
0
0
-1
0
0
0
0
0
-1
0
0
0
0
0
0
0
0
0
0
0
0
0
0
0
0
0
0
0
-1
0
0
0
0
0
0
-1
0
-1
0
-1
0
0
0
0
0
0
0
0
0
0
0
0
0
0
1066650384
0
0
0
0
0
0
0
-523417292
0
0
0
0
0
0
0
0
0
0
0
0
0
0
0
0
0
0
2131261383
0
0
0
0
-1169435404
0
0
-1
0
0
0
0
0
0
0
0
0
-523417222
0
-1
0
1041448299
0
0
0
-1
0
0
0
0
0
0
0
0
0
0
0
0
1150168543
0
0
0
0
0
957340894
-1
0
0
0
0
0
0
0
0
0
0
0
0
0
0
0
0
0
0
0
0
-1
-2046905059
0
0
0
0
0
0
0
0
0
0
0
1150209518
0
0
0
0
0
0
0
0
-1
0
0
0
0
-1
0
0
0
0
0
0
0
0
0
0
0
0
0
0
0
-1
1118496235
0
2131261071
0
0
0
0
0
0
0
0
0
0
0
0
0
0
0
0
0
0
0
0
0
0
0
0
0
0
0
0
0
0
0
0
0
0
0
0
0
0
0
0
0
0
0
0
0
0
0
0
0
0
0
0
0
0
0
0
0
0
0
0
0
0
-1
0
0
0
0
0
0
0
0
0
0
0
0
0
0
0
0
0
0
-844208876
0
0
0
0
0
0
0
0
0
-1
0
0
0
0
0
0
0
0
0
0
0
0
0
0
0
0
0
0
0
0
0
0
0
0
0
0
0
0
739217102
0
0
0
0
0
0
0
0
-387691617
0
0
0
0
0
0
0
0
0
0
0
0
0
0
0
0
0
0
0
0
0
0
0
0
0
0
0
0
0
0
0
0
0
-1797641525
0
0
0
-1
0
0
0
0
0
0
0
0
0
0
0
0
0
0
0
0
0
0
0
0
0
0
0
0
0
0
0
-1
0
0
0
0
0
0
-1
0
0
0
0
0
0
0
0
0
0
-1211142430
0
0
0
0
0
0
0
0
0
0
0
0
0
0
0
0
0
0
0
0
0
0
0
0
0
0
-1
0
0
0
0
0
0
0
-916862276
0
0
0
0
0
0
0
0
0
0
0
0
0
0
0
-1
0
0
0
0
0
0
0
0
1301131526
0
0
0
0
0
0
0
0
0
0
0
0
0
0
0
0
0
1304320139
0
0
0
0
0
0
-1
0
0
0
0
0
0
0
0
-1
0
0
0
-1
0
0
0
0
0
0
0
0
0
0
0
0
0
0
0
0
0
0
0
0
0
0
0
0
0
0
0
0
0
-1
0
0
0
0
0
0
0
0
0
-1
0
0
0
0
0
0
0
0
0
0
0
0
0
0
0
0
0
0
0
0
0
0
0
0
0
0
0
1150170546
0
0
0
0
0
0
-1
0
0
-1301622438
0
0
0
0
0
0
0
0
0
0
0
0
-1
0
0
0
0
0
0
0
0
0
-387691632
-1
0
0
0
0
0
0
0
0
0
0
0
0
0
-1246951974
-1
0
0
0
0
0
0
0
0
0
0
0
-1
0
0
0
0
549536074
0
0
0
0
0
0
0
881144161
0
0
0
0
0
0
0
0
0
0
0
0
0
0
0
0
0
0
0
-387691617
0
0
0
0
0
0
0
0
-1
0
0
0
0
0
0
0
0
0
0
0
0
0
0
0
0
0
0
0
0
0
0
0
0
0
0
0
0
0
0
0
0
0
0
0
-1
0
0
0
0
0
0
0
0
1066650381
0
0
0
0
0
0
0
0
0
0
0
0
0
0
0
1118496388
0
0
0
0
0
0
0
0
0
0
0
0
0
0
0
0
0
0
0
0
0
0
0
0
0
0
0
0
0
0
0
0
0
0
0
0
0
0
0
0
0
0
0
0
0
0
0
-1504496750
0
0
0
0
0
0
0
-1
0
0
0
0
0
0
0
0
0
0
0
0
0
-1
0
0
0
0
0
0
0
0
0
0
0
1773841201
-1
0
0
0
0
-1
0
0
0
0
0
0
0
0
0
0
0
0
-1
0
0
-1
0
0
0
0
0
0
0
0
0
1066650597
0
2131259788
0
0
0
0
0
0
0
0
0
0
0
0
0
0
0
0
0
-1
0
0
0
0
0
0
0
0
0
0
0
0
0
0
0
0
0
0
0
0
0
0
0
0
0
0
0
0
0
0
0
0
0
-1
0
0
-1
0
-946875450
0
0
0
-967782959
0
0
0
0
0
-1
0
0
-1
0
0
0
-837208986
0
0
0
0
0
0
0
0
0
0
0
0
0
0
-1
0
0
-1
0
0
0
0
0
0
0
0
0
0
0
0
0
0
0
0
0
0
0
0
0
0
0
0
0
0
-1
0
0
0
0
-1
0
0
0
0
0
0
0
0
0
0
0
0
0
0
0
0
0
0
0
0
0
0
0
0
0
0
0
0
0
0
0
0
0
0
0
0
0
0
0
0
0
0
0
0
0
0
0
0
0
-387217509
0
0
0
0
0
0
0
0
0
0
0
0
0
0
0
0
-1
0
0
0
0
0
0
0
0
0
0
0
-1
0
0
0
0
0
0
0
0
868354272
0
0
0
0
772528858
0
0
0
0
0
0
0
0
-1
0
0
0
0
-1
0
0
0
1150181268
0
0
0
-1
0
0
0
0
0
0
0
0
0
0
0
0
0
0
0
0
0
-1
0
-849199850
0
0
0
0
0
0
0
0
0
0
0
0
0
0
0
0
0
1304328816
-1
0
0
0
0
0
0
0
0
0
0
0
0
0
0
0
0
0
0
0
-1726335137
0
0
0
0
0
0
0
0
0
0
0
0
0
0
0
0
0
0
0
0
0
0
0
0
0
-916446406
0
0
0
0
0
0
0
0
0
0
0
0
0
0
0
0
0
-1
-1
0
0
0
0
0
0
0
0
0
0
0
0
0
868354094
0
0
0
0
0
-1523837319
0
-1
0
-1160921230
0
0
0
0
-837239022
0
0
0
0
0
804520104
0
0
0
0
0
0
0
0
0
-1145331024
0
0
-1
0
0
0
0
0
0
0
0
0
-1
-1
0
0
0
0
0
0
0
0
0
0
0
0
0
0
0
0
0
0
1523679947
0
-1
0
0
0
0
-1
0
0
0
0
0
0
0
0
0
0
0
0
0
0
-1
0
0
0
0
0
0
0
0
0
0
0
0
0
0
0
0
0
0
0
0
0
0
-1
0
0
0
0
0
0
0
0
0
0
0
0
0
0
-1644325719
0
0
0
0
0
0
0
0
0
-1
0
0
0
0
0
0
0
0
0
0
0
0
0
868354272
0
0
0
0
0
0
0
0
0
0
-1
0
0
0
1118044011
0
0
0
0
0
-1
0
-1
0
0
0
0
-1
0
0
0
0
0
0
0
0
0
0
-1
0
0
0
0
-1
0
0
0
0
0
0
0
0
0
0
0
0
0
0
0
0
0
0
-1
0
0
0
0
0
0
-1
0
0
0
0
0
0
0
0
0
0
0
0
0
0
0
0
0
0
-832475025
0
0
0
0
0
0
0
0
0
0
-1
2131259764
0
0
0
0
0
0
878214477
0
0
0
0
0
0
0
0
0
0
0
0
1118496229
0
0
0
0
0
0
0
1041448314
0
0
0
0
0
0
0
0
0
0
0
0
0
0
-1
0
0
0
0
0
0
0
0
0
0
-844185185
0
-2047880480
0
0
-1
0
0
0
0
0
0
0
0
0
-1
0
-1731408055
0
0
-1
0
0
0
0
0
0
0
0
0
0
0
0
0
0
0
0
-1208485290
0
0
1118496152
0
0
0
0
0
0
0
0
0
-1
0
0
0
-1
0
0
0
0
0
0
0
0
0
0
0
0
0
0
0
0
0
-387691617
0
0
0
-1
0
0
0
0
0
0
-836938666
0
0
0
0
0
0
0
0
0
0
0
0
0
0
0
0
0
0
0
0
0
-1925597874
0
0
772528858
0
0
0
0
0
0
0
0
0
0
0
0
0
0
0
0
0
0
0
0
0
0
0
0
-1
0
0
0
0
0
0
0
-1
0
0
0
0
0
0
0
0
0
0
0
-1
0
0
0
0
0
0
0
0
0
0
0
0
-1
0
0
0
0
0
0
0
0
0
0
0
0
0
0
0
0
550253448
0
-1
0
0
0
0
0
0
0
-1
0
-1
0
0
0
0
0
0
0
0
0
0
0
0
0
-1
0
0
0
0
0
0
0
0
1492476023
0
-1
0
0
0
0
0
0
0
0
0
0
0
0
0
0
0
-968659758
-1
0
0
0
0
0
0
0
0
0
0
0
0
0
0
0
0
0
-1
0
0
0
0
0
0
0
0
0
0
0
0
0
0
0
0
0
0
0
0
0
0
0
-1
0
0
0
0
1118496229
0
0
0
0
0
0
0
0
0
0
0
0
0
0
0
0
1066650620
0
0
0
0
-1726341810
0
0
-1797630259
0
-1
0
0
0
1041448281
0
0
0
868354250
0
0
0
0
0
0
0
0
0
0
0
0
0
-1145331143
0
0
0
0
0
-1
0
817869048
0
0
0
0
0
0
-387691629
0
0
0
0
0
0
0
0
0
0
-1
0
0
0
0
0
0
0
0
0
0
0
0
0
0
0
0
0
0
0
0
0
0
0
0
0
0
0
0
0
0
-1125385322
0
0
0
0
868356506
-1
0
1404555685
0
0
0
0
0
0
0
-1
0
0
0
0
-774802222
0
0
0
0
0
0
0
0
0
0
-1
0
-1
0
0
-1
1044059304
0
-1
0
0
0
0
0
0
0
0
0
0
0
0
0
0
1066650620
0
0
0
0
0
0
0
0
-1
0
0
0
0
1523695201
0
0
0
0
0
-1858844393
0
0
0
0
0
0
0
0
0
868354263
0
0
0
-1
0
0
0
0
0
0
0
0
0
0
0
-1
0
0
0
0
0
0
0
0
0
0
0
0
0
0
0
0
0
0
0
0
0
0
0
0
549543173
0
0
0
0
0
0
0
0
0
0
-387691617
0
0
0
0
0
-1
0
0
0
1066650370
-1
0
-1
0
0
0
-1
0
0
0
0
0
-389823068
0
0
0
0
0
0
591375649
0
0
-1
0
0
0
0
0
0
0
-1
0
0
0
0
0
0
0
0
0
0
0
0
0
0
0
0
0
0
0
0
0
0
0
0
0
-1
0
-572049348
0
0
0
0
0
0
0
0
0
0
0
0
0
0
0
0
0
0
0
0
0
2131277111
0
0
0
0
0
0
0
0
0
0
0
0
0
0
0
0
1304334411
0
0
0
0
0
-1
0
-1
0
0
0
0
0
0
0
0
0
0
0
0
0
-1
0
0
0
0
0
0
0
0
0
0
0
0
0
-1
0
0
0
0
0
0
0
-1
0
0
0
0
0
0
-844215604
0
0
0
0
0
0
0
0
0
0
0
0
0
0
0
0
977403795
0
0
0
0
0
0
0
0
800584632
0
0
0
0
0
0
0
0
0
0
0
0
0
0
-1
0
0
0
0
0
0
-1440393105
0
0
0
0
0
0
0
0
0
0
0
0
0
0
0
0
0
0
0
0
0
0
0
0
-1301622489
0
1118496396
0
0
0
0
0
0
0
0
0
0
0
0
0
0
0
0
0
0
0
0
0
0
0
0
0
0
0
-1
-1797599679
549541614
0
0
0
0
0
0
0
0
0
-1
1066650414
0
0
0
0
0
0
0
0
0
0
0
0
0
0
0
0
0
0
0
0
0
0
0
0
0
0
0
0
0
0
0
0
0
0
0
0
0
0
0
0
0
0
0
-1
0
0
0
0
0
-1
0
0
-837263688
0
0
0
0
0
0
0
0
0
0
0
0
0
0
0
0
0
0
0
0
0
0
-1
0
0
0
0
0
0
0
-1
0
0
0
0
0
0
-1726335097
0
0
0
0
0
0
0
0
0
0
0
0
0
0
0
0
0
0
0
0
0
0
0
0
0
0
0
0
0
0
0
0
0
0
0
-1301622489
0
0
0
0
0
0
0
0
0
-1
0
-387691629
0
0
0
0
0
0
0
0
0
0
0
0
0
0
-1
0
0
0
0
0
0
0
0
0
0
0
0
0
0
0
0
0
0
0
0
0
0
0
0
0
0
0
0
0
0
0
0
0
0
0
0
0
0
0
0
-1120037117
0
0
0
-1726335613
0
0
0
0
-1456273255
0
0
0
0
0
0
0
-1
0
0
0
0
0
0
549543103
0
-831226718
0
0
0
0
0
0
0
0
0
0
0
0
0
0
0
0
0
0
0
0
0
0
0
0
0
0
0
0
0
0
1511330496
0
0
0
0
0
0
0
-1
0
0
0
0
0
-1
0
0
0
0
0
0
0
0
0
0
0
0
0
0
-387692132
-1
0
0
0
0
-1
0
0
0
0
0
0
0
0
0
0
957348899
0
0
0
-1726324887
0
0
0
0
0
0
0
0
-1
0
0
0
0
0
0
0
0
0
0
0
0
0
0
0
0
0
0
0
0
0
0
0
0
0
0
0
-1
0
0
0
0
0
0
0
0
0
0
0
0
0
0
0
0
0
-1
0
0
0
0
0
0
0
0
0
0
0
0
0
0
0
0
0
0
0
0
0
0
868356425
0
0
0
0
0
0
-399568172
-1
0
0
0
0
0
0
0
0
0
0
0
0
0
0
0
0
0
-1
0
0
0
0
0
0
0
0
0
0
0
0
0
0
0
0
0
0
0
0
0
0
0
0
0
0
0
0
0
0
0
0
0
0
-1925824722
0
0
0
0
0
0
0
0
0
0
0
-1
0
0
0
0
0
0
0
0
0
-1523837327
0
0
0
0
0
0
0
0
-844065802
0
0
0
0
-1
-1
0
0
0
0
0
0
0
0
1118495812
0
0
0
0
0
0
-774802241
0
0
0
0
0
0
0
0
0
0
0
0
-916446934
0
0
0
0
0
0
1150157966
0
0
0
0
0
0
0
0
0
0
0
0
0
0
0
0
0
0
0
0
0
0
0
0
0
-1535385226
0
0
0
0
0
0
0
0
0
0
0
0
0
0
0
0
0
0
-1
0
0
0
0
0
0
-1
-387691619
0
0
-1
-1
0
0
0
0
0
0
0
0
0
0
0
0
0
0
-1
0
0
0
0
0
0
0
0
0
0
0
0
0
0
-390723962
-387691619
0
0
0
0
0
-1
0
0
0
0
0
0
0
0
0
0
-1160928539
0
0
0
0
0
0
-1925824742
0
0
0
0
0
0
0
0
0
0
0
0
0
0
0
0
0
-1
0
0
0
0
0
0
0
0
0
0
0
0
0
0
0
0
0
0
0
0
0
0
0
0
0
0
0
0
0
0
0
0
-1
0
0
0
0
0
0
0
0
0
0
0
0
0
0
0
0
0
0
0
0
0
0
0
0
0
0
0
0
0
0
0
0
0
0
0
0
0
0
0
0
0
0
0
0
0
772528858
0
0
0
0
0
0
0
0
0
0
0
0
0
0
0
0
0
0
0
0
0
0
0
0
0
0
0
0
0
0
0
0
0
0
0
0
0
0
0
0
0
0
0
0
0
0
0
0
0
0
0
0
0
0
0
0
0
0
0
0
0
0
0
0
0
0
0
-1
0
0
0
0
0
0
-1301622489
0
0
0
0
0
0
0
0
0
0
0
0
0
0
0
-916446891
0
0
0
0
0
0
0
0
0
0
0
0
0
0
1353417916
0
0
0
1066650597
0
0
0
0
-1
0
0
0
1118496293
0
-1726336661
0
1302343526
0
0
0
0
0
0
0
0
0
0
-1
0
-1
0
0
0
0
0
0
0
-1
0
1773841202
0
0
0
0
0
0
0
0
0
0
0
0
0
0
0
0
0
-1
0
0
0
0
0
0
0
0
0
0
0
-844193918
0
0
0
0
0
0
0
0
0
0
0
0
0
0
0
0
0
1118496229
0
0
0
0
0
0
0
0
-1
0
0
0
0
0
0
0
0
0
0
0
0
0
0
0
0
0
-837240120
1041448298
0
-1
0
0
0
0
0
0
0
0
0
0
0
0
0
0
0
0
0
0
0
0
0
0
0
1118044011
0
0
0
0
0
0
0
0
0
-1
0
0
0
0
0
0
0
0
0
0
0
0
-1
0
0
0
0
0
-1
0
0
0
0
0
0
0
0
0
0
0
0
0
0
0
0
0
0
0
0
-831484947
0
0
0
0
0
0
0
0
0
0
-1
0
0
0
0
0
0
0
0
0
0
0
0
549536716
0
0
0
0
0
0
0
-1797663918
0
1316321557
0
0
-1
0
0
0
0
0
0
0
0
0
0
0
0
0
0
0
0
0
0
0
0
0
-2047880506
0
0
0
0
0
0
0
0
0
0
-1
0
0
0
0
0
0
0
-1
1773838053
0
-1
0
0
0
0
0
0
0
0
-1
0
0
0
-1
0
739419452
0
0
0
0
0
0
0
0
0
0
0
0
0
0
0
0
0
0
0
0
-387691644
0
0
0
0
0
0
0
0
0
0
0
0
0
0
0
0
0
0
0
0
-1
0
0
0
0
0
0
0
0
0
0
0
0
0
0
0
0
-844185220
0
0
0
0
-1
0
-1
0
1773837517
0
0
0
-1
-831484454
0
0
0
0
0
0
-1
0
0
0
0
0
0
0
0
-1
-1872993652
0
0
0
0
0
0
0
0
0
0
0
0
0
0
0
0
0
0
0
0
0
0
-1
0
0
0
0
0
0
0
0
0
0
0
0
-1
0
0
0
0
0
0
0
0
0
0
0
0
0
0
0
0
0
0
0
-1
0
0
0
0
0
0
0
0
0
0
0
0
0
0
0
0
0
-1
-1
0
0
0
0
0
0
0
0
0
772528858
0
0
0
0
0
0
0
0
0
0
0
0
0
0
0
0
0
0
0
0
-1
0
0
0
0
0
0
0
0
0
0
0
0
0
0
0
0
-1
0
0
0
0
0
0
0
0
0
0
0
0
0
0
0
0
0
0
0
0
0
0
0
0
0
0
0
0
0
0
0
0
0
0
0
-1
0
0
0
0
0
0
0
0
0
0
0
0
0
0
0
0
0
0
-1218150485
0
0
0
-1
0
0
0
0
0
0
0
0
0
0
0
0
0
0
0
0
0
0
0
0
0
0
0
0
0
0
0
0
0
-389569299
0
0
0
0
0
0
0
0
0
0
-1
0
0
0
1593466287
0
0
0
0
0
0
-831484438
0
0
0
0
0
0
0
0
0
-1925820926
0
-1
0
1118496235
0
0
0
0
0
0
0
0
0
0
0
0
0
0
0
-1
0
0
0
0
0
0
0
0
0
0
0
0
0
0
0
-1
0
0
0
-1
0
878211365
0
1041448258
0
0
0
0
0
0
0
887962021
0
0
0
0
0
0
0
0
0
0
0
0
0
-1
0
0
0
0
-844217635
0
0
0
0
1301132550
0
0
0
0
0
0
0
0
0
0
0
0
0
0
0
0
0
0
0
0
0
-1700889777
0
0
0
0
0
0
0
0
0
0
0
0
0
0
0
0
0
0
0
0
0
0
0
0
0
0
0
0
1118496293
0
0
0
0
0
0
0
0
0
0
0
0
0
0
0
0
0
0
0
0
0
1118496235
0
0
0
0
0
0
0
0
0
0
0
0
0
0
0
0
0
0
-1
0
0
0
0
0
0
0
0
0
0
0
0
0
0
0
0
0
0
-1726333678
0
0
0
0
0
0
0
0
0
-1726333600
0
0
0
0
0
0
0
0
0
0
0
0
0
-387691617
0
0
0
0
0
0
0
0
0
0
0
0
-1
0
0
0
0
0
0
0
0
0
0
-1
0
0
0
0
0
0
0
0
0
0
0
0
0
0
0
0
-1
0
0
0
0
0
-1
0
0
0
0
0
0
0
0
812925398
0
0
0
0
0
0
0
0
0
0
0
-1
-1
0
0
0
0
0
0
0
0
0
0
-1
0
0
0
0
0
0
0
0
0
0
0
0
0
0
0
0
0
0
0
0
0
0
0
0
0
0
0
0
0
0
0
-1925824713
1066650379
0
812926719
0
0
0
0
0
0
0
0
0
0
0
2131260040
0
0
0
0
0
-1
0
0
0
0
0
0
0
0
0
0
0
0
0
0
0
0
0
0
0
0
0
0
0
0
0
0
0
0
0
0
0
0
-1
0
0
0
0
0
0
0
0
0
0
0
0
0
0
0
1928396888
0
0
0
0
0
0
0
0
0
0
0
0
0
0
0
0
0
0
0
0
0
0
0
0
0
0
0
0
0
0
0
0
0
0
0
0
0
0
0
0
0
0
0
0
0
0
0
0
0
0
0
0
0
0
0
0
0
-1
0
0
0
0
0
0
0
0
0
0
0
0
0
0
0
0
0
0
0
0
0
0
0
0
0
0
0
0
0
0
0
0
0
0
0
0
0
0
0
0
1041448273
0
0
0
0
0
0
0
-1
-1
0
0
0
0
0
0
-1
0
0
0
0
0
0
-1
0
0
0
0
0
0
0
0
0
0
0
0
0
0
0
0
0
0
0
0
0
0
0
0
0
0
0
0
0
0
0
0
0
0
0
0
0
0
-1644325702
0
0
0
0
0
0
0
0
0
0
0
0
0
0
0
0
0
0
0
0
0
0
0
0
0
0
0
0
0
0
0
0
0
0
0
0
0
0
0
0
0
0
0
0
1511330485
0
0
0
0
0
0
0
0
0
0
0
0
0
0
0
2083133727
0
0
0
0
0
-1797778811
0
0
0
0
0
0
0
0
0
0
0
-1
0
0
0
0
0
0
0
0
0
0
0
0
0
0
0
0
0
1118496229
0
0
2131259394
0
0
0
0
0
0
0
0
0
0
0
0
0
0
0
0
0
0
0
0
0
0
0
0
0
0
0
0
0
0
0
0
0
0
0
0
0
0
0
0
0
0
807451026
0
0
-1254714081
0
0
0
0
0
0
0
0
0
0
0
0
0
0
0
0
0
-1
0
0
0
0
0
0
-1
0
0
0
0
0
0
0
0
0
0
0
0
0
0
0
0
0
0
0
0
0
0
2131261069
0
0
0
0
0
0
0
0
0
0
0
0
0
1397129290
0
0
0
0
0
0
0
0
0
0
0
0
0
0
-1
-1
0
0
0
0
0
0
0
0
0
-831484132
-1
0
0
0
0
0
0
0
0
0
0
0
-1
0
0
0
0
0
0
0
0
0
0
-1
0
0
0
0
-1
0
0
-1
-1
0
0
2131261086
0
0
-389569362
0
0
0
0
0
0
0
-388745470
0
0
0
0
0
0
0
0
0
0
0
0
0
0
0
0
0
0
0
0
0
0
0
-1
0
0
0
0
0
0
0
0
-837257963
0
0
0
0
0
0
0
0
0
0
0
0
0
0
1512238063
0
0
0
0
0
0
0
0
0
0
0
0
0
0
0
0
0
0
0
0
0
0
0
0
0
0
0
0
0
0
0
0
0
0
0
0
0
0
0
0
0
0
0
0
0
0
0
0
0
0
0
0
0
0
0
0
0
0
0
0
0
-1
2131259423
0
0
0
0
0
0
0
0
0
1046164308
0
0
0
0
0
0
0
0
549537819
0
0
0
0
-1
0
0
0
0
0
0
0
0
0
0
0
0
0
0
0
0
0
0
0
0
0
1150168568
0
0
0
0
0
0
0
0
0
0
0
0
0
0
0
0
0
0
-1
0
0
0
0
0
0
0
2131261409
0
0
0
0
0
0
0
0
0
0
-1
1066650416
0
0
0
0
0
0
0
0
0
0
0
0
2131276876
0
0
0
0
0
0
0
0
0
0
0
0
0
0
0
0
0
-831485412
0
0
0
0
0
0
0
0
0
0
0
0
0
0
0
0
0
0
0
0
0
0
0
0
-1797602009
0
0
0
0
0
-1
0
0
1066650534
0
0
0
0
0
0
0
0
0
0
0
0
0
0
0
0
0
0
-1670691246
0
0
0
0
0
0
0
0
0
0
0
0
0
0
0
0
-1858770970
0
0
0
0
0
0
-1
0
0
0
0
0
-1
0
0
0
0
0
0
0
0
0
0
0
0
0
0
-1
0
0
0
0
0
0
0
0
0
0
0
0
0
0
0
0
0
0
0
-1
0
0
0
0
-837197500
0
0
0
0
0
0
0
0
0
0
0
0
0
0
0
0
0
0
0
0
0
0
0
0
0
0
0
0
800585524
0
0
0
0
0
0
0
0
0
0
0
0
0
0
1066650384
0
0
0
0
0
-1
0
0
0
0
0
0
0
0
0
0
0
0
0
0
0
-1
0
0
0
0
0
0
0
0
0
0
0
0
0
0
-1726333649
0
0
0
0
0
0
0
0
0
0
0
-1
0
0
0
0
1150180678
1062973117
0
0
0
0
0
0
0
0
0
0
0
0
0
-914814729
0
0
0
0
0
0
0
0
0
0
0
0
0
0
551045179
0
0
0
0
0
0
0
0
0
0
0
0
0
0
-1504494786
0
0
0
0
-1
-387691617
0
0
0
0
0
0
0
0
0
0
0
0
0
0
0
0
0
0
0
0
0
-1
0
-1602281019
-1
0
0
0
0
0
0
0
0
0
0
0
-844230208
0
0
0
0
0
0
0
0
0
0
0
-1
0
0
0
-1
0
0
0
0
0
0
0
0
-1
0
0
-1925775359
0
0
1065291756
0
0
0
0
0
0
0
0
0
0
0
0
0
0
0
0
0
0
0
0
-1248911637
-1
0
0
0
0
0
0
0
0
0
0
0
0
0
0
0
0
0
0
0
0
0
0
0
0
0
0
0
0
-1
0
0
0
-1
0
0
0
0
0
0
0
-837475968
0
0
0
0
0
0
0
0
0
0
0
0
0
0
0
0
0
0
0
0
0
0
0
0
-1
0
0
0
0
0
0
0
0
0
-1
-1
0
0
0
-1
0
0
0
0
0
0
0
0
0
0
0
0
0
0
777638409
0
0
0
0
0
0
0
1514908436
-1797593624
0
0
0
-1339007054
0
0
0
0
0
0
0
-1
0
0
0
0
0
0
0
0
0
0
0
0
0
0
0
0
0
0
0
0
1593445049
881145739
0
0
0
0
0
0
0
0
0
0
-1
0
0
0
0
0
0
0
0
0
2131277201
0
0
0
0
551045811
0
0
0
0
0
0
0
0
0
0
0
0
2131277224
0
0
0
0
0
0
-1169435490
0
0
0
0
0
0
0
2131261383
0
-1
0
0
0
0
0
0
0
-1
0
0
-1
0
0
0
0
0
0
-399029905
0
0
0
0
0
0
0
0
0
-1
1304334436
0
-1
0
0
0
0
0
0
0
0
-1
0
0
0
0
0
0
0
0
0
0
0
0
0
0
0
0
0
0
549532474
0
0
0
0
0
0
0
0
-1
-389569300
0
0
0
2131276968
-1
0
0
-1
0
0
881145528
0
0
-1
0
-1670753843
0
0
0
0
0
-1
0
0
0
0
0
0
0
0
2131276974
0
0
0
-1
0
1302343566
0
0
0
0
0
0
0
0
-1670710628
0
0
0
0
0
0
0
0
0
0
0
0
0
0
0
0
0
0
0
0
0
0
0
0
-1700889777
0
0
0
-1
0
0
0
0
0
0
0
1928396886
0
0
0
0
0
0
0
0
0
0
0
0
1118496229
0
0
0
0
0
0
0
0
-1
0
-1873008760
-1
0
0
0
0
0
1304334436
0
0
0
0
-1169435002
0
0
0
0
0
0
0
0
0
0
0
0
0
0
0
0
0
-1
0
0
0
0
0
-1
0
0
0
0
0
0
0
0
0
0
0
0
0
0
1150180689
0
0
0
0
0
0
0
0
0
0
0
0
0
0
0
0
0
0
0
0
0
0
0
-1170035564
0
0
0
0
0
0
0
0
0
0
0
0
0
0
0
0
0
0
0
-1
-1
-1
0
0
-1
0
-1
-1
0
0
0
-389823068
-844209590
0
0
0
0
0
0
0
0
0
0
0
0
0
0
0
0
0
0
0
0
0
0
0
0
0
0
0
0
0
0
0
-1082127139
0
0
0
-1
0
0
0
0
-1
0
0
549539020
0
0
0
0
0
-1
0
0
0
0
0
0
0
0
0
0
0
0
0
-1144511212
0
0
0
0
0
0
0
0
-1
0
0
0
0
-1797627243
0
0
0
0
0
0
0
0
0
0
0
0
-231362018
0
0
0
0
0
0
0
0
0
0
0
0
0
-1
0
0
0
0
0
0
0
0
0
2131259479
0
0
0
0
0
0
-1
0
0
0
0
0
0
0
0
0
0
0
0
0
0
0
0
0
0
0
1044061106
0
549540948
0
1304314972
-1797672344
0
0
0
0
0
0
0
0
2131261377
0
0
0
0
0
0
0
0
0
0
0
0
0
0
2131259713
0
0
0
0
0
0
0
0
0
0
0
0
0
0
0
0
0
0
0
0
0
0
0
1928397083
0
0
0
-1
0
0
0
0
0
0
0
0
0
0
0
0
0
0
-1
0
0
0
0
0
0
0
0
0
0
0
0
0
0
0
0
2131276876
0
0
0
0
0
0
0
0
0
0
0
0
0
0
0
-1
0
0
0
0
0
0
0
0
0
0
0
0
0
0
0
0
0
0
0
0
0
-1
0
0
0
0
0
0
0
0
0
0
0
0
0
0
0
-1
0
0
0
0
0
0
739620505
0
0
0
0
0
0
0
812926719
0
0
0
0
0
0
0
0
0
0
0
0
0
0
0
0
0
0
0
0
0
0
0
0
0
0
0
0
0
0
0
0
0
0
0
0
0
-1
0
0
0
0
0
0
0
-1
0
0
0
0
0
0
0
0
0
0
0
-1
0
0
0
0
0
0
0
-387691617
0
0
0
0
0
0
0
0
0
0
0
-1
0
0
0
0
0
0
0
0
0
0
0
0
0
0
0
0
0
0
0
0
0
0
0
0
0
0
0
0
0
0
-837246595
0
0
0
0
0
0
0
0
0
0
0
0
0
0
-388745470
0
0
0
0
0
0
0
0
0
0
0
0
0
0
0
0
1047789807
-1
0
0
0
0
0
0
0
0
0
0
-967782961
0
0
0
0
0
0
0
0
-1
0
0
0
0
0
0
0
0
0
0
0
0
0
0
0
0
0
0
0
0
-1
0
0
0
-844253465
0
0
2131276980
0
0
0
0
0
0
0
0
0
0
0
0
0
0
0
0
-1
-1
0
0
0
0
0
0
0
0
0
0
-1
0
0
0
0
0
0
0
0
0
0
0
0
0
0
0
0
0
0
800585524
0
0
0
0
0
0
-1
0
0
0
0
0
0
0
0
0
0
0
0
0
0
0
0
0
0
0
0
0
0
0
-1
0
-1
0
0
0
0
0
0
0
0
0
0
0
-1
0
0
0
0
0
0
0
0
0
0
0
0
0
0
0
0
-1
0
0
0
0
-1
0
-1726341865
0
-1
0
0
0
0
0
0
1382839869
0
0
0
0
0
0
0
0
0
-1
0
0
0
0
0
0
0
0
0
0
0
0
0
0
0
0
0
-1797671287
0
0
0
0
0
0
0
0
0
0
0
-1
0
0
0
0
0
0
0
0
1118496235
0
0
0
0
-1
0
0
0
-1
0
0
0
0
0
0
0
0
0
0
0
-1
0
0
-1
1041448278
0
0
0
0
-1
0
0
0
0
0
-844179193
0
0
0
0
0
0
0
0
0
0
0
0
0
0
0
0
0
0
0
0
0
0
0
0
0
0
-1
0
0
0
0
0
0
0
0
0
0
0
0
0
0
0
2131396244
0
0
0
0
0
0
0
0
0
0
0
0
0
0
0
0
0
0
0
0
0
0
0
0
0
0
0
0
0
0
0
0
0
0
0
0
0
0
0
0
-844205988
-1797717477
0
0
957980291
807451026
0
-1
1118496388
0
0
0
0
0
0
0
0
-1
0
0
0
0
0
0
0
0
0
0
0
0
0
0
0
0
-1
0
0
0
0
-1
0
0
0
0
0
0
0
0
0
0
0
1576554296
0
0
0
1301256954
0
0
0
-1872940428
0
0
0
0
0
0
0
0
0
0
0
0
-1550542392
0
0
0
0
0
0
0
0
0
0
0
0
0
0
0
0
0
0
0
0
0
0
0
-1
0
-1726335083
0
0
0
0
0
0
0
0
0
0
0
0
0
0
0
0
0
0
0
0
0
0
0
0
-1663712106
-1
-1
0
0
0
0
0
0
-1
0
0
0
0
0
0
0
0
0
0
0
0
0
0
0
2131261408
-1
0
0
0
0
0
0
0
0
0
0
0
0
0
0
0
0
0
0
-1
0
0
0
0
0
0
0
0
0
0
0
0
0
0
0
0
0
0
0
-1
0
0
0
0
0
0
0
0
0
0
0
0
0
0
0
0
0
0
0
0
0
0
-1
0
2131276963
-1
0
0
-1
0
0
0
0
0
0
0
0
0
0
0
0
0
0
0
0
0
-1
0
0
0
0
0
0
0
0
0
0
1118496404
0
0
0
0
0
0
0
0
0
0
0
0
0
0
0
0
0
0
0
0
0
0
0
0
0
0
0
0
0
0
0
0
1736994927
0
0
0
0
0
0
0
0
0
0
0
0
0
0
0
0
0
0
1041448314
0
0
0
0
0
0
0
0
0
0
0
0
0
0
0
2131276856
0
-1
0
0
0
0
0
0
0
0
0
0
0
0
0
0
0
0
0
0
0
0
0
0
0
0
0
0
0
0
0
0
0
0
-1
0
0
0
0
0
0
0
-832466259
0
0
-1475527902
0
-1339507918
0
0
0
0
0
0
0
0
0
0
0
0
0
0
0
0
0
0
0
0
0
0
0
0
0
0
0
0
0
0
0
0
0
0
0
0
0
0
881144054
0
0
0
0
0
0
0
0
0
0
0
0
0
2131259737
0
0
0
0
0
0
0
0
0
-1
0
0
0
0
0
0
881145712
-1726335097
0
0
0
0
0
0
0
-1249711864
0
0
0
0
0
0
0
0
0
0
0
0
0
0
0
0
0
0
0
0
0
0
-1
0
-1220249835
0
0
0
0
0
0
0
0
0
0
0
0
0
0
-1
0
0
0
0
0
0
0
0
0
0
0
0
0
0
0
0
0
0
0
0
0
0
0
0
0
-444653901
0
0
0
0
-1
0
0
0
0
0
0
0
0
0
0
0
0
0
0
-1
0
0
0
0
0
0
0
0
0
856510572
0
0
0
0
0
0
0
0
0
0
0
0
0
0
0
0
0
0
0
0
0
0
0
0
0
0
0
0
0
0
0
0
-1
0
0
0
0
0
0
0
0
0
0
0
0
0
0
0
0
0
0
0
0
0
-1
0
0
0
0
0
0
0
0
0
0
0
0
0
0
0
0
-1
0
0
0
0
0
0
0
0
0
0
0
0
0
0
0
0
1523608738
0
0
0
0
0
0
0
0
0
0
0
0
0
1312767970
0
0
0
0
-523417311
0
0
0
0
0
0
0
0
0
0
0
0
0
0
-1
0
0
0
0
0
0
0
0
0
2131261070
0
0
-1
0
0
0
-1
0
0
0
0
0
0
0
0
0
0
0
0
0
0
0
0
0
0
0
0
0
0
0
0
0
0
0
0
0
0
0
0
0
0
0
0
0
0
0
0
0
0
-1
0
977403779
0
0
0
0
0
0
0
-1
0
551051040
0
0
0
0
0
0
0
0
0
0
0
0
0
0
0
0
-1339009372
0
0
0
0
0
0
0
0
0
0
0
0
0
0
0
0
0
0
0
0
0
0
0
0
0
0
0
0
0
0
0
0
0
0
-1
0
0
-837160611
0
0
0
-844140579
0
-1249711864
0
0
0
0
0
0
0
0
-1289606161
-385888334
0
0
0
0
0
-1
0
0
0
0
0
0
0
-1
0
-2047912265
0
1523687854
0
-915413313
0
0
0
-1
-1
0
0
-1
0
0
0
0
0
0
0
-1
0
0
0
-1
0
-837254822
0
0
0
0
0
1514909594
-1
0
0
0
0
0
0
0
0
0
-399321832
0
0
0
0
0
0
0
0
0
0
0
0
0
0
0
0
0
0
0
0
0
0
0
0
0
0
0
0
0
0
0
0
0
0
0
0
0
0
0
0
0
0
0
0
0
0
0
0
0
0
0
0
0
0
0
0
0
0
0
-1
2131261085
0
0
-1
0
0
0
0
0
0
0
0
0
0
0
0
0
0
0
0
0
0
0
0
0
0
0
878214471
0
0
0
0
-1
0
0
0
0
0
0
0
0
0
-1
0
0
0
0
0
0
0
0
0
0
0
0
0
-917812564
0
0
-1
0
549536694
0
0
0
0
0
0
0
2131261071
0
0
0
0
0
0
0
0
-837197477
0
0
0
-1
0
0
0
0
0
0
-844220944
0
0
0
0
0
0
0
0
0
0
-1
0
0
0
0
0
0
0
0
-1
0
0
0
0
0
-399321837
0
0
739620567
0
0
0
0
1183322127
0
-1872915576
0
0
0
0
0
0
-1
0
0
0
0
-1
0
0
0
0
0
0
0
0
0
0
0
0
0
0
0
0
0
0
0
0
0
0
0
0
0
0
906380153
0
2112458523
0
0
1304334403
0
0
0
0
0
0
0
0
0
0
0
0
0
0
-1475371332
0
0
0
0
0
0
0
0
0
0
0
0
0
0
0
0
0
0
0
0
0
0
0
0
0
0
0
0
0
0
-1218066801
0
0
0
0
0
0
0
-1
0
-1
-1
0
0
0
0
-1
0
0
0
0
0
0
0
0
0
0
0
0
0
0
0
0
0
0
0
0
0
2131261434
0
0
0
0
0
0
0
0
0
0
0
0
0
0
0
0
0
0
0
0
0
-1
0
0
0
0
0
0
0
0
0
0
0
0
0
0
0
0
0
0
0
0
0
0
0
0
0
0
0
0
0
0
0
0
0
0
0
0
0
0
0
0
1300715513
0
0
0
0
0
0
0
0
0
0
0
0
0
0
0
0
0
0
0
0
0
0
0
0
0
0
0
0
0
0
0
-1
0
0
0
0
-1
0
0
0
0
0
0
0
0
0
0
-1
0
0
-1
0
0
0
0
0
0
0
0
0
0
0
0
0
0
0
0
0
0
0
0
0
-1644325689
0
-1726335087
0
0
0
0
0
0
0
0
0
0
0
0
0
1511330524
0
0
0
0
0
0
0
0
0
0
0
0
0
0
-1
0
0
0
0
0
0
0
0
0
0
0
0
0
0
0
0
-1
0
0
0
0
0
0
0
0
0
0
1118496229
0
-1
0
0
0
0
0
0
-1726337925
0
0
0
0
0
0
0
0
0
0
0
0
0
1773838075
0
0
0
0
0
0
0
0
0
-1
-1
0
0
0
0
0
0
0
0
0
0
0
0
0
0
0
0
0
2131276879
0
0
0
0
0
0
0
0
0
0
0
0
0
-832438636
0
0
0
0
0
0
0
0
0
0
0
0
0
0
0
0
0
0
0
0
0
0
0
-1
0
0
0
0
0
0
0
0
0
0
0
0
0
0
-831486748
0
0
0
-1
0
0
0
0
0
0
0
0
0
0
0
0
0
0
0
0
0
0
-1
0
0
0
0
0
0
0
0
2131276921
0
0
0
0
0
0
0
-1925824730
0
0
-1
0
0
0
0
0
0
0
0
0
0
0
0
0
0
0
0
0
0
0
0
0
0
-914374887
-1523837319
0
0
0
0
0
0
0
0
0
0
0
0
0
0
0
0
0
0
0
0
-1
1041448278
0
0
-1327073554
0
-1
0
0
0
0
0
0
0
0
0
0
-1
0
0
0
0
0
0
0
0
-1
0
0
0
0
0
0
0
-1
0
0
0
0
0
0
-1
0
0
0
0
0
0
0
0
0
0
0
0
-1
0
0
0
0
0
2131261083
0
0
882216975
-1
0
0
0
0
-1
0
0
0
0
0
0
0
0
0
0
0
0
0
0
0
0
0
0
0
0
0
0
0
0
0
0
0
0
0
0
0
0
0
0
0
-1782293145
0
0
-2076136111
0
0
0
0
0
0
0
0
0
0
0
0
0
0
0
0
0
0
0
0
-1
0
-1
0
0
0
0
0
0
-1
0
0
0
0
0
0
0
0
0
0
778032753
0
0
0
0
0
0
0
0
0
0
0
0
0
0
0
0
0
0
0
0
0
0
0
0
0
0
0
0
0
0
0
0
0
0
0
0
0
0
0
0
0
0
0
0
0
0
0
0
0
0
0
0
0
-1
-1
937243902
0
-1
0
0
0
0
0
0
0
0
0
0
0
0
0
0
0
0
0
0
764484510
0
0
0
0
0
0
0
0
0
0
0
0
0
0
0
0
-1
-1
0
0
0
0
0
0
0
-1218066772
0
0
0
0
0
0
0
0
0
0
0
0
0
0
0
-1169435002
0
0
0
0
0
0
0
-1
0
661546851
-1
0
0
0
0
0
0
0
0
1150168570
0
0
0
0
0
-1
0
0
1928397080
0
2131260054
0
0
0
0
0
0
0
0
0
0
0
0
0
0
0
0
0
0
0
-831484946
0
0
0
0
0
0
0
0
0
0
0
-1
0
0
0
0
0
0
0
0
0
0
0
0
0
-844161088
0
0
0
0
0
0
0
0
0
0
0
0
0
0
0
0
-1
0
0
0
-1
0
0
0
0
0
0
0
0
0
0
0
0
0
0
0
0
1523687847
0
0
0
0
0
0
0
0
0
0
0
0
0
0
0
0
0
0
0
0
0
0
0
1118496229
0
0
0
0
0
0
0
0
0
0
0
0
0
0
0
0
0
0
0
0
0
0
0
0
0
0
1304332297
0
1412802652
0
0
0
0
0
0
0
0
0
0
0
-390561117
0
0
2131261410
0
0
0
0
0
0
0
0
0
0
0
0
0
0
0
0
0
0
0
0
0
0
-1
0
0
0
0
0
0
0
0
0
0
0
0
0
0
0
0
0
0
0
0
0
0
0
0
0
0
0
0
0
0
0
0
0
0
0
0
-388745470
0
0
0
0
0
0
0
0
0
0
0
0
0
0
0
0
0
0
0
0
0
0
0
0
0
0
0
0
0
0
0
0
0
0
-1
0
0
0
0
0
0
0
0
0
0
0
0
0
0
0
0
0
0
0
1066650602
0
0
0
0
0
0
0
0
0
0
0
0
0
0
0
-1
0
0
0
0
0
0
0
-1
0
0
0
0
1150181184
-1
0
0
0
0
0
0
0
0
0
0
0
0
0
-1
0
0
0
0
0
0
0
0
0
0
0
0
0
0
0
0
0
-1
0
0
0
0
0
0
0
0
0
0
0
0
0
0
0
0
0
0
0
0
0
0
0
0
-1
-1
0
0
0
0
-1
0
0
0
0
0
0
0
0
0
0
0
0
0
0
0
0
0
0
0
0
0
0
0
0
0
0
1523679937
0
0
0
0
0
0
0
0
0
0
0
0
0
0
0
0
1118496232
0
0
0
0
0
0
0
0
0
0
0
-1169432613
-837287394
0
0
0
0
0
0
0
0
-1
0
0
0
0
0
0
0
0
0
0
0
0
0
0
0
0
0
0
0
0
0
0
0
0
0
0
1773838054
0
-916446243
0
0
0
0
0
0
0
0
0
0
0
0
0
0
0
0
0
0
0
0
0
0
0
0
0
0
0
0
0
0
0
0
0
0
0
0
0
0
0
0
0
0
0
0
0
0
0
0
0
0
0
0
0
0
0
0
0
0
0
0
0
0
0
1066650385
0
0
0
0
0
0
0
0
0
0
0
-1
0
0
0
-1
0
0
0
0
0
0
0
0
0
0
0
0
0
-1
0
0
0
0
0
-1
0
0
0
0
