247
664
395
13
963
14
13
53
5
38
17
8
16
45
354
341
6
276
1110
830
213
47
16
280
52
95
471
8
13
49
33
265
110
34
99
30
142
4
101
54
343
5
963
566
318
10
286
35
17
374
9
394
228
23
32
77
21
29
33
882
951
53
18
35
819
287
93
9
355
109
162
41
8
25
33
15
6
1
14
50
33
161
47
292
175
17
23
38
49
223
121
10
175
91
11
104
55
7
34
3619
86
45
71
694
31
149
101
102
254
14
455
14
40
160
110
3
2897
376
168
876
132
240
57
1
42
26
365
40
11
10
58
498
75
10
35
12
91
4
16
63
5
50
36
0
40
6
208
785
240
51
49
48
105
18
2
3726
230
54
209
128
47
15
20
131
66
218
40
8
18
166
99
19
12
139
1
23
183
263
80
73
30
70
6
10
44
16
769
107
110
6
13
25
1041
214
127
17
17
180
48
359
25
16
35
43
15
373
66
11
46
52
12
16
247
10
92
52
6
197
20
22
66
7
10
13
7
13
23
187
129
15
103
423
1205
44
7
27
167
4
186
68
5
86
10
16
31
37
1
76
28
75
136
318
26
373
47
221
48
1035
71
24
34
29
27
120
73
94
18
70
6
14
6
165
3
10
342
23
48
84
319
72
624
810
255
164
1006
42
345
17
1913
144
263
62
22
1393
50
9
167
36
101
5159
415
130
1314
136
11
18
736
174
63
56
34
15
252
40
49
226
122
86
10
44
34
141
9
6
23
2033
188
3
18
35
348
323
14
237
33
101
72
50
250
228
59
8
391
35
12
110
158
39
15
288
232
2
24
27
4
23
45
22
19
38
35
399
135
126
21
33
597
18
161
1901
1
27
62
278
8
220
22
113
111
46
27
18
84
36
14
5
8
24
295
108
137
370
31
11
45
311
177
161
7
26
32
92
47
54
14
35
8
23
26
7
113
6
151
43
223
115
50
29
34
59
24
120
293
26
294
63
106
7
939
15
20
289
64
47
239
238
546
36
110
6
56
25
15
58
139
12
29
62
4
28
188
60
197
1638
602
54
2203
219
7
141
16
55
15
691
76
26
230
4
81
283
999
29
91
46
19
28
45
28
72
47
5
173
6
452
4
467
352
31
462
13
848
26
248
35
1
403
25
451
36
431
40
4
289
2
521
30
127
425
80
158
44
126
23
107
142
99
23
46
214
22
173
59
22
125
441
411
110
83
89
40
136
55
1337
48
32
42
456
10
5
649
3
582
43
80
1088
419
69
3111
7
10
47
41
595
142
49
16
25
24
7
121
20
141
919
19
98
358
34
8
25
30
84
35
65
88
299
15
45
13
293
48
335
298
346
31
173
81
333
85
35
100
44
8
6
106
672
8
353
30
49
153
116
132
9
599
11
172
113
14
42
56
40
64
9
278
112
9
31
11
33
65
115
74
456
72
24
100
1317
25
475
344
62
147
21
49
75
4
175
29
106
87
29
16
5
1049
139
14
30
10
12
78
44
241
49
365
90
60
20
313
43
39
28
151
203
39
827
379
11
13
187
26
156
263
724
98
4315
402
763
105
8
99
23
6
57
186
13
7
115
253
8
10
61
493
942
28
7
228
52
81
58
120
21
842
229
126
3
111
26
54
83
6681
86
7
7
18
3
87
31
71
82
53
13
9
1327
30
33
6
34
2
47
37
0
306
151
464
75
24
147
38
20
897
17
5
419
8
141
40
28
41
17
206
211
55
90
22
70
27
53
66
17
206
127
1151
27
32
27
14
50
82
11
83
53457
401
18
163
18
476
8043
757
92
50
38
9
29
29
10
26
6
15
359
12
108
510
23
27
5
105
28
103
78
43
5
47
568
117
11
231
75
1265
137
636
106
526
157
23
42
24
60
122
482
107
63
38
5
195
37
116
9
585
71
262
78
308
9
125
15
19
45
151
66
13
47
14
19
1792
18
178
96
92
82
27
39
46
949
32
110
54
12
49
917
93
114
206
89
15
782
24
14
4
9
122
29
60
6
600
119
65
76
73
9
13
393
167
750
113
227
13
7
9
32
236
120
2506
606
1737
59
16
183
1
216
28
20
27
78
41
11
511
12
78
836
956
21
18
21
874
16
22
197
12
38
14
209
103
245
61
220
498
31
1821
36
47
277
55
38
156
3672
5
3
48
179
75
364
52
1351
157
17
10
372
11
30
97
156
250
29
490
32
158
9
28
35
138
426
44
17
48
44
122
1117
282
140
28
10
236
132
4
70
47
167
1123
3
28
35
28
23
31
10
24
747
23
14
115
123
9
40
101
45
244
117
65
261
643
115
14
366
14
1848
15
34
48
57
24
274
2499
3
12
162
8
3
14
705
37
111
82
118
68
371
6
19
1077
27
72
550
22
35
342
53
18
483
18
303
45
197
455
47
199
71
43
46
49
32
775
412
8
154
30
6
143
62
103
17
25
197
16
114
84
783
229
41
9
52
18
34
26
201
117
197
91
118
168
13
68
3
20
30
412
36
44
63
1
24
64
79
535
2
265
2262
20
192
11
36
114
124
236
173
214
227
5
67
208
73
46
400
384
47
175
265
132
64
126
12
1403
65
990
5
189
10
105
120
364
15
18
3
332
30
355
19
5
28
47
17
281
23
70
102
3
56
6
120
36
43
17
212
18
7
18
2093
34
4
16
53
134
47
16
91
35
4
63
37
29
93
125
193
71
20
41
18
94
19
89
595
188
197
213
106
18
3144
26
22
204
2
171
150
815
160
35
409
35
7
47
384
75
97
19
238
64
3
8
124
174
9
94
380
18
39
206
241
37
756
21
34
14
126
85
86
16
83
968
95
1051
97
108
48
68
159
25
13
1
5
21
195
201
181
82
25
17
1356
11
31
8
18
375
9
6
1072
354
19
200
40
26
649
5562
7
10
30
13
9
26
50
28
12
18
25
145
32
22
27
127
104
101
31
2
14
28
768
13
141
3
5
41
213
51
27
27
69
33
68
89
37
264
175
306
1676
214
109
61
38
60
376
108
200
22
800
136
28
341
7
5398
421
66
1019
84
20
30
20
11
920
506
16
32
216
38
21
361
353
159
14
10
68
144
2
2363
13
115
85
25
21
7
58
127
10
62
398
106
37
5
267
119
25
43
343
216
9
861
313
117
9
38
122
7
100
134
73
92
24
13
59
200
22
80
24
11
17
62
14
12
8
7
33
98
346
444
137
569
98
21
120
38
73
23
92
5590
178
5053
93
121
12
37
562
115
23
15
14
8
22
97
49
25
14
18
29
5
780
113
14
13
347
48
43
335
11
12
9
87
13
346
154
7
145
21
150
143
17
20
85
5
29
249
92
89
39
14
164
47
23
20
346
36
26
31
212
22
62
147
176
31
307
109
63
10
179
162
44
33
377
205
2
103
250
4
8
5693
102
24
90
2514
194
1176
2027
757
26
22
147
32
13
453
415
41
58
209
51
26
5
32
30
17
53
16
3
54
163
17
10
12
43
41
14
110
170
241
12
228
2093
15
911
24
93
57
32
331
133
1152
1
53
11
9
387
52
36
633
434
26
223
6
289
20
6
22
35
94
27
164
39
36
51
119
461
87
28
256
20
4
29
111
43
20
153
89
33
9
41
64
31
26
1758
951
558
35
18
248
26
16
109
9
294
29
248
1295
437
21
229
76
85
145
8
233
243
12
3
199
1033
43
90
20
112
56
19
31
19
91
168
1125
562
938
221
1389
36
523
33
50
20
859
128
229
53
2
67
130
3
459
23
71
28
305
18
49
1035
40
36
72
14
17
2114
34
26
118
129
76
1
52
18
7
63
1346
215
50
333
460
223
51
107
16
1333
726
128
891
15
26
16
8
585
462
27
133
189
0
380
20
31
37
43
207
10
65
10
320
31
36
765
11
103
127
110
86
35
20
25
8
1473
102
1515
38
10
236
633
234
57
111
19
85
173
11
25
1
17
25
108
9
187
7
237
85
12
34
35
6
82
32
9
375
101
346
5
14
1243
123
27
1398
217
128
15
64
81
135
626
266
736
40
28
67
115
888
29
11
55
160
132
247
3173
740
113
15
6
65
45
30
29
20
16
13
8
80
291
1242
76
115
5
9
504
48
728
14
104
12
15
299
4
75
69
18
79
4
20
227
37
465
46
132
45
32
34
6
8
45
41
40
356
827
108
47
51
417
61
90
23
113
3756
74
33
35
94
9
246
12
17
357
854
447
42
26
467
11
59
60
4
271
12
1061
96
2
1547
35
19
363
23
34
81
803
59
252
45
10
106
20
146
570
329
268
18
36
16
177
11
4
62
126
686
19
28
427
22
1032
848
34
210
261
5
5
73
34
39
206
14
19
90
21
3
12
44
24
497
6
76
55
38
104
229
1663
34
155
955
30
172
81
196
13
1
89
14
424
55
67
524
42
6
60
473
124
16
1044
203
1475
21
29
100
207
57
8
91
37
45
43
517
125
56
282
64
58
310
333
6
26
69
21
269
212
47
12
3
169
52
3
139
77
482
118
4
13
19
1255
59
18
75
18
37
38
100
0
42
70
20
706
1031
35
183
62
110
605
71
6
648
222
137
35
109
168
44
12
36
31
1577
13
23
73
7
716
33
13
38
422
550
18
157
35
19
26
57
354
36
20
12
47
27
18
108
378
7
301
50
92
110
29
53
12
18
307
122
12
501
66
118
451
23
9
6
180
24
6
22
22
33
62
42
238
628
435
8
43
260
122
479
206
1493
288
16
16
266
37
19
555
4
25
122
86
27
179
17
66
28
7
45
117
123
1274
21
192
29
108
7
230
77
372
274
22
12
317
7
206
8
223
222
22
2
21
1378
26
329
63
29
19
52
323
166
15
52
44
248
862
10
59
16
967
384
83
50
161
11
160
40
50
45
18
85
703
59
9
4582
79
9
110
17
23
64
28
31
133
751
43
3
4
2
29
55
11
123
8
9
2
201
179
23
41
53
18
403
53
14
30
524
62
78
60
112
129
9
113
81
133
32
29
36
1266
31
23
43
43
7
365
20
95
118
86
525
11
102
59
55
6
31
308
23
52
2
28
33
16
24
48
1269
37
32
11
22
79
206
210
7
35
9
2
13
1004
353
542
14
152
22
57
5
24
528
28
628
36
68
13
295
121
51
441
1
12
415
664
4
5
15
212
108
21
73
23
959
86
56
15
124
136
217
615
40
3
40
136
15
28
27
50
15
116
25
36
69
155
6
33
258
6
503
118
173
33
94
214
19
19
8
781
18
27
253
55
8
9
633
175
25
61
263
3
73
12
1559
17
101
171
45
611
145
4
138
231
38
72
147
10
8
111
10
12
18
209
102
21
19
25
115
13
105
181
208
22
503
38
85
16
1891
618
261
37
126
79
7
40
22
13
33
34
13
8
22
503
1045
56
155
30
5
122
2
3
62
292
27
220
17
243
21
25
216
2
162
5
37
72
26
458
621
55
16
325
38
16
39
54
382
448
56
129
26
306
213
99
292
1247
46
21
795
16
37
12
124
11
100
271
16
39
46
235
17
34
327
7
42
137
36
18
33
3
1070
11
271
147
2505
129
11
3034
31
10
91
9
58
89
88
3751
234
6
48
172
60
599
35
246
301
33
2
3
536
117
61
558
40
2
5
188
9
185
275
1929
22
194
5536
22
92
46
106
11
5
9
1618
27
216
54
266
10
2
230
57
413
41
1251
12
270
603
315
1536
28
19
22
41
4
109
230
186
137
57
374
274
174
427
201
564
23
8
169
7
53
20
119
359
17
172
8
12
16
4
1386
60
79
100
124
377
58
85
21
6
109
130
550
332
113
5
18
12
298
17
10
13
22
28
71
69
8
104
354
238
11
590
25
130
50
41
1262
9
248
23
19
23
4
26
69
13
156
45
11
1804
5
30
285
20
22
220
13
48
9
5
13
45
5
185
51
30
178
14
30
28
110
21
93
13
9
136
51
21
514
151
81
12
15
144
699
168
79
10
32
12
4
35
57
29
13
59
32
51
118
29
57
240
2437
207
535
20
269
85
63
23
261
455
412
151
5
151
140
78
4
2
282
4
5
119
47
542
41
12
10
63
46
315
107
168
127
151
1747
180
467
252
45
369
156
363
495
91
44
35
30
858
15729
23
7
26
62
43
11
776
209
87
479
89
11
496
356
4
395
276
141
55
54
7
28
134
26
26
313
154
41
22
105
50
14
403
118
276
6
14
170
15
32
435
69
143
541
8
419
1380
3
8
11
33
38
1409
22
27
83
4
59
11
53
84
47
57
33
51
78
446
581
31
58
92
30
19
62
25
10
42
159
17
18
20
610
45
58
35
1687
45
36
37
4
30
45
38
69
9
296
143
234
342
777
29
21
12
125
25
431
358
4273
31
39
22
32
1010
256
26
32
29
6
928
581
108
50
105
120
835
217
0
13
414
5
7
35
87
10
756
2
5
50
148
2111
94
44
223
87
688
35
74
50
99
21
24
85
24
67
3
55
29
18
29
2
314
159
980
34
211
146
1538
14
87
21
8
49
44
7
65
509
386
334
6
287
40
454
8
451
392
6
370
72
242
13
845
27
318
172
76
39
6
6
33
123
248
114
65
38
39
12
473
23
61
10
538
11
18
63
42
51
37
45
4
22
21
424
187
1341
1
776
114
186
61
64
299
2585
17
97
538
41
52
52
56
58
20
853
44
42
10
486
8
36
189
667
26
86
305
34
368
46
340
230
267
85
13
89
193
94
17
42
16
83
52
85
23
9
531
6
164
10
11
1
27
30
105
18
51
233
11
255
10
14
20
179
55
16
31
17
29
42
75
22
42
4
157
16
130
43
171
41
98
983
5
98
105
165
30
1485
16
23
30
111
28
92
53
48
17
93
311
7
16
455
43
11
34
1461
31
219
1623
55
47
47
45
20
27
216
185
55
225
635
366
15
76
21
44
13
79
1129
9
13
106
241
322
75
32
10
37
105
1391
7
6
34
405
31
28
107
127
34
19
157
33
50
11
2
159
27
51
58
103870
226
39
110
231
423
181
79
95
28
7
180
28
125
718
13
9
42
21
26
62
34
47
152
285
3
4110
8
121
97
139
29
169
16
76
37
61
339
100
28
104
150
41
118
102
4
958
13
488
291
26
97
33
23
706
49
35
2
22
66
199
2354
116
49
109
168
413
27
121
43
18
1990
201
5
138
13
1028
22
37
5
9
430
340
11
1326
22
32
43
223
35
668
254
1487
688
251
69
317
54
8
14
188
151
186
355
150
40
29
1544
51
5
11
29
39
1072
34
58
25
13
7
2029
564
57
99
23
164
188
60
14
228
189
186
7
6
579
18
8
37
32
176
20
42
443
150
26
35
15
287
7
62
132
182
21
562
183
4
24
12
95
1
64
37
21
2363
653
26
4
15
617
640
11
21
161
35
50
9
61
27
8
105
405
3
247
6827
142
65
4
470
4
42
499
26
157
191
963
26
28
169
576
118
139
81
11
153
498
147
509
30
6
29
125
176
3
15
103
199
29
9
200
109
28
111
1948
93
117
14
34
35
274
329
99
27
99
34
11
46
4
6
72
327
627
11
48
95
75
2340
1580
168
118
25
234
1356
6916
88
16
531
12
35
132
23
411
141
5
65
824
9
387
16
203
91
24
6
59
263
34
651
17
459
398
54
815
11
289
128
111
3
5
11
152
333
622
38
11
47
23
311
97
7
368
151
24
169
83
33
222
51
19
500
1475
8
10
24
9468
12
1992
64
1639
900
112
77
94
185
134
76
4
43
1485
137
72
589
1855
13
13
17
50
10
297
3
62
55
10
164
88
30
10
6
2
850
46
17
610
152
10
112
84
116
194
42
134
19
230
357
104
89
19
58
214
355
76
12
141
45
139
155
35
620
26
1885
22
23
103
44
75
120
33
250
608
38
279
6
1266
17
10
310
13
411
52
549
30
55
200
13
55
50
38
73
69
85
32
33
54
154
43
55
170
18
56
14
53
97
28
67
13
29
26
459
30
21
225
15
8
73
53
169
19
1286
123
33
357
67
2673
199
25
259
29
61
26
313
184
65
10
53
27
3
34
12
377
186
67
197
41
62
21
339
5
12
16
598
50
32
1083
127
20
32
269
206
11
42
201
35
16
18
18
331
241
252
11
9
153
27
435
33
30
322
552
41
32
114
199
24
687
19
25
77
103
2658
48
31
239
45
5441
13
315
7
24
79
72
255
7
222
29
42
38
153
10
42
17
84
78
416
9
4
7
63
6
16
479
8
13
39
122
2353
347
5
29
98
3
283
84
8
422
73
519
5
1355
141
41
9
9
293
4
20
273
27
17
34
493
51
3
197
235
469
180
40
4
103
4644
8
70
18
2921
9
159
9
528
354
24
122
259
684
142
1153
183
99
27
403
58
117
46
122
102
115
433
26
14
2067
16
223
844
198
932
14
8
226
20
44
35
407
58
299
5
113
2041
15
80
84
7
125
881
806
2
72
151
304
11
56
347
103
65
37
92
13
41
64
64
113
7
80
42
44
36
15
28
24
27
58
22
402
355
123
86
83
10
141
378
124
410
134
15
84
2809
11
300
26
20
143
47
40
14
167
26
79
111
114
164
476
983
418
15
15
350
14
10
779
89
63
4
16
9
9
171
2
16
270
15
495
14
115
2753
371
345
31
25
11
90
99
488
269
351
321
4
42
15
117
14
83
1
76
56
115
305
113
63
136
16
43
1061
1813
570
110
566
12
3
541
39
11
117
45
1096
1295
14
121
17
3
306
1
570
24
47
33
7
6
6
203
23
20
166
24
163
28
200
9
9
0
31
21
15
3
107
33
32
1691
46
28
85
7
142
638
74
64
17
5
642
60
4
26
37
127
33
7
18
124
291
29
34
22
10
173
39
36
59
23
9
52
8
6
118
393
1928
107
1319
3
52
38
534
111
13
128
3
333
16
249
5
22
3
9
3
28
20
34
159
406
4
64
356
594
489
3
4
19
53
5
382
14
396
108
671
480
19
15
843
81
184
84
69
399
118
42
11
129
239
368
5
16
9
19
132
443
197
15
21
17
22
9
270
107
192
11
469
45
21
264
83
200
58
666
18
103
13
125
24
249
927
538
54
14
319
11
33
39
301
59
74
46
24
374
39
35
120
72
25
112
19
25
73
426
351
7
376
16
32
121
14
7
19
24
6
2
16
36
124
526
31
235
187
12
75
91
21
4
230
941
62
471
32
898
61
19
5162
17
31
52
262
10
65
321
22
62
364
375
8
1664
3
50
171
30
9
198
34
61
484
39
129
11
7
1
1585
21
25
153
21
32
85
42
7
28
73
43
37
255
29
25
38
15
238
13
222
22
12
3
41
25
38
1124
186
10
121
27
5
1138
39
18
73
473
93
217
29
300
159
668
4
22
5
7
11
38
29
47
127
11
17
16
366
11
41
79
18
19
43
10
16
138
2
160
201
0
21
129
14
154
2
34
140
7
2394
121
95
192
343
7
87
205
75
777
21
312
17
99
282
20
30
28
41
31
21
20
267
12
66
351
47
9
494
65
40
1336
54
333
35
38
6
103
36
232
18
38
5
24
5
102
517
18
13
48
2
13
8
33
10
338
98
15
9
73
165
135
255
72
115
126
24
21
13
24
814
130
91
5
4
19
841
5
288
12
311
200
232
103
87
401
90
12
196
8
185
73
52
4
14
9
20
1861
52
218
945
32
35
2
71
49
148
15
84
67
18
51
272
41
82
22
2
40
7
457
25
1
192
16
9
48
146
60
178
256
123
21
33
122
768
73
295
68
231
19
26
18
4
48
97
411
10
331
43
440
63
407
44
13
54
126
361
74
181
39
133
351
36
261
5
17
34
15
23
505
110
499
40
857
3
268
1079
46
120
40
18
14
194
1131
120
489
304
59
29
108
159
7
41
35
26
14
344
16
131
8
347
7
361
52
578
34
8
9
8
166
48
298
374
152
162
23
529
13
83
10
469
109
480
64
673
28
0
199
280
41
45
16
90
66
99
8
417
109
341
71
181
24
129
194
8
34
273
21
43
141
2
17
33
23
27
119
21
0
13
71
2009
45
110
11
18
84
34
62
251
216
23
17
83
13
169
62
32
20
304
8
113
224
28
35
26
156
66
85
37
62
210
31
169
7
76
40
98
35
382
126
359
27
21
17
10
12
138
4
1160
57
38
24927
18
6
7
50
4
16
45
9
13
8
18
184
110
78
14
270
60
3105
228
28
3
6
14
493
54
8
422
13
9
147
70
33
1
287
101
7
231
6
383
64
130
61
749
95
14
37
2
19
25
11
207
32
19
162
115
65
23
6
32
78
136
24
54
9
16
9
12
80
73
38
16
4
564
35
164
254
137
71
58
422
16
61
36
188
136
16
174
20
106
26
99
1673
16
81
285
10
34
176
205
76
120
200
191
29
37
12366
319
19
11
54
11
35
96
78
556
1282
80
132
42
17
344
6
112
34
276
661
6
310
13
122
285
379
344
15
8
1045
35
32
55
16
237
8
19
179
143
18
158
350
38
177
33
14
300
84
262
12
3
68
22
25
8
5
22
3
710
42
985
26
337
121
17
321
234
11
16
111
498
48
518
24
221
10
11
173
363
342
213
468
11
23
14
151
16
230
225
70
11
188
29
114
19
126
389
25
2
23
87
92
825
412
80
1219
88
18
19
48
21
275
48
130
159
48
33
3949
399
14
23
18
221
191
15
60
233
1588
159
57
25
129
13
219
554
1507
49
2
630
191
11
21
304
19
112
143
23
328
14
96
416
474
994
2
1009
10
226
9
384
9
2
826
449
297
11
120
4
30
75
35
213
15
354
63
217
47
711
43
46
68
96
178
8
5
66
144
111
45
1092
9
227
108
3
193
6
52
89
1552
930
37
23
10
358
3
15
34
23
379
180
176
7
3
157
351
30
5
60
5
38
3
182
258
632
134
5
134
35
411
102
31
112
632
29
269
698
71
45
449
61
114
395
3
305
30
306
57
12
35
70
109
94
11
718
5
200
496
252
59
24
338
566
44
3297
74
23
273
156
167
6
51
62
9
92
118
3
428
11
40
121
333
2
651
37
305
207
16
99
93
43
2
25
27
1348
130
73
849
31
552
278
429
5
11
298
86
63
725
82
9
13
1335
21
91
31
21
373
228
27
140
10
80
13
208
13
285
643
3
130
272
211
139
131
24
7
472
164
36
2504
228
385
4404
216
49
57
47
52
281
916
16
35
16
44
397
172
488
163
377
15
119
8
11
201
21
38
6
20
12
1
125
21
10
187
70
12
32
122
8
379
26
76
426
428
313
91
16
16
152
45
641
87
53
10
43
28
10
746
192
2
25
50
5
28
8
61
16
10
60
99
66
444
32
200
440
585
93
21
81
29
50
10
224
78
79
6
28
1466
212
439
16
321
9
113
5
1
119
159
42
482
384
396
101
426
44
5
58
40
1523
155
192
89
206
92
7
62
368
11
1546
2
71
101
23
786
3
48
4
229
14
66
44
143
32
537
94
326
9
49
227
275
18
9
39
167
1017
52
742
377
209
116
160
46
70
10
105
31
18
26
42
19
42
73
48
11
13
78
15
31
38
9
53
142
236
29
13
26
102
36
15
185
48
3
202
27
1592
41
499
2
158
441
84
41
121
31
180
8
366
62
23
78
50
107
433
6061
29
8
1
33
4
65
266
21
37
127
61
17
77
91
255
366
646
19
17
15
59
155
61
5
91
47
4
125
6
45
586
48
78
62
6
22
48
50
64
41
39
129
40
316
71
26
196
12
33
212
4
656
3
2
239
46
60
7
3
16
1166
61
13
190
44
48
115
52
86
7
22
21
4
304
8
48
60
34
38
53
6
11
4157
108
14
73
355
9
44
2
462
113
159
47
27
562
53
69
26
10
714
439
20
19
29
717
212
9
20
10
85
8
24
44
159
5
223
212
45
72
285
797
70
358
28
119
2
142
160
29
5
4
115
653
143
145
173
4534
61
206
348
55
20
58
132
14
347
31
543
2834
51
14
37
29
135
172
90
177
34
19
10
1039
272
111
1146
128
10
126
197
111
799
68
15
4
42
12
78
43
520
8
4
34
25
20
30
118
26
262
365
255
284
3497
1673
1016
5
493
19
9
33
21
12467
225
43
49
19
5
20
7
162
504
14
189
26
46
6
1712
88
38
53
7
119
51
471
75
405
84
73
121
112
5
20
281
8
6
1
16
20
574
290
239
3426
28
83
99
26
179
1371
50
21
103
10
113
28
38
21
678
194
879
48
1
125
11
25
247
24
146
37
22
376
25
216
178
36
181
134
129
31
59
33
16
148
128
48
362
181
197
59
42
48
63
559
24
111
5
217
152
87
121
143
32
425
25
10
105
45
8
254
15
14
525
168
12
3360
471
151
217
22
39
77
22
2
44
10
16
220
3
96
2322
65
34
75
43
134
1211
1689
2
192
85
12
1309
7
358
83
4
251
347
1090
12
40
8
7
33
30
122
188
59
83
9
13
8
50
10
444
188
1583
28
288
43
213
22
11
629
39
39
3642
480
7
68
140
1645
68
771
71
126
68
193
785
113
5
45
58
996
277
75
80
3
37
11
1021
10
129
502
7
35
4
352
55
37
336
153
23
39
89
659
17
9
373
1504
27
165
17
225
62
130
91
33
29
33
83
47
1234
418
15
15
24
34
352
30
78
44
1812
11
14
331
67
57
19
149
319
172
11
42
398
129
52
135
385
7
38
106
237
12
129
94
34
274
67
8
5
92
1
13
27
23
73
6
69
17
24
9
11
630
1640
279
79
253
58
112
141
112
30
2
116
142
48
53
113
62
192
17
167
143
86
21
85
979
12
1
20
18
229
25
112
309
124
83
163
110
7
1352
205
17
1150
35
26
63
39
7
95
6
1047
3237
34
15
13
8
430
16
587
8
5
39
541
9
58
202
182
198
657
75
33
47
20
125
92
174
56
30
41
343
155
40
586
1634
17
156
132
719
33
7
54
1946
1035
37
71
42
35
2606
611
348
100
131
38
24
72
28
114
52
63
499
34
11
2
93
41
10
61
36
13
1444
150
18
21
35
97
18
54
383
89
41
12
229
5
139
0
2
23
620
1170
83
1694
395
86
52
202
240
102
35
35
205
190
31
17
548
988
128
1282
317
1403
3
125
35
9
12
24
69
288
209
29
17
20
112
71
172
143
15
6
901
13
235
16
2
312
255
143
27
67
759
142
6
42
3
237
541
39
4732
31
25
137
29
129
8
75
11
7
16
6
92
28
235
11
130
28
20
70
82
112
83
125
20
492
298
669
403
43
59
176
23
42
148
102
6
150
15
360
37
10
77
68
21
143
50
45
1402
79
354
69
127
58
110
122
7
547
112
5
1164
53
18
19
1913
11
11
98
27
166
1168
15
71
151
104
50
2
218
114
70
177
160
351
71
29
152
77
85
9
24
23
941
40
89
597
17
135
64
25
539
159
237
24
412
23
87
63
3
13
38
76
78
8
11
14
25
7
898
351
16
16
71
46
859
225
175
152
67
65
369
31
84
2
12
858
54
15
184
285
10
12
341
328
61
70
53
11
12
885
224
40
27
11
1134
1
29
557
3
748
283
115
34
70
582
7
66
202
320
61
26
465
39
7
44
8
272
708
19
13
8
263
14
104
4
5
627
27
11
397
41
1327
101
30
102
280
83
434
501
10
326
381
13
13
1327
18
98
36
20
18
42
57
71
20
95
560
11
13
27
24
14
9
795
341
382
15
50
4
15
1
581
90
51
20
8
420
40
8
133
59
347
105
352
26
975
62
50
22
10
547
55
19
29
19
120
38
191
25
1157
82
78
10
16
113
82
32
241
54
146
543
135
240
70
160
185
220
46
215
4440
627
31
206
20
160
30
29
24
26
58
118
21
73
406
30
31
67
94
16
1875
2906
7736
101
35
132
1518
98
146
1137
253
223
31
13
146
374
8
68
1
7
46
1
10
85
78
33
10
21
3
30
37
50
9
58
75
6
23
378
4
7
64
133
173
97
362
41
28
9
8
187
3916
13
53
124
20
8
1770
63
104
211
72
189
61
677
14
4
52
11
31
6
92
182
50
377
10
85
11
110
125
872
113
38
40
4
191
78
25
33
133
53
234
1610
83
2363
92
12
85
72
30
560
78
2
793
47
284
119
169
395
5
64
935
229
4
380
60
250
116
77
8
90
13
541
6
47
108
331
57
3
96
118
13
358
394
30
38
54
1170
326
91
9
28
15
16
65
81
11
94
117
136
341
17
13552
209
52
5
289
136
320
21
6
504
161
850
76
14
208
61
53
162
33
41
447
20
9
33
39
302
318
36
23
39
34
86
522
10
24
8
616
18
62
52
308
10
55
11
75
13
18
172
127
74
13
96
1780
27
199
3
96
62
38
11
33
228
23
99
1184
67
73
301
100
31
202
124
60
373
628
31
383
14
910
47
202
25
128
5388
13
338
80
9
22
13
320
6
352
1969
17
245
14
141
16
21
14
617
714
96
119
93
105
37
29
207
56
7
85
221
334
444
61
44
17
51
17
40
5
101
34
707
58
133
44
535
47
241
935
32
85
35
9
17
64
2
237
134
349
200
283
228
391
296
110
85
3
24
115
99
219
4
31
94
30
139
18
452
367
160
757
89
12
9
92
150
21
9
5
138
2729
823
20
0
3036
78
13
16
866
201
51
179
230
243
837
153
24
61
135
88
1
4
870
30
97
11
9
20
158
23
64
7
3
15
89
204
60
45
847
174
3
169
21
8
2108
10
353
49
2
18
34
120
198
8
194
14
23
188
19
44
677
4200
28
127
38
26
8
387
10
27
188
409
102
68
20
21
12
25
7
24
463
46
58
32
28
137
61
439
121
105
311
64
84
58
2
661
949
18
459
12
38
73
125
501
23
948
147
222
5
15
35
22
33
588
52
41
102
89
620
4
38
230
23
15
28
17
34
87
420
105
1008
1
357
100
216
352
175
51
21
128
500
180
324
5
498
11
128
190
74
2
17
167
167
203
15
52
184
57
5
1847
1021
106
11
10
90
1570
21
750
471
13
765
156
129
30826
33
23
346
19
27
63
1
212
96
380
68
51
116
15
10
48
287
10
11
162
30
56
10
109
61
17
130
47
39
45
374
8
211
29
27
251
20
157
19
20
52
8
286
157
253
28
15
43
50
1554
184
11
94
3
114
1522
31
141
805
116
43
63
12
37
183
41
571
218
372
21
31
2185
4
6
27
198
123
36
5
268
105
40
24
670
9
113
233
40
76
33
12
47
37
27
13488
2100
1718
107
116
354
209
193
286
84
35
1133
34
42
82
3
17
23
17
31
114
169
19
366
72
113
377
19
57
1222
869
21
344
100
255
32
9
7
108
214
503
98
405
64
31
11
56
69
107
225
81
7
3
62
234
4
17
35
160
24
17
17
217
42
88
43
16
433
272
104
13
1830
13
38
76
172
5
11
4
73
21
44
474
589
185
26
276
245
297
16
476
10
410
887
37
62
15
166
107
263
44
110
1496
116
24
10
28
31
71
31
39
230
127
63
116
410
130
223
97
187
19
10
19
133
2
487
14
7
408
110
134
13
452
58
59
378
9
39
2
15
21
375
20
12
401
572
10
6
49
67
133
10
483
22
91
36
29
1268
108
109
23
617
5
47
589
11
15
280
29
55
26
250
17
6
21
31
47
46
77
50
361
14
791
3
14
90
2
558
103
330
24
59
29
16
30
48
14
316
62
20
92
32
20
31
43
145
200
103
410
105
537
93
176
5
94
13
24
2466
93
32
38
68
147
436
3
104
118
65
17
9
84
11
200
23
15
224
102
86
6
70
851
93
16
33
199
17
15
64
197
1
57
14
51
161
66
17
17
811
892
32
7
46
69
41
66
825
73
98
7
15
228
60
110
74
348
15
68
55
133
52
55
421
6282
24
13
28
167
163
3629
1431
13
23
15
41
27
30
147
63
1
65
71
141
1246
33
5
1
23
45
136
7
6
25
101
99
69
20
61
7
2152
51
5
63
273
18
60
33
420
10
99
204
17
170
101
381
4
17
28
13
5
29
9
14
71
4
73
159
10
154
50
17
132
267
22
98
163
35
54
6
173
178
96
55
104
7
1182
44
13
11
21
19
112
146
37
10
137
11
487
185
49
262
18
10
164
210
757
1514
61
162
1
8
872
13
68
32
8
108
12
14
43
157
59
129
65
473
1420
609
107
59
45
222
36
92
30
89
3
76
57
508
55
27
41
6
56
201
101
8
1
161
4
23
26
3
128
3
46
40
28
48
65
163
24
117
5
43
362
30
24
65
2532
272
21
181
22
21
295
30
55
9
17
64
11
173
45
31
61
159
124
187
150
149
42
367
157
412
53
82
39
1777
33
40
105
146
5
851
89
51
17
76
88
454
43
16
321
230
491
25
44
309
2
23
6
28
8
87
22
167
15
274
914
39
54
1117
12
434
108
4
100
6
113
23
330
35
243
1305
27
177
343
260
87
3397
123
48
43
20
16
46
39
81
80
22
11
83
34
431
40
340
77
3
605
132
120
19
194
40
237
92
45
40
19
12
14
798
1409
38
818
83
34
266
408
216
98
129
19
190
0
158
10
26
54
21
189
95
136
9
38
7
56
37
3
482
6
50
3
160
76
29
178
89
152
32
14
51
37
28
41
93
143
34
75
74
17
26
29
26
36
11
2
111
1330
292
48
31
111
29
949
199
544
566
1553
3
106
137
23
2692
6
277
256
1089
1462
202
16
11
10
25
430
39
387
3911
15
25
36
25
41
239
9
14
92
20
38
6
148
1805
177
10
10
28475
194
4
319
1159
222
112
13
19
52
79
31
130
107
480
1
9
152
301
205
43
58
387
10094
93
117
491
70
26
7
462
64
21
314
33
33
39
15
340
34
279
780
28
223
25
39
99
27
99
313
139
16
23
18
49
8
191
49
30
73
206
2760
735
157
16
27
408
25
137
129
9
67
9
1570
3
776
142
177
76
38
302
85
30
21
1192
6
376
4
110
13
22
70
21
24
481
504
73
710
38
55
13
8
63
551
110
70
697
154
55
20
8
62
5
21
65
2065
15
228
95
12
65
16
9
12
116
173
13
18
55
7
1460
108
65
23
40
70
868
19
122
33
42
26
412
473
352
1019
147
2
609
511
323
18
153
58
205
319
72
105
3
31
31
72
229
42
20
51
721
166
4
247
5
51
142
14
312
11
6170
1166
52
1072
43
24
87
27
14
21
141
3192
389
24
38
25
168
643
90
9
135
15
107
12
45
25
373
927
169
16
10
107
149
25
119
307
343
44
10
16
27
624
271
26
100
268
343
30
21
480
22
256
13
7
57
5
84
27
86
158
74
177
39
4
562
147
14
1751
42
16
5
86
71
5
125
38
20
174
374
8
20
31
16
143
55
3487
17
8
19
790
124
53
3
139
651
43
33
138
54
42
493
64
25
43
77
77
16
40
1169
12
133
25
1773
47
236
98
129
10
34
43
162
40
45
7
211
35
738
16
13
52
110
69
729
21
229
74
11
307
73
230
1354
38
2
49
336
46
23
6
100
158
251
11
164
70
63
92
126
21
29
178
217
455
61
44
20
596
170
116
22
3675
12
106
240
65
8934
163
14
127
98
23
34
44
8
12
243
37
229
343
127
106
22
41
25
212
40
17
82
211
16
100
17
226
34
16
2511
2
11
73
72
22
45
12
533
6
94
22
18
266
54
96
54
52
13
4
27
119
46
62
217
212
25
1013
26
125
166
12
265
157
96
952
2
1034
98
129
110
5
47
61
30
42
27
178
294
337
39
267
15
105
170
188
8
55
8
80
53
201
232
90
194
22
21
23
19
96
164
8
22
5
188
1235
1740
19
227
3
341
53
26
120
27
33
4
32
598
31
4055
41
15
28
16
22
10
18
61
18
201
224
173
67
841
1034
19
27
345
550
10
870
347
5
36
114
0
84
71
33
13
9
330
12
27
35
8
16
7
9
261
49
14
15
1312
6
106
17
116
35
215
7
50
94
292
26
19
290
19
54
242
120
89
16
14
80
447
49
94
412
119
168
112
121
215
362
316
11
14
53
146
61
32
25
50
92
63
776
12
2113
112
2
69
64
419
2816
111
451
32
15
41
27
578
45
575
709
410
7
16
2
85
211
111
51
88
24
11
19
18
29
66
16
769
45
5
4
17
86
92
57
164
35
34
337
131
13
16
96
147
58
152
6
136
22
102
770
358
156
347
509
241
3
283
56
70
324
267
124
26
57
177
54
66
19
145
1433
141
62
4
21
48
620
8806
10
25
138
469
84
23
353
179
1138
2351
157
78
183
62
159
1303
4
2
159
161
34
22
43
48
53
35
243
230
137
77
30
370
104
17
208
605
17
425
136
42
922
51
1280
16
207
2
210
7
109
191
4
361
21
877
89
177
207
92
9
411
206
69
28
404
124
743
39
398
1465
382
15
136
13
50
5
906
20
572
51
239
11
75
323
496
90
60
19
37
307
73
29
106
50
94
92
53
2884
26
34
91
137
460
58
119
126
11
888
17
63
2496
37
180
23
35
3
195
858
279
7
22
176
66
10
7
16
86
77
9
160
19
47
8
23
29
236
7
55
6
12
1747
132
714
985
51
29
13
26
148
80
51
795
3
454
39
14
61
96
116
31
167
134
258
151
12
16
86
49
383
11
51
747
103
358
45
5
11
271
9
40
97
40
94
3
7
329
51
5
46
36
267
5
13
3820
17
573
428
29
6
198
48
53
16
47
25449
4
76
352
76
49
9
93
176
50
868
88
355
79
1508
28
36
36
70
9
7
43
33
15
108
3
53
50
143
1104
292
540
599
59
82
71
5
987
5
130
22
18
61
13
18
8
64
143
25
213
823
41
39
120
8
1455
25
75
24
7
4
100
41
43
110
13
54
59
71
832
94
684
15
43
183
79
59
61
5268
11
466
43
7
21
61
247
101
447
18
124
76
168
61
47
2
70
256
18
438
118
4
6
2523
36
47
81
130
121
164
176
14
3
52
69
29
6
29
17
20
160
345
3
333
1004
1044
183
23
13
20
19409
48
88
439
186
106
171
45
119
392
41
548
34
553
51
1164
47
9
85
757
89
16
30
432
109
36
324
4
36
21
561
210
19
308
904
29
88
37
350
19
168
49
3
19
136
8
1723
75
45
9
50
53
63
38
7
65
2558
2
177
78
63
212
927
83
17
93
12
421
1281
8
122
8
67
11
137
17
11
73
24
142
638
2208
104
384
380
122
133
6
610
67
14
40
16
137
206
59
51
9
17
591
112
171
4
43
297
253
849
128
634
76
368
127
1473
212
39
29
65
12
11
478
5
176
1535
13
78
30
23
68
49
53
43
12
64
157
23
15
17
248
23
84
23
30
54
42
4
11
404
60
22
13
40
1425
540
15
1077
26
24
50
609
18
249
3
364
198
27
6
91
433
207
3
27
188
99
28
29
45
15
23
109
197
66
11
41
19
6
336
237
87
81
113
190
18
193
173
738
57
222
277
403
76
763
706
445
319
84
208
14
72
44
22
167
132
51
71
7
69
32
6
25
15
52
149
18
51
8
246
13
42
8
291
381
17
317
258
12
118
11
82
36
100
30
12
373
1329
46
79
2970
88
16
323
11
130
49
261
9
112
34
292
3
118
38
371
8
314
727
80
51
13
15
4
610
18
124
195
32
175
53
141
64
213
102
80
47
4
236
1553
758
328
24
13
13
24
15
184
59
108
3
26
3
15
147
487
5
21
5
41
177
49
16
130
198
5
65
138
249
48
69
126
30
470
5
232
52
110
102
280
72
1467
155
4
18
28
47
140
20
18
2672
14
133
120
52
403
81
97
24
159
11
26
48
48
14
250
31
36
311
299
3
12
322
2072
19
43
4
55
1670
62
292
568
109
2
6
180
8
21
31
6
161
78
157
14
346
10
299
9
56
62
48
572
34
109
37
25
3295
178
76
20
49
356
446
23
167
41
31
128
19
28
53
364
14
6
93
603
28
4009
100
20
138
41
4
24
1934
21
10
79
23
188
24
7
5
1
21
47
65
10
26
184
42
1773
18
207
260
90
192
4
83
21
9
17
508
58
7
217
200
148
9
164
59
1084
28
17
14
13
39
20
614
340
189
124
19
15
166
310
67
386
510
103
93
81
49
261
70
74
163
389
12
374
428
76
118
16
21
49
107
13
130
253
147
48
68
87
176
31
34
1493
104
20
6
4
5
79
22
21
73
24
94
6677
44
29
411
359
73
63
167
200
29
10
10
294
13
22
31
28
76
11
109
27
60
155
79
8
430
109
3
294
299
39
3
17
3
23
2061
870
127
15
6
471
205
20
232
46
347
3
19
10
7
6
104
12
28
130
13
23
119
34
36
1330
128
133
32
36
0
1122
802
1
504
601
123
233
32
16
345
400
19
161
42
88
14
163
5
187
23
16
48
37
3
172
1492
57
80
35
24
3
1775
9
174
162
249
334
25
5
83
14
107
899
264
505
3
27
82
156
11
69
36
9
14
39
85
8
117
5
21
9
15
4
38
4
599
57
595
60
181
49
4
476
15
7
65
346
25
50
38
354
103
43
27
0
11
76
34
270
45
178
103
68
498
10
8
156
576
141
68
156
82
44
3
152
27
16
379
81
6
15
303
21
84
17
81
358
12
4
25
298
0
10
469
74
8
301
42
19
9
1526
153
66
8
13
348
277
83
5
66
63
76
76
76
105
2
29
76
36
45
103
3186
117
272
590
139
96
155
11
64
37
16
42
123
199
334
141
125
35
30
16
158
160
23
23
4
3
3810
158
29
2
18
284
53
27
12
2682
8
96
94
22
5
3
63
45
454
20
123
298
140
634
84
326
8
359
228
55
427
16
13
69
344
97
138
96
475
6
349
763
23
252
59
120
19
48
2486
11
278
5
205
200
7
149
348
466
10
25
890
174
75
31
47
80
1084
69
30
234
32
28
170
543
29
192
101
5
55
212
220
21
106
9
16
392
76
13
22
33
37
10
3499
15
187
16
403
27
23
76
34
96
11
25
577
47
1023
115
67
534
284
81
45
9
23
8
3
29
106
10
647
311
25
264
45
83
13
4896
7
7
173
34
6
109
164
155
4
9
165
70
136
27
198
20
66
97
463
2627
40
65
9
52
389
44
248
7
20
12
16
66
137
275
32
4
419
213
85
117
22
6
3
35
474
10
27
4
361
88
83
31
29
285
27
26
85
19
116
11
116
157
19
351
106
88
67
110
46
252
50
993
17
48
49
90
18
11
23
23
121
33
148
14
28
546
16
189
140
139
68
50
2
428
64
31
17
974
73
42
42
72
408
541
46
588
49
1491
40
68
13
5
10
256
31
5
25
438
25
26
341
16
271
21
136
8
240
32
116
285
3
177
6
956
359
14
25
25
10
7
17
775
38
49
20
142
2473
458
8
1257
853
26
3
40
49
249
21
325
35
3
44
1157
12
4
49
26
4
29
384
128
283
67
3
153
23
587
65
31
160
94
66
278
69
47
33
8
236
13
44
82
22
658
4
0
4
45
167
29
61
41
37
56
6038
29
5
31
412
111
122
9
688
186
14
57
806
88
215
19
37
4
1
262
71
73
5
94
10
132
69
8
11
152
382
1346
23
50
23
94
59
237
1082
57
61
24
26
174
8
514
82
22
230
12
52
62
265
8
259
20
44
51
2
385
9
133
82
67
499
260
1505
115
53
16
22
183
128
31
38
14
900
210
46
16
36
567
15
50
13
37
51
61
1879
8
22
121
402
45
126
86
195
112
34
49
346
317
66
23
4
421
141
179
8
30
96
731
852
34
53
1179
11
215
74
9
74
1677
21
20
113
28
439
7
1866
111
187
16
5044
12
103
29
576
10
19
47
27
147
194
83
366
145
141
164
81
666
1244
184
14
522
518
6
95
11
70
14
317
151
61
57
39
61
122
160
180
47
709
424
83
505
23
8
2
3131
82
97
5
6
73
1
21
5
164
1138
816
285
414
57
15
92
86
57
192
7
58
523
297
7
1
209
542
83
7
210
359
1421
109
438
15
17
158
7
13
264
8585
27
487
129
32
166
479
50
240
7
457
113
2931
101
19
1
16
122
655
7
33
826
130
88
141
60
22
11
29
258
19
13
130
4
5
147
1123
301
4
136
33
6
237
176
3014
29
2
34
1391
74
17
28
35
71
27
7
168
97
172
382
116
225
574
115
45
15
83
937
860
135
38
53
149
306
69
433
145
11
363
141
45
21
14
39
349
351
430
42531
68
112
133
365
376
2
100
148
3
286
1254
28
92
465
21
37
2
72
874
14
86
207
42
96
54
21
44
2703
570
26
747
71
1014
15
103
221
115
6
353
38
2214
53
28
50
31
31
39
214
8
22
12
259
48
1396
64
244
28
212
839
97
1065
21
180
19
95
414
169
75
64
105
80
477
13
138
8
218
17
94
128
10
390
274
21
90
11
271
110
16
153
70
36
5081
27
813
46
209
202
361
675
15
172
836
516
877
29
57
17
196
28
32
78
14
15
5
3660
1036
1
49
31
63
19
9
210
69
9
40
25
1659
13
83
207
33
713
61
45
765
104
5714
487
40
289
213
104
111
110
346
201
241
100
11
4
7
4
634
37
41
60
46
30
2801
8
91
22
133
8
15
140
255
17
20
239
205
424
0
33
205
145
135
51
1508
101
20
24
132
32
65
250
976
8
397
25
13
1237
28
522
124
38
21
170
9
117
1503
57
10
23
61
146
7
125
1515
276
2
364
18
23
14
81
17
98
552
367
25
5
51
56
192981
35
292
125
12
38
18
18
242
382
4520
4
1830
30
64
51
28
13
110
149
94
491
481
645
29
102
308
17
78
157
5
382
487
25
107
28
1063
267
1623
75
4
5
470
384
457
258
19
19
97
31
29
6
23
71
19
13
54
621
171
113
20
33
2
106
49
34
5
351
12
44
53
514
11
14
1501
84
452
15
192
144
25
28
8
42
15
58
3
109
143
561
24
96
110
0
209
183
300
606
44
61
341
72
23
165
51
57
16
889
121
21
108
40
13
174
32
140
18
6
38
147
93
618
30
216
161
112
36
12
19
24
431
119
6
19
36
31
296
414
69
174
2
3
227
175
169
180
97
161
12
126
82
12
482
71
7
537
14
415
2302
29
15
58
74
13
108
143
114
296
10
88
144
591
32
354
2434
6
85
4
19
875
4
2
22
1158
472
40
12
244
36
155
29
218
88
9
142
260
369
38
9
11
23
589
92
22
21
21
25
145
3
1008
68
10
1206
186
112
6
17
373
33
2
598
120
156
43
85
33
41
529
315
70
75
42
31
55
30
128
14
132
77
14
27
5
20
14
10
2
69
10
111
59
39
352
14
15
9
29
52
46
82
18
347
27
70
63
8
14
321
20
39
249
192
15
4
4
86
22
8
154
27
63
395
348
15
27
171
266
58
12
664
49
185
24
215
686
337
90
66
89
21
111
94
16
60
37
25
139
11
17
160
3
51
151
88
11
119
303
26
2986
51
26
291
11
101
287
1837
176
70
31
24
88
23
6
39
298
7
77
5
82
600
20
29
11
623
84
14
39
2223
83
646
6
3593
35
192
67
121
9
209
104
7
213
794
19
18
4
963
10
7
34
14
38
425
29
21
206
21
104
169
462
22
63
64
24
3
75
1045
59
3254
22
94
67
7
498
429
249
561
3782
73
16
15
23
17
152
188
51
66
142
440
150
12
90
157
13
416
347
26
63
69
7
1465
331
24
41
80
10
104
12
2
225
154
214
12
8
13
19
22
119
3228
335
3
10
58
36
99
117
404
34
21
29
209
557
13
54
1209
647
118
4
446
35
69
265
74
7
434
264
27
74
949
336
51
136
53
12
75
44
43
24
56
10
23
171
166
489
635
11
30
740
163
214
36
147
222
68
579
122
2
117
30
25
5
41
1205
56
5
1146
259
24
164
20
35
2057
19
46
326
72
42
32
8
65
185
906
623
217
441
2278
39
157
14
15
245
47
65
189
4819
184
13
506
103
7
300
506
66
124
13
347
279
22
133
31
77
16
134
462
15
3
32
6
13
13
142
31
327
69
135
45
986
15
61
465
201
679
151
49
1173
49
56
10
99
33
156
203
12
93
523
188
417
4
84
545
61
8
12
42
128
3076
559
226
6
32
653
17
39
13
57
339
469
92
42
219
88
141
13
2
24
118
8
201
348
192
12
451
157
7
316
78
1022
6
73
113
55
104
102
33
53
18
29
18
21
19
81
7
59
41
143
35
120
5
159
84
132
20
8
59
83
10
5
34
44
25
96
22
381
9
2
2507
204
19
25
28
1004
243
45
338
135
390
486
34
300
16
3
690
26
857
1600
365
5
115
82
85
53
16
65
231
112
13
171
42
744
91
47
19
15
18
9
814
70
1004
22
16
67
90
129
30
43
82
33
166
92
89
455
1129
88
34
363
56
18
70
29
147
62
10
54
3
114
173
22
46
359
12
43
427
112
28
22
43
51
8
148
2912
20
4
69
38
99
7
25
67
96
31
42
55
301
159
39
121
348
29
100
405
8
17
1635
54
20
8
215
10
35
75
47
116
22
348
25
74
591
30
1057
9
144
118
78
599
7
248
16
49
231
48
27
41
39
1375
111
112
68
73
123
14
11
19
665
6
75
18
57
21
386
193
90
346
191
19
59
584
25
93
732
544
8
539
13
79
43
145
11
855
132
514
494
271
22
20
841
5
296
6
186
34
732
57
79
59
107
236
13
137
53
265
17
2276
463
19
49
704
76
152
28
18
13
252
172
26
55
351
3
662
30
52
129
7
2228
468
12
107
17
35
45
379
50
53
139
285
78
78
261
11
66
68
623
16
20
22
60
75
2254
16
516
417
335
36
60
8
62
146
143
91
290
96
45
75
444
911
43
7
18
79
77
160
185
20
734
21
43
1228
913
822
77
462
33
141
294
15
70
136
18
37
771
18
4
34
12
49
133
165
3
534
150
806
0
87
597
124
144
42
57
82
21
20
112
336
186
38
80
180
11
13
14
35
16
898
8
134
1039
27
47
27
35
119
175
14
218
1358
167
7
1573
22
1047
6
47
213
21
64
10
24
1012
11
7
2
164
42
55
92
37
5801
11
38
183
224
18
40
49
159
73
1229
10
2
13
105
4
25
114
808
43
10
25
232
11
138
755
350
10
2235
3393
203
9
16
9
63
168
215
35
6
199
65
10
27
888
13
16
4
129
43
13
336
8
914
595
107
82
34
98
7
36
188
122
6
88
281
619
54
5
6
13
193
287
40
34
6
23
279
28
244
348
527
82
58
65
97
99
57
167
6
244
9
521
5
240
881
33
170
35
26
7
6
2
5
61
20
50
322
15
146
6
109
449
327
55
485
1055
127
35
10
43
16
12
213
151
149
702
57
69
161
6
148
23
18
257
349
2
1136
82
29
1
8
94
986
14
4
38
3
71
35
17
3869
16
41
349
627
352
36
25
9
966
5
4245
24
225
1053
182
78
46
31
87
186
29
32
37
11
53
2
1
22
383
842
1118
6
22
782
255
12
22
33
67
55
30
200
1
375
9
8
44
117
379
7
3
36
13
4
153
21
27
76
28
110
43
21
385
251
111
196
38
14
367
529
580
15
114
48
15
5
723
415
38
19
84
64
46
7
167
3
1135
9
961
374
20
1199
11
29
146
113
240
44
39
47
157
2
7
39
90
7
156
156
44
195
410
1561
120
118
354
228
49
146
5
194
11
17
33
518
1
0
10
28
216
117
225
84
51
131
1
84
58
26
3
42
1693
13
81
12
8
32
6
10
369
60
877
72
18
9
193
15
66
2
407
21
37
195
1177
35
318
15
9
42
43
39
255
261
88
1033
330
69
237
13
1302
137
126
36
3739
778
290
394
43
5
389
74
20
3
134
1534
3
29
5
202
24
35
62
496
43
204
6
18
5
1597
51
737
54
106
131
2
67
4
6
1542
115
1448
117
382
10
192
43
10
220
7
1013
134
59
15
38
240
46
35
153
43
18
235
44
1221
653
1188
34
15
17
49
225
1237
324
7
519
53
86
16
125
40
47
422
2123
13
11
192
22
4
134
167
110
859
13
502
962
36
138
160
315
372
21
245
1579
24
2
46
15
356
262
6
89
19
50
570
52
18
79
26
139
617
21
316
37
101
17
11
127
12
14
43
348
63
112
40
24
92
333
18
97
22
33
89
128
8
1096
133
126
71
146
60
19
128
50
9
49
136
96
15
142
82
4
9
16
432
8
555
734
24
28
3828
5
302
153
139
90
554
9
202
12
54
46
26
670
56
5082
122
13
19
87
148
141
39
731
84
195
42
30
88
44
46
3
167
68
518
52
11
4
19
167
231
4
7
56
47
233
177
24
48
46
3077
34
171
399
304
6
13
8276
464
4
960
70
97
323
14
63
111
949
8
17
45
186
57
135
30
11
12
152
54
22
72
31
16
175
111
80
2
244
60
97
104
25
6
126
291
47
168
251
22
378
29
21
90
1386
86
19
46
79
3
22
193
210
135
174
13
181
33
622
36
425
52
37
10
21
109
52
2
1623
13
41
117
395
35
61
474
5
32
652
27
27
1899
42
2110
103
102
167
514
118
34
79
20
294
4
225
21
1243
69
22
2801
35
413
475
35
34
371
389
59
11
54
18
1648
247
39
19
198
282
8
16
18
2
86
81
763
37
11
1
19
138
101
13
263
200
20
39
699
304
208
1104
185
16
27
17
877
28
448
64
156
70
1591
30
71
21
8
1
24
95
46
72
127
16
8
15
19
108
43
9
22
40
11
65
4
186
5
56
992
105
92
44
145
15
742
28
22
55
30
199
667
12
1
247
3
42
200
5
34
26
235
14
1265
55
2515
51
13
31
276
249
71
3
2
116
15
7
141
75
4
904
89
616
11
288
38
27
28
274
10
10
20
15
41
142
582
9
18
198
222
100
156
155
35
48
4
123
95
97
257
2
5
38
8
148
28
1
2
345
53
1683
46
104
283
59
110
74
424
1680
43
71
489
1
1089
390
3
199
85
67
49
68
1216
522
854
8
30
9
15
29
6
66
188
12
250
4
84
30
11
655
245
567
64
12
82
43
206
48
4
47
367
170
330
17
67
259
32
2
272
52
6
43
1276
19
37
6
10
64
182
41
1613
1194
166
73
52
203
10
550
141
47
86
200
40
320
194
16
442
191
30
26
46
6
136
28
6
17
6
36
83
410
18
36
1047
91
54
2
605
93
11
242
75
54
160
6
91
30
234
259
117
58
35
27
94
9
767
410
54
27
114
32
242
289
8
54
86
20
178
135
39
50
51
42
828
138
996
211
96
67
271
88
135
52
18
322
58
14
165
114
152
194
63
139
13
610
16
238
20
119
1743
15
72
110
268
181
119
21
11
440
35
420
1306
26
95
64
10
355
27
8
34
209
269
5
22
37
18
778
559
68
63
50
685
225
51
755
615
30
85
10
43
54
15
37
6
133
16
19
43
2006
75
83
58
15
109
110
59
130
1
29
14
45
56
99
237
27
42
1505
18
112
168
86
19
113
50
226
126
169
10
618
474
92
122
78
18
28
38
11
15
44
34
9
72
13
111
26
1289
11
430
20
1215
27
10
34
1962
19
39
55
221
270
69
60
27
613
240
3
6
30
4
200
2
2649
18
13
19
23
485
5
7
30
580
24
98
176
4
394
195
36
58
111
18
310
692
7
99
224
516
24
5
78
37
64
504
375
358
5
30
68
62
106
15
142
22
5
32
61
20
51
16
468
264
5
889
39
33
19
1157
404
153
47
13
319
47
526
41
178
2932
6396
37
38
7
16
114
754
17
193
15
31
271
961
4
19
11
38
15
137
43
128
60
126
126
16
12
71
416
146
82
23
60
63
360
49
193
73
12
79
268
582
47
6
71
3414
11
12
53
1568
120
61
72
28
30
83
44
168
22
180
7
26
525
82
107
1
42
180
10
15
3009
40
121
64
298
209
185
10
8
102
37
1130
840
233
12
48
78
204
21
3
169
16
26
130
179
362
211
98
130
37
27
30
396
76
36
13
76
165
467
368
542
1
21
100
36
239
120
8
86
18
7
2
62
1469
29
3
27
20
35
226
103
95
161
2
231
7
99
88
79
4608
572
92
84
190
938
699
93
33
45
12
47
127
50
21
20
157
9
1926
278
78
324
172
67
27
58
2400
1406
47
52
1601
280
340
155
9
200
305
25
740
8
52
11
17
368
36
33
129
11
5
334
332
44
54
152
2
154
468
666
94
19
63
196
638
12
120
44
27
42
59
12
5
7
1407
93
4
4
17
292
37
93
223
382
491
76
3464
67
29
45
42
235
21
271
99
55
156
181
348
130
70
4
51
325
103
40
62
54
373
124
11
193
22
470
16
407
86
178
929
5
29
321
5
4
43
85
13
31
4013
1096
754
5
19
80
64
52
102
15
208
44
23
328
426
5
27
153
17
225
1496
158
32
112
102
6
890
139
3378
5
784
26
49
152
408
176
13
64
4
187
42
22
76
65
15
4
19
27
4
4
0
214
6
31
1369
149
13
33
60
111
123
45
9
547
92
105
6
82
193
29
83
3
64
575
197
23
7
18
3555
9
2184
110
5661
60
66
167
66
92
12
207
28
14
11
595
724
90
58
1244
376
4
31
1418
40
26
42
27
509
22
13
4
295
185
88
45
1238
149
2015
42
36
4065
8
7
18
95
992
11
5
86
23
81
58
1418
49
517
2894
440
54
4
12
941
348
38
9
3
330
21
23
53
321
110
41
142
106
24
8
306
76
22
22
18
15
90
44
139
37
60
123
37
1474
8
167
216
102
14
238
15
2
105
94
10
525
7
107
2
47
16
135
16
116
10
516
7
101
182
3
174
81
11
53
60
34
5
262
72
805
355
22
1107
44
261
146
163
726
1922
10
33
21
261
40
390
548
89
95
31
43
30
204
12
260
225
1793
1179
14
772
192
99
19
22
24
23
186
200
20
129
104
2
32
275
13
84
19
6
493
24
20
1164
30
16
17
59
78
240
59
69
35
131
204
22
4
11
238
19
96
15
2606
191
221
113
306
3
1004
264
12
129
401
81
26
32
222
6
114
693
106
93
28
22
250
1487
27
10
61
44
61
210
6
39
6
65
15
78
63
127
112
1056
8
2665
26
40
212
13
6
49
174
19
651
59
375
21
65
413
155
15
293
288
58
765
12
25
178
26
100
76
8
4
30
1
64
292
31
81
48
44
771
69
36
5
196
3813
3183
336
15
105
44
110
86
24
81
358
6
388
17
9
6
115
13
8
3756
59
21
32
97
70
158
799
5
5
198
114
269
425
579
162
183
538
66
49
1291
48
123
102
55
2202
136
1930
19
359
6
16
29
49
31
27
374
34
4
2
34
25
22
290
61
47
66
6
184
197
106
68
36
515
839
1609
219
3
8
123
338
26
484
123
40
5
59
13
21
41
151
27
45
60
41
31
111
47
9
42
357
130
42
5
49
125
158
14
185
30
35
668
34
16
112
57
17
971
312
13
33
311
56
113
14
19
7
1731
2
225
1106
31
16
98
1745
140
22
80
17
23
194
1142
749
317
48
27
86
63
7
52
2
226
71
155
187
506
852
119
69
362
19
434
11
7
173
1203
19
25
55
5
23
63
29
362
9
18
41
6
55
16
543
89
49
61
92
11
60
169
46
48
21
11
12
14
182
323
211
116
9
295
500
97
214
132
23
18
25
84
761
25
72
31
5
154
188
1
50
131
262
109
39
643
52
356
128
164
19
359
61
301
5639
34
118
168
3
102
28
156
57
15
71
121
23
94
3
24
73
310
3
241
291
118
145
160
19
20
28
130
46
370
883
14
59
46
386
244
295
129
42
763
231
116
11
54
13
199
12
32
1261
102
354
301
62
11
45
322
35
17
14
12
9
75
19
9
12
53
16
263
45
531
14
18
29
536
19
17
7
668
30
83
336
152
5
307
520
321
528
58
745
219
422
403
2975
71
35
887
27
16
2
213
118
223
71
55
24
21
1405
144
340
1237
19
237
52
86
84
26
77
179
1429
19
255
63
27
12
376
17
201
90
9
512
35
1732
20
39
44
15
58
50
3403
2
20
23
29
98
70
42
73
174
284
8
85
7
175
11
336
2419
37
161
195
105
122
23
2
16
44
173
18
250
1685
29
33
14
101
405
148
64
28
83
28
45
42
90
479
96
390
112
38
82
1955
191
43
17
35
11
122
46
294
8
12
3204
16
22
580
211
191
740
83
204
154
110
54
86
14
68
340
509
613
54
41
8
252
68
83
12
99
12
176
43
42
2580
6
268
426
134
164
99
115
1057
18
406
45
332
389
150
109
108
14
37
3
4
61
15
35
140
3
46
21
139
12
31
216
329
258
872
7
8
95
10
415
150
33
0
166
48
17
100
48
3
101
2
2
11
5
32
219
34
161
119
49
14
10
2
58
144
32
3
460
21
5
23
1214
379
119
37
6
264
272
339
85
32
1
62
44
26
133
32
11
150
1587
51
87
4
44
18
66
20
23
198
58
76
38
43
106
131
7
56
240
127
881
2935
102
18
25
42
85
27
291
12
396
829
20
68
14325
154
122
80
14
433
681
34
9
286
12
26
639
3
3182
39
24
129
195
204
146
155
178
320
31
91
99
21
8
274
666
29
3
25
97
33
339
82
14
1
15
40
42
138
342
135
411
14
63
33
195
58
97
29
147
22
10
275
379
178
151
29
20
14
181
13
387
16
10
69
6
155
7
41
12
1
599
462
615
9
14
61
27
14
13
91
105
1
1538
18
30
41
259
979
4
6
108
56
21
398
44
19
25
7
28
2113
58
30
896
37
12
6
73
3
359
21
10
23
498
17
118
88
54
242
559
9
27
628
13
203
28
80
6
58
256
50
342
170
1628
340
16
8
17
847
16
183
164
32
14
11
768
58
17
49
57
18
8576
86
464
35
191
20
7
78
1173
316
67
80
295
418
106
15
499
17
22
40
36
13
92
423
459
49
87
157
31
106
22
54
163
45
115
18
24
265
627
594
685
269
149
28
167
48
44
34
20
8
1200
21
4
478
107
73
382
614
53
30
19
92
417
1431
232
59
5
454
7
10
35
276
87
34
324
50
57
248
19
10
381
13
147
110
727
539
63
111
37
131
138
75
21
26
29
712
210
3
41
10
9
11
1028
15
28
38
507
25
11
38
145
56
235
264
200
142
174
124
107
288
25
7
13
47
4
138
257
236
23
82
14
2
1661
3
127
35
17
20
33
28
219
1756
28
26
115
240
5
393
339
30
9
9
27
13
149
24
76
342
17
221
17
12
88
368
41
56
32
27
79
42
2713
644
288
197
2662
1795
48
62
148
39
79
406
71
96
9
15
22
443
18
13
120
1389
298
1088
4
8
36
329
786
115
459
60
40
22
20
186
26
44
52
302
13
4
110
48
40
74
100
377
33
169
7
149
112
56
16
24
17
33
31
62
202
833
48
150
8
106
131
628
113
118
9
163
6
29
21
24
22
33
23
484
56
21
214
221
25
164
334
391
63
109
38
8
29
45
69
32
26
199
35
23
10
22
65
716
318
54
110
213
111
214
600
107
18
78
393
1
56
14
37
60
367
103
34
6
56
46
215
14
14
27
72
12
43
38
43
17
111
216
644
2839
309
19
27
58
37
25
2
262
69
17
363
8
25
15
4675
43
1256
23
43
91
23
4
97
2
1
41
45
27
865
20
2291
36
38
62
8
19
465
145
11
11
20
197
108
21
23
24
31
309
6
64
5
1872
75
642
42
8
38
16
209
5
6
6
41
15
666
11
90
92
10
116
15
43
361
25
39
2
93
104
39
57
302
629
44
11
125
172
294
17
252
42
23
98
498
654
419
170
202
64
61
149
116
2
379
17
15
107
142
250
4
24
96
21
159
30
99
24
70
1630
246
861
20
67
44
589
413
5
13
319
259
114
237
19
17
199
69
127
107
46
44
13
70
148
456
18
78
8
184
119
2
3196
95
49
127
35
7
48
1285
169
145
45
170
121
163
64
67
61
48
59
49
23
2786
109
21
24
53
29
3
133
850
91
19
18
39
24
48
556
23
18
154
175
410
71
305
404
13
7
12
101
257
6
1375
12
19
6
58
174
20
23
347
113
184
487
251
244
68
179
163
107
123
20
59
43
11
60
100
70
113
21
150
31
38
5
149
261
45
56
62
159
19
689
1070
14
476
423
25
1
458
24
23
37
59
511
138
549
45
141
372
242
4
36
27
10
7
381
27
192
85
24
25
21
286
14
7
5
4
192
37
84
182
2944
6
42
300
22
85
72
36
3
212
10
43
44
21
474
30
48
30
739
476
71
65
34
1
36
515
237
229
254
14
74
6
13
33
118
5
881
2025
109
137
38
12
62
1348
55
10332
11
10
37
44
11
54
428
12
23
368
16
29
10
30
795
20
446
245
12
116
107
9
110
622
1264
54
3
96
365
407
44
4
6
169
116
78
266
40
4
3
465
67
25
21
175
146
201
81
496
119
1003
33
9113
237
33
94
15
276
27
58
13
1012
889
42
117
74
261
38
400
92
85
251
50
130
20
422
7
598
183
26
49
328
171
10
203
23
19
26
25
136
52
11
79
39
33
610
180
31
181
45
8
19
162
13
19
12
363
4
196
15
635
179
30
33
219
120
83
38
31
3964
41
1
110
33
4
1191
42
20
33
23
54
36
54
19
1
5
121
17
1377
571
540
2
846
50
26
990
7
32
86
23
286
70
470
20
110
73
6
59
750
11
399
29
64
2
125
158
10
348
91
170
22
5
318
295
75
11
5
6
21
205
12
140
37
18
29
15
14
7
41
326
18
5
7
347
232
11
1583
4
59
305
132
99
140
47
14
663
43
33
26
264
128
30
90
4
180
151
29
41
15
15
18
19
142
52
60
45
471
506
495
210
59
463
163
344
4
71
16
13
73
20
14
397
10
13
25
54
20
4
68
141
521
7
521
32
85
42
35
8
5
20
6
2
206
13
52
153
179
30
10
13
12
67
2066
220
18
301
253
44
88
40
710
11
735
11
119
9
11
135
215
205
7
1094
114
123
138
12
21
110
5
57
88
1964
6
52
32
14
91
171
86
35
642
131
28
9
40
476
71
331
717
434
1599
303
29
873
24
8
85
78
37
120
44
24
10
43
161
32
13
4
37
108
29
164
143
43
29
29
16
86
108
141
330
293
201
564
16
13
57
119
28
839
77
9
532
388
75
66
2642
264
30
320
88
20
11
31
29
46
7
3659
16
19
33
17
23
57
353
140
14
173
54
45
9
73
152
11
9
16
870
43
16
284
497
30
19
236
72
43
291
127
75
6
39
26
46
46
11
250
80
18
24
16
5
2
63
29
174
105
1625
317
84
29
3
41
16
50
1
154
52
23
89
107
616
5
272
34
319
427
216
12
13
13
3
47
71
13
13
263
11
104
88
36
19
212
36
324
1748
1314
99
193
45
23
23
178
13
53
18
10
25
32
37
45
1016
1297
71
3
28
397
18
556
155
104
345
142
10
23
37
30
42
153
18
84
456
116
34
19
34
72
507
26
32
16
37
244
2
11
46
9
34
200
30
456
65
98
19
93
21
214
12
22
770
218
1259
123
155
129
24
13
73
1
191
78
202
6
27
77
406
29
1
186
292
11
144
1264
314
188
202
1196
10
54
68
15
34
24
25
200
16
870
42
261
22
347
107
44
349
312
560
312
86
29
20
12
74
188
61
11
49
35
1203
745
9
48
177
911
42
22
84
38
32
108
35
22
13
156
210
26
29
10
57
37
33
2
34
198
1285
36
553
1242
94
185
218
12
55
23
40
37
105
45
29
72
152
18
135
5
13
6
158
78
3999
70
14
66
26
10
9
7
646
43
101
184
25
125
24
124
307
185
95
22
3
43
461
34
476
2676
238
751
569
3
9
344
11
816
215
352
98
70
53
79
38
49
48
113
22
383
15
658
35
62
145
304
25
1856
805
45
103
6
54
443
2
311
59
200
35
476
40
489
825
210
1024
131
18
24
4
110
7
16
41
81
53
55
17
1713
64
19
29
72
59
28
33
9
72
511
40
41
18
22
1699
4
5
171
261
120
15
309
3
93
34
138
187
228
9
288
5
266
159
391
128
36
131
1138
3
252
1140
123
64
185
42
15
24
346
358
10
136
54
45
2
257
148
35
67
60
27
150
19
17
29
18
10
1310
184
235
91
25
135
131
5306
21
2
63
21
190
274
36
15
35
2827
144
37
7
43
7
54
648
13
14
30
39
95
38
2
124
32
32
129
8
753
991
638
260
32
7
43
42
137
11
61
19
32
12
15
208
265
8
104
411
65
50
137
16
15
28
27
145
27
1
31
206
79
78
311
4
39
424
31
13
140
1206
214
35
15
86
532
348
31
7
33
310
79
11
8
67
405
108
75
45
43
318
462
140
34
73
90
799
48
154
225
110
44
124
1217
154
24
17
69
148
285
10
199
345
15
6
59
296
36
343
78
12
6
35
2
611
16
686
25
32
158
6
204
1371
7
474
230
35
6
319
10
129
700
43
321
273
13
384
29
131
768
31
147
31
139
71
7
101
1035
18
16
125
528
207
55
5
524
24
77
246
365
69
648
274
269
4
26
1491
41
25
83
110
85
75
357
348
35
121
28
345
40
35
79
15
156
43
22
27
13
46
10
116
20
73
566
14
90
433
461
15
29
786
7
381
1398
866
137
47
189
60
125
141
138
128
121
14
85
203
48
85
19
273
20
73
356
12
154
280
415
23
55
244
66
26
10
16
34
69
397
75
15
7
27
593
378
39
238
645
21
19
77
29
11
24
380
132
7
276
1571
490
317
79
100
28
600
107
23
164
23
308
35
73
141
49
59
6
40
133
16
100
20
34
35
40
29
133
28
41
134
30
32
26
34
32
12
506
12
13
223
52
19
19
15
22
26
12
69
36
48
285
90
210
6
14
5
91
8518
9
404
77
110
43
3
1063
17
175
2
27
50
32
23
45
35
18
29
9
24
51
8
15
2
20
11
6
15
6
67
96
86
6
31
277
197
161
120
3
506
4
2
8103
703
11
160
394
98
370
64
24
146
183
18
143
54
20
108
119
1383
53
19
79
10
72
300
199
130
30
3
165
70
7
681
199
42
159
116
53
254
240
148
76
23
350
244
24
6
66
886
103
463
84
71
120
128
489
32
16
70
60
2208
13
8
23
32
6072
372
169
272
1213
25
58
8
10
1362
129
88
28
32
148
12
77
166
126
12
5
278
59
492
158
29
181
142
617
0
22
11
68
142
122
106
43
4
254
101
807
25
77
41
3
52
131
509
222
10
23
79
6
21
187
139
6
4
167
433
18
10
69
306
23
54
20
15
67
29
479
140
16
144
444
15
122
736
81
822
45
45
1244
5
111
228
161
29
54
26
1842
67
182
173
3348
157
43
29
249
6193
28
13
987
74
322
360
82
228
103
37
21
53
21
15
55
14
393
523
413
44
95
153
116
36
9
336
176
15
478
8
20
351
35
46
122
66
79
72
173
52
18
74
7
16
4
27
72
41
154
384
862
169
5
33
9
7
168
63
608
101
415
78
390
696
163
46
23
365
777
194
34
91
19
94
57
61
28
38
3
1366
10
13
14
27
4
9
89
5
28
334
25
15
72
35
2
42
100
31
77
9
39
109
21
42
121
14
27
110
16
75
6
7
7
132
239
24
1362
4844
380
12
298
217
129
8
4
1
31
7
25
54
8
97
21
273
101
438
29
440
245
1482
192
87
18809
62
29
4
419
112
40
16
76
79
1759
36
787
39
19
3
193
40
34
79
263
11
349
262
7
168
22
153
20
376
10
33
104
17
23
372
381
1716
923
6
22
17
30
33
147
21
24
237
56
25
81
13
3
29
121
129
49
36
70
221
130
255
36
60
464
49
8
214
336
306
102
443
86
848
9
15
748
102
256
0
22
199
3
11
48
82
582
16
5
32
6
46
57
119
42
98
120
1205
7
158
74
157
47
96
85
45
48
86
168
4
11
5
8
297
16
106
9
33
22
567
1
20
58
88
417
116
140
70
72
776
2650
66
5
24
107
6
192
468
510
60
1006
6
78
15
4
277
14
5
25
48
20
845
6
201
72
126
5
23
6
126
46
485
10
340
55
175
108
119
11
244
39
14
0
147
124
30
26
73
37
55
104
12
33
49
34
60
44
275
41
471
643
174
277
210
5
624
10008
224
65
1697
170
1382
56
42
29
45
45
6
561
9
9
170
351
469
30
37
1372
393
112
25
549
220
29
33
41
17
219
78
265
52
240
72
10
16
45
120
49
4
57
1605
14
9
232
53
2
158
132
4
1317
64
3261
13
12
388
801
30
16
12
25
21
137
14
46
68
189
37
195
44
1
50
55
61
27
14
73
31
41
57
786
78
55
8
51
147
1284
345
6
576
23
161
7
6
483
250
37
26
23
53
39
304
63
147
40
20
74
62
65
48
212
383
64
98
467
7
188
50
41
11
4
130
7
172
32
66
101
24
2
96
1485
233
29
147
363
71
241
30
26
38
51
29
12
19
260
230
280
156
85
21
1804
21
32
52
4
42
42
44
64
1005
69
24
17
51
4
67
41
672
38
56
32
12
71
42
43
61
27
7
1114
50
419
20
46
298
480
331
49
13
59
1324
10
1846
17
3
401
176
110
14
10
103
959
35
324
746
11
250
32
41
10
483
127
15
12
34
12
98
1000
4
93
24
21
114
32
91
80
38
340
38
1775
30
50
12
10
95
9
14
103
154
36
251
63
3424
29
191
37
8
4
6
36
331
1228
55
20
14
13
451
722
22
17
29
20
397
188
182
52
245
160
926
23
560
56
14
68
127
73
20
198
35
123
97
28
168
23
1398
177
41
1115
105
150
59
15
6
123
9
115
110
10
105
176
62
69
109
1391
443
18
79
23
232
250
20
180
70
109
37
126
40
32
168
109
831
52
27
63
107
5
105
69
146
18
46
80
49
205
47
25
117
1530
254
65
22
16
81
72
158
10
8
155
210
395
41
159
4641
3
132
50
425
78
19
41
2
783
17
99
368
53
14
14
30
117
8
15
232
123
90
37
25
256
79
15
18
6
454
64
28
15
136
9
355
98
273
61
810
47
16
49
82
29
103
165
291
227
191
1234
491
210
34
5
24
32
167
6
76
49
26
745
4
406
126
10
9
83
77
34
60
114
157
1
146
37
280
45
46
16
4239
35
120
113
11
28
21
337
262
15
18
21
86
93
62
108
26
40
29
11
41
36
1062
38
9
1704
620
345
21
43
34
15
389
114
302
197
1
49
43
12
60
5
60
31
12
145
112
4
56
91
33
169
0
120
2602
51
15
12
24
73
12
22
8
26
66
166
138
3
58
57
71
57
11
108
56
23
220
8
550
5
22
18
142
281
313
41
359
113
54
12
65
653
87
70
27
314
158
7
17
243
106
24
383
548
818
163
41
36
973
80
94
20
138
857
17
1
64
53
43
347
9
16
43
69
2
8
26
39
431
8
126
33
69
60
1339
25
868
688
69
25
54
26
719
63
37
562
72
45
257
59
41
14
32
26
17
22
1
39
386
82
4
127
46
1008
38
13
61
15
42
365
25
93
60
772
142
73
13
35
128
27
15
69
140
110
25
40
16
1598
79
20
1541
141
50
127
8
325
390
236
75
7
18
19
493
76
307
195
26
14
14
22
80
192
4
52
29
140
11
18
21
802
14
89
28
47
30
164
94
9
