-15
9
142
-37
-25
-25
-411
-7
56
-1708
52
15
-265
247
16
1
474
3
-165
-467
-120
-120
36
-7
9
140
4562
104
47
1
-175
-2
21
1001
-217
-377
-676
29
28
67
-319
0
202
78
115
1
89
164
247
-36
581
-828
-453
-206
9
-98
4
43
724
-63
-56
-2
-21
5
-61
80
-131
-11
-591
32
-78
680
106
-119
157
10
24
194
-868
27
162
24
-61
247
-2
365
-1
27
103
-342
-179
-14
-39
-1
130
273
-46
64
-46
-196
-193
59
1529
-55
-2968
3
-5
-30
42
-430
1
1
-3
-80
-28
-5
0
-16
19
9
3474
518
79
10
4
55
92
8
30
1177
5
-12
-404
11
-2976
53
2
-6
29
-40
108
0
-418
279
-16
-139
123
-154
4
64
1
-1
5
-159
-9
-22
41
-81
90
-361
-46
224
448
-38
-21
10
-133
5410
611
1
-185
-144
7
-3
-3
29
-1352
1299
100
-9
-388
80
29
207
-34
66
461
-37
-800
134
227
199
384
-115
-16
23
20
-15
7
404
-13
-24
129
228664
182
47
16
29
-2
-13
117
2067
17
87
727
-533
0
-24
270
-9
-652
-80
82
-786
3
-399
194
-43
4596
31
115
4
10
142
74
45
-373
-1193
-776
-369
-93
9
-17
131
2
22
0
-30
2
6
25
218
295
-251
25
-1
-196
9
15
-10
81
175
55
7
-28
68
6
42
592
-355
77
-11
-72
-3
-2
20
21
-564
-34
9
3
20
-64
-129
14
-1142
-122
-63
3
-57
391
-27
223
385
-6
16
-44
-3
33
-21
129
264
126
-4
-10
-514
9
74
16
-11
-4
-9
-5
-14
0
-430
-21
60
-662
47
54
-95
-24
-1712
-1
22
-4
4
262
-93
-179
-11
41
-648
2
-70
-892
-30
-7
205
298
-117
42
28
-2118
-21
32
0
-8
-191
-109
7
44
-237
-18
411
-7
38
14
931
172
14
161
-380
8
51
-30
-58
-1
6
-314
74
-1807
-1
-4
-502
82
-294
-5
-15
-743
74
-381
-560
-9
511
-3778
816
-12
83
-2
-29
-579
-19
-60
4
-24
-63
-220
90
-49
-2
-1
-13
10
-1
10
191
9
-8
-259
-14
-105
15
-125
651
682
54
4588
4
-48
-2
-96
0
212
10
-42
312
-40
17
71
-111
0
-5
467
-266
-1
-745
32
162
43
182
-274
2
0
166
-39
0
109
-12
-7
145
-1061
201
-21
23
184
-18
-41
-4
6
65
32
-5
470
-1
-73
17
-49
174
-83
-59
-35
-24
29
51
282
-570
34
-51
7
-29
2
-348
-49
12
77
-9
-577
132
4867
-396
6
270
-257
-21
-50
-453
-407
148
174
368
-100
-172
-39
-371
65
128
-32
336
18
-57
87
-4
2
119
-132
20
23
18
-1
-310
-9
-135
0
2167
99
-199
2295
-304
41
7
11
264
-4
4
18
-1509
-2
-31
0
-28
112
-24
1
16
25
22
-13
-1
165
-123
-537
-12
26
205
-104
-2
-20
-66
-44
43
-11
-30
-874
18
-79
22
142
2
-31
-16
26
351
-76
-13
18
63
-3
6
-4
47
21
20
3
-20
93
4
15
-127
248
345
24
-5
42
-70
3
94
26
-27
-172
-1
-5
99
1
521
3
200
-6
10
5
61
552
112
8
3933
-18
-44
-3
24
-70
-91
-1
2
-59
10
109
-47
-52
-372
77
144
8
10
-367
-40
-21
-1389
29
46
4891
326
-10
-4
1730
-1
39
-104
11
-64
42
-70
-351
95
66
-85
-9
10
16
7
1181
33
1
79
-20
-24
1964
492
-2
-181
169
-9
1071
-98
88
-10
17
114
-5
3
-137
-6
0
113
46
-217
25
-40
-5
22
33
-1
-165
-235
134
7404
9
-6
71
69
37
17
1
2
-116
2
-132
463
-845
92
13
-41
1
13
43
-229
7
0
-92
35
-123
24
-25
86
-7
-52
-19
-10
296
20
0
48
-35
3290
-13
-73
-98
108
9
10435
1451
-554
-163
-561
396
9
3900
7
-1
28
-7
98
411
482
27
-532
347
-205
963
16
53
-44
211
-101
-12
-15
-245
23
0
22
-60
220
-27
-2
0
-1
-44
-193
51
81
-45
-9
76
3
267
10
-410
12
384
-16
34
-53
-153
-30
-56
77
36
-16
-389
0
-34
-4
-77
257
-3
298
10
-270
7
6
27
835
20
4
243
-1
324
29
-23
10
-32
24
-156
-136
-3
-159
-3
-23
2
-323
-34
-101
240
-1
427
110
6
-11
-77
-9
2
-5
14
-405
-5
17
0
30
-244
18
-7
-391
-643
9
-11
52
-114
23
-156
761
12
3
-221
-37
-404
-93
22
140
65
-355
34
443
-83
-2
112
13
17
-4
-169
364
-82
-18
8
15
-32
2
26
14
6
-89
180
66
-43
2536
-68
-147
75
-10
5
-85
-5
-253
-130
-4
-340
132
-4
-17
293
4
110
-3
56
-183
-1252
99
650
38
-66
18
-5
109
146
-660
-849
33
-52
6
-9
365
12
64
73
218
-16
-4
218
1236
-360
-49
166
-4
-482
-41
-59
64
-70
199
-50
-85
-1046
-6
-10
10
-40
-12
1
4
-21
9
373
-49
2287
124
-25
119
1
-176
-4
40
108
36
-53
-47
19
49
0
-17
0
47
-11
-52
-116
-9
-10
-6
-52
14
-37
-2
-414
5
284
-48
32
-174
-258
-1
171
-4
50
-192
-425
90
-184
-404
-171
517
-273
330
14
-34
-6
-167
4
-175
271
28
-11
51
-4
83
13
1
68
27
-352
107
210
289
-1
651
-65
-1
-737
-79
8
-11
-67
-118
165
-39
-16
-4
-92
-35
-6
-890
-130
7
11
15
14
2
-440
-98
-5
17
1
481
57
-25
15
148
307
2
-9
-93
16
1036
-83
-18
-84
-11
-99
368
-2
-312
-1
26
-86
-19
-23
-15
-206
-661
22
-102
2208
4
472
-33
38
30
1
41
-71
-60
1492
-1
-846
-116
5
-103
-3
61
9
-23
1635
64
-24
-4
-4
-520
39
242
6
48
-16
-436
16
-1277
81
17
32
-11
694
43
140
-93
-2
33
391
-152
23
13
-29
-2
113
-345
-179
3
-35
-12
50
86
2644
26
958
-4
-27
-10
269
-2
122
81
-1
28
402
144
-185
-523
247
-1196
234
-20
36
-4331
13
1771
62
181
263
-1473
565
-3
-1251
-450
7
15
3
-10
29
1
430
309
-15
-307
-680
429
1076
-356
57
-5104
-10
-1471
-198
19
220
-53
-50
306
-15
67
43
77
175
-5
125
-1399
19
-49
48
2934
-37
-8
33
-3
465
12
354
2
-365
-46
316
10
99
-245
-10
-3
-8
-6
291
143
-2
-12
500
-71
-41
-20
-30
-553
59
-25
25
8
586
-102
1
136
-384
-64
239
12
-251
68
-45
30
66
24
-539
-4
6
-105
-25
-743
-474
38
17
18
128
738
169
91
-223
7
-43
19
-9
10
151
-647
33
-2
63
-68
409
-66
16
-9
-48
-20
442
-439
5
-441
-113
-492
-23
-21
1152
42
34
67
64
442
50
-5
8
1
-175
1577
-70
72
3
-16
-83
2
-7
-6
165
-4670
-5
26
-205
-426
-164
-37
-72
215
5
0
-335
-56
-34
103
-42
43
-237
-9
319
111
-829
-60
2
-6
-13
26
0
-729
-13
-479
-176
4
42
-9
-2
3
16
-270
-13
-2
56
-46
-1201
-95
-178
9
868
-109
-84
569
-47
-61
-19
289
141
107
-22
251
-80
113
16
138
-64
-65
4354
92
-111
79
243
94
-15
18
1495
35
104
411
-27
-104
-112
2
6
-25
-14
521
-24
-71
61
34
-308
15
-1227
81
31
730
-398
-20
19
1642
-15
-413
511
34
433
-8
-4
-10
36
50
45
-787
-11
-53
-42
337
508
-147
-111
-1611
-68
-409
9
73
-92
-13
893
-19
481
-9
-144
3
397
175
332
2
26
12
100
-4454
-2
-406
-58
-624
1
-10
-181
-37
211
-175
-22
-15
96
-76
-523
0
-202
-14
-205
-8
-165
428
70
169
0
-276
-20
-3
44
6745
83
-1
61
-1112
-57
-4
1
27
6
227
-4
-70
165
-5
686
-2860
1
-84
-11
5
-863
-21
38
-19
-68
86
41
-4
49
116
22
20
119
-94
-1118
-44
-47
-163
-43
-3
203
55
-4
53
688
-1
-64
2012
-65
14
-54
-20
66
-83
-737
44
-1586
-11
-10
35
-10
-84
0
19
398
5
9
845
-961
-6
-373
-44
-43
168
36
1
36
-336
-25
46
10
0
1171
-1015
1
-13
10
95
36
-85
-23
3
-37
51
-285
-85
-404
-291
-50
5
-312
38
451
5
-20
11
-892
-1001
61
360
92
52
17
-12
358
-56
-254
-183
-48
19
-227
-5
-50
-7
-6
-344
3
5
-87
-11
-1
-7
-269
473
1112
76
273
-2
49
-3
-2
-58
-9
-53
14
-20
-103
-17
-135
4667
-460
-14
-8
20
295
5
30
-1637
-5
-11
-417
-2
-18
-154
-68
17
-7
-186
1
34
-17
26
-10
-6490
-48
460
-381
31
13
-28
16
372
36
40
56
-14
-280
-27
5
69
1879
4
1
-17
3
102
-545
3042
131
-13
-576
515
26
-9
-4
-52
-21
12
4
8
-32
-85
-103
-1121
-567
-7
1
83
-28
1033
-273
-414
-27
-265
-9
-633
881
24
25
-98
30
-2
1
4
17
-39
682
-43
17
5
-9
68
12
405
229
193
64
19
-41
-6
41
19
2
-39
-15
-15
-484
162
135
344
31
-212
357
-122
-25
8
53
68
-36
5
283
-88
-8
-4
53
25
-191
0
391
50
-3666
248
67
-706
-23
-17
-264
-4
39
20
623
-512
15
3
-8
-12
278
159
-591
-10
3
-27
-283
195
-9
-11
-88
6
-52
-29
-1035
34
80
43
83
4
86
28
87
129
2
-81
29
50
-99
1
-39
-16
59
37
520
-9
9
845
183
11
6
-419
455
25
-1
114
-407
14
-39
-267
4
91
525
27
-1
-62
-410
-11
-430
168
-10
31
64
134
-88
-530
7
19
-95
39
3
9
160
329
-43
681
-36
-16
7
-22
11
1
-1
2
-13
-175
-118
781
317
-299
-336
-12
-192
109
-2
88
277
20
61
74
-2
-1
-241
6
255
3
2
-21
6
-79
-38
3
-6
90
-5
12
-5
9
1
3076
392
-7
-1065
-20
34
365
25
9
-14
-272
112
29
215
-87
159
109
-269
-375
12
0
-248
-335
-382
-4
25
-13
-44
-386
-33
224
-22
-12
299
58
374
34
438
-498
-59
-45
-6
-112
27
184
4
-265
-28
297
-15
-29
202
67
-1
48
-23
449
-895
-489
-81
-7
-47
100
-257
-152
-487
12
-47
106
41
-36
36
551
1
-15
-17
55
951
85
31
21
10
-51
5
-1350
-596
-4
52
45
-70
-11
-43
2
-27
121
-219
-26
-591
296
27
1567
7
-11
680
-27
24
472
73
722
-8
-201
-1102
81
-28
5
27
-63
4
-206
9
-4
108
770
-5
216
-3
108
518
415
-17
-714
3
-242
-118
111
59
270
-39
-643
-130
-1
9
-26
12
30
-31
-2079
-8
-9
-138
607
42
-105
-31
1
1109
-1
28
43
-84
201
588
138
-79
-15
1
348
930
16
-93
3
-717
0
-196
11
18
1
-34
398
-58
19
398
249
-83
2
-1417
59
92
10
5
87
-36
5
-5
-20
32
18
33
12
38
3
-136
-1
-2
-114
125
87
-163
-1
3
181
7
34
-2
6
48
-655
33
19
-6
-774
-127
-124
48
-184
0
1153
1
1459
-393
4049
-16
144
679
-209
-3
-51
384
4
-124
27
-26
-140
500
-40
153
-3
11
-140
-27
-54
46
-1
-258
7
7
979
-382
76
10
307
0
-867
6
-8
5165
81
1032
-9
75
222
43
-35
-12
-197
104
324
-489
7
-46
15
-110
57
-643
127
-186
19
56
-675
899
11
-974
17
-192
54
41
1
2
172
7
-3
-29
-150
-240
46
2
-86
21
-4
-58
8
-64
77
20
119
-82
-29
-29
7
-170
-3
1
51
2
127
4
-29
3
206
-4
-101
-160
457
96
3
-176
400
3
-369
-4
207
0
242
-816
-209
-2769
154
-13
-109
8
56
-1
-56
-7
-5
1
55
76
4
82
-202
0
0
5
-2
-21
-94
223
-57
267
0
1
-158
1
-8
490
-1394
1
92
10
-14
-444
170
6
-117
-4
-6
-60
-509
561
-19
-129
-517
-17
31
-23
-1
-406
7
13
10
79
457
632
3
48
98
75
-66
-27
-397
58
27
-20
-24
-137
36
10
3
444
404
-30
2
15
408
754
76
-571
5
-6
5
13
-4
17
1491
400
-36
-66
-75
-1
-2
726
-26
-1342
-132
-160
3
8
26
7
-2
4
6
380
-35
-35
-53
-33
-2
-14
-10
199
-2319
5
96
9
-36
5
-127
-25
-20
7
-342
-16
-1106
-156
-17
-394
-21
-26
12
432
17
82
-326
20
-1
11
312
-48
127
1643
-76
-37
-61
-128
-55
78
94
5
55
-660
-37
0
2513
-77
394
133
15
-16
7
-4
-15
15
-418
-275
284
18
81
-20
61
73
1
91
-274
12
332
658
847
12
-43
24
28
14
2
-33
46
-7
81
-120
-15
1196
-12
40
-9
157
6
-82
-292
46
570
539
-12
-914
-18
211
66
1
-20
32
-30
-1924
-32
-96
-31
-12
-2
-4
-38
-13
1350
-238
-141
-31
-2
-392
209
26
176
-94
4
-278
-240
161
-22
-43
-9
-120
-1
151
-293
88
29
-8
81
112
21
9
116
-4
94
-163
8
3
65
25
148
280
-32
94
-4
-629
-1
-41
-16
10
2
46
-13
-38
-34
5
-7
5
-3
2
27
10
-20
1492
136
159
22
-3
99
16
1
71
-369
-509
272
-72
-285
520
-930
11
24
-59
3
-133
113
33
0
-5
-11
58
-1
423
9
35
-8
14
-12
-189
-784
-5
-816
8
-2
919
-36
47
2
-431
-14
-12
-710
-67
285
-11
216
-179
-12
-82
30
38
197
-341
-7
238
-12
15
-6
10
-2093
1
-17
-191
55
21
4
463
1
-5
21
-234
-248
29
271
-108
19
-21
94
-9
47
-82
-215
-1312
-30
13
22
-206
-3535
-189
-505
-49
28
17
14
-133
-18
-173
61
15
-5
-61
-162
-517
-100
2
-9
-57
-461
-46
62
-45
399
438
54
89
56
-168
-43
93
-516
-114
-74
4
5
-253
-197
289
-5
-24
-17
-165
-308
-75
-258
52
22
-166
294
22
-120
1
138
254
25
22
10
-127
-167
0
-2
87
-15
266
-525
16
-235
-1
-27
-42
-503
-18
-4
-105
-3
-10
4216
430
-105
-111
78
-130
-696
-2
-94
-219
-824
-78
-10
22
-216
-1
23
-30
-251
-3
5976
4
220
1
-387
-57
69
-19
2
-4406
-28
-1313
-3
-41
-178
-56
4
-3
-776
35
-819
120
-197
-164
205
3
-652
-16
-61
-253
97
67
-704
-14
100
-139
56
19
-11
68
59
54
-8
36
2
-690
-4
-344
85
223
353
31
-291
-100
44
-80
-39
6
1
-270
1
12
1270
182
-52
459
-25
398
11
-140
7
-39
-64
63
4
-41
20
1
-23
16
-64
-52
-125
-6
-35
27
442
-4
46
-182
23
169
176
64
-11
78
192
30
-2081
-2
-80
100
7
-51
11
144
24
-76
271
93
53
-48
-29
-5
-176
-103
7
-9
7
26
30
6
-1809
-1
14
270
-20
-109
-78
59
2
108
2156
-5
-72
-494
-1
385
-2
-276
-486
135
628
-563
10
-297
-20
-5
-41
-1441
357
-622
-9
34
5
17
16
-29
2
9
338
45
3
228
11
-46
3802
-208
131
-72
42
-61
641
-5
148
-497
30
-13
-10
1506
11
5
33
1349
-216
5
1
9
6
123
-4
-49
-56
-669
-3
-300
-153
3
3
4
-38
7
-71
-15
-60
-1088
-13
-97
-5
-8
19
84
160
-11
-208
281
-49
-19
2
40
-24
237
5
-390
-130
-3
-132
15
-48
136
-11
40
-107
81
-2
-261
-294
7
-84
764
-10
37
172
6
9
499
67
-207
1
-1
-8
9
-480
20
144
12
16
85
-335
562
104
2932
16
-107
-82
-284
-30
-2
1
-2705
1269
31
33
-59
-8
535
5
-58
-148
-75
72
77
-260
93
84
5
7
12
-33
13
-11
7
-194
-995
1
0
29
31
-136
7208
3
-966
10
57
-13
71
-40
-16
22
-4
-3
-41
464
229
-5
-16
-358
-64
-135
-1
-18
-47
219
115
-11
-16
24
-75
4155
-29
114
159
-2
-18
44
-97
-10
90
1274
40
-27
12
-1123
22
-462
2962
6
-5
95
-7
-28
-8
-9
16
-44
-385
68
-8
17
1
-5
-12
18
-6
-30
-15
-400
-2
86
-980
-909
21
672
0
292
-11
1
81
47
13
-62
2
2
231
47
803
-72
7
37
-210
-160
-94
-8
7
165
12
-5
93
3
810
39
3
3
-3
236
427
-399
-330
23
29
-31
-5
358
-117
-54
8
60
41
8
-6
74
5
4
-97
308
195
3
-4128
-31
-237
19
1
-1
-352
-24
-50
-5
16
-14
-7
41
2
1173
-1
0
9
-2
-15
466
40
2
537
-37
-225
-396
-101
81
21
46
700
9
116
5
-9
62
-64
-51
-42
5
-12
-10925
281
159
70
-885
2
6
-61
-489
-7
-13
-14
178
519
52
-75
390
-2359
100
34
11
39
2
-79
-1
-93
-101
-493
-251
-7
3
-11
214
111
-321
-37
0
-67
2
-20
0
-107
-1023
-17
-109
-120
-15
-35
-217
-1
-70
436
-7
-69
-1
-216
129
-149
-86
-114
-107
303
9
163
0
40
98
6
-5
129
29
19
-3
58
189
137
1058
3
12
-15
3
-260
2
-41
29
-17
-5
-2
-4
8
6
-6
-41
119
-20
-147
-62
-45
61
273
-232
1723
-313
-101
16
-11
-1
84
-332
-39
984
3
-1
197
-217
35
46
4
1380
53
24
-76
-30
-2
-564
-260
15
37
-16
-57
-45
51
-70
-775
609
6919
2
-10
9
-18
-211
40
130
0
44
7
-2
-214
59
-948
18
-88
9
-71
8
-9
-66
-23
-20
93
-274
22
322
-185
11
29
12
5
-242
12
-92
-12
-38
-27
-6
30
-1389
-10
97
-2878
527
99
87
-53
0
1558
-8
15
-5
-393
3
-4
-110
501
0
-86
-72
51
335
5
-35
17
-61
-27
-11
167
1
-6
42
13
110
-18
-150
18
127
-1
-6
-45
16
3
71
38
-1573
-6
-1428
180
-143
41
-263
-2831
-220
6
-223
-26
-437
-424
219
2
-24
-101
-8
-140
-6
150
72
2
1
20
-33
-404
1209
124
-562
10
-1366
-38
528
736
-9
-73
96
2
17
-138
-62
-10
-97
-17
-2257
-24
2
7
-16
-1
49
-1
-44
-5
-1
16
-6
41
275
-173
1420
-10
1
-73
10
-52
-6
18
19
-13
-39
-2
-2
-68
21
-31
-2
14
-231
98
222
20
-401
15
-71
19
-719
-12
17
-16
548
-1
125
-66
3
107
-64
-757
-50
-657
-21
3
-49
-1133
87
-4
12
255
-421
94
29
1440
136
3
16
17
12
-302
274
-1
1220
-71
21
-180
1
-2
865
95
0
-287
-7
62
-3367
-168
-32
50
-374
70
-449
-15
-87
-15
-27
-4
-4
4
33
83
-1
43
-46
124
72
450
191
-89
-323
193
22
16
36
-2
-336
-88
19
-3
15
-16
-173
34
402
11
-56
115
4
-250
48
-20
-53
-481
-275
-1
21
-9
79
-14
-10
-72
44
2
0
-8
8
2
47
19
24
18
5
-222
-78
-299
3
-9
-6
1
132
274
79
-288
1
-42
29
71
0
1
-173
-48
79
-1
-7
-313
-23
-258
313
86
-146
2
-26
-1
199
-20
277
67
-269
108
-6
597
2
-34
23
148
14
836
-677
-344
-138
-5
1
-110
15
-20
8
-5
-34
-154
105
-992
123
8
3
199
-84
58
3
-253
1
4
-3
19
-369
-12
-97
45
88
-84
8
-81
-53
12
128
26
29
-330
-2373
-459
-204
-14
44
-1004
-74
-56
-250
731
128
-9
-44
37
7
-31
72
-1
-250
-26
842
-26
5
4
-257
-5
252
-44
437
16
-30
54
77
434
36
27
25
856
-1
-874
-79
-126
-105
29
149
-120
-31
255
187
-329
-205
-332
96
38
-194
-42
3
-128
-11
-3
-1617
-101
135
29
-106
-27
1777
-5
15
395
485
571
-6
4
12
1
145
236
6
-58
-61
-129
2
7
-3
-244
1965
8
86
-286
16
107
34
177
-190
-167
143
-2
172
-351
-13
995
-8
-1
-140
-19
-593
-375
-47
113
-41
1
85
17
229
-11
183
-10
-46
81
15
33
30
5
93
53
369
-266
1469
13
0
147
-235
307
38
18
-261
-21374
100
-2
-12
-24
331
-365
-3
-1052
-179
-119
-29
-9
6
-35
-37
234
450
40
169
10
-34
2
31
15
57
-157
46
5
18
-51
1083
-78
-52
13
-93
0
0
12
-155
232
70
105
-3
-1333
-174
-205
-861
244
-3
135
-33
0
-93
-154
2
111
-92
3
3
1295
-1
-22
-206
-2085
17
279
452
294
357
-894
-110
-136
49
680
7
8
-11
29
-77
-1436
-16
23
1
-4
259
32
-25
-76
18
-13
-11
-21
5
91
29
1427
11
-14
17
165
33
945
19
644
-1
-30
1767
303
554
103
14
3
-240
174
431
187
18
414
-11
31
307
-334
224
-14
-12
444
4
-104
211
-5
-912
-2
-10
146
-27
-4
18
11
40
-91
-3
20
-5
-35
436
-87
59
-149
-64
-1
124
-51
350
110
392
0
-403
11
43
57
-15
-19
95
5
-40
103
15
3
6
70
-8
37
31
312
-8
125
-27
197
90
-16
-3
19
40
22
-14
73
60
34
-656
1
63
2276
3
-16
-133
-35
-9
29
-14
6
143
10
3
-57
-90
14
-48
1
35
-44
-15
-563
-119
-184
11
215
-5
-1746
11
-1
-124
-1842
-72
153
-1406
-11
-25
5
25
-69
4
129
-23
427
88
-34
-255
8
-3
-42
189
94
-636
-5
30
-3221
0
4
35
-11
40
-17
-287
-92
-1
-142
231
1
1
-269
-278
9
-41
65
-212
3
24
-136
-224
154
4
0
4
28
4130
76
-21
30
-14
429
6
213
-95
-61
-38
2
4
-20
15
-615
162
116
32
22
11
-543
2
-255
15
-44
-35
24
120
-6
16
-2043
131
8
4
-1199
102
-75
-57
-11
14
-1623
4
-14
283
10
-31
228
18
32
-14
264
-36
99
-45
-59
32
7880
-3
22
41
-1206
-2
-44
-18
49
-295
13
-1
260
-59
175
-63
-168
-486
34
6
-205
-2
6
37
-3355
-8
-15
-1197
41
-7
-1
-21
153
20
419
-6
31
1531
14
-2543
-132
-48
475
45
57
7
113
188
74
-127
8
-8
-397
81
-347
-15
87
-37
208
30
35
-1
-457
-24
170
-93
-54
-99
12
-61
9
6
-1877
-139
-26
1
18
23
54
-4
-756
2
-2
-164
293
188
-2
116
-20
42
-9
-173
207
-405
33
148
-5
-89
-431
-28
4
-55
-255
-2
-429
394
422
-30
294
-428
62
6
177
472
-15
20
393
-77
-49
5
14
56
6
-9
406
-19
7
57
-17
-40
10
3
803
20
-206
23
45
-452
41
32
-53
-405
-1
-63
-27
-5
-883
3
98
-107
2
5
-14
12
62
-11
-229
53
-243
631
91
24
364
-20
114
-61
531
-12
-221
1
29
71
12
43
0
441
-6
80
4
64
170
-47
-41
-92
226
-29
2
34
24
-133
-114
-6
-18
140
-44
-288
17
-176
-164
3
3
-340
155
14
-10
30
42
618
25
1
-935
19
65
-15
-74
6
342
-138
46
-35
24
28
-51
-11
6
225
1356
10
70
36
-4
-69
-400
38
4
-248
-82
262
-4
-32
49
2
-50
-27
88
-11
-131
7
-238
-32
13
-20
3
-936
-14
-2
71
2436
-1
163
-34
-5192
45
-478
21
-40
-33
133
-70
33
0
-81
19
-156
67
23
-40
7878
46
370
70
-15
103
-17
-15
79
1
21
95
118
-8
-1
-568
-18
-14
31
18
-41
-32
-2
-24
-54
10
13
-879
0
31
889
-18
-53
-10
13
-4
240
23
-24
485
-815
3
19
-1134
4
739
-8
5
944
-6
19
326
3
39
-25
-26
347
126
-308
316
-14
91
5
-29
-49
14
-2468
-34
253
-101
-431
4
0
-42
-89
24
9
1
-9
12
-193
49
8
212
27
-1421
40
-2
-77
91
8313
84
14
-26
-719
19
-4
2
-375
-1560
5
-582
-143
179
36
-704
2356
46
-264
5
-177
0
-26
-51
13
315
8
-92
158
-164
26
-182
15
538
-61
-243
-23
5
-274
-242
3647
22
-92
12
-436
2
-60
-29
66
45
17
-55
0
366
8
407
-54
30
235
-3303
-293
47
227
-35
-4
16
188
10
-53
-87
14
-436
5
-4659
-1
39
-50
124
26
90
-26
20
7
31
176
-347
-19
-31
-83
18
7
157
-24
-56
877
9
-253
29
0
-205
-2
-24
6
-15
-12
-2193
353
-34
-3
-101
-34
53
0
-79
2
86
106
405
7650
50
70
2
-115
12
0
185
24
-4275
-19
-679
44
-108
19
2060
-90
-858
-1
-61
5
-8
17
2
217
4
319
1
-22
55
0
2
-8
-2
5
65
11
-14
52
298
-6
-550
-6
-11
-4
4
-28
-9
416
-59
-10
257
-23
7
-10
33
83
-90
5
-94
12
109
-20
-6
-234
137
202
203
-27
45
87
204
27
9
-139
4
-16
-1
-6
-5
-16
-14
0
-59
79
-85
-157
366
-62
11
7
-10
141
40
30
-77
94
-58
141
-119
-109
-77
-51
13
-350
-26
9
8747
139
5
-51
-12
-42
-109
1556
1
15
21
-42
-12
17
-221
41
13
3
-2162
-196
-23
-7
-367
-1574
0
17
177
5
-35
84
42
-76
-11
-28
16
136
-12
-1240
-251
-98
-20
-20
-54
-22
53
-25
536
5139
111
-201
-60
-825
94
-81
-23
-1
-82
257
-288
7
237
-538
-324
4
17
-20
-226
26
-1
-22
27
-17
257
-6
5
477
-30
-38
-2
5
-12
-6
-112
-123
-91
8
223
30
-136
-8
0
-5
3
0
-8
-14
-6
-25
6
-13
-4
43
-115
29
27
5
49
149
78
-99
60
528
543
-41
1001
-13
-22
27
27
14
-2
12
-76
14
22
225
-20
-80
-115
-24
4
-13
-407
-76
409
157
8
44
-32
327
-45
-27
72
12
39
-190
12
2225
71
20
51
143
21
49
-5
42
-23
42
5
501
115
-81
30
-48
-18
138
-1
311
2
-5
-217
-11
-397
-45
-33962
46
18
893
-17
-10
39
8
16
-102
1353
-179
-23
-30
-170
15
-73
10
-7
20
15
-35
6
-45
-30
377
-37
6
8
-669
0
-336
-84
15
-3
-3
-29
-75
-94
51
-4
202
107
-25
-117
25
72
13
-379
-66
8
26
5045
1
58
29
2
-35
38
104
-50
14
-5
53
-4345
12
5
-63
-53
78
23
-8
-2030
142
15
41
26
-15
22
69
8
-4433
3
-17
-1
43
0
109
-136
16
258
-1
-1
-109
-4
-18
-152
381
2
1
-397
833
23
-263
299
11
41
-1
5
-4
-4
-32
348
-751
-349
-7
-184
221
32
-137
22
5
49
-18
-21
-723
4
2
-19
-2
-69
-1327
-202
2
31
11
-11
-77
5
-83
-249
19
1
-10
-5
46
157
-133
-2
20
156
71
1737
161
-1
8
5
-50
-6
-23
-75
-6
1
-117
-6
11
13
530
-864
11
-7
13
72
48
-44
7
-2
8
53
29
35
-100
75
-5
2
-50
25
118
-47
1
96
21
0
-29
-46
220
1
5
-546
23
242
279
-393
-20
-72
-14
-1
500
-4
432
-103
0
-832
70
3
172
-14
49
4
39
-82
12
2101
8
279
-29
276
575
4
-21
7
-28
-260
-87
-16
-16
1201
-666
-6
-13
339
-3
11
-6
-274
11
21
-30
24
663
-159
-32
774
-8
-1
-1
13
7
-21
34
-55
-758
-424
237
-102
6
-4
0
-73
-14
189
4
6
-182
-405
3856
12
43
-9
79
47
-2
35
-8
-305
389
44
-33
2
8
-4
-33
-1
-39
-1180
-96
89
1034
-265
-1598
-2
95
25
2
7
-701
62
-310
-16
-1
-136
4
-290
103
-5
-188
22
-29
-30
261
-252
146
20
1816
-4
-14
1
-17
-8
100
14
-49
-63
15
3850
36
0
-7
-15
42
638
-7
20
1967
-66
66
-119
-36
-11659
223
-111
-313
18
-52
38
-22
-101
62
17
-5
17
-65
-124
9
-757
22
98
156
-50
6
-8
16
-751
19
134
14
17
-920
84
145
5
59
8
-323
-788
-89
-207
-237
43
-25
17
48
96
29
-261
42
41
21
-239
633
-44
-757
-7
1
-188
-1
-56
-250
16
156
105
42
-41
-18
-142
718
153
128
-46
22
1
8
75
12
-340
699
-893
0
97
170
-45
21
137
97
-13
-359
-2
9
5
-101
0
-19
-1
29
-12
14
-8
36
-7
121
-217
-171
-115
3
514
565
-437
125
651
33
1548
2
339
15
-98
222
791
-296
1
89
-26
181
4
8
-36
-28
7677
47
314
-111
113
403
-6
104
27
-31
-192
2608
-49
-109
296
-11
-5
-50
126
-7
-18
480
7
-117
-399
4
-6
164
-4
-17
1244
-342
6
18
1212
-9
-38
20
75
-109
-22
13
62
-26
571
-6
196
42
-35
-13
-24
-4
128
-23
-88
22
-717
-436
11
-61
12
-159
91
-238
9523
-4
-18
-13
-3
-36
-5
-33
-2
155
48
44
-106
-93
24
140
10
-81
20
236
-1
1215
-87
478
74
130
57
-67
-55
2
-12
11
0
-1
23
-2
-63
-28
-770
-189
47
127
-63
260
-9
34
-286
686
87
1
-3
42
15
-82
308
93
5
1
-5
-21
199
425
41
-2
1
15
11
8
235
-26
-134
115
416
95
187
855
26
184
-17
90
16
118
826
-47
-2028
1
101
17
-246
-44
6
4
-26
1579
78
-17
37
28
-93
138
-11
723
-36
9
21
-4691
132
13
843
1764
228
31
-1162
-237
72
-29
-11
251
-6
10
-53
-4
90
645
-27
0
-1116
-50
-404
-1047
513
56
-98
-5
-6
-36
-4
71
17
-241
-181
-26
-13
18
-267
904
-351
19
-270
82
-595
-9
-112
-11
85
-10
10
-56
172
8
17
-5
-82
375
-14
101
29
-153
-1
-98
5
16
14
-6
-260
3819
-6
270
-1051
-40
-410
-22
65
688
7
497
-8
-11
6
15
21
-8
-12
-1
8
-110
-6
41
98
260
-78
-245
-12
-870
5
49
63
0
-12
-53
603
74
-25
19
184
-23
-155
-1
-383
2
4
418
1012
47
6636
0
-47
-96
-34
30
-23
42
-66
-67
282
10
-11
97
2
3
-11
-165
-96
-8
-10
-7
-37
-7
3
-332
1
6557
15
108
-44
-38
32
18
15
589
-34
123
7
-24
109
-223
-20
47
39
91
-22
-14
-1658
-1012
8
89
100
17
66
1
-3
-176
2
-194
22
135
233
9
-10
-10
58
1
-23
31
87
33
10
-38
-6
188
174
59
4
668
-51
-119
-4
-22
32
-213
-65
1
205
258
157
24
-22
-325
41
6
11
-27
-146
-7
3
12
-9
39
-132
-107
-11
-5
-19
-27
-12
186
7
-109
-158
19
-5154
91
-5
2
12
16
26
-168
-57
38
-48
374
-29
-8
-62
1
-7
-11
-29
14
50
-1811
4
-6
16
-195
11
-16
204
-36
-14
13
12
-7
171
1708
-6
30
-13
6
-62
-73
-766
-38
101
-25
-1
0
-1481
-75
-8
715
-36
42
-3
-4
-84
246
45
40
-80
16
38
-4
-222
-73
-504
5
42
-38
-17
0
20
6
28
-789
7
552
-1225
44
-736
6
-8
-8
-6
756
-8
112
-37
-4061
447
282
466
-63
-2
7
-12
-63
8
50
-17
93
0
7
-3
-14
16
-46
20
-286
90
-144
-5
-66
-58
-275
72
-33
-69
94
-62
-88
-12
-17
-12
-17
14
-347
-11
190
20
11
-25
89
-57
9
-270
1
-17
60
-2460
-41
0
245
-3
7
0
-26
362
1
5
103
0
26
-7
-8
9
-142
-21
-27
-1521
29
-3
-24
61
7
-433
-55
-117
-111
-343
-149
-29
11
-10
31
14
-5
4
-35
122
-1
15
1419
-44
-634
34
-19
-181
190
-500
61
-96
93
29
-133
1833
-43
-428
-246
-880
26
-27
-74
529
-21
1758
-797
10
-6
-21
13
-1
-38
-2
93
-3
-8
113
-30
-2
7
-5
-79
-62
19
69
171
584
202
-195
8
-769
-3
1
139
94
6
737
989
-45
36
36
89
-41
-61
66
-43
162
-26
-40
-385
-41
273
-19
-75
18
4
53
1
-1
21
-37
0
-87
-16
-103
-661
-36
-15
-164
-18
-404
-5
-7
236
-33
15
242
22
17
25
-24
596
-54
11
31
21
405
-175
41
461
-13
38
-684
-6
897
-93
57
29
-197
-341
-14
-705
-12
-32
1
-28
34
5
1090
368
90
-298
116
-24
6
22
-711
-245
1508
19
60
3
-11
116
-120
81
6
-159
73
62
-616
-1
-459
98
-2
13
-70
45
-53
-9
6
20
-108
96
370
307
-185
60
-3
-1527
-25
304
-1
-23
4
11
61
18
26
-21
-508
-40
-12
26
361
535
54
-531
0
16
-4484
-94
-26
-5
1
-3
229
863
1812
-29
-2
15
-102
107
5
-390
51
-21
-68
-21
-192
24
266
88
411
1411
39
23
-32
-219
11
98
63
369
11
-220
-89
43
6
46
31
593
-71
159
15
-27
230
-500
174
35
-14
-165
4
132
10
151
22
-17
-34
-314
-29
-20
-3
23
-103
208
-221
147
95
243
-57
18
-358
2
-24
-4
7
3
-73
16
-1103
6
-29
-176
6
-5
172
-25
-3
8
549
-87
-2
-17
-88
-64
-355
-131
289
-35
-2157
-7
-32
5
77
-108
-260
-201
9
-301
-683
-549
27
-298
55
8
-2
97
-2
1
-89
-39
-528
-211
3
7
7
-140
53
-10
43
-422
-126
1
-49
-1
-5
-212
8
295
-11
-327
-11
7
-25
-68
-98
2
92
-389
-132
-22
-12
-261
91
-85
-522
154
-19
422
101
6
-910
-23
-1
-7
-6
-4926
18
27
8
-542
73
393
402
-209
275
-56
3
166
10
112
19
-1
14
10
88
3
-496
69
5
-19
251
187
2058
5
0
5
-145
9
-33
-4
-488
-2126
0
-16
15
11
-6
4
-674
119
6
-11
-6
-42
86
464
-4
-40
60
-177
137
-17
-133
52
-157
32
450
-334
-211
-4
-23
-19
46
368
-91
-6
13
-71
-34
51
59
58
-89
22
-357
-128
-7
135
-40
6
211
7
2
284
-60
-4
32
58
0
198
-470
11
17
-100
-26
-57
-174
934
-283
-4
-72
1858
-34
0
-2
-130
-347
83
-5
-122
1742
-10
5
234
-14
-13
-13
-157
-4
51
-34
40
-51
8
53
32
3
10
34
-110
-29
102
15
-68
154
-29
-2
-39
-49
317
-34
27
-36
129
-22
-85
-10
11
41
4
-409
18
-569
21
12
9
0
324
-32
0
-14
0
23
26
-73
-293
-33
-8
125
90
74
-45
-3
1798
-754
725
30
-178
561
-8
4
-192
450
13
57
-138
-21
-130
-148
-1
-43
87
15
125
93
-14
546
-26
5
7
-59
42
-28
242
-415
-11
18
-384
132
-369
-10
-183
77
15
196
10
585
198
-27
-5
501
28
-18
-48
55
334
-30
210
-195
-160
-44
-68
26
90
11
-298
-25
-1
-29
-3
82
146
428
1
597
-5
-7
-1
-6
28
114
-86
-275
-75
-314
382
92
-5
514
14
0
-21
-86
11
101
6
434
27
3
10
20
-23
-40
-12
42
5
-216
35
-23
8
798
-105
72
-2
-2
59
662
-120
-325
-10
54
228
-1084
2255
-153
9
5
41
-33
5
296
23
-6
-674
-1
-2
-205
-3
-8
-2
-21
-6
-9
386
6
46
13
-32
-8
116
22
-1012
-23
135
45
124
155
-40
271
2
-1236
-4
102
30
-43
-6
108
-73
-27
-194
-428
72
65
27
-98
-18
-78
30
-234
-1
52
-131
18
-32
-116
1
72
-112
2
12
-98
-380
1
-149
-67
-50
-2
-9
-5
1
205
8
-261
340
-10
4
-72
46
66
5
-16
-19
-162
-261
-18
-20
-61
1
16
10
789
485
-327
81
-2
118
-676
-8
26
-46
42
-61
45
-396
18
-152
-7
-406
-28
-81
132
-75
27
-12
110
-4
-32
-208
180
-2
43
-4
-82
-22
1030
-2731
-44
56
-48
-68
6
-9
65
-49
-16
368
135
-623
22
-4
429
408
-18
1
-6
61
-3
50
-9
107
74
461
-11
-30
3
-125
28
-315
13
132
105
38
19
482
-16
281
5285
59
-8
1
-3771
66
-60
18
-6
113
637
790
15
-15
3734
24
-223
-62
1
184
131
-21
-2
4
8
75
3
84
16
69
-10
-22
-22
-132
-12
228
7
22
-25
407
326
57
-144
-129
-8
85
2398
-16
-32
-7
-44
1230
-117
-24
-25
-4
-3
94
19
0
47
104
1681
109
-54
25
-179
-89
-23
1
-4735
3126
247
49
66
-71
14
962
130
-132
145
-1
-32
-4
71
21
-3
-157
37
477
1
264
-26
249
-403
604
2
-114
58
-711
13
-3
184
22
-76
-572
581
-160
46
13
-64
2899
-43
-78
-51
-188
1583
-177
-125
16
17
4
94
39
31
18
-66
102
75
-102
11
-1919
306
-9
35
10
14
-259
-73
-1
10
6
-15
-1144
-5
-81
13
375
-109
-5
-32
-16
23
-40
1
-1017
23
-186
-4
-47
10
-14
3
-92
76
20
-21
14
85
-218
10
145
4
371
241
19
-1510
26
28
2
18
-29
-5
33
-1934
1
4
51
24
-2
-31
4
1
-36
-40
-6
-6
0
7
5
-209
30
18
-3
-15
577
58
34
-3
-25
-151
25
84
10
39
1521
-224
-27
29
-11
-29
109
-190
23
-3
675
-76
-194
-113
361
-447
-64
-26
-8
1603
9
5
1170
9
8
11
-75
-2
-2
-23
3
-15
2
7
40
-41
127
9
-48
6
7
-3
0
5
90
967
18
253
-1
162
-119
24
-37
4
0
36
-256
170
14
-20
-36
104
98
-409
-42
31
5
-4
-346
-1
6
-5
-5
-1
-67
29
404
33
-27
-1
-11
-12
-281
0
693
-1
-4
15
11
16
20
-2
-454
5
-277
83
0
222
-9
16
-188
1059
-7
34
-4
-5
20
134
-2
35
60
9
15
-65
67
-23
105
9
149
58
-95
-17
-44
-147
-56
373
-110
341
-34
0
-48
5
91
-4
-402
-90
-412
-10
101
-32
36
-33
112
-25
10
-12
-20
-31
-307
0
64
-1
0
-93
-564
-339
-385
7
-1
34
17
-1
8
-37
-40
106
-397
407
-119
113
485
1
41
24
-2
-47
1
7
6
-325
-31
18
39
-6
227
216
79
3
-74
-4
10
-24
-21
-135
192
-426
1385
-10
6
1267
-215
-8
38
13
-21
10
-19
17
86
61
-3
1328
-1427
1
-17
-8
-6
-81
184
212
-8
-163
456
-313
3
67
86
5
-112
23
-46
435
-349
252
-26
-104
11
-190
-214
0
-2
309
-229
302
-7
1148
-425
-573
-160
-89
7
-19
-7
-47
66
24
-139
10
254
1511
-410
1
-22
-282
-11
20
-1842
-43
-27
-2
58
195
-6
-297
-42
1
365
-9
5
4
-99
-103
-37
47
32
126
-2
-242
-20
-7
-60
-10
-1
-167
104
20
-42
422
584
6
-4
-240
-48
34
-18
318
-9
54
30
397
-11
43
2
28
-10
4
-28
14
401
20
135
-9
-1400
146
-19
1313
-37
-73
-7
759
-757
71
14
361
625
-21
1
15
566
-13
801
-1271
0
-444
-6
-2
-1015
61709
-8
-31
-4
59
0
24
47
-491
18
-355
-24
10
-23
38
-24
-104
-3
-46
-285
1113
-10
9
12
14
22
3
2
-43
88
4
16
4
-35
-433
41
65
57
387
554
2566
163
7
6
24
-1
-385
412
-159
-90
3
2770
-102
2
4
-28
8
0
41
-404
-63
815
49
23
-123
3
2667
-163
-13
-3806
192
5
-42
-1559
-22
387
4
23
-1
623
-396
5
-14
14
1
153
-10
47
60
1136
811
92
5
-4
-934
-184
143
11
7
-2
149
-47
-2
2
88
-154
-38
-38
-374
-25
316
64
398
57
-4
105
-949
288
2
1521
-4
37
34
-68
99
-685
120
108
51
-439
88
-16
-1
-6
5
-1
-57
-13
-7813
2
-118
-178
-117
-10
37
-87
-432
47
1
-50
0
-22
42
8
28
73
-171
-108
227
71
-190
3
335
-55
-16
-58
46
353
-9
-63
2
8
152
-122
104
-12
1
-12
63
-210
-57
-1303
30
-5
4
295
48
-15
187
-4
-33
-11
-1123
-8
25
26
258
-3
-400
12
38
89
-36
35
612
-66
-42
-45
-43
-48
28
-35
2
20
389
51
-267
297
-54
-366
-567
-35
-2
-18
265
-116
9
-18
0
38
100
56
7
-30
-24
544
-955
111
64
156
-3
1378
-3
2
-20
12
12
430
3
8
-18
-227
-25
21
13
-463
-2267
-31
-53
65
-9
50063
1
122
-9
-737
78
-160
-192
22
2
42
34
-20
27
16
188
-7
4
23
-4
-126
-5
-1
0
-2
-377
-447
-166
77
98
112
-168
104
-4
-51
-1
6
-476
165
0
242
373
1260
46
76
15
55
-58
-103
13
-52
257
-1
123
39
66
-9
2151
-64
-8
16
13
506
1
-40
-26
1201
46
-13
6
4
706
-2
-10
88
73
-44
-2
-776
1035
6
-147
213
13
-29
-83
-8
-15
1
-27
1
145
41
13
384
-6
-8
74
-15
1
2756
-8
-33
-7
124
10
21
182
-737
-15
-7
281
123
28
27
-6
-18
-21
2817
3
422
120
-17
3
19
-6
-38
-85
-4
31
149
-85
119
18
205
-5
1219
11
3
23
67
217
-551
44
-89
25
186
-167
-9
-55
268
44
32
3
34
1
-173
-8
14
46
198
569
58
14
2
61
115
-16
-10
60
1
-7
14
65
-32
-44
120
313
-1039
-80
-15
163
-15
-5
5
7
-52
-65
278
-130
-42
1
14
-121
-385
11
-79
22
1
426
33
-24
-3
-116
-62
-3
-10
-102
-1447
-104
-395
-10
1695
-95
108
322
1
-109
-93
160
51
-16
-12
-14
-341
1195
-152
27
93
-81
363
-6
110
95
3
35
-12
-56
55
59
-31
422
215
9
-71
421
130
-23
34
-1516
9
22
-3
-51
-18
-71
74
16
10
-101
-81
11
134
11
-1271
5433
-17
33
-41
12
1
377
97
-97
-6
64
2
-7
0
164
540
-826
159
123
28
-1
213
6
200
17
1
-58
383
24
-12
-10
-29
1389
1
13
43
0
8
-95
-34
-59
-237
-1
-19
1506
7
131
-61
-153
8
0
11
376
-6
-548
-1
-161
8
224
-8
-31
-230
-549
-3
-350
-14
2
39
-118
16
-15
85
6
-8
29
22
-6
348
3
118
140
-13
-151
1
26
979
-1
17
-6
17
7
-385
12
21
-7
21
29
-392
-18
-1849
-6
-3
2
22
-55
-241
18
-111
6
13
4
-3
285
39
-26
-157
-139
-20
-8
-23
-2
-530
19
12
82
1
1
927
1
27
-10955
-19
278
-7
20
2263
11
-2366
711
-22
-57
18
-65
366
-9
80
-4
65
-46
17
42
-32
-99
110
-41
-41
132
20
-76
-1072
-4
-33
-1
154
662
54
-5
-15
118
34
-94
-86
-10
37
158
730
-4
117
3
76
1
-2
13
-437
-28
142
-602
24
-18
-88
354
9
-60
9
0
9
2
25
1070
93
-11
10
-65
124
884
107
-153
27
512
11
-105
73
3
5
334
30
-85
-10
2
143
4
2199
45
935
15
-82
253
430
48
54
360
14
-4
-62
-469
-739
-52
206
-3
1
-48
165
-14
139
136
-766
134
12
-223
-108
-73
-15
-42
-29
397
-2
-2
7
24
-2
-4
-1146
-10
-71
4
398
285
3
-2
-24
-32
-54
5
8
4275
-231
-209
9
97
1
-15
-714
50
279
56
-280
8
-365
4
-4051
-12
-124
-53
45
-570
10
-98
118
1
59
-49
6167
-47
-44
-33
-21
716
19
56
80
36
781
0
-47
-289
17
59
-2
-16
-29
-124
70
8
149
-57
-6
3
-8
35
-10
98
-3
617
-103
-251
-67
6
38
-809
14
-555
166
17
-249
-5
332
-240
-3
-64
-1
51
11
-200
305
144
-11
20
-169
-43
14
-46
25
2616
38
-75
-31
-641
9
414
1
143
-519
9
-109
63
-38
14
-10
-52
206
2
-8
0
-3113
7
-169
199
461
-2998
-605
-165
-67
7
8
-107
-230
-15
374
-789
1
36
-164
5144
-7
-58
-217
-412
28
6
165
-7
13
4
72
12
-2
68
3
1611
-65
51
-376
-225
-461
-382
-773
5
100
-22
-1
-119
-11
-3
1
-35
27
374
-209
-177
-397
12
1571
-36
22
0
-243
-275
1
-967
-426
75
-66
-1
-82
-153
-30
-100
-145
-36
-545
8
-95
-38
279
-600
-82
2613
-3
50
-190
-238
12
-6
4
-133
2
1
-1
9
-79
-61
41
-56
62
203
-233
-278
-248
55
-120
-183
120
35
513
67
-85
7
-39
-26
187
-33
291
-5
19
-292
19
10
-251
-225
301
-2
11
-1
16
-228
25
-28
105
42
-18
16
2449
-5
-22
-101
36
45
-90
540
289
-43
-9
1
-346
-290
-32
-664
612
138
1
-306
-2713
9
241
129
125
3
43
11
-5
-229
-86
-26
112
-62
-15
-3
2
30
-22
8
-4
-83
301
-133
143
-1
-25
11
-112
-501
-1668
-4
2
-167
124
-787
6
-359
-56
473
27
962
-122
7
0
115
-972
6
-636
-92
4
25
-10
78
-45
-5
-2
-66
18
67
10
-389
1032
-3
-817
5
6
9
43
17
33
-5
-436
261
7
7
-19
138
-19
-4
-514
75
60
17
4
-13
156
-1470
150
5
-82
-724
-26
309
274
-41
-1537
0
-9
-19
3
29
-396
499
-28
161
-4
133
-121
-126
12
6
-37
3
-29
39
92
27
-24
26
141
37
25
-3
-116
115
6
47
17
-7
9
-59
-22
-28
7
697
14
118
-17
24
-200
-131
25
-548
-8
6
-7
-323
-8
3
27
-1
339
115
23
25
-37
16
-12
-397
-5
-31
102
13
18
-514
-24
265
208
-259
-4
4
-11
-143
-713
179
158
10
972
1050
-24
-8
748
-100
714
-38
-7
-382
126
9
158
1
23
6
-87
7
76
-6
99
-25
4
-51
109
36
-15
3
-32
-34
41
-34
18
57
13
94
104
13
302
56
-71
-26
954
415
77
-35
-60
285
0
67
-10
1
-15
-343
-243
-1
-3
117
-8
1827
-116
1
-2599
-10
18
129
162
-804
-18
1
-532
2
-552
37
1319
369
-999
-14
-49
1091
28
-51
-123
109
97
129
-73
110
42
-3
107
22
237
10
-214
-33
1449
35
-120
-4
-26
-4
201
-22
-806
29
-78
-1036
-563
-22
-1142
133
-1336
-47
7
-88
-203
-4
-16
198
17
208
3
37
19
52
-78
-409
66
-61
-13
-29
-10
-63
5
47
29
44
15
-813
24
159
409
379
-6
432
106
-1
-16
6
46
78
49
-49
195
21
306
-34
-15
1
-87
-25
-2
53
29
8
16
14
766
21
-200
6
-74
-286
9
3
1
-505
23
1
-2
120
-1603
242
-38
-4
57
-9
382
52
-468
-95
-1
270
-28
5
-81
1855
4
-9
-80
119
70
7
4
-78
-9
38
3
-65
-102
-62
-100
1
171
79
-3
21
-21
-1212
43
-16
201
20
45
-21
-17
-224
486
-12
-22
434
6
-153
-1153
0
-28
2181
86
-4
84
-18
6755
0
-52
-287
1495
63
-5
-2
1
403
-38
101
4
36
-42
-2
-14
118
36
80
23
-165
-2309
-1349
2
34
146
-25
-76
-71
7
-215
2
8
-72
287
-20
-84
-1456
83
-105
-129
508
-163
5
-2041
-11
-4
-47
-26
-3
-213
-8
-41
-28
3
1991
26
2261
-2
-118
434
-1781
-41
-151
0
-33
578
-10
-22
0
1
-22
-31
88
-199
32
-86
-96
-15
2
32
181
-21
54
-396
-116
16
85
37
-1680
-583
31
0
12
-36
-8
-69
-153
-8
6
-3
-8
424
-268
8
22
-112
-1019
-55
56
28
-41
-2
65
-1582
24
0
3
-93
163
30
-70
16
573
12
34
-80
-578
-19
-9
-89
-5
141
-432
1
-57
-128
11
-5
23
-389
-51
92
24
97
230
-12
-47
35
16
56
1
75
-36
1368
374
2
-71
-1100
60
-11
-29
1
-2
-16
8
113
-31
-10
-8
-17
360
50
1
-2
205
-655
8
0
1163
30
-2
23
-1
-69
-190
65
-2
-91
-5
-529
2
-231
80
-1
-518
113
-122
31
-81
0
89
-151
7
6
-29
330
-873
-297
-6
1138
-303
9
-36
-1956
-37
216
-213
-5
55
-1
-151
-20
252
-42
-341
0
39
52
61
8
13
-77
43
0
668
-1323
36
-5
5
-204
36
-257
-74
-152
9
135
25
-4
87
-111
2
-32
119
9
-252
33
-4
-102
27
-136
-14
99
-255
2
-11
2
-58
-131
-7
28
-466
73
393
-545
-261
11
-390
284
325
5
371
-496
-19
815
5
-95
112
14
-65
-171
129
79
29
-264
10
306
1120
31
337
131
7
-6245
23
19
-88
6
-4
-52
1754
-14
-1
179
20
16
43
2124
-799
-111
67
2
11
1
148
431
268
76
19
-1
16
-2
37
122
-333
-218
-6
240
8
-1748
1474
-40
-105
6
14
6
-233
-32
-226
-1280
-20
99
-18
-11
64
21
-12
-24
-408
0
-54
-2
25
30
187
-4
245
365
418
208
-28
17
121
-26
21
-39
-127
-188
2
-14
84
-26
21
11
11
73
12
17
10
52
8
-363
-22
-9
-163
17
57
-171
-5
91
-5
-577
-18
-23
-4
-93
-485
-57
-26
-15
67
-16
-23
11
-515
164
96
-1564
206
12
12
-8
582
-3
1820
-81
55
-197
-52
33
-113
-19
-9
197
107
2
17
8
5
97
35
-15
26
-259
-213
-37
-56
78
-1087
-7
-95
-21
-1999
630
-6
38
68
22
1
68
-1
61
-127
-282
34
-156
68
-7
-12
-228
-259
14
-8
-29
-667
109
-5
173
3
-268
-553
-29
8
5
468
17
2
-20
137
34
-3
29
122
195
13
-12
255
231
-91
-324
0
-32
103
67
-2
4
-7
5
-15
-7
29
710
8
-99
-8
-527
136
78
-240
22
-39
13
15
59
-164
-1861
57
766
52
-11
-53
44
402
-2
378
6
-12
13
61
69
12
-8
3
48
36
-9
-63
-82
-55
22
-41
50
2152
0
-172
-31
250
-20
4
83
-1
39
451
-1534
196
-206
-1
49
56
5088
-10
-2
112
-37
-7
347
-25
-1
-5
18
-9
-39
2
-23
-102
-1292
-46
1
-1104
-2196
74
-1689
2
-166
472
-92
19
-20
75
23
-9
-736
-181
5
-7
-1
112
-8
7
8
-3141
22
174
30
0
-508
-6
6
-51
-11
320
-47
-178
4
193
1859
5
670
11
2
348
-3
-44
21
43
218
9
88
13
-61
9
-31
-156
18
97
-358
182
-3
-4
400
277
-3
37
-159
-114
-12
-367
42
21
8
43
844
7
-108
-210
13
-47
21
26
0
-23
-4
-3
4182
-1
3
-60
-189
4
41
24
44
-140
0
194
263
213
-279
-10
17
-345
-8
44
-183
-14
15
5
29
-543
-723
-6
163
-11
-109
11
247
-3
44
-108
17
-12
-4
-1410
-23
8
-7
1143
-24
-1
548
-91
12
3
-50
36
13
9
-55
0
158
685
32
4
-79
13
-182
-16
137
-426
-16
-8
-245
0
3
258
-685
806
-1
424
-512
20
112
-92
88
434
223
2
-4
57
11
-56
-44
-1274
200
-72
54
-188
14
60
283
-76
110
-22
2
71
-18
-132
18
-171
-129
-7
-4
3
-4
-724
-102
-115
-50
-912
-16
-248
-102
29
-167
-5
30
66
-2
-332
10
-419
-36
-661
151
-16
3
43
2
-9
23
69
18
32
6
1369
-35
-43
-10
173
393
101
-31
-250
-5
64
26
-256
-194
-211
-1614
-2
-4
-350
-321
2
23
-290
88
-6
233
-224
-2420
10
-95
-3105
18
223
-86
322
328
121
-676
-14
-976
-79
334
-26
22
-141
-221
-75
47
-28
-3
-66
-7
60
-170
7
-33
184
297
208
-3
-33
1
30
-2
-3
17
12
-17
-10
-365
651
699
65
336
103
45
1485
1
39
85
-41
-1
-55
-8
123
-632
-482
-9
1915
371
0
-2
4
889
-192
-25
-77
23
147
2
-335
-15
112
-23
127
390
19
271
-435
917
73
-4
27
1860
-2
29
-144
-39
122
-26
144
-100
-11
148
-12
28
-2668
-5164
474
5
-1
-20
708
140
-5
19
-26
-82
10
33
380
-10
5537
271
-17
89
-37
-25
-392
-1
-6
-7
-755
-14
103
-8
29
46
-26
11
4
126
-13
-414
-130
-20
-13
-57
-4
-170
-8
299
1
166
62
40
-959
-5
27
-68
2
286
-2
39
-23
-382
-68
-939
-1304
-16
-20
46
-393
-10
-15
-14
-624
421
206
-851
-106
-31
1450
-36
14
-9
461
-95
-44
4
-1222
-45
-76
-1
-100
-46
0
69
26
-27
-63
13
-15
-17
18
192
9
-74
36
-337
-197
-6
0
29
267
-22
-1445
6
344
-246
1
14
-10
-1
587
-297
81
-7
-654
-354
11
-2935
15
-16
0
-882
-19
-103
-143
-52
-460
0
-44
17
-34
8
-38
-165
-4
-879
-5
309
434
-22
-108
62
46
37
-38
-32
-19
-124
-5921
-5
-11
-3
-129
-374
-26
-16
-30
-26
-65
61
38
91
71
78
51
-312
-612
-9
1
-169
18
-4
104
-40
20
2
-7
-143
-127
125
-5
8
-437
-540
87
-5
156
-181
-77
4
-8
-21
-826
738
4
-3
-198
24
10
-65
-85
-8
-890
0
-20
362
269
385
25
-36
155
-1
-484
-983
3
-5
1519
-18
-71
-16
2
-93
5
1
389
-21
-52
-186
80
-148
34
29
55
163
130
-422
246
-182
-45
-44
16
17
227
534
12
-504
-4
12
-228
-65
-16
264
-6
-42
-105
58
-155
136
-91
1
-2
-6
-5
10
44
-2
3
-103
79
345
19
-41
-5072
268
4
1
-2
7
-392
-201
44
10
117
-412
-157
-228
11
25
-98
-174
7
-11
-86
139
-162
-93
127
69
-328
35
182
-34
-1
42
1
0
393
-1
-359
96
-6
1130
26
9
-20
-3
-15
-189
588
246
64
18
-27
198
-457
-94
16
2
163
4
-1
153
0
4
-170
-89
168
26
-2
-8
-55
-240
53
-126
-1225
-10
1
-103
-143
-81
-381
88
9
-1080
50
-14
9
-13
-274
-919
43
-83
55
693
-31
77
-176
393
935
477
-34
1
20
81
92
14
822
-2949
-90
9
2120
-153
4
14
58
-9
-41
0
56
58
790
-899
-1727
-674
-8
57
-297
-27
-96
66
-610
-306
3
162
-47
-468
127
-426
363
17
-123
290
-30
-58
-6
50
7
-985
-101
-5
172
113
93
-31
7
9
-9
-190
10
552
-18
40
-77
391
18
14
5
231
-2
1705
44
-22
-439
4201
-107
-206
2011
-26
919
-3
32
27
6
390
-1
94
1
-22
141
264
-79
-29
12
1503
-12
-9
-95
330
96
-71
203
0
-2
-253
3
105
1
88
-764
200
12
33
296
-2
481
4
0
-264
299
9
8
257
-525
-19
-124
-24
-352
53
-366
186
163
-334
588
158
-241
-15
-1667
1
0
72
64
7
-33
-128
11
-5
-68
74
300
1
111
325
95
-6
35
1
-139
-10
-23
16
-51
-25
17
-118
226
-67
0
38
11
-31
-964
148
-564
2
2
-564
-2
-418
10
-87
-8
-2
-8
-10
-14
-22
-2650
-13
206
-130
13
4
-30
-7
71
-69
152
-14
28
27
4
-43
1
-218
40
166
-15
1092
7
2
-1
18
-18
121
160
-10
-1
3
-14
-5
3320
-6
115
72
-1452
-16
-2
-12
43
-41
0
25
1057
366
-8
71
-78
4152
-247
-26
-434
4
4
18
-1
-8
-21
26
39
-938
8
-20
-349
-3577
159
243
141
-314
-218
-85
-8
102
591
3
186
-175
-474
-167
-10
169
46
-17
-60
947
-424
-221
-22
-222
14
-49
400
-8
-10
-42
10
22
-350
-2
-369
635
-156
-19
200
-591
6
-67
-743
-54
-35
-243
-1
73
46
137
-27
35
-10
-94
23
52
132
-205
14
478
14
21
24
-1
-48
23
3
2
-18
-17
67
1
-11
-16
1
153
1087
-74
775
-12
-171
1149
3147
74
41
-20
7
0
48
-53
25
1024
120
-138
374
456
-358
-6
1
-264
16
-141
-29
-120
16
-14
62
-13
1722
821
3
11
30
-9
817
533
1
105
2
60
1208
16
-230
2
-4
31
146
-42
1
17
-4
-125
-470
-311
5
17
-7
-28
-129
-23
-2
0
97
1
-72
-3
169
-105
31
-52
-1
41
7
-732
-46
342
718
-102
-274
159
-37
-28
9
-544
-2
-922
-351
71
37
-461
-22
45
30
-555
145
-337
108
55
-225
-41
-54
43
149
53
-391
2
-6
10
-3
190
60
26
-176
-149
72
0
672
0
-13
276
-429
-43
3
-2
-4
-268
221
43
15
-31
-19
-27
-268
-1
414
46
759
-60
52
7
-330
15
-18
-398
7
90
-227
5
218
-129
-21
363
-51
0
-8
-20
305
12
-761
-10
-29
47
-21
10
69
-53
-501
-11
-16
6
-4
185
601
191
-2096
-7
803
-6
-28
-29
2239
114
-29
-32
30
1223
59
-155
-60
-479
-2
-24
102
23
-43
-26
2
602
-203
1068
-46
-494
37
-10
-2
100
-12
-2
67
-1026
61
-1467
390
-28
100
-58
24
-115
3
36
259
993
168
-26
10
24
196
-1551
-13
-10
41
-463
26
-9
-1
38
-251
-71
27
4626
-26
20
-746
-17
22
340
-327
-153
7
-6
293
-64
-5
-156
81
-439
-284
7
-43
41
25
-2
-37
388
-8
93
186
701
-733
-93
-18
22
-8
-1
5
-2
-190
279
86
-977
-122
172
361
5
1058
-274
23
3
13
43
-24
91
-34
18
-186
-4
-3
30
326
-20
267
-19
-48
113
-13
17
34
108
-21
139
-142
3
127
65
-11
-16
55
-261
-1132
180
11
446
1126
-45
767
719
560
40
436
-61
-22
247
51
158
-10
2
-269
-11
-28428
-61
118
-44
-12
-114
4
404
-28
-158
-92
189
-25
-206
-9
-46
-165
-36
-153
-62
-153
-223
-57
39
147
44
22
-92
6
198
18
-12
-31
125
45
-20
189
70
-199
-97
-69
-284
-8
84
-24
38
-46
-389
37
429
1
413
10024
-1
27
-15
-446
179
-7
288
-76
7
6
-23
-25
47
431
-12
37
9
-153
-1234
-352
-38
13
604
129
-130
-28
-30
-1
-20
-6
-32550
15
-37
533
1
0
-10
11
475
-39
-114
375
211
99
-542
3
-266
-747
66
109
1600
-37
55
12
422
7
1573
0
-8
-12
3
172
-142
-243
-20
-44
-84
5
-93
322
4
24
-61
-3
68
-73
-2
228
1766
10
-4425
228
-2
6354
-8
-6
13
0
9
7
56
-19
28
2
-12
2
4
-9
-4
-3
121
-5
-21
2521
3
109
31
-48
4
-90
-38
-166
61
-144
-20
-4
-4
-13
1423
-2
328
-87
439
-1
17
-33
-58
31
20
84
-36
70
35
-495
-61
-31
-344
4
-16839
-46
-38
16
147
12
-5
0
7
42
68
-5
-7
200
38
17
10
-742
6
-31
-52
3
-941
46
-1637
102
-32
-13431
120
-534
-134
-227
16
5
-4
2
340
3
-251
-266
-11
14
156
10
39
105
26
-4
3
18
-415
-7
-418
-2
3
-118
43
-1544
159
-1
-4
-17
-41
7
18
-98
-47
-95
-18
-3
-76
-38
198
39
-268
-61
-24
61
-25
68
-194
102
14
-257
-227
237
2
75
-93
40
-26
1
-2
106
-31
16
27
-188
20
-282
6
-7
5
60
-1
-9
94
-151
-91
-30
14
-15
-1
-2
-41
4
143
13
-6
39
-46
5
110
10991
-3
391
138
-120
-464
33
-4
-181
16
49
4
32
-35
1
-58
-9
-13
5
112
159
1
-1
-205
195
-200
411
-23
-7
-113
167
-111
-29
182
117
-81
3
3
-23
-202
17
32
-523
-14
48
-63
1391
-14
24
118
9
246
-77
-11
-1949
-1
419
56
0
-44
-22
-573
-323
143
-253
-85
1452
-302
51
-89
-932
17
-316
-29
-1
-313
-4
-419
87
4
-1682
-713
97
-8
9
8
-296
-24
2
-4357
0
-80
65
-5
-42
62
-108
191
17
310
-318
1
48
-16
-5
7
310
72
-3
88
6
-3
85
13
72
-410
-26
-4
-2
-6
5856
226
-548
-384
-697
4
9
-2482
66
42
4542
11
-1
-113
-630
831
-26
48
1
249
34
-16
0
216
116
158
-224
75
-10
70
321
1294
-4
301
7
-116
-2
85
1
-210
-234
12
-61
3
-1
16
-7
-4
-10
45
-20
-9
57
-38
-266
1300
32
-168
-12
-51
-473
4612
-62
-2779
-8
-4
-40
1
253
42
-32
21
-8
-6
-1
41
47
105
113
-3
49
-36
469
-101
-67
0
-17
63
3
17
161
1036
6
165
18303
-86
-6
-108
-16
-427
-32
46
-2774
328
-105
1192
2
133
4
-31
-9
-235
774
-621
2
-31
37
-2091
506
-11
358
-34
50
-83
2
94
-318
-52
-37
18
19
20
-32
-1778
-1
-46
-280
-13
64
-33
317
6
66
20
34
-2
11
21
-366
-49
-50
-25
27
19
293
19
70
501
-22
542
10
27
11
-63
49
-64
-312
311
-6
91
167
443
269
-30
-26
-31
-40
-10
-17
-82
2240
-168
363
78
-2707
-9
42
254
56
110
-132
-23
-8
15
3
333
-76
-67
-3
107
-6
-380
10
228
95
39
-359
48
-1049
-244
371
55
3
471
42
6
-65
1602
142
7
426
1586
-9
-7
7
49
277
-162
-19
20
3
173
144
8
10
81
234
-351
28
-2061
977
-1104
176
1
2
-33
167
9
-6
-54
-28
105
-7
-32
619
-3
392
-2
79
10
-49
-7
-432
-423
244
-67
-49
24
-61
4
-45
-38
-9
-4
12
-280
-10
-12
-8
-32
1442
13
1
-94
-1064
185
28
24
-11
35
36
-35
22
11
-22
47
-78
25
-81
-29
-14
66
-3
-4
-7
-18
-24
-31
2
76
88
-771
-19
-24
-109
-34
-54
11
105
-220
-148
-50
-404
-9
-16
0
761
1739
-7
9
-5
-2440
-47
65
42
-49
-1
-5
14
-636
-308
2
15
-16
18
-209
432
147
1078
9
538
8
45
50
-405
-76
-103
2
89
15
520
-31
-79
73
-5
-11
-774
357
2
-449
188
59
-20
16
-517
-21
-13
4
12
-30
10
65
-45
-6
3
1
-12
140
8
42
151
8
181
-2800
47
-7
-17
-6
-3
77
-18
-5
-499
-65
-37
11
-123
-8
-119
-21
-156
164
12
-629
7
-56
-8
-27
-10
-107
-6
-1
-2
-43
-72
-203
125
669
-52
95
5
-20
83
289
-65
-12
1204
-337
5
562
16
-113
447
10
-135
236
14
167
42
-38
-68
6
38
-322
-2041
6
426
8
21
392
-9
129
-45
28
24
7
56
-141
18
389
-63
-19
-3
-246
25
22
80
4
264
-68
56
-12
-1
-2
-191
-5
125
2
-2
344
290
-2
-1
-24
184
-375
0
34
134
231
-21
-37
-28
49
67
392
23
532
-14
0
-17
-12
573
-49
92
256
1
101
-36
491
402
-38
-386
186
199
9
842
-668
-29
51
121
3
-368
158
355
487
1
5
1560
-22
-66
-458
-168
-60
68
1043
-33
-31
1263
-38
104
73
205
1
4383
-242
115
215
31
-6
243
-169
1
45
-68
73
-514
9
-30
-1
82
344
703
62
128
-5
28
3
-36
5
-12
-77
-1
27
-23
6
39
174
182
-21
415
11
-1524
573
-89
14
-650
-42
-52
-35
-16
19
-36
-21
-14
19
0
-265
-786
8
285
-12
-171
2563
13
-24
34
502
360
452
106
10
-1093
-245
47
-21
-64
-56
-8
5
1430
0
7
-11
328
21
-341
-68
6
216
9
10
-44
-13074
18
-28
-14
0
-70
-986
258
-14
549
41
-4839
-71
5256
9
-7
-8
461
-414
-82
-208
1
10
37
-18
-41
-2
4
16
-2
117
13
-14
71
4
-403
-99
-6
-122
63
32
-12
-1485
-87
-14
27
-625
1381
-694
-206
3
-70
-110
-119
289
-179
-5
5
-23
-18
8
-9
28
-10
8
-19
-15
-22
-183
-18
1450
-82
-184
130
-19
39
13
5
185
-7
-54
-4
-4
-1
-427
-91
-8
470
1
-32
319
-47
2606
1
-69
-23
201
-185
-14
-25
-124
-73
184
120
409
519
-35
7
0
-346
-128
-2
-343
-4
457
26
-36
92
293
552
-78
8
-705
-40
-179
114
-1
-36
515
96
-13
2
9
7
-3
-50
-77
-132
3
-294
130
19
66
2
1
-1
36
-12
-71
-11
252
-28
-27
-189
-6
68
1223
-110
-79
56
-919
21
0
-37
-26
0
-8
-17
11
-37
-55
-16
-12
-14
244
176
-2
-21
-28
7
1
37
-151
1
-271
121
29
2
-142
66
-197
-23
256
-17
287
-38
734
97
-226
-7
412
2
9
-649
13
-31
-17
-160
-49
-26
-5
24
-29
-3
-436
169
-2
-52
6
-148
-19
-399
-224
-22
25
-3
-101
3
71
127
461
-7
134
39
276
-5
-68
3
199
-129
9
-20
-1
6
-85
-156
509
186
6
-38
23
4
-101
-12
-197
241
-1984
4
-52
33
32
-597
-109
-8
-519
239
-6
-58
362
-110
-743
-387
-121
5
13
-168
-1
314
-3
-25
933
798
110
-76
-164
-17
-47
-199
47
-2
263
-17
12
49
18
49
3
-482
0
5
23
4
-2374
-197
2
-109
24
117
24
91
53
-139
-1371
3
0
46
100
-11
14
63
10
-386
-6
76
-46
199
-1
-41
0
32
78
-977
-11
3
2
-16
7
16
-4
0
76
-121
-292
1
-67
-48
20
-64
-45
14
10
-89
-5
-191
2
61
99
-241
343
-7
-8
-359
-1
2202
23
1
128
140
-1819
23
8
-4552
36
-5
-236
511
47
1
2
6
3
34
86
-11
104
83
86
-2
-96
-66
0
-1003
-1
50
6
279
57
27
-64
-3
14
-59
12
-11
-32
92
4
-36
-35
-96
18
4
401
-339
16
2
1
40
-5
406
-122
-146
-22
-54
25
-20
-13
-18
67
-27
-141
-51
-704
-170
-53
7
-45
860
-608
-1
-2
-23
5
131
1040
1
-90
580
-191
1
-3670
9
87
440
-72
142
72
-1
-56
-13
-44
-33
-137
-479
13
-6
-71
121
-3351
151
-77
-10
-5
-5
131
183
-3
134
8
-60
-129
-73
26
230
8
-13
31
7
-60
-24
9
35
0
-16851
461
-114
46
-96
-10
-56
-299
11
-19
13
32
8
-3
-530
193
-460
27
751
-25
9
14
-56
-7
-7
10
-124
3
-381
-775
-307
-5
1
-40
3666
-3
-93
-1129
-1967
-3
-1
3
5
1
18
10
6
616
-85
32
14
-1047
32
-29
-339
69
-113
8
-24
50
-4
-10
-163
-11
-114
-15
106
-27
1
-1
-8
6
-75
-97
17
18
-292
-2
-416
114
-529
-112
1748
1160
38
-12
4
58
127
-11
13
157
-4
94
100
130
1801
-328
401
7
-7
-10
-1
-20
229
-104
-51
-7
-144
-102
75
7
149
-333
-51
4
-76
-104
19
7240
-198
41
-127
7
110
-14
80
-38
-14
855
141
-39
-3
23
-88
-2
-6
-778
68
36
-7
-346
-257
36
-142
255
-182
-4
59
7
-8
-6
68
-1088
-60
428
-14
-26
-6
-4
6
-7
17
-3
-1
130
1650
103
602
95
-130
-237
-59
338
-209
-5
-54
-2
6
-30
-6
3
-14
2
-137
241
-192
-578
-853
207
283
-16
-69
13
77
-17
9
-9
141
1303
6
3
115
-208
15
9
46
-10
-13
28
230
-14
11
19
-1
-330
19
-209
-10
1
-990
-120
12
131
12
442
-146
-3269
-6
19
253
22
115
-680
23
-443
9
-9
14
-16
0
-522
5
128
5379
731
4
19
10
-160
392
18
-466
139
5
-2
37
179
14
-36
-38
104
144
-76
12
606
-955
825
-88
-10
-45
7
-46
-129
-125
-774
-85
-159
-174
35
-278
-110
64
550
-6
3
85
1
-36
-173
-92
8
181
-1
-44
118
260
-229
-145
68
-3
7
-50
-4
-47
55
-13
4
-7
31
-24
-233
-98
7234
399
54
-9
-3
-2
-390
-89
-65
6
111
-169
-15
-1345
23
73
-3
-361
-17
-15
130
369
-219
363
1565
-61
-14
-19
47
20
11
5
-6
-6
82
-60
-7
142
7
150
-20
53
25
-225
-3
-27
563
2
18
1220
908
-18
-32
-11
46
-29
80
54
-662
-61
1
-22
392
-55
-110
3
76
-56
-1844
148
410
1
504
-121
-4
69
-163
16
-4
32
530
113
-167
-232
-354
-8
7
431
19
98
145
9
-158
4
-133
-5
-307
-94
-52
-2896
27
-73
-12
828
33
-14
-298
99
181
232
1369
-49
-509
-85
-1343
536
-2
421
692
-15314
-243
-35
-82
47
40
51
-276
-236
-198
-2
-190
4
-148
1
-70
-31
-5
21
-19
742
4
6
4
125
314
117
-1
-3
101
31
-88
-1
11
-29
-837
-29
-62
-8
-690
-51
-4
-132
-38
-242
0
14
35
-146
-48
14
-177
-8
17
-32
169
-8
15
-20
355
-98
3383
764
-160
1
403
-238
-15
52
152
-139
4
20
33
2
39
57
412
23
-5
-8
-96
-317
0
-34
-9
-30
-376
127
-3185
3
56
83
-2
22
-32
1229
94
67
-212
12
-8
-1939
3085
-12
163
2
-1509
31
-29
109
-23
1
1685
-105
111
3
3
8
1405
79
-4
89
68
-104
-2
36
2
261
1
846
-114
55
-6
165
209
-35
378
-28
34
-47
10
-1
53
-116
-4
-135
-33
228
373
-141
-88
1318
-18
-182
11
252
-66
-224
23
19
-1
-87
6
26
148
25
172
-464
894
-865
2
327
-566
9
-4
295
273
-8
3
77
-15
-33
1
-3
-1682
-109
-9
-37
-25
-1
-39
5
-87
-1
59
78
16
-191
7162
12
2
107
-1150
-188
-7
599
25
1349
-134
27
105
35
51
45
171
169
-437
-19
-35
-38
-4
-4
-11
343
7
-13
650
31
30
-103
-35
7
-39
6
843
-5
230
-189
65
-488
-6
35
5
-530
-8
10
-253
13
1577
-105
36
18
95
5
851
3
191
-129
-21
-40
0
0
-8
2
746
-147
33
6
2
-6
871
-1
92
78
-24
-13
113
11
-9
-4
-27
-239
32
-109
10
-896
66
76
102
11
276
243
1
-6
221
-581
-156
-1
332
-554
-4
-13
-130
-3
3
93
332
-46
482
521
-18
9
-106
-10
-318
3
0
787
-148
-257
-327
6
-1073
2
63
29
-76
-39
69
-115
37
7
389
-1253
-44
53
-2
-3
-3
-53
103
140
-15
-11
-17
-51
90
-1
-1
-675
-279
-6
-892
-14
-10
24
-61
-5
-60
-14
-112
118
59
-110
-22
5
38
-82
-2123
-3
-7
30
-80
84
-96
43
-1183
1
-18
13
-156
2
390
-219
-68
-89
-140
-27
-13
33
3
373
175
-22
-606
-25
-2055
19
61
-1625
1294
58
-567
3
1
-30
-14
551
12
-37
-5
-43
-897
117
1
-26
22
2
13
0
-62
3
195
0
6
-1108
709
-29
-75
70
-104
-9
7
-25
180
-1299
-95
-51
-229
-21
-149
12
-11
1057
2
6
-39
-24
393
-38
-36
1169
104
68
-185
-607
87
-44
-732
-192
118
1
22
-329
394
5
5
-66
4
-42
-12
-9
436
-1
737
13
-32
-107
58
-287
20
-20
-34
-38
55
1473
0
126
-20
16
-48
-184
47
-1
-134
0
7
-159
-7
-6
20
-52
-196
-4133
-24
9
241
-25
-539
887
-17
-2072
160
405
74
1
-31
9
-76
-5
142
-16
-2
-14
-803
-8
-407
825
310
184
-10
75
-20
506
1729
4
12
-599
4
21
-51
-53
23
-4
-1
-438
31
49
-4
28
65
-57
-9
-29
78
-3
26
62
80
35
-60
404
-346
8
-47
-2
-76
228
2
306
4
-396
-221
149
-6
-8
-50
-122
14
54
41
-10
134
-198
-374
-29
33
-33
48
-7449
-79
244
137
-130
2682
-7
2
8
-86
-46
-121
-3
101
-5
15
24
3
-31
-27
135
-11
-57
-537
-104
0
8
-77
387
-134
85
-33
58
26
-535
-7
213
-99
66
16
-1
-21
-8
-48
-76
-407
-5
-8
79
1339
212
15
-9
265
-249
8485
33
16
-336
181
-1
-145
46
7
23
4
233
482
11
-55
-4
-120
-174
-34
-19
-152
-10
-306
1398
8
0
-417
226
-70
261
-13
8
-171
31
-277
13
627
-141
-1120
-101
35
-19
-755
-20
-12
-14
51
-2704
-3
107
-1043
-292
15
55
7
-646
-105
-44
73
116
-3388
11
1
57
0
-1424
-1
54
-60
-69
11
20
17
2149
-1
-36
-54
2872
-1674
84
-40
915
29
-202
1496
-158
-19
-29
-10
-6
-2
22
394
6
10
271
-96
-2033
-6
-525
-12
-2
-421
6
-9
14
-13
35
-139
-128
-1123
188
-48
-11
306
-131
-9
-98
0
153
197
-153
256
-8
0
-5
63
-111
12
325
65
2
-644
-11
24
11
-3166
215
-354
-31
8
5
119
7
548
4
47
-8
11
14
-9
-13
11
24
-1177
1
92
-15
-1
21
-86
5
-6
-15
31
-21
42
-231
1325
272
-283
362
41
-40
-4
152
-53
-13
-1
3
3
-244
183
322
67
146
10
2
-36
-45
911
-2
145
-44
94
-116
24
-97
8
29
-248
43
70
87
29
-164
102
-3
74
3
-5
-230
-297
-6
-105
-352
209
244
9
16
42
15
49
58
-63
2094
-1226
-21
6
79
10
-10
-252
191
-116
-170
-975
57
-3
-38
-104
7
56
-425
279
98
32
-1
-43
236
-12
-10
-1
-151
-193
-29
-69
383
-12
18
-50
-6
66
-13
1661
1
-11
-22
5
-4
-29
187
96
-297
955
42
8
13
842
107
1039
-84
-251
-1
81
-1324
24
12
64
2955
322
15
-580
-10
-123
-1
1
28
-387
-6
-3314
17830
39
49
-122
605
25
-36
46
-153
-30
-39
-16
45
-1
-6
-32
-63
-19
-362
-126
6
-262
-4
67
312
79
-30
-10
36
-174
-181
138
17
8
-521
-9
44
37
-6
295
1048
-191
-41
6
4
5
-12
-568
-2
9163
102
-1
739
10
77
-8
26
77
922
-38
-107
2172
1
99
-9
-215
-1
44
-3
-193
-923
319
25
306
-21
407
-350
-73
11
59
12
59
272
-138
-20
0
889
5
6
-15
506
908
-4
-97
-18
-34
-45
3
-274
4519
-166
764
-9
56
432
-293
16
39
-31
175
-16
20
58
4
-136
-90
-4
10
-12
-1
668
24
-20
-18
-7
-109
-35
-6
-89
82
556
777
-25
1047
455
6
-64
8
244
9
-74
6
-33
-30
247
16
-11
3
119
-38
17
126
-74
-141
-5
2
-237
308
61
175
-7
3
-43
11
-125
-54
193
28
14
92
11
-16
-12
686
-99
233
17
30
-11
19
41
142
-153
24
1
8
-2
-7
-45
1198
0
140
209
-101
-151
893
97
173
0
-235
-46
11
-32
-42
-205
-14
-120
-725
-22
1240
12
-1
402
503
-366
-359
67
-37
-58
13
-47
-171
-9
-14
-27
124
-64
-9
0
-4
441
5
-411
-308
-822
2
-103
-31
10
353
5
-24
6
-106
1548
54
-32
-1
-3491
4
-11
-101
-451
328
-79
-2849
-5
4
20
-5
-2600
278
-3
-48
17
-2
-33
-167
-969
60
-70
-5
34
36
361
-39
5
-187
1
-334
198
101
-10
6
191
-189
-129
-23
240
-2
8
26
39
-3
-281
120
-48
-26
3
-17
394
-13
5
83
298
-183
17
-19
612
-12
-488
2
2
-13
-10
-59
577
-38
-313
-221
48
101
39
-165
-12
-345
-10
432
-6
74
-9
3005
27
6
390
-494
237
77
-32
-63
197
9
-26
98
2
11
-2
6
-724
276
-181
168
84
-7
-107
7
-4
-14
-3
-12
10
568
1
25
0
-337
0
-2829
49
-14
42
33
-417
-2
-883
5
-10
-4
18
-96
-27
165
13
-69
-93
-272
-39
-13
-21
11
0
-1263
6
-18
-9
-43
-195
14
-39
5
420
15
1275
1
-13
-5
120
-7
-11
-101
-4
62
-40
-32
-11
632
3
-249
-177
257
95
17
182
-18
-44
-27
-32
132
-1
2
3
6
-2
401
-702
-407
9
-11
-1
36
8
-247
-13
-15
27
-145
109
-217
22
179
5
10
448
-9
-103
72
46
-148
-14
5
-98
-1321
558
-27
76
5
5
1344
3274
-555
1
-42
-202
-2
-119
301
-3740
548
77
415
2
-22
2
6
-50
-99
10
36
37
-42
24
-338
3
-297
210
-15
-87
-7
298
2
15
19
-17
-21
184
140
25
-71
-68
-502
20
2
63
-112
-23
17
-444
377
-730
-3
78
-190
282
145
37
1558
19
29
85
6
-2
-58
-24
-17
23
-1104
104
61
27
-391
9
-470
-64
266
29
-49
23
-29653
343
-6
-8
5
-9
40
-87
-47
46
-26
377
-204
1
166
30
3440
-118
103
36
-10
-2
-66
6
-13
0
9
445
-2238
-14
-3516
55
-9
47
123
-32
181
4
160
-642
-24
13
65
308
1
11
-76
-3
-262
-670
143
408
9
15
-257
-246
15
-165
-23
88
60
339
25
56
0
17
12
-2
-66
253
13
7
238
39
-594
280
-35
-7
-219
-1462
914
177
-64
-235
-15
92
-444
103
-103
2
-16
65
20
-8
-30
33
-15
-2
2
38
1
-221
-70
-82
-2
-22
-4540
-5
1
-96
9
-64
-16
-24
31
-72
-1405
-2
24
0
308
0
1
-29
5
-440
111
-39
-46
38
256
2310
59
-187
400
-17
28
-6
2863
84
8
4
26
3584
58
-159
1
-686
-33
-2
64
-168
1899
-3
31
-26
89
121
18
-3
43
-4
-2
-1
6
-20
85
-1347
-95
-21
-8
-48
18
21
9
-22
-51
-215
317
1411
-179
-120619
-416
138
-26
17
20
-59
163
-148
-30
-59
154
-26
-939
-23
-3
3
-254
716
0
202
542
-6
-12
-4
68
-32
-99
9
-18
3
1
-917
-400
1187
-260
270
160
-23
83
-11
-126
12
-598
5
41
-50
-4
-16
-11
-603
-41
7
-471
-788
8
116
-69
-8
16
122
6
3
-164
32
27
-21
-298
1
153
427
1
-2
12
-61
24
-419
-1
62
1460
161
-87
-7
-69
-53
190
58
-6
-162
-25
-15
4
-8
401
-855
-169
76
62
-146
21
37
-3079
-692
362
-14
-151
-134
-5
9
1
-480
-6
-95
-172
-2
-17
-1
27
-555
136
-300
8
-292
-8
417
582
15
3
-192
-104
21
-36
50
-59
3
2479
8
-15
-60
-467
-18
584
-789
-28
-189
-12
-60
44
2
-36
-6727
-137
-14
7
-28
291
-21
30
45
-224
-4
12
-5
-350
111
-71
-16
-4
87
-853
315
-211
-273
-59
41
179
-65
-553
-5
-397
27
-87
58
-437
285
84
-25
-122
362
-15
19
-5
60
-1131
-53
380
0
-11
-12
4
-68
142
-633
-1146
199
-19
-45
56
11
28
19
6
-2
-23
11
-16
-5
-46
11
1
14
237
-192
-24
6
1116
9
87
-2352
-34
19
-148
3
61
-360
2
-178
-19
16
75
426
794
6
-42
-13
49
-43
-211
40
-3
2
-4
-1559
21
102
-80
4
1502
-54
7
1822
-135
-109
-69
-8
499
3
-51
94
-5
-1325
2
1
3
-589
-9
-181
-285
19
-21
-398
-579
-15
51
-102
39
43
245
1297
4
-577
94
-3
40
159
-2
-205
-836
-18
-266
16
5
-13
6
97
-8
-78
-5
-1121
70
29
-59
-638
8
-7
1635
0
-3
-17
-54
-79
-4
20
24
-12
17
9
-8
-6
13
-54
260
64
-9
88
-215
725
161
-348
610
6286
11
-66
-91
1
357
-51
555
93
1328
-60
-30
-3
17
6
-19
-12
14
-685
-92
-60
27
7
-3
1
5
50
-21
-70
387
7
-106
-104
-7
-3
-13
69
-14
2
-21
-3574
588
68
-65
-17
105
284
3
-652
490
84
-1375
0
20
-2
6
11
-23
-30
-10
84
-336
246
137
-31
-739
-5
60
-2729
-7
49
856
-9
2
31
179
76
-87
-47
-1252
-7
-21
22
-1441
-625
-936
-2
1273
1
-112
67
6
32
7
-2826
-259
20
2
236
400
11
-1298
-110
-57
-5
-1
-38
-1
-217
-328
63
2
65
2
54
21
2
-21
6
-2
-13
-15
-4495
92
-195
2
10
8
120
82
-129
-46
15
284
9
-185
-616
-9
-4
218
3
14
-51
210
-192
306
-363
-4
2
-41
19
43
-57
-19
-6
35
-1
-524
-3
-26
7628
-5
842
72
0
133
14
-400
6
10
-270
16
3
101
1
-4
6742
-8
-2
6
3
1428
1
42
92
1349
3
27
11
239
170
-236
0
-41
-55
94
-22
4
-118
4
81
28
-37
-126
-243
-6
-201
-2
98
-6
36
-11
-4
464
-69
39
-541
-4
-59
6
-12
-1
-32
102
-39
-54
273
23
-70
296
-282
-14
5
-9
-68
30
309
-129
-22
-1736
-6
55
-54
6
82
36
20
-736
4
18
-2
-2
163
459
-505
4
-11
30
-1705
3
19
133
2
-50
-534
1322
-170
3
-62
-115
-9
-142
11
-12
79
103
-85
-8
-533
289
-235
4
-18
-19
-48
34
-3
307
100
155
-1
889
-10
-39
13
-6714
3
29
766
-44
-1034
-26
-420
-2344
47
-14
-94
61
-1047
-85
-3
332
47
731
121
53
363
-4
49
-118
1266
-8
5
11
3
464
72
-22
-21
-73
-2
67
456
-31
-136
-48
211
3
182
323
-33
13
85
27
254
-75
68
14
8
-1010
358
-139
411
-314
-199
-17
-30
-16
24
-43
12
-41
-7
127
-13
9
185
76
179
-8
711
-304
264
-25
-5
1
10
5
-1314
-4
-14
385
5
16
-498
129
361
20
-230
136
-29
1
147
-117
-664
16
-921
-4
53
82
212
-22
52
22
6
198
168
29
0
-307
-34
298
2
-9
-38
51
-21
-281
-51
8
120
-5
31
-113
0
-50
-655
-75
-6
7
450
-5
-10
-528
-43
-65
179
-5
-1
-70
-28
41
251
206
-80
-74
117
-2
173
-595
-4
435
-92
2
0
-696
389
57
-889
-375
28
36
-121
220
11
-31
-3
-25
-11
44
-11
-507
18
14
11
-400
-748
-224
11
-43
-8
-8
131
843
697
85
88
-3
-16
-10
-26
152
-113
-3
105
-14
-24
537
189
-3
-4
0
202
-2
0
-895
0
4
176
53
17
-1
22
-850
-30
-25
10
-98
-559
-121
6
-2
194
1982
-390
43
-38
-222
-38
69
-252
-101
-4147
1146
52
-463
-331
-20
-49
36
-129
10
-100
0
20
4168
-84
2
57
83
-28
98
-91
292
2
-36
-1
-16
81
-1
142
-22
384
-25
-183
-41
-66
-685
-16
27
-1011
588
180
2
-61
-26
843
-231
0
10
94
457
7
-10
-42
412
-3588
-731
-254
114
-121
4
74
50
-55
-395
2227
-175
-228
42
-723
2
18
16
20
339
586
-2579
35
-663
1709
-121
36
113
-65
210
43
-1
-482
34
-1449
-16
-9
-6
-7
-15
58
-1622
-13
-6
-473
-12
42
237
9
-42
-154
95
58
22
-2
0
-78
11
93
-223
125
-35
-54
69
-44
-6
-9
57
16
-156
-8
5
978
-22
-11
298
8
20
66
-6
-136
361
-105
18
25
-91
35
6
-269
-31
702
177
-15
365
14
-36
15
-352
22
-3
360
-124
5
291
-5
257
3
92
-37
-45
679
32
-31
293
9
-15
61
4
-214
303
648
-39
-559
-27
230
-5
-770
50
7
-7
-11
40
13
558
169
-28
64
-3
-6
-3882
-64
-11
-17
103
-255
-3
-98
-23
307
22
-1088
3
-30
6
42
26
-3
-7
784
-12
108
354
-7
0
-9
-1
-126
-256
20
102
2
-7
36
-303
-30
373
-53
28
-91
8
-896
11
342
547
-85
-127
175
400
-145
31
302
8
-15
94
-15
-16
-411
-258
4
-1
-1
17
-125
2
-105
-635
250
16
-79
175
-12
110
-47
-42
-3
-78
-342
-351
2
-143
775
-83
-33
-121
-137
-37
388
0
-362
-651
-1
58
-76
51
-6
-81
3
3
-48
13
-16
299
-368
-357
-13
731
16
-14
351
36
12
-16
0
39
0
869
134
-277
419
3
6
-28
5
22
11
101
2009
189
-1180
0
-2
-2
20
1
14
35
-7
-4
13
52
-4
7
223
-16
177
19
811
-13
-21
204
269
-60
30
-249
1
87
6
-387
-3
13
12
7
46
-22
-115
156
6
-2
5
-1028
4
10
185
-385
-890
-7
213
190
-1
2
11
-9
9
361
95
5
336
1
264
-83
20
21
56
45
-23
-541
-31
-5336
-33
-14
11
389
99
30
7
-125
-13
-81
1410
69
-54
-672
-22
-12
-171
788
-13
-61
45
0
-1
48
7
10
-28
-171
57
-46
-92
244
-94
56
18
113
-1138
133
62
2259
-194
-153
85
-10
3
-12
-91
109
414
-4
-25
-393
-2
144
14
31
-31
1
198
-90
-114
2
562
-14
83
236
-5
150
10
-410
2
-4
-39
1
-164
-6
0
792
9
-166
-48
11
-52
72
-9
-11
74
0
2
129
-22
0
-1
103
63
-43
205
10
3158
-2
-20
-47
290
12
17
226
-124
88
53
-28
-1
528
-18
17
10
49
1
-1
927
11
53
-59
-94
1
5
-25
17
364
-358
-684
1
15
138
36
928
3456
8
-5
7
-480
-419
-21
4
-27
8
74
6
-3
38
-42
200
4
-71
10
-17
-1
-189
-112
1
-536
113
18
-2
159
-12
-19
6
-38
-230
8796
9
131
-52
-26
26
-814
-26
-92
11
-303
-62
19
38
-3
-36
-7
24
-16
10
-25
287
2
49
-12
4
14
-28
690
680
-849
99
370
169
94
427
526
-137
8
274
21
-13
1
8
-112
119
-733
-14
37
-51
50
-126
-57
-10
-6
-23
-4
-14
-6
2
-12
-588
-541
-7
10
-4
99
-57
27
-1
-184
-10
-283
41
450
4
121
-354
2
9
-34
-196
-5
233
2614
-8
22
-20
-35
-4
0
81
1159
99
35
-6
17
75
-104
50
55
53
-6
0
-17
-21
69
23
660
14
-67
363
46
226
169
-850
-6
33
2469
131
-10
12
-808
22
-2
4
11
-16
462
2
-64
59
-2
-288
-10
-124
199
-2
243
193
132
12
-40
-182
684
-158
77
367
48
77
-53
49
115
-44
2
-123
479
143
237
-162
28
-22
1
-44
-55
2195
72
10
-173
119
-921
-603
-6
-56
45
120
114
466
245
690
-4
36
456
17
-27
-5
4
85
-3
-23
19
26
109
-46
-721
-107
238
-119
-76
-147
-42
-9
-55
51
367
-11
59
-26
-128
100
-10
0
32
33
-452
5
-1068
54
-1282
-8
191
47
-54
502
-1
54
-3
4
4
90
335
-12
95
1
-15
-10
-7
7
78
-191
-96
49
-34
-1
479
133
24
105
-10
117
-32
-8
-71
-2
27
-101
122
-15
-38
-23
52
1371
-117
3
-50
139
-54
-78
-4
-39
-3
-9
-857
4
-63
-192
2117
-2
1
175
11
1125
-2
187
3
-57
-24
354
129
24
-64
32
0
-12
-56
-191
-7
-7
-1
-71
-6
4
-101
5
-37
33
42
-7
59
0
416
-15
4
-15298
87
11
-21
26
-39
-479
117
137
116
914
108
-767
7
-71
34
4
-7
35
1
15
-41
-162
-136
-2
149
77
-6
4455
-34
52
19
-7
-104
218
-2
104
168
255
187
530
698
-382
-50
160
92
94
2
16
415
88
-10
-628
-514
58
484
931
-753
0
-18
-1245
-824
-1309
-55
8
1
-7
-25
32
1772
0
-16
-279
-13
662
158
-16
2
122
-17
236
7
-14
24
0
38
1
-636
13
-24
13
-620
11
2
-1
