1812
1401
1290
2228
3958
2071
4954
1043
1578
1251
2575
6222
1735
2412
2948
3557
6618
8804
4493
1749
2571
741
1439
3834
3732
1199
2596
2187
3523
1722
4001
1987
4484
2554
2352
833
2465
2030
1489
2641
3172
6912
2018
2311
2428
3368
2585
736
1368
5847
1169
2091
2170
1135
2714
2508
1303
2094
1673
2356
853
1589
3131
1916
1718
850
1263
1710
3982
5014
1857
3109
3643
1484
813
1169
2774
1074
1001
1143
854
2815
1234
1804
2168
1547
1638
1731
2986
3131
4537
1126
3195
1048
1232
3249
1957
1427
1159
1881
877
2391
1174
4159
1613
897
1149
2278
1844
1283
999
9819
4659
1886
5937
1994
2719
1856
1559
3899
4793
1169
2643
2332
3051
3344
1624
777
4932
5286
2989
2137
913
2841
1553
1695
1717
2700
778
3780
3808
2323
1514
1464
1541
1921
2827
3796
2642
2980
1218
1453
2080
1303
1717
1716
870
5956
2131
4409
1735
1179
5011
7911
3377
2639
1784
1008
6127
2071
1356
15649
1336
1798
1713
1587
1334
1325
1221
4119
1794
1769
1769
1765
2133
2585
2857
1545
1172
2594
2512
1381
882
6817
2570
1195
2133
1177
1504
3503
3336
806
3316
5333
1477
1336
569
1113
4089
2885
4752
1839
4492
3570
2862
7036
4572
2915
991
3888
1765
3951
1019
1381
2675
1431
1449
2567
2568
1351
1019
1020
2569
1176
1542
3130
5006
4959
1092
1184
2558
3617
2100
1701
2953
1766
1121
1021
3265
889
1194
1573
1696
3913
1325
2340
4870
857
3983
5650
1752
1410
1756
3970
1238
2185
2823
1979
3119
2340
3897
780
2765
5917
3509
1982
931
1080
1149
1505
2854
1418
1941
961
1247
3887
3854
1696
1167
977
3143
1400
2348
1173
2063
1865
1978
4917
1876
2518
1142
2755
2406
1268
1823
1661
1138
1206
519
1116
688
1449
880
925
534
1365
1383
1611
2093
1216
966
2133
3331
847
3379
1155
4309
1486
4777
10003
6662
3645
865
1608
2492
2032
4784
1931
1495
1274
1157
3551
1228
3880
1239
2711
4338
7544
1779
975
1131
1238
1722
6170
3123
1483
1300
1686
1647
4464
2047
5068
886
4662
1332
2754
4604
2277
2154
3644
1797
7882
1634
1427
2668
1862
1683
3555
4128
3709
1145
1162
1847
2716
2198
2514
1591
3798
1252
1126
1710
2072
906
3721
805
2340
1391
3573
3742
3578
1452
1615
3108
1650
1611
1482
2023
3716
2501
2220
2646
949
1612
2760
4374
1393
1072
9585
1689
3061
1368
1450
1279
3275
1520
3550
2123
2198
4987
2102
3522
1644
2135
2138
1258
1933
2618
680
1535
3523
1683
1454
2086
1538
3638
1272
815
2466
1945
1736
1631
3784
1855
1705
5560
2288
1754
6051
2094
2569
2854
3165
2684
785
1238
1562
2517
2558
3205
1482
3831
1790
1616
3794
1053
3374
2556
5354
783
1585
1177
2933
4980
1833
1589
3749
4545
2769
3049
3066
1782
943
1291
11678
3193
3687
1641
1470
1931
2682
863
1499
929
1925
2387
1071
2422
1646
1481
879
2152
1105
2578
1326
1309
664
3013
3899
992
3081
3965
1977
1575
1594
1971
2091
6625
1305
1066
1206
5425
4324
901
1495
2053
1212
1971
466
1772
12680
3205
1802
3734
1651
2097
1623
3183
3127
2832
2213
968
2359
7676
927
4900
4119
878
2042
1725
1748
2207
2482
1066
1791
1073
2576
2141
2373
752
7150
1310
4169
967
930
6501
1513
1696
1421
2387
4750
3047
719
1930
583
1907
973
1346
3691
917
1765
1266
2527
787
2422
2208
2724
3411
5002
1007
1204
2326
6500
3738
2022
2891
1141
4538
7748
2710
2661
3287
1220
1564
1402
1175
1559
1073
2311
1310
4685
1360
2058
1889
1713
1805
4611
3414
6024
824
1696
2021
1153
1391
805
2325
808
1575
3316
1586
2389
1255
3083
7337
2771
5042
1235
1491
2634
1699
2275
1117
1165
1391
1723
1085
2720
1426
1847
2082
3019
1700
812
1243
4333
9533
1754
1831
2479
3139
7286
1730
717
2197
5707
2318
3172
2226
3987
1153
4288
1591
1564
1398
2209
1275
1187
1363
2817
1428
2533
655
2862
1901
1280
4122
2187
3471
3734
3957
2198
2332
1721
1113
1624
3143
3133
1625
2064
1530
1109
1941
1561
4336
6218
768
1660
3012
2034
2177
8650
5396
1500
2396
1190
3645
7291
2807
845
1327
1680
1775
4563
967
3194
1614
4841
2111
1237
1843
4862
2285
2098
4351
1363
2334
787
1590
2804
4697
2955
1586
3307
4417
667
2948
1706
2426
3853
2141
1796
1694
3584
1402
4859
2897
1236
2386
1158
3397
2231
1538
2225
1064
1946
1609
518
1604
1525
3158
3680
1369
1959
854
1599
2008
1641
1262
2768
3406
1414
940
2667
1404
2864
1038
1326
1020
1358
1624
1455
1998
1245
2773
1265
1685
2580
1080
4688
1315
2952
2772
4317
2184
727
1311
2055
2676
3162
2078
1003
8629
5018
5852
4643
1891
3704
2008
2519
1084
9080
877
1836
1113
3438
3060
6647
1409
1542
974
2477
3080
1583
1138
1761
2940
1790
1707
1979
1726
1170
1171
3399
1602
1132
4071
1595
1081
1253
3518
3076
1950
2250
5761
1615
8761
7787
2112
3130
1816
1590
778
2000
2236
2949
3074
980
1134
1228
1537
3655
3870
3293
2324
3610
1955
2313
866
3253
1694
1123
1469
5998
3689
2204
4825
2028
1286
1907
2329
3498
942
2069
3810
2233
13850
1802
1342
1247
1505
3198
1567
1260
6981
983
4393
845
889
4266
1295
2066
1904
2118
10249
1415
7105
1641
2845
2019
2966
2731
4916
1601
4590
1993
3540
993
3603
1984
4160
1384
4138
2377
1151
2828
2655
1961
4226
1279
1454
1201
2318
4307
2248
9367
1136
4022
2773
1270
3053
3367
2745
2879
716
1065
1217
6225
3039
2171
2555
4081
3233
15905
6606
3034
530
1400
2042
2158
1307
12527
782
3077
1310
1079
2020
3500
719
2913
4479
3400
1961
873
3124
4826
1563
2078
1473
2363
12818
4941
976
2939
5277
3591
3454
3149
4569
1051
1078
6431
2225
2484
6576
1006
3343
1709
3940
1333
1408
1355
840
1379
4948
2046
1486
2721
899
1305
687
1387
2423
860
1681
1918
1657
1589
2579
2093
3703
1475
3995
1148
2042
2304
6145
744
2023
4779
2537
2067
6469
2165
1627
3576
1777
4862
987
1190
2944
1529
1203
801
966
1008
627
2320
2668
3369
3241
596
1384
3910
3456
1329
3113
655
3179
1092
5997
688
2950
2045
2279
1349
3477
1472
1029
3543
1369
3583
2901
2011
1893
1200
2662
1664
1829
4989
1949
4348
2024
5230
3224
2846
2126
2121
3448
2432
1848
1014
6369
2837
1359
2899
1685
843
1053
1477
3439
3952
1284
949
1226
1989
4014
1702
878
1884
3184
2595
2463
2364
3590
1644
3798
2499
3290
3927
763
3174
3933
1251
1953
2495
2058
2812
977
2390
1186
1406
1534
3284
1327
1918
4894
1413
1827
2124
1842
1759
2731
1968
3862
1193
1018
1475
2710
1854
3332
1487
4752
2856
1616
1232
1435
1042
1341
4731
1436
1400
1696
2230
2123
1569
2257
1206
1404
1381
972
1255
9435
7895
1718
1242
985
805
2195
1627
1188
4497
2102
1328
1457
1186
6305
3552
7808
3299
1266
1280
1146
1832
1797
3960
1878
1400
1013
790
2948
2934
913
1778
1842
1299
1462
6803
1542
1871
1852
3516
1359
1936
2106
3755
1167
1073
3078
3073
6106
1144
1687
2207
1767
3612
2572
2356
3154
1594
2539
1100
977
1367
875
4198
3029
1356
1355
1576
2490
1916
4325
3605
881
5483
2337
2833
1956
5266
2690
4515
3831
1955
1861
1234
811
1834
1390
1871
1562
2587
1996
2091
3248
2595
6323
3922
3298
2189
1468
3360
4384
3714
4759
13335
1488
5929
2529
4150
2139
6261
3619
1088
1955
1946
1062
4156
927
4807
4302
2896
3178
2667
2984
3084
4614
3094
1994
842
4385
4495
4392
1786
1374
2276
2509
2129
1249
2575
1292
1263
1613
2797
1426
1803
2667
1522
1192
3581
1230
2546
1222
2336
1418
1199
4596
865
2290
1397
2416
1687
2760
1118
911
1512
3742
3374
2999
1156
2207
2388
1456
2088
2014
2821
3833
3441
763
3001
4373
2374
1108
4465
810
3866
1200
3324
1145
2470
1250
4885
2815
1826
2797
1252
4801
1192
1626
3041
974
3224
2499
1551
7636
7665
1681
1234
752
2778
4407
1476
2465
2656
1276
832
956
3846
3737
1359
1237
1003
2638
2882
1782
1711
2619
1175
2555
1237
3691
2928
4546
2224
2385
1636
3726
1284
1525
1370
6276
3518
1156
939
850
1384
3024
1421
2846
2077
3167
1618
3457
1973
1927
1646
2779
2221
6031
1513
2261
3586
1535
1729
1638
1995
3197
3328
1231
2334
1220
977
1821
1399
1714
2394
2101
1413
2411
1715
3502
3982
2264
5355
3335
972
1673
1254
4089
2017
2518
1515
1441
1557
1860
5533
1749
1330
1871
3843
4518
2165
3084
2392
1731
3219
1992
3528
1313
3533
1153
3842
2800
1300
1408
5728
3004
1049
661
3545
1423
1694
3873
3144
1641
2944
1281
3371
2666
919
1519
11418
2992
1752
3026
1534
8451
2802
1816
1914
6309
844
2306
3589
4848
3192
3146
801
897
8441
1769
1460
7862
6393
836
3712
1744
2392
2094
2178
5420
1437
840
5367
3435
1198
18169
1272
4883
3287
3729
1490
1925
1676
5927
2454
1479
1305
1843
1870
2574
2171
3845
1209
1930
1194
2034
1562
1977
2794
856
3358
3324
1534
3512
2044
1540
948
916
2635
3524
1671
1913
3279
5480
3807
1906
954
6409
5325
2192
2427
1964
3389
3022
1237
2080
2515
821
860
1108
1236
1566
1402
911
4237
2654
2951
5679
2329
3536
2922
1470
5528
2072
987
3413
966
3323
3209
1498
1668
2796
1857
2231
2748
5066
3413
1299
1828
2883
3855
1458
1408
2057
1409
10476
1165
1709
8973
1770
970
5735
2179
2162
1833
2660
2325
3632
1679
3326
1678
833
4551
963
3208
3031
1239
1669
777
1412
5138
3022
4037
2384
3167
2320
4576
2454
4847
1726
1497
1963
4344
645
1795
1858
2524
1263
3617
850
2930
2988
2449
994
1421
5558
1818
1998
1164
1887
2082
1126
1398
3666
1353
4215
2451
1786
1863
1936
2282
1586
1266
1145
2135
937
3729
1299
3025
615
1471
2721
3134
2230
846
989
1860
2104
3368
3573
1512
4915
1091
4855
2716
2885
2307
6111
3103
3847
1274
892
2130
3752
2231
1072
4408
794
1558
3903
2393
1405
897
3971
1439
945
5360
3790
1164
872
5328
13518
6170
2081
2591
2080
1142
3126
4145
1071
671
4219
1271
991
3454
804
988
5995
2418
1811
3170
1269
2970
2627
1358
1686
2053
736
2158
3100
5225
1388
709
3218
2880
1133
937
3167
1861
2183
1253
2281
3582
2705
1572
1934
5741
1644
1304
843
859
1332
5443
1316
2146
1712
2847
1506
6714
2020
1104
1992
1494
675
2423
989
1935
1771
1125
1218
3843
851
848
1352
1340
2031
1143
6075
2703
1075
8995
2257
2442
2201
947
2216
7552
6484
15401
1424
1229
2682
1950
1807
943
2932
1477
730
1114
2127
1689
1941
2211
2658
2823
2715
9987
1104
1772
4832
3580
983
1636
2316
1472
911
2411
5173
1260
2686
1480
1394
4742
1990
2556
1693
2514
1714
1662
2107
3472
1830
2733
2976
1097
3845
769
1485
891
5169
1710
2045
858
1381
839
1372
2808
1817
1695
5937
3315
2343
4227
4243
1427
3220
1220
2314
1426
1141
3876
6835
827
1518
1014
3129
2253
1398
4043
1028
5115
1909
2253
3718
2342
995
3596
865
1945
1566
1151
1039
1245
1760
4957
1386
1439
2927
2116
1157
1967
749
1352
4594
3554
1618
1179
2597
1765
981
2094
3955
5329
3261
3684
1166
2208
3748
11426
3229
1251
3582
1272
1382
1511
1158
4368
1508
2637
5377
1830
2518
4819
1421
5308
3310
3228
1791
3763
9714
2874
1611
3278
2533
2714
4386
2784
2284
1118
1109
2071
3509
3945
1701
1286
883
2163
2300
4362
4187
1238
2262
1311
2426
3873
974
1786
2468
1516
6003
3121
15056
2273
624
3861
997
7502
1555
2037
2321
938
2903
1449
1319
1728
1607
2527
1747
3539
3280
1099
1735
2207
1495
965
1943
983
6073
1350
1231
1170
1702
3027
2078
1533
2209
3973
4528
4336
2508
1910
3208
5170
1956
3707
1635
2666
2889
3032
1605
1736
1549
3154
3549
2475
1943
4113
3681
898
2065
660
1054
2848
1584
1951
1362
1396
1523
4831
813
2612
1172
1425
773
1266
4717
2929
1118
1389
3955
3165
4251
2762
2737
3024
4805
8448
4360
2224
3109
10045
1202
1155
2779
898
1079
1471
1361
1006
2332
3503
4878
2470
1574
2268
2393
3987
2386
2856
1507
1650
1671
2705
1021
5170
3186
1485
925
1534
1159
4972
912
7003
1282
825
2399
1351
1480
3453
1407
2342
1378
945
1110
1858
1682
1771
3433
4252
2129
1871
902
3942
5591
3535
3860
1199
2055
4956
2412
1711
1554
1172
875
1551
2424
2469
7110
1566
2091
1302
4899
1732
3134
4521
854
1024
4299
2009
3028
1621
1097
1618
1688
2285
3455
1674
1823
2967
2128
2426
776
2034
1433
917
5003
4844
10450
1936
1661
2934
1192
1504
1530
5581
2119
2259
2047
1705
3543
1789
1101
783
1931
1120
2128
4041
3356
7325
2143
1416
1819
1574
1172
683
6163
770
2097
1720
2161
1226
4527
783
3820
925
1426
2507
2099
1543
2034
1210
3695
2117
2081
2168
1528
3643
2554
2344
5245
2824
2336
2117
3055
3208
4570
931
3412
1574
1510
3377
3188
1216
1444
3524
3182
3875
2049
2079
3873
1494
2132
7047
5363
4269
2255
1673
1991
1628
3491
1896
3525
1887
1431
1024
804
6480
679
4260
1591
1480
1545
3955
964
950
1928
2920
4810
1935
2925
873
3002
985
1660
3401
2251
3217
936
876
874
1722
1648
6047
5047
2778
2263
3087
3237
1274
3476
787
4269
1697
2337
3400
1445
4154
2170
667
1064
2232
2438
2654
879
1343
1893
2670
12088
2747
1811
732
5474
1529
3273
4469
1039
1179
1295
1117
4238
3285
979
12066
1408
1468
3693
1578
5180
4551
1966
2007
2368
2436
3297
1605
1161
1940
4688
1664
4759
1762
1054
1545
644
5681
2762
2179
3120
966
2026
910
1834
872
4111
2428
1101
2951
1204
918
2140
4111
8371
1513
1285
788
1918
5674
1360
4986
2878
5068
2808
4146
1220
1633
2080
3917
2432
9948
1373
1665
1467
2115
3032
1012
1871
2704
3994
2592
17278
5874
2094
920
1886
1231
2402
2351
8745
3598
3058
1598
2856
1513
1353
1119
15675
1062
2021
710
1996
1565
3055
4149
1894
1340
2343
3169
4710
1561
1791
1644
4181
1225
3332
2387
3050
5478
1579
932
908
6539
2311
837
1300
2644
1395
2358
1023
3922
1175
9419
2393
1884
1674
2075
2580
3012
875
2614
2951
2113
1247
4704
3145
2235
3754
808
3126
4808
1092
1946
4249
2681
1532
1321
1470
2838
2383
1014
2605
4644
2015
8245
1213
2689
716
2029
6001
1763
2283
1397
2427
3250
1158
4037
4363
2567
2730
2501
3560
1138
1678
3721
3033
1595
747
1220
1541
5508
9730
1874
2678
3239
1602
2716
2474
1679
1079
1037
1477
1688
1665
1021
2663
1742
999
1387
1918
1459
2096
2209
1713
1413
2528
2005
6750
3248
1953
4611
1611
3887
1422
1144
4401
1211
10736
1269
1131
2036
685
1103
3420
6018
2520
1880
3700
3043
869
1683
1729
4956
1217
1698
1798
1896
2948
2778
931
870
9395
7587
2293
1247
2373
2096
1688
2112
1804
1393
4167
1826
2002
6892
1696
1471
1660
1488
2425
3378
2462
1808
2098
954
956
2141
1860
1099
1546
1739
7514
5762
2753
1451
7818
3182
987
482
3362
2961
1463
6309
1185
3169
1356
1821
3918
1498
3704
4778
2488
3379
2561
1756
1654
2276
2113
1017
1554
2715
1448
1591
822
2850
1310
1039
1921
1248
2445
1025
2001
3324
2778
1583
867
1565
2298
1149
846
2999
2276
1991
1602
2949
3518
1434
2017
1488
2931
923
2132
1064
1491
4145
1389
3489
2771
1950
1894
3573
1882
3636
986
1212
1197
802
3608
2792
2712
3409
1761
1906
1784
4101
1869
2805
918
1928
2352
2011
1607
1132
1403
916
10629
781
2327
2169
1359
1094
1979
2060
2044
1981
1317
1090
3594
1212
1540
2394
8422
1430
1166
3206
2772
2357
2745
2390
850
2112
3537
3790
1285
2195
4816
3553
4253
4515
2671
6128
2885
1391
10906
1997
2212
2275
3712
2352
1935
601
2380
1986
2100
3961
2783
2180
2942
2322
1702
1011
2180
3742
2756
925
2985
2001
1420
1615
3727
2834
4192
1193
4950
1242
1663
4998
1254
4246
4627
563
1126
3138
1350
3054
663
1557
1975
1915
2058
5258
2744
5589
1709
1596
3187
3849
1984
3050
1617
2202
1833
1163
3045
1915
2557
1699
937
1119
2354
1128
1225
1894
899
1089
4961
1894
3529
3766
1196
2321
2055
1342
1260
1483
1413
6513
1788
2942
2511
5263
2693
3261
2633
719
1542
2255
1805
2637
2787
2947
1490
1149
875
1776
1601
1218
916
2792
1964
4030
1085
2645
2734
1476
565
1535
11614
1554
2395
2019
2065
3841
914
1249
2478
2356
2190
2462
2293
4279
3282
1133
3984
3422
1328
2101
1247
1602
2796
4242
6556
1634
3914
2420
2752
2759
1661
1785
1512
4091
5014
1774
4437
2857
1064
1381
1976
2717
4874
1769
1581
4014
1038
1173
6018
2560
4101
1189
426
826
2844
2134
7880
3691
1014
1809
1565
2831
2192
3470
3187
1383
2432
1710
1568
4169
2380
4386
2954
1548
1524
1391
2053
1671
1951
1587
2862
1735
1966
1244
6495
3742
1226
1308
1095
951
2011
2074
1705
1923
1224
979
2258
3342
2839
976
4503
1124
3639
1458
2701
1444
1751
3754
1142
2007
769
7478
958
4091
4735
2665
1082
5620
1304
3197
624
719
3131
2311
4332
2381
2312
1578
1037
2482
813
1408
1001
1082
3993
1750
4170
5980
3480
1312
912
2107
1925
1527
1762
3586
1120
4034
1869
877
943
3398
1503
983
2890
1024
6376
1419
1393
3215
1586
762
800
2003
3409
1684
6438
1256
2783
2687
1281
1939
1250
1716
1486
905
3305
914
2746
695
2972
4536
2885
4903
2826
894
3441
5862
3579
1758
2677
3658
4811
3799
4781
1609
905
1801
2773
4289
997
3150
754
3175
1901
1103
776
2145
4654
7701
1024
962
1283
1405
1257
1556
1119
2202
1406
716
2212
1436
2642
2328
2640
2143
1620
2793
1013
3204
978
2426
1516
873
1109
2823
793
1986
2586
2917
1716
2737
964
4017
4741
4078
3365
1632
941
3304
1899
6014
1949
4069
2039
2436
1430
714
2534
2008
2188
2011
2026
2345
845
1831
1564
983
2001
1301
2269
1680
2557
4039
1807
4848
1078
1746
1196
1452
3144
1338
4069
3576
1646
1762
1725
1434
804
3034
1699
1093
5153
1483
2044
2304
2160
1644
2478
3592
1553
2708
1609
3603
3189
1327
1599
3936
1897
3116
2339
1922
1384
2418
3691
3073
4498
1746
2458
1676
7724
929
1831
2573
4153
3847
4400
1129
2166
924
7192
5060
1523
1784
2784
3536
1521
2373
4283
1818
1177
1174
937
1702
5152
1793
1563
996
4917
1526
1004
1007
1917
1675
1931
3221
1669
2310
1730
3061
1585
531
1209
2302
1927
2292
2695
2005
2540
1662
963
3852
1066
2681
1900
2020
5229
3434
875
6476
1498
1709
1270
5532
3323
2259
1580
1634
1593
5366
1257
2573
1703
3064
4789
1656
15901
2521
1682
2972
2866
1057
1153
1249
2939
1524
2296
1491
2341
1982
1285
3235
932
3206
1067
1113
1714
2656
1227
2655
5452
4955
6186
2515
884
1299
1711
6059
2585
1731
1735
1811
1020
1597
1564
2297
5965
2597
943
2094
970
633
2137
869
1036
1256
3866
2129
2144
1815
3720
4511
2475
3211
1804
1683
1058
1256
2966
4489
2279
1558
1628
3257
2368
1471
3162
7589
1540
2123
2148
3354
801
1396
1006
3719
1758
5882
1054
1654
2154
938
1053
2587
1305
1451
2222
2532
3228
2373
1278
6600
2573
3606
1443
3075
726
713
1578
3154
2384
6035
1098
2474
1049
3099
1947
1456
2933
5509
552
1603
1215
575
2074
2886
4059
2142
2863
3517
3881
5045
1079
3544
3983
6145
2326
1219
1062
1630
1951
2717
1964
2239
1485
2280
3900
2192
1057
3452
1139
871
4759
1478
2619
1312
2583
7125
2133
2434
7632
3242
1236
1461
3678
1210
6000
5639
2031
1515
1327
2026
1479
3833
1656
2475
7122
1683
1847
2922
902
3380
2727
2279
1285
1688
772
2979
1995
6820
1183
1308
9008
3360
990
1730
935
1281
1024
1337
3372
905
2402
2203
1985
9147
1253
1918
2467
2728
1148
1396
4068
5120
1686
1405
1775
2272
896
5273
892
1819
3082
868
1772
3297
1872
740
960
5536
2840
1545
2371
2023
3609
5540
4445
1577
4648
1273
2746
1655
1336
5503
4528
2295
1174
2419
1591
4845
3865
5133
7461
3376
3990
7267
1008
2076
1162
9013
987
4532
2200
3023
1072
1469
1756
4110
1283
1507
1167
1946
1521
1322
3261
773
14552
1115
4138
3783
2722
1847
1414
1456
1206
6903
2606
1375
2999
1510
3106
1553
1766
1870
1265
1604
1592
2074
1680
3284
3484
3767
1483
2024
1457
2948
1639
2898
1136
2983
1664
1706
9306
2860
1587
1154
2083
1885
1460
2405
1660
3061
1874
3179
4035
2156
970
1154
1679
1029
1718
3664
2018
3655
2450
2781
2361
2276
1752
1404
2643
4821
1888
2996
2574
2720
1336
3995
777
1093
6719
1783
2037
963
1147
781
3761
4298
4307
1489
2514
2317
1095
1895
1035
1032
1879
9117
3148
2796
2095
2814
2033
3665
2733
3445
2282
3290
772
3031
4583
3785
2181
1157
1459
7688
2360
2031
1258
6216
2883
2214
1388
1997
2327
3364
1460
1264
1268
2137
2152
2690
878
3982
2421
5180
6392
5059
2935
1502
1036
4619
4577
3192
2280
3787
2335
1864
2255
1611
3596
1493
1444
2764
4254
2486
1135
1058
1474
3377
1574
5154
852
2935
806
1260
2384
8968
2043
2224
1137
3086
2065
2098
1072
1564
4215
1485
5206
4828
6531
2018
1790
7024
1046
5986
803
1194
2451
612
843
3757
907
1862
2256
1957
1630
782
1510
7035
6794
827
3541
1820
1607
1623
976
1646
3158
2515
2213
2879
1695
3201
1463
3539
2502
1475
2559
1613
1592
2497
1077
1218
2234
3795
1541
2954
1324
1545
1044
1995
2988
1438
1694
1896
1271
1315
2341
2736
1034
1967
1615
5916
2977
3729
1296
4755
1058
812
4194
3807
1600
1297
773
658
3160
2406
3482
2076
1174
1492
4387
2152
1090
1559
2194
1456
1473
2621
1004
4856
1995
1703
1148
2606
1380
2863
1666
1747
1903
10280
1211
5383
1724
799
1250
1802
1535
3564
1242
2025
2456
1861
1730
2813
599
1908
3313
3393
1835
2177
12596
9294
1232
2552
806
1441
4026
950
1310
3907
1395
1319
1007
2717
1009
2374
2180
2940
2658
1133
1908
3125
886
1692
1897
746
3924
1512
3213
1567
1368
8734
1433
4889
834
1705
2373
2950
1799
1198
1727
1170
3427
3778
2743
1369
2429
974
1552
3423
4117
1577
3460
3651
3730
1531
1681
7848
1469
1257
3648
2485
3694
1791
3642
3301
1776
4679
5371
2113
2745
2239
3349
1748
973
3122
6001
1597
3246
1543
2784
4425
1401
1701
1448
4713
1746
1352
2059
3129
850
5411
1198
3066
5550
10670
2551
2339
1220
1615
1931
4798
1264
2481
2308
5082
900
2842
1786
2636
2258
3692
3085
1434
833
2198
2782
13938
1929
1704
1337
4011
2811
1602
2110
4748
5611
3506
1499
4865
1659
2772
5614
2276
1654
1232
2594
2536
1831
3102
1103
1758
1486
1048
1232
1714
834
2408
2735
1667
1067
1991
1090
4398
1062
1474
3251
2190
2410
906
3162
3627
2864
5187
4416
1202
3266
1714
1623
4367
693
2314
1745
2513
2051
2740
2387
5886
1298
1944
1862
4535
1389
1761
1111
6247
3434
3095
1662
2075
1213
1205
1252
1198
4831
1125
2558
1742
4770
3013
1037
2478
1312
1975
3474
18291
1783
1578
1747
3963
3421
1079
2935
1897
2726
1238
1145
3219
2255
1871
4897
3249
1243
1059
864
2360
1805
1517
1410
2891
5413
825
2348
4294
1004
1861
2989
2658
1420
1748
1365
3021
2590
1651
1551
1808
1698
996
1558
2983
1812
4186
2444
1722
4740
2743
6790
4756
2335
923
