1 242
2 375
3 498
4 507
5 383
6 388
7 300
8 275
9 234
10 190
11 131
12 112
13 130
14 136
15 103
16 77
17 75
18 60
19 46
20 54
21 56
22 36
23 34
24 26
25 23
26 20
27 28
28 9
29 42
30 16
31 16
32 16
33 13
34 18
35 16
36 14
37 6
38 7
39 7
40 10
41 7
42 2
43 5
44 7
45 10
46 9
47 5
48 12
49 2
50 7
51 5
52 6
53 1
55 2
56 3
57 6
58 2
59 1
60 6
61 1
62 3
63 8
64 2
65 3
67 3
68 1
69 3
70 1
71 2
72 1
73 1
74 1
75 1
76 1
77 2
78 1
79 1
80 2
81 6
83 1
84 2
85 1
87 1
91 2
92 5
93 2
98 1
102 1
106 3
112 3
114 1
116 1
117 1
119 3
120 1
129 1
144 1
148 1
149 1
160 1
188 1
219 1
235 1
239 1
314 1
373 1
453 1
568 1
732 1
