812
2669
1313
906
1125
1562
1049
1640
1791
2755
3234
2859
7958
924
1230
1625
1792
3389
1698
2212
1855
1168
7472
3649
1167
2578
2940
1358
1227
16972
3994
3967
3187
2635
1906
6490
1789
1591
2211
566
957
907
1315
3686
2944
1864
1533
450
1284
4034
1684
1423
791
1139
906
1239
1266
666
2657
3819
2975
2727
606
2201
2266
1459
450
1019
1807
2525
3707
1207
2318
3248
10629
1579
9891
1996
1694
1276
8064
3782
1421
945
2119
924
471
1584
3120
1083
2573
647
1962
3232
1142
1344
1144
5652
1201
872
1395
1130
1937
873
845
873
926
2639
1409
6547
799
1829
594
891
1806
1003
1696
3761
1908
969
2639
647
1446
966
2201
982
2686
934
1993
2456
3238
1105
2807
3202
2404
4875
11063
1023
1107
2062
5990
6280
4199
3781
1311
2694
893
1898
2599
2102
2025
1305
2005
1874
2671
4656
1664
1657
2685
2356
3907
4849
6495
1669
10878
3747
1041
2735
825
3726
1657
968
934
2261
5894
1906
1021
2702
2721
1962
495
1794
633
1705
2785
1322
1398
3536
871
1005
2157
4173
1268
636
1759
724
2117
2040
1926
726
1146
3808
886
511
714
605
11274
2126
22208
1117
2138
1287
1911
989
1452
988
1468
1084
623
750
2051
3728
1909
1395
976
931
1146
1096
2053
781
1092
4752
4637
1195
1503
1215
6390
4158
859
2185
3653
1067
3648
2569
6258
646
477
1695
1594
2640
7590
3117
1321
1561
3114
633
2974
3963
2630
2134
4352
3554
5748
1484
6348
669
664
1339
3802
960
874
6265
615
2716
539
3906
5140
2610
2104
948
4867
2482
1292
1267
1809
1565
1015
3884
1467
2171
1680
1142
958
4128
1856
1152
908
1420
1726
1894
1307
879
1416
793
923
1602
5927
1114
1279
1386
2621
1235
944
5362
552
1523
7710
1220
2395
789
930
603
1646
2456
1249
4527
1146
1987
1046
4877
2956
816
1873
1460
1963
6264
3432
1012
962
15362
2616
1534
2639
1707
3506
2460
2708
3893
1055
1081
1631
2454
2893
1648
1940
994
1090
1317
1129
1269
892
1639
1555
1842
1490
2292
2816
3244
1888
1202
1119
997
2255
1127
701
1049
1098
768
1598
1260
5214
1090
1618
1322
4094
3050
4359
574
2978
3683
1482
6512
3086
1358
1012
1215
1909
700
1525
5165
1570
1030
1146
1946
2512
818
3744
3259
1053
1460
2300
781
1092
679
2474
1112
2885
1999
2312
5037
2479
2578
1877
981
1346
1669
2084
1411
1754
2796
2508
521
3698
2546
679
800
2002
822
908
633
2718
1330
1645
2004
1531
7046
1022
1374
566
1609
4495
1070
1217
1739
2728
661
1009
745
4063
1094
1871
1495
1375
6421
2887
818
2944
1093
1378
1684
3046
2552
4549
1421
497
824
1099
1737
2238
853
1903
1136
808
6108
4815
3419
2200
657
1334
1963
1647
914
1466
2551
889
4217
694
853
1658
1388
3298
911
1145
953
2849
6303
3692
2994
1587
684
1434
3754
3442
5579
938
1661
1532
2912
679
1010
898
1091
2316
3784
7017
2884
1298
879
2001
1690
1160
1375
581
687
1766
870
1420
2942
1725
2916
595
2247
2422
713
2619
1100
799
3963
1091
1194
2207
4338
1443
1144
472
2161
2332
2529
601
3820
741
1229
6026
717
676
713
1165
1679
819
1941
2572
1633
3616
1456
2336
1371
2193
1991
1140
1195
7395
1150
2943
1400
1061
1617
1907
856
1745
2511
1265
1926
4591
1995
1165
1931
888
2814
1199
1818
1273
2305
724
721
1987
1647
1902
1348
2289
1492
1118
1584
1462
1291
883
3040
2202
1480
8134
1884
927
946
2197
596
2203
2545
1808
2108
1070
4588
5891
782
9199
1001
1205
3318
1821
2248
732
2460
2482
1043
2070
3667
3856
2891
3375
2314
2107
1081
630
1015
2131
3047
1147
2722
1150
3696
1026
1502
670
1259
1815
2199
2142
2018
1821
2200
2176
1030
872
1024
5752
900
2837
1544
2582
5405
1766
1380
1242
815
3363
2794
4459
1351
678
949
878
1385
1111
1170
1278
1811
2059
4009
4970
1467
2767
1450
1362
1243
765
1436
2392
1103
1478
1460
1299
1665
817
2070
4925
2637
3038
2174
2582
894
1236
633
3213
19522
1232
2396
1238
714
3884
2832
2436
1155
4898
2132
1187
1087
2665
1145
623
2858
2434
969
1436
6937
2539
1686
2057
1388
1206
1912
3286
3517
5440
4549
1543
2414
1468
1814
1642
3196
1034
884
999
1298
1653
3251
1524
2278
1264
1337
1785
1539
678
809
1718
1071
1472
15127
1250
1262
1411
721
3641
969
2369
1227
1175
743
1463
1009
3664
1353
1194
2426
839
1079
4848
748
733
5126
2600
1100
1799
1129
1203
1219
804
1025
1167
2221
3329
1296
1968
2492
2216
1031
1953
1508
1206
2513
2423
898
692
1126
6635
797
1612
2413
7356
828
11462
1347
3796
921
9745
2086
2203
134119
790
4592
1102
1582
879
6494
3405
1341
764
1564
773
5669
5487
2362
1544
1568
1061
1867
3535
1960
2244
609
1373
660
2050
829
2269
1130
862
793
4733
682
684
2176
1802
832
1377
5696
2122
2243
2938
4963
905
685
1017
1420
7616
142837
3289
1033
910
3743
642
1108
3990
2186
6120
3906
1917
824
7008
1426
3701
8115
2380
4508
3189
1131
1228
1231
1937
2146
2141
1435
1123
1422
1855
2550
1994
1091
980
911
949
2681
1041
1706
2747
1718
3247
6315
1231
3548
1444
843
1712
782
1842
3419
767
687
926
2635
1464
833
1308
1532
1351
4182
1305
1478
2298
1865
1948
625
923
1614
1812
1138
2325
1668
1581
3369
1995
1920
7919
1213
683
1302
11265
999
1780
942
961
798
3724
923
1143
1761
3701
2901
6411
878
865
2903
3063
1629
1164
1408
8029
1371
1486
392
3217
1256
6522
2203
933
654
1512
20077
2805
2750
2354
2480
1325
2116
1941
994
1342
2880
2275
2955
1477
821
1201
1215
873
1318
3273
1055
1629
833
2936
1219
1542
2092
1588
1235
1268
2674
1378
1271
1949
1381
1944
705
1171
905
908
2544
1123
1903
621
871
777
3320
1222
2144
790
2609
1139
2394
986
1138
3965
1127
1073
1486
2465
936
1364
1858
1528
1802
1379
979
1504
1476
1588
2070
1932
984
1448
1838
1748
2696
3070
2037
1049
1678
2061
1398
3257
1681
5065
4260
6706
2631
3377
2238
1018
759
1902
2151
3172
718
1108
3713
1339
3325
1290
1389
3347
848
10892
1452
1449
2631
3496
1131
3179
821
692
1123
1258
1127
1085
1017
1392
1634
858
787
2643
3101
3107
1032
1342
1561
4217
964
1758
973
1726
2046
2685
2642
17190
11681
2068
2858
3647
1424
9044
1669
1868
1957
764
2634
1883
4081
142626
1387
1015
783
845
1052
6462
1339
873
4229
704
2471
866
1689
1042
1173
3587
1615
7410
983
1205
875
918
1526
1302
709
1641
725
1221
861
680
1699
1311
3001
815
859
5431
2556
2210
1522
6530
2351
1791
2839
2157
1956
1183
3450
3720
1003
1237
1411
1121
621
1802
2175
1370
1910
2412
2417
1100
815
2746
1514
1148
2326
9414
996
1255
966
1719
935
1246
1197
1162
3168
1599
4212
723
1309
1164
1156
13430
4696
1326
18679
3589
1288
1575
980
815
746
1376
987
557
798
2588
1004
1243
1281
868
1066
2011
1843
651
2246
1230
1631
1160
1920
1436
787
2838
3167
1740
593
1779
3069
955
708
3478
2337
1300
1301
2859
8923
2415
2688
1474
1486
4916
1532
1262
798
4032
828
2561
7653
2457
835
1239
2729
808
6527
3293
1034
8424
1878
4107
1481
1300
2322
2655
2153
1067
2531
2113
2988
802
7008
4776
3180
3624
1616
742
3495
1256
1150
2458
1605
1942
1991
1153
1515
3289
1280
2020
1509
1050
2678
773
3185
991
1131
3449
1351
955
4600
4007
913
2906
3528
1084
3512
1021
1371
667
1976
1598
17609
3065
1857
1308
1304
1120
2791
2021
1458
1809
2382
1775
3572
2435
2362
1900
3493
4409
1219
1683
1031
1997
1518
879
6464
1151
1058
1070
894
587
1101
1863
4066
4527
3086
823
1875
2073
2806
989
1453
1837
709
2405
2557
4594
731
609
914
1406
1870
2157
4163
6357
2129
1595
2021
8275
2218
5950
3386
1203
1681
906
429
1542
1175
3162
848
2493
1662
1707
1326
1306
1082
551
3224
484
1011
3912
2201
4729
872
1744
1082
3486
4773
5350
1517
3440
1152
3365
640
1254
2915
870
1022
1337
713
1459
1046
626
1423
1025
775
1150
4135
1131
2921
1710
1752
834
726
2310
3600
1224
1450
4575
911
4000
1300
3969
1723
619
3962
1335
5169
1580
4645
1683
3624
1460
1302
856
952
722
1878
2905
4114
1410
1025
1289
719
1667
2641
1517
2259
2330
1103
869
908
3271
2297
5900
534
906
888
1477
1556
1050
2208
1594
2082
1595
549
1986
1733
878
5006
2007
1554
1650
3597
1315
4447
844
961
1793
2441
3026
860
3913
880
2257
2492
700
1879
5393
1450
1315
962
1246
1023
1263
3163
717
1328
2505
1436
1232
2589
782
855
1025
947
1225
798
610
1685
2896
885
1344
1076
2204
1079
2763
3869
945
1702
916
1319
1070
3524
4369
991
2053
8234
1262
742
3242
4410
1172
739
1432
868
1370
2562
843
1684
1622
1284
1949
1427
429
972
2502
1405
1252
1814
2473
2164
1722
704
676
753
2333
634
2497
3389
795
974
975
2037
3609
1128
3492
542
922
2055
1516
10338
1946
1005
1065
2473
647
956
1791
591
1290
4357
804
2445
733
1806
767
2875
1726
1272
2154
875
1843
2276
1431
683
1126
890
1130
1149
1107
2178
1491
1077
1358
2287
2127
4430
1479
866
808
4498
4630
1214
2503
3663
6472
4734
1000
2174
2581
1492
8284
1789
1565
881
4239
823
3599
739
1451
601
993
1292
2138
25424
2510
1223
2754
670
1303
1627
1330
673
842
2002
1036
1659
9253
2892
6239
1496
1567
569
2773
2247
1207
1526
1900
2262
3892
1091
1127
641
4921
1280
3548
2433
3135
3353
3094
10581
935
1390
2505
2993
1536
1881
1015
1055
804
3328
2530
2187
1338
709
2293
1545
2332
1558
1153
747
1021
2330
1856
882
5216
2052
2783
1150
8912
1504
3734
1329
1453
3895
1072
1543
739
1759
786
2633
651
5564
1307
3733
591
1001
813
3545
1429
868
987
553
985
737
2401
1134
1452
1661
826
1087
689
1502
1008
875
1651
1542
2368
1513
1401
1430
3012
748
592
2419
1962
5662
1231
1029
2352
5805
1125
2299
743
1901
2893
6837
758
2175
1619
1624
2468
2889
2471
7236
1712
994
4502
1631
3521
878
1331
697
2494
1562
4163
1281
661
622
1816
2706
682
689
1305
2613
973
1102
2140
1141
1324
2178
617
1012
15515
1293
741
2077
773
1532
1945
5507
1460
1001
1316
1633
503
1089
3150
891
5214
767
1186
5369
1571
2554
2719
3794
3698
1621
981
2164
1493
2987
1928
1683
11160
1076
1739
1323
7042
1198
4112
1020
4553
1177
2392
4308
2032
3298
965
726
888
1582
9159
1903
2447
1961
998
1696
507
1609
625
2478
1645
663
2184
3341
935
1132
3686
4942
10257
1104
4006
1852
2188
633
6684
1089
1113
4329
849
633
1105
897
2887
2169
584
2186
3623
4296
4785
1667
3914
2466
1695
1308
707
1109
15963
2755
1394
2219
1503
1087
1233
3606
6366
1424
1492
2732
2110
1336
2166
858
1348
1268
1237
2035
1502
882
1767
687
1776
748
769
1063
747
7492
1204
676
1336
706
1367
2160
1483
1708
2593
2642
2514
1310
2394
1003
2587
1348
1476
1746
1425
2955
846
916
1654
1308
631
2882
6753
1672
1272
3028
1146
2092
3659
5343
1360
1414
2214
2083
794
1332
2679
843
1900
1707
1753
1285
1119
911
684
1993
2974
1614
899
5969
3888
5190
918
941
1258
1382
1717
2738
712
1652
2771
651
726
2029
1074
1729
1423
4018
2151
1231
913
984
5138
4763
1783
1176
1415
1546
3269
879
2200
1010
8562
619
2819
3399
2830
804
1546
1534
1306
1854
14495
1867
1242
5626
2463
2533
2388
2540
1055
2461
3385
1571
1742
1418
2123
3438
1522
2501
5198
2081
3141
2865
721
3694
1296
3770
853
1629
5322
1925
5028
1121
621
4590
2524
2778
851
643
1690
2308
4510
1165
2409
1769
2965
656
648
1148
1673
2082
1922
6455
1242
1724
3184
1013
1254
2646
1325
910
1894
1506
726
833
1581
1147
831
2932
1955
4003
1662
3127
1240
1198
1051
1384
1500
2954
749
1868
2429
1066
533
1697
1677
1048
890
1128
1460
1891
737
1663
2280
1031
15489
2145
1712
942
2842
2245
1246
2265
1668
2644
1161
1276
1346
1069
2475
2172
2178
838
1625
1014
5466
9696
2554
640
1918
1145
3324
883
1358
5966
7626
850
2273
2003
950
6348
3069
1751
1970
1137
1190
1177
3664
1088
1807
3286
1412
2420
718
1602
920
1172
1596
1225
1923
527
4576
1505
1194
676
851
3319
1738
983
782
802
1670
1057
3988
981
1874
3202
1503
2338
1211
1365
738
1255
1624
2203
1390
1564
2919
1066
869
2344
1298
2327
2374
1160
3950
1742
676
2822
651
1093
930
1923
1176
1452
927
665
1115
1185
5706
1496
2164
1027
1831
2171
1036
5272
1246
2861
1654
1268
1461
1483
6073
1337
1015
4880
733
2837
2768
1022
631
992
886
3266
862
13274
3902
910
803
1104
3426
3547
1508
1858
4249
816
2072
1488
873
1775
2008
531
7239
1007
920
1362
1856
513
1559
2673
2947
2940
1034
1155
1558
8484
1503
921
1062
2910
1758
3478
1388
1547
1741
1024
1122
2249
819
1241
1936
2952
1378
6196
7289
1049
2576
1119
1053
1276
558
3485
1334
1382
831
3097
3594
2656
2578
2723
1648
2336
934
2314
942
2179
1789
1334
3002
2028
883
3581
1621
2815
443
1379
830
4945
2787
1214
1809
5809
544
909
1009
733
1455
1269
654
1338
744
5595
949
2217
1106
658
788
4226
1125
1519
1839
2199
824
5789
1704
5116
2560
2017
1601
4694
2142
591
946
2009
618
1203
544
4479
3481
1172
3099
1271
4413
723
799
658
997
1249
1756
2711
912
1323
1965
15168
1535
935
4762
1934
966
1109
803
1063
2244
1481
1306
4780
2468
1721
1121
1315
3659
717
3255
840
1698
1185
2869
1230
760
4378
1176
2561
940
4253
2234
1422
4578
2695
2140
1477
2905
8905
1492
3837
4059
2336
859
5092
6800
2821
1294
1975
1360
2484
2887
2655
870
2294
1751
1069
912
996
1916
851
2969
1036
2666
1657
2139
5135
4822
2094
3874
1567
571
1624
874
923
736
2365
2761
1528
1195
10431
4416
1733
788
724
603
1302
1909
1401
1530
1481
2232
1370
1896
1055
2902
2354
1196
2083
5954
7020
7168
841
6835
7082
982
748
2995
726
1121
964
7095
2672
1954
431
3182
1784
1738
1917
6191
1136
1176
2582
935
755
1418
3209
483
4028
1935
2097
2061
1753
4270
3446
2753
2399
1219
1621
3908
1714
1675
1431
1355
1560
1004
1027
1201
2483
1206
812
1352
624
2098
3689
864
1801
1026
1634
1809
972
1065
1597
8082
1167
9041
4515
786
1213
3421
1143
811
2394
2922
2237
1842
6231
978
788
722
874
1477
1085
1425
5089
2753
821
1171
3519
1168
16103
781
1773
2909
1775
1349
4746
1362
1084
907
6080
1309
1985
3111
702
1226
2079
1733
1654
1268
1417
1361
1905
3532
8228
2208
1616
811
3552
795
855
677
2949
2883
2732
606
1542
696
1117
1057
2993
2627
2579
809
1408
1170
2112
670
1734
2414
1919
2219
886
1274
4888
680
1476
1464
4948
753
1096
792
2549
4003
2832
2326
3376
566
2003
514
829
3766
1084
2186
2329
3206
1229
1990
862
741
3375
1071
3199
2232
5480
1434
3023
1526
1564
728
3277
1805
1155
1101
1785
1551
1428
3869
4570
430
875
807
1638
1481
1346
2475
1387
2125
876
1445
1619
18421
693
3655
2885
2318
1910
2223
3470
1106
943
1960
2868
1371
1663
4320
1788
663
599
3319
2001
1145
3276
8103
1019
2129
1930
1255
2784
1070
1651
769
961
2426
843
2118
3076
1480
1170
3207
543
2356
7549
1870
726
1489
2150
1262
801
10721
1024
3662
1754
3072
1277
1179
1190
879
4489
972
3643
1564
943
3414
1020
1258
755
1649
808
2230
1049
6561
1336
1449
955
1146
2128
1220
1486
1694
821
2396
3620
1869
1332
1106
836
2419
1376
3060
1304
1240
2192
3076
6229
3923
697
2225
782
1172
2142
682
3833
2257
969
10489
1151
1240
2994
2011
7115
895
1591
4172
2380
1141
1328
2588
1275
6271
694
14136
1831
851
1431
1442
2618
1330
3377
1146
996
5268
1439
1734
465
3605
609
663
1494
2116
3115
1412
6014
1194
3755
696
1316
1816
1777
1064
1115
896
761
855
3158
1440
868
2576
772
2736
2839
4330
1513
512
1435
985
6502
1767
1255
2081
1335
713
4184
930
1487
2049
1575
1582
697
2009
943
3721
771
6340
1761
860
2414
2776
1611
1506
5349
1406
4001
1117
786
4111
1572
883
842
2679
749
3793
950
3484
744
2196
3669
5575
4230
2180
932
3892
2063
1214
1243
1533
503
1792
1599
1579
3455
709
3925
1097
1941
1938
1384
6003
1241
656
1896
1070
805
692
2528
1043
1966
712
2210
3137
5574
2495
1894
555
2679
26008
923
612
2671
1178
1578
898
14579
1280
1548
1114
2928
736
905
1314
1263
1525
1708
1721
2020
961
694
4762
3748
1219
2381
7487
2607
1734
997
789
1710
3180
2973
833
959
1993
942
3578
4424
981
1816
980
1776
1547
1620
1116
1789
1400
1643
990
794
5076
2315
2034
6936
1402
3430
1869
3475
1334
2609
1080
3873
1083
918
847
917
2123
929
2103
2790
964
3217
1040
1414
1559
5540
4356
2243
2970
1771
549
1109
1615
5621
1445
1083
1232
2992
596
914
606
1126
576
3896
3183
5304
6087
1158
4916
3264
1519
1927
1684
2205
2596
1496
3413
1754
799
1338
1873
1610
1629
473
2452
955
961
3609
1266
1156
1553
2186
3734
737
1650
701
605
1901
920
2269
2212
2440
5770
1453
1008
1352
741
831
1165
610
936
2269
757
3216
2845
1907
2209
1191
1453
2183
690
834
1459
2654
2572
765
1022
1980
804
2447
1480
2788
1323
892
1082
974
1526
1207
928
1446
1362
881
1103
1761
3930
1633
769
1168
1270
1022
1813
880
1480
862
3659
935
4284
1337
1396
2214
2199
822
3680
5189
1244
3446
2288
1201
655
2341
1378
2403
6962
3112
485
1842
1227
2173
2338
1957
1777
821
7580
917
3783
901
2740
5045
3260
1943
1582
1538
2668
1410
5032
2285
1073
4559
6508
3380
3660
1015
1846
1458
1036
1162
3560
804
5394
988
7891
3346
1403
1169
2615
2277
1584
1203
1766
1658
3421
804
2014
3925
1955
8047
737
1583
1533
1462
732
858
2526
1896
1468
1075
2025
3062
1431
1964
2416
1075
3152
2186
2352
709
2361
6716
2452
1058
1400
1605
1481
1989
810
2291
739
735
3123
21547
2979
2897
1103
1010
2185
812
1235
1768
3403
2454
3149
1318
1802
5290
1713
1643
3200
2613
4180
1882
1736
771
2938
7766
821
9643
1595
802
1167
1491
2296
2942
2809
1859
1531
1004
707
1213
778
4791
1511
909
3404
2591
2239
3717
6674
1392
1006
1965
1849
4053
863
961
4012
1030
852
891
4173
3568
2517
2499
3409
2833
2447
1228
1056
889
2168
1089
1329
6191
1102
1993
860
1003
617
3211
1394
3347
2050
2659
4339
1742
1161
1969
1996
891
3262
1956
593
783
880
1539
1637
2208
1924
1277
843
2143
6440
1988
1057
2478
763
2864
861
624
3035
1103
12244
1253
829
1177
3724
1492
1029
1456
1627
5527
2285
3680
693
3112
1206
2201
979
1055
5489
1443
1588
4143
4278
3452
1236
803
1500
1496
1011
2163
3877
919
1548
1021
3406
1476
1183
2399
1826
5020
1110
726
4975
1607
3377
971
2685
1001
1618
1331
3873
1717
756
1646
830
702
919
3124
2677
759
1517
3476
1520
641
1543
2874
1741
8330
1933
619
5088
1105
947
2042
2928
2556
769
12371
1230
1255
2228
1424
2076
2369
1403
1411
1040
888
2696
2252
2628
1135
820
1625
2215
1002
3604
3760
4536
1757
556
859
692
2594
1610
1581
2677
1182
3062
2155
648
796
2513
3203
948
1441
2843
4270
1990
1472
1643
9169
953
4980
607
4852
992
1002
2010
2572
1646
4356
1704
2197
937
1012
1925
2013
692
2852
1596
2462
972
2638
3115
6298
1716
1086
2964
2803
699
1097
778
1012
3543
3480
3727
1516
796
1811
1151
902
998
489
2106
3942
1033
968
1718
3786
1188
946
760
3592
4094
1173
1191
1550
2606
6370
2121
768
2148
3724
934
962
879
828
924
1062
1229
3376
2704
809
3486
1584
3006
926
5500
1270
781
2601
884
1051
2211
2659
938
1720
4209
1956
719
2263
705
1393
4871
928
1228
2051
734
16394
2052
2613
649
2124
3949
1337
631
737
674
1886
955
2623
1784
2504
1693
2830
919
3500
1235
901
2406
2052
926
1190
2050
2243
921
5556
1142
1312
1157
1187
989
974
1645
6125
805
1438
889
805
5989
3152
3311
3974
1752
2203
2142
2458
1754
2108
976
744
5117
2695
2669
710
639
1461
2401
1098
1231
1159
1075
2777
2623
1422
1330
2533
1282
1156
980
1864
3581
1126
1556
1973
1012
1759
2815
1128
663
2400
936
1286
2374
974
1226
1501
2768
1087
1059
772
1599
993
1642
635
1900
1243
2073
3313
2068
3778
983
2044
2387
1198
2479
1489
818
1629
18850
869
1351
1638
2656
3505
2099
992
567
1227
1382
914
1343
1087
720
1558
1086
2547
1851
4616
1125
2980
611
1335
5217
2071
2864
917
1212
822
3434
1892
845
951
5449
768
1017
651
1167
3056
5546
4274
694
1426
4186
1742
14562
1977
791
1969
4030
1934
1534
1172
3970
937
844
599
2875
911
3934
4001
3937
9127
5466
4469
1691
3800
1009
562
2365
1751
1560
2251
672
689
770
2090
1296
1600
1002
1197
1083
1368
1312
2048
3373
815
3431
544
1150
1899
1437
1240
5147
1886
1769
1487
2142
1561
3921
2432
2831
1191
2845
1645
2002
1221
1865
2196
1207
1177
1875
1690
1287
3075
2036
2460
1316
5021
2640
2051
1388
1422
1151
1945
754
536
865
5103
1947
2729
626
5193
678
6571
990
1452
934
1347
2058
1113
2190
806
1548
1819
694
3160
1269
1524
2044
1084
3867
1814
8404
2772
1168
1317
4341
1537
2372
979
2163
943
6601
1006
2441
7084
6399
6048
3406
606
2849
760
1261
1407
2383
739
4373
722
1109
2125
1156
990
2322
4282
768
1627
2346
4093
935
5048
3593
1566
3261
2181
958
945
2581
1151
3425
1100
554
814
579
859
2251
1714
3361
1019
1545
3169
597
3606
12843
590
3638
652
900
920
2378
7810
4402
1393
2524
2473
943
782
1920
6076
766
1013
1278
3765
2474
1350
1470
2267
1104
1382
2260
2089
1606
1388
907
1721
4097
998
7443
4124
4964
1089
1449
584
1295
3039
3098
2798
909
1339
2941
6541
616
953
1391
3499
883
1530
1519
1042
713
2361
4595
2686
829
2417
1042
670
811
989
1103
1017
2759
759
3261
1589
2440
5539
1190
847
995
918
880
1882
1325
896
1395
1848
1037
953
1180
972
13296
793
1058
1739
1915
2422
2614
1258
1565
4613
3055
5602
1359
672
1726
4346
1365
2273
975
1201
3320
1097
656
1270
3191
2593
5858
1159
4000
1630
1926
1563
3380
1134
1030
1035
2476
1385
893
1364
605
769
3055
649
2914
787
2570
1666
1235
1001
1200
1179
2354
1410
3004
3941
3416
2651
1240
1654
942
1533
3718
5927
1795
4460
1449
960
7255
1051
1083
4218
3299
842
2068
2731
1304
1028
956
3025
826
2956
3961
1053
3279
1291
1557
1344
1376
484
872
1426
1008
1324
2234
940
1823
1414
2778
3436
1759
705
1065
1105
4599
664
3244
929
1162
1184
924
584
492
884
7363
2812
842
1672
872
955
1540
711
901
4254
991
2640
1300
1767
2949
4447
1722
961
1904
3253
1644
2801
1494
1299
2268
1231
1149
748
565
2573
4602
1441
1035
1563
6301
12857
989
2960
1768
2299
3594
1301
1031
1556
3476
1895
571
6070
779
3912
1166
835
2029
968
775
1474
1313
2009
2148
2362
1107
8300
2690
1020
1255
2975
1218
883
1075
944
860
2786
774
2088
1230
1896
1366
7244
2219
2884
3123
7178
2303
3502
1133
1250
1532
3997
1286
609
791
3060
1204
2725
2060
1964
1583
1616
1030
1610
4092
1152
3883
2016
814
882
906
1022
2730
1732
976
2874
1436
1158
4056
833
1578
3362
962
1518
1793
1464
1412
1659
3702
819
1386
1219
833
2839
684
1608
3448
2115
2408
1371
1161
1388
1667
1967
2855
734
2720
963
1201
739
5122
723
808
1007
712
1111
841
7083
3903
2200
1317
1379
4094
1090
2266
1950
3128
1571
1027
1902
988
1243
1529
984
3859
2927
847
2337
2003
10914
6238
2052
1911
1150
2479
1212
5904
809
1620
2600
4168
1864
1802
2504
1166
1225
1207
1174
2221
3082
3276
2356
930
1511
1248
2783
1400
2343
989
1246
2060
1584
1307
1929
3310
972
1202
3557
733
1556
1377
2665
2374
619
1165
3471
1005
3350
5068
1269
971
489
2451
645
1380
1203
1835
1048
1123
1736
2126
1154
2591
695
946
1625
1208
1805
1125
1221
1207
754
2344
530
2523
2784
12196
1098
1115
2107
1158
6066
784
2896
1613
1938
1487
4536
3658
1958
1450
973
740
1300
1658
1184
768
3081
2848
1591
3053
2466
1123
849
3223
1920
2878
1245
2256
144891
902
1194
2302
1279
1709
797
2609
1743
6852
2248
2547
1082
3352
764
4048
1141
1704
1237
1826
919
1349
585
1327
906
3918
1270
3615
3420
4308
2241
3742
1157
2615
1645
1396
2992
3535
1440
1446
3533
857
2716
1100
1047
1823
3400
1157
1345
1325
3181
2841
611
2098
2990
748
1306
2871
1012
1060
6936
3288
1249
1439
1172
2508
884
1234
1690
1031
1683
829
1775
1077
1449
1108
971
1881
908
696
1537
513
1277
777
805
2333
1270
5161
2276
1298
2297
784
1235
2671
1214
5498
2169
1012
796
1799
2682
2148
1030
724
925
741
2106
939
1035
4647
1792
623
4505
1664
3123
7532
715
3386
1865
1980
1376
2179
1251
2091
1456
889
1539
1451
962
989
2421
1780
916
2288
2673
1683
1206
756
1121
764
1654
2265
1608
2740
2699
1987
1891
2433
1182
3308
5030
9365
2904
4012
1354
898
3994
7738
1203
976
1001
834
1021
2354
12930
960
1427
1262
631
1137
1369
998
1544
3296
3881
1047
6371
1998
1467
1383
3333
813
2922
1155
1371
2045
1766
1124
2493
3525
1177
1306
824
1700
10421
4232
1310
2108
2672
1448
1180
814
1221
2829
886
597
944
1747
3488
1462
1403
3107
1889
583
1104
2487
1219
1706
6302
2987
1144
6192
3386
1026
3377
2204
1294
1493
2366
2283
1895
5514
1431
3668
1237
4680
3795
2068
1298
1291
887
2414
1002
1426
4369
2673
1061
8386
3596
1041
2561
3085
5719
1039
1885
1214
18296
555
11738
1186
4103
2010
995
510
8864
1497
762
840
4621
2888
1155
1719
1491
3030
791
2545
565
29887
1184
1388
1086
1384
4696
4298
799
1449
1523
771
2620
2067
909
2355
1174
1946
2061
19457
2076
1783
1715
3587
2846
1160
1662
3681
1487
2219
1431
1716
1616
5534
832
2401
1340
2996
794
7444
3040
6155
877
1443
805
1989
684
1134
4026
1562
2877
1074
1293
832
2883
2836
1924
762
1302
824
1400
2112
1557
1374
1271
1738
1538
3621
1343
1598
671
640
936
745
565
840
1188
1246
1242
1301
910
1440
934
687
582
963
572
4599
2394
1551
2693
1012
755
654
2685
874
2356
1384
2514
784
2762
3373
808
762
822
3334
1340
4321
964
2269
2589
1400
3997
2472
3210
2169
2840
1370
1449
1571
997
1797
3550
5186
2479
2201
5361
1554
2257
1223
4231
8738
2496
2020
1557
748
1280
848
2040
2362
2408
3416
697
3476
819
3686
2353
2787
1712
1869
3487
2691
1781
1069
955
2791
1095
1356
3205
748
1372
3555
5307
2082
1664
1610
2391
1879
2368
2308
1027
2718
775
3070
842
1706
1033
2061
743
3715
1284
1622
1467
1770
1351
1034
1366
639
3603
1163
854
1189
683
1183
1508
1163
10927
633
990
741
1515
1819
1435
1821
1382
876
1476
1583
1705
1882
1024
1357
9341
4751
1334
3131
701
999
2437
780
1288
2471
2557
1114
2289
375
2145
1058
638
983
1217
3046
547
1358
1097
1380
2903
802
792
2320
1697
1499
991
5317
2692
4375
772
724
1635
3579
1935
1103
5959
710
1683
1660
970
1421
3890
3295
3388
1522
692
1417
2805
2885
1081
2821
1186
1203
1319
1910
1687
6905
1644
2115
2027
3349
1655
1912
4843
3380
1794
1338
1239
9633
2392
986
616
2533
817
1080
1515
4840
2925
1040
1177
1427
1906
5769
1489
7127
1870
7817
2663
3250
901
2187
912
4380
2596
2638
2037
3793
1557
4385
1254
973
1264
1091
992
653
1707
828
1443
2946
1485
1921
1230
837
1237
1237
936
1096
1427
2734
1525
2640
1701
1793
869
2692
2070
1317
6020
3095
1366
7669
2267
1359
938
1517
3280
2983
3889
832
1130
922
2356
907
4562
1104
1241
1090
2396
2713
2427
3105
2193
897
2333
3153
1245
736
1290
1402
1175
1113
1387
3799
3559
1061
1312
816
2850
1941
2111
1211
5727
1170
571
2940
1837
1149
3979
2511
646
2688
1254
3391
761
7718
986
1064
2442
1195
2300
6049
812
1299
785
1912
1277
2128
2623
4118
2776
4616
3668
1389
3455
1107
1818
2318
747
2277
2407
3543
1000
636
1113
2714
2313
2262
1073
1642
3596
1332
759
1155
1098
1422
1750
6094
1469
2485
2238
1951
2244
1264
2665
650
1966
2334
2101
3220
778
3704
1747
967
1911
4783
833
4800
1940
1554
4162
2570
2709
4465
752
1606
4269
948
1723
2298
3130
3220
1319
949
2524
1890
1963
860
986
965
1770
896
1065
1609
2544
1197
1445
2838
1707
1837
3401
1909
3445
777
1878
2316
661
1499
1077
1916
1914
3177
592
456
969
994
1590
1229
621
1377
1813
1339
1494
1482
1158
581
1365
2227
3810
2165
3233
1399
702
816
2415
2923
1044
5130
1080
7420
1389
1338
1397
729
1194
1693
2427
969
910
1690
6199
1089
462
604
643
2095
1280
1232
1494
1223
2111
756
1826
2513
2133
3143
1580
1204
2769
1129
1283
1527
2213
1523
1661
891
2343
1361
12836
648
1002
1275
4044
2210
1419
1403
674
1199
1910
836
857
1072
2418
3660
2454
14924
1935
2838
500
2082
1201
749
923
4558
2191
8630
1205
1108
1408
1601
7560
3202
2291
1743
1110
5826
1486
5403
1864
1048
1837
986
3333
878
1095
962
1040
1941
615
2555
905
935
863
904
16533
1041
558
3210
878
2361
1410
723
1698
1953
2487
6239
756
1014
1076
1696
1433
2568
3579
2467
3405
834
9607
3134
2111
663
1225
2205
1435
687
2112
1103
743
6270
464
1074
2836
15789
1521
3111
1225
2203
652
1580
1519
3802
4874
3127
6215
3122
1041
2485
1381
1036
856
1418
4779
1114
1377
2902
1998
1119
202389
1372
1439
1236
1145
1703
1594
1228
3682
890
3960
1119
1487
2714
2204
925
2457
2398
909
2589
4426
996
2832
1415
1314
1061
818
3469
541
2337
1054
1977
1004
1694
733
1170
1171
1148
2559
925
1063
1063
806
644
1031
989
1778
2954
1904
1516
4361
1553
2481
1165
845
1358
1364
3475
1755
1431
823
1038
1495
4413
5541
5610
1773
2589
2816
2331
721
3147
1188
3835
2711
4641
1017
1048
1684
3480
846
1213
2227
1128
5915
902
889
2518
1360
1509
592
1064
1413
772
1051
793
1391
1342
3643
2863
722
2189
3641
1363
985
3609
1342
1902
1466
5020
3575
2351
1883
2102
1448
1014
1654
1013
1266
1520
879
1461
1171
1266
1853
2055
668
1828
2832
1544
3677
2678
1374
1880
999
1969
2857
1720
2719
1550
2629
1632
1540
1624
2227
1799
568
1111
2303
1207
3500
2064
1756
2961
2529
2324
2600
2345
962
552
2801
1183
1500
2003
3675
1493
3362
606
623
925
757
2496
1549
2168
762
937
1240
1327
1794
2089
720
3685
1453
909
2371
2236
1436
1886
1612
3570
1408
3019
1422
3778
4474
874
3183
1869
3042
1479
866
989
3951
4260
1510
840
2483
1544
1206
1893
1031
771
1923
9168
1504
758
1766
755
2664
1223
7248
1760
995
4879
2202
624
1276
1016
1408
923
1379
2589
1439
1530
1279
707
3000
2165
2046
1300
2538
3677
2887
2581
784
751
2275
560
1079
14590
1639
15417
2608
1236
2110
4870
1458
2390
1013
1366
3545
1033
1222
10938
3175
1744
2633
1158
1064
1749
1237
2017
1945
1810
12535
999
990
1401
1557
2739
7810
1035
1433
1375
1061
29539
1824
4388
3082
2329
568
1149
2733
957
1221
873
1063
1340
1379
1252
1282
3012
1402
971
1058
1282
2693
801
1184
2587
1057
1341
3468
1250
4462
821
3798
2632
2998
1267
1220
2189
1659
1082
2575
7162
861
1439
1277
781
1263
1065
905
1552
2914
1566
8361
1224
4545
147307
1167
2161
1196
6849
1604
787
1391
3266
1137
713
1547
960
1004
1955
2116
2547
1473
2479
1285
1437
4229
1032
1592
1366
8412
3411
1156
1403
1422
1340
1827
2026
2674
1111
694
1328
974
2455
1353
640
1293
4654
4520
1651
628
517
1745
1217
724
510
5465
2035
1843
999
828
876
994
2011
4995
3674
856
2823
2659
1153
10071
1240
676
2802
859
1405
1279
916
1864
2992
1314
2174
775
6445
2184
1322
1266
1436
807
815
1435
1540
1801
4960
2010
2412
3651
912
1267
1564
2257
732
1114
3283
4519
1875
2649
1154
2850
907
3010
1346
1254
3580
940
852
5913
1223
765
1297
1776
2648
2668
1176
962
3324
1316
2635
4006
670
2949
2667
2610
789
1947
8917
1507
4631
3190
817
2578
1879
1851
888
909
1579
884
1230
5590
776
996
3528
1624
1790
1405
1982
3749
1824
2240
3629
5162
1939
1662
2416
2965
1350
4708
7084
649
4662
2535
1315
1025
1420
2222
1389
1962
4296
1317
2304
1763
907
1525
3238
1167
2743
950
1442
1904
2410
2661
4925
930
1445
1958
1436
1346
1471
1643
5154
1329
3017
1400
2138
787
1715
851
1981
1037
1257
980
752
914
1453
3853
989
1425
3332
813
2989
1254
2019
1646
1281
2239
1189
1426
2414
733
779
4947
1714
846
1931
4326
793
813
3204
2696
2126
1456
2669
2995
859
1756
1546
2007
6022
1863
1459
1251
1364
3999
2879
1694
2011
1189
1700
1287
1050
8629
3679
1224
3082
3273
858
1246
642
1434
806
1749
1424
1040
2730
605
746
1075
5956
987
4274
1389
1030
1562
861
1695
1746
2279
2314
1218
1899
2419
1199
1589
6139
2254
2465
3707
1548
1070
3082
18826
1789
627
4525
2005
3747
2544
1203
3252
2397
1739
637
1219
1846
1063
1261
935
1302
7531
2045
1437
2478
1266
1456
1053
3254
772
901
3070
960
945
2344
1867
1986
2325
1006
3227
936
1234
2127
491
1094
4403
1545
991
1184
958
838
1803
2030
5192
2024
2485
3127
1767
2490
2061
2235
929
4816
5078
2320
1179
2171
729
1218
934
1835
1085
4849
3836
953
2148
839
774
686
1533
1862
1153
1985
1190
1503
2209
4753
4702
880
991
1061
1276
1807
6072
672
983
6836
1491
954
1439
885
1117
783
4013
5083
988
1014
3035
5855
2321
4924
1080
915
699
917
831
3444
2014
1115
1767
1535
4536
4220
1818
1831
2116
1396
757
2397
689
1298
595
2584
1740
2228
1467
3254
1797
2469
3375
5054
2071
1478
2165
1674
1551
1198
1142
3359
4004
2051
766
834
4216
833
469
2547
791
7099
8039
1271
1523
4656
4032
2147
1875
808
2841
899
2359
745
5573
1443
2120
4565
2395
2975
1979
817
1623
1954
2668
2608
803
2553
4926
3270
971
731
1640
1236
1068
1266
808
3432
1916
1857
14509
2739
1648
2939
2417
938
594
753
3847
8054
1392
1016
1110
4598
871
1317
1173
3807
2607
2776
1150
865
1158
2333
1177
846
5522
1206
2970
660
995
3074
801
1051
1003
1093
1896
1351
2546
1200
1687
1330
1941
909
2740
1057
576
1792
964
3441
2913
1199
2287
4349
2028
1106
4477
1283
2126
2172
1841
667
822
877
3062
875
2902
1836
4959
669
1766
2212
1053
2350
1833
3916
1656
2024
1530
829
980
778
1607
958
2671
2727
4929
901
596
680
2636
1200
3886
787
1582
1757
1641
773
3775
4873
677
2315
1140
2175
2004
1072
993
1127
1127
1787
1031
2425
3156
1051
1208
3123
4967
1611
2419
1273
1415
978
1051
2226
1397
1326
909
1702
1022
1291
978
790
8364
3102
787
995
816
633
2202
785
908
1840
1286
892
1781
1726
1848
2395
553
3662
1122
6199
1116
2203
1380
5428
1789
1554
1653
869
1600
763
964
742
9743
6962
1037
1125
3430
1455
1375
2698
3200
1129
2081
2544
3053
1030
1215
1220
2016
1415
1761
1084
1011
2230
3057
1077
795
2894
1840
1879
1381
4322
1232
951
2540
1749
817
1696
1014
2450
1765
1066
7466
2105
1126
1044
8136
1518
1018
10555
1085
1970
925
2179
1709
3803
2632
698
1223
1144
905
2310
2435
2244
1448
642
2682
2386
1376
1071
1214
2419
2434
2235
5534
1874
1260
1394
1552
2155
1142
1620
701
939
1323
2569
1492
1547
918
2388
613
1169
876
809
1053
834
1639
1200
2733
1153
1132
933
3412
3965
3024
1281
1065
1669
728
942
820
2465
1637
5232
966
1458
1710
3268
1323
773
679
1199
928
3617
14538
924
2193
2388
1964
628
5041
499
5953
9464
1152
8989
3422
1664
1355
636
672
4514
1440
970
795
1343
1526
2244
1108
2183
1470
1821
853
2531
773
2842
1220
920
2936
3260
1309
1418
691
1644
1934
894
2170
1302
1453
3425
878
983
4774
10285
3222
619
1800
1241
3095
1335
1010
891
845
1445
1021
2390
5020
3493
1469
1876
1346
1178
3357
1579
1253
1213
3639
2712
3567
1035
2914
2119
1596
834
47278
972
2501
1365
1655
4111
703
1492
1364
8758
2343
3093
3722
1048
2269
2413
1812
1127
5547
982
1033
2141
999
1767
2614
724
1443
3330
1018
5657
811
1199
5247
2626
1634
576
1193
1221
15274
1125
4006
1531
1215
1331
2469
1608
4122
620
587
3300
4836
4939
3819
2172
5284
1297
761
15255
4221
5016
3227
2213
973
1168
2018
1895
1825
1965
1935
4945
715
1506
1535
2346
2011
3583
3911
936
3025
1233
1433
2905
1649
620
1078
2951
657
1666
1455
3657
1119
1916
4866
1370
561
1172
3973
3784
1195
2295
754
1090
1704
639
1574
1120
787
1087
2720
1010
1668
11367
2342
1560
888
1730
653
1105
998
751
1073
1106
975
6673
938
1116
3120
1410
1217
4852
6344
1726
2263
1197
6781
2158
1213
1611
1307
4137
2731
1839
2268
1844
2273
876
911
606
1480
1045
1744
764
1543
1219
803
1243
1071
1306
1562
2139
2676
1084
1484
5899
1023
4039
2193
2480
1180
1552
2238
966
2373
1329
1360
4434
1341
1021
2855
8564
2282
2202
1005
1061
1296
1327
3753
1170
985
2553
3705
2225
1664
3013
2492
1996
1122
1491
1260
1443
2129
1465
6662
2882
1554
669
1665
998
814
5813
1277
1625
6272
5387
2858
1020
615
1175
2176
1258
1911
2841
2238
4250
1325
1490
1012
4052
1364
761
2805
718
1345
1014
609
1268
679
842
1124
6000
1082
2306
3836
1354
944
1159
1753
2509
1175
873
4067
1654
3397
2495
3943
4774
2711
2927
1522
1853
2253
889
2722
2524
2256
10078
744
4018
1716
2795
437
1084
2594
3073
1766
1183
857
1451
698
953
2687
731
813
3026
705
2586
505
2222
2010
1465
2443
9581
625
1033
1198
849
693
1022
1366
1084
1688
2489
3880
1878
1178
5302
1184
3039
721
932
825
3397
4747
2701
3630
1808
4560
1065
2235
703
7860
3008
918
556
1661
898
1075
2814
763
710
1867
1599
3172
3782
1860
4052
818
2499
4067
742
4532
1953
1542
3000
2303
1417
983
664
766
1090
2822
791
1613
944
1413
3703
2386
1607
905
1387
1031
2480
2413
1620
3773
3645
1014
6077
1136
8357
2039
1692
1694
1276
1258
989
1177
955
1224
1282
2097
1537
843
1373
2615
4680
1161
3320
3461
2089
3798
1249
1167
1595
1403
832
2037
7601
2210
1950
1260
1452
5483
987
1020
890
1114
2883
1459
1307
806
1030
2849
2781
3001
2321
968
1668
829
1347
1328
825
3188
2063
1148
1438
1214
5034
1932
1435
975
1061
3161
3118
1052
1097
629
1728
6228
1435
672
1421
939
1389
2192
997
3708
1474
1483
4439
1411
1308
2239
1250
3743
3564
15083
4058
2701
1079
1221
1304
2830
1027
2086
6061
2067
2509
1019
4950
510
807
1146
828
1142
1610
1640
2473
880
998
2626
2539
2254
2859
12339
1594
4399
1987
1889
725
1276
911
1699
1833
1046
1345
1051
586
1201
2558
1307
5268
5680
1301
1324
1130
1465
774
731
3339
3348
912
4407
1312
2323
2053
908
3177
980
1264
2348
1567
2207
676
3113
2966
608
1460
3506
975
2271
5831
1565
3942
2223
1812
1781
967
1404
2574
3486
1616
1197
1422
1387
2010
3908
1891
1400
1225
1074
680
1173
938
1086
625
1785
1404
5070
1133
1436
730
2405
1683
1048
5500
1244
1927
717
1210
1042
2374
1448
1686
722
1303
2248
899
1143
4783
1975
3267
4672
1372
1940
3689
2424
2329
7743
866
2081
5339
3484
142617
3353
2444
964
2028
3971
2346
963
1299
1000
738
1524
1291
1632
10692
1600
3137
1079
4640
2275
2446
4409
1779
2269
1468
1103
2620
2038
1856
1376
2933
2809
1018
2888
733
1378
2276
8034
1914
9635
1376
1980
1625
1655
871
2021
884
1096
986
927
691
1659
2359
2476
2161
2427
1219
739
5046
718
13270
2183
867
2531
794
838
1029
1108
2003
1012
2576
801
4737
6949
6991
1630
1468
1428
1211
758
1835
1481
3210
1678
1764
1275
1250
5344
874
1386
1422
2412
1654
1974
1664
963
564
1443
696
1298
759
1601
701
4250
923
3774
4359
5948
1338
3889
868
1884
1204
1119
1120
1223
2263
2460
1841
1788
3392
1322
3212
2522
1792
1244
742
3359
1153
1959
977
3005
797
912
1074
799
2553
1060
2524
4089
4753
1146
943
1147
1054
1459
2109
2207
1559
3593
969
1251
1195
3401
781
3544
2695
827
3272
2614
1425
2903
4642
4234
3366
1180
487
1801
15759
2353
1480
4049
2245
1502
3850
825
562
2081
1386
824
1918
902
1244
816
2293
3438
799
3163
1497
2780
540
4190
1361
8555
1280
3102
5242
1190
4089
1632
5493
13541
1531
1440
650
1436
7357
1003
3357
1031
1023
3163
916
1100
3672
851
1828
2220
1822
1240
1418
3212
1239
6970
6879
1234
1166
1643
1181
143034
1218
6925
2420
1471
4125
2485
845
1629
1209
1830
1236
1720
866
2618
3712
759
7109
824
1626
821
3123
3484
1007
4290
1431
1577
2178
1027
609
1348
1181
706
1772
2507
1091
3117
1139
5529
1980
2328
982
862
705
664
2788
1673
1073
693
1826
1148
2278
3356
968
3481
1877
915
765
787
1222
636
2158
3182
839
1074
926
556
1154
479
5634
1115
1340
1232
1095
3251
635
627
819
1058
9215
2938
2409
1395
948
3139
925
3364
7758
910
1774
4053
1104
1138
2226
2290
1472
1272
3147
3746
1646
1138
3433
887
2823
3767
1092
3345
3154
1098
668
1152
989
1732
1150
3421
5124
1529
847
1264
2146
5944
912
881
618
1841
3715
1058
2324
797
1043
2739
916
826
2172
1450
641
1045
2022
2278
1758
922
3397
2136
1677
1279
3665
1139
3643
2395
837
3102
701
2022
1059
1242
912
1017
768
493
1178
2074
4132
1158
1196
1520
1699
1032
1613
2271
1477
3638
2110
1503
789
2007
1281
6759
834
2858
1918
2412
643
1933
2008
1770
3369
1421
917
5000
1069
2219
825
2467
1207
1336
9120
888
1159
2224
3249
2860
1888
560
1457
1066
1068
1511
2028
5045
1091
1508
1309
2700
1416
1030
2360
823
3842
3741
1052
1381
3942
931
1217
1593
1824
1773
1521
4867
3595
997
2562
2000
1381
2911
1793
1637
4744
2289
1306
1078
1021
1192
5646
2487
3430
5106
1888
556
1330
1146
594
1006
1446
920
1148
1120
11156
1825
1515
1451
3194
1955
3421
1510
930
1089
950
1374
1057
761
1230
698
8219
1428
1348
5937
1796
751
564
1737
3566
768
2021
1475
10178
1449
1083
2170
1319
3556
2664
9746
1231
966
750
1631
1868
1105
1058
650
1543
1079
6441
3625
6740
2766
1309
1358
891
1114
1611
847
2713
3573
1156
2008
615
1847
1078
2575
766
988
7582
4427
929
2613
840
4632
1469
911
506
1456
1020
3428
1598
2444
7157
859
2743
974
1949
5619
979
2298
1739
1101
1403
2171
1580
1790
1642
801
1288
2460
1095
1478
1828
1139
1689
2060
1866
2842
3362
1011
1935
1257
2414
1520
2320
1334
3306
3865
3131
2696
1408
844
3455
746
1005
2854
1285
2395
1874
3397
607
1217
1605
791
3865
795
1249
1829
840
1373
1713
1600
1586
863
1717
4159
1919
2341
1574
851
2390
1714
1892
973
3169
773
905
3145
1827
930
1530
580
1097
1397
836
4285
793
1612
2118
2066
1056
3062
6697
1266
977
2113
1674
687
5015
920
1369
2684
1546
1131
3930
2552
2237
1465
2425
1986
2465
2719
2882
918
1957
987
1263
9623
4112
4378
1119
488
1296
9414
778
1220
1298
2616
4781
1120
1648
1823
896
4929
1841
815
578
1938
2299
1158
2075
1616
741
1797
1244
1205
1513
2764
2073
702
828
1542
769
1138
1581
2073
1261
1667
874
1312
1384
1092
1181
1711
1211
1065
716
3462
2409
2182
2635
1373
1364
977
1334
988
3183
2284
1218
846
1270
1545
2505
2602
703
640
2014
3315
475
964
1166
1004
1512
1353
1419
2610
1144
997
35328
3215
4693
6576
1115
5436
4721
2535
2521
1396
2620
1868
7563
765
4237
2546
1371
2726
934
1001
3672
5377
1654
1493
2719
752
3145
1586
6153
1243
2037
2704
1427
866
581
700
1344
3240
2200
2569
1443
2705
1086
1600
2525
1412
1136
3522
1098
1385
901
1052
3418
800
2380
629
1369
2564
1275
1189
1120
2132
6400
1360
1307
1352
6607
1412
2777
791
755
2363
1232
1382
5416
927
969
1302
1446
488
972
1156
3916
1773
1706
1884
3972
2710
3642
1288
872
7795
818
3999
864
2453
998
1930
1008
1226
4437
1842
2360
2738
2968
2422
1620
1703
985
1139
1535
4328
1239
1183
1108
746
560
623
1354
1322
975
845
1000
688
778
1219
1237
6065
990
1207
1759
1091
1113
1199
2541
3467
1613
1039
594
1253
900
1047
3063
3255
1552
996
2919
947
4952
916
2332
1121
1360
894
806
1286
3116
1058
1076
2557
2029
1429
3319
1364
2797
4417
1647
2016
2083
2065
3024
1332
3644
3906
10091
1267
1554
2006
5837
845
1670
1343
525
1396
1173
872
2075
1540
1070
615
1295
1386
896
888
1036
1051
6876
828
826
670
2276
1464
1258
11294
2223
4300
1609
963
3001
1796
3704
1354
1389
3724
950
1126
1481
3000
948
9503
2228
964
1334
5516
928
699
3593
2204
1991
4095
1320
1485
3354
4635
2654
883
1218
686
1922
1426
2880
2148
836
1858
1486
1124
8656
3100
1322
756
1083
1249
1290
1145
3241
1472
894
1679
3166
1090
722
3229
1865
1248
3918
6094
1293
1099
1871
791
2484
3774
2668
895
