52
306
176
196
120
229
9
5
8
405
15
85
380
702
46
539
430
6
429
10
270
138
159
31
131
104
4719
128
327
123
108
92
307
19
128
593
885
35
54
45
5
1908
928
156
159
2
108
250
186
43
694
1177
112
270
24
278
17
30
753
63
171
8
10
124
174
205
146
11
258
21
42
624
16
1592
217
69
24
197
1537
50
115
37
33
208
29
87
120
49
167
331
52
15
53
20
12
65
245
16
16
204
171
39
1547
194
8
2
34
59
29
610
32
28
47
318
247
51
38
47
41
11
5244
512
86
23
52
119
108
177
18
1414
22
27
22
26
3429
76
443
4
321
56
5
12
552
330
203
254
207
67
30
23
4
16
7
94
34
37
18
138
222
275
57
173
52
153
50
25
3
5666
589
330
614
184
6
19
219
29
66
1384
12
5
648
450
130
127
32
11
443
23
1449
45
531
90
449
361
84
48
156
27
17
257
19
912
137
223290
130
27
62
1432
45
127
126
60
13
62
3487
1565
27
41
348
14
44
48
789
81
13
1134
235
3
3889
55
84
13
29
13
47
19
99
224
28
42
86
73
109
98
117
17
29
43
82
55
15
502
160
256
144
110
258
9
21
58
8
333
38
29
43
84
11
35
629
52
148
45
11
12
602
20
80
52
47
113
113
16
975
198
112
1069
11
114
6
24
1083
41
371
75
62
34
503
16
23
20
163
469
344
482
16
630
83
130
51
26
52
24
96
46
8
38
102
92
502
121
63
3
157
601
40
27
22
28
82
131
377
259
81
247
909
478
525
27
1825
408
21
386
12
118
3989
180
62
4
19
1037
62
10
102
250
33
833
36
64
9
1338
151
72
450
693
8
24
16
509
51
53
368
1306
9
21
2
35
47
289
8
17
282
81
439
492
22
665
46
852
18
73
20
225
110
1675
142
55
14
133
313
192
10
27
669
46
14
67
194
64
58
24
247
16
49
43
80
2613
204
59
775
596
35
7
168
19
781
89
29
99
93
57
306
113
164
34
195
339
16
783
20
464
157
235
315
12
5
20
310
26
84
21
33
35
14
168
76
83
4
24
236
924
33
162
43
4
24
24
4
43
38
245
100
106
71
132
99
9
265
29
114
912
167
179
1890
503
86
103
487
80
1218
192
5178
515
198
620
3624
38
52
680
446
146
2131
228
197
136
324
355
411
255
120
1470
12
125
240
17
59
86
219
14
14
20
442
635
32
94
69
1775
46
239
1894
111
47
1731
3
412
8
28
118
432
23
7
5
17
27
17
594
169
41
602
90
15
396
77
6
22
951
155
306
78
82
88
42
201
152
36
1167
27
34
33
940
240
169
784
38
185
1619
64
16
105
19
162
11
90
19
206
5
233
366
129
39
381
15
75
26
6
239
2430
37
18
15
52
451
35
118
236
5
191
20
227
41
192
121
46
604
507
83
1313
2540
35
46
192
129
16
14
432
227
51
112
195
51
73
70
237
111
44
142
135
61
2007
15
44
91
260
5
37
2256
42
83
22
88
188
32
79
1043
116
133
107
136
12
31
62
1325
45
266
88
3
34
1281
207
39
174
103
126
549
283
16
21
19
140
12
6
264
35
10
162
357
31
62
201
26
57
30
109
28
55
677
20
31
150
44
90
392
18
58
9
326
33
66
426
92
38
45
126
16
48
19
582
3
42
294
7
818
1360
304
341
40
23
29
184
507
171
22
7
273
131
196
37
14
31
254
11223
30
425
266
173
19
26
4228
53
11
162
1146
24
22
503
142
35
74
10
352
50
71
115
159
132
64
224
479
7
30
43
167
556
62
7
110
10
24
234
32
2
26
95
138
28
215
19
312
133
211
30
21
13
7
210
73
72
210
197
194
74
625
278
129
9
173
159
24
38
24
9
112
862
105
20
90
1448
277
74
30
56
125
10
657
468
7
261
42
11
12
313
86
150
219
39
483
351
21
116
48
136
56
32
17
25
30
211
62
230
472
52
37
328
665
42
57
85
15
23
37
9
45
57
592
36
678
869
183
607
29
350
45
38
73
11
250
41
34
7
294
436
127
2
8
28
24
17
103
37
29
138
209
121
202
1384
38
132
152
20
74
35
13
390
160
9553
305
172
16
4
310
5
90
8
241
282
909
13
174
21
109
5
36
153
411
699
68
15
320
5
12
225
11
24
512
630
69
7
38
141
468
73
25
18
539
145
79
161
42
301
4
464
33
29
104
102
57
8
8
55
129
26
265
84
83
139
105
132
19
707
143
132
166
56
12
495
450
63
10
18
47
35
9
54
476
192
69
56
26
1820
17
13
307
4
506
193
63
347
12
9
374
53
105
285
92
313
95
26
273
492
436
37
26
134
16
165
113
361
46
108
342
249
7
8
34
16
44
59
506
231
245
407
241
97
179
9
869
11
56
36
120
381
222
20
66
218
430
34
1495
867
49
10
57
20
10
24
271
118
1661
400
142
1155
204
79
170
868
400
25
3434
400
237
954
57
18
85
10
53
341
120
104
59
20
271
143
127
94
221
702
101
940
1942
5
138
34
35
43
36
185
2
40
766
24
1049
117
19
30
13
89
18
107
2457
204
27
69
10
390
105
51
27
739
42
584
57
1887
8
8
4
56
61
4
134
73
15
110
426
118
60
11
75
285
30
293
228
103
51
2
1070
66
1085
154
207
5
63
109
233
40
103
201
320
11
446
32
25
2568
20
1048
703
38
49
1839
88
1313
88
598
25
8
93
58
81
490
167
7
315
42
49
76
465
506
219
113
57
469
1027
244
81
5923
243
1530
224
29
51
27
139
177
11
158
68
63
130
53
281
137
97
61
36
3106
43
22
536
2664
1681
155
527
185
329
138
255
90
174
286
113
8
25
3
392
52
44
28
1078
258
19
110
19
169
61
27
54
138
982
284
47
104
53
312
132
54
6
8331
53
65
129
27
2216
13
10
34
19
21
1768
56
41
15
29
1030
146
40
28
4
55
295
60
13
230
467
21
20
52
115
638
476
25
144
58
10
50
433
15
42
10
619
52
114
102
58
148
92
42
405
105
177
10
24
66
1895
5
317
126
12
10
51
24
16
531
2814
11
26
103
340
55
37
137
201
7
58
169
115
17
21
590
69
84
25
470
136
143
719
31
52
29
120
18
1184
130
40
628
49
33
16
96
6
951
240
391
38
224
142
77
21
253
18
812
3205
286
1245
96
11
54
383
10
267
61
36
827
16
15
59
65
493
3251
135
210
113
168
231
15
64
413
10
50
12
44
293
290
60
41
29
13
19
289
79
8
42
210
18
84
8
71
928
2090
326
117
1198
18
15
539
358
458
58
12
176
427
139
60
64
13
112
33
35
1005
277
29
435
195
693
18
114
845
234
7772
84
637
40
126
11
473
9
943
10
29
18
67
4987
8
521
132
609
69
10
116
14
55
165
6
836
151
130
1690
8
250
297
213
20
199
657
20
157
22
453
79
50
57
9272
136
29
22
55
58
157
94
117
128
674
746
48
207
19
581
9714
51
79
101
39
1204
15
75
76
91
61
84
6
2278
254
111
26
33
27
1153
131
65
177
40
134
303
28
16
99
711
27
48
137
84
14
26
80
235
8
64
116
1064
173
10
74
17
24
25
23
379
59
41
16
99
37
508
50
62
269
18
21
31
421
60
133
5
81
1554
545
124
0
17
46
49
52
73
1587
283
33
13
11
419
10
169
65
183
140
460
20
1137
42
32
131
64
333
77
57
12
22
227
43
537
78
88
208
657
144
23
13
31
52
119
21
147
29
7
19
244
19
1386
119
299
65
78
27
71
329
11
239
303
207
2258
20
164
298
522
15
10
77
331
28
45
378
13
74
50
12
307
131
349
170
44
219
33
54
24
31
76
2188
63
44
460
90
147
32
77
554
7
290
61
21
235
13
40
63
12
97
313
101
136
118
71
2663
244
13
14
230
17
48
60
30
41
33
41
1
70
212
171
1084
309
45
66
101
20
1023
894
28
224
268
10
489
769
1
293
4
96
5
14
50
2219
6
43
258
82
49
24
110
238
30
41
17
130
31
67
28
27
58
48
348
39
186
440
535
50
383
33
179
426
273
20
57
58
43
68
55
289
33
330
33
565
56
622
7
9
44
4388
169
13
844
30
6
449
26
48
181
649
193
10
19
7
165
551
240
1195
60
35
146
44
192
7
45
65
130
66
1
248
15
55
62
673
34
411
23
29
16
60
109
82
28
20
22
18
43
91
22
263
7
21
1631
165
72
15
13
535
74
7
21
415
12
60
121
361
279
603
69
112
32
140
330
46
235
21
133
157
1003
90
598
4
31
516
71
37
41
386
1753
195
797
46
61
32
37
4
58
18
17
41
171
387
171
95
646
102
68
109
4
28
11
1398
49
12
88
1
51
154
80
427
26
34
58
11
209
94
44
19
159
53
13
7
18
69
2050
539
20
1474
11
30
256
73
83
456
12
54
27
259
59
24
388
253
534
33
16
76
195
464
71
99
1017
126
219
152
318
89
334
98
294
39
22
411
1371
81
48
564
36
25
701
51
340
42
7
3360
78
183
472
90
33
66
746
723
4
244
198
49
4461
161
187
1014
2487
65
14
54
73
24
20
12
20
16
131
23
52
26
15
851
45
36
1954
144
31
27
69
97
35
40
22
64
700
152
4
321
271
56
1206
88
20
227
38
144
1118
874
472
15
360
418
29
129
18
832
270
7
156
49
16
19
850
107
118
39
246
1076
469
45
150
65
17
21
70
4
11
351
370
8
44
77
23
9
839
86
1274
70
19
1125
49
123
118
348
32
49
6
11
140
268
197
363
86
11
90
47
637
949
174
39
31
24
7
199
165
79
4
46
113
105
603
757
159
79
75
1386
80
15
85
5
28
102
978
11
75
38
217
86
425
103
11
314
616
83
244
1827
354
161
10
76
202
9
172
19
8
79
710
34
96
6
686
92
78
219
13
13
72
69
1750
1171
43
37
128
432
257
93
17
501
428
102
14
42
248
183
41
266
33
20
375
15
498
33
7
25
155
54
553
2026
54
335
436
13
555
75
22
4746
54
94
121
33
310
51
212
170
489
274
1277
716
336
67
199
128
58
317
75
256
10
584
1465
566
40
1115
88
164
90
30
40
51
40
122
2
54
160
250
239
7
30
135
25
27
166
219
53
120
144
156
60
190
19
43
23
364
58
10
91
11
110
172
897
6
164
135
105
26
10
269
283
166
487
85
19
64
145
183
304
2819
363
106
135
36
15
24
147
15
19
112
53
48
45
44
178
35
117
18
3
21
242
314
377
462
40
14
87
13
153
323
109
13
189
25
153
401
126
222
115
40
4
145
170
387
17
16
315
42
300
20
11
437
8
22
23
450
465
817
47
7
368
25
144
100
61
32
101
72
47
253
28
118
893
712
413
149
19
43
470
529
293
572
5
14
198
74
41
65
30
68
50
19
26
30
136
1550
38
1016
39
57
140
19
322
64
18
17
10
314
61
19
205
57
24
431
58
700
2408
79
557
21
236
4
349
56
130
108
505
538
23
450
120
412
47
56
148
534
50
359
88
18
23
9
137
80
196
1384
150
41
93
453
165
17
125
90
57
451
1
36
2846
10
1084
283
10
38
12
538
45
33
141
234
39
71
195
49
206
28
9
39
413
67
394
325
62
2
52
108
860
158
8
72
137
46
29
153
116
314
64
299
30
227
3
26
475
147
660
635
14
1030
40
229
48
16
128
118
43
2514
31
31
124
54
22
31
53
25
171
67
239
28
18
685
26
289
282
5
33
2131
131
11874
30
70
20
260
9
224
116
34
62
27
358
44
46
73
305
1257
13
2923
15
8
117
107
88
340
66
110
201
268
21
71
93
24
60
40
255
13
18
117
238
25
269
76
615
28
48
1728
58
7
111
183
919
18
21
228
162
263
448
7
26
511
1520
37
33
92
15
217
1254
25
214
33
14
30
58
127
293
202
82
16
14
400
1651
465
957
23
13
296
146
120
16
166
112
23
16
4
55
23
331
226
35
38
93
72
31
729
10
234
271
16
39
289
2001
15
10
33
18
141
13
428
35
77
80
552
336
99
911
126
67
181
168
170
18
34
383
1510
9
92
118
179
3578
487
403
9
67
163
93
222
6
1129
27
141
3
4
164
554
121
12
13
222
149
91
410
105
407
80
181
159
56
246
39
116
868
100
57
12
21
325
107
68
16
100
25
122
185
112
601
115
5
133
226
137
217
42
3
269
2
43
114
34
168
112
47
98
12
388
320
32
75
117
23
2
41
5
112
26
42
71
127
972
56
13
111
380
816
6
141
790
528
112
86
130
371
43
1
52
304
41
6023
41
365
6
5
41
20
14
364
2938
12
431
19
32
23
59
82
3
533
1
284
135
64
298
237
21
720
52
815
121
29
3417
166
133
5
6
542
5
28
1086
66
544
20
58
8
110
15
406
207
427
467
21
203
208
239
79
142
56
9
162
311
32
1491
23
36
218
231
33
63
101
1
129
11
17
252
30
157
36
41
14
12
69
293
114
357
180
145
23
239
109
111
4255
53
9
525
75
266
12
1892
71
40
59
12
15
68
78
205
539
293
343
38
69
15
79
73
17
11
31
130
64
89
30
1030
26
26
280
153
134
1127
185
78
121
4515
749
15
564
18
14
8
12
573
10
126
836
12
265
46
24
31
25
184
661
98
12
34
134
74
160
242
55
30
30
131
188
73
58
3250
459
126
29
39
17
501
57
309
114
37
18
21
1251
11
55
113
1797
240
368
60
51
58
513
5
107
76
703
11
364
215
103
128
16
2008
21
98
152
122
825
15
162
16
10
54
56
45
47
18
799
112
37
254
49
67
415
5
314
400
19
160
106
26
82
72
409
275
89
20
2
157
43
99
111
771
15
21
68
16
46
87
259
10
46
4
36
2165
37
336
231
60
11
256
577
46
3228
32
231
112
127
43
255
22
1871
1398
38
7
134
28
317
178
88
2855
87
40
62
172
164
28
9
24
38
23
123
48
69
14
667
100
80
433
66
34
1129
27
409
693
1024
53
353
45
139
7
7
415
95
230
171
13
1375
1649
91
192
73
121
106
270
15
40
3
14
25
408
593
382
155
131
39
31
476
59
388
1100
60
488
195
2287
34
609
293
44
40
69
20
3
56
13
58
25
98
183
46
66
13
355
36
1
1283
46
257
36
11
138
247
83
111
119
3
477
164
7
72
121
151
60
22
119
137
20
768
35
85
55
1234
147
83
212
7
211
34
20
33
42
228
128
16
39
1
306
114
103
167
23
39
32
30
132
101
160
211
50
112
18
51
174
16
21
2
540
85
1105
2083
67
216
12
50
93
433
200
43
224
14
142
128
35
126
933
11
240
71
4
23
831
6
115
446
48
47
365
8
1729
31
54
691
151
830
34
11
21
88
477
107
88
581
12672
1163
193
56
94
48
101
9
529
51
21
302
230
732
331
23
526
2291
97
144
4
81
9
70
11
9
165
545
401
13
6
46
139
258
526
68
4
218
9
105
194
200
1611
49
727
31
11
59
110
32
33
3
29
26
23
1415
321
49
85
23
185
110
9
3212
19
90
142
2
46
17
9
35
11
11
38
1753
382
2
20
1062
58
29
56
837
15
70
106
9
30
47
94
6
79
202
30
18
39
22
51
474
41
624
345
39
165
41
129
35
160
14
27
21
11
247
279
18
611
9
10
101
534
230
42
9
701
188
4
18
16
37
42
88
622
1036
158
139
2
236
111
11
309
25
166
2
83
53
15
852
72
329
70
32
12
99
19
15
255
291
49
108
333
43
19
143
471
42
36
43
342
39
133
14
33
15
202
109
1316
19
151
2211
1207
123
24
11
173
1535
51
39
2
552
18
14
5
18
10
33
346
302
12
14
64
175
33
158
15
252
21
9
33
25
12
44
177
32
35
25
6
173
54
26
56
82
45
157
442
392
242
128
390
3229
57
25
347
6
61
623
18
23
100
82
32
169
47
145
23
23
66
31
99
270
1867
50
33
44
8
74
253
27
203
73
51
21
31
201
184
412
22
21
146
56
16
25
82
536
51
3
55
11
14
264
9
11
198
22
6848
92
46
13
24
88
24
412
64
1064
34
10
23
228
50
254
73
19
255
20
219
9
163
64
208
348
578
132
6
33
128
18
6
80
49
120
239
941
295
985
50
52
96
414
74
30
117
285
176
35
127
1000
155
27
76
132
10
322
183
9
305
99
73
63
143
192
274
208
30
393
127
192
373
159
6
146
154
78
545
43
10
60
33
7
14
57
272
19
72
7
25
32
61
1546
90
342
176
239
89
309
59
22
221
1485
175
115
50
458
97
264
333
31
63
31
23
702
88
30
459
38
457
87
56
114
48
2209
21
110
65
3
34
18
35
23
31
10
24
116
11
174
17
284
46
16
69
23
67
136
88
6122
14
14
64
25
3
476
351
15
678
19
3
240
33
5
425
5
162
71
51
70
167
33
364
132
359
45
539
569
77
18
84
27
995
1357
3
290
189
3
27
44
43
59
47
71
139
56
1035
12
57
44
39
521
310
2730
16
205
128
88
34
35
134
162
262
81
32
156
22
794
21
62
153
66
15
458
1345
370
328
64
24
44
108
25
232
140
91
17
59
40
45
110
4
18
75
293
53
10
10
76
405
21
137
160
54
46
101
34
218
378
77
47
13
10396
20
5
17
10
153
14
78
144
156
34
211
446
572
18
167
1037
148
63
10
29
68
113
178
6
127
114
21
42
1755
31
26
103
481
1578
27
26
44
11
171
8
36
13
242
21
39
29
299
218
4113
151
33
166
23
11
65
519
136
165
309
566
304
409
97
825
26
39
111
100
65
726
24
411
74
32
220
18
120
41
387
139
32
34
35
34
72
200
114
39
54
116
1068
1
108
12
127
788
101
74
330
53
10
77
5
14
286
238
21
371
29
84
49
744
23
17
65
186
337
570
383
13
9
12
42
39
124
24
59
55
11
110
1178
88
25
94
219
107
26
22
29
534
6
294
109
216
265
37
82
660
6
47
106
37
20
473
22
198
48
21
216
521
120
65
390
3537
9
145
508
68
560
1634
553
56
10
665
28
17
135
23
503
19
47
15
388
17
241
88
25
85
30
18
49
40
30
2134
193
64
137
633
39
55
56
19
173
78
148
27
1980
529
72
750
159
107
188
369
58
317
140
319
9
27
403
25
155
60
33
278
22
17
436
31
216
254
503
246
35
115
87
29
42
33
8
39
25
64
455
126
127
101
31
17
4
230
272
73
35
11
294
7
62
118
3
46
426
18
98
15
60
61
6
50
53
22
82
519
21
343
16
877
105
12
48
369
63
107
85
28
33
13
170
107
10
2256
44
47
43
26
21
16
86
106
114
144
20
171
196
17
41
13
902
108
8
1344
124
575
36
506
19
2767
28
13
398
1150
36
5
674
75
23
120
78
25
81
161
28
96
30
8
488
13
14
55
6
120
852
31
45
1398
9
36
44
5
52
10
853
101
4
134
1183
24
26
317
374
50
81
186
195
21
26
20
323
43
1330
10
25
34
4267
113
63
61
69
31
126
255
164
839
63
25
120
10
53
583
651
446
23
15
127
146
13
243
78
48
120
47
8
61
15
291
132
56
17
1925
114
132
175
23
269
1403
113
430
422
263
31
322
28
182
48
11
236
114
17
401
29
3996
161
14
23
992
29
87
14
3
392
442
29
246
48
29
63
105
315
46
53
608
16
21
28
1942
10
28
5
11
31
30
107
399
80
104
40
88
2292
152
2645
337
465
15
525
111
14
123
269
3
129
5
170
509
90
861
133
97
18
246
157
94
33
237
83
89
1362
172
45
203
317
49
106
110
43
77
14
51
54
40
65
864
14
12
123
67
68
13
113
1580
35
353
225
293
233
429
582
139
322
421
52
165
6
303
4
446
239
443
42
393
413
42
4
129
429
36
204
445
145
110
10
23
24
114
25
471
31
118
75
60
23
3
117
93
37
275
10
57
1327
19
118
45
44
9
124
11
40
815
259
284
10
17
5
59
129
64
51
497
5
127
1337
324
603
128
115
994
24
689
10
248
25
14
126
73
15
24
701
62
95
12
34
7
783
1884
367
376
37
383
11
19
224
94
53
42
474
89
31
92
33
268
15
10
711
110
60
5
9
28
1737
24
91
34
16
64
25
155
5
6
139
75
394
6
8
43
22
63
410
1305
25
23
24
423
15
4665
247
37
418
226
114
390
20
537
554
263
47
37
40
147
67
395
302
31
50
132
8
25
69
16
390
81
321
13
2752
91
980
15
149
31
524
25
52
14
237
41
451
35
91
73
9705
67
9
61
78
14
74
298
84
77
546
413
146
6
4
46
173
59
56
275
242
91
18
268
43
1949
41
1022
313
133
42
146
34
37
164
564
130
30
115
1159
133
27
19
9
353
9
40
1
623
15
50
317
55
62
111
236
350
397
43
617
44
27
136
13
122
32
1427
364
197
169
744
26
7
27
110
47
42
39
7
97
245
9
13
282
419
91
60
21
18
69
5698
158
7
174
1016
17
9
386
1093
1429
18
665
108
113
934
52
96
39
193
524
234
73
27
13
20
14
20
282
487
212
248
4
33
682
290
235
303
20
329
238
4900
31
213
10
817
10
3
70
5
71
23
187
1387
100
9
434
544
31
320
3406
20
271
186
57
37
30
401
564
325
411
63
505
272
102
63
82
114
16
67
52
6
5
12
53
396
110
81
33
35
7
71
379
14
12
933
87
89
295
20
356
61
427
24
200
13
473
692
143
17
157
4
35
47
103
349
21
47
100
8627
118
45
37
116
110
420
77
94
4705
206
1007
125
8
35
72
34
702
667
51
45
21
125
729
7
48
488
20
21
91
547
77
36
6
20
176
20
82
38
170
63
461
293
19
84
29
43
260
462
268
79
27
151
196
3770
72
24
141
14
430
105
2000
105
28
415
281
41
63
41
10
4
42
65
31
39
56
67
23
27
31
23
16
14
32
53
385
114
317
291
3
34
43
259
928
12
85
96
233
17
512
26
1290
328
52
39
56
344
81
88
249
267
31
229
144
677
111
36
7
3
7
192
218
2
103
51
433
73
31
22
292
99
31
527
92
39
76
9
45
343
28
13
180
59
19
103
233
143
93
50
30
26
125
55
661
5301
120
66
39
3
136
204
11
4
125
199
53
101
556
559
281
6
356
61
285
0
64
34
681
3212
251
6
120
449
66
92
434
9654
115
320
345
175
264
137
420
247
491
26
36
34
16
45
917
76
118
8
97
179
7
67
50
66
36
4
740
188
137
157
58
641
156
210
60
14
25
18
207
323
1916
35
205
34
445
69
40
209
191
28
56
5
414
112
24
237
15
430
590
1089
73
6
121
24
135
178
35
496
103
20
284
1173
15
28
25
48
32
183
39
38
23
107
32
39
75
45
197
136
34
8
599
63
867
65
33074
53
15
908
78
26
23
124
119
36
676
193
25
4
1470
37
164
69
11
35
24
89
77
20
50
2060
39
14
234
65
7
328
254
142
47
89
24
79
125
30
41
261
34
118
236
804
207
12
33
50
11
49
6
59
62
21
24
59
22
181
178
39
8
124
2911
6
151
369
166
31
151
41
2528
191
88
94
112
4
39
100
21
346
798
197
25
92
194
133
106
111
353
74
14
33
238
69
404
298
19
95
409
41
381
137
740
7
58
242
2
1023
140
140
497
316
391
1245
892
101
42
147
26
200
429
231
88
743
17
63
360
16
142
247
226
15
192
72
6
280
4
56
21
176
36
99
18
9
163
118
5
40
263
41
1822
99
124
34
10
220
92
49
71
131
90
36
208
63
124
340
85
236
9
125
246
244
267
115
96
15
126
17
391
215
135
164
697
240
98
250
95
23
1896
69
220
13
75
247
5
130
914
60
29
77
328
25
14
16
9
355
27
140
150
120
523
103
137
353
55
141
62
64
76
13
2139
79
609
110
333
725
57
34
32
26
375
104
129
190
1339
775
19
19
93
11
122
265
423
18
2
8
16
822
167
28
68
75
24
306
6
37
26
58
90
5
505
31
81
56
123
9
52
16
176
23
219
811
424
2813
125
7
14
37
81
7
3
46
462
412
198
158
4
1384
3
71
21
652
12
133
128
10
93
356
25
46
49
6
14
650
29
19
65
285
108
163
422
6
83
125
2035
79
131
127
184
35
13
557
86
96
13
28
24
28
94
36
30
58
3250
172
1816
46
19
72
879
17
28
1949
88
108
230
764
12210
21
64
199
12
83
42
36
567
126
175
29
153
89
51
34
1054
118
12
96
35
34
9
34
698
83
73
113
4
35
58
455
18
39
913
194
225
414
190
353
57
19
9
59
50
57
46
29
45
5
814
1021
104
35
59
29
62
7
28
139
585
500
254
61
165
37
195
886
5
116
292
20
20
14
79
423
1051
752
618
1947
183
141
138
47
90
2
43
329
853
80
9
109
282
60
13
8
245
149
5
257
67
62
181
76
63
11
580
1489
416
128
481
867
4071
68
160
2
88
132
5
280
5
111
111
454
14
56
27
29
8887
35
307
219
82
9
16
58
66
83
359
4226
998
209
72
121
13
79
148
11
172
471
12
710
578
37
41
440
654
45
13302
739
26
18
161
15
18
104
8
9
31
66
18
27
411
30
435
25
40
9
5
39
445
81
51
24
874
25
97
361
17
520
450
278
15248
72
15
3823
126
121
914
11
49
194
88
13
324
94
12
45
73
186
77
68
57
762
156
777
10
91
42
191
29
8
32
21
7
109
102
32
50
34
1143
243
67
33
101
109
24
166
370
887
74
32
127
748
8
12
442
121
27
87
254
58
168
1065
16
36
18
32
8
6
232
57
61
125
293
148
124
743
32
340
1
37
14
139
975
12
2873
27
39
18
157
173
31
247
27
33
25
48
446
4
13
186
49
612
246
48
12
2481
15
27
1141
398
139
66
52
77
100
29
48
202
29
29
87
13
114
3495
34
31
58
87
202
336
406
139
1762
4
6
72
25
92
30
273
14
57
29
32
502
880
146
43
73
92
145
129
103
75
48
74
5
629
261
85
22
7
48
4
20
325
127
17
8
230
76
16
180
30
9
3522
11
225
91
1755
406
17
42
1652
10
124
51
24
165
237
7
123
81
79
45
49
11
43
189
1555
199
37
31
1093
18
59
9
35
26
23
216
7
134
13
7
114
740
18
485
3559
17
128
1024
142
7935
54
150
5
68
50
14
93
24
204
13
0
49
24
11
4
10
138
28
11
32
13
6
7
116
420
71
10527
31
118
87
95
44
20
21
272
512
32
64
290
83
913
193
222
116
65
119
23
1683
57
180
165
119
47
347
21
425
42
14
394
31
16
307
206
25
14
24
3255
79
156
46
52
7
279
13
38
217
190
31
910
73
172
13
104
18
116
12
12
1108
15
223
24
126
294
124
7
74
38
285
10
83
9
455
127
231
703
1786
24
157
15
17
163
14
114
472
22
5065
274
27
30
42
26
192
48
457
44
18
11
84
20
758
11
26
63
5
46
31
2883
279
8
95
200
26
52
45
92
44
38
139
37
348
306
6
58
46
135
201
31
790
285
42
107
23
7
1036
73
32
586
73
76
14
69
73
167
25
194
250
19
36
13
27
13
1132
97
357
54
66
17
42
8
80
31
37
277
88
13
86
21
38
20
9
875
1009
50
9
4578
425
130
529
48
10
22
575
90
30
157
111
347
58
92
11
456
27
14
28
295
61
242
72
79
46
1770
143
57
439
208
73
247
23
21
18
71
327
126
29
203
11
159
51
34
93
54
77
6
115
16
108
136
196
74
39
105
11
44
932
21
6
47
8
52
88
165
14
179
170
456
1116
84
91
44
59
0
346
59
3
116
9
26
14
28
13
34
32
5
12
63
408
24
177
52
144
699
12
834
14
267
403
90
3108
23
62
221
2180
15
445
505
1327
35
60
206
317
41
1196
808
2810
355
13
35
33
223
918
203
20
30
121
51
17
114
38
127
29
32
138
967
286
2997
369
40
552
220
25
188
22
31
906
797
19
244
31
138
1455
359
433
58
196
16
228
340
32
267
10
139
17
51
36
110
1684
17
37
11
59
53
100
60
33
268
228
193
374
27
34
619
14
43
40
174
42
121
62
14
34
155
8
17
496
272
80
97
28
31
19
8
258
104
76
17
309
4
14
379
30
102
43
110
27
34
501
297
48
457
123
103
42
30
598
34
48
144
73
32
47
240
151
128
11
69
36
175
34
7
441
35
57
1
280
80
64
17
42
86
11
158
48
706
77
45
32
85
224
345
4
85
78
107
304
46
57
458
393
256
10
155
218
814
88
4601
19
106
27
75
6
162
48
50
324
85
100
92
5
65
204
226
13
177
230
50
50
13
13
11
1415
93
54
18
982
52
5
113
48
129
35
54
32
10
277
2041
36
38
34
605
75
13
299
65
238
74
33
452
25
206
13
7
342
116
9
50
56
282
24
37
8
58
236
184
413
211
621
48
13
43
48
7
62
233
193
70
98
90
1118
32
14
622
43
26
31
2
24
721
9
99
41
212
675
7
295
134
208
74
5279
20
7
22
860
31
375
66
17
35
199
232
19
325
28
17
164
163
11
13
53
544
28
223
790
144
2
175
37
42
13
46
22
13
175
91
18
154
39
484
31
405
13
2
494
7
133
85
295
351
21
47
18
268
20
1145
609
144
31
18
63
27
1293
28
46
18
13
6227
18
30
136
436
20
126
43
267
2976
150
90
288
133
88
3
12
9
10
16
69
1318
160
11
7
16
212
612
70
16
116
343
342
28
11
138
2574
5
39
59
698
19
21
56
89
97
27
31
53
69
1001
126
56
527
3239
106
6
37
63
424
9
1888
21
157
27
29
63
38
64
70
140
28
50
80
278
456
28
371
166
594
143
6
321
174
25
240
19
5
645
83
29
33
28
31
1260
50
348
40
80
54
2025
435
59
632
1921
455
2643
26
39
11
85
140
406
58
25
1823
20
18
5
201
38
2
252
211
66
190
53
46
442
157
62
13
195
33
121
38
98
68
26
1556
23
15
5
55
518
11
38
195
69
22
185
20
32
33
53
421
23
8
18
20
43
5
393
129
287
860
44
124
27
79
260
46
148
34
107
56
81
27
1771
1012
765
50
58
14
16
41
311
376
37
168
115
68
305
164
64
14
51
77
159
73
11
375
989
39
10
623
31
14
505
286
25
109
136
160
689
41
71
1572
8
16
61
250
26
46
17
4
104
62
23
80
1196
44
167
299
518
43
71
13
120
94
184
19
869
99
75
45
260
1028
704
402
10
37
348
119
106
27
202
266
170
35
619
87
32
385
118
19
31
12
12
44
74
1448
56
103
105
14
193
74
91
8
124
237
51
24
4
554
134
143
66
17
188
505
197
433
109
125
138
732
172
855
11
4
56
58
48
299
23
15
63
82
26
179
28
14
19
17
31
25
28
355
24
45
305
75
29
6
13
274
182
179
1421
8
301
80
16
1336
50
5
19
28
22
38
263
112
140
111
151
174
33
187
63
9
14
40
448
44
14
45
84
122
26
17
295
11
17
143
242
16
120
118
39
33
21
544
21
146
63
359
54
12
40
12
35
33
422
183
50
311
584
15
135
474
31
56
15
1154
44
349
70
180
254
833
161
37
397
39
1044
204
437
27
144
6
363
70
74
100
785
13
31
31
113
11
343
330
63
147
5
6
946
959
680
213
94
17
277
20
18
62
410
10
870
821
11
75
31
483
32
31
40
32
84
11
117
184
169
170
943
108
71
42
736
113
25
731
206
136
86
63
49
137
45
860
21
321
49
2931
30
60
35
17
7
30
879
71
33
3933
19
100
14
62
1142
101
18
115
15
126
45
32
87
33
21
30
60
108
190
56
288
112
50
92
247
327
109
40
227
111
517
1580
45
63
45
52
201
59
159
18
38
16
16
53
21
14
136
1422
172
48
16
64
84
223
50
5264
5801
176
42
90
202
740
982
126
241
6
467
238
35
68
96
6
26
12
600
24
10
15
537
2
1618
15
377
28
112
14
68
119
54
145
467
12
42
238
217
139
2834
66
943
18
88
2129
232
8
65
37
85
95
175
77
91
63
301
787
38
131
15
81
4
420
834
44
112
97
23
20
17
6
103
109
50
48
917
1849
30
93
44
185
85
10
36
75
146
44
155
12
18
8
194
31
14
23
118
237
222
39
942
19
5
167
28
1106
13
14
46
19
30
5
107
12
14
62
53
201
2
82
9
4
22
11
86
67
16
14
11
54
13
546
21
175
39
45
62
15
554
265
41
309
4
52
63
101
85
12
7
60
111
306
54
23
8
220
30
120
453
425
23
219
14
90
3
34
8811
6
8
58
31
5
25
16
123
34
12
6
196
151
148
23
91
117
21
19
212
30
4245
25
21
181
80
44
142
1
53
52
18
848
1114
129
130
86
271
195
6
29
119
81
18
15
527
1275
109
31
80
55
205
9
427
145
87
31
762
54
123
20
878
23
17
299
9
23
22
19
541
33
54
294
11
199
18
11
33
15
26
14
17
142
26
285
9
298
233
39
39
9
16
424
300
11
185
19
151
3354
40
38
60
250
32
419
37
42
58
814
88
26
607
13
494
12
153
83
11
14
105
334
85
46
25
238
339
29
68
17
74
147
1
816
31
6
152
194
13
3
365
577
32
30
437
417
97
75
50
19
101
167
10
75
21
21
6
227
148
7
47
19
452
68
38
6
50
12
9
17
257
606
535
360
1290
111
2
1140
175
45
33
95
14
9
42
215
34
20
11
76
1635
68
3
14
24
79
12
301
19
28
532
407
19
95
404
15
70
165
184
81
215
86
128
25
13
278
233
40
5
596
10
2655
13
62
412
30
193
233
88
103
114
473
60
486
102
44
615
1532
541
12
18
195
10
13
85
6
102
15
77
387
12
187
15
890
520
576
14
23
94
117
139
458
14
146
152
380
74
9
398
1124
21
242
261
29
84
43
498
188
23
659
61
24
103
255
30
31
698
24
62
24
12
63
26
14
68
581
685
46
25
6
49
21
43
2094
70
14
13
547
935
232
339
60
746
25
7
10
1155
268
433
1296
89
339
29
954
802
59405
528
37
6
50
10
45
5
750
348
157
47
1
37
79
87
478
41
16
403
1204
24
35
52
10
281
100
124
500
15
20
9
176
1356
366
352
105
47
11
113
280
215
102
52
57
26
211
1253
253
56
34
384
213
109
63
24
474
24
49
159
905
136
39
52
1625
54
133
242
33
35
353
3
75
1858
56
573
81
20
17
45
536
11
52
605
6
208
163
486
7
1231
574
15
33
10
75
24
68
335
50
17
68
49
6
6
400
645
14
139
59
98
506
128
455
2408
14
91
1694
150
7
947
17
154
628
9
137
122
11
135
14
529
14
35
39
71
100
61
143
52
49
22
100
13
112
11
100
260
598
451
46
22
32
50
133
234
7
27
683
15
196
9
39
4
500
58
48
50
32
34
36
43
33
22
2
188
17
57
35
123
185
373
234
1439
14
12
39
86
10
4
86
11
27
183
976
3
20
107
842
19
338
413
15
497
82
19
27
45
7
214
97
51
107
66
69
43
418
77
231
62
28
75
459
43
93
85
278
111
105
33
23
30
91
87
45
62
96
647
221
41
46
338
39
401
263
36
14
60
20
201
45
530
183
159
22
132
62
58
2659
20
54
32
17
56878
3
365
9
466
77
128
565
26
174
61
154
682
20
28
963
300
31
304
50
189
14
292
180
9
910
207
236
238
88
74
161
101
15
23
20
5
598
213
15
159
690
927
16
94
69
347
75
100
4
22
372
202
201
39
84
5
183
274
12
139
38
496
32
112
22
53
44
10
2
94
146
46
40
44
137
43
28
872
205
20
129
228
166
58
29
39
15
92
16
11
82
106
10
1097
2371
38
107
8
890
6785
2
70
39
64
38
35
229
371
110
21
26
286
17
35
47
188
57
343
14
31
69
25
57
31
21
14
946
14
34
118
267
20
701
135
41
1261
120
21
16
401
497
910
80
194
28
415
886
35
47
597
43
44
26
33
9
68
40
44
111
813
4499
35
52
10
88
386
59
13
12
6
23
31
264
74
63
167
311
862
81
218
245
113
59
72
9
93
131
81
59
42
18
11
313
405
431
110
5
4
237
7
36
32
38
196
24
74
214
56
99
773
13
1419
223
199
211
8
593
107
426
543
65
35
166
8
1412
281
119
51
211
268
346
10
166
72
67
31
29
97
21
284
856
145
22
30
746
218
165
10
977
35
30
19
32
121
72
257
55
61
180
40
728
117
3
2003
5384
33
1077
70
113
13
692
27
106
898
96
55
90
39
255
1977
229
7
25
13
26
553
15
193
11
12
116
580
60
54
52
449
904
11
22
12
57
20
196
53
209
226
25
42
1579
47
163
115
41
7
26
162
844
73
503
6
347
12
33
77
60
254
48
78
59
10
18
54
125
41
21
186
7
35
48
27
10
7
11
386
10
27
47
11
13
13
10
37
10
192
16
410
76
83
47
28
25
408
13
1627
135
32
1053
76
134
129
165
304
50
18
83
34
197
10
138
321
185
82
76
50
42
1088
61
545
112
25
85
959
59
22
6415
254
341
42
49
20
119
280
79
18
121
102
114
1789
605
111
246
25
47
6
455
53
39
16
35
56
509
126
16
87
54
52
92
207
487
58
24
20
137
44
955
32
411
234
95
207
1216
135
61
24
75
8
8
313
106
180
217
24
530
37
530
18
56
86
5
21
10
40
314
37
12
11
57
144
694
183
29
1241
11
111
338
22
29
18
262
28
36
21
26
59
25
3234
105
420
27
72
469
401
41
45
680
123
11
438
111
1240
11
26
11
27
74
164
292
363
5
1326
47
15
100
12
306
23
177
239
428
30
33
12
13
35
40
514
16
851
177
55
52
34
36
71
49
24
123
52
3139
261
295
138
67
158
2857
86
15
358
288
1461
14
31
169
70
32
60
231
88
768
42
435
489
21
356
33
2033
57
494
17
437
1957
272
199
28
10
17
18
115
400
41
11
5
20
5
2092
121
184
154
13
160
50
10
889
19
22
17
713
54
146
130
5
179
487
8
556
10
43
918
33
54
177
4366
121
73
107
7
184
840
51
18
26
122
71
56
1222
71
11
98
22
6
33
18
649
11
147
456
8
143
43
19
29
65
204
226
9
380
17
223
672
152
300
424
28
79
966
100
36
18
162
234
56
365
506
259
66
235
5642
868
36
9
242
250
1681
160
25
22
471
234
40
597
77
229
472
29
78
60
12
119
447
151
17
44
88
2
47
54
19
133
73
629
69
480
487
396
36
11
47
270
20
281
445
261
135
148
56
45
10
25
218
43
27
38
89
247
17
74
194
287
4063
2
3058
15
67
239
220
81
43
61
145
127
5
5
42
24
193
380
3
22
231
136
152
293
18
53
60
404
10
415
26
499
20
66
24
154
27
199
37
5
974
71
35
4
39
206
105
15
23
59
103
35
494
10
46
28
12
2351
7
19
138
18
31
224
1062
343
144
36
78
14
277
14
574
80
263
188
290
3763
64
305
271
129
45
35
98
57
267
14
5
57
114
13
87
188
37
50
14
9
39
26
218
1536
1133
69
359
123
323
183
54
22
269
27
580
39
364
98
410
52
236
51
10
2
205
1687
66
24
93
52
25
16
159
12
24
8
532
16
234
37
294
931
81
45
14
97
0
24
40
191
38
80
227
40
135
263
73
14
32
476
16
17
138
14
4
210
78
1401
35
116
450
129
412
402
6511
1608
77
32
50
36
49
414
509
39
795
11
297
287
147
998
19
95
16
66
721
56
41
40
263
368
141
73
29
196
109
2
57
3
126
65
537
42
30
173
849
1107
5
24
70
572
128
9
332
144
21
150
94
17
67
75
263
931
135
18
77
154
17
70
467
84
76
201
95
1099
441
64
130
321
56
10
132
224
246
841
322
99
16
1429
651
29
1107
812
169
464
63
23
534
113
560
595
16
49
34
261
23
171
50
137
536
301
47
8
91
35
5
34
40
306
111
513
52
86
15
242
10
82
79
33
10
1158
19
184
47
105
323
55
164
123
20
7
9
215
138
25
663
13
138
500
22
1442
16
16
59
170
114
245
41
182
296
675
58
629
29
801
21
125
63
60
65
117
250
21
110
275
214
55
1267
43
176
2
39
10
96
5
32
113
70
92
253
238
44
336
479
143
992
413
92
1151
15
596
36
17
162
82
5
85
239
31
489
46
113
140
2
268
38
6
1043
2
456
216
121
18
26
100
99
56
26
91
119
553
402
26
237
76
15
2722
40
68
90
36
2
174
1525
55
213
12
16
310
187
45
214
261
23
648
73
46
22
130
6
10
38
46
113
47
334
39
18
23
6
258
689
21
21
6
47
18
123
140
141
57
347
35
21
42
1758
159
97
45
431
759
4
93
206
54
97
96
19
151
134
91
171
265
328
1230
5
45
583
27
36
220
30
21
66
39
274
212
48
13
318
104
189
2584
86
10
1563
49
18
152
31
99
19
7
45
1593
78
17
51
80
123
66
1547
13
183
204
13
206
131
253
67
51
434
54
1121
742
106
481
139
1341
90
27
285
43
14
23
235
137
24
64
115
78
68
462
222
2
2852
28
4
97
87
51
64
12
12
418
28
3477
28
860
18
162
257
1838
26
197
65
860
33
57
29
9
23
54
45
350
11
11
7
126
39
79
226
51
26
439
416
82
109
164
13
799
35
40
14
2878
350
71
35
435
122
53
18
29
611
514
36
40
223
1275
121
62
44
93
7
35
1748
116
4
3
16
222
394
157
5
141
22
33
113
709
22
10
147
233
28
252
15
12
108
30
2
29
34
254
152
14
22
171
64
59
260
11
90
48
77
56
1203
234
187
19
898
56
75
54
23
11
347
24
529
107
34
34
130
210
124
14
16
651
1292
25
17
65
411
190
8
44
230
204
27
241
13
30
181
104
609
33
85
325
405
5
44
6
14
166
43
35
10
74
54
76
1593
11
8
51
16
560
1886
1133
126
40
29
561
114
304
281
140
32
555
41
10
87
55
188
320
18
90
29
11
349
46
39
4
87
74
501
2
356
14
49
59
21
103
97
146
178
42
16
269
16
15
256
35
51
155
52
148
179
219
27
97
80
28
300
32
97
705
410
329
45
123
245
298
9
201
46
97
228
12
23
26
112
72
321
330
50
48
255
34
671
4
190
251
189
149
6054
30
20
17
11
24
25
9
32
6
172
1313
38
488
1535
930
30
179
747
19
24
252
82
412
69
65
10
101
44
150
125
9
206
19
100
215
431
5
31
170
31
100
182
180
96
53
33
46
8
175
787
11
55
30
32
249
59
38
48
19
219
61
2
451
384
428
173
7
42
144
219
71
355
57
214
3376
36
77
35
6
99
3
254
38
7
772
204
24
145
66
24
194
35
522
517
54
54
15
87
57
12
30
238
448
34
179
78
32
31
24
46
443
61
13
52
16
30
40
38
580
3
2148
324
14
304
67
146
116
50
65
155
96
101
98
4
18
89
1092
243
61
80
465
76
94
45
610
7
62
32
2087
123
45
101
142
86
7
70
141
410
361
628
23
460
145
11
38
114
8
90
33
9
639
300
2
158
102
19
336
34
1
9
747
169
66
376
87
93
15
16
107
34
175
117
4
288
246
465
24
94
267
13
59
11
25
7
32
29
50
891
32
97
100
51
134
15
409
49
50
13
50
327
248
1176
31
6
231
15
19
32
46
453
83
9
21
115
40
161
21
28
21
7
191
131
148
134
92
6
18
64
14
681
241
109
263
132
52
74
24
374
434
1439
272
219
110
39
2508
104
3
17
7
36
23
167
52
154
150
58
33
63
35
12
141
259
134
40
2893
1529
105
19
46
1752
645
434
165
18
52
6
154
833
433
25
33
946
13
58
5
6
2669
13
30
24
28
573
62
8
12
21
145
14
190
59
156
583
6
9
56
23
384
12
46
924
49
991
27
84
134
14
44
27
14
28
156
12
139
42
5
425
15
72
71
54
101
43
797
45
8
17
157
1028
16
334
60
105
42
45
1
44
12
12
42
8
17
65
354
174
18
43
260
782
81
3
175
275
75
190
2606
11
22
44
94
146
79
31
66
7
479
64
26
113
19
25
54
38
60
62
55
12
122
8
1274
151
866
82
980
61
55
614
85
3
15
306
17
1509
158
29
473
32
7
50
53
184
12
584
109
119
194
36
3
70
27
26
44
2192
818
7
288
643
45
26
59
287
469
613
157
33
461
94
413
93
53
759
43
329
169
140
58
44
32
90
10
16
53
39
415
25
60
1222
490
75
37
19
121
153
78
61
1326
61
6
83
28
186
27
57
140
4
11
100
658
51
7
62
37
96
56
1165
24
35
68
52
140
150
1783
10
76
62
24
391
163
36
204
52
97
121
126
127
221
51
66
99
2021
499
81
42
56
346
12
256
427
301
187
4
86
12
316
92
355
1587
148
2786
31
713
6
336
199
68
22
72
69
64
41
178
342
10
154
135
11
34
755
257
36
42
57
16
56
8
178
446
17
34
13
582
843
115
86
690
189
803
1066
439
1409
36
126
66
53
138
100
734
64
873
2343
239
25
122
73
1073
10
16
60
28
309
30
437
437
415
1023
235
61
590
8
630
125
37
14
40
1901
8
181
41
12
290
87
209
112
19
210
342
97
234
450
606
30
7
31
812
242
44
29
47
76
14
55
436
2705
5173
138
56
138
100
25
452
15
110
52
41
39
120
23
127
45
92
166
27
47
8
571
76
10
31
146
50
84
27
778
8
113
19
71
486
61
20
54
18
469
13
13
73
34
162
1047
563
221
73
8
354
13
51
38
10
401
941
536
225
119
1442
109
187
3
42
35
44
30
1688
56
46
24
418
67
46
143
83
80
42
31
34
668
138
228
14
67
24
301
72
146
569
53
231
340
1234
27
431
274
15
133
117
63
575
1717
204
17
1645
702
65
4262
150
310
109
869
38
170
2447
78
47
20
58
53
14
28
121
740
22
855
28
201
584
118
13
80
65
18
8
613
49
763
20
143
143
603
365
425
80
147
59
11
852
142
32
208
23
81
79
16
692
11
348
222
44
15
13
275
45
14
21
28
84
69
40
131
112
471
108
383
426
192
344
77
12
13
407
14
103
41
1100
52
32
132
6
8
1232
778
182
383
255
414
5
25
201
341
1764
85
32
91
341
225
205
15
1467
104
1
15
528
22
8
150
169
23
32
9
242
227
44
20
91
130
39
23
36
19
100
700
37
100
9
139
140
5
15
135
52
58
17
200
26
68
170
23
15
98
289
2
81
9
2085
524
16
165
57
110
2273
60
7
46
15
42
560
70
24
314
612
184
441
173
44
18
56
59
43
385
84
111
55
85
239
104
273
21
159
222
104
24
13
52
373
7
85
19
628
32
15
177
13
10
53
265
846
53
324
83
87
62
426
14
125
433
494
729
31
88
6
6
186
22
124
43
8
11
189
396
34
86
4
25
49
111
320
143
776
56
151
1503
19
637
41
5
194
5
38
40
109
432
7
75
325
815
982
364
515
30
33
83
414
5
840
1894
172
96
2688
298
2158
12
178
17
49
12
124
76
1271
1016
1622
1050
26
70
308
393
195
53
741
499
20
28
66
150
238
15
82
121
202
84
100
24
13
14
20
186
36
27
17
126
374
177
7
17
36
187
5
2988
427
49
31
370
27
27
62
256
64
7
31
28
305
2506
429
201
13
16
52
35
31
42
7
596
17
239
41
8
15
37
8
25
56
182
38
32
537
121
69
104
209
47
28
219
31
85
8
225
84
178
30
199
102
364
485
36
35
1791
323
7
29
307
42
17
271
75
11
39
270
137
172
90
15
125
63
53
309
134
13
220
300
98
381
46
153
88
99
37
127
48
633
555
16
36
79
12
171
1
55
378
44
14
175
167
447
152
48
10
9
10
944
748
436
63
7
81
16
413
27
38
7
13
112
3129
6
46
3725
20
246
1360
120
8
3592
67
78
19
203
39
33
25
35
66
6
50
58
254
14
141
75
24
107
38
28
143
170
24
21
36
213
20
208
125
133
36
62
18
8
53
7
54
9
10
831
501
58
122
387
4432
251
40
106
92
36
52
51
58
160
108
94
1006
30
243
56
3024
587
116
129
220
228
114
10
87
8
31
67
238
473
224
5
406
54
296
16
4
298
1322
135
172
38
134
415
58
113
186
28
100
502
37
59
452
125
29
46
221
46
258
512
36
127
428
621
91
88
113
73
359
974
73
722
22
14
365
122
53
135
38
42
991
75
654
53
130
53
10
3
24
211
35
17
53
837
48
446
268
215
2796
4522
8
81
156
5
46
60
32
1171
546
284
25
303
15
440
492
25
1382
11
38
170
1099
98
56
26
40
675
94
20
37
34
59
863
12
18
256
42
138
851
215
455
424
8
68
433
476
286
37
9
328
13
70
28
149
230
46
626
108
81
14
183
14
283
58
216
90
162
107
123
95
119
568
96
616
474
25
377
300
6
27
19
89
518
667
272
84
15
516
12
75
22
411
476
162
204
19
344
76
17
162
88
303
266
40
104
132
288
178
80
36
159
84
74
190
1231
13
74
1869
328
77
44
193
36
17
77
42
40
74
21
39
277
18
413
185
269
35
268
314
386
1352
60
189
38
961
45
76
15
68
63
513
59
34
42
26
310
26
856
159
1
4261
26
15
11
16
498
14
93
172
46
236
55
128
2133
14
925
41
237
15
1940
242
15
11
21
503
37
349
180
84
10
20
115
86
36
50
52
642
19
1671
16
506
3548
165
50
241
47
641
8
469
303
1666
427
206
112
125
84
29
10
146
334
47
36
58
4
182
36
9
26
8
164
493
11
34
67
31
522
136
44
1785
18
7
831
30
98
515
294
156
285
118
518
473
5
58
72
39
279
10
558
93
94
23
41
629
1877
38
309
223
144
73
51
64
110
25
749
71
60
1230
40
1213
14
5
739
54
110
82
19
634
1537
40
27
75
52
76
114
63
29
82
494
454
54
1439
98
246
22
23
82
12
370
28
7
5
894
55
52
28
198
196
1069
43
39
430
1503
157
843
736
44
215
24
58
26
8
5233
286
13
90
156
415
29175
406
219
1611
36
446
175
456
38
221
137
113
153
365
29
90
208
10
127
247
390
156
106
34
586
217
62
168
181
160
86
110
239
91
106
22
136
136
345
87
25
408
5
58
68
13
63
282
41
489
3
281
1027
55
27
18
41
195
33
43
18
18
10
203
8
24
112
14
51
19
516
1174
327
38
8
13
6
197
2574
6
3
71
30
34063
86
32
272
36
5
23
139
398
105
228
3
67
38
606
13
178
442
80
292
1993
31
30
254
363
25
242
18
35
16
19
113
410
339
39
2060
55
130
326
359
22
133
18
67
43
68
58
42
3615
77
258
252
14
28
16
18
29
54
41
25
9
133
27
49
39
144
3315
318
9
11
5
526
177
35
113
48
46
715
24
117
9
167
396
161
27
15
27
11
172
21
307
107
76
46
8
70
161
68
113
169
34
11
37
512
15
5
322
38
11602
186
98
148
168
16
11
31
129
39
12
56
84
725
1958
156
6
543
13
45
81
17
900
135
1769
66
18
11334
30
1041
610
201
26
6
39
16
438
13
401
338
110
18
41
20
178
38
8
29
111
19
116
36
410
6
20
5
144
1910
111
33
28
32
1057
5
36
231
265
24
50
26
83
23
63
959
380
5
45
625
369
92
398
1002
34
259
296
233
110
82
219
12
172
9
42
54
15
34
38
317
35
239
32
23
16
15
175
51
13
68
35
73
79
11
15
55
44
122
10
304
64
499
40
10
275
132
16
14
155
627
218
51
25
418
326
4266
9
10
31
254
226
5
18
64
128
151
33
12
1058
20
91
3
78
8
2
281
179
10
210
390
35
63
40
17
196
56
110
524
73
68
23
7
23
50
18
23
90
63
48
2530
137
371
76
61
156
41
730
5
171
238
315
2382
151
945
240
1049
60
461
17
14
128
25
247
38
11
1709
83
115
557
45
22
18
10
406
5401
153
536
9
18
61
195
46
14
10
244
31
67
92
111
647
23
35
13
18
3
141
185
161
4
48
611
44
139
11
430
246
419
275
471
1385
54
29
2783
4
1434
4065
14
61
31
282
125
556
10
32
361
94
107
44
33
178
125
698
83
35
124
253
244
205
108
12
88
636
38
9
275
276
26
411
14
7
35
87
109
56
50
52
115
57
112
364
10
44
196
3979
471
11
6269
23
789
124
111
33
202
145
81
150
62
84
5
103
64
193
61
160
8
38
7
3
51
505
15
82
37
81
14
7
962
29
3239
15419
222
20
179
64
22
887
185
2607
328
9
1406
23
36
19
53
254
416
10
11
21
64
11
1376
2
1438
766
123
16
282
229
126
1761
82
64
46
35
20
72
174
17
35
74
12
139
55
23
54
107
56
821
311
16
54
18
90
78
307
352
21
156
56
30
213
27
8
8
250
109
67
489
2
160
1537
55
285
53
379
121
1542
68
169
27
8
33
39
332
395
7
45
6930
24
15
209
74
59
131
404
155
59
32
283
88
151
45
751
41
435
218
435
149
785
149
3
1697
80
152
467
13
449
1494
6
41
13
42
191
115
443
20
37
119
457
680
24
56
27
55
70
26
11
136
114
231
346
137
2403
396
1061
390
32
13
27
16
31
22
9
36
11
57
63
3794
33
11
33
48
15
159
15
119
5482
354
25
110
40
9
37
28
64
20
8
62
557
33
127
9
38
65
43
11
313
936
57
22
99
7
189
99
172
40
4
6
111
53
582
105
45
135
32
11
6
14
6
75
21
9
14
8
478
37
40
43
18
1310
1138
82
131
13717
138
437
129
97
15
272
1503
18
39
30
2204
32
25
60
69
42
42
1098
461
483
26
290
109
573
243
3304
137
1839
41
481
10
7
187
1458
77
68
7
192
37
895
23
109
139
3
199
3
474
22
384
179
5
31
2621
696
25
35
84
96
74
5
36
51
91
26
225
81
149
10
114
127
511
185
2123
171
26
64
18
16
206
29
179
727
29
179
84
51
113
554
49
14
123
81
538
98
17
111
136
16
117
10
22
300
16
233
5
362
25
7
143
44
24
96
572
4
150
260
102
65
903
42
72
11
7
280
167
35
104
13
19
35
6
21
85
2006
33
377
24
181
312
40
88
186
43
270
23
104
147
31
396
58
5
1774
287
43
72
215
156
64
42
39
17
53
11
116
16
169
8
51
40
202
3
91
1466
69
496
24
50
208
37
2
66
60
107
47
25
47
202
18
197
32
93
432
85
2
149
12
536
65
19
104
153
4
851
230
16
3
435
532
19
30
24
16
136
105
264
31
17
14
94
133
707
295
26
152
992
1093
94
1305
179
853
20
132
3
1951
24
541
146
25
325
241
197
64
46
357
435
77
75
581
32
75
401
42
325
90
61
38
23
67
47
591
594
28
38
108
10
52
257
313
5
484
11
165
1161
248
317
22
38
37
987
66
8
66
5
43
1705
601
230
91
20
587
123
22
2708
31
22
1729
679
1562
405
12
443
899
14
19
19
177
54
281
81
1001
29
32
1
465
23
671
34
26
105
68
10
356
82
879
136
8
33
48
348
191
34
471
49
5842
4
2119
10
56
24
442
53
52
275
11
12
239
46
40
240
114
115
83
110
89
9
26
90
591
36
79
64
147
30
17
11
78
26
39
856
1237
527
22
18
229
191
133
247
311
15
173
110
5
57
38
12
155
38
21
20
66
850
69
1882
147
303
42
54
83
30
58
172
233
0
44
30
51
414
9
56
87
6
267
23
39
1918
18
40
153
316
1
44
17
683
1163
133
206
325
4239
19
86
9
2
46
470
595
6
465
132
17
60
84
415
15
20
113
108
74
23
28
73
149
143
571
120
16
114
30
13
10
141
5
242
128
21
122
89
152
176
12
115
94
83
251
44
35
196
16
165
33
3
166
94
3
46
34
81
411
22
26
52
22
101
938
275
33
12
315
687
1292
101
19
10
180
105
43
78
112
49
506
18
458
276
154
40
177
37
222
11
853
33
100
0
434
14
44
580
16
217
11
190
20
58
100
20
1447
19
407
112
3270
61
45
135
55
518
306
23
231
37
163
44
68
569
256
83
90
38
5251
8
3
161
217
101
8
148
31
120
66
52
256
534
44
8
770
57
178
193
51
118
1626
19
106
25
139
744
359
51
761
204
19
43
18
35
951
107
105
38
29
15
11
1494
9
159
656
845
316
166
158
42
20
35
26
42
119
77
6
64
106
92
8
1427
36
68
94
56
8560
434
144
67
37
279
82
68
11
1024
1427
28
70
217
111
51
19
46
39
379
45
48
126
69
34
61
62
417
59
143
37
17
353
25
26
119
16
7
5
151
532
6
336
69
45
62
79
67
2
377
8
216
130
8
532
311
738
12
50
383
10
2024
41
758
232
381
74
120
16
5504
85
38
72
64
361
14
1168
11
5
17
141
12
46
87
518
47
131
32
31
1424
6
285
28
531
94
5
651
4
14
100
16
84
181
19
793
66
48
278
26
14
89
600
18
6
33
60
19
10
127
8
159
210
252
101
13
34
5
57
142
147
469
42
325
32
68
870
57
257
32
75
2
40
24
1912
56
328
214
23
1124
42
57
18
56
68
151
27
77
57
1441
93
58
452
10
75
90
248
2123
203
87
20
174
33
83
43
16
413
26
71
322
686
68
153
50
821
51
88
37
36
13
412
30
16448
214
134
264
95
7
133
65
101
23
1616
134
3
81
183
1
739
1504
2375
129
21
67
409
21
52
52
129
28
436
860
220
56
188
72
1162
29
130
51
1787
15
138
29
13
39
3016
29
23
490
21
130
22
1315
55
168
299
89
37
24
4
66
10
243
115
18
150
52
6
8
11
45
24
14
141
231
15
31
243
30
167
42
533
27
133
756
149
35
235
504
275
3
55
892
24
84
421
111
1335
2
1113
85
709
15
12
6
152
10
78
28
160
1491
57
52
169
26
74
66
445
170
46
8004
1134
456
135
4
465
80
556
561
186
88
464
136
34
2618
162
271
141
66
212
256
63
519
1343
114
322
337
252
195
841
111
82
29
53
1072
148
267
11
573
18
17
16
315
91
17
21
60
2636
19
756
80
53
356
52
2154
109
52
249
29
34
50
13
64
30
327
28
616
324
449
3707
7
96
3
267
1422
622
33
22
28
112
377
3
324
88
148
67
14
3849
286
2
29
519
78
22
57
859
251
76
129
630
29
538
185
10
213
161
17
370
2503
728
61
279
126
143
60
59
342
18
58
78
67
81
493
1124
71
157
1021
381
45
24
189
42
136
488
440
6
181
161
200
35
12
19
1121
132
159
649
897
1038
686
142
46
52
21
112
531
173
13
124
221
23
17
1622
98
90
269
15
109
272
9
25
41
118
91
224
12
14
125
558
208
260
201
112
17
70
164
38
42
7
3191
76
583
59
333
123
7364
471
65
405
123
404
91
105
79
232
134
464
11
29
19
92
0
308
313
2692
209
242
2762
335
2058
101
52
60
6
146
183
151
15
111
174
8
54
135
28
233
14
16
135
211
68
29
592
10
26
434
8
8
74
26
12
95
22
104
82
52
9
17
319
13
35
6
174
115
2016
195
468
90
32
27
2442
70
12
30
36
482
109
138
234
661
1045
3
81
40
47
78
154
27
38
161
305
219
491
76
174
32
234
8
11
31
44
26
364
127
100
482
60
36
504
19
3027
452
25
431
159
3963
449
78
7
57
66
23
477
21
234
756
72
9
194
29
154
18
580
11
111
1357
38
32
76
164
142
30
1
126
93
40
28
320
74
29
230
48
96
21
1596
40
49
100
372
380
33
509
67
304
98
3
28
2
4
73
122
255
28
39
388
117
1267
142
151
119
1195
1457
176
43
15
445
30
10
5
6
10
86
208
389
6
74
151
530
396
39
117
228
402
33
67
13
105
23
21
32
52
2718
234
86
366
46
60
1413
3295
38
102
33
1827
80
347
10
222
120
309
89
31
16
31
24
1289
44
4
435
483
225
73
112
7
15
20
427
653
66
0
107
676
123
633
78
132
137
211
52
3
466
206
48
225
232
44
126
91
791
18
26
42
39
83
14
29
51
1143
89
14
143
57
81
258
22
187
190
153
849
78
127
2
26
156
13
22
175
243
90
3
798
1807
44
28
59
23
16
57
122
80
27
24
544
51
74
6796
4
10
617
619
190
8
680
55
26
15
82
199
6
9
293
329
83
208
227
79
13
7
31
265
628
68
34
478
81
303
17
27
623
79
31
1526
18
203
464
5
605
3
58
56
228
9
71
19
55
1534
2255
26
71
505
1482
1725
53
50
28
142
28
4
8
20
18
57
38
322
142
613
68
224
102
113
84
55
34
220
97
55
34
195
48
35
148
10
19
141
152
163
53
228
248
46
23
37
591
301
141
393
298
24
26
110
9
14
130
371
16
445
920
55
18
276
21
23
4
9
1137
32
66
193
35
461
41
80
140
14
519
112
117
148
5
11
721
71
169
0
41
42
111
80
599
21
96
104
28
70
23
40
761
289
81
641
7
2
99
35
41
80
11
57
30
42
59
147
0
159
44
17
1
25
41
98
133
16
21
348
10
15
65
273
72
81
14
7
71
172
51
6
130
13
397
198
9
651
43
23
50
75
1602
925
108
200
92
105
15
25
2295
10
132
43
62
104
267
107
97
21
53
46
18
12
29
17
28
10
1009
896
29
52
62
58
12
18
140
4209
1222
56
11
250
40
208
98
23
37
71
35
39
21
6
8
4
209
25
5
209
34
38
317
135
552
20
7
22
114
10
21
13
18
12
168
69
32
547
5
506
23
240
467
35
16
47
60
78
154
1
921
22
4595
174
15
29
15
33
26
244
49
23
106
9
103
656
28
263
8
157
19
34
362
554
26
47
349
168
65
161
95
38
58
113
162
19
11
14
107
793
14
104
666
22
64
8
7
29
633
2367
26
18
59
18
48
42
110
286
152
19
497
5
152
67
17
95
50
27
333
96
15
52
124
109
57
81
499
167
11
78
42
142
11
19
103
72
175
13
266
16
17
13
341
53
128
1168
21
221
98
321
78
111
83
199
92
124
246
134
6
2408
44
15
62
269
213
187
17
58
96
172
21
3
62
21
506
119
60
529
141
1
67
138
485
24
79
42
36
119
43
1696
235
275
23
1036
21
6
82
358
82
14
17
25
70
659
75
21
3
272
128
57
51
45
209
351
191
8
103
119
24
24
29
358
155
9
24
46
175
41
44
151
76
528
430
16
35
487
72
111
646
29
987
24
53
290
51
714
1236
1522
11
206
751
58
41
33
49
88
1665
33
29
16
257
51
12
50
838
316
24
25
28
1423
360
14
242
35
210
18
12
71
89
30
38
40
1061
438
54
94
2465
3060
642
1115
10
30
73
177
97
55
9
697
283
94
59
23
65
55
222
1112
196
17
24
20
11
80
15
31
80
36
48
134
173
1469
362
345
75
67
162
16
126
56
86
213
167
191
21
13
14
21
325
7
42
8166
36
477
12
19
30
1749
397
107
21
34
36
118
54
811
11
437
12
20
10
45
15
61
414
1983
118
1799
9
33
20
56
39
23
11
14
16
141
350
39
40
12
749
371
187
15
79
64
13
97
30
7
8
41
152
61
210
14
22
59
141
43
144
147
8
286
1322
42
108
397
13
441
60
210
114
4
36
62
113
21
211
8
5
413
23
67
28
45
484
47
28
174
484
46
66
64
1436
62
19
35
263
61
77
39
268
741
8
323
66
8
75
10
2
132
138
66
174
17
20
16
194
8
22
11
50
22
94
107
779
138
32
115
18
201
382
554
6
23
52
14
223
31
80
531
80
1117
25
14
28
913
125
1283
9
216
14
320
25
134
14
66
3691
421
45
1630
62
105
80
51
10
158
31
186
23023
166
37
26
729
20
22
12
246
34
633
18
138
624
115
283
5
59
423
224
2
329
170
338
53
25
15
326
10
52
472
114
203
9
629
78
123
10
36
72
461
2356
73
9
37
25
108
5
3
5384
13
26
229
38
22
25
51
87
981
8
6
2408
13
113
16
290
8
11
3
150
33514
25
145
451
98
426
276
98
164
23
103
66
223
146
47
364
1288
16
6
182
2659
68
18
55
28
26
92
21
205
2831
286
760
91
74
569
407
120
67
29
22
188
251
94
193
32
181
28
15
37
9
976
65
27
77
74
166
16
45
318
43
6
75
110
126
190
86
13
151
137
14
36
27
202
58
142
82
20
105
13
96
56
31
12
128
49
12
334
350
78
2
26
152
53
4700
212
24
482
41
21
37
2067
128
29
511
24
45
4
63
6
27
54
213
1
138
142
15
16
486
152
2568
49
18
552
371
181
1361
59
172
13
479
11
10
309
14
206
542
166
281
51
33
4
13
518
543
554
451
531
43
53
33
31
33
72
5
40
2
353
113
49
306
3
25
158
160
293
21
1362
18
17
81
6
101
120
119
1620
383
49
48
3348
37
253
28
244
690
57
2252
15
11
10
12
2866
204
80
9
22
24
5
62
129
121
133
1
2
24
280
27
14
294
109
377
176
41
39
63
14
146
408
131
188
14
14
402
177
234
394
164
24
56
53
14
595
13
30
96
449
348
414
45
357
15
955
5
275
67
25
1288
22
86
426
225
69
111
190
126
43
465
154
488
424
156
19
2576
110
89
156
555
844
92
4069
163
61
548
74
487
2
344
43
396
78
250
65
184
46
5
7
20
10
49
8
33
136
1379
11
45
414
15
81
3502
207
99
38
54
470
13
949
11
77
4542
94
163
162
179
412
16
106
176
112
56
57
6
70
13
44
1
1
56
221
182
56
5
446
382
1265
19
240
221
135
18
74
105
18
147
53
125
66
673
14
399
71
114
4
7
231
97
59
45
127
28
67
553
28
11
694
115
616
142
20
65
41
31
25
157
11
64
16
458
111
141
1648
2636
73
458
527
88
221
102
53
117
41
51
528
364
653
1784
264
30
37
2028
3105
1061
18
241
31
97
7
354
2717
352
79
396
60
19
3
5
95
345
8
120
277
53
42
11
10
218
8
3129
37
7
75
12
15
229
74
8
76
157
271
167
65
425
32
14
42
75
47
314
437
56
12
37
3
191
88
599
107
767
52
30
105
8
123
164
27
24
11
17
10
91
99
50
6
860
253
50
3082
29
167
31199
124
2268
74
23
74
130
29
55
251
8
347
266
47
255
31
1211
11
78
129
7
37
53
1357
569
6
51
101
177
21
1275
72
75
35
139
49
101
34
293
861
1156
33
206
128
645
36
35
49
565
142
164
130
140
60
41
432
238
300
599
38
17
246
23
113
32
59
294
171
32
78
22
16
540
69
49
189
334
16
359
1
1077
229
11
462
251
219
24
9
18
30
44
81
672
64
34
168
130
66
412
48
43
345
79
125
11
1250
3234
9
34
188
13
109
71
12
9
127
66
56
46
139
451
22
104
147
200
25
127
43
9
28
377
53
68
331
39
30
14
13
59
84
48
159
119
309
84
57
18
335
136
74
9
84
2097
111
129
104
90
527
90
168
8
11
113
34
10
46
18
947
46
146
61
16
39
28
10
22
31
286
149
50
421
119007
19
257
30
41
5
14
76
230
51
678
188
236
35
111
992
27
275
227
7
254
398
64
26
44
47
16
49
73
270
50
21
613
694
1180
427
340
292
132
193
74
103
34
20
160
8
81
419
55
12
447
2638
149
692
16
7
316
57
14
105
160
19
129
2104
87
191
30
9
27
150
589
100
99
21
75
7
435
13
29
1635
347
53
34
99
40
498
27
41
837
18
32
146
7
53
1041
262
134
167
32
5739
138
5370
730
578
9
135
6
38
85
7
303
62
123
201
104
55
26
63
138
469
1374
87
296
52
442
1498
29
367
565
91
100
38
139
78
1499
899
113
18
560
146
39
34
663
506
450
1286
284
250
25
173
4794
220
40
16
81
271
57
69
10
52
52
193
12
344
292
11
109
356
99
1079
344
377
162
96
155
297
248
470
13
22
313
19
91
424
325
211
65
149
849
69
15
31
83
860
99
12
399
95
36
143
139
915
15
1010
2949
33
24
70
8
124
5
9
20
28
46
18
135
151
47
175
64
498
146
15
19
73
476
185
1962
24
22
35
25
133
430
21
164
12
103
772
34
746
7
367
4
50
62
282
35
46
18
11
1580
33
7
180
37
7
12
233
473
71
110
7
7
717
10
32
115
301
234
50
59
41
592
130
436
444
50
29
244
67
115
245
12
50
175
579
1437
20
359
6
59
97
619
92
122
46
121
386
75
6
87
113
59
28
48
65
2566
66
32
108
186
74
21
1455
11
10
17
112
1163
8
10788
11
92
10
11
125
19
37
95
421
118
42
11
329
676
108
402
28
1055
20
7
255
73
362
52
903
61
1488
22
36
24
51
35
65
325
37
15
112
24
31
18
146
10
189
121
161
381
393
1
36
3
45
12
30
21
16
61
41
3807
29
85
25
74
220
33
20
915
1432
67
182
12
17
4
45
6
10
2
26
219
95
190
330
105
91
30
79
627
131
113
355
30
5
48
30
110
4
58
19
112
20
201
312
844
716
224
570
39
493
36
338
59
57
1514
32
11
31
45
144
100
4787
261
42
407
17
5113
266
218
29
73
27
45
1038
52
31
2
12
35
34
11
126
4863
12
46
12
17
25
123
86
67
28
121
227
70
197
71
11
14
204
814
93
243
220
318
586
104
43
56
54
53
58
37
21
38
58
50
655
17
968
137
38
965
23
26
64
26
414
72
31
341
12
19
2619
60
220
3944
117
70
257
11
2057
124
119
611
728
4
60
912
297
238
9
609
58
198
292
6
22
17
7
21
57
155
669
108
248
139
33
113
1548
36
18
5
603
19
7
37
28
21
58
566
70
201
80
15
143
460
65
71
26
198
22
206
12
58
211
392
93
22
159
18
85
28
36
211
53
113
52
88
7
39
52
168
142
45
11
7
133
1193
74
25
319
44
47
227
689
287
4
90
27
22
132
32
27
79
255
150
0
591
337
226
18
100
56
71
160
15
698
20
338
19
2516
69
15
27
6181
43
44
806
51
448
2429
444
255
103
330
99
78
141
18
420
309
55
945
140
96
500
4
62
366
62
59
1478
79
90
254
181
22
49
77
566
35
45
236
67
146
289
244
43
488
243
874
103
41
302
26
1105
8
102
1697
322
53
693
333
199
144
5
19
15
30
10
89
12
2
52
3
504
66
348
105
430
810
511
3
148
416
13
66
306
3
227
402
7
105
531
99
237
1069
148
143
82
63
143
38
768
34
1502
15
291
317
71
152
45
53
3
240
1698
63
37
652
4
109
34
114
309
93
44
15
31
35
320
14
29
776
19
32
456
172
438
33
92
13
342
895
30
17
247
31
42
124
31
264
10
7
70
11
24
36
266
827
44
974
62
5
86
217
702
31
1668
19
38
197
200
396
10
270
18
18
126
53
136
181
229
0
3
505
176
279
28
103
2040
199
49
858
715
45
11
102
25
31
66
2016
24
11
56
28
25
431
154
11
17
32
498
343
18
734
36
5
79
13
14
14
12
718
71
250
30
63
776
9
6
19
646
540
454
82
203
9
30
98
578
398
4403
2420
85
82
687
31
170
32
89
128
32
45
32
546
1924
15
106
19
15
108
386
339
22
89
188
14
977
13
160
20
18
311
221
13
19
824
31
293
341
689
25
54
72
65
78
31
337
19
509
652
9
31
188
476
3564
28
470
445
148
38
103
67
6
420
1697
11
11
137
188
5
34
31
29
319
314
2610
139
500
3528
11
22
326
349
284
115
4
1146
72
73
19
463
54
43
101
26
206
126
552
450
31
127
168
10
47
109
130
46
39
10
15
399
6
12
17
121
45
38
43
125
20
63
490
81
17
13
11
1386
49
123
309
111
39
61
29
40
25
169
11
68
91
85
20
21
21
696
215
9
138
16
156
29
451
125
16
66
164
46
333
17
270
136
98
52
67
940
103
7
1257
76
22
134
9
336
316
319
40
541
55
246
49
439
14
51
122
154
102
60
679
1148
5
56
153
6
851
155
28
28
41
408
4
1140
12
610
5
92
3
130
18
21
98
1027
0
986
92
27
175
32
11
24
12
32
249
87
339
35
12
91
24
114
327
422
44
20
78
162
1562
166
736
295
205
148
7
62
6
1060
358
29
33
166
11
569
295
743
112
65
59
27
37
215
664
437
103
91
253
321
261
29
114
14
27
748
16
64
195
30
36
26
143
3779
45
842
21
139
35
48
56
21
14
46
30
103
15
148
53
62
15
26
971
32
116
39
68
345
98
20
21
82
52
12
356
453
532
222
16
50
11
16
47
21
134
1952
623
1363
405
17
109
8
154
116
159
258
63
9
233
15
22
189
234
271
11
231
16
33
248
604
737
32
100
10
55
120
26
22
23
9
27
36
235
512
435
12
23
51
210
514
22
322
28
1490
2
294
192
9
9
85
20
41
496
139
27
324
15
34
176
867
67
194
9
18
600
134
1618
58
243
41
754
17
557
53
24
38
33
1504
38
1671
620
4
39
11
286
17
63
669
103
24
30
35
70
107
6
199
55
39
115
403
51
25
15
911
256
31
69
223
94
349
14
227
62
286
194
241
368
68
425
11
23
413
54
1980
50
50
20
10
19
209
238
94
98
49
182
169
18
10
143
9
13
54
89
18
40
52
295
195
16
53
173
16
243
56
242
17
168
58
28
15
6
89
44
1184
8
2421
112
13
48
501
27
21
269
22
248
106
8
161
465
24
40
31
56
91
16
632
31
132
50
92
12
71
9
34
812
203
373
17
116
25
31
1084
2904
1
40
1546
616
345
121
13
230
52
42
177
61
42
64
9
52
79
33
50
7
35
682
43
551
1
41
46
19
31
86
50
17
10
5013
91
114
33
190
51
230
1314
108
43
29
60
103
89
32
574
43
29
408
144
25
278
412
181
184
30
79
32
1303
58
6
2
181
252
223
478
566
257
45
12
725
25
14
114
226
157
203
10
162
666
616
201
212
27
97
29
26
532
27
14
45
5
775
88
210
19
128
56
43
4
131
41
559
44
341
103
76
810
78
8
5
290
473
12
3796
96
141
217
70
193
19
99
867
13
600
16
30
9
169
62
332
217
26
64
200
64
37
66
710
174
114
341
56
198
475
81
9
31
1524
26
24
113
846
4
109
5
9
41
497
13
156
59
9
15
75
33
996
4
281
76
138
10
3269
12
18
213
48
11
99
34
111
24
101
64
10
28
294
84
519
102
205
42
7
47
12
2578
94
55
41
287
923
809
95
65
90
115
16
418
40
812
30
64
478
17
395
48
8
14
20
294
30
112
415
17
183
15
285
221
637
151
273
2
96
101
98
61
12
85
197
306
45
304
31
46
69
29
79
26
186
6
209
193
63
530
21
27
9
51
162
278
50
10
14
140
2
26
14
51
20
243
16
113
33
38
170
195
61
238
57
246
7
835
17
36
45
27
122
15
52
109
118
2414
18
16
21
77
8
39
216
57
142
150
61
109
58
63
2464
117
24
140
14
33
299
192
5
7
33
559
227
315
35
49
54
21
55
237
4
31
14
5
21
30
20
12
16
230
46
33
246
136
130
37
23
14651
93
10
36
10
41
242
75
62
7
121
128
325
9
70
107
12
90
118
128
61
50
12
177
185
72
59
71
38
78
267
152
96
331
224
290
57
216
788
18
626
419
53
5
84
8
134
37
14
174
108
35
25
406
75
90
1436
1116
12
24
2021
10
1371
369
25
19
28
29
453
13
52
23
244
14
38
268
20
59
252
899
176
49
20
154
887
25
1
646
104
327
2938
5
98
4893
24
