1729
4516
7443
446
1423
931
1439
1932
1428
349
329
2107
1250
2012
2278
2256
487
976
2409
3724
344
2222
2253
1010
1255
537
317
356
877
476
2170
1142
3258
60400
986
3580
4033
770
2162
878
4036
1825
1271
777
1439
1973
2671
3402
1340
2280
508
1393
531
3105
1675
1010
5544
20951
1069
1642
3175
774
1053
2175
3717
3891
21937
637
1005
4806
7285
994
2134
1239
571
1150
2470
12128
1202
1436
367
1054
1208
1538
1228
4452
3259
1654
3833
859
3572
4011
198
8436
11770
708
470
541
2369
523
4634
1834
5116
1752
710
1125
3057
325
1566
449
1780
2901
1145
1433
3457
525
4078
932
1892
1369
1345
1803
10665
2159
3024
774
4763
5092
1374
688
13369
374
1020
1657
387
2594
5445
853
595
854
763
1769
3795
8024
1892
607
3051
2023
658
1555
1852
2675
1587
11609
2216
769
10792
514
2884
2902
1977
1454
4903
1404
872
2108
1756
913
1727
474
3827
1047
1514
2886
6630
3677
1547
4623
2521
2404
1146
478
1211
1159
636
1984
630
1855
523
1127
6220
1359
3706
7397
7628
2926
368
2154
2699
1069
906
1290
679
1750
9789
412
5191
1497
2945
4067
1160
1261
1111
1721
1544
1316
3365
1636
2272
7694
5109
1685
3012
1891
686
305
2042
6679
478
661
949
1791
3840
3153
650
2704
2103
419
349
1250
591
2797
357
4710
560
386
4739
2701
3105
1487
2797
1890
15086
1097
5504
876
1170
2187
1512
2119
1220
7693
1507
717
5931
1150
549
1508
1261
6163
712
2474
1339
1879
3089
1599
1507
1101
759
739
42536
530
923
3574
1127
3712
3746
2793
1255
1999
701
3546
3940
461
2835
4931
3876
3577
1747
704
3336
17913
7102
4745
3284
555
1548
3764
1543
660
355
588
1863
1755
1092
1125
2763
1798
1662
247
738
1090
4115
2576
1257
6254
2661
605
2627
3311
1995
3081
1444
760
1295
1689
1638
955
347
312
777
3206
1006
3332
15142
10798
236
787
11524
2018
38739
16958
1709
1828
1133
1553
2629
850
1708
1275
2230
2111
1858
1168
3121
3096
3399
966
65556
836
1225
2019
5464
3530
2738
1507
407
956
1950
2967
1862
1675
1508
7962
733
6766
965
5313
1402
1531
2774
2972
3545
1113
698
1883
662
2106
1661
5110
1131
1208
4669
2069
2709
2075
1920
855
4285
951
2169
8315
5176
6799
1156
880
1133
1358
3274
10019
647
3132
3806
1257
4840
5869
1167
1427
1232
1421
334
1571
2537
842
1721
13493
5160
2086
361
18313
3197
1951
671
3005
824
298
3166
407
1509
53720
514
614
1882
3240
1956
1788
660
3440
2238
12292
1184
8486
580
1401
1907
491
1388
1769
4721
2881
5989
3224
6615
2676
518
7215
516
2392
1419
993
2907
742
996
1668
970
751
1611
1681
868
1204
1805
1084
2175
5042
2800
3169
1279
3104
1556
564
12601
1994
1513
2760
2360
3187
1803
2083
1238
986
441
6006
2720
1342
1276
2198
914
947
7485
1281
6349
3274
2302
15076
3146
1161
1480
1882
3625
1386
4273
1572
2453
1759
1939
2070
9113
4196
3107
9533
872
736
1040
2558
1293
8017
3503
1593
1510
2677
1914
1247
3300
245
1311
2875
1611
5174
1697
1840
1330
756
1357
760
1800
2146
736
3399
2689
3136
4469
1307
496
3074
934
21865
1174
1568
1063
674
1004
2902
1465
2665
1041
768
648
1693
621
2103
1789
1468
981
1134
630
1013
583
3334
1944
1181
26550
1374
340
1593
2199
2769
533
2559
2418
3094
5199
2091
1996
2746
1159
768
949
2319
4683
3820
877
1361
1125
1123
5639
2120
952
3576
2844
1354
1738
13865
1683
1359
1075
2462
643
4388
1393
14943
830
1254
1607
1807
1696
2877
1640
6061
382
1097
505
2229
1788
451
1554
4328
6946
1992
2868
1220
3485
2019
1013
446
4793
2636
2333
2419
15574
2792
1526
3790
295
2531
1197
1696
3522
2392
1051
455
1016
1857
873
1467
2554
1733
2523
2318
1365
950
7396
10762
6239
522
1625
993
1463
2215
866
684
12111
5423
969
1033
10910
2371
1697
9729
371
6589
1605
757
576
2827
3854
1594
10717
2633
9063
2010
2337
30996
2631
1295
740
2780
4696
3235
2881
2621
2265
770
327
2292
4368
2439
2794
682
411
606
1649
324
1421
3645
3346
1023
4259
1674
2370
603
1276
2196
494
6949
2494
4457
3867
1301
1720
2517
777
1552
11231
4008
397
2936
2134
612
1187
968
1578
5533
1609
3447
754
2891
2290
1141
536
642
3456
1961
1538
1773
2885
1127
6825
1153
5428
2579
1112
673
1722
844
231
3117
1933
1313
330
1143
2328
2648
5330
1666
41157
3254
1657
1341
3407
5068
795
2648
967
6474
2938
4781
850
2089
1032
983
3455
738
656
3815
467
807
48151
485
702
2894
18743
3439
564
919
3684
8731
1249
2373
627
1456
1815
2263
719
875
1436
1404
3459
7235
8573
1456
882
2366
4368
1198
778
902
999
2582
1430
1019
2021
371
653
1498
607
1012
452
3701
7900
6583
895
1512
515
1659
5882
2399
3032
3203
15068
9484
1405
1164
909
2402
3281
1997
929
622
3212
1525
3487
989
1206
2546
1298
1629
2737
2933
606
4685
1283
1621
1097
1810
885
3554
1819
2607
2819
10268
2873
2375
6682
666
467
2774
2932
2359
2274
1785
1425
652
1189
831
1865
4906
1506
14907
1409
733
1959
976
904
440
2118
5226
1432
1161
3898
827
2380
2677
1543
1055
592
936
2611
1640
2126
14395
589
907
2130
1357
7189
724
820
3325
748
2485
1123
2096
10240
3372
1614
5005
595
996
1397
2732
4407
1821
1432
2766
592
1223
13111
5993
1179
814
1749
924
324
562
917
821
1103
2047
556
5467
3233
1046
2038
730
711
3360
2156
1181
707
1183
2323
2848
7744
1570
3326
2439
2938
8420
1184
1663
1042
1818
1365
2284
2308
6852
4483
1576
294
2180
1247
3408
5682
3156
2671
1197
748
3252
7341
465
5202
2664
603
542
4978
880
1113
1693
3111
2101
9519
815
2150
1407
1966
1295
796
811
2496
4002
2840
520
2092
1313
19332
1350
3581
1140
1497
346
614
1157
6503
1082
10368
3308
1277
575
2405
6873
2173
1321
5452
362
2080
844
1540
1026
3053
824
2038
3186
405
928
980
553
2797
524
3450
1058
618
3199
2473
1476
1442
2135
765
3151
1136
2901
1327
3174
1453
445
5527
712
1032
9490
3063
5474
1689
881
581
1429
1455
3651
1229
1380
1719
745
609
561
1045
860
685
760
464
1949
5527
955
1291
1929
899
3225
1785
327
2955
6529
1476
2413
659
1409
1882
3810
6137
1430
4857
2253
1859
1787
3179
4333
1503
1313
615
15922
8370
968
1357
2945
2425
164722
1675
1300
766
1475
2317
618
4522
6009
805
3106
5777
2204
2504
6984
2003
681
782
2461
5737
763
469
1897
2482
3198
1128
504
2783
3524
1623
4177
2911
3238
3670
851
1899
1358
988
1484
1122
2711
3787
1702
6205
1741
525
3723
1124
423
960
628
1164
455
563
2693
1553
1139
1155
8654
2882
1961
2411
1500
500
242
416
467
2016
325
544
2893
980
958
2233
2075
2516
625
551
2733
2470
2023
1163
11921
4140
3668
1604
1910
2254
1237
1042
2767
2308
2171
809
4893
964
331
466
5945
6384
1506
1997
8851
963
796
2235
1214
1665
971
878
1322
521
486
799
1447
2174
204
566
1787
1140
4683
1661
782
3812
3593
5976
1871
1975
2216
301
1506
1010
969
1996
601
1757
2303
5519
2364
2064
3410
5568
812
2581
2381
3126
946
435
663
18544
1098
1411
9258
2983
3509
1244
1305
5082
2325
1955
951
2750
1371
1413
2585
1463
4429
4490
1638
1658
658
377
1037
1353
807
1896
942
1147
3832
1194
480
388
1138
836
1409
2771
840
5173
1185
7963
1544
2325
2769
290
9699
3143
10792
498
3805
5711
468
351
800
1227
16717
1221
1481
899
3371
2129
1766
2207
7361
7022
2299
3391
10210
665
1234
549
582
626
4575
1680
4136
4809
2097
650
276
1153
3147
2642
3419
1801
980
3349
1372
1258
1911
1074
8455
3190
2174
1301
513
27079
1545
2661
1249
784
2643
902
1321
1806
2590
504
1367
1283
4248
1139
535
1504
6815
629
1700
1142
2937
3572
2024
2056
3006
1805
606
2181
2131
1091
2327
1470
425
1248
677
4207
6003
1317
2629
1007
2790
405
1983
680
8021
1515
2707
2966
2292
1411
1465
3249
1049
1736
358
10057
2977
664
2615
798
1622
2558
871
16480
704
843
1102
634
331
4887
2227
2835
1714
2281
983
5454
802
1326
405
47952
841
5063
3022
1189
1455
2804
515
2074
3498
2752
2396
48449
2582
619
5670
1099
1199
30054
1849
704
262
2320
1044
2248
1187
4279
2883
2961
1378
4909
831
3709
5232
567
2658
3650
2873
1830
11547
663
1514
1925
2333
1760
976
1500
681
1534
2059
1247
5649
3620
458
415
4330
596
2279
2349
1216
799
5715
2313
752
2159
2059
991
768
1256
1351
572
2217
1902
1417
2077
8305
1505
314
1547
9362
512
4430
3425
875
2854
5615
589
1656
2409
917
607
1893
1842
2022
3848
13549
2451
2040
2041
661
8666
1802
378
1345
9025
1297
422
863
2414
593
607
2646
3307
7360
1262
618
955
1832
1163
768
650
1375
7451
6698
588
2927
4991
1296
1187
3440
4238
533
2494
6086
3061
726
987
3312
689
585
2906
2758
2691
314
1114
1667
1604
540
10447
1390
365
6370
229
2150
1188
842
3466
868
2384
1141
495
538
1112
1974
773
1082
1671
8502
964
1531
5717
3535
565
7289
1300
699
1302
3020
1838
2787
316
1903
1852
3752
780
1263
4574
8008
1033
2188
2389
5257
7782
1485
1360
543
15061
2091
2700
701
4196
2359
716
1591
2131
1432
5445
9657
1079
3667
960
724
1115
2044
1204
1505
369
1945
1155
2168
1870
1006
2357
2374
702
749
2859
1181
3861
736
3611
647
842
757
3625
1015
1738
2385
698
3134
1039
2022
954
1753
1326
8274
8706
357
1977
458
1503
1149
381
887
2194
1546
1168
820
641
1226
1071
9488
1719
1009
368
2503
1069
3040
6962
517
2514
12935
17646
1766
762
2150
1680
7868
1569
1881
1750
1838
2836
1284
5159
4385
1604
2404
4185
2541
1803
44122
22614
2742
986
462
7725
695
722
6991
2832
2351
1018
496
492
859
1820
4983
699
1783
2531
6491
846
627
567
1161
2292
850
980
13725
896
1914
2901
3027
1965
730
760
1223
1764
285
2342
770
1781
5516
1522
525
2475
2279
746
3856
689
494
2127
1211
628
811
1246
1477
2254
3509
2165
12589
5271
666
793
5140
1446
1095
403
437
8743
2586
3544
781
6440
2895
564
960
1388
11437
1947
1668
3191
11332
944
601
3670
1359
4105
378
1257
651
4865
2044
2137
300
6520
344
24750
1350
1979
3717
13810
2087
879
1231
1475
1093
652
893
399
2113
5855
4500
2358
1500
3974
2741
2192
3900
997
1331
764
911
1092
1445
312
5992
5206
2486
1471
922
803
1328
2130
11866
4162
1115
8062
1570
3062
1115
1659
1117
7014
1419
2907
2937
2463
554
442
1251
5662
1533
1710
374
2379
2966
1732
2233
525
3783
485
625
475
1065
922
675
340
516
3393
1580
2217
2137
600
1568
1046
1016
211
587
501
2582
2928
1277
1366
719
2289
1280
3036
3395
333
2835
2482
888
963
736
485
2081
1399
741
5952
1098
8290
22365
1763
1126
5054
19482
501
865
4984
1333
4999
1477
2046
3143
1578
961
1314
4145
3081
2901
1150
690
1839
845
502
1746
3322
1524
2417
4553
2151
497
1846
2620
7638
950
1099
3041
3393
807
1526
2224
1043
1572
2411
1382
484
1936
1380
8458
1727
1693
994
585
5158
593
384
8655
2589
5957
1811
110541
8852
461
17654
1320
934
1065
4649
1641
208
1093
458
3676
1202
4732
1127
683
240
1834
261
2632
1716
559
968
220
183
4616
781
212
556
652
4650
775
4064
572
161
225
185
1067
1038
1328
309
423
1385
209
410
191
1190
539
480
1380
6269
318
1437
958
251
513
5212
2687
321
729
587
1638
185
4533
1811
524
283
185
2573
274
942
480
624
662
1057
151
353
651
2922
767
479
241
1133
476
566
586
572
1115
594
1514
867
871
4689
3245
1696
317
1831
201
211
1540
452
1409
3073
372
648
109
129
926
1093
211
280
99
9725
971
547
547
312
104
8877
2742
1000
341
204
388
637
806
4010
5972
809
501
830
4951
8631
3964
782
103
7934
183
271
2988
1499
1292
811
4944
366
359
180
538
1173
618
999
3407
1728
774
1103
249
1303
3216
551
293
290
642
3831
227
1531
10686
3702
861
213
3121
401
1070
344
3326
284
1869
281
826
586
4457
234
2085
264
824
2430
1887
4489
1743
1290
4809
1079
560
569
1257
766
2430
298
1933
674
1862
332
1500
4035
362
379
220
406
2098
272
274
1568
2939
435
1406
281
652
606
199
1675
1253
1402
713
142
822
149
185
662
603
308
1978
573
464
630
2329
141
363
1219
258
2057
231
427
186
2566
321
296
796
252
358
753
1439
792
722
1368
2074
235
85
4466
174
1533
383
559
935
3818
481
609
3253
380
10803
458
1545
342
301
2138
1866
108
131
837
462
1318
1148
147
2052
148
145
508
1331
60
275
1429
1037
211
4111
1720
446
900
316
510
1927
4359
3156
1973
1764
807
1121
2302
585
388
531
241
1032
674
120
1185
842
459
12027
283
146
680
238
1476
180
1287
111
381
1907
619
365
1457
159
2379
442
2394
2129
1873
563
1202
691
148
341
417
951
113
247
136
618
128
195
3010
464
443
342
189
677
691
1406
19189
301
185
472
258
1270
1681
342
900
513
2476
247
297
921
1092
1782
471
414
243
907
475
280
95
146
266
1364
213
460
735
195
784
1406
354
380
307
1824
158
3820
555
190
1924
255
272
1084
263
1665
1224
7719
373
628
418
1496
311
171
332
509
925
249
1462
584
196
4283
1022
731
361
189
1016
180
1285
100
889
254
17624
1313
567
3406
465
1125
5000
281
5118
1631
2648
1456
422
196
1278
117
5107
316
149
357
1747
2400
1167
237
768
1058
1265
2869
248
127781
3661
303
3846
3162
262
552
631
221
2368
233
208
1843
632
558
354
1122
861
285
842
197
2526
1767
1402
661
275
702
1254
629
1298
720
278
641
8318
290
700
418
560
1689
84
453
221
269
2645
1150
353
2054
4320
78
1883
1812
14152
1007
8997
303
2575
287
2028
137
3245
621
2775
507
734
581
418
1369
233
2450
361
105
846
616
683
195
4299
1569
90
713
425
702
299
414
224
1262
244
450
241
92
191
452
1419
389
110
79
1582
218
1158
2282
1772
1068
491
153
94333
2982
715
290
557
235
932
293
269
1251
648
2487
819
169
1289
976
3067
123
215
562
176
146
1755
320
1118
1402
8176
6490
383
459
810
1234
54
638
1184
729
841
2876
903
1960
2558
445
535
486
87
294
563
12647
163
289
14996
772
291
2048
1086
195
251
874
435
785
357
210
3246
1122
256
111
357
71
989
555
650
212
197
3600
537
3346
748
1678
415
2489
589
1644
1393
241
297
2469
247
7125
1367
1128
219
180
203
588
940
1359
167
495
737
6275
466
576
1134
1371
554
1833
561
346
1810
2181
321
521
1893
963
503
1994
1174
555
2250
366
1868
1913
264
7889
1383
682
1940
773
91
357
1062
1259
1987
543
859
1088
193
771
2054
417
1421
1227
254
3123
1818
336
114
439
333
1272
1613
671
315
505
289
15796
128
232
1043
6725
1930
436
1855
1222
1153
258
264
346
124
299
422
155
110
421
903
613
1639
316
547
288
1522
2242
1841
229
5998
2362
3350
259
17748
394
752
565
5500
59
384
411
509
797
428
2696
306
1260
441
17564
372
1087
296
2717
238
452
1023
501
1271
354
3649
355
707
162
244
711
2094
80
1619
160
374
676
364
651
14026
1192
479
348
151
1104
604
4168
81
1481
149
497
426
1662
386
731
1171
4392
590
2490
484
941
304
1127
7754
1643
1102
820
261
119
709
519
1814
3560
3787
165
503
81
1404
7832
790
3202
2377
1548
856
723
778
282
221
3176
11487
4775
891
1075
1360
256
299
1984
612
332
5327
714
985
662
139
179
1066
1551
1017
222
911
542
606
2671
1525
228
1982
374
168
547
235
512
104
147
310
441
1961
2271
2522
227
13581
3162
404
296
538
356
2387
177
106
665
244
964
249
2372
508
145
190
997
611
142
116
1461
1143
6612
585
637
360
112
785
351
564
763
326
145
2033
715
239
617
264
259
391
764
230
3421
6318
252
2552
232
505
224
2645
1551
190
267
115
346
311
145
1122
538
186
329
867
103
2459
658
444
1215
1756
1325
1174
711
395
1336
647
459
201
368
469
138
3324
313
4489
300
3136
358
2979
1118
193
312
2154
1631
390
1020
2730
1439
11406
66
329
575
720
519
215
1326
150
444
504
78
677
260
2471
1053
429
2393
547
454
503
2626
565
1121
8758
235
3463
168
361
1499
912
226
422
307
3354
1743
1815
1072
557
9054
2658
136
624
3406
1664
370
5584
2178
269
156
289
10629
1554
635
2626
921
560
1073
257
179
1175
1556
314
356
490
207
3974
1198
180
6625
1830
110
359
729
99
818
1584
407
16528
161
106
1133
765
672
344
342
404
1253
404
598
331
345
3205
849
4440
737
789
932
449
764
419
259
432
698
418
165
152
1083
354
2711
283
80
574
224
1303
3611
511
1790
1298
417
481
538
293
449
1321
2015
951
381
685
2935
777
2890
1456
180
522
754
1125
2567
192
711
225
922
136
425
129
585
16724
91
663
510
364
1302
217
2488
1492
340
1014
1696
3278
5239
251
47308
392
390
620
1750
300
240
1189
1611
1151
349
350
588
268
343
2849
179
457
1429
1096
269
682
2235
634
1360
4365
266
865
7680
422
399
193
188
97
828
3130
896
1116
4723
326
461
860
907
126
3150
123
340
342
442
405
436
282
539
15009
267
3778
245
274
293
1468
2043
405
1264
887
2300
866
471
2105
4360
484
582
1667
262
717
6126
1027
1774
1065
5346
765
191
899
135
190
2784
366
340
352
167
346
599
2753
695
1027
1567
840
753
2114
2567
689
554
919
2169
327
493
1169
1381
3074
1888
404
76
702
1382
538
592
142
152
510
325
273
841
4612
361
135
196
3117
2728
517
262
691
1486
498
321
85
192
277
764
260
255
578
426
416
435
121
153
928
362
2741
3539
4741
404
260
620
374
307
2272
152
187
439
1190
252
280
1903
785
129
231
3634
383
651
1104
87
2789
149
580
112
1518
531
1901
439
291
291
155
552
6965
455
1111
669
5773
1741
351
498
233
2188
1517
221
300
554
1521
2002
1046
336
1050
1378
854
201
365
442
1327
1077
218
178
683
644
393
633
523
5156
565
182
1514
211
6466
243
533
349
1237
1536
328
599
834
161
17462
429
377
7065
884
893
141
8210
96
1442
301
739
1097
418
590
447
432
1048
3450
302
316
215
1538
1197
138
1136
271
145
463
1624
142
2387
185
370
363
341
571
570
126
108
345
1516
224
325
1368
842
500
4698
1125
2628
1900
649
218
841
4451
624
1853
380
636
1474
115
511
330
154
1402
342
4308
1398
1233
1260
271
1470
1186
918
272
577
169
493
6324
229
382
594
534
266
754
2209
371
15978
86
132
1099
552
451
2004
434
292
8695
1278
148
347
4100
8080
276
1082
6031
7406
778
1607
3008
410
220
1206
1043
167
623
5053
1210
3010
2552
185
351
3531
239
1505
262
2044
840
762
274
230
298
152
6692
643
2032
662
2339
2034
356
992
1284
1056
276
189
151
3837
301
1224
3602
760
1843
7652
293
294
255
446
473
675
1358
187
253
440
475
667
1169
543
396
1572
1336
3622
215
240
425
241
5546
2066
2038
719
505
956
460
643
260
1560
2104
633
4756
996
340
1328
322
2760
290
1209
449
180
404
1412
1599
520
113
751
2717
380
2823
441
2113
509
740
1166
428
1129
168
2282
884
210
1031
787
3148
138
588
2939
372
625
1803
156
146
81
383
2401
821
449
676
251
1127
4938
813
337
2651
144
1539
394
562
1804
1457
511
15985
610
1443
2267
438
207
530
2103
2514
499
341
1926
178
461
1245
691
483
320
792
2861
5533
168
5611
1032
7670
257
532
1805
226
765
473
442
375
583
2001
167
404
1901
232
1952
2805
2057
189
602
386
373
4705
472
1160
2422
1392
354
864
212
605
220
525
169
372
240
1465
133
287
729
1796
123
236
2031
294
714
307
1277
193
1578
631
1781
1081
1021
2095
807
702
6877
205
3315
189
1454
566
6855
39655
545
500
212
1174
452
171
411
404
153
495
861
924
1672
784
144
563
437
297
402
335
3673
411
2453
1104
5104
642
599
546
684
982
133
193
407
1487
994
305
1444
1504
721
1210
1521
2331
1960
411
139
261
2362
5735
3220
290
1207
1151
5288
355
138
544
572
1462
214
2343
357
167
1819
350
1701
6508
1170
197
4101
725
1424
1122
635
319
1123
515
828
453
754
1541
336
1599
2424
503
989
1186
3030
425
436
3271
193
254
1186
2728
157
3118
262
2280
664
1391
464
535
313
18833
941
222
1149
1072
337
706
329
806
1029
1351
1664
98
1070
622
451
903
263
500
1321
439
1751
3057
234
200
239
108
261
577
2500
354
534
256
140
896
239
1731
67
1651
588
146
380
1145
667
178
3716
986
1926
207
341
229
89
1210
556
1250
185
708
703
1130
492
665
1083
457
602
443
1447
427
1302
476
657
551
397
361
1708
360
263
3864
1438
276
291
2148
205
226
489
3720
258
1950
504
475
508
1201
1203
1051
257
520
807
183
248
1302
718
431
2148
2221
327
1432
1604
273
515
352
867
1470
12854
406
173
1110
267
301
1103
5115
222
403
224
438
1399
222
961
774
302
13632
219
177
310
1888
185
1239
387
857
5757
580
304
1071
756
2159
391
591
4781
2491
409
328
2084
869
578
433
782
3582
6461
473
240
238
829
480
337
1144
636
1120
714
704
404
92
484
441
248
385
444
427
1219
749
792
1240
139
150
950
221
313
714
7112
8316
285
242
2029
420
1709
242
269
764
3823
3176
436
889
2756
172
230
1949
812
1304
270
4656
232
777
451
644
639
1966
1422
162
1996
4475
375
2205
1061
1327
130
3215
345
508
338
492
223
627
880
246
1007
629
1099
1786
710
250
223
707
1566
1140
1566
544
250
392
205
444
781
1058
1041
2101
500
167
1555
33
830
152
482
23959
1150
327
40
231
111
134
473
540
68
44
301
101
614
54
60
2857
923
364
142
76
22
86
1559
24436
172
592
302
176
199
107
18348
166
1811
128
75
111
206
96
1136
1291
213
171
115
1228
175
653
973
116
64
522
193
34
1105
528
6950
875
39
1118
111
208
236
606
4409
40
176
26
174
234
297
234
181
324
191
1138
5437
103
56
3850
1369
18353
452
1469
93
30
656
236
51
1191
926
68
38
1654
44
1868
64
86
425
623
275
3434
767
4624
2694
120
142
27
864
2070
82
234
1248
136
59
111
230
280
1358
169
461
26
684
1067
379
186
2447
53
196
130
822
217
176
231
89
289
224
397
122
176
3480
798
51
43
1229
185
2100
266
2043
86
1625
426
193
156
318
27
72
148
753
402
85
972
244
70
53
123
25
665
99
255
160
346
190
499
64
1223
443
660
174
110
3380
305
203
94
15
94
1233
497
232
413
144
276
33
695
98
344
96
500
329
143
945
501
1441
632
7794
1656
530
201
211
69
111
6602
718
26
464
35
1200
109
143
191
122
325
196
129
10627
178
536
32
160
363
374
759
1303
63
110
47
133
94
111
323
58
133
168
173
163
83
267
183
2711
289
164
279
980
317
1685
155
66
140
311
188
268
44
190
97
2444
216
55
1313
124
81
3405
179
87
32
113
30
458
148
100
124
48
2214
1810
254
66
718
999
128
65
898
177
146
1634
58
497
145
926
39
1646
173
81
102
306
929
204
565
465
176
364
1213
64
660
192
187
36
42
261
108
2768
562
1718
1072
161
59
82
1201
170
185
1661
236
631
129
172
578
1856
117
73
120
271
150
120
218
480
191
27
71
100
189
23
102
1589
29
100
43
301
32
193
1650
18
697
241
1783
143
310
164
120
134
43
290
334
430
209
1329
166
161
9
79
1427
326
484
454
40
206
112
195
48
5092
570
111
3555
70
900
478
1099
85
113
99
61
1280
419
54
470
1747
231
426
2734
58
83
30
88
1089
1063
867
318
1140
333
44
85
119
104
439
418
735
48
246
354
119
263
137
2541
29
34
625
117
470
934
85
139
387
193
348
667
318
66
69
12
1092
4394
378
1895
334
2379
5093
120
4821
175
43
1274
1852
87
44
118
280
70
204
581
52
194
780
3051
347
302
102
446
188
227
2625
532
60
307
134
395
1015
240
108
280
139
472
620
1414
591
133
175
136
4180
124
194
778
55
1014
631
104
105
141
67
6306
97
2973
114
141
54
120
184
145
83
126
314
56
1119
109
440
2031
159
84
399
310
3413
97
203
29
66
313
1284
38
401
300
436
261
203
477
144
263
522
380
121
119
2155
1082
291
99
280
35
43
400
244
780
586
93
123
1461
32
189
113
1918
180
72
229
297
15
395
101
308
1069
114
1852
892
31
350
906
632
474
82
155
103758
133
215
33
461
159
12
248
609
914
922
1048
72
78
131
9517
284
162
1437
276
59
869
327
64
94
90
139
187
68
101
132
499
73
541
289
1139
182
131
245
298
329
94
67
911
1177
33
114
518
1865
121
167
127
663
78
215
149
39
155
158
322
352
102
249
993
129
132
118
367
75
323
1387
139
186
135
222
53
61
126
75
386
111
118
1042
1232
121
58
1261
731
1840
181
2245
356
1445
180
577
21
651
134
61
275
386
1101
256
1771
370
225
2002
145
198
773
193
1701
1505
607
68
291
187
201
68
102
303
270
873
298
1704
324
89
124
65
629
224
72
479
74
36
64
709
668
6479
44
112
310
145
141
84
67
120
66
130
473
465
451
51
492
151
38
1974
1485
158
80
61
180
168
124
107
532
68
120
420
349
271
175
1306
207
384
502
2695
88
94
216
34
781
965
33
31
221
114
47
298
201
106
562
165
42
74
249
101
91
1022
56
155
165
41
395
609
8840
3265
324
316
3648
392
277
1014
151
237
58
224
55
616
1216
165
849
154
171
26
3273
142
3090
187
222
95
76
43
761
840
176
1464
314
575
103
38
187
155
154
56
268
199
135
102
219
97
81
316
142
17
265
299
110
160
939
1149
158
54
1064
96
284
141
1195
38
52
78
1114
102
267
284
160
42
185
36
517
43
4989
110
370
149
100
394
339
33
632
1947
457
117
727
298
99
1988
235
23
1652
131
2859
506
569
69
43
50
452
453
92
76
1572
106
146
173
77
50
2106
220
787
22
193
17
93
865
1038
112
78
957
340
40
473
50
707
35
35
8294
127
22
1341
1082
1017
275
987
219
173
1549
433
1235
1288
92
1285
173
750
498
91
80
372
1701
64
43
2819
1050
96
809
176
34
226
236
171
47
374
113
1509
283
186
57
269
267
230
419
284
8001
53
1581
913
267
373
112
85
1037
164
103
3272
72
30
469
116
37
9400
45
242
186
75
358
3265
546
127
93
62
106
9416
194
141
60
6556
92
416
73
3912
62
314
2082
210
975
2027
454
1513
1019
126
191
510
812
639
192
93
60
1073
114
235
87
609
32
385
202
805
436
38
362
124
351
319
2008
90
477
1662
84
128
15398
163
1424
316
1879
213
14455
118
141
77
302
136
35
180
1730
1483
1628
169
158
103
122
7935
42
1561
129
49
54
65
661
5440
93
294
71
333
1642
39646
1684
117
68
81
358
496
22
105
580
1371
441
157
1115
1351
165
230
9
810
22
1297
210
392
667
78
45
91
1110
1048
103
377
1444
174
259
1740
4038
287
1479
202
78
1713
433
3966
230
33
327
218
1796
169
364
933
158
1266
402
97
750
459
75
2376
60
162
1225
211
1005
97
31
71
199
349
72
1730
80
271
260
180
2611
209
838
74
517
392
313
111
954
126
177
135
311
298
591
98
2149
565
173
173
376
278
547
106
66
43
162
81
2889
18
185
50
504
714
1215
63
131
188
113
30
1049
213
325
41
23
361
215
113
114
76
73
1091
324
64
344
155
280
78
314
348
89
196
90
287
40
83
310
31
166
93
85
45
334
58
55
365
667
611
4069
360
881
799
1588
331
18
325
167
75
146
94
2315
163
1676
744
58
1399
384
653
58
1266
1601
294
66
454
140
1271
193
453
75
54
828
146
76
257
136
153
1820
427
263
1868
200
104
119
152
67
100
544
61
246
2576
4644
80
343
128
829
230
323
7494
574
475
129
210
1360
111
75
275
308
198
534
1080
165
449
251
116
454
1231
1589
821
70
66
161
270
88
162
15280
652
38
33
138
182
131
559
231
8258
2351
6185
367
109
621
466
41
1099
24
989
274
3433
124
7
237
765
123
207
203
18
141
295
516
190
203
22
82
58
299
57
268
120
33
78
987
192
1045
1854
495
1155
1848
201
95
131
209
245
96
1139
582
2113
338
463
281
6902
152
595
175
8645
287
222
322
2091
6501
112
221
499
1090
37
205
2071
375
160
299
398
75
1055
199
365
152
88
35
764
675
125
47
443
132
202
57
1737
117
136
179
49
300
1371
538
340
1710
468
120
243
69
122
94
26
173
1870
3735
197
1254
1119
140
49
383
610
876
29
110
16
251
341
1639
983
81
201
129
391
134
560
868
79
7607
326
66
150
644
551
615
294
69
170
184
1024
75
5294
141
610
1494
84
460
144
214
2037
244
1258
11
31
40
1028
39
947
228
1252
126
129
154
1260
175
38
387
485
268
253
43
726
108
74
62
310
21
188
126
183
985
11
1073
40
62
926
142
77
162
142
126
61
192
718
201
33
204
1212
130
37
232
111
82
102
71
106
106
245
216
80
101
431
43
169
104
55
1027
432
89
83
191
559
63
520
669
58
1096
55
121
35
449
65
33
87
115
144
349
224
3763
1879
1178
149
107
55
362
123
91
1402
81
1045
228
701
17902
151
1369
13931
163
31
393
479
1308
83
4733
69
2376
1211
218
218
72
1050
106
29
493
1749
15
518
85
693
1672
222
214
442
202
42
2389
290
1172
444
844
1842
577
407
95
205
61
730
135
64
148
16
1325
149
74
959
60
129
41
634
145
556
798
106
1151
2065
584
1816
88
535
866
910
221
975
150
508
525
265
924
52
17
423
1422
1371
766
166
120
128
270
736
252
895
228
3130
116
1029
70
151
191
66
52
89
747
4426
505
133
813
224
198
59
45
268
1054
73
301
88
25
203
433
692
42
42
292
1066
1551
119
236
1992
384
135
1434
28
115
191
79
98
1753
52
115
1555
297
1075
190
70
54
199
326
547
42
201
149
561
84
308
155
91
1518
72
103
62
211
163
89
1018
41
1058
123
1634
1387
616
1047
126
286
166
807
624
253
296
187
217
495
16
65
489
114
111
1541
75
438
512
266
32
30
480
118
79
107
86
224
3568
100
103
624
1302
171
556
884
132
72
603
98
196
888
109
48
324
2226
65
209
58
132
948
644
260
47
82
246
440
73
3141
462
272
685
890
135
4013
52
266
3187
606
48
472
122
394
60
273
46
978
161
5387
149
77
10586
45
59
310
97
440
377
90
83
786
172
97
220
66
3915
169
239
558
349
132
2199
502
4306
117
85
189
350
83
48
273
97
1353
1916
124
818
83
875
119
717
188
9174
238
382
236
78
205
134
140
215
184
2393
175
476
450
58
481
193
645
217
326
241
42
72
167
120
891
104
53
8231
575
2430
109
1839
189
115
367
121
6329
60
94
505
580
8127
550
233
180
116
686
1732
2524
257
195
142
63
61
246
157
218
192
47
116
216
1080
77
129
111
56
81
274
257
255
140
618
450
565
1616
737
224
77
4713
1534
51
619
205
98
107
328
4555
66
146
290
239
72
1590
211
83
160
97
101
471
1298
523
94
229
140
144
522
3094
152
333
103
85
616
59
89
33
126
861
35
69
123
67
179
62
312
71
3247
77
132
1113
3485
687
910
561
259
61
583
199
234
400
39
82
209
540
1386
32
100
1952
481
191
78
465
134
79
1473
1580
752
97
957
37
658
28
768
582
58
151
79
400
1823
52
5251
874
1416
225
58
115
95
1155
32
716
54
1067
37
16
173
19
950
34
50
313
568
46
30
83
22
2611
226
188
73
7
59
848
116
78
552
109
17
79
116
47
43
245
373
63
118
9
50
145
30
572
15
57
164
459
7
534
46
16
44383
60
12
1414
32
162
45
140
11
120
2
83
3487
35
19
12
410
31
18
177
27
1887
121
13
63
805
48
529
64
36
39
37
371
128
113
14
3255
21
15
41
141
15
11
279
1617
358
24
17
2236
0
13
110
41
5
1935
513
547
36
65
107
30
155
52
264
139
25
79
183
21
1569
58
137
793
156
374
210
35
26
6
105
40
4
467
59
98
123
41
28
44
6322
78
29
52
276
13
675
85
6460
56
1576
103
2361
22
19
53
52
73
82
32
49
70
89
978
71
11
32
5
93
12
75
61
49
145
77
40
315
36
151
52
132
59
35
9
1172
23
7
109
64
609
370
65
32
14
10
71
38
58
1242
360
83
57
21
214
43
13
108
86
150
1060
54
69
9
16
73
1242
98
1301
38
47
124
3648
77
73
47
291
74
116
99
441
138
202
486
407
160
1030
14
58
2403
5
41
649
14
70
25
352
8
36
22
9
63
138
76
21
5
22
22
905
3
68
26
25
38
263
26
40
122
15
11
65
4906
49
21
85
56
13
42
6
17
129
60
215
157
86
24
63
203
17
117
31
19
147
101
137
34
119
45
49
49
15
226
22
8
46
57
141
79
16
65
90
946
68
205
35
87
389
578
47
111
19
20
92
31
51
410
1959
82
47
52
744
22
90
8
34
205
42
50
994
67
93
26
55
85
69
13
4394
221
195
35
545
5
23
2313
29
29
24
71
116
6
47
11
37
94
87
195
156
33
1254
75
48
478
211
1042
1530
63
58
176
16
35
52
72
155
248
67
307
1127
40
97
91
751
151
204
803
176
1415
6
23
60
10
66
1135
6
802
991
27
56
90
23
19
298
2397
981
19
50
132
16
32
662
75
15
59
301
7
153
75
15
14
2018
224
56
23
94
65
1491
20
7
59
53
21
484
836
2068
52
34
292
160
255
34
17
5
27
170
1685
5
127
85
23
10032
516
25
44
141
44
1641
86
23
883
598
57
7
29
73
70
42
27
93
146
26
29
36
691
5939
211
110
416
889
703
21
255
59
704
38
43
218
73
44
109
62
230
19
31
192
57
15
1975
35
35
84
25
29
7
55
2261
264
674
838
335
171
49
193
1436
30
564
197
1043
119
70
112
297
137
10
75
2
233
315
74
79
8
4523
52
19
30
95
38
23
148
6
73
23
58
270
56
85
15
13
202
560
44
7
7
712
463
23
433
74
102
14
38
192
89
208
248
214
39
421
53
46
384
36
55
284
48
58
32
203
66
238
37
33
48
9
101
36
158
122
5
220
104
35
19
96
46
487
69
115
186
103
477
112
85
75
86
18
219
4
127
46650
1130
19
39
3739
22
20051
100
23
16
12
1250
173
62
13
19
46
2456
972
140
89
25
96
36
89
39
25
16
254
104
23
155
369
402
11
175
75
40
8
963
84
159
54
356
123
19
107
14
207
6
255
65
137
89
23
1853
285
804
55
33
17
843
80
15
5
3
63
45
405
296
1129
40
36
225
87
43
25
6
56
84
146
41
3122
75
280
75
56
2181
126
1685
308
181
219
14
16
3146
31
410
26
74
68
24
137
1425
35
44
128
71
76
177
1921
44
115
55
18
56
24
734
74
2997
44
143
30
76
71
19
81
91
62
353
34
477
339
33
25
185
985
73
13
35
51
746
2
37
2010
59
76
12
3608
30
22
16
685
117
458
34
13
480
20
212
94
416
83
85
29
50
274
12
525
63
1205
10
21
291
21
48
9
261
103
19
24
5
392
11
56
86
267
32
349
39
474
370
38
24
14
186
177
1073
36
136
70
148
11
140
4
1038
25
26
453
84
134
41
366
62
298
12837
237
52
44
1176
34
89
625
38
259
27
87
97
800
4173
1064
46
12
32
29
141
99
41
57
21
162
21
195
72
70
15
16
45
41
30
189
57
69
2865
123
2676
173
47
15
3883
26
11
29
10
69
1122
337
1427
601
59
49
30
15
217
39
746
243
34
31
136
23
100
1199
153
43
896
17
169
63
296
108
91
53
146
4
984
329
221
191
698
24
30
13
258
60
279
372
35
59
43
68
92
20
9
35
1204
190
102
2
123
1000
38
378
148
4
442
736
61
17
121
64
51
22
98
63
31
18
86
9
47
65
1374
49
491
51
36
12
4
19
16
97
425
737
32
820
21
25
35
501
56
94
96
205
116
770
91
40
107
40
116
67
29
55
86
193
17
17
49
85
196
51
151
923
14
1383
116
98
19
144
42
3
33
1006
22
56
157
52
47
9
276
1509
46
31
513
22
37
1
95
76
1075
55
144
41
46
14
73
48
121
78
89
1214
2484
86
20
67
42
95
58
1323
93
59
34
78
207
103
108
34
1344
156
95
82
231
2
468
375
11
165
257
24
227
80
110
28
40
771
44
11
107
10
227
99
66
37
140
24
29
217
37
684
111
76
34
27
48
41
340
26
1133
324
25
1269
5
97
61
67
7
28
70
26
113
72
39
484
234
29
163
309
23
194
21
81
41
133
271
1209
517
432
25
14
4
27
36
44
161
16
209
99
530
20
75
37
72
143
1733
65
109
2
889
39
26
21
17
107
1351
28
11
45
67
83
122
1186
27
4583
159
397
15
24
1380
327
31
69
43
143
48
95
164
383
135
7
41
2
36
310
123
2263
57
220
26
29
2
100
1699
11
442
168
90
1
23
103
20
42
90
113
149
20
6
206
128
3402
930
7732
25
124
14
31
40
79
19
379
516
57
31
360
670
44
122
43
73
154
242
77
4
56
975
24
33
29
142
26
1496
11
39
24
64
37
16
28
211
35
46
182
547
19
287
2831
419
425
22
41
22
53
61
256
45
9
446
9
73
15
96
813
81
26
114
189
59
24
44
270
86
107
57
295
37
9
26
8556
197
36
1082
35
2228
32
17
16
30
1035
33
30
366
7
64
908
78
24
46
36
48
32
3506
136
9
104
8
217
84
40
85
93
74
74
540
87
114
6354
95
100
28
1147
27
4926
128
291
82
28
1041
1492
17
54
71
54
95
32
36
64
278
398
8
42
962
8628
198
24
14
223
275
37
179
245
109
46
8945
14602
8
24
16
47
98
288
805
41
107
227
36
1228
111
17
1
118
15
719
17
10
137
88
569
25
8
6570
172
119
57
40
1295
112
17
133
649
74
13
138
10
612
28
28
91
42
3
37
1039
16
39
98
6
199
5
24
109
367
9
28
86
82
14
155
129
355
135
6
13
34
7
155
26
120
657
26
476
52
54
106
52
83
489
89
185
85
94
60
2
21
63
9
70
113
52
82
640
174
29
50
235
226
165
56
39
167
32
74
44
19
111
125
43
29
217
46
10
36
2
96
24
997
1301
79
37
33
33
147
248
134
18
50
10
1721
12
24
97
5
29
117
1058
14
70
61
333
428
52
54
17
35
67
1013
39
95
186
147
28
199
14
988
14
4003
32
29
33
312
11
11
225
17
47
2679
132
11
415
32
86
77
92
9
120
1155
14
18
5
228
137
218
263
33
302
52
121
88
205
91
64
85
13
2569
23
504
31
29
23
56
15
1427
145
18
31
13
41
11
56
227
4575
15
37
79
226
125
59
980
37
133
102
481
50
732
173
251
26
20
20
37
18
1464
85
119
24
21
32
16
1182
68
146
92
15
51
2568
53
601
45
18
210
11
1023
9
65
109
90
217
248
13316
1076
268
54
107
37
42
862
104
235
72
56
637
127
16
15
90
26
26
96
65
118
860
10
54
129
43
47
95
6106
32
72
40
717
83
37
13
43
7
24
8
257
16
67
144
124
124
50
35
117
86
463
174
116
37
73
38
57
112
28
47
95
88
163
185
21
55
55
27
61
881
136
68
27
4406
28
50
99
27
46
67
7
168
308
48
64
146
22
4
27
96
38
33
16
18
41
49
51
521
1636
41
18
495
71
16
21
1939
14
333
109
20
46
64
76
16
1487
957
136
28
239
16
27
66274
447
18
38
15
9
44
42
191
17
27
289
125
283
591
2153
339
2440
48
11
40
71
206
12
106
71
87
20
22
18
29
50
8
18
25
15
27
196
1892
236
117
104
101
6
1476
7
4
3982
485
25
258
65
34
17
39
73
2173
226
82
53
7
70
138
67
147
118
126
358
123
242
108
5
583
30
19
79
41
43
202
34
28
51
67
47
29
31
140
300
72
17
271
4
424
72
39
6
239
18
3118
18
20
23
29
32
24
41
29
16
36
7639
37
47
18
295
13
90
248
27
48
922
18
54
114
171
21
295
23
18
88
36
163
28
168
218
117
302
57
104
15
649
38
44
55
178
325
778
49
9
72
21
41
235
110
1800
16
308
79
109
35
47
92
32
28
36
88
1063
16
287
112
84
40
87
208
54
233
6
72
665
196
175
63
72
437
11
71
108
2957
68
1308
65
348
111
90
23
225
31
80
13
229
62
1398
30
17
75
699
27
42
115
4
108
893
5
13
5
752
156
20
30
20
59
183
296
209
71
32
1604
45
70
23
72
58
19
70
33
37
1351
33
53
12
36
266
291
1350
760
103
27
514
24
1172
5250
33
152
28
44
22
31
50
63
23
64
14
27
698
199
64
912
9
70
74
43
194
3028
2
146
28
60
66
175
19
186
40
547
46
76
1022
299
55
183
765
124
123
51
428
19
714
254
129
25
31
107
57
195
8
61
19
28
101
1
38
24
0
2
0
155
8
5
7
5
68
69
14
21
4
63
73
8
9
19
2664
396
17
58
10
473
9
93
4
122
0
18
1
28
1607
4
28
7
11
15
231
255
54
0
1
26
55
261
309
11
152
17
95
4
18
2
25
179
19
9
6
24
79
95
2
152
51
9
6
0
297
2
6
289
1
81
26
20
11
74
4
6
122
43
52
27
12
1
3
2
5
1
15
21
9
176
11
410
45
48
92
15
95
9
10
48
17
59
55
9
214
61
5
197
3017
59
3508
571
19
5
11
36
7
17
87
4
72
6
50
55
1
1
5
83
132
2
5
2
3966
1
65
5
148
18
2
97
75
2
3
115
10
16
35
89
9
32
58
44
80
29
28
0
311
34
15
1498
22
3
47
46
132
21
1
17
35
41
10
1
10
60
7
24
18
326
1
4
57
6
321
5
27
20
62
11
9
11
25
30
6
1
9
54
4
261
11
5
26
13
95
1386
9
89
12
12
16
245
2
21
590
3
678
13
8
11
138
8
25
761
0
18
44
8
8010
18
34
16
1
1461
12
128
130
5
37
28
4
39
30
2
131
15
101
14
618
3
1
2
436
401
20
66
12
10
37
11
7
80
1
1
1
16
3
75
6
0
3093
364
18
8
57
35
9
2
60
18
15
265
56
4
2
31
31
1
87
9
4
16
167
116
840
4
13
7
24
32
25
4135
2
3
1
19
43
49
11
22
12
15
19
56
76
30
46
48
2
7
4
653
348
5
12
18
3
3
15
21
154
1164
28
18
7
18
25
17
7
927
102
0
15
4
16
43
49
25
19
282
34
2
3
35
21
761
38
84
5
0
22
21
23
11
17
22
46
50
13
470
64
4
10
995
9
44
56
12
72
32
78
71
28
748
2
3147
17
7
27
15
2103
39
13
7
15
3339
58
16
11
27
969
21
1
10
9
55
0
181
689
55
165
98
23
7
2215
182
53
245
85
5
9
35
67
10
27
42
30
2
8
14
6
4
6
61
807
591
269
6
61
28
1
28
54
88
186
12
41
190
422
25
36
53
45
7
95
140
2
3
3
61
34
502
45
1281
2172
9
134
1
22
6
4
13
13
43
14
6
848
98
0
4
1172
972
14
102
37
3704
2
84
13
976
27
69
3
104
36
26
8
7
294
37
14
6
4
1102
6
6
30
11
57
9
43
1
441
7
31
4
5
3
14
157
0
19
4
275
129
1
11617
61
9
24
0
6
100
108
68
5
43
3
4
49
4
102
1
1
15
34
207
42
106
1
32
39
13
90
77
2
2
8
54
12
5
2
10
273
9
91
5
45
235
21
87
2
6
5
59
3
64
10
187
11
5
5
146
131
0
37
0
44
14
32
8
278
6
6
115
14
14
115
17
65
50
910
28
29
34
20
20
1
191
11
10
28
22
2
430
5
39
296
1
34
0
4
15
7
41
9
74
30
29
4
35
8
9
1
2
5
515
41
126
24
45
9
19
10
72
57
369
17
19
42
3915
6
22
289
13
7
3
2
0
10
0
75
18
496
13
8
18
288
3
47
1
2002
132
4
19
19
8
3
130
67
20
11
12
21
48
312
1108
78
2
22
71
102
1
26
741
704
75
2
10
26
1
5
91
23
21
489
51
12
5
7
12
12
74
1
428
829
22
123
8
54
10
8
99
26
1
14909
2
1
34
695
2
235
29
4
23
2
92
11
5
229
3
4
541
95
212
10
5
27
17
53
9
61
2
47
159
19
1
175
42
60
379
3
62
14
4
80
90
3
17
2
1
32
2
2
1
0
50
18
51
75
26
714
22
478
1041
3
19
16
8
21
5
206
840
7
1
97
41
95
22
52
11
12
2
31
11
1985
69
1
39
12
3
7
332
366
424
8
11
0
146
5
27
77
85
8
40
39
241
2
37
147
1085
6
8
1
2
14
12
1
10
31
13
111
4
80
15
0
36
6
831
11
35
59
136
1
65
54
85
984
261
446
1
3
993
2
2
66
77
3
34
33
78
127
6
29
13
41
2992
29
104
135
2
248
28
1011
27
120
46
26
5
66
185
18
2
1517
2
10
131
9
3
47
0
82
2
3
146
3
55
20
207
2
6
13
19
188
24
2
190
20
4
27
5848
21
364
28
114
3057
11
7
1276
137
4
160
1054
674
3
7
7
121
2
16
20
8
77
60
4
44
58
4
39
10
10
103
34
560
988
0
2403
319
2
5
855
110
107
72
3
4
4
273
10
3
909
124
2
60
3
354
0
1
11
21
17
1237
3
60
11
21
20
504
19
15
8
26
18
7
23
9
54
8
21
49
46
83
11
49
76
6
47
31
1
10
77
61
27
2
20
13
15
4111
47
7
2
4
2
2
617
28
36
12
58
0
89
13
57
2
5
7
145
2668
15
8
75
43
19
2
285
72
6
305
1
42
81
19
22
42
3
9
21
0
216
14
13
45
4
16
42
527
21
282
982
18
17
170
88
7
294
25
17
25
25
7
6
19
1313
12
2
1
38
2
150
103
63
45
2
5
113
17
7
7
29
11
28
56
41
168
65
14
2
26240
1
9
1
607
74
61
12
29
11
62
7
82
26
29
168
3
5
1
86
29
9
3
54
129
646
22
10
13
136
816
28
40
21
74
1
62
42
12
45
281
4
672
12
7
283
0
44
78
8
488
3
29
53
146
95
7
82
5
92
18
14
23
19
24
2
13
15
112
13
17
8
7
10
10
0
2
3
169
6
13
3019
158
10
48
1126
30
22
47
84
17
22
6
171
9
2863
3
4
167
140
11
27
511
8
174
205
28
3
6
4
10
6
39
36
7
11
28
3
1
91
6
1
2
20
21
0
13
83
11
17
444
95
8
33
19
18
7
45
9
59
10
15
80
3
1409
108
30
13
8
47
3
22
1
27
19
35
23
41
0
11
128
50
1504
0
12
17
9
8
5
46
70
41
8
31
56
5
5
0
60
8
16
19
17
20
60
23
14
93
35
2115
62
1
35
679
1
27
29
108
34
28
47
80
34
61
29
8
0
10
16
18
29
2
1215
0
1962
90
1
4
3
145
2
1802
7
33
26
26
44
2
23419
128
2
347
17
1
910
159
56
26
6
8
46
77
2
48
564
55
37
14
24
3
12
76
5
7
19
281
1
6
12
13
7
28
2
57
45
11
3
977
108
6
11
65
4
4
47
5
12
14
10
16
7
65
24
69
167
61
107
9
9
77
8
858
40
18
1
15
7
6
13
4
1001
1
8
60
289
1
600
16
17
7
12
17
51
152
7
10
81
65
1
51
200
39
604
13
14
135
11
153
19
6
218
9
8
6
10
8
94
9
43
5
35
433
313
19
131
11
9
12
21
8
22
5
14
1
200
7
6
16
8
13
7
12
82
20
17
43
2
80
31
3
81
28
2
1
62
39
29
10
24
29
751
27
18
44
14
105
3
6
29
2
1
21
51
2
576
2
67
127
15
42
6
14
296
4
9
238
27
10
19
38
8
5
17
4
0
6
157
80
1
13
21
32
13
4
249
77
1
28
15
496
6
6
7
5
164
1
57
5
0
5
1
20
33
38
10
19
32
10
98
3
3
14
56
54
9
22
50
25
3
25
10
4
3844
682
10
46
22
885
5
33
20
11
56
19
18
8
10
16
2
1
0
29
169
29
30
60
90
2
18
876
8
119
1363
29
9
20
22
8
5
169
5
901
49
307
5
42
0
10
5
10
21
39
495
1101
97
8
1458
54
66
27
2678
13
62
1528
3
25
99
15
24
31
886
0
56
6
8
161
3
10
3
23
10
41
4
13
2
4
596
4
0
1203
10
20
1174
5
5
243
6
11
6
3
284
13
29
48
3028
31
39
6
22
2
2
24
18
21
1
7
4
60
10
2
36
30
1
7
49
13
23
71
111
7
27
117
87
36
705
0
29
355
49
44
62
13
114
3
2
11
0
12
17
0
72
3
72
206
8
94
90
0
75
18
384
806
31
44
13
50
8
5
45
94
32
3
22
5
9
107
2
9
0
85
1
18
30
10
28
26
19
41
7
168
34
8
155
1903
20
5
4
11
6
27
2
8
376
14
59
22
110
35
8
3
174
14
99
18
28
142
171
15
15
503
1
880
5
1
6
6
32
65
25
45
2
52
11
15
22
44
20
30
162
2
15
6
109
66
21
1
161
0
35
109
492
545
58
441
4
20
5
12
101
2
17
242
17
12
15
17
10
8
0
4
6056
27
22
30
10
137
1
198
80
41
17
10
24
1
60
3
8
18
6
9
54
9
54
3
6
4
46
40
21
17
12
7
101
25
3
50
0
8
4
2
36
0
5
8
9
9
41
11
100
18
23
260
1882
193
3
5
17
16
18
1003
70
147
14
69
19
0
18
7
18
87
21
4
13
130
33
117
3
18
47
74
49
95
19
25
0
801
388
91
92
20
1336
15
16
62
15
24
50
294
6
14
23
38
11
32
80
1148
66
429
21
30
16
14
1107
8
134
71
12
3
34
39
130
8
26
13
734
6
212
3
17
1593
3
0
9
14
37
9
19
390
933
89
323
581
801
6
240
41
6
2
53
72
8
116
5
14
30
36
5
17
643
2
5
23
51
34
9
2
35
9
2
0
46
3
495
9
10
5
23
2
4
37
13
24
519
9
375
31
100
18
281
13
7
3
46
15
58
7
1251
12
54
0
8
4
72
0
1
24
76
2
81
1
67
43
1
1
9
1
370
1
1
0
957
68
5
9
10
2
64
5
166
15
39
0
5
11
0
18
0
0
26
6
0
0
44
18
7
3
1
1
1
3
225
75
10
7
1
6
14
92
1
2122
0
36
8
91
87
11
0
71
1
9
26
17
11
0
5
19
45
4
154
18
1
1
86
7
58
137
45
114
0
9
0
1
3
3
4
61
42
1
17
3
11
14
18
0
6
0
0
34
15
487
2
0
6
14
20
229
10
9
18
7
90
8
0
33
32
79
2
14
296
1
11
0
9
1
217
4
7
29
82
7
1
1
6
0
42
8
4
16
1
200
0
0
0
0
0
2
14
1
2125
12
9
69
1
21
33
8
10
47
14
1
0
12
22
9
1
159
21
1
377
0
3
14
6
1
10
38
117
0
2
4
10
0
13
499
6
4
12
38
3
1
88
86
4
0
246
6
54
19
397
1
4
2
20
8
11
0
13
5
6
1
12
3
20
20
0
12
0
5
47
0
3
134
7
5
1
1
34
2
8
4
3
48
11
128
7
18
8
30
1
11
2
8
124
2
0
17
0
6
0
0
1
6
23
1
1
110
7
1
2
10
4
31
2
27
6
0
23
2
5
1
0
6
0
0
1
9
2
6
0
1
1
2
115
11
25
7
2
2
15
8
45
7
0
0
0
662
0
36
11
0
1
23
1
7
22
28
7
2
8
0
3
3
7
68
6
0
18
1
3
11
4
4
4
1
0
2
8
0
1
116
372
17
6
14
0
57
0
1
4
1
2
2
29
0
62
0
5
27
1
2
7
7
7
2
56
15
1
4
34
0
0
1
154
21
223
419
19
1
21
7
10
167
709
40
1
0
4
29
5
24
1
0
1
3
31
27
0
17
1
156
15
1
0
1
2
147
15
15
211
0
3
0
9
10
13
11
0
2
0
2
2
1
11
5
2
12
15
47
16
7
1
10
2
0
0
4
10
42
0
39
0
1
49
8
0
1
14
14
0
17
340
0
14
1
26
56
121
0
7
92
5
9
1
91
11
11
16
16
28
1
6
1
5
6
11
570
2
4
1
7
12
0
30
18
24
253
1
10
0
9
19
12
21
0
53
12
0
3
0
0
1
1257
5
0
6
944
1253
1
2
6
44
38
0
0
0
4
2
20
0
10
0
7
5
64
11
21
6
2
4
11
1
0
2
0
8
0
1
8
1
0
6
26
15
1
21
9
0
56
26
20
1
1
6
1
50
34
107
6
62
6
681
26
4
26
81
45
0
21
0
153
1
1
2
339
1
148
181
8
1
0
90
1
5
0
8
19
5
16
25
6
4
4
0
1
8
6
48
1
1
57
2
0
1
13
79
13
5
14
2
17
113
1
332
1
5
23
11
8
1
0
47
7
1
17
454
775
16
1
0
0
5
2
53
0
0
2
592
17
37
9
0
8
0
2
7
102
12
2
92
8
32
36
1
17
5
7
43
2
1
6
148
139
17
50
3
22
2099
9
0
0
17
2
25
1
6
1
0
1
17
37
3
861
13
311
1
1
1
1525
0
28
14
6
14
0
6
38
8
0
0
22
2
4
11
115
66
14
14
1
5
4
1
6
8
2
773
1
1
3
13
1581
1
0
56
0
1
21
0
5
9184
362
2
8
8
6
2
12
150
3
13
0
0
12
12
0
15
0
1
0
0
2
5
1
107
1
251
40
67
0
0
1
1
10
14
3
2
3
12
7
1
224
97
0
1
0
0
0
1
23
1
7
2
2
10
60
5
58
8
0
10
1
11
161
13
5
87
4
23
4
5
25
878
3
0
3
14
91
383
1
2
0
17
3
0
369
4
23
2
0
0
6
1
0
11
0
237
5
0
0
1414
1
2
9
0
0
25
134
14
10
350
0
0
0
1
3
41
0
2
25
0
17
23
4
135
0
1
1
2
267
22
68
1
0
10
39
2
30
156
0
452
52
7
0
13
0
52
0
1
9
3
5
44
0
0
14
26
0
4
19
9
0
0
0
36
1
94
7
0
1
74
28
8
0
2
2
0
2
5
6
0
81
30
12
0
0
2
6
8
2
28
418
1
3
20
6
1
2
0
24
7
11
5
0
2
115
0
51
7
21
103
195
1343
342
12
11
12
20
1
3
13
83
108
56
25
0
3
0
1
9
4
3
5
10
0
2
2
27
7
32
45
17
38
0
3
0
111
2
0
0
0
26
1
136
61
2
1
42
312
8
2
4
6
4
10
0
52
2
2
1
5
14
25
2
18
99
0
1
1
0
5
14
17
3
2
0
2
13
5
8
243
2
38
28
2
15
43
14
17
11
0
0
5
1
1
0
4
0
13
6
26
1
3
32
20
26
0
116
2
458
1
7
0
31
39
1
21
46
31
0
3
205
1
61
5
85
133
60
0
6
17
1
3
3
44
28
4
0
1
9
0
2
6
37
20
1
656
0
12
132
1
0
1287
34
17
44
3
1
1
1
0
2
1
8
9
34
6
6
4
224
1
0
86
14
0
7
2
30
1
2
127
3
4
513
2
37
1
8
35
18
15
2
10
1
253
12
2
3
71
8
1
0
287
6
0
0
0
42
16
9
21
5
1
23
11
91
6
0
8
0
2
0
9
3
0
3
2
7
0
3
368
1
35
12
3
3
69
11
51
35
44
0
2551
9
5
8
1
1
35
16
0
6
0
4
0
37
5
40
32
21
41
14
63
0
0
3
0
12
13
25
1
38
1
0
86
1
1599
17
4
11
1
128
8
78
41
230
0
922
175
9
28
0
6
18
8
7
4
4
38
3
2
9
10
5
2
0
7
13
1
10
13
76
167
3
27
51
7
2
2
4
5
4
1
1
2
0
18
3
2
46
22
21
1
2
7285
1
1
0
58
2
13
5
10
17
12
2038
6
1
3
2
9
0
10
5
0
1
21
2
9
2
80
5
231
123
1
0
3
16
18
5
1
16
20
50
7
202
45
6
18
6
2
1261
1
7
8
1
7
5
0
1
6
5
44
0
1513
9
4
678
25
115
30
547
14
53
16
56
2
3
4
149
0
1
394
0
18
19
12
199
0
1
0
4
396
24
45
5
11289
40
12
0
157
5
881
2
4
0
0
1
1
6
1
15
16
9
8
1
5
75
7
6
20
1
1
0
2
3
0
9
8
271
1
4
6
0
12
0
655
2
44
11
6
2
7
1141
3
16
4
10
4
30
6
18
66
7
14
2
1
0
36
26
7
3
25
5
1
2
0
3
67
0
1
12
5
5
50
3
0
6
609
0
12
6
322
3
1
7
12
15
104
17
7
78
19
0
14
3
0
6
27
81
4
396
6
0
3
4
40
2
0
31
1
8
3233
10
42
6
1
301
4
128
0
0
1
10
1
0
28
2
20
7
20
3
12
10
10
2
0
0
23
11
25
11
0
387
0
6
23
1
1
1
1
62
14
53
9
1
100
17630
13
25
4
12
31
3
23
7
21
32
326
30
0
5
166
0
93
6
6
1
1
7
0
1
2
3
39
29
6
16
0
24
41
16
0
0
4
216
63
1026
273
1
1
9
3
652
75
1
4
9
4
1195
0
20
13
46
974
17
3
1
38
0
190
0
0
25
21
34
1
0
0
1
8
2
7
4
106
48
9
12
0
7
4
0
0
4
0
32
4
36
18
0
1
0
51
1
4
9
0
10
4
26
3
17
20
11
64
5
3
0
1
129
6
9
0
0
4
14
72
1154
8
29
9
13
153
15
1
0
0
8
3272
5
5
0
243
5
16
16
204
2
8
3
2
5
4
91
1
0
6
11
0
3
0
3
3
4
0
1
1
2
7
3
1
4
3
24
246
1
3
22
27
0
330
161
1
39
46
1
6
4
0
0
18
8
2
8
1
20
26
6
9
37
1
2
4
65
1
8
176
1
0
13
10
1
4
4
7
1
46
10555
54
5
20
19
2
42
0
1
11
0
38
18
7
6
66
0
2
1
4
0
3
24
1
62
10
32
3
61
52
9
30
3
2
26
2
0
2
8
13
22
11
1498
931
0
10
14
0
0
21
1
26
135
59
113
52
144
83
0
2
1
29
14
3
0
20
2
0
14
1
12
7
19
0
2558
1
9
0
16
11
0
11
5
7
6
5
0
47
381
102
22
54
123
41
0
2
3
2
1672
10
19
2
50
40
1
8
11
10
13
1
25
7
8
51
1
140
44
2
184
4
6
5
16
26
1
8
36
0
27
1
0
1
6
3
1
292
56
0
0
0
6
217
0
31
1
3
13
0
3
43
8
48
16
183
1
9
8
17
0
7
0
2
30
5
15
68
11
13
5
1
2
11
9
7
35
0
23
24
5
8
3
31
13
10
0
215
13
4
17
680
9
530
2014
1
1
6
17
2463
0
14
0
2
8
17
5
0
3
7
1
4
3
52
8
14
7
68
3
5
1
0
0
52
687
0
0
3
1
7
340
26
4
34
0
1
829
754
2
2
0
1232
2
0
1147
2
118
4
75
8
0
2
63
132
59
59
0
114
19
34
8
16
1
9
14
0
19
6
0
130
1
1
25
3
0
3
6
1
1
7
1
7
3
0
0
506
0
3
68
36
9
5
12
19
2
35
20
7
12
2
38
4
3
129
16
29
35
3
18
0
124
1
24
211
5226
89
0
0
1
0
35
0
0
0
0
0
0
2
13
0
3
6
1
0
1
0
3
1
0
0
37
1
0
1
17
0
0
219
114
0
0
1
0
0
2
0
1
0
4
0
0
1
0
1697
4
6
1
0
288
9
6
2
3
0
12
0
1
0
1
12
0
47
0
0
0
0
5
0
8
0
0
1
3
0
0
3
11
9
0
0
0
0
0
0
1
2
7
0
0
1
7
5
6854
0
0
1
0
1
0
30
1
0
74
0
409
72
29
4
1
0
1
6
0
2
5
118
0
0
0
1
2
1
5219
0
38
4
0
97
0
0
0
0
10
313
0
0
0
3
30
0
2
0
8
0
3
3
58
2
0
0
0
0
6
1
0
10
0
3
0
16
1
1
1
0
0
0
0
0
2
1
5
58
53
0
0
0
1
0
142
295
1
8
1
0
4
7
157
40
1
955
0
3
16
0
0
0
27
9
3
0
23
7
0
3
4
0
6
1
1
1
0
0
1
1
1
0
29
11
0
0
0
0
0
1
1
0
59
1188
1
0
3
9
0
0
4
0
10
3
12
0
0
18
7
78
1
0
2
25
7
1
0
3
2
0
16
1
0
3
6
25
0
17
99
0
0
1
2
0
0
18
0
1
0
0
1
6
0
3
0
2
58
149
0
2
0
0
19
0
5
0
2
7
0
1
0
0
28
39
35
0
3
0
0
4
0
2
0
0
0
0
51
1
0
1
3
0
2
3
0
930
0
16
3
0
3
101
0
1
9
0
0
1
8
3
37
1
193
0
0
3
0
0
0
13
2
0
5
1
1
0
0
0
0
5
1
24
0
2
0
2
38
0
72
0
19
12
95
0
0
3
1
27
859
0
1
6
65
5
1
1
6
0
3
0
2
0
0
1
6
26
0
1
6
3
0
2
1
11
0
10
55
1
0
0
68
0
0
5
5
7
67
0
0
0
1
7
5
390
0
4515
2
0
14
2
1
6
2
0
3
5
3
6
170
21
0
180
1
0
1
0
0
51
28
1
0
0
91
0
0
8
31
7
0
20
0
0
1
5
31
0
0
182
78
0
32
0
11
16
5
2
1359
0
1
0
1
14
0
0
1
3
2
1
0
6
94
4
0
18
0
1
0
31
2
0
1
0
4
0
1
7
0
0
17
1
0
0
1
2
1
0
0
2
0
75
22
0
0
7
0
1
1
5
800
0
5
0
0
0
1
62
0
1
0
2
24
1
18
0
16
8
0
11
4
0
2
910
9
382
1
1
126
3
8
340
3
6
1
0
5
0
0
361
0
4
23
9
0
4
1
3
1
1
2
1
0
0
3
0
4
0
29
2
0
0
3
6
1
29
3
0
0
1
0
0
0
2
2
45
1
0
1
0
1
0
938
3
7
72
1
0
0
0
1
0
15
10
12
0
0
1
55
0
6
1
0
5
0
25
56
1
1
36
0
1
0
59
0
0
1
0
1163
2
0
13
4
5
5
0
0
2
0
35
3
753
0
0
1
0
6
0
1
0
1
6
5
2
3
37
5
2
14
0
3
482
1
1
0
1129
8
0
1
5
13
3
22
4
0
33
23
2
0
8
0
0
1
0
0
2
0
9
37
0
0
0
84
3
0
0
1
3
1
0
1
0
1
8
55
138
70
0
6
0
1
0
1
0
10
58
21
0
5
4
9
45
5
0
7
3
0
66
0
0
2
1
10
0
12
0
0
5
1
1
0
7
0
11
4
1106
8
0
0
10
0
1007
7
0
0
1
7
1
1
0
0
2598
1
2
1
0
0
41
6
0
107
7
0
22
1
39
60
5
10
0
0
16
0
9
0
22
4
21
0
6
2
4
0
8
1
7
2
15
0
7
1738
1
0
5
7
6
2
108
72
2
366
16
1
84
56
0
0
1
0
5
2
17
5
9
1
3
6
5
2
5
47
3
6
431
0
0
0
25
0
0
3
2
0
1
23
4
0
0
0
3
17
2
1
0
1
1
1277
4
8
24
3
2
1
4
0
1
0
9
2
0
0
0
0
2
18
5
0
2
236
28
4
2
28
1
4
6
6
2
1
101
1
0
1
0
0
8
3
0
0
0
1
0
0
0
0
1
0
2
2163
10
24
4
2
3
2
5
3
9
1
0
0
8
1
2
0
0
0
108
24
4
7
6
0
39
1
2
20
31
10
1
0
0
0
0
83
0
1
11
1
2
5
0
0
4
67
5
1
0
8
1
8
10
0
74
0
28
9
9
0
3
3
1
10
0
0
1
5
0
0
6
9
2
0
1
0
13
0
0
18
66
2
3
0
1
3
65
15
1
0
5
0
7
1
0
0
8
12
0
0
6
5
0
1
0
6
17
1
174
0
0
9
2
0
0
0
0
1
3
0
1
4
0
45
2
0
2
0
0
6
1
9
0
1
0
52
1
1
19
1
5
1
2
0
18
2
0
1
7
13
3
0
0
1
0
0
1
4
0
0
200
1
0
1
11
0
0
0
3
1
25
1
1
1175
4
1
0
0
0
8
0
0
0
49
0
4
30
5
0
5
1
1
0
0
13
1
2
0
0
0
0
2
600
0
0
5
3
0
0
2
266
15
0
29
0
0
6
0
0
0
0
1
0
4
12
0
1
1
2
0
0
2
0
12
1
0
10
1
0
0
0
1
0
18
8
5
2
3
0
63
0
0
7
0
61
0
1
0
0
6
0
0
1
1
1
1
70
42
279
2
0
0
0
0
209
1
0
4
4
1097
0
0
8
0
3
0
0
11
5
0
1
5
0
2
0
10
1
0
1
22
0
287
17
2
3
0
8
24
3
0
1
6
1
1
1
1
1
14
2
14
2
1
27
0
3
97
0
1
0
2
1
1
0
0
3531
5
0
0
6
7
1
0
0
6
0
18
35
11
0
0
1
0
0
0
0
13
0
0
93
0
1
4
11
1
1
0
3
0
0
2
1
15
719
0
5
4
1
8
487
0
6
49
0
10
0
7
13
0
6
0
1
7
7
0
4
3
10
3606
7
43
2
2
94
0
0
0
0
51
282
29
19
0
0
11
0
1
1
0
0
93
0
5
0
77
0
1
0
0
12
2
0
0
0
0
22
0
4
2
44
3
0
3
4
1
115
0
5
9
4
0
10
0
1
0
6
0
0
3
7
0
2578
6
4
0
2
37
0
1
0
0
0
0
0
33
53
0
0
5
238
1
6
0
0
2
80
0
3
0
1
1
1
1
3
0
2
100
0
9
115
2
1
0
0
3
0
13
28
0
1
4
33
106
0
9
1
1
5
6
0
7
16
0
2
1
2
5
0
1
0
0
7
0
31
20
1
3
0
17
0
30
7
0
8
2
1
0
0
1
0
0
0
41
6
197
13
0
0
0
1
0
1
0
6
0
58
1
0
126
0
0
16
2
16
3
0
5
113
3
0
2
4
0
0
0
9
0
5
10
0
0
0
2
1
10
1
2
2
1
7
11
0
1
2
0
14
0
3
2
1
0
1
18
1
0
0
0
0
0
5
1
39
27
13
4
0
56
15
11
2
0
4
0
0
12
5
21
0
3
6
0
2
0
0
8
0
5
1
4
0
0
0
0
0
24
1
0
0
13
0
2
0
0
0
0
146
1
0
7
4
10
3
0
10
0
941
1
0
3
6
0
133
0
10
2
84
2
2
0
0
112
19
317
0
108
0
0
3
0
1
3
0
6
0
0
0
11
1
4
1
0
0
0
1
0
136
0
1
25
18
1
7
0
15
0
2
5
10
4
0
0
20
18
4
0
5
0
0
0
5
0
594
0
2
0
1
1
0
0
0
1
2
17
35
2
0
1
8
4
1
78
0
125
0
0
11
49
0
30
0
0
31
0
0
116
0
37
4
3
32
27
62
103
3
8
0
0
0
0
0
16
0
0
2
233
9
0
471
79
0
4
4
9
0
1
0
39
0
3
0
1
0
0
0
1
0
119
1
0
3
1
1
1
0
0
0
20
1
1
24
0
5
0
127
9
1
0
8
1
2
1
0
0
1
0
2
20
0
13
5
0
9
437
0
2
1
0
293
0
1
0
0
0
1
2
0
7
18
2
0
0
0
9
1
0
26
1
3
29
1
0
0
12
0
4
0
7
0
499
0
0
0
0
0
24
6
5
26
32
2
5
7
7
0
16
0
0
1
11
5
0
16
13
2
2
0
0
8
4
4
3
3
14
213
4
0
0
0
0
0
4
20
0
0
0
2
8
1
7
8
0
0
0
0
29
1
0
1
0
1
0
29
1
17
0
5
9
70
0
1
17
0
11
5
0
18
0
0
1
21
2
8
0
0
10
7
15
3
0
0
0
1
21
11
0
0
16
1
9
0
0
19
2
8
16
35
114
1
2
0
14
0
0
1
10
1
0
1
1
0
0
1
4
2
1
21
0
0
4
1
27
1
5
63
0
0
12
0
0
16
4
1
0
1
0
2
4
7
0
0
0
6
0
1
0
0
19
15
7
0
0
1
0
9
0
0
7
1
0
79
1
1
0
5
0
0
6
2
35
25
2
1
0
9
2
0
0
0
8397
0
0
0
1
1
0
2
27
0
25
0
0
1
14
0
1
0
0
0
1
0
1
0
372
18
2
1
0
0
149
0
6
2
5
1
4
1
1
43
0
0
5
0
11
4
3
0
16
6
24
0
0
6
0
0
7
0
1
0
2
70
0
1
2
5
1
1
0
1
410
91
10
0
0
8
9
3
14
8
18
4
10
0
0
15
0
3
1
0
10
0
4
4
0
4
11
28
0
0
10
1
0
0
11
0
7
0
0
0
5
0
1
0
2
5
0
1
62
254
13
12
0
0
8
24
17
62
0
1
0
6
0
0
24
3
4
8
0
0
1
0
0
0
12
1
74
3
218
0
966
0
4
2
0
1
3
37
2
11
55
6
0
0
81
30
7
0
24
13
3
13
1
2
0
57
10
31
19
1
0
7
24
0
57
3
0
619
2
123
18
0
4
0
0
1
2
1
0
0
1
0
1
9
8
0
0
87
4
1
0
6
5
0
3
0
0
0
122
0
3
3
11
1
0
2
0
1
14
0
1
0
94
0
2
20
0
0
0
24
2
1
2
111
0
1
0
0
2
2
5
220
58
1
0
20
0
5
0
7
0
3
0
0
0
0
12
0
0
0
0
0
20
19
8
14
0
0
5
0
104
0
26
3
15
0
2
1
2
3
0
1
115
1
1
46
2
0
4
1
1
15
0
13
78
0
0
3
196
0
18
0
0
1
0
0
0
7
16
1
2
7
22
0
0
5
32
17
3
1
33
0
7
0
1
5
0
18
1
2
2
1
35
0
2
0
0
0
0
10
0
2
0
18
17
0
0
0
8
1
9
10
6
88
1
9
8
0
15
3
0
1
7
5
0
0
1
1
40
17
0
0
74
44
0
7
0
1
0
0
17
2
4
0
12
9
0
2
0
3
3
4
17
1
40
1
0
1
1
2
1
5
1
121
11
1
0
1
1
0
0
2
0
0
3
15
6
29
27
1
0
0
0
0
0
0
0
1
0
2
283
66
23
6
46
10
0
14
2
5
1
0
55
1
5
7
10
3
0
0
1
1
2
0
0
0
5
0
3
19
64
28
0
1
0
0
683
0
13
36
0
0
0
1
0
0
4
0
0
1
3
7
2
13
11
203
0
0
0
0
0
0
0
2
0
1
0
2
31
9
1
0
2
12
13
77
1
147
1
2
2
8
0
0
0
0
11
5
1
0
10
1
1
3
1
3
1
18
0
5
6
4
3
2
0
0
3
2
7
5
1
0
1
5
1
0
14
5
242
332
0
3
22
0
1
1
19
1
5
31
4777
5
989
1
0
22
8
6
58
0
1
1
2
344
469
0
45
1
0
0
1
29
10
215
15
0
36
23
6
0
1
0
14
0
1
1
1
5
0
0
172
0
1
4
505
2
25
604
0
1
20
106
0
0
1
0
5
7
0
3
1
2
0
0
0
24
1
37
18
998
0
0
0
5
0
75
12
3
0
0
32
1
10
0
0
0
14
3
1
5
17
0
30
8
408
1
0
380
4
0
0
0
16
2
1
11
125
13
2
10
0
0
0
6
2
7
33
2
6
6
0
0
101
0
29
1
1
1
54
0
0
6210
2
2
1
5
16
55
2
14
10
0
0
4
3
179
4
2
0
0
11
0
6
0
0
0
2
4
1
5
1
2
1
0
0
0
0
1
1
0
7
0
0
0
0
5
5
1
0
1
1
1
3
0
0
1
0
967
1
0
9
0
32
42
207
0
0
120
11
0
6
3
0
222
0
0
18
0
3
136
1
0
0
1
8
0
4
9
1
1
2
20
2
0
22
0
24097
0
34
0
0
1
6
0
1
0
1
0
13
0
1
0
0
245
2
0
0
0
517
0
3
1
722
0
1
0
1
5
23
0
53
31
11
0
1
830
0
0
0
15
27
0
1
5
0
7
0
9
5
743
9
0
0
1
0
3
4
0
0
69
493
3
3
0
17
1
9
24
1
7
3
2
0
1
24
3
0
2
3
0
0
2089
0
11
4
0
13
0
1
3
0
37
0
36
6
12697
2
1
8
1
0
27
5
0
0
0
1
1
10
0
1
1
0
3
4
0
1
1
1
11
3
18
2
2
0
23
426
0
50
0
5
0
0
0
172
2
0
21
5
0
3
149
5
16
1
0
8
1
3
4
1
0
0
0
2
5
1
0
7
4
4
22
0
13
3
0
241
12
2
1
0
3
1
6
1
0
2
8
0
0
0
0
5
0
3
16
0
13
0
0
0
776
1
0
0
3
100
5
5
8
1
0
2
5
6
1
3
39
1
33
141
0
0
4
2
0
0
0
0
0
0
0
0
1
0
16
1
0
1
236
0
31
5
523
1
10
85
111
0
5
1
0
0
0
56
4
7
4
107
1
162
11
10
2
0
0
0
1
1
24
1
1
3
0
1
17
0
2
1
84
11
0
0
0
0
0
14
0
17
1
0
12
3
7
9
228
5
0
0
0
380
0
0
0
0
0
0
26
0
0
0
7
171
21
0
0
0
0
1
1
1
2
0
0
0
2292
2
0
0
92
3
1666
4
9
0
8
0
40
0
0
1
1
3
0
0
0
5
10
0
0
0
0
0
1
24
0
0
0
3
0
39
0
0
1
0
7
14
0
1
0
0
4
304
5
187
26
2
1
4
1
2
7
1
0
47
12
7
858
2
5
15
0
150
0
22
0
1
7
0
0
0
2
5
503
0
18
12
0
7
6
0
1
0
0
10
0
0
0
21
0
16
0
1
7
0
50
0
2
960
4
0
0
28
3
0
0
0
4
8
0
2
0
25
1
2
1
1
3
7
0
17
0
95
36
66
0
1
0
4
4
0
13
53
5
0
0
0
31
0
4807
15
1
0
7
10
1
0
4
12
0
1
6
7
57
0
0
0
0
1
1
56
2
0
4
1
0
0
0
91
0
7
7
0
4
22
6
0
0
240
1
10
0
0
2
14
1
0
45
0
3
5
1
1
0
3
0
0
0
0
2
26
0
0
212
25
0
2
1
0
37
3
10
0
90
0
0
0
8
2
1
0
0
1
1
0
6
5
7
11
77
8
11
1
337
0
0
8
0
0
0
0
7
1074
1
1
2
4
13
130
0
0
12
3
0
9
1
0
0
3
0
0
1
0
86
0
0
0
1
0
0
52
0
0
0
0
1
11
0
0
2
0
3
10
26
49
0
0
29
31
1
0
1
1
9
0
0
27
0
0
0
3
0
1
27
1
1
0
2
0
2
0
0
7
1
9
0
18
6
0
3
0
42
0
16
1
1
8
1
0
0
1
8
16
7
5
0
33
4
5
0
0
1
0
8
2
0
1
0
27
3
16
8
633
2
0
0
0
1
11
0
2
0
2
1
0
4
0
4
1
0
1
19
0
1
0
4
3
0
1
1
20
11
163
0
2
10
0
1
1
6
0
0
9
0
13
2
50
0
0
7
0
0
3
0
52
0
0
0
4
0
0
1
0
12
9
6
0
10
0
6
30
2
0
0
8
1
5
1
10
15
2
0
0
0
1
1
1
0
4
2
0
1
3
0
1
1
2
0
2
0
3
4
4
0
0
1
50
0
0
4
3
33
28
0
4272
35
4
0
32
1
105
1
0
70
0
1
27
0
0
1
17
2
0
0
1
0
0
3
0
859
1
1
0
12
4
1
7
0
0
0
0
1
0
0
1
3
101
0
0
0
6
0
1
65
0
0
3
0
11
0
1
2
19
16
0
0
0
0
1
1
0
0
0
0
0
27
0
6
1
0
0
2
0
71
0
1
1
0
0
0
1
49
3
0
1
0
1
0
19
8
78
1
0
0
0
172
0
4
3
0
1
0
3
14
0
2
9
6
1
13
5
7
0
2
3
12
0
0
30
5
0
329
35
0
0
0
0
0
9
1
0
0
0
78
1
2
0
5
0
0
0
1
0
0
0
0
11
16
16
0
0
0
0
2
970
0
0
0
0
23
0
0
0
1
10
1
53
0
1
1
10
0
2
47
0
0
0
0
0
0
0
3
0
12
0
0
1
5
3
0
27
1
5
27
1
0
32
0
2
0
22
5
0
1
5
0
0
57
0
0
2
1
0
0
1
0
0
1
0
0
0
0
3
3
13
0
3
1
2
0
0
181
1
1
0
0
2
4
8
0
0
5
0
0
0
0
21
3
5
156
0
1
0
0
7
0
3
0
2
8
10
0
4
6
14
3
1
2
29
0
141
12
2
0
12
0
5
0
8
26
0
1
0
0
38
5
0
1
1317
10
1
0
0
68
1
576
55
0
2
0
21
214
18
0
9
16
65
0
2
3
2
2
0
0
0
5
821
4
0
0
2
0
0
1
0
4
3
1
5
0
9
0
1
13
7
1
56
0
2
29
1
1
27
0
449
1
6
5
1
0
1
52
5
0
28
0
0
2
12
0
1
2
0
10
1
28
3
92
5
25
6
4
0
0
0
0
15
2
27
0
60
23
0
0
0
0
0
0
2
5
867
8
0
1
0
216
0
0
123
137
0
0
4
0
0
10
7
1
0
1
0
0
1
0
3
6
5
1
0
1
0
10
1
12
0
19
117
49
528
44
0
1
9
0
77
0
4
2
0
1
1
0
0
0
0
1
1
6
0
4
10
1
3
0
9
0
2
5
1
6
0
0
56
0
0
0
16
0
0
11
0
0
0
0
0
3
0
2
12
0
0
0
1
6
1
15
1
1
0
0
0
0
3
0
1
1
4
0
18
3
0
0
0
1
