42
1362
77
14
47
53
135
260
35
41
2564
26
36
10
505
59
18
30
969
823
205
107
41
27
92
43
453
38
77
172
72
208
525
48
6
108
117
14
28
264
149
1020
1406
630
332
23
186
78
115
14
24
96
3
7
39
76
53
248
13
28
357
84
16
36
374
42
422
54
102
43
66
126
61
24
10
106
8
3
8
32
19
136
77
244
43
22
456
13
62
15
447
83
152
17
6
28
36
32
42
30
52
93
21
623
2
313
64
48
30
92
550
46
17
102
39
1415
3211
7
23
2025
418
3647
73
20
19
53
695
24
17
27
48
156
96
8
27
83
182
15
4
146
4
120
73
7
30
8
235
433
40
57
60
218
128
15
1
88
710
15
1638
36
70
11
16
93
18
229
48
34
26
96
88
515
23
198
73
410
208
310
20
424
27
145
16
13
73
16
632
32
31
21
27
108
1382
367
129
97
64
143
40
819
24
3213
38
190
16
447
47
13
17
36
38
34
298
648
105
61
11
14
19
32
228
631
39
20
77
19
37
186
44
208
101
315
1835
30
107
17
34
255
245
25
20
8
338
3
98
148
234
144
5017
24
243
139
39
58
493
15
404
1579
107
42
62
300
62
34
163
5
85
8
15
122
120
239
17
2
276
25
38
60
420
484
183
90
206
239
1064
31
407
109
6
1022
23
296
8
223
17
476
56
39
303
922
441
3
2157
124
21
19
145
20
144
19
17
10
705
62
67
399
87
149
23
15
76
96
17
225
94
1623
162
1168
9
21
226
128
53
41
47
175
139
253
107
22
77
31
9
1191
11
138
459
101
33
284
162
20
64
20
4
27
324
17
15
16
643
392
93
185
112
19
4209
167
79
363
97
5
77
18
77
142
66
56
18
313
62
56
77
47
422
602
21
2029
220
41
139
16
25
140
39
9
292
280
7
6
35
187
10
17
174
44
60
17
17
111
282
30
230
189
318
570
53
30
11
134
9
223
80
13
365
103
143
59
86
1068
26
325
20
73
666
238
20
33
192
36
260
914
22
23
24
78
75
14
9
168
141
65
141
245
518
185
2826
356
108
558
162
9
76
12
450
331
71
56
127
3137
61
56
235
51
32
236
15
32
46
403
103
142
10
684
35
23
127
51
518
18
655
29
142
98
56
501
20
87
27
1673
19
165
471
101
143
40
405
660
132
22
38
303
562
36
56
69
5
98
34
13
391
70
5
60
178
141
53
88
104
465
217
406
1842
27
27
35
699
118
34
33
213
1253
106
1658
209
279
35
4081
8
35
6194
16
897
13
19
34
25
38
93
310
76
206
203
155
318
624
9
13
19
27
142
30
41
61
1398
15
17
118
370
1334
295
33
393
22
1181
51
381
34
58
44
41
8
12
164
811
6
1474
12
31
187
113
12
12
26
29
49
103
253
114
49
36
1007
36
85
5
13
9
63
7
39
38
30
168
87
4
31
1034
65
249
401
76
132
24
403
15
20
196
15
46
159
8
146
187
11
47
41
10
9
33
38
125
274
39
54
17
98
5
293
29
21
34
66
309
609
791
346
0
1472
101
18
97
182
903
124
154
509
26
15
29
869
82
117
77
117
113
115
291
368
58
12
441
678
1454
27
14
4
752
14
58
771
344
31
29
125
40
52
168
86
139
264
53
32
158
124
71
48
10
96
19
22
15
10
9
34
86
20
99
9
52
6909
26
298
44
8
73
156
427
25
106
651
31
139
551
50
540
13
3
51
96
142
56
426
1808
48
76
88
21
60
119
4833
14
4003
72
12
423
1628
93
283
10
58
68800
83
18
860
112
93
7908
183
154
99
28
433
37
1
10
659
77
26
229
10
58
34
126
15
10
130
79
73
434
43
47
1915
298
530
111
1085
111
98
138
63
397
28
33
92
18
1128
42
40
64
45
96
36
79
20
21
39
1698
729
504
162
9
41
106
412
55
55
55
191
127
117
14
20
45
1698
31
293
30
21
37
107
531
24
3973
41
12
455
339
49
1362
202
145
172
52
68
906
137
6
402
25
28
34
50
16
179
154
116
38
760
156
34
403
828
1436
14
39
21
203
98
20
145
52
70
1693
18
158
127
32
186
282
13
7
41
71
9
410
445
161
22
679
479
70
249
225
583
28
16
629
26
13
70
373
99
13
38
28
426
48
1816
1074
31
161
3162
109
75
2583
14
273
26
56
52
342
20
25
177
58
60
28
107
21
90
967
1
48
447
46
8
55
9
50
24
58
143
30
99
24
73
105
53
417
49
52
159
10
30
161
42
36
105
36
78
16
50
31
90
159
6
124
14
16
112
17
179
116
193
70
203
95
39
53
396
226
10
533
8
434
239
31
146
26
2
516
2906
470
21
25
23
8
46
896
102
204
66
194
11
82
36
6
282
14
48
936
621
51
5624
40
66
500
44
350
378
213
410
599
39
8
501
14
187
139
1086
680
9
1628
73
53
21
88
72
18
7
233
490
186
85
864
622
52
18
19
8
54
636
141
60
130
239
19
1272
38
42
22
82
28
66
29
37
27
42
45
23
13
1076
915
212
825
424
81
37
63
14
225
350
269
868
63
78
104
464
87
182
29
550
31
116
123
13
589
168
101
1526
11
16
103
282
5
121
15
16
18
64
34
745
17
198
896
14
9
17
106
322
410
4
1006
12
81
4
244
527
237
153
171
118
14
12
427
46
29
32
70
304
31
25
2
26
376
32
99
4
59
8
114
17
29
62
36
62
30
32
237
181
31
286
112
20
110
125
38
216
135
95
144
28
214
19
49
30
65
37
17
15
22
20
342
182
119
72
46
115
211
131
814
106
74
448
8
76
779
3
114
51
398
30
25
21
17
1836
16
418
117
78
136
717
8
18
33
83
12
11
111
18
255
82
82
28
562
16
9
63
10
585
47
12
1458
16
407
63
119
517
40
4869
47
15
37
11
518
1787
71
202
35
62
98
3
13
14
67
27
147
120
5
75
2
25
229
180
90
41
17
10
72
149
104
58
360
37
16
76
14
548
91
484
1378
241
324
42
19
5
59
115
140
12
219
131
338
543
13
1960
15
9
1150
937
8
26
6
48
1981
784
73
380
21
828
5
26
428
18
86
34
23
165
158
5521
39
17
43
49
891
43
89
352
8
72
1112
55
59
11
81
85
7
49
74
93
24
177
80
78
6
49
31
28
138
140
1523
432
56
133
26
138
13
66
223
14
30
22
59
41
40
18
35
105
61
162
84
70
69
610
425
158
280
16
59
370
205
5198
170
85
75
27
458
14
1343
9
16
9
5
43
77
73
36
116
106
47
976
153
46
14
185
27
79
248
35
51
63
86
40
161
533
33
41
68
2
156
13
81
18
47
131
55
42
75
1509
20
66
51
69
4
127
33
541
55
52
42
75
69
701
136
227
44
124
32
543
1466
13
10
19
97
210
166
334
221
35
4294
222
262
142
2291
381
23
3225
848
122
466
468
35
18
1093
239
16
294
101
46
19
75
18
123
28
35
87
14
50
27
263
0
28
15
25
18
319
24
100
59
346
1905
54
235
13
176
7
18
315
141
879
12
10
76
45
137
47
327
43
625
32
272
45
304
140
8
7
20
203
58
154
27
47
69
92
547
201
4
103
66
18
22
445
277
58
2261
347
26
36
26
142
325
9
47
556
190
3
54
255
6
440
7
86
34
149
515
2614
68
35
631
326
149
125
93
154
190
33
5
1323
113
109
104
23
39
59
100
56
154
593
906
420
190
1720
88
395
745
623
32
19
7
415
47
135
5
19
30
294
18
381
76
661
96
21
6
372
895
53
99
56
8
20
4474
108
243
214
16
80
119
45
259
19
75
216
1407
184
407
499
348
273
78
87
66
484
22
1460
16
387
50
15
9
1242
18
277
162
249
46
48
53
422
85
277
11
4
28
52
20
27
2810
24
90
17
148
64
45
28
20
13
1711
133
16
47
87
250
795
164
28
126
144
21
157
114
41
8
51
13
158
72
53
34
220
167
27
140
13
18
65
37
109
34
31
289
208
66
922
84
27
230
89
60
32
391
150
13
305
60
741
180
16
45
29
844
78
12
31
73
551
267
3127
1747
66
36
15
18
11
30
502
6
136
11
35
18
247
1184
498
353
0
7
469
16
110
495
866
7
31
40
328
4
318
5
61
11
73
426
61
468
110
400
58
174
20
13
139
174
411
177
234
2110
10
180
30
31
119
10
50
20
730
190
320
38
96
11
439
14
28
208
860
399
19
3
162
23
7
460
32
14
101
145
49
13
1683
2
12
598
2941
27
304
446
36
54
277
19
443
18
23
48
74
491
688
197
8
48
36
146
3
350
711
319
99
367
12
603
132
18
24
223
23
22
17
45
103
5
20
6
152
7
97
3
5
1166
522
17
17
175
70
81
306
32
297
161
57
98
705
115
262
3
795
34
51
1087
12
54
403
428
158
42
143
63
20
152
102
40
511
19
43
43
40
29
146
31
5
16
210
223
53
1043
59
80
186
132
12
49
39
18
134
5
416
7
243
177
991
30
120
11
1058
93
34
128
124
485
7
96
69
15
66
317
138
19
185
15
19
838
992
7
197
111
38
237
842
92
792
26
296
472
8
155
151
57
21
426
257
29
328
107
3
1507
16
73
19
278
255
6
20
175
44
10
9
11
19
116
75
132
22
36
7
88
42
163
11
237
133
30
170
34
45
182
99
18
459
22
117
11
62
8
36
186
429
117
153
61
155
14
13
2
696
18
518
113
421
60
704
147
52
784
8
60
24
193
70
412
9
73
21
73
503
62
60
116
25
52
41
288
189
29
93
118
9
23
589
257
102
1516
181
44
24
2110
19
56
36
22
42
113
34
2
446
15
359
135
145
84
6
41
66
20
117
111
26
171
6
57
62
97
823
27
52
108
35
228
8
484
118
16
44
41
47
70
6261
27
54
61
27
24
49
4
136
176
1093
1302
71
26
16
27
167
228
276
40
38
407
446
58
12
195
73
51
59
23
42
27
762
26
19
1214
103
7
72
23
190
130
40
184
12
713
253
35
34
1032
28
491
22
534
75
68
260
218
22
43
113
10
23
138
35
89
232
0
41
123
312
342
372
27
43
45
85
156
148
137
3
92
70
112
18
1588
4
9
194
135
15
22
2
114
30
43
16
4
117
4
498
9
241
689
33
14
69
394
61
35
82
188
63
109
48
50
1290
1128
99
320
45
15
4030
14
42
98
8
4
131
54
19
350
33
366
4
301
173
37
11
69
27
384
161
27
463
15
16
55
7
85
441
1010
19
34
145
7
26
53
18
294
173
62
322
253
15
22
124
17
15
77
16
14
39
6
123
1294
39
100
474
20
170
193
15
21
189
21
102
45
131
194
107
14
149
2169
439
18
277
21
101
83
2210
765
390
256
7
412
6
139
81
217
39
426
40
17
177
675
660
59
168
71
440
48
10
26
7
306
48
279
157
274
2245
157
667
13
196
5
111
968
69
796
1741
5
60
378
48
32
117
93
476
493
398
88
48
448
251
117
561
1192
19
53
101
9
47
35
104
13
21
190
36
61
36
225
184
6
44
39
34
166
50
13
101
108
142
460
395
1997
2992
69
37
36
93
19
14
69
14
22
517
3520
21
21
251
408
613
2808
18
787
34
12
16
25
1054
41
862
1305
17
63
5
77
854
167
190
916
5
84
4545
15
52
12
33
1205
12
36
747
21
21
18
356
58
68
240
88
708
94
1470
20
103
434
197
183
21
100
45
31
16
58
336
47
532
10
414
281
17
82
25
20
1
275
185
16
14
29
109
20
99
1319
2
15
2466
105
1448
213
149
2369
285
29
73
47
24
7
0
47
366
1131
30
1
22
229
317
47
23
50
11
430
424
32
1579
475
456
7
410
804
66
19
5
49
37
57
253
273
30
9
57
31
71
36
168
909
798
1271
4
39
179
189
1565
64
51
22
6
46
384
419
9
42
36
187
48
12
33
107
194
79
580
196
17
119
6
7
811
339
47
7
60
68
24
624
144
116
299
943
53
111
21
149
102
79
24
74
696
199
30
1015
26
39
54
25
362
87
796
43
594
20
1064
283
59
70
12
17
102
4
447
24
904
910
4
68
34
108
633
64
247
27
409
27
121
23
1388
150
48
205
113
121
65
7
758
39
1409
253
31
21
18618
23
112
22
45
21
28
721
1613
24
62
127
37
28
52
32
410
106
666
138
124
183
28
165
1
65
456
255
57
63
98
43
75
284
62
463
30
346
52
162
89
691
17
54
721
505
102
21
939
36
16
57
95
1542
29
21
1331
10
51
6
53
5
58
107
491
19
32
580
1256
357
153
25
29
9
186
49
3
44
17
15
48
6
650
228
69
12
954
361
150
426
155
25
604
50
50
216
162
39
55
85
1618
3
11
28
34
78
577
258
90
189
55
1534
21
79
163
100
59
39
113
1369
87
866
12
1432
10
8
17
34
70
10
87
21
149
27
46
819
25
16
32
1
23
131
34
97
222
1032
37
155
3
36
24
191
302
80
59
74
61
6
128
23
52
1861
193
23
422
81
144
44
111
121
46
2
4
311
106
1211
128
161
268
35
246
6
564
68
715
677
108
413
434
84
55
557
43
180
166
220
53
37
74
31
147
221
74
13727
70
83
22
60
16
128
45
694
2
226
143
116
177
78
888
503
4880
8
237
47
1454
20
43
141
164
110
9
435
4278
519
82
30
12
63
144
26
88
14
99
13
108
406
2060
19
30
410
35
51
764
241
24
418
74
49
204
329
29
252
874
67
18
9
16
220
3244
3
35
107
3
10
21
108
20
15
8
23
24
45
621
57
212
10129
11
10
15
14
61
11
29
37
80
21
888
435
104
138
17
21
60
95
93
16
217
11
259
5
10
190
24
43
133
6
35
340
200
119
762
28
121
151
24
229
24
25
15
111
74
121
494
108
529
62
2335
309
71
17
19
27
24
4
31
488
369
84
31
1039
83
95
87
111
80
174
57
136
160
373
332
37
77
41
61
1771
195
114
7
453
711
17
130
66
85
98
7
14
27
91
16
65
40
197
119
121429
32
81
50
476
647
142
111
142
37
7
141
135
26
105
18
12
35
26
12
134
107
22
72
262
16
3336
193
27
125
124
388
85
38
108
180
107
357
60
28
177
241
240
72
548
10
256
1072
64
6
18
200
10
620
417
48
492
78
24
33
900
12
54
83
44
191
408
74
102
70
21
1806
197
82
225
166
56
51
154
32
46
697
163
31
2192
50
41
72
195
81
2
295
4377
895
47
66
163
37
60
81
465
41
224
313
582
40
11
23
4
828
64
42
31
1165
20
168
283
70
39
1801
965
115
84
80
928
227
10
38
92
136
119
20
8
88
30
16
17
98
75
46
100
930
54
114
206
10
4
6
129
104
84
3287
263
22
33
10
80
514
14
35
60
155
3325
14
111
47
63
7
416
6
21
174
129
24
46
6
149
183
5
373
72
49
8122
140
269
23
108
274
843
286
11
646
130
977
178
61
477
571
238
113
81
42
58
402
195
208
91
400
19
753
36
3
119
155
221
7
5
209
115
73
159
1108
175
28
101
67
290
38
61
24
7
264
21
136
1017
4
5
77
103
882
26
152
9
32
2793
23
226
28
155
30
512
414
88
26
13
12
70
110
30
1075
170
5
21
1003
5
121
25
111
254
157
8
92
149
8
663
12
245
421
193
29
28
197
7
81
20
28
35
22
559
25
56
1
54
156
171
83
219
123
40
477
231
80
132
132
28
669
523
4388
26
65
119
998
84
3177
219
1685
1202
7
19
85
392
45
41
979
565
1
34
181
522
48
35
110
75
36
211
555
7
189
14
14
16
104
58
25
23
100
1265
69
140
1047
31
165
5
304
148
98
208
519
14
481
31
105
14
29
34
6
548
881
35
19
23
43
233
6
16
89
1622
16
17
44
153
60
8
229
409
63
30
352
6
2195
48
127
682
129
270
107
545
1498
33
25
117
22
389
35
181
156
59
85
17
53
604
6
50
221
71
82
27
15
86
30
109
69
30
31
568
227
53
281
96
33
74
17
46
56
3080
141
32
1109
16
608
28
12
109
4
84
26
40
210
26
21
60
38
8
54
9
11
44
17
953
408
51
218
12
7
37
18
5
12
155
1609
308
217
11
89
31
56
194
244
5
33
67
2
179
376
55
275
20
253
45
602
218
53
595
273
33
12
74
17
107
768
90
266
3
171
2796
7
244
325
135
5930
418
13
13
83
108
33
228
319
961
24
53
28
53
60
52
89
154
36
410
70
74
5
70
62
56
217
34
176
471
52
4784
432
434
121
78
33
138
26
59
532
59
694
11
3181
49
20
167
191
335
24
30
179
33
30
75
111
271
751
3552
80
136
174
49
133
278
2536
23
241
3
2486
64
165
26
490
260
106
114
292
373
71
334
195
225
1
83
7
186
25
694
43
578
417
527
25
2438
251
92
14
279
84
49
444
71
23
16
198
285
146
18
7
106
243
83
7
326
155
33
729
516
9
50
145
46
1
122
58
138
125
16
68
463
102
120
89
129
11
3
36
94
56
29
12
331
30
61
30
347
3920
11
604
78
14
75
14
888
104
172
39
91
7
111
729
416
21
2943
141
40
1
202
3
266
102
213
59
606
54
247
60
12
25
110
35
4
30
45
446
104
12
434
267
6
33
30
29
282
33
224
20
17
458
48
15
22
63
24
13
1146
598
355
4
56
70
16
150
191
20
458
251
36
448
78
144
235
31
624
2238
642
510
24
665
105
45
159
990
133
28
154
2103
1106
52
201
227
341
21
213
601
4735
34
15
14
23
160
205
117
120
446
73
790
21
1395
118
11
60
45
57
8
15
224
22
27
516
112
64
12
90
96
140
89
90
88
22
1494
93
142
116
134
225
5
42
315
58
559
9
43
65
6
37
50
102
191
72
8
186
580
183
20
510
2309
129
743
202
50
136
12
264
356
19
38
319
20
26
25
13
10
16
42
23
65
32
221
487
25
225
84
407
462
132
236
6
74
1962
129
19
13
77
533
238
10
106
492
92
74
182
69
82
19
113
232
10
316
431
29
117
1764
48
97
144
23
315
8
326
632
9
274
36
5471
11
509
293
65
64
82
252
143
865
9
30
35
325
40
236
34
433
42
108
1054
7
30
157
314
8
18
11
50
50
40
40
107
119
41
370
11
84
7
79
57
156
49
29
11
22
432
47
1
32
36
6
5
149
383
574
53
490
301
24
105
340
66
26
411
148
55
701
134
908
304
2
619
16
72
43
33
46
48
6911
31
67
521
31
20
1610
119
43
159
11
1098
253
70
75
910
18
187
13
19
9
408
236
188
2
87
394
23
391
9
63
11
33
423
259
13
41
764
88
126
85
19
14
1465
1487
4
39
238
562
123
15
224
19
3
142
512
623
300
470
121
13
63
730
805
2480
102
595
352
157
3
21
154
65
22
73
312
118
88
50
130
177
45
25
335
122
18
190
621
42
310
156
35
117
1796
108
61
87
324
236
2877
288
528
211
69
284
114
1520
9
655
18
795
38
57
180
35
20
74
56
167
512
7
315
16
87
121
131
386
1322
47
36
74
33
211
87
44
150
65
345
169
46
107
144
5
122
256
271
26
22
3
17
24
26
16
3637
554
413
1374
3
65
154
48
100
90
11
10
11
14
31
52
1033
10
88
25
436
37
1976
20
345
75
492
388
285
21
25
21
9
30
788
10
749
39
20
1023
86
1003
718
1312
21
358
60
274
70
3
151
149
168
466
342
10
7
233
500
150
410
129
80
51
19
516
29
18
368
284
134
3
52
63
309
1042
290
50
55
91
1000
135
225
58
236
68
470
100
51
92
92
92
47
312
18
59
124
473
39
17
223
15
1066
56
50
44
118
445
37
114
9
9
54
36
40
529
44
584
85
1782
622
282
52
58
306
76
893
104
395
1029
1
2303
89
114
50
1
125
197
12
165
22
37
19
206
106
12
21
113
17
657
90
77
17
204
15
84
40
401
1015
731
121
11
85
44
88
16
3492
72
921
95
663
147
29
38
142
121
106
67
298
78
16
24
39
34
22
76
208
2
111
72
8
43
352
198
32
12
129
21
474
6
107
234
62
11
2
11
177
56
276
172
29
60
494
9
1040
134
18
25
214
521
57
50
11
58
91
67
30
627
89
97
63
112
33
134
60
206
109
134
19
4
66
40
281
22
70
138
1472
9
671
232
37
36
141
20
379
156
139
29785
242
68
37
65
2
257
48
23
26
21
500
72
405
297
13
344
82
14
38
73
7
25
6
113
87
123
819
19
33
16
44
26
24
544
204
7
237
416
431
37
132
5
228
17
97
76
0
19
18
201
103
56
121
53
17
135
33
42
14
65
34
6
11
15
39
16
26
55
120
45
33
523
116
372
458
181
230
2
36
379
59
75
5
28
7
11
278
476
120
17
44
31
17
36
46
32
116
6
631
58
496
739
94
167
343
35
348
56
67
64
451
124
98
71
215
7
166
560
65
22
401
39
321
20
120
394
35
112
19
54
232
20
403
68
6
9309
16
6
11
99
956
3
17
15
49
173
232
27
81
12
74
53
201
70
53
386
32
40
29
25
323
184
48
8
465
11
22
12
378
51
14
413
50
11
11
179
141
50
87
104
66
6
53
27
451
71
850
72
39
24
57
295
37
111
222
75
8
158
94
27
26
1548
443
603
24
51
20
17
171
64
67
1203
16
348
53
18
32
60
55
29
11
334
22
37
271
1
27
46
142
138
6
37
195
83
18
115
12
114
25
33
458
30
201
37
324
88
37
48
150
8
889
239
25
128
15
100
369
436
537
13
1657
14
265
29
448
379
357
228
579
90
52
596
738
195
18
19
208
23
309
98
278
26
140
302
95
95
440
6
54
34
209
135
23
160
208
83
319
1008
24
4499
5
70
35
73
13
133
18
27
503
4561
21
299
131
50
20
62
164
19
60
41
33
17
149
14
169
7
58
173
4
286
53
166
90
213
180
49
121
299
23
81
12
1163
14
59
4
20
4770
18
32
15
704
142
20
19
471
51
49
21
755
16
277
27
22
133
162
58
159
67
465
17
21
32
15
152
19
9
10
174
92
157
12
598
31
30
39
515
10
845
87
308
1149
78
65
123
81
21
98
7
748
38
37
267
53
159
105
563
442
57
6852
338
55
837
64
8
21
5676
6
66
21
39
59
40
438
2
15
62
5
16
23
360
347
58
124
122
240
3
134
254
19
3857
62
28
3851
361
200
128
312
26
17
70
19
500
78
39
112
4
115
34
169
36
188
196
11
20
126
1
304
44
57
11
538
130
30
122
9
75
6
151
73
47
8
701
23
18
68
182
69
219
83
71
81
71
50
1
51
81
12
29
731
7
1133
305
54
78
57
48
41
13
68
135
186
324
127
59
417
40
243
498
638
141
45
188
56
10
6
15
124
212
13
5
103
400
134
93
24
198
241
9
27
2132
589
2
49
3640
30
180
179
152
1
29
30
2
87
2120
1603
191
37
38
76
735
73
2397
184
51
161
20
570
590
4
161
195
192
227
42
345
540
778
90
54
202
229
29
277
26
404
37
103
809
92
481
286
25
114
192
76
15
12
122
10
50
32
59
27
103
141
119
55
124
332
12
498
333
140
233
152
36
19
31
139
140
34
48
413
1195
25
168
19
88
158
18
48
434
15
920
26
7
22
260
11
341
170
91
166
71
126
107
4663
878
11
15
38
19
34
189
96
8
39
21
31
392
118
261
83
755
105
86
19
15
56
33
13
148
557
2
117
114
78
182
18
14
37
85
46
113
7
32
9
49
323
183
10
13
290
25
42
6
214
78
301
27
7
30
11
41
20
41
116
47
139
7
68
21
131
5
4
8
133
236
41
10
429
116
79
19
18
168
45
11
24
4598
96
17
18
68
41
115
74
1
86
4
63
18
622
143
51
46
40
16
415
49
1019
81
20
306
1946
37
211
5
49
314
22
110
98
176
81
107
34
27
1265
32
671
113
47
4
154
105
56
161
12
27
82
45
440
104
91
39
312
10
41
9
275
5
14
2144
82
992
3556
62
50
17
60
171
8
76
1131
126
22
28
2661
586
75
870
31
771
1344
183
746
1243
16
421
3
49
40
67
100
846
29
43
46
1
33
79
33
155
71
168
155
14
853
15
746
8
1582
17
15
11
22
30808
249
123
35
53
37
50
20
335
648
2
15
5
30
49
1014
113
47
19
15
279
55
180
82
6
8
77
162
27
47
13
18
21
108
9
89
37
249
170
387
5703
7
1209
628
119
96
1681
12
359
223
45
105
408
32
3
1051
643
863
1
249
840
36
70
112
66
1508
36
5
195
15
404
52
459
231
496
100
32
253
19
20
183
37
70
56
518
444
27
77
46
90
1070
14
75
166
302
34
66
954
70
116
826
26
448
16
47
588
242
24
111
850
102
8
3227
532
105
68
148
10
617
194
472
80
14
35
264
15
503
7745
11
439
19
429
83
17
1884
79
184
43
96
2782
1642
468
49
40
74
71
1786
93
4
888
866
26
13
68
210
37
66
5
123
44
51
135
36
107
38
45
52
16
102
57
36
73
153
82
4197
134
16
45
120
74
993
136
24
229
573
28
138
29
12
129
152
939
1033
23
245
46
346
29
28
9
96
364
63
23
50
162
56
124
219
118
313
9
111
92
12
88
9
2317
242
50
774
309
629
50
157
6
1248
87
5
28
1197
628
50
13
260
34
284
92
7
296
656
291
9
235
206
9
131
454
295
8
162
1630
428
103
58
202
28
42
1700
74
461
11
25
136
14
257
68
87
3
42
39
22
480
169
327
43
65
58
2
85
18
678
1689
54
46
5
111
24
127
26
15
0
133
102
21
31
75
7
182
40
182
250
57
45
257
1003
39
72
222
16
731
556
69
374
138
73
14
112
15
941
402
127
1247
66
50
982
39
214
15
555
644
3423
46
203
21
53
1552
29
360
249
37
48
2452
10
244
304
18
3251
354
60
12
97
40
170
231
436
66
277
89
184
22
129
31
317
67
357
206
214
31
17
621
3132
1010
14
116
119
19
2743
384
154
37
212
13
49
125
26
48
28
81
578
41
37
160
267
62
1238
120
25
409
49
244
729
12
104
154
96
40
41
11
40
31
92
69
4
15
3
73
130
54
98
1371
2801
4
245
116
380
8
61
45
168
35
29
45
437
4
153
1267
195
1172
29
48
156
1048
572
64
79
392
356
122
31
6
154
82
221
217
13
107
1767
91
186
746
80
152
209
909
58
253
29
52
7
15
5
286
418
17
375
224
8
279
84
156
131
15
172
12
31
1
126
168
242
161
134
10
9
39
60
78
318
41
35
197
256
500
256
82
6
26
25
10
170
36
20
94
204
19
372
12
227
116
536
16
64
14
14
106
16
39
234
94
127
411
10
775
162
56
1206
278
6
6
91
43
13
4006
75
234
2562
15
203
13
412
99
29
29
14
300
94
166
1204
24
193
198
300
306
48
16
33
245
105
24
106
198
175
32
81
760
107
250
175
439
44
179
24
145
25
28
192
41
11
137
26
25
63
836
195
349
11
42
324
388
1880
37
205
107
21
2081
27
6
20
177
938
71
131
12
250
6
17
36
44
7
37
13
98
2
118
29
1444
388
7
1500
116
24
92
12
723
375
223
253
56
57
328
26
413
245
227
7
426
91
17
30
39
359
769
18
32
34
23
137
101
4
213
446
70
89
180
44
457
77
29
19
764
112
403
648
748
392
859
47
50
153
24
85
199
46
22
519
3
92
85
1339
305
66
7
38
124
112
22
11
410
12
66
570
111
28
9
23
123
70
16
59
221
81
4
169
64
1925
159
27
11
1261
235
139
49
17
492
33
252
14
17
100
103
161
55
71
144
44
12
27
113
57
254
492
23
26
60
164
671
56
352
314
675
98
419
5314
37
75
182
1
63
1
12
416
13
205
96
10
17
473
73
12
324
48
1112
136
1431
5144
137
4
97
1031
65
170
966
37
112
45
47
21
298
56
83
155
455
1153
86
34
99
168
36
95
373
16
35
77
72
31
67
112
259
13
412
47
38
67
573
129
34
531
3217
46
33
1302
210
3526
15
100
133
189
5
738
149
240
25
698
4510
95
1510
106
82
94
27
43
27
71
234
32
811
19
171
17
182
202
743
113
19
11
79
272
164
139
14
96
24
24
2867
14
1418
22
17
648
17
535
18
31
15
814
52
433
196
61
1603
79
102
957
38
156
408
94
214
16
123
5
39
31
464
11
17
897
152
93
35
878
91
21
25
167
55
71
36
1515
11
341
158
29
68
8
20
3397
47
109
192
216
255
136
16744
111
42
22
138
360
678
10
49
585
263
96
32
127
13
38
37
1117
130
320
725
520
12
5
58
1184
205
56
18
183
1126
231
97
25
106
130
370
1248
165
209
52
92
71
34
77
25
20
30
284
856
24
242
795
425
230
1943
269
11
32
38
20
399
53
149
3184
28
48
118
44
22
437
139
13
188
118
6
457
32
904
117
824
22
211
7467
12
298
18
24
106
77
41
4
200
1052
22
868
44
14
6
648
6
103
51
228
114
127
308
46
83
272
228
78
679
665
47
582
534
55
524
32
550
45
13
10
286
804
159
147
21
16
236
136
928
16
83
52
72
120
22
218
1011
22
604
88
258
947
231
17
12
83
4
29
88
584
94
9
64
65
54
94
107
8
30
11
407
23
5
43
356
218
109
20
16
266
2908
983
519
343
3811
23
18
12
668
44
818
4
542
458
42
128
10
89
343
1133
11
6
986
42
13
30
6
33
128
106
424
8
12
6
174
228
46
89
1482
16
534
39
8
11
131
29
312
92
392
436
75
17
204
24
32
320
2
620
50
38
2586
5451
41
173
98
59
38
122
65
75
175
136
108
17
86
72
8
14
78
43
721
138
93
111
61
107
96
334
297
135
89
3398
99
124
9
698
731
23
678
10
136
115
275
23
110
119
8
46
2869
38
51
19
5
1892
98
23
629
10
609
28
95
375
42
38
52
782
0
18
412
89
1245
146
196
440
62
24
167
133
87
83
670
60
11
68
869
16
350
12
27
4
139
367
255
1347
49
47
52
90
237
20
34
29
105
11
128
44
160
602
428
193
159
195
343
34340
60
233
43
7
139
20
2
268
119
460
52
23
87
286
514
7866
31
54
17
63
50
38
36
5
33
13
43
74
16
34
478
225
514
84
530
673
8
280
81
75
71
20
26
201
103
26
18
29
10
100
245
114
347
86
158
23
30
9
156
30
10
7
2247
83
17
44
541
129
29
24
19
341
140
22
12
15
306
47
20
13
335
1515
42
323
50
30
43
148
13
4
164
22
70
86
35
27
186
118
543
83
23
97
93
83
103
502
49
173
22
16
167
9
39
7
14
213
20
319
39
332
684
13
144
1017
1171
18
232
187
102
251
52
22
393
108
15
12
571
21
23
24
104
59
233
114
122
48
17
146
757
13
90
87
188
19
126
37
100
6
289
12
282
76
277
189
1
20
15
47
994
532
300
191
14
20
23
937
73
546
257
151
118
300
56
96
20
32
62
1591
45
69
50
277
4930
14177
232
26
1658
7
90
47
35
45
95
13
62
308
130
50
60
83
38
458
50
766
14
20
4
345
16
345
579
93
49
121
60
25
561
56
409
1007
42
40
31
3
42
569
9
59
401
337
403
36
25
308
131
14
32
119
53
26
97
5
24
220
368
809
15
60
411
9
137
30
33
81
49
391
415
16
363
218
26
36
269
31
342
54
3243
32
27
264
14
457
20
34
85
70
2
188
33
2339
245
154
134
134
14
25
16
31
28
120
139
25
64
63
612
214
124
0
73
31
10
2700
20
38
35
11
212
971
17
984
9
94
29
52
147
42
823
38
7
111
240
14
35
60
265
198
5
226
70
324
28
56
553
152
137
43
139
846
31
98
37
1280
774
29
1662
19
250
87
120
135
18
118
11
600
212
123
564
423
300
7
136
144
37
1780
72
385
38
19
7
32
230
635
3059
1077
92
77
883
78
19
22
51
233
24
447
9
64
749
57
257
202
10
267
40
27
53
138
40
151
314
38
16
0
1064
20
24
19
227
37
41
3356
2
37
262
54
33
784
285
479
34
780
13
13
71
18
85
100
66
58
400
187
107
451
33
28
1135
88
69
7
161
73
167
13
29
28
512
88
27
9
19
404
34
68
252
18
231
17
176
1215
144
13
935
53
42
149
52
6
2
202
1382
202
5
55
1134
228
91
16
82
3
38
174
56
85
17
24
17
595
31
576
124
1127
414
32
20
90
13
408
8
40
3197
42
131
516
16
577
36
16
127
215
131
14
116
1317
31
222
46
52
27
17
294
227
10
21
52
143
34
49
6
178
244
170
522
125
355
85
19
56
33
57
18
90
24
18
10
9
84
239
423
70
170
913
122
172
26
115
56
20
160
160
9
120
326
147
833
51
3
226
19
111
11896
63
18
110
72
747
138
13
446
153
426
59
156
3
43
66
5
10
57
20
21
15
29
114
157
57
125
979
11
314
519
9
12
136
6
52
8
10
16
1348
116
206
227
299
28
3697
88
72
102
25
13
79
54
179
67
36
14
68
4
1360
290
466
1900
37
73
37
10685
69
19
99
1634
128
56
61
12
57
24
1089
2605
537
11
35
1801
24
1660
12
533
8
37
245
68
1414
11
78
29
5
128
236
65
9
43
24
138
76
1574
35
57
77
883
535
164
46
229
10
35
57
9
50
39
128
6
130
64
102
35
145
242
10
2277
92
31
33
49
9
36
382
46
102
395
59
96
289
71
724
2071
251
17
35
68
4255
7
554
348
399
486
210
6
7
32
35
201
9
7
298
16
18
194
125
392
503
18
9
19
23
111
108
455
2153
68
65
642
28942
156
373
43
1064
23
8
16
27
151
284
32
187
119
254
6
26
25
270
215
50
34
328
11916
46
137
79
100
38
42
567
31
75
406
53
29
188
25
51
358
429
592
29
85
102
195
25
435
122
91
512
99
26
6
399
31
99
33
13
89
97
3010
120
6
110
52
21
273
104
751
10
56
39
2195
75
130
115
300
114
24
81
308
111
67
189
24
1133
423
229
47
108
159
18
22
189
711
146
587
83
53
8
2
88
1113
39
1594
20
548
78
150
113
34
5
401
121
41
76
253
332
17
31
9
169
53
33
347
295
11
557
19
5
364
73
86
630
135
152
17
30
20
44
280
216
748
200
1036
96
15
1314
219
2
7
359
9
25
116
444
241
21
7
44
20
140
42
17
1065
1225
222
1
369
59
226
1559
312
173
69
7648
122
66
212
13
81
49
19
37
9
115
3845
170
132
21
27
25
1815
256
3
316
6
94
63
76
28
38
854
37
17
36
178
14
360
1155
343
635
30
29
13
353
1605
380
37
217
388
402
19
21
54
94
353
98
47
127
51
490
40
201
166
161
30
49
6
770
214
66
3362
43
24
72
60
69
7
328
302
2
514
406
370
414
59
120
101
235
157
268
1
57
1100
63
33
64
305
180
64
186
635
295
14
415
109
577
66
59
154
78
40
145
22
42
47
63
5
107
117
140
10
137
87
187
30
307
32
230
55
1594
41
41
190
116
11
813
110
71
294
37
564
38
65
1640
2
31
107
266
3
4
14
2
229
448
3
200
110
76
188
1400
60
36
202
61
672
232
376
10
24
18
23
46
3611
138
1005
186
131
280
149
8
108
166
92
50
9
35
1537
420
65
66
778
165
3
50
39
24
95
229
44
21
230
22
47
50
24
18
6
4140
130
6
20
674
5
37
90
522
0
27
382
6
224
32
13
88
36
156
233
27
8
61
90
315
65
34
1616
43
18
261
38
70
406
340
10
5
9
250
72
22
8
73
75
77
16
41
332
166
202
45
465
3
10
1640
133
55
40
32
18
40
317
174
52
138
36
29
183
20
329
396
19
24
32
69
39
1892
20
5
10
518
95
5
9
45
33
11
115
33
10
452
96
32
31
11
11
148
16
40
27
183
1554
60
22
895
173
46
24
590
512
17
1070
114
65
154
71
31
158
43
6
247
196
31
342
178
31
53
7
11
4
221
687
3823
70
23
3
83
32
43
502
195
274
36
35
58
19
34
107
2248
204
36
173
29
24
22
13
65
289
7
400
454
193
370
186
160
82
5
40
29
128
285
69
17
13
82
147
7
64
18
1385
15
13
192
1915
1179
2575
30
17
61
71
24
105
609
194
1187
66
344
6
41
24
236
18
116
42
502
24
21
27
65
9
17
39
42
180
381
5
35
9
107
16
35
7
54
298
574
23
224
498
43
16
23
160
24
76
19
1073
485
334
189
25
233
45
11
318
587
35
42
91
79
34
352
32
57
52
111
2096
190
74
10
12
81
32
3876
26
464
16
131
44
23
5
1033
1307
2548
316
28
371
57
111
521
59
154
136
1495
330
30
255
71
181
106
455
260
343
72
23
108
78
21
286
22
135
479
50
17
1050
609
11
190
30
72
242
31
141
139
13
162
169
1820
83
102
177
27
591
4
393
45
323
184
171
61
139
185
1698
426
130
9
121
57
25
553
192
359
173
21
78
90
1303
480
17
95
18
85
288
55
74
27
71
56
500
49
4114
154
24
390
515
297
41
695
61
30
1699
50
33
61
25
156
30
144
12
222
6
126
11
74
68
10
32
11
69
83
79
18
81
17
134
33
727
64
22
31
6
7
28
974
149
849
486
36
136
46
47
659
142
70
30
179
321
19
28
83
395
123
7
30
48
3
9
19
64
173
212
323
16
8
1567
55
744
24
12
131
590
5
24
147
49
444
19
20
133
92
44
1387
62
347
2233
25
3959
36
459
250
63
104
77
33
119
26
287
27577
50
15
109
72
24
24
63
103
51
961
37
346
21
393
10
225
36
13
21
33
95
31
7
69
9
24
126
79
31
359
60
103
73
23
46
65
349
1945
115
1
65
700
2
25
12
147
24
101
815
602
27
39
15
25
1834
49
467
35
13
12
696
21
24
163
21
12
45
34
1299
151
93
26
75
102
97
346
387
5743
13
16
234
3
296
702
413
249
595
15
131
349
100
418
133
26
728
320
6
23
112
1216
39
1233
41
64
1109
151
132
83
45
5
686
29
69
50
96
49
57
47
180
6
28
742
18
1395
606
54
930
74
13703
137
27
303
47
255
101
6
17
359
343
65
17
748
101
77
25
8
39
823
101
12
258
38
152
75
427
204
27
28
73
1151
45
364
235
111
78
81
527
10
5452
168
82
11
28
33
2648
493
28
218
46
25
107
655
55
28
4304
14
18
78
158
6
731
413
153
297
145
375
996
190
71
12
23
34
436
11
39
8
1064
3427
512
1662
92
226
684
451
162
16
836
112
118
364
38
164
85
74
60
16
129
269
118
77
53
255
11
395
1939
4
515
24
364
68
32
1582
242
192
34
100
85
146
142
36
2529
43
9
259
27
316
62
88
137
17
11
169
95
18
2252
101
293
118
64
10
668
13
13
28
709
55
41
775
65
2282
291
927
1449
103
10
68
4849
2
268
12
111
138
137
34
3097
375
10
4
20
143
20
268
73
1028
44
59
111
89
238
30
51
13
80
377
647
169
211
67
251
10
253
16
943
17
131
562
696
152
1991
853
81
37
16
322
12
88
5133
304
71
195
61
66
29
24
101
54
24
7
65
44
2
132
73
222
51
65
6
216
1127
1040
240
80
323
439
493
15
55
22
43
16
324
1511
20
103
4392
218
24
276
6
63
82
182
135
213
72
305
6
72
20
429
19
68
329
40
73
60
118
12
189
226
197
402
11
69
997
16
5
351
53
17
2112
344
304
278
300
333
65
241
375
24
16
27
784
51
129
133
16
19
21
896
26
34
28
112
387
4
203
7
49
17
50
280
1164
18
9
290
31
98
40
612
12
249
155
901
121
205
36
69
73
33
61
176
14
33
3060
55
528
86
298
10
15
122
26
51
33
47
158
465
71
63
198
27
412
377
24
164
299
1708
12
48
14
95
38
14
276
76
32
825
8
396
231
364
30
39
451
100
255
865
46
44
680
146
48
120
48
294
71
140
37
126
2328
12
19
531
54
163
25
62
240
36
486
198
26
97
17
245
21
850
291
818
17
2981
528
22
228
20
4
4
1331
15
163
245
277
33
15
18
19
515
85
37
33
103
43
113
4
1390
114
28
319
68
212
3
39
259
86
390
86
35
184
597
322
26
101
321
172
56
78
24
101
74
12
45
30
237
308
335
31
18
179
117
229
785
59
283
256
144
136
434
115
89
131
8
27
513
127
135
78
13
50
13
364
265
434
222
15
18
110
427
124
39
49
1389
317
17
873
303
30
219
31
918
59
202
471
87
295
46
249
602
24
16
44
307
57
603
70
276
176
138
136
43
36
11
103
9
299
239
11
32
224
108
10
3
492
22
30
33
14
65
34
105
167
41
25
519
66
27
184
816
769
1048
33
133
7
6
17
34
27
65
7
64
34
48
51
902
148
73
14
26
12
1801
216
98
133
116
20
28
113
57
4
32
2383
185
136
241
22
55
0
126
42
20
10
114
2
239
46
25
119
57
20
12
1741
21
364
771
124
43
114
34
53
2
9
55
506
463
18
52
30
114
350
19
12
36
111
15
134
30
71
20
129
100
150
1857
66
91
100
136
931
61
79
27
236
135
145
297
222
77
11
39
41
826
86
29
44
115
39
84
74
29
137
1362
288
32
866
410
280
234
663
52
44
286
611
139
788
407
93
58
121
5
298
20
135
34
159
14
62
21
35
369
251
125
462
46
356
78
9
400
19
8
74
1545
273
21
306
73
220
183
405
21
245
26
52
50
201
164
299
3
208
54
133
32
2839
165
229
108
962
149
58
45
21
40
27
14
115
63
496
181
26
40
16
988
215
1016
578
89
28
40
4280
229
150
121
6
154
25
23
7297
1758
198
266
168
3
585
131
44
98
113
16
653
58
205
177
48
418
6
8
430
111
309
62
34
151
15
561
52
47
732
35
616
532
181
226
114
56
187
125
2009
21
2035
29
648
248
523
214
27
876
21
46
8
398
110
5
19
228
1841
65
28
239
3
17
2354
1022
516
400
316
5
48
49
173
87
11
14
55
123
79
345
22
32
386
19
140
121
11
35
11
32
95
203
57
9
6
33
533
41
596
206
36
743
353
1399
37
34
106
59
79
16
107
25
42
156
718
127
26
35
2921
5248
102
36
82
337
249
47
172
30
106
105
731
156
370
435
324
16
29
27
44
3143
73
785
11
35
172
84
301
10
4
34
135
435
245
329
67
46
1187
7
12
46
307
405
218
8
59
35
21
18
466
16
143
26
141
36
33
24
137
71
9
125
197
156
23
338
50
24
48
111
11
302
52
161
8
27
6
144
16
81
6
32
153
484
130
18
103
288
38
27
34
117
22
162
60
420
104
45
325
1571
83
29
19
74
4169
760
8
579
22
1708
42
29
153
36
14
371
73
9
88
271
107
16
25
23
201
78
118
118
115
7
3185
414
5
36
19
1942
467
286
22
28
19
37
8
10
10
84
15
75
8056
510
14
729
811
801
81
39
31
36
23
70
25
6
10
1081
41
77
30
24
32
47
511
274
33
123
689
155
300
1042
28
43
350
48
465
148
161
22
54
122
483
654
30
85
4
12
17
1180
6
9
580
10
28
19
45
8
5141
801
21
75
93
103
41
7
819
105
31
232
35
16
21
12
39
16
131
102
60
86
56
2
7
222
46
12
37
16
109
1539
62
27
53
49
46
42
120
5
128
42
153
358
545
39
22
85
344
42
22
17
1533
69
57
18
3
63
1335
1161
18
83
258
69
294
193
525
22
22
100
284
58
181
12
53
157
17
152
19
14
23
26
95
1
17
28
44
54
57
6
34
10
51
196
405
66
280
5
12
79
8
117
200
9
46
9
35
130
4
49
325
126
1155
170
59
183
33
231
234
27
121
399
15
14
18
378
592
677
616
74
15
114
4837
15
6
8
602
7
28
72
31
6
99
52
324
532
66
69
136
1009
748
70
217
387
1166
59
107
31
29
10
391
106
14
12
55
21
36
164
135
26
892
531
28
380
7
90
56
1580
4
17
8
149
105
21
49
30
177
317
108
39
60
93
14
5
132
137
208
67
23
3
449
3
23
144
365
3
72
202
76
21
145
1
214
16
205
3
49
235
10826
29
471
26
117
251
15
31
12
14
59
39
5502
64
1808
31
159
64
627
8
22
607
145
49
42
31
58
60
874
541
19
9
951
17
15
86
140
68
13
1060
1662
26
66
179
80
222
61
23
119
21
125
33
38
26
15
10
1314
101
78
209
40
396
545
11
131
66
43
1105
1187
555
74
165
67
28
95
200
174
10
45
285
12
327
18
478
582
474
702
47131
36
263
121
86
401
83
96
223
510
554
5
11
187
272
72
98
5
111
156
28
23
32
19
74
303
61
425
2613
779
578
3384
75
866
15
12
291
69
1
10
202
69
71
314
13
64
23
6
205
33
129
28
185
28
1809
10
269
176
671
22
444
540
387
386
26
83
558
364
36
616
41
174
75
57
52
34
166
13
124
22
1359
275
1528
9
126
20
314
17
9
62
34
34
198
31
440
74
171
134
36
8
23
155
300
494
2683
100
20
12
125
389
18
536
16
16
169
3141
460
171
104
41
158
12
6
118
146
89
48
37
501
62
44
35
146
267
14
409
265
156
221
213
55
561
277
579
94
78
75
306
92
75
34
34
9
31
75
27
128
748
68
25
322
4
200
3
1027
10
25
15
366
19
127
59
14
20
51
6
1438
117
177
344
636
83
402
21
306
148
161
335
1015
35
835
156
5
52
69
591
436
139
343
91
262
359
12
6
82
70
81
25
24
94
629
189
218
403
13
162
59
83
33
123
1481
771
180
5
30
18
181
8
414
239
3
44
77
28
57
436
5984
24
69
186
142
8
92
155
230
238
27
759
376
349
230
50
490
18
70
12
3979
695
414
128
528
56
1412
102
21
13
79
24
558
210
556
13
1
102
22
16
406
33
244
53
11
9
83
2569
169
282
52
424
17
75
372
369
23
525
125
30
171
22
13
16
1691
48
47
119
150
232
27
30
13
32
42
8
303
28
2
335
26
303
18
11
141
84
217
1174
28
53
240
712
16
90
20
146
25
618
59
209
36
99
158
404
37
29
18
237
39
28
108
341
10
2057
203
153
939
26
53
796
412
78
521
23
189
20
22
62
58
1541
112
38
46
114
658
176
259
16
10
200
29
3
7
137
4
841
287
27
2117
18
65
31
22
4220
61
34
3
388
436
405
188
109
41
666
5027
70
13
45
428
205
8
7
15
7
2061
37
8
230
563
165
642
140
24
24
52
15
77
24
81
400
85
22
34
124
24
679
40
160
35
1186
19
105
47
7
408
27
21
22
165
12
691
452
39
58
8
2
41
596
154
18
99
36
61
346
232
243
67
20
132
93
20
7
10
15
23
6
17
11
160
51
163
875
59
33
49
135
66
243
147
35
11
246
59
124
5
22
110
28
1
225
443
7
353
41
45
21
21
28
11
24
13
1640
14
59
52
751
50
9
302
102
121
29
346
351
773
556
4
81
148
82
120
23
424
146
37
219
162
40
16
27
62
80
363
122
451
670
32
242
164
546
242
90
39
535
430
196
22
7
806
77
113
512
75
42
126
100
23
148
247
1313
317
21
452
28
28
5
13
641
451
90
3897
55
83
166
87
131
292
9
39
192
527
32
60
19
1476
24
21
74
15
84
116
38
21
43
33
72
61
417
46
11
304
424
30
42
447
31
70
476
91
39
210
809
100
18
242
4843
21
44
8
71
460
107
251
345
154
617
480
64
33
74
92
104
372
396
51
107
66
21
1024
67
26
78
23
11
158
74
4
211
82
44
19
1893
15
7
10
3
2876
56
13
69
24
6
100
151
118
25
10
62
185
596
8
7
229
517
225
3
599
13
14
75
440
17
181
384
799
242
667
25
14
268
60
14
231
16
50
7
25
40
50
10
183
14
1278
462
19
230
840
1275
16
11
344
556
9
156
116
26
21
38
797
308
1767
388
187
747
132
32
103
42
189
53
24
274
150
88
154
8
10
46
181
18
63
260
455
1516
56
418
97
30
374
3
19
6
6054
305
19
625
131
9
1188
1000
18
144
13
31
199
50
178
100
285
12
142
1601
30
111
31
7
7
90
144
92
195
121
15
3
448
29
65
375
51
673
28
280
770
14
109
4
66
41
437
166
61
45
57
94
104
695
70
711
76
25
9
47
199
689
690
945
21
90
114
9
96
456
44
152
169
56
52
634
81
141
102
8
135
218
159
170
404
234
31
209
38
452
247
183
1244
59
65
7
153
109
14
38
53
656
217
52
20
26
225
810
504
92
20
88
191
70
382
83
832
185
43
17
15
32
6
37
30
246
162
273
5
36
18
381
315
36
75
23
760
241
31
19
220
75
416
58
14
5
484
534
91
5
6
137
3
36
28
152
84
5
22
1116
23
8
17
60
339
25
107
71
101
7
19
430
23
366
3
243
20
29
10
15
45
11
253
178
213
14
424
1778
7
23
1
403
179
500
42
102
654
219
23
158
459
554
40
34
212
14
80
112
24
2343
5
128
18
763
537
1875
16
12
149
479
119
235
46
78
126
1510
43
348
358
215
4
185
37
130
59
50
910
481
556
100
96
59
929
42
220
10
112
19
178
14
152
63
146
11
1231
21
26
221
29
37
110
1991
37
321
201
134
78
40
40
483
47
80
18
439
153
50
12
62
67
58
17
71
78
202
425
67
97
310
453
451
161
451
37
16
31
1959
50
979
15
9
50
43
58
1784
70
335
29
193
320
26
164
300
412
14
16
55
1141
88
32
26
31
44
163
124
223
111
33
999
21
89
140
1441
116
137
32
28
15
421
179
129
59
341
287
849
43
46
88
52
33
8
219
142
340
152
213
13
175
933
43
247
12
244
385
27
35
34
841
25
221
176
147
17
44
41
75
522
27
8
159
12
59
856
73
988
70
89
60
129
557
798
23
2
126
73
172
600
462
37
819
8
18
105
277
896
1220
175
6
17
409
91
283
29
652
31
364
113
22
30
44
90
21
175
31
637
172
975
49
1558
450
615
153
8
181
478
90
38
18
168
67
14
137
8
6
18
325
20
7
34
14
458
38
47
110
99
57
52
49
11
24
97
28
51
158
90
837
48
56
19
18
101
14
28
222
154
18
15
192
25
257
14
116
7760
34
33
105
494
47
155
13
4
24
3726
14
367
16
81
149
48
156
58
18
2
11
9
73
126
120
3
41
1634
2437
1062
17
390
16
1664
197
98
68
380
40
75
110
23
50
11
48
250
99
33
66
27
42
1067
654
109
16
385
73
21
120
728
2
14
3
213
67
97
69
3
60
129
532
138
83
18
17
133
14
361
242
228
36
53
1188
38
145
14
218
175
1229
400
605
14
53
1099
23
108
44
14
185
68
38
36
160
33
457
507
16
53
103
60
14
79
15
76
1109
289
39
41
180
20
20
599
230
60
842
90
140
132
19
3734
181
16
243
315
34
31
148
279
143
57
12
3
44
14
114
103
19
11
11
3821
248
178
85
531
65
109
5
49
779
66
5661
10
28
220
36
225
17
36
375
85
45
25
77
15
191
32
28
19
5
1020
3421
162
32
1924
22
6
168
139
61
191
28
94
2
90
74
4
30
66
163
6
22
57
30
0
140
6
67
25
64
1005
37
42
30
169
163
320
594
357
255
1383
354
8
139
185
29
14
369
559
324
1076
6
79
22
25
171
66
96
39
666
1130
23
289
22
35
41
76
11
243
44
25
702
5
38
31
17
13
92
218
22
57
1770
347
24
14
104
410
107
83
59
207
43
16
477
721
261
12
489
16
406
35
29
108
34
37
59
26
93
56
56
556
50
1006
32
17
106
46
38
319
54
108
1238
1306
401
230
133
74
34
22
402
65
50
34
1644
43
256
607
4
23
180
386
28
251
118
127
181
110
352
62
175
109
96
29
76
889
88
657
56
109
21
28
164
2286
230
1480
0
49
27
67
18
21
70
188
13
89
10
19
14
11
35
108
150
1459
155
13
103
456
28
264
15
141
16
427
3
27
9
36
67
69
17
53
157
37
35
74
10
12
4
64
13
43
122
562
416
69
26
10
426
42
92
1567
467
20
175
24
107
17
128
288
49
465
1672
42
85
927
5
3
347
61
40
21
12
89
37
593
261
38
735
521
357
32
174
19
53
156
8
153
202
19
42
435
19
400
60
26
72
6
162
522
127
263
62
36
118
9
154
24
19
137
413
136
391
70
23
173
122
2
23
3
682
131
513
92
1214
157
42
117
193
71
4
105
269
160
61
72
10
13
64
85
731
117
0
341
54
638
315
156
89
55
32
331
192
142
375
57
35
2
82
87
162
162
438
12
10
442
41
419
57
63
41
31
197
37
325
30
63
27
49
66
61
169
163
367
66
11
1
185
14
380
152
12016
44
110
32
305
60
12
25
83
353
510
7
319
186
5
5151
11
12
977
8
212
11
45
66
603
555
2
38
145
113
65
752
144
291
10
123
1537
927
54
160
94
408
36
237
16
187
20
36
35
1461
80
16
190
62
279
79
22
17
42
21
108
671
97
50
133
15
1
284
109
669
73
172
15
197
50
826
89
5
12
84
36
2
2
61
118
2331
14
116
32
409
74
279
5
7
133
678
104
109
14
290
240
23
73
41
453
91
468
206
53
275
6
232
103
351
33
14
791
182
202
317
38
415
34
133
13
201
91
66
922
377
12
9
194
48
44
77
23
1
11
66
6
12
91
25
10
101
32
16
329
336
136
38
688
226
12
1704
32
38
222
36
9
48
379
140
195
320
1972
57
47
151
350
13
14
52
141
84
60
23
800
16
22
67
45
8
64
49
79
328
17
294
810
99
166
30
11
12
705
129
226
144
19
68
110
28
609
5
18
20
20
20
43
981
19
76
40
10
121
65
2584
86
22
26
123
43
25
25
495
144
15
9
324
1515
13
1344
267
119
13
256
58
87
87
44
18
82
14
274
2
12
33
19
37
825
179
7
87
15
27
99
48
58
159
62
304
52
4
241
7
4
4
20
8
43
20
1425
125
98
110
250
107
35
428
396
483
99
84
358
1247
20
311
42
107
147
28
245
94
532
23
14
42
68
1237
12
4
126
48
174
7
16
53
104
15
681
59
67
6
149
32
34
505
729
127
68
207
16
364
98
30
106
18
34
115
512
6
90
1415
26
59
5
75
202
44
65
8
2014
191
81
44
16
2
1134
267
126
23
219
489
106
16
15
139
18
4
579
54
16
12
2
389
9
117
19
68
193
5
28
146
67
308
55
939
11
85
32
8
24
175
33
18
502
777
163
27
421
1476
46
79
13
14
7189
58
228
658
76
568
311
13
64
55
56
83
222
30
161
36
51
3
313
933
430
25
102
82
407
32
165
850
146
48
14
64
90
87
10
88
91
14
195
24
449
118
2
1677
54
267
38
6
1315
57
440
17
358
71
102
879
162
38
52
119
70
28
114
34
535
222
10
58
253
10
140
33
88
27
48
726
269
478
820
634
12
73
105
45
7
426
6
25
884
81
4
86
1670
1665
15
57
46
36
193
53
124
9
11
7
138
50
31
109
50
114
101
21
44
279
20
129
589
63
440
219
120
66
1769
1156
98
146
109
805
389
25
91
75
73
63
16
87
16
139
1106
1722
42
1192
10
70
28
4
30
41
142
28
188
42
517
244
16
49
0
11
27
502
3744
88
27
37
122
28
367
61
19
276
1244
23
56
1013
32
138
176
105
64
87
9
655
28
9
320
474
126
11
197
112
36
33
148
34
62
408
334
40
13915
96
103
31
142
351
509
39
13
16
14
182
676
35
139
127
30
14
220
53
48
1493
2127
76
349
34
64
104
25
62
833
5006
67
31
272
140
127
55
462
10
251
6
53
63
9
66
37
79
84
73
582
62
458
62
110
104
10
79
96
493
79
2996
28
126
1466
20
83
74
55
12
315
1022
136
26
3
121
2909
17
15
350
978
715
91
65
151
118
260
151
21
113
20
10
10
37
117
89
10
979
587
236
34
64
72
1745
22
110
214
24
20
51
124
4
148
240
3448
14
154
212
91
45
12
61
4
21
52
32
10
98
14
100
43
54
30
7
228
61
19
137
82
361
83
14
30
115
556
107
85
24
124
92
28
43
34
63
75
7
13
17
492
42
413
626
9
27
9
458
51
314
53
64
4070
658
101
40
9
82
731
34
4
571
33
124
76
305
102
45
72
108
452
340
17
616
14
383
10
14
27
1011
25
50
47
381
488
38
395
174
46
39
921
13
51
38
422
114
35
20
106
889
78
488
210
85
252
205
3116
68
15
599
9
42
89
216
87
15
424
889
1295
45
89
29
1134
42
1623
6
852
46
142
150
57
100
426
31
147
184
31
12
28
270
28
456
27
206
23
11
102
86
13
196
69
127
29
233
1109
12
52
149
7
153
9
188
18
776
20
24
31
91
1043
15
4234
442
108
12
14
387
39
63
4749
35
915
10
247
16
112
3
305
12
17
1902
13
112
910
14
24
52
4
599
378
65
19
366
1105
56
964
422
1874
42
745
34
65
260
498
666
16
21
854
12
71
78
669
755
9
56
143
30
19
2
11
415
193
1
575
139
11
256
106
367
105
405
17
247
243
308
105
160
94
112
64
14
25
667
120
58
4
1315
768
27
2507
123
3670
433
7
316
229
22
18
95
25
355
161
739
1153
79
39
226
328
32
95
1252
97
33
462
100
31
9
49
29
5
7
362
81
29
767
2439
20
70
4124
58
173
7
119
502
236
184
30
43
406
86
1864
42
611
173
608
82
305
1560
1105
435
31
437
14
267
154
58
31
37
20
54
1745
397
8
44
7
13
92
14
110
108
38
34
157
112
60
117
1648
12
79
4
41
95
41
320
50
613
90
41
82
1149
119
111
543
2277
42
59
60
239
143
1610
639
142
156
23
154
417
7
2979
30
73
38
407
144
988
10
70
475
415
184
207
166
560
1394
15
136
18
364
39
24
1198
133
202
27
77
939
253
13
471
82
1530
1592
8
20
201
19
37
58
431
20
191
757
35
116
62
96
7
400
31
255
5
684
329
74
45
1586
25
198
57
60
36
390
66
88
7
74
34
35
9
7
93
47
141
112
3934
8
379
161
499
14
1102
436
7
277
31
398
106
214
454
0
12
197
160
36
34
12767
283
72
28
12
18
14
27
72
14
62
545
72
36
834
18
68
71
1381
2
2127
24
182
809
20
37
21
327
47
200
1
123
53
51
418
299
196
307
31
1015
115
2
59
6
207
504
166
3
9
12
289
77
23
138
8
12
2
343
24
80
11
59
3167
3733
122
24
130
5
18
69
178
9
525
16
455
4
20
90
225
8
36
2611
699
52
11
49
89
97
52
14
115
7
94
231
1181
24
411
1535
600
141
195
165
61
85
447
9
14
60
8
12
283
12
80
3001
161
20
28
433
52
55
20
488
34
1
404
1
299
131
15
20
165
807
29
1024
423
76
1514
22
26
17
122
25
29
26
149
54
94
38
27
555
12
41
40
13
133
963
203
87
102
115
125
8
73
65
13
304
159
235
67
230
27
105
10
75
5
69
25
172
35
262
11
41
72
65
2247
22
86
171
275
160
523
1494
54
77
231
17
13
56
103
111
65
380
640
385
470
48
40
57
6
17
57
12
6
31
47
53
16
872
9
12
65
10
3
78
143
516
196
11
47
15
23
77
17
13
411
304
17
85
11
169
167
7
63
358
66
165
10
101
46
44
151
210
12
14
25
60
438
269
114
23
10
576
21
121
237
55
91
10
88
1270
7
71
29
16
31
158
150
121
426
13
6
612
451
22
505
81
200
60
184
203
295
2318
77
146
7
206
106
271
155
38
25
20
79
11
72
150
128
247
150
14
109
652
292
158
408
153
279
3405
479
30
376
23
378
38
9
209
13
26
192
91
876
120
160
43
50
58
130
24
15
149
53
407
213
146
225
83
934
61
92
53
634
326
22
11
8
91
6
25
694
124
211
41
104
33
10
65
68
22
718
47
118
197
337
20
330
900
501
1870
65
103
250
65
428
5113
32
31
60
16
288
20
53
79
114
9
11
114
99
25
10895
42
505
115
193
12
162
113
130
13
40
1445
5
33
116
47
34
411
140
14
70
7
422
1494
566
31
58
33
21
33
10
3335
197
13
91
105
69
22
17
2404
246
634
156
11
4
320
159
208
2005
10
144
57
77
153
38
60
5
5
12
25
150
840
214
159
85
581
28
110
169
25
56
9
95
78
53
332
24
319
36
458
71
2088
358
145
9
29
957
57
4
407
203
10
3307
49
19
37
382
266
339
134
242
154
422
271
154
22
15
395
403
16
44
49
26
229
23
215
503
212
10
281
59
202
2975
21
153
35
9
199
23
420
20
63
363
56
164
10
260
77
56
65
13
28
7
94
44
132
242
38
41
57
154
3255
28
449
63
272
141
4
68
73
396
64
370
84
236
704
81
502
59
43
14
74
40
13
18
66
23
207
9
211
31
40
35
19
9
84
86
63
589
16
28
24
4
85
4
61
42
1345
151
1600
116
158
88
27
229
261
139
951
30
38
62
108
124
29
32
51
92
409
131
28
1291
90
93
255
97
710
213
47
518
1633
927
101
3044
113
5
17
40
127
3095
37
10
443
186
11
9
730
938
58
75
100
486
402
3457
32
87
11
33
571
16
3479
50
71
41
388
49
178
26
85
277
77
124
348
3
62
496
477
848
81
26
43
22
118
31
289
8
14
130
46
155
173
175
550
6
60
12
199
36
43
409
40
60
12
680
504
263
512
165
223
36
257
6
1287
60
138
76
8
1028
14
60
50
1014
319
196
217
8
119
182
53
19
988
125
118
1213
190
66
35
84
342
6
803
11
66
258
112
70
40
171
34
4
116
1427
94
3
2750
5
55
21
87
9
404
42
52
133
9
29
89
48
389
80
1013
18
68
1485
12
78
23
14
166
53
408
14
209
76
535
46
20
101
70
6
11
17
113
93
88
67
528
56
40
116
6
993
9218
21
154
39
317
16
58
49
988
267
54
285
290
385
139
175
696
75
149
36
3
17
231
494
48
107
61
134
121
298
55
99
308
40
39
8
21
331
141
80
720
197
27
182
636
31
51
270
103
31
122
383
22
537
428
127
388
16
260
24
15
162
332
1662
10
205
12
385
12
27
14
1391
326
52
51
47
33
29
375
83
78
99
127
43
2219
75
85
170
55
215
77
146
34
25
25
29
26
259
188
46
520
87
60
13
60
67
588
495
150
41
81
9
54
311
476
173
13
236
544
70
58
14
72
69
30
230
2435
233
5
315
3
8
1526
26
25
14
5205
134
46
75
210
2105
32
98
150
224
13
484
419
44
13
15
576
11
338
21
201
20
719
25
17
53
10
67
84
5
113
1200
21
263
18
192
469
67
604
23
141
539
312
12
27
127
156
677
10
15
125
81
171
420
64
62
24
95
16
659
17
96
54
27
131
84
12
49
10
229
462
58
36
15
82
28
136
168
10
595
114
128
22
198
164
348
307
149
42
42
49
693
17
145
380
3080
538
77
9
349
32
98
108
251
50
6
14
27
9
90
26
100
46
551
243
376
149
3
35
60
1098
19
21
43
19
144
8
308
138
30
446
307
36
34
53
857
62
37
273
45
83
409
123
144
419
161
15
1464
54
75
178
44
45
81
294
212
158
4
157
417
235
10
260
69
114
52
39
131
18
177
160
1977
16
173
203
12
24
106
19
23
26
226
141
7
217
212
14
30
2569
180
1487
107
187
300
5
72
43
91
38
63
14
14
1128
146
275
14
11
30
36
41
219
218
850
7
15
181
513
548
101
213
513
17
27
301
131
189
53
9
11
23
439
15
23
32
31
1025
41
33
3029
4
1588
8
13
27
218
16
403
68
9
25
426
851
511
31
1265
16
59
29
6
136
53
4
75
18
37
34
157
834
100
23
188
274
16
86
23
80
215
20
107
48
186
176
41
59
473
20
36
79
34
9
163
385
52
116
93
19
14
556
424
125
13
99
187
185
67
8
51
271
98
161
569
7
31
271
403
12
61
92
68
7
393
19
22
359
162
407
586
147
4
49
284
355
198
286
89
56
128
45
32
14
60
18
57
94
1355
71
25
11
172
79
9
56
19
126
81
35
42
96
42
10
21
16
168
423
583
572
41
2
116
24
1517
118
19
115
1117
14
72
50
16
525
13
405
429
273
730
85
287
10
260
35
963
34
141
85
85
148
41
118
19
243
106
153
90
215
58
38
305
4559
32
75
49
198
10
251
25
4
614
576
14
7
795
194
120
42
2
56
62
876
44
753
10
607
10
174
176
41
16
672
161
289
74
10
13
65
31
15
138
30
19
45
403
51
38
66
15
1180
101
29
472
23
51
16
173
67
5
269
61
5
57
626
86
1031
17
12
74
28
23
57
30
313
14
187
27
12
167
12
54
28
42
700
1507
4
31
87
16
72
583
79
14324
2060
28
87
26
32
13
662
38
15
439
29
146
25
21
1515
67
240
380
53
1462
10
13
167
439
61
29
16
36
10
65
73
13
42
1135
44
102
104
32
241
14
379
8
118
7
193
53
50
97
487
225
46
16
7529
200
74
137
379
403
20
63
57
447
807
115
30
63
32
26
209
18
40
521
124
128
17
655
191
901
42
2
369
11
519
697
595
43
129
12
27
39
37
46
93
54
45
210
62
29
191
62
169
109
400
4
38
13
1
456
5
137
358
96
47
565
136
36
5
78
42
3999
133
12
815
14
10
61
244
104
22
49
81
30
78
80
11
614
226
240
801
156
25
6
203
32
5
343
46
535
241
475
292
23
444
32
57
60
255
48
633
71
107
14
178
12
12
56
8
69
3
198
5
12
198
120
27
76
597
1379
318
1677
164
113
62
68
114
1
29
16
139
168
32
47
28
12
128
17
2083
20
62
278
270
151
14
326
119
850
128
294
68
147
103
18
15
14
109
107
81
157
87
140
27
154
69
44
81
157
177
437
552
284
68
153
374
32
12
63
13
30
250
105
9
548
55
330
429
16
21
20
302
427
870
37
391
5
427
108
27
126
16
18
22
13
210
131
52
276
117
35
64
365
14
125
54
114
66
475
356
78
306
425
49
127
59
6
304
12
50
12
232
269
47
3
57
436
43
258
1051
50
71
79
33
274
33
42
633
1
168
35
19
54
358
325
446
263
68
61
108
3
488
941
19
1495
60
638
38
25
217
104
36
161
58
17
1845
99
86
33
33
20
41
142
22
95
1132
87
10
47
148
33
194
303
8
292
57
17
19
83
21
39
6
1541
268
22
6
582
301
73
1937
275
3055
268
13
21
308
31
22
43
112
3978
127
80
48
8
56
25
211
47
99
1058
407
32
43
4
889
73
71
23
789
6
26
436
77
71
61
4449
5
120
140
108
104
56
58
47
14
49
38
5
27
415
138
342
42
13
38
177
91
18
563
612
98
464
53
82
23
23
4
30
23
7
96
40
124
15
211
367
292
624
625
98
30
1819
2
151
100
53
16
437
7
160
67
7
134
2
20
186
1738
575
173
581
14
16
10
40
1898
83
15
5
458
109
41
1435
1474
1381
25
105
163
523
31
347
91
49
91
100
52
15
26
375
337
16
152
44
75
202
134
12
40
89
810
161
46
373
42
1361
6
591
9
2
406
86
46
130
54
13
10
278
5
139
1
103
935
957
233
11
891
32
3
16
40
7
207
54
293
85
33
132
82
1
10
453
275
71
805
31
567
323
6
18
46
5
1813
17
36
74
71
407
42
24
54
358
30
332
243
1789
450
301
1014
340
8
825
161
96
42
439
394
156
32
32
1917
23
56
11
834
1152
83
7
192
4
52
86
45
97
28
68
61
265
70
150
7
88
27
19
26
143
639
97
23
120
186
15
182
144
72
110
111
77
40
15
66
116
22
15
21
26
4
146
345
64
150
54
919
65
59
14
19
5
242
9
283
21
15
179
79
36
338
33
100
33
34
44
403
53
371
11
994
633
17
144
19
322
21
29
195
426
91
129
17
140
77
742
27
122
230
284
68
184
13
146
248
290
43
32
239
13
101
342
35
497
25
82
274
472
159
467
142
16
913
7
187
328
18
20
120
16
348
38
49
315
65
53
3
41
46
188
22
140
57
28
104
8
7
97
1
57
29
53
3265
856
30
42
814
77
8
560
14
440
99
323
44
147
8
42
112
836
51
6
249
43
105
1095
1797
70
1297
287
29
482
72
425
36
417
131
12
221
85
60
101
103
17
25
68
40
67
33
74
34
15
21
14
958
292
206
3
117
36
42
41
11
6
310
13
19
569
58
34
91
1598
30
14
30
74
18
40
39
24
6
33
77
523
90
404
164
18
35
13
18
413
25
12
46
317
8
36
27
40
181
15
79
20
5
4
91
4156
228
367
193
135
29
50
327
118
32
9
137
92
35
61
108
71
30
116
90
99
6
214
77
163
1535
209
29
68
29
18
955
65
18
53
21
97
13
115
72
53
196
6
138
0
23
17
44
16
197
34
661
329
1
141
69
210
421
2835
184
22
118
156
11
41
10
60
94
107
56
39
477
25
16
80
24
21
59
28
1776
8
768
143
12
559
30
44
4027
43
27
137
79
47
213
17
51
3780
26
246
294
422
155
215
683
1277
31
525
59
63
30
52
641
1276
86
38
107
299
150
110
191
32
23
199
780
422
77
858
108
491
278
25
101
297
20
104
5
18
63
42
442
68
96
29
404
37
15
100
109
145
7
46
218
30
110
84
259
116
125
328
12
93
48
409
637
263
912
10
68
808
892
16
44
7
49
216
47
66
12
86
40
123
191
26
27
162
259
42
101
77
29
166
347
16
94
93
431
95
42
29
60
292
94
37
55
93
22
14
2614
231
128
543
426
23
500
82
111
15
48
228
136
85
172
559
633
612
13
1503
555
328
139
6
105
63
357
11
6
3
82
724
198
41
44
21
154
45
61
51
18
6
187
632
1091
43
56
19
32
42
46
548
749
17
13
247
40
6
4
14
62
9
9
56
336
954
184
4
119
48
230
34
112
11699
20
333
886
314
37
14
429
6
219
768
33
183
69
32
16
106
22
1361
105
81
80
62
19
282
44
406
153
7
8
1869
27
71
48
83
176
154
114
1012
283
598
160
14
4824
183
47
44
687
109
2
240
683
39
251
103
228
7
80
9
149
3743
19
1685
178
10
86
862
331
55
52
23
261
115
202
485
67
231
710
18
14
36
1607
35
416
25
24
159
18
216
76
864
21
529
158
58
980
46
210
73
36
21
187
242
44
104
229
24
3404
399
62
149
381
27
250
67
16
3418
266
94
26
19
408
12
404
79
51
154
39
243
49
12
115
25
28
226
23
4
96
14
748
66
131
16
10
5
56
28
137
14
25
704
3
30
42
469
120
1565
581
29
556
8
129
116
17
14
6
27
21
20
412
45
8
50
50
2
43
65
232
43
29
17
428
12
13
16
51
1409
11
25
1486
3627
1074
430
104
75
167
125
402
93
119
79
2839
30
878
394
398
4265
29
60
927
94
239
523
2832
258
64
30
326
10
5
4
23
39
742
463
687
4202
184
286
9
92
86
587
267
89
421
37
63
402
92
11
139
1471
50
65
47
150
41
154
14
868
43
1202
29
57
345
174
196
213
15
3
29
20
110
31
369
172
77
24
218
29
40
84
105
30
1598
359
13
36
44
5
197
113
19
8
31
9
19
33
76
95
7
74
10
6
43
319
200
227
384
30
37
60
124
59
14
20
41
431
283
69
152
4
43
273
24
408
120
188
181
41
319
53
1574
6228
1208
144
231
831
357
31
61
25
595
168
22
101
44
45
38
643
17
27
75
58
66
1861
106
76
171
13
4
75
367
186
22
16
106
119
1251
23
535
2
10
164
9
61
5
227
303
147
31
285
1467
10
40
6
107
563
23
53
452
30
69
11
32
1429
642
5
72
42893
98
5
61
40
64
281
30
19
35
36
4
23
135
16
423
17
34
52
442
232
50
356
33
271
23
1080
174
83
45
151
93
210
14
80
6
206
499
15
21
27
258
13
13
25
82
1
88
50
84
110
171
349
161
39
313
40
1
94
41
428
49
77
12
35
1
62
176
246
7
110
33
83
38
36
447
79
4
355
51
10
69
67
21
225
1117
124
232
1201
1864
33
9
11
52
13
317
77
211
37
1
13
27
186
9
610
21
22
24
18
16
867
158
109
81
1035
11
30
52
441
36
544
8
401
18
1081
142
57
3
80
16
21
6
910
38
20
27
427
8
118
853
10
398
71
28
11
65
41
653
939
246
82
608
219
9
527
12216
169
785
33
3
711
32
235
13
151
210
33
835
17
52
208
11
99
16
59
1170
85
29
30
410
23
27
95
28
28
238
153
323
8
317
175
12
371
97
57
65
11
951
76
54
14
133
11
13
236
230
167
280
413
5120
33
53
258
26
485
52
193
433
86
56
12
33
80
103
17
28
55
33
24
38
31
170
34
213
39
163
876
475
256
37
233
44
82
1525
203
80
683
46
34
42
21
677
80
1065
132
91
273
27
322
1261
282
40
52
202
86
45
8
162
420
1435
20
315
357
562
47
25
22
65
170
92
581
13
516
32
92
534
16
1429
218
18
134
592
159
503
14
32
40
38
75
65
29
140
196
51
34
55
248
1527
45
320
232
12
15240
257
280
252
115
123
7
241
77
17
575
263
98
17
15
33
9
19
264
487
103
34
33
1225
93
70
19
28
21
1610
12
138
26
1379
1107
202
1178
29
39
371
36
61
184
117
225
36
44
142
3
61
658
43
14
1251
752
2844
7
46
32
68
136
727
13
41
15
352
164
337
43
19
27
173
74
2471
34
39
7
15
75
23
35
38
125
160
134
26
48
25
23
7
11
41
170
61
383
2073
166
35
17
18
108
914
45
87
324
1425
429
301
41
3043
16
144
105
288
446
86
297
321
22
40
414
224
239
445
67
3
215
8
1137
291
100
40
162
169
107
82
285
473
56
189
191
27
139
31
20
389
226
1324
17
519
135
114
83
76
432
4784
304
89
36
84
9
18
39
119
1590
108
56
32
291
20
28
107
225
54
68
63
397
332
780
22
64
2031
329
51
15
19
6216
78
57
155
18
423
41
120
96
419
36
21
410
149
344
126
59
4
23
33
57
95
378
30
57
8
30
108
47
7
288
360
34
32
12
444
94
399
212
25
122
96
35
42
562
29
450
275
345
279
1625
6
50
95
203
36
176
5
412
198
55
1513
148
128
57
19
1070
149
67
6
81
93
20
17
72
239
14
15
6
93
76
69
105
20
28
40
67
42
305
12061
130
22
3276
36
41
27
0
6
38
27
590
297
30
70
1115
196
172
32
23
204
114
43
69
43
549
31
8
1505
387
622
25
17
33
24
6
10
25
5
6
60
147
23
503
9
54
59
55
84
37
16
87
43
34
60
26
26
2429
38
12
98
52
244
28
25
150
74
7
10
54
32
757
34
35
56
27
63
109
68
1104
2
515
586
41
125
17
180
507
24
251
58
83
96
20
18
53
297
23
190
175
8
65
4
29
78
5
342
9
13
72
15
152
20
200
383
26
159
121
35
281
105
82
60
33
7
55
108
250
994
9807
40
100
16
177
78
33
12
34
28
356
847
25
37
106
29
535
44
37
488
1485
52
36
16
323
9
63
5
22
48
40
16
739
228
19
154
107
583
62
104
38
6
48
567756
90
404
29
162
409
22
7
21
30
27
179
308
14
170
12
97
7
257
98
9
963
27
18
56
113
420
352
131
8
152
6
534
2576
34
359
91
17
53
38
35
11
107
95
118
6
50
11
27
43
745
3
25
108
490
24
181
6
402
