467996
1282275
532638
1320014
395741
212666
776265
609027
2176016
3426282
1431745
791025
147219
1704918
1541874
174725
2415879
39666
3509508
506721
1178706
997822
486932
928225
4243543
17773071
3097399
1883221
999329
151913
860741
2182107
1000042
2617931
529345
112652
1485567
2197816
290012
1714837
1037896
716034
1540006
662194
2694423
939117
1696277
3141166
5720404
241111
1788574
1602846
467871
418694
2324784
254960
2003933
969444
643036
956871
2209759
303920
627303
783215
1764978
2888177
507739
177269
2239467
1612985
890774
383584
1133052
1127201
550937
901670
974202
5281803
1304305
459027
1671891
502792
373499
1023030
158804
795751
1661294
11178831
189689
777900
447973
1435827
1372235
394393
1104215
2934562
581425
195929
200108
281672
147688
1105094
234887
315865
1306847
897762
218561
2217474
1038966
125524
239588
705624
1213332
2933833
1960809
228132
789274
978557
467773
6176794
180626
302835
1104505
3881024
2125042
1242313
702764
1273173
1643009
166025
929952
545261
2045636
240573
990573
259590
428640
346038
514305
1438599
2981638
1765292
3059222
304181
2714193
1133549
243558
2854969
1957390
2521002
214013
1822488
13212316
105850
445719
972452
1168772
987493
73152
2595676
944264
2168606
890302
1148144
1077121
321696
5857512
4390257
829437
92652
1130688
2244955
175770
8292370
587066
242625
158371
914882
941568
1312921
868597
763107
1693013
2099660
1122478
457525
167756
1408144
209290
286269
3056543
1976136
156953
56016
5837303
842619
4833250
2652437
894719
232251
590101
2635965
889300
473645
71659
1224975
459999
639494
954501
782101
251162
215358
650599
1052580
1350365
180283
730999
687240
304148
667260
4107764
10111952
468863
141946
829402
2085243
2760329
356915
604584
2112458
4416012
2520271
855157
725863
3119920
415956
673421
410622
477544
1243437
577384
1729601
133090
1082194
647373
422856
1101135
682276
3734733
5315634
1366249
334041
645926
1570662
578885
594002
821337
237590
155078
931101
760054
177640
2664560
1908313
735168
782181
441740
304971
1578899
953896
1903925
5405315
6216859
1175000
1428537
247332
1626435
474461
3726583
899155
1467701
748041
274354
244336
524374
979519
1415886
1794770
506143
1130519
2181889
103242
667478
467053
296153
341372
8592643
1329671
363800
758595
1140939
764487
1057342
1828958
459127
705258
1944777
2409620
414512
1520165
10481564
491380
137093
429164
1059674
6101404
250848
204886
4707603
188919
5289332
1832506
777605
1141274
1446587
2287479
480811
525016
246029
662234
1424395
1351090
2061148
1521150
224545
177939
589016
195899
7302214
679194
757274
261054
6370855
607939
1829453
122397
2868909
908155
1384689
603811
4725381
744157
536452
3938652
3099370
1705184
643555
1499869
135232
3405098
2369689
12162301
2566761
117355
1057684
374270
2196470
9858275
735347
758174
1062857
1387020
1615711
2994234
990278
1363243
437043
2684336
847206
274872
2304390
502443
763194
4858222
1755787
1365426
403897
569162
257998
116501
894202
4242009
1220909
953483
3049182
827562
7942528
3723622
1544355
1419032
404643
502294
2089846
2947503
146606
2508598
1970834
2217713
5270860
8547328
1022625
7046522
916564
6062761
401138
1535302
3824957
3595596
4940973
4038715
2434381
1103287
407581
1596007
2946449
876628
2417720
446436
923125
1072981
2998698
175002
1133598
296888
1046721
684204
1202673
41723
1282292
343104
5886534
273689
614055
887433
252771
294552
3338623
708321
581024
248292
586302
8721733
151939
378101
213214
348964
478108
436042
431143
762291
2448472
1687633
1176002
519889
1294653
131922
362954
910454
27831566
2439431
370341
827480
456150
812133
6546235
4945032
483447
338815
1310198
9585013
3653117
1663767
2515127
1804567
6248607
2916404
2010390
1159720
467478
426101
437088
3846587
362865
286050
639346
1286699
903536
3781885
198076
189089
1469400
6187408
735920
258449
323054
2851783
395328
2739208
757071
997435
444704
2194781
392395
4429222
221983
160246
1029654
470076
1695261
5999134
3966478
520604
2403010
1986393
19687721
1186407
767671
1007603
147619
2035263
248871
543437
181013
4837451
641360
805938
1223899
1209411
485538
1048725
1725859
8944070
1254833
2008853
360855
155258
123188
1173418
206894
927653
695148
372328
814105
496212
1713290
244762
953603
296967
1100964
2405093
2074709
2433049
329915
4830064
282460
4623545
7138799
813997
264749
1937856
1132302
1457164
835249
2060022
300504
3843727
561213
2276320
322352
4751352
1802276
417694
752940
1068697
2145263
955077
122904
3855694
1641137
308507
1836355
4016119
1235184
151909
1302473
1691356
5713715
551205
3650446
1092054
329091
472168
1722503
639887
5674415
1894315
312650
6572989
2214834
436380
1011642
891684
1713008
293486
364912
397652
1062162
297236
357098
2380973
1532620
1104345
55052435
3478229
2402895
555023
777714
878120
9161007
3353941
915814
76612
4026949
148122
805187
1184017
56248
1575017
149713
1322327
2384805
809720
4344891
1669045
356467
364408
633984
2658938
2877950
765154
579355
4262142
383205
413359
3779086
1536129
917457
1343204
3653299
6245066
2220199
3147865
564491
183713
1126471
270571
380095
382195
259438
2846206
224556
697322
1631319
398398
648344
1238479
186303
1303560
710817
1548802
3197684
1776037
1920115
864988
3052771
1695273
444311
357609
338682
493216
2935809
454627
5231773
685954
299156
21289879
1000063
321058
412465
171924
461352
3170776
131881
1379749
3000455
417840
1420350
1354843
398468
503266
702252
741398
363927
2201304
1606380
2127104
2064655
1736986
1197439
529358
6054491
642878
2386007
476269
3222485
2071857
9674161
81074
815066
2388439
2048036
1411820
477412
1948616
420324
1099326
345112
852801
1771658
2521353
298364
2678406
923910
317483
2467690
3760157
875493
2478355
2556726
136843
11536347
415642
766824
3398760
2602879
295160
1473081
1015859
379091
1668351
489755
550756
180035
3859476
628304
13987615
479405
474313
1619330
1236618
560450
403150
4028977
5761249
952790
4045415
1424651
219782
6385042
998911
421020
1003617
2130429
3092786
260499
955286
792511
2799031
227652
216812
427960
1108739
387781
702075
3962987
542486
232042
266698
606944
741753
756330
984044
1025487
3752529
1338613
4870746
2675682
231142
4677675
2730637
1096036
249788
914110
1065381
434184
1605938
967059
1578163
580599
289649
2228364
730415
288032
765095
802306
117407
363541
963087
1105643
729422
760275
3984264
8634985
437441
1025065
67544
1544883
897474
171143
6005270
432152
189193
1582600
1790134
126443
2195873
7931952
537703
1542560
3145367
552378
839189
150309
253240
240028
1847714
167581
268360
604481
291521
1809965
2683191
142426
466277
427903
411072
293041
642756
1336428
516557
1082493
1023185
277771
220207
169557
685960
892418
434146
300948
4972364
3760789
930488
404490
4682071
9494806
531170
783385
2402055
2644942
306016
1408399
739149
674712
760612
545612
938235
2504439
475242
2938687
704484
1808476
3210056
538235
739823
84785
1495981
495859
502849
1254618
509807
6544021
1818316
3411963
1069415
2491979
1475574
573157
2318549
481059
1051328
846450
865937
1669640
694365
607690
331975
331219
2021753
7106474
545850
249179
742353
193775
576831
280970
426686
1126804
447568
3195473
103497
721430
184778
2308224
231702
3765116
3457304
18709667
325304
1816820
534990
163679
286978
563596
1596874
4958708
283270
460118
1936479
513400
475729
575137
633236
380332
149963
175417
1716995
959328
1469709
731251
334995
4509641
463567
1324906
613843
5477140
753778
4466415
2933252
654490
1228048
141552
14683567
1682248
1086600
364966
496814
1721573
120626
282618
5275034
442874
3667100
620559
644903
2463638
440791
2256791
1350388
298292
258102
105320
740817
1215225
11706042
634700
4007257
314335
143046
812037
1346241
584398
4529694
191455
324841
2797198
495309
4594691
2096029
712176
1243760
370380
506048
1325337
537275
1303995
442816
905717
1257136
301011
598067
818500
173014
1490012
1350504
444029
1305601
327374
1795634
313658
308194
268271
972216
1359438
569498
2335921
190906
2370198
6993429
5742770
2555677
3189958
907903
1329774
865650
416305
1518165
796839
842174
1842344
826030
705782
4973859
1928436
479711
492138
389130
9000758
276289
526154
3270780
363343
1145917
1384157
1123817
469554
1288774
1340903
927779
3529314
717671
403331
195175
534170
953319
284066
499739
3069927
172728
797580
589279
1052895
2127343
4452229
359319
166315
82176
756238
2141682
962258
642762
808737
1804100
1245233
688679
2013630
2356392
9622389
1636256
292735
5011109
1828066
191076
349550
4329414
889284
148907
394976
3115009
4977732
655986
310206
710263
202046
1079864
10745743
1475921
430815
1222446
673936
287246
1263196
8708858
2711122
602178
2002982
117161
292433
1866512
2145400
587957
2432375
158424
707933
2995943
501516
428501
667980
2253170
2093281
298849
212527
335801
491110
679880
1446523
2555234
4098270
807165
2414448
2043126
357698
1329226
5593518
545763
635528
962831
284591
282265
116455
15562292
381766
2846362
701594
566597
182852
1294217
914004
1301771
2243345
366622
4033626
402864
311598
444738
948469
716157
973987
725259
1495464
866233
475060
10621771
2244753
518998
1009506
347738
665049
6417007
16969120
1156652
2924762
2168273
2990976
414461
1256167
7437747
91743
6343918
2707930
902704
1308751
1181281
328240
685037
686151
6432956
3656000
5218202
2275616
1564447
441604
299909
5276167
296478
2786194
320807
357187
714844
153349
1075722
1287000
3132092
348288
2097170
1096002
1627082
3012447
735999
703792
238696
497296
1571592
542973
15068126
1335582
910928
490545
813747
5388713
226901
176972
1023242
805999
1002588
1708000
218881
1065519
287684
524160
3105905
1020076
3700834
3149420
1041971
705694
3233496
4078061
279758
2029302
1799324
10493787
2131597
5801825
544015
1505423
2035845
2143355
133501
425134
1162158
323996
3024137
1973542
494977
389282
2468703
5659145
558745
1495720
2242770
131157
754194
977999
57251
264855
1239545
2038874
691551
1671872
3883781
4449357
910109
719410
763989
9328507
3233586
922892
5504968
5627047
300804
574485
2161045
2899945
745016
4221733
1755394
560877
4741876
4758139
655822
1661790
346149
1829761
1030685
532402
524194
164759
4365153
3649504
2434014
412949
6735526
1236874
90183
2639476
915728
783787
776401
365627
870097
204750
403439
135797
953244
1075147
1713630
902744
245992
1212322
307604
611811
1099986
344146
893643
277915
13434232
215746
10722809
4473323
556675
1152300
1446281
1022674
1529443
2727934
508503
528493
21861718
2245364
2550241
179869
276830
81944
3108989
2401847
1919185
1226399
2313053
429200
3590102
5533297
2152585
137489
4350902
3298765
1840962
971802
179939
275595
2583933
3292376
149589
473835
1362411
345308
616155
921190
1636414
241614
436287
1088470
1036414
1858869
110453
1837670
738924
3553401
1826394
423079
799517
519227
1339897
7176541
1909475
1317146
4421255
3331862
2817219
1695533
798454
1616340
1155205
4176538
3521557
1109035
926128
232489
582011
1006766
643790
762417
6620844
3341155
490148
8368032
655576
8323267
892275
2042746
614792
1072488
913798
4791364
152723
4158755
8691399
1030658
1567031
964093
2199693
9293268
1248617
200815
629559
428908
3712312
780106
4841243
345443
6698724
652360
469352
319252
1941827
1130626
204704
433331
213385
413031
520277
1134581
516175
1090646
512700
613659
2923969
889715
1945921
3287489
2292734
1058630
3584769
273372
6681808
493709
1003055
10445089
2882564
629299
1653529
343991
183677
10656580
278525
3310551
1796724
1021226
455236
729456
584645
535284
902945
604005
809293
7604683
3874856
993385
1727294
502352
891817
569985
2328836
1692088
1398105
662411
751017
2816144
376810
342528
2712266
1120137
10308245
267721
2533780
2005158
817120
179755
665495
2279639
532215
666183
2287215
1351877
19714067
4352800
2051601
747869
58059
983579
204175
4677024
348725
740007
1707704
721473
848790
569334
1312014
327707
4381261
333558
510094
380890
673817
4158884
190468
521979
1061716
4405824
131390
1922410
4085876
1676104
2714032
260788
1818245
2301733
1393446
534210
2952670
1036376
2175224
359267
2217247
2956414
578979
349956
767599
2479604
2791701
989767
487075
964124
9183255
382125
320664
6617038
1997525
343133
3928912
689411
2094291
1230387
3517514
1129767
561354
368379
1029353
726617
210260
2544538
2660504
1142071
1509583
1243908
423946
555354
4298890
18059587
236173
614921
1626419
413713
734883
587155
235982
1967650
2690780
513874
6470535
691219
1097086
610129
4338040
2160033
478117
2523497
168667
793787
2546626
2161525
151011
450070
1351576
1321983
752065
4955735
288906
489359
2572176
1128403
924694
1001182
1944079
806351
925692
4762685
318377
29007884
3422898
935217
351471
4082376
1490882
3793928
2352271
2073471
3631247
518513
1104277
511210
908648
307755
338661
709946
2755779
3596510
717896
3107360
321041
2188994
1125882
2860492
218592
1712854
2663302
2000556
955301
867609
2416101
5024409
426182
25960685
886849
965424
564701
250280
849850
1557329
345277
563285
1685353
1588833
1616226
764511
9959857
690910
3962578
4255947
575886
4559172
785173
749406
7177941
243425
796148
403041
585205
2333953
1220612
216083
916938
1508398
993403
241922
1603540
502108
2347380
60721
418559
160952
798346
5164373
66261
361875
2279921
434262
780824
1905536
556998
3810674
10231604
400503
4371057
2719189
1307111
374976
1823619
1123240
1716726
353330
1075785
1324731
1038542
233029
514235
214214
1589289
1871249
2311714
22297588
792554
544756
2421894
4583417
1030994
360459
1811200
953659
1108431
175215
3409696
393893
103515
704759
1283487
877388
382777
97850
3044271
1430688
193185
751548
2107187
539245
716441
429288
2204993
2960648
4662328
459835
567383
5074578
4782451
687421
151923
803373
2086662
219880
2809822
1940651
2959401
599472
1621306
1212187
3510916
568319
1373804
5670660
294259
473529
684686
861055
1136486
428044
2213300
2276069
488960
336881
3551416
266842
330122
322006
408603
1178983
2746262
1161754
491886
71339
1111802
513978
4227963
381863
462397
7199812
1003323
4336847
2303438
3329274
768379
1945946
2323433
597860
2484542
277528
832758
949242
1523418
828899
188990
1159404
1910497
1073092
650706
859015
4078886
763934
1338286
1413884
357550
537986
447203
452325
320531
407002
783546
531807
449447
1050549
9338810
329180
2477352
1718909
2013687
685554
4482991
3915159
1583170
3829957
628318
1365480
511722
845106
275966
1490780
289224
1770438
1100558
38496795
1346716
1200499
246983
3703315
1465803
1880640
508893
57498
267532
696792
207196
265601
1894455
1549617
890409
176400
289990
1259948
675709
458519
1883377
8263081
5426013
275657
984658
4899818
283229
1065678
801824
88526
1688503
13489677
518240
265184
326499
965709
2349529
440132
618084
525222
2194424
445578
859771
493665
781951
1426177
711560
1535897
935556
241171
1659740
2421466
1129506
1518205
11003762
1137168
484453
3097249
1068562
3806883
690047
1622007
789241
5649746
401040
269558
1261683
2762845
2858502
877230
581564
831415
1559464
6776837
322261
112067
1755392
336946
1067560
2144345
2022260
153421
133843
2208210
488279
807900
940294
1157392
1971386
957007
294350
286121
594273
292045
87826
907802
1858845
540350
3074649
424900
3668364
199041
4686449
336556
2882085
262288
407223
1188427
1107153
612184
572949
287999
1944092
4022827
2043561
320624
292530
6905008
1388510
827668
733414
4168855
2020926
317638
778287
619812
235490
645782
1335598
475477
906058
2824620
26378
2939746
1746094
714409
1862385
2648978
465340
1807467
1040413
3125142
3650362
786952
866396
420969
296547
17407582
2206892
361240
265297
2560518
9160013
240994
1191157
1355842
1657840
1020380
8712644
67464898
299439
10316365
454173
522668
2790292
1148756
4253843
1434826
405668
661637
278225
728557
6919640
191863
178179
555150
779840
2759366
1157060
146634
314722
352807
507037
385585
5636359
1288405
129033
488749
3043140
1508344
324796
3512300
1106080
195773
639875
306907
2340673
108115
668207
147665
129188
2599954
231792
316956
1145365
334697
396789
747330
334661
1239954
2512964
754113
363208
2925354
708418
417821
1600104
607297
548163
332757
227926
900605
6655119
4544459
615562
2237986
1070283
979930
308704
637916
2711850
385698
1877656
1817223
12544573
422472
397580
337007
1326274
464314
1022113
346478
271338
430789
1064192
848465
3259141
4616130
582351
2992019
2669345
5515310
1352906
6662963
9917562
846058
482879
10688575
1843863
2171102
138235
2413691
30517840
285727
1369916
51122
1358556
347009
4665111
2971072
2965938
2966846
449233
655119
220437
1747390
4375905
412521
278253
6109507
1456564
624362
3030339
177111
7895157
1261822
1537089
8969362
401845
2292262
895299
9283843
1880085
180941
1149151
448463
962782
2603976
863352
433007
1637976
123866
594281
959221
7549728
390795
3051914
964700
493046
944727
198710
771053
795140
7024694
444327
478206
2146137
308310
204557
2045769
3562203
1417021
2537954
1555210
6860131
572027
298658
1073081
160928
2082664
326969
1685993
591568
468455
699375
2158541
2680421
2024758
747254
5270535
655731
3812996
178508
2043664
99735
2284191
679276
793624
2385437
1512783
2068580
306379
4123162
893302
629182
159837
30219842
2573596
2473349
3054303
1276920
649119
937498
309900
756188
321269
41728365
1345744
706987
154210
66892
1554692
699840
1346531
269767
696892
1032979
122038
1322183
1682942
3182965
704582
1319537
1802378
61090
305455
4489486
5453503
420289
1388668
1012217
289864
237411
1988214
1826536
373043
14176250
322863
2917485
386079
266606
461284
781872
2999643
209754
217013
1711212
892136
2611434
113048
481460
533683
706155
364899
464767
592885
1649599
12319174
1161676
730637
249303
4818287
1217235
2167925
830042
234087
333361
2939651
286775
765300
368097
531076
766711
304585
881787
593670
5274818
2594820
2255067
1168914
1005037
562859
2082637
600631
1415565
9055317
458519
907459
1540754
423690
2538737
324872
3049865
172962
755891
751905
1872242
253980
2783696
819557
1246800
514461
628657
455938
701931
321993
7715206
441799
747782
4827934
702488
648173
2550956
321198
723222
271486
564328
524490
1456625
2601526
367151
795812
804327
2078198
5329957
12438844
366837
2628394
281144
3132378
249363
892822
272747
791596
180118
1187074
1213183
531297
536369
189072
3277480
692740
707143
634976
769133
1490376
18588479
137663
2020981
692419
4254683
2104035
808170
1081907
1585272
760709
320113
168507
275572
2539046
888021
1146648
1104946
301978
754193
489581
852988
163621
322044
298917
1734845
1410345
907787
703996
1749415
1282667
141128
1496009
1422754
1024553
601514
761381
651331
1615985
291261
303697
675290
1082863
190688
1524875
915836
365673
1951433
7483749
4715928
187228
109341
733543
742346
452102
1895055
211731
1973478
1547378
2163838
381977
877937
838100
40798
308509
2789355
222814
5153436
1243023
2018291
479944
677010
1088147
593635
1324180
947227
959776
1687144
1527470
761366
440974
141724
922504
1669770
452743
2582031
2442373
5521192
525173
7179493
255979
2810706
195095
174137
625081
959562
165064
1006871
124268
677742
934963
284059
4699509
871647
367858
327571
198368
1028961
2492072
384214
11171269
137329
3933257
13792044
1528137
400321
1100669
3453190
804496
190420
316173
698291
2649012
6096825
612233
637791
284843
231734
959505
1304720
952734
606180
576727
1780606
1547707
952405
3524666
2388146
1290318
12861689
97264
11212391
1236669
491860
1228494
310278
64705
7205356
939186
530222
6663468
1328897
3621823
540404
2336396
2032496
769252
1041273
559536
769995
1130302
2971028
1020527
1932051
588454
346165
694134
110880
803596
1544761
1899659
4094150
5806026
2292177
387657
1638983
911156
216606
378043
409743
560544
21170531
1729801
3482369
1510537
973425
340347
1466697
551000
1270924
1174334
272118
610750
283293
1316506
2921020
366938
908737
937241
863456
4486476
605822
351009
630274
2745108
1590082
5829839
1553982
2038047
4193133
325512
350245
291489
705441
766276
2486843
1948795
3435817
653048
845442
342150
3965591
334649
4932149
622088
215732
1049786
499421
313224
332024
699803
2492190
2079400
815181
2627773
404996
1020909
4187201
2081258
664154
1904684
1201002
389013
361808
81666
346919
686104
2825574
589324
769695
566318
18756430
277657
1093198
1471665
3631406
381409
341955
466244
809417
3570653
3373725
122342
28421592
1850356
1019177
361872
654058
857921
1966081
2124386
818596
3118460
986878
248456
411315
351129
3203588
572445
4620277
739745
1788159
444508
825353
64927
521919
2687556
229610
141818
706955
557671
2507277
3459332
205593
755169
231789
160318
183398
3505823
641083
868485
481966
837716
5331706
8423726
293735
2570447
2536730
314557
589606
664749
3673568
11999923
3436436
2235423
496173
2419659
2104945
887657
2710433
605462
3842951
11376243
919217
1283439
2208998
1071342
93686
210914
706292
1134093
3364324
1073815
2533479
712072
1428132
602724
427194
255656
186220
799716
896890
3755517
5298548
6040884
771136
345666
3467887
378395
707647
775967
1324827
2858445
1817150
1035578
1141493
3426686
2874502
2123647
1294974
159144
1736778
242779
17236249
130918
1966592
1943225
1956329
2841702
491791
547268
751418
686846
3437815
527675
214697
529505
999444
1219161
705759
413602
4179071
2408811
1128257
1327318
4871388
1903810
353095
2970699
268947
2931039
465519
1837915
404182
773289
505565
339474
2969218
798192
5060947
2109810
737872
1603417
1942711
851251
538319
439173
2475873
6271125
753983
395880
472273
175027
278675
483819
965428
111094
1299875
7159312
1349548
691266
1566110
279962
1681987
213746
970437
2985013
496879
1224661
354752
651178
2716766
6389489
240146
5144747
1392107
286258
5385453
220954
2557806
96567
1322993
199720
783906
545539
1938750
3214112
689081
454449
2993135
1557455
604570
3588205
1560629
1913894
5406518
1637354
392687
2511840
1455296
892598
839051
4223114
130163
3403805
197089
1279098
542455
5700590
1641514
731470
189481
440178
1058733
939825
373842
14191590
917155
979809
1781361
337221
2731481
611430
1601704
408506
623914
1177468
806688
1332403
1683419
331858
2267170
1448719
2900669
4536274
10890195
284009
268380
5705061
518428
948501
658092
1023803
438802
569995
819833
19936227
5759661
1322079
883879
1272935
897794
307442
2598193
271418
3704036
483788
2585729
2062492
2237007
5767203
7226290
751972
196896
597567
818400
611621
764734
3360305
135846
653624
565233
280746
1609678
884651
5621738
369447
697110
196840
1704304
2894412
446183
1343750
679975
556494
727462
1138639
1772049
4784840
543019
1231752
1785489
2635941
298513
1256923
1073101
5232955
956840
2257493
5967776
693954
6474491
1564109
3259929
286213
7879792
1383950
733275
4815455
1035494
298671
388290
139482
2152313
901505
289926
314578
1474177
3018937
1256820
485409
20383137
1470488
253881
1178502
709836
426097
1076756
169427
3143528
239922
685470
543118
678165
3887603
457689
3267196
2362444
1132815
7018049
1086753
1221690
389681
617308
406118
308817
1008708
2341310
2567675
657585
4217960
1797838
500695
949924
171043
541540
237564
5260175
1216081
482398
2812577
914997
3331947
436493
838232
477579
5214776
629866
525759
365671
5656353
325783
488675
4852007
1367508
4384496
209183
626233
4035640
2804322
1007682
893731
5885335
476253
2351145
1178520
1046350
281027
231360
1138716
641052
3450042
289343
1375489
305061
1303302
290533
1068085
65190
798537
3683778
6452216
357586
689952
1463619
284244
669736
395748
413855
1415543
892269
1818826
1228617
1590283
594474
6637601
3405610
1506928
689178
2730277
591945
53895
1930138
158608
346920
796478
573961
1695161
2549815
413225
1995202
305978
4199530
617912
1593383
795745
498759
259172
324199
1465031
952730
670084
3808208
298546
238950
60803
1123836
3813016
3186945
4437559
5595140
329841
1050422
176198
505559
1375697
1533008
1759580
2611204
1074893
1633724
1282797
307391
1692401
1148991
1909293
622954
6962816
488447
347307
384701
781646
1057381
645850
1170645
1252323
4651778
342780
264249
709710
722230
1037096
3808228
381859
8904298
1632341
1016200
3166042
2231763
19427520
538488
3042456
2365766
98141
314742
1422060
2466598
211718
1322427
372113
761904
1272545
1090389
96212
1583527
290490
1874321
813746
8344560
1041210
3306132
286826
412158
479602
2081503
52831220
331633
5467638
613399
690364
1129727
568066
355616
4672102
367448
664988
1290158
1354962
11611489
999657
2519152
151416
4475379
1085052
1738267
2073625
1112228
565258
1136122
403262
103350
1875004
1205379
1889076
10750078
3307414
933740
1130757
1240260
410218
237495
412372
1310997
617327
1925183
12281488
1253412
4483053
244403
1272087
831230
389375
1833383
470928
216078
203626
177228
2599608
282071
684255
1122684
766303
1402441
1177093
2246131
3568407
482383
694849
660081
1129149
202154
686292
1362438
162735
895076
2777118
151543
8141612
1534102
422494
736979
1195454
444759
2216109
622621
3720175
1289417
375155
4141375
497009
1028914
428142
1960913
1520411
326260
1548037
558558
54544
878618
6929582
388629
3886966
847663
2537785
1091860
941441
226666
728494
196610
1065842
409358
2171727
671509
1510123
602932
450540
1737964
517220
2656018
1042401
2426271
1134842
1917121
2195174
206004
1508546
2241384
456007
2226662
1977772
3963020
360170
830138
423265
2030872
547597
577994
108158
704252
598675
1953390
191598
962205
200024
315018
4953582
180213
2411326
2080918
550788
1044762
429740
58143
421759
9714569
950276
957184
298405
359202
7353551
3732701
265601
2481917
167567
616111
5375493
369732
1060460
432681
271696
4214137
503965
241375
5732439
563415
1931392
190034
2758442
347641
1025471
765711
2651431
557231
239048
468597
431127
322151
1488192
363150
74602
833483
3220980
778213
559516
499741
654677
291742
675792
1934148
424442
2193473
279504
3759421
2083584
2253790
382650
5876898
254739
1661489
808307
1835581
70812
114036
4210834
2238900
6500507
3338207
1329207
402980
316674
1001287
547282
223092
1210498
355518
5306219
827151
400689
243012
686357
114042
1260200
5725927
74472
759149
419949
4102574
192657
1684146
1015199
4335431
2714526
440561
940808
245874
2380374
1484952
146761
2391330
722545
85171
3539691
392513
3116818
7262451
6180595
2934118
1460714
3912220
140182
2367677
421498
889842
730959
853837
2230726
1290529
235601
917486
361855
3163883
53088
1371481
2666651
311586
1331880
1931093
6601418
581848
1721121
418246
2145597
320506
48830
566622
896448
273665
688734
862954
2377182
1426718
690522
1726240
2078632
487372
4419030
424421
353196
396329
1046670
2220867
624520
1614621
3432300
778883
758588
172400
572355
2119938
446513
118030
1157167
534303
425073
6172281
857306
7871866
7626276
878886
24428550
711526
387724
1175898
3214541
1417490
292167
1559385
1011170
1261701
2722817
620025
2007787
1104678
505184
2983780
1309225
937134
1588507
706400
1220577
1680996
2376596
738852
300378
604664
572107
285451
1373370
264279
739949
470588
329118
1096861
284123
1267171
485424
2336455
8704467
906139
748112
1659405
485791
306119
412995
1154959
1837437
307484
723382
772037
3342727
1477632
2871015
2532373
676048
1880658
2149560
169103
202284
7912575
135025
628306
974180
3802866
4121348
2385583
246596
4171015
146628
574891
533921
85384
659828
613610
564913
416232
1660162
852634
7571559
5293715
788490
539848
14464863
2675226
4894948
1075856
4450961
774889
656442
2179780
10563978
8342958
613000
4492597
3632926
241644
1130541
179633
3153603
1117540
1435958
6184874
1188835
334080
3443305
5004612
1474043
5098532
1147839
363869
1278910
2359509
2344384
411402
249406
1292907
3750436
1441170
4137022
2319527
2453260
278150
1018320
547467
306927
465119
190222
2945023
1294857
1438447
387192
1330150
1483539
465195
1710681
5504746
2440800
1875201
358657
858482
2668561
6371512
17150166
1487376
839726
3305347
312394
520283
1012782
510173
839762
3359648
553922
5126481
738131
49700
2186259
463087
348357
471964
4901541
489661
188363
1727478
746388
286616
2564360
596886
1023255
2153992
248480
3214528
2093310
3395589
612721
632223
524496
1535887
48675
790056
405372
794611
1034327
1923370
10293961
656317
255654
313936
592803
3675122
1910430
2266000
3428792
16370118
3282878
742416
194214
1891513
11272320
346784
2627243
279334
349505
324893
20339
2181369
3327845
3553034
143399
3245087
258427
904080
3929906
889248
272677
885424
2689660
221962
1693959
889653
107019
2815442
2478339
4914692
1196974
2755316
691803
853984
935725
510279
537328
1795515
1012552
180159
272513
354152
109414
290960
381250
1023475
341760
837618
2241981
1764248
1250536
2492000
444546
2471153
501050
2368743
56337
408396
1133761
539455
1682860
833086
604794
1291443
299046
1038093
326823
3586073
588371
396517
210191
375988
131982
1776959
1628201
519533
3520737
714584
538016
3206430
378485
618035
660289
401329
424219
301652
452455
665402
972429
2091332
635005
188970
3566374
1798370
785007
628115
1039992
315408
93145
1092435
533514
700211
1135494
382831
776991
1908796
3108710
2633338
2784815
266854
523053
312573
1364918
675146
643635
1585877
7083102
150441
1330777
1472327
370082
411631
2482867
259788
453458
980570
1172146
58466
230510
1808674
632087
3008498
1081677
684438
2272485
528441
1865794
2607451
5140665
508033
3141340
636445
921342
159663
548926
470547
2547067
581928
621625
1211324
2126696
721025
5652636
2301680
1107071
459972
433288
447186
2714147
994270
2455249
646031
229469
2834183
357914
991497
1720820
405725
363344
274545
728386
1165536
221843
4001017
2415305
434607
637530
3445708
1449529
1960860
311884
1134005
600238
2754508
667030
388273
833057
2525055
979961
2288893
3019414
363564
165752
3422023
590026
608626
1043784
1101236
1049307
8475943
772182
3092714
798277
665041
1980569
686031
1550959
284147
357824
1140145
1069160
694293
1860562
2432711
328894
1072804
1407919
902342
353617
2435936
3069854
1570706
1274747
271354
2396082
1443598
283004
2654602
4484224
761679
358211
1305499
1410114
455327
1335615
287607
1539990
532673
1067317
994327
223291
969892
3082640
1187331
336046
3686673
4807523
602901
769776
1459132
309142
3066899
396177
506683
1247944
787606
1297806
482200
278952
2593108
336737
247152
299339
342788
843282
448088
1541177
1323039
1885744
665003
797967
1439712
2119184
828075
2544741
8507610
875981
219130
1929704
356194
172163
556576
765844
869842
426851
377905
521464
1083536
558160
575908
542110
2080422
1785655
2831797
2132136
9101991
255656
217272
214484
4081168
2449194
988688
806345
826376
1651473
389112
778251
95340
1094086
1543378
669740
844411
1340543
513899
1109532
1890376
8118832
254366
1309915
2750110
528610
667698
1573109
897973
2156268
353244
636883
5061495
396247
132942
859815
449181
8130051
270740
408516
981085
991441
6859830
2511674
1222498
10012886
302666
736958
3862404
490330
381834
465007
3141449
1072829
2625008
2655161
3230800
1343550
30216
361838
1021276
1041151
914112
384533
907399
3470859
662241
358965
584418
1878293
3011067
1907330
1876784
2635379
2348838
605647
1149242
6585286
1297790
529731
318608
357864
3521443
1569375
1324744
567232
993299
302303
674623
264659
4923748
777391
632805
676924
2778159
4169869
877844
4409275
953561
945712
257898
455197
85181
153729
2671349
917624
50316
2971244
104658
1990684
168784
7550513
1519617
7435778
980681
1472030
379189
162883
571809
1191090
5544015
1837779
1319355
675783
3277070
8132280
139088
215852
499659
3135109
9068600
1992160
30162573
505483
