1786
4339
11642
2513
1553
1568
1788
1555
3970
3407
1951
1200
1639
8280
2306
1589
1373
5559
3811
6966
25369
8052
1280
2696
1569
7744
2037
1354
13184
4157
3493
1830
1073
5565
1668
3086
2186
2448
1776
2696
4176
2684
1473
1276
3267
2005
2258
2696
1880
2181
4604
3267
1036
1904
4873
8716
2397
4374
3540
2441
1911
5304
1352
2342
1275
3432
3965
1860
1759
4273
3508
4221
2379
1911
1568
2484
2360
1692
1281
2235
11763
3195
8739
11356
6689
1618
8865
1670
1515
1832
7741
2413
1557
1425
2039
3705
1075
1887
3229
1531
4717
2096
2695
2235
4827
9842
3747
3146
5032
3481
2239
4292
2064
8230
1366
2415
2402
1753
2289
2924
3855
2209
2879
1245
3074
2451
1327
2596
3162
3003
3980
3473
2276
2884
1431
1364
2244
1716
1757
3479
3768
2119
1701
4146
3068
7464
3195
3805
2314
3094
4370
2046
3133
2814
2102
1541
1704
1367
8784
3737
2024
4507
1288
1363
2871
1360
2348
2955
2852
5954
2694
2401
3629
4014
1522
2950
3054
2890
6499
5132
904
4320
1840
1371
3670
4925
1987
2198
2074
2039
1938
1337
4676
2598
3178
2505
1615
4260
5016
2353
3769
2242
3476
1319
1564
3441
2810
5790
8749
1911
5671
1136
2431
1799
2046
2988
2897
2159
4975
19744
4987
1260
1696
4773
44573
5342
2747
6180
2230
2475
3898
1836
1565
3057
2920
4249
1599
3125
2973
2962
3965
3006
7262
5365
8156
4135
1918
1745
1912
3439
4348
1895
3476
5844
1860
2460
4405
1473
3539
1568
1611
3700
3112
2850
5197
2595
2017
3368
2986
2854
3703
3195
1716
2416
2918
1111
4312
6534
1906
3084
1297
2510
3689
2977
1686
1820
1033
1029
1384
1847
1606
2979
8634
1894
2118
2358
6431
7292
2538
2286
3361
7003
2161
1470
1291
5966
3583
3963
1903
3868
2583
4143
1715
3843
1640
1329
7235
4493
1195
2312
1167
4062
2009
10161
2622
4920
1868
2094
6564
2499
3169
4167
5256
2209
1865
4291
4174
5394
2439
2648
3223
2791
6028
2499
2600
2989
2419
4042
2376
6432
4234
3284
3920
1789
2491
1890
2688
1848
1718
2556
3670
2830
6710
1612
6798
1276
1672
4255
1260
1431
1577
2903
2750
3605
1889
13413
19649
1784
2091
1623
3159
1875
21791
3864
3558
9904
1918
3979
7594
2299
3054
3151
4782
2906
5329
2131
1953
1444
10357
1676
1529
2416
1565
1276
2504
6449
1656
10830
4172
2821
3537
2693
2938
1297
5179
2523
1719
4013
1328
1838
1465
1493
3731
3150
5265
5117
3154
2555
25985
1782
1341
3859
3584
1071
1177
2278
1502
1781
4777
3431
3123
1464
3410
2630
3723
1600
850
2887
2809
2194
1455
4787
5046
1565
1877
2848
4979
14957
11889
4114
4890
12706
1171
1882
7203
1577
1960
1898
1713
2098
1692
4760
1354
4323
3275
7952
2656
19464
3903
4820
5960
3628
7566
2525
3570
2250
2191
6074
5997
1599
2165
1191
1827
2475
5925
2090
2242
2240
3073
939
8498
3794
15364
2310
2379
4139
3053
7857
1780
11709
1928
9509
1280
2668
1884
1825
1205
2867
5028
2633
2949
1509
10430
1847
3143
1640
5291
1947
4105
2473
2184
1925
1695
2796
2574
3204
3218
1224
14225
2159
2772
2924
2007
2695
3155
1506
3369
4407
3136
3141
7317
2127
2718
1848
3507
2888
5532
3168
2447
1897
1766
1730
4451
2052
2126
3317
7266
1670
2666
7847
7018
2683
1764
2876
1489
2602
1798
1719
2406
2725
1783
2062
2522
5700
2293
1465
1459
2323
2960
1466
1420
6218
2962
3044
1361
2990
2357
9174
3576
2185
2877
3618
1881
18801
2376
3588
3280
3152
2439
2173
6786
1451
1945
17855
2727
3785
2254
3311
6501
3796
1455
3649
3395
3779
1321
1313
21606
4304
1735
1067
3140
1612
1663
1065
1781
1732
2421
11711
100517
1382
3889
1905
5485
2077
3161
1478
4113
2756
2963
2490
1010
1278
2809
1768
4079
9453
1733
5031
1468
2203
2583
1446
3711
3540
3296
1955
2360
1268
1284
1857
1970
2012
2433
2399
12483
976
2046
4658
2012
4974
2075
1074
2796
1736
2024
3564
2521
4074
1873
11989
2643
1725
1198
4375
1817
3312
1716
3043
7862
1565
2200
7250
6881
7384
1232
1657
2415
1934
1022
3800
1867
4801
3592
1778
5998
2011
2508
1437
4905
5070
4443
2545
2144
1087
3312
6093
4643
1688
2186
4422
1648
1839
4297
4850
2247
4508
12249
2313
3541
2030
4367
2863
1899
2660
4056
3481
4868
1180
1652
2456
1598
3818
1665
1219
3581
1164
2811
2613
2557
2326
4183
1447
5349
2329
3510
4110
3215
2569
13020
1371
6751
1024
1666
1717
1441
2598
3450
1515
5469
21478
1701
3345
3815
2383
1046
2078
2988
2966
2999
12461
2073
8050
5877
2012
2281
2831
2290
1696
3360
1340
5206
2992
3699
814
4949
1233
11485
3952
3358
2970
1410
1984
1768
2445
2664
2945
1482
1249
3337
4021
2771
1867
5216
999
2035
7818
4619
3068
1820
1433
1438
11531
11671
1175
6667
3198
1280
2695
2928
2684
2584
2973
2507
1626
6946
1396
13965
2606
3173
1042
3123
1646
2224
4572
3485
3252
4577
2701
14263
3423
2355
4489
1728
1304
3203
2401
4869
2483
7374
1916
2150
2852
1456
2185
1774
4489
2871
1207
2762
1524
4084
4524
1790
12529
2830
4962
1761
4376
4716
1880
3028
1860
3161
2921
2552
3493
2583
1318
7249
3173
16623
2712
2194
1114
6346
3087
2596
3279
2600
1337
1640
4077
8430
2644
5560
1928
3439
1399
2962
3196
2359
2178
1456
3582
16979
5493
1591
2055
1585
1963
1354
2889
2338
3105
3887
1677
2324
2521
4534
1268
2317
4551
2229
2823
3163
5910
9552
8659
6137
3301
4107
5331
1917
2500
1806
1725
7043
6231
3071
4050
7971
6198
7398
3018
7979
3857
5148
1133
2801
2060
2505
5930
2600
1164
1921
2659
1933
1902
2485
1639
4205
1011
4031
3541
2178
1817
4557
2213
1604
5818
4094
2583
2923
1713
1712
3198
3397
6855
2835
4786
2107
3450
2262
2829
4774
4640
2376
1252
2002
1816
2581
5937
2005
1362
1901
4292
1719
2122
3883
5050
1654
2566
11388
1261
1218
1776
1505
1570
1658
5058
2158
3181
5886
1613
2160
1367
2078
2158
5678
3009
2029
2244
9746
4162
2476
1815
2108
1350
1306
1700
1723
2290
2438
1510
1510
3932
9844
15818
5086
17081
2203
2200
2598
1832
5329
4884
4044
3199
2149
3747
1802
1961
2866
2411
4275
2980
1696
1797
2333
4181
2616
1780
3779
2175
4325
3370
12998
1733
1620
2203
2653
1207
3798
16286
2438
18591
1611
3127
2279
2201
1836
1551
2386
1380
2626
6791
2558
2063
1684
1329
2528
2876
3128
1661
2666
4315
1330
2412
2708
5357
3908
2828
6534
1426
4438
1301
4708
3327
2161
1476
1892
3006
2791
1369
1693
1690
3882
1519
7913
2395
3981
5003
3688
3551
1755
2615
2357
1803
1255
2212
2625
2361
1553
5669
5838
4945
10236
2664
4340
1202
2477
5900
2419
1499
2500
2859
1476
1514
2020
2344
2177
6680
1429
6364
1699
3679
2765
1554
2960
3556
63226
4338
2367
1526
7466
2177
1558
1756
2330
3130
2525
1666
3861
1634
11764
2991
1838
1792
2852
1911
1910
2304
5471
6711
985
2501
4382
3117
1756
2589
1686
2028
1710
2853
5937
2673
1660
3236
2069
1941
3966
3179
26332
2054
2159
2878
1736
2400
3259
2575
3696
7498
2757
3087
2018
4519
1130
6373
1350
3572
2357
1696
2173
2163
1708
1464
1287
2447
1718
3110
1599
1371
2263
866
2999
1618
1354
3470
1458
1340
1462
3934
2154
1619
5615
4502
1263
4682
1363
2913
3428
2156
2243
1756
1568
3279
1652
1616
1981
5650
2508
3847
2824
3042
1845
5348
2318
2005
1334
3699
2106
5188
1324
9372
2503
1241
9431
5854
2115
2195
1400
3092
3618
3819
1148
4156
44667
1384
2358
2769
9387
4414
7023
1942
5555
2614
1520
1486
1218
1115
1808
2683
3838
2527
7498
1380
2261
5461
3549
2049
2754
2782
3022
1892
2210
3146
4574
1752
1648
3147
3921
4310
3084
3413
2418
1903
2646
4448
3208
1709
10739
4402
5631
1422
16995
3215
4293
5655
2651
1256
2271
3634
7711
2872
2331
2738
3236
2326
4403
3980
4812
5061
1092
1995
5346
2668
2982
10180
2451
2686
3834
4044
4209
2365
5732
1541
1568
12023
1232
2538
2716
1724
3381
2885
947
4045
4084
3811
5104
7455
6899
9025
4325
1757
3270
1435
1776
4558
2048
1692
4714
2922
2880
2004
1973
2147
3297
2232
2223
2358
2963
952
3210
2044
1621
7629
3077
2997
1261
2295
2361
1714
1803
1923
7402
3262
2005
2038
1889
5298
8470
12173
1013
3880
1069
2925
1519
1865
3482
2215
2235
42487
2517
1624
1256
6653
19572
2030
8555
2927
2926
3899
1854
2327
3358
20243
1511
1965
2267
6690
1379
3149
1579
1943
2742
3028
1709
6652
2579
1639
2800
1483
5014
4279
2254
6340
4243
2991
2366
2716
7086
1360
2022
1963
2610
3410
5372
4358
5817
2042
2513
1820
1097
8191
1520
3543
3020
4310
1524
1646
1757
2679
2530
3193
2696
1602
11604
1434
1535
1403
3548
1924
3502
2811
2101
3531
6024
1682
3017
2984
5444
2259
1595
1896
3381
2327
4743
3874
1819
1283
6986
2151
2380
2516
1720
1764
5931
2691
3154
3318
2008
1883
4855
2226
1269
2133
1444
1375
2044
12059
2855
2013
2052
1389
3050
5551
1732
4018
1354
4281
1490
1844
1794
2094
21483
5042
2952
2115
2009
1283
2003
11491
1306
1846
2554
1839
2899
1736
7919
3754
1524
2916
3060
2789
2940
3022
6202
1997
6953
2664
3985
2639
3274
2820
1978
2026
1762
1570
1600
4245
12291
4070
1222
3740
1662
3904
3377
3235
2571
2050
2758
1461
4004
1787
3101
1837
4274
3135
2360
1203
1502
1498
2054
1886
2867
2478
14274
4598
1614
2340
4333
3694
2235
5867
857
1374
2403
2462
6183
2174
2383
5619
1844
2854
3106
3688
9707
2214
2985
2414
2758
2035
3150
1789
4081
4924
1898
1488
8278
1438
2789
1487
9742
8680
4121
6495
2021
3912
5282
4849
1633
2195
1830
6121
1965
8151
1921
1832
3560
5875
1669
4894
1900
3036
1643
2808
2136
3034
1921
13656
2270
1424
2124
3192
5596
3780
2278
4285
1546
1295
1698
1615
1959
1921
4291
1355
3652
5836
3219
1645
5511
8224
1642
1801
5855
3603
2536
2929
3583
3437
1068
3912
1346
4316
2216
4192
2391
1814
4542
2382
2994
1200
2492
3383
3064
2951
1354
5482
2460
2697
1342
4018
5502
2666
1752
2209
1614
2287
27945
2218
4911
2789
3202
2538
1596
3140
4587
1943
2060
2202
3014
1843
13301
1491
1652
3194
2970
8597
8917
3420
2020
3635
5785
1187
2515
9731
4800
2649
1125
3946
2804
10895
2192
2898
2169
1252
4013
11119
2151
3534
1500
3541
2198
3579
1659
1938
1899
2754
4299
2749
1287
3919
2708
1949
1930
1863
6650
1512
1588
1385
2345
2432
1211
9207
3515
1815
2172
2008
5219
4945
2098
5099
2868
2573
3573
1389
1645
1723
3029
1651
1718
1624
4374
3056
1656
2847
3129
4509
1493
5163
4092
4209
1820
4367
3155
26458
14824
14788
1257
5123
3971
1604
1517
9732
3962
2973
6732
1829
3598
1684
4914
9167
4084
1330
2640
4053
1111
1461
9974
2996
20557
2277
4712
2094
1782
1718
2144
1265
3004
3200
2519
2931
2969
1830
4405
2776
1603
4324
2625
2449
1883
2043
3448
1796
3350
4339
1362
4436
11683
1991
2215
2143
1672
13327
1459
2255
1254
7292
1828
26949
6885
1303
1184
3973
1432
1881
12073
6679
9000
2036
2829
2510
3055
1075
5883
1275
2707
2316
2698
2889
5476
10614
7792
1754
2130
3293
3895
2500
3546
7208
2321
3006
1753
7232
8775
1564
1530
8748
1440
1938
3846
3866
2990
10788
2085
2036
13730
2403
7978
2458
1523
2054
3524
2339
1901
3965
4038
3977
1850
3049
1622
2340
6227
3357
23636
2023
3566
2027
7545
2469
4164
3970
2854
2619
4521
2256
3444
2453
3192
6738
2459
6477
2720
2532
3614
6060
8264
3343
1315
5402
1898
3104
1867
1757
2007
3141
2308
7852
6317
4170
2434
2984
1122
2194
1435
1115
2667
4180
1301
1882
2374
2327
2687
9683
25620
14780
1469
7915
2498
2421
1375
1444
3413
2461
1436
4410
2032
4688
2711
1211
14273
2900
4991
1755
2023
5027
3940
3792
3272
5084
1821
1548
4646
1532
2025
2148
3547
1702
2103
2131
2619
1944
3465
6192
1469
3228
7757
2284
4062
4296
2599
1645
3471
2636
3146
4820
2174
21276
1738
2037
2700
1606
3396
2381
14776
16440
6411
2549
1727
1460
2915
2584
5261
4186
3103
1968
2504
2913
4484
1117
2821
7627
1893
1610
2079
4433
1425
3908
5074
1661
9002
2742
2554
4267
1946
3826
1473
3713
4450
2944
1401
2881
1473
2432
11545
1703
2454
5504
6452
5673
1301
7835
1575
7116
3274
2420
4999
3623
2591
1337
3953
1804
3327
3970
10094
1519
1747
1391
2226
7659
10373
1069
3431
4272
5161
2473
2698
1585
1709
3771
2265
3551
2851
2521
2336
2355
1731
1744
1618
1469
1804
3341
1698
3773
2168
1753
1282
2084
1768
3803
1947
10024
1680
3869
1823
1243
2064
2564
3021
2278
3026
2227
3603
2954
2105
10566
3606
1688
3753
2097
2096
1355
1447
2543
2845
1831
1807
3788
1920
2925
3356
4555
1550
1819
2397
2045
2134
6268
3354
2483
5795
2746
2731
2527
6284
7349
1548
3056
3261
2255
1619
1359
1975
1293
2062
4946
1488
1034
1556
3179
2352
4917
5933
2922
2809
4355
4721
2477
1741
1205
1647
2922
2998
5159
2602
1270
8509
1198
1054
4451
1538
9477
1857
1723
2039
3097
1552
1503
2969
4208
2742
2612
1436
1565
2003
2471
3317
2532
6894
1651
4063
7586
2120
2499
2110
9351
3743
1273
1831
13491
1787
2396
3982
5120
2002
3639
4339
2764
1897
2052
4135
3851
5975
2357
1978
2360
10571
4549
4446
2118
3501
1370
3589
2391
4299
2399
1442
2170
1567
2245
5991
20924
3169
1148
2207
3935
4651
2363
10087
2643
1182
1408
1652
3858
3169
1486
1911
2365
2471
1669
4523
1951
1316
2459
3323
2886
2616
3433
4188
4103
3897
13342
2255
4547
3819
1098
2286
1383
1354
4023
2258
4571
2352
2856
2229
3102
2151
1692
1644
1661
7513
1324
1539
964
1403
5057
1384
7144
4824
4159
1168
1874
2213
2537
4098
2277
2459
2902
1607
2324
3287
2249
2183
3356
1569
2563
1804
6798
3576
2006
4389
3747
4233
4030
2615
8498
2640
1718
1510
2046
5210
1930
1752
2011
1514
2103
2764
1592
2815
6443
3534
3876
2634
2230
6213
6144
3159
1884
2604
2339
4476
1913
2017
1357
3424
2992
2214
4221
2271
1908
3715
1833
2494
1903
3629
2746
1234
14202
2775
2999
1964
7147
3509
2062
3200
2562
1426
1229
4893
1919
3273
2813
2055
2756
2331
3121
1788
9847
2451
1405
2095
3992
2603
2956
4384
4202
2068
7069
4203
13321
1737
2359
3082
2407
2818
2316
2026
2431
6680
5050
2668
4098
7127
2353
1776
1717
3725
1438
4628
3545
3599
1885
2926
5734
1865
4083
1465
3946
1096
2326
2117
4827
4006
5773
2768
1722
1422
4238
3420
4294
14153
3114
4269
2968
1290
2733
2144
36296
1115
2047
3925
4515
2294
9686
5392
3345
1444
1261
1754
1433
3207
1290
1332
4252
2071
3107
1837
5884
5136
5209
3094
4853
1172
2188
4359
1483
2530
1805
2859
4344
2463
3010
5484
2217
5855
1991
4266
930
2095
1317
7825
3505
7393
5658
2017
1686
2583
3118
3530
1967
7957
2881
3116
2190
1822
1740
7710
1963
2157
2085
5980
1903
2125
1384
2447
3022
2229
1223
1913
2070
2499
5965
4814
3461
2810
2326
3894
2472
2137
1593
2065
2827
4685
5134
2325
3935
3396
2543
4100
1836
2093
1681
1421
11691
5406
3580
6603
8821
2664
1881
3644
2643
1447
2007
1443
2390
1478
3741
3316
1876
2172
2392
3160
6080
2356
6071
2022
1635
4036
2069
1540
4291
2245
3056
3328
1164
4906
2049
2677
2058
1190
1367
2954
6003
2459
3148
11399
4298
2253
7330
1154
1929
1344
1821
14683
4571
23980
4698
8544
1585
1551
3631
3058
14442
7232
2969
1623
1899
3548
1415
1179
4295
3214
2598
5445
2557
9281
1493
1129
7370
3690
2005
1420
5074
2190
2455
2248
1936
4249
2199
1131
3619
2468
1481
1910
2814
2614
5029
3524
5089
1619
1260
2998
1893
4979
2757
2008
1351
2111
7683
1327
2172
4690
8645
2599
1646
1642
2508
4672
1426
1213
3062
2252
2102
3036
4775
9936
2523
3817
2619
3960
1695
2076
1709
3663
2711
3983
3509
13249
1774
2847
3989
3667
2951
1621
26626
3298
2909
1722
1302
2049
2803
4472
2827
2893
3854
1525
1791
2973
24251
2009
2203
1582
2755
1835
1470
1931
4414
2134
4120
4130
1823
2300
1429
1754
5750
2257
2440
5560
1737
5930
3543
2477
9976
3166
5631
1918
3511
2252
4764
2350
8520
1739
2055
1803
3326
3711
2882
5161
1752
2053
3185
1539
2782
7263
1161
6287
1867
4336
1994
1606
2601
1238
2273
2281
1674
2184
2923
1952
1680
6874
2658
1756
1514
1803
1772
2718
2655
6998
6473
15615
2852
4949
1420
1648
3036
1834
1306
3855
5270
2044
4361
2212
8296
4820
2993
1615
6481
1793
4333
3991
7178
2186
2966
2217
3305
1445
2333
3847
1717
6312
3145
1656
3320
2224
5235
3142
4263
1650
7317
1575
12111
4120
1629
2243
1429
1642
3693
1004
3398
2401
2932
4144
1468
1875
1537
2433
6065
1428
1268
4043
3267
2416
6006
1269
2444
4125
4189
1060
2121
2124
1260
2602
1444
1096
2306
1707
2157
3088
2086
2527
2373
8004
8114
3318
2323
1467
1807
2428
4319
3540
3150
2811
1723
4449
2109
2220
3691
4351
1617
2123
1836
10682
1861
3130
1180
2492
2770
2035
2122
3349
3074
1668
1946
2732
1620
1557
1766
2155
3802
1795
3831
1787
4603
1837
2773
1481
2029
2588
1913
1981
3965
3589
3403
2509
7715
4754
3680
1708
3997
1845
2846
2009
895
1700
6101
4772
2691
4055
10354
3594
2777
2072
1877
1253
6021
6614
2493
7774
6944
3547
1664
1731
4068
5082
2062
1333
4045
1808
2626
1469
1870
3792
2822
4006
1674
2025
1338
1580
4012
1905
4921
3366
6735
8670
2756
2055
1298
2564
2960
2634
2752
3902
6511
4411
3051
2840
3149
2224
3421
7343
3323
3011
2249
1916
3945
10842
2499
13152
1887
1976
9502
1564
1907
3993
4920
3597
4889
1724
2156
2095
2932
1693
2570
2112
3583
2166
10081
3830
4541
7049
1804
2874
1843
12281
7247
1103
2518
2341
2098
5961
1715
1806
4992
1392
1972
2362
2941
1956
2782
2294
3828
5772
2319
2223
3812
6440
2938
1062
1630
3263
3613
2623
2275
1589
2924
1700
1163
1061
7942
2351
1344
2198
2498
6731
4785
2288
1608
2812
1556
2182
1603
2340
2094
5887
2488
2133
3152
2236
4425
2363
1463
5482
1403
2943
1137
2800
6066
3740
2508
3762
3332
2523
3188
1437
2170
4070
2598
2922
7822
5136
3554
5812
6404
4367
1120
5169
1817
2464
3110
1907
4004
3065
2097
2869
7379
3985
2242
1305
3106
5076
2584
2352
2865
5456
1678
3725
1096
1364
4726
2359
8501
3236
2704
2692
2439
2258
3539
2526
1682
3741
2825
2420
2144
6862
5157
2233
4699
1847
2472
5419
14445
5286
4371
2887
1861
2656
1663
1804
1838
3298
3178
1200
4494
3500
1468
2562
1841
1488
5153
3855
11471
4014
9413
3338
2457
1757
1602
1408
7739
2292
1238
1924
2243
5792
4479
1515
2467
2849
4412
2186
2820
1412
2687
1497
1595
4042
4607
2517
1424
1534
3399
5242
1901
1437
1833
2383
1663
1502
1354
3086
2190
10068
1708
2694
20407
1158
2484
1666
2716
3391
3392
2385
2352
1988
5597
10554
2372
2868
2038
20381
3171
2115
1962
2269
2988
2582
2268
1613
1736
1543
1175
4972
1737
1920
1411
11575
3676
3298
4374
3278
1221
3098
3370
4207
1553
5472
5785
1167
2532
2187
4820
14783
2766
1805
4810
5210
1971
11621
2009
2741
2699
2411
2031
3204
1930
11726
5608
2867
2376
3733
3881
1950
1652
2863
3139
3074
1753
2782
2269
1823
4846
2050
4552
3015
1716
1504
2592
2176
3017
2634
2306
2290
5351
1041
1145
2701
3206
6489
1813
3910
2115
2112
3891
2381
3873
6382
16525
3421
2732
2996
2728
1566
2298
1765
1671
7206
2478
2970
2351
3654
1952
3602
2422
1896
2199
2855
3361
14879
1139
2766
2107
2153
1680
1517
13450
2134
1804
11821
2456
1420
1619
1650
2000
3329
3166
3565
2721
3173
2139
3018
1695
5344
2021
5729
6950
1805
3715
1951
2605
1472
2118
2157
2316
2412
1307
2420
1401
1519
2191
3036
1864
2441
3897
6108
2075
2077
1681
5103
6193
2573
2103
5567
1747
1363
2998
1849
1851
4535
2468
2996
949
1784
2922
1375
5079
1831
4624
1428
1966
3296
2389
2209
1432
3369
4101
16492
3154
1965
1050
5354
3511
5570
1721
6872
2867
896
2407
2118
1585
2988
4111
8364
2851
2976
2947
6312
3042
17913
3381
7164
2051
2766
2456
12421
1735
2508
2017
2375
1874
2219
3354
2022
1741
2491
3720
1930
1064
2027
2493
8322
2493
2165
4060
1132
12376
1652
1496
5757
1568
4287
9832
2071
2750
1238
3773
3405
2856
2196
1519
2071
4623
4371
9362
2892
2246
2447
3699
3218
2025
2993
1547
2131
3973
1881
1608
1471
4003
1538
1915
3052
3714
1998
2629
2535
2984
2236
4722
1558
7872
3624
2180
7370
4920
1281
8208
7522
7375
2224
1593
6712
2967
1526
1653
4348
4175
3948
1939
2106
2019
1829
2931
2854
1834
933
7109
13262
3094
10731
1646
7146
2055
1972
3867
2834
2434
1689
5126
3694
2494
2289
6348
3279
1204
3140
2309
3787
1556
13241
3083
1506
2857
4503
2538
1834
3222
3594
3930
1664
3836
4055
3732
1869
1332
1533
5211
7048
1995
1414
3059
3962
3857
2208
3585
17448
12325
2353
20162
4089
3274
2511
2385
2664
2405
1728
1265
1381
3624
1479
10735
2044
6937
2603
6167
1923
4042
3169
2910
5049
2785
1854
2969
1749
2343
2359
3033
2479
5001
4317
2578
4488
1317
5025
1586
12565
1480
3188
3555
3301
3081
10028
2923
2589
1951
3106
1758
1941
3020
4466
6779
2954
4687
1167
2963
1643
1902
1844
5045
1085
2416
2604
1633
5823
2719
1893
5271
2256
1777
2937
9335
4105
2605
1791
6758
1493
4828
8249
2653
7089
8746
3257
9446
1310
2076
3827
1241
10326
4247
1504
938
2517
12328
9006
2796
1720
16808
2501
2302
6902
5624
1694
3296
2525
1744
4433
1712
1433
1094
1386
2357
3359
1560
1172
1934
3969
1964
4525
2838
2179
1731
1239
2385
1773
7478
1007
3404
3915
1873
6370
1809
6996
3666
6782
4305
1522
1430
1321
2744
2520
4335
1531
3909
2335
1626
2998
2025
3125
9996
1977
1495
9916
3936
4096
1923
1911
3042
1864
3291
4309
2036
5137
3212
1588
2916
8590
3520
8603
3060
2068
4043
5263
2330
1847
4971
1460
2854
3603
2615
4526
4122
3665
2725
5720
3715
953
1686
3731
1976
2478
1870
4692
2459
1704
1680
1968
3075
3912
3654
2126
3155
8499
1261
1860
1903
7655
8784
4294
16002
4437
3718
4908
6506
3631
32443
10466
2726
2080
2764
1507
1396
3103
2534
3257
1069
11086
3548
1503
3546
3691
2985
1901
3124
1182
6136
3004
1122
2157
1894
6002
1843
3031
2665
1724
5591
1561
3501
1925
1586
2342
3539
4286
1008
2954
1432
1656
1713
7487
2330
8406
16710
2600
1380
2224
3205
1938
3014
4465
2099
2025
1397
2590
3252
2233
2569
3094
3320
2684
1210
1433
4282
4679
1832
5359
6652
4229
1773
1676
2273
16057
1949
1753
4347
1976
5139
6410
3371
1746
2345
1815
1493
2698
1974
19017
6827
1814
2442
7264
1889
3927
3166
2774
4716
2894
3937
8800
2502
2037
2172
1734
2033
1601
1513
13277
1139
12336
1780
2325
1055
4156
6674
6440
1459
6461
2546
2300
1452
1558
1958
3392
1326
1749
1079
7467
2251
4353
4040
3517
2817
55406
2555
2486
5777
2001
2224
2221
2125
3059
2561
3949
9035
1582
2566
2305
1730
3985
2449
4860
6395
2300
1307
1990
1720
4252
3226
2237
3569
1382
2886
8466
1635
2753
10043
3040
2920
14296
2453
4217
9931
4818
10820
5565
1715
3021
1585
6699
2122
2221
3012
1990
5488
7217
1976
2614
1207
3193
2209
1574
2113
1054
3115
3125
2124
1180
1502
6984
1210
2928
4051
1616
1062
1757
3828
1467
2887
6715
2397
7729
2076
15961
2324
2387
1896
1659
1685
1794
1980
