-6
-198
65
-36
1
-24
50
16
284
256
-10
-75
0
-18
534
40
1
30
278
-75
-1
-77
-16
8
-69
-22
-70
-100
85
-8
0
-24
-235
26
15
0
3
72
12122
-4
345
70
-1
1
-7
-60
23
-8
-27
32
-13
-115
-1
0
-1
32
1
13
-1
52
1
19
2
-528
9
3
2
-7
5
-21
0
3
-5
1
0
18
17
-15
8
3
26
1
-3
17
6
0
100
1
-188
1
-13
10
223
-135
-5
-80
4
0
-1
38
1
1
-40
-3
0
-1
527
0
1
-13
58
-39
0
43
-19
-11
0
6
-2
-163
15
8
3
1510
7
0
309
1
0
-9
-2
-1
-4
6
446
51
-7
38
-231
1
-1
146
-24
10
-1
-1
-430
64
20
-4
429
0
-13
-6
-10
18
9
78
-20
50
-12
4
-1
-3
-2
20
1
-16
2
0
461
360
-206
54
1
-758
-8
-1
1
-76
-18
-11
-512
67
-1
-115
197
-68
23
-1
-6
5
-1
3
-463
-9
18
2
4
0
-24
3
26
6669
-1
-1
-1
-79
-8
-1
107
-3
0
-1
-8
-4
280
-51
-2
-7
-1
1
0
-410
21
49
254
7
1
-1
-18
-15
2
-59
12
1
11
7
-7
47
-5
-4
9
0
14
-49
811
-167
81
-87
0
192
13
71
-11
-1557
35
-71
-9
9
0
0
-40
4
439
64
0
330
-3
5
-5
-327
-6
5
8
-2
0
489
4
1
45
0
7
3
-154
-15
-1
274
-2
18
186
0
1062
2
16
4
-5
0
-14
642
11
63
-168
1
4
7
215
-3
43
30
11
-11
-178
-199
-6
-6
-2
0
16
-2
14
-1
-9
-1
4
9
-15
-9
7
134
69
19
7
-38
-180
-1
53
338
1364
8
-92
115
9
-76
-15
1
10
-3
-8
0
-1
-12
1
-30
-124
3
2
30
0
4
-359
1
0
0
-5
11
-1425
-10
34
15
-9
-540
323
1
5785
3
-63
0
228
-4
4
335
19
7
-315
8
5
-263
-128
-549
23
1
20
-32
8
-10
64
-28
117
-261
16
0
-1
-11
56
-3
-44
0
-2
0
-2
2088
-17
12
8
-22
-1
0
-104
4
2
9
-20
809
-1
-10
-35
1
0
-91
-14
-12
-4
1
14
1
-2
73
142
-1
8
-1
-1
-2
1
9
10
1425
7
-1
-1
-16
1194
-1299
-137
6
-10
1
-120
0
-53
0
-8
-222
-5
1
5
58
95
-557
133
-16
4
56
-110
8
-40
6
-171
644
-86
4
-2
-186
0
5
0
-61
-5
-61
0
-128
12
244
441
228
1
1
-23
41
-2
24
-2
-186
2
9
-4
-28
3
178
-258
3094
-29
6
0
-21
-6
-45
-71
-13
-429
-2
2
18
-47
0
-70
-69
9
-80
-145
4
217
61
14
44
1
-1
10
-3
45
-20
-2
-212
0
3
-56
7
18
-1
-7
7
-47
4
0
-131
0
4
-2
-1
0
1
0
-5
105
0
37
-277
206
-16
-2
-4
94
2
-180
-1
0
-16
4
0
-31
78
0
-147
42
13
-98
-20
2
-11
4
-1
116
433
333
1
3
-2
-18
-9
-22
1
-6
0
62
2
123
-16
-77
1132
1
-62
-27
-206
101
0
-51
-39
51
0
2
-1
13
79
-3
0
3
0
60
-14
0
3
-14
27
1
-30
24
165
-2
82
0
-253
7
0
1
26
52
164
2
8
1
-2
-30
-16
2
-73
-1
26
264
0
3
3
-138
-146
-319
-520
19
1
1
-11
19
173
0
99
-4
-44
-3
1
96
-168
0
1
-249
-10
10
-61
-7
23
1
1
12
0
14
10
-113
0
-2
-57
-99
-29
2
1
-24
405
-13
0
-604
19
-3
-22
-8
-35
-330
4
-1
1
19
2
0
-195
-12
-15
0
0
-2
-2
1
-5
8
-3
-209
-11
-15
3
-103
32
18
24
19
-36
10
56
-8
1
-70
-357
2
8
10
-52
24
-93
-2
-19
-27
-16
-1
-9
23
-8
1
-10
-8
-8
-1
3
0
12
13
-120
47
9
-40
-3
-8
-1
-1
7
-10
5
600
-4
-4
-12
-1
-33
-15
7
32
75
-1
6
-166
-9
4
-6
0
-14
5
8
1
21
5
24
-574
-39
-1
-57
13
12
330
1
142
19
-6
-21
423
-2
-1
-3
60
-14
5
-46
13
39
36
-2
-1660
-40
-10
-15
17
-1
29
-12
-15
70
1
-7
254
-1
2
29
42
4
2
4
84
0
-2131
-18
-3
115
25
0
-85
-138
-1
-48
-82
-22
-47
0
297
-7
-59
38
-36
1
-4
-3
0
-11
-148
36
-9
10
3
9
6
209
8
164
-163
-35
3
-205
2
-1
35
-1341
7
6
10
15705
7
-47
3
87
15
-8
-55
14
-1536
-3
5
303
7
-310
1
14
6
-178
5325
-1
-38
-3
-35
-35
-1
0
-193
223
-23
-2
266
-14
9
-115
0
619
30
0
-2
-115
801
0
-38
1
-613
0
10
-3
5
-2
284
-35
-110
-20
-205
15
162
15
-4
1050
-1
2
-5
-880
5
0
18
-1
6
7
8
311
1
-174
-9
-121
16
0
0
2859
-10
-1656
2
19
148
23
0
-6
0
-3
125
5
0
5
-4
-178
1
0
0
370
-1
34
-512
-6
1
-10
-7
-23
248
-1
-1
-31
-98
7
-11
-397
-8
-2188
6
-400
0
0
-7
6
-1
-2
-213
673
-8
8
-3
26
-21
5
-9
-10
-12
0
64
-10
-6
-1
-5
-1
-1
-180
11
-9
52
-25
0
22
-156
99
-4
4
6
4
-14
30
83
-1
0
5
-65
28
0
8
4
-9
15
3
0
0
0
5
2
-9
-35
55
-1
-4
1
7
9
2
0
24
2
-36
66
208
-2
1
28
0
6
6
-10
-1
12
26
-76
3
-5
-2173
-6
-13
0
3
2
-376
-85
32
5
9
1
14
-2
-6
-13
0
40
-11
4
6
-22
42
63
37
13
0
14
-18
112
-29
-2
0
-1
0
1
167
-83
176
30
6
298
0
-3
1
0
3
309
0
2
-29
19
75
2
-6
9
-4
-274
75
0
2
-654
30
-26
-10
7
-4
12
-44
0
-66
2
-10
87
35
-71
-21
1
-3
1
1
4
4
361
1
-7
-1072
-272
7
-2
0
-102
-434
3
56
0
-9
6
0
9
-22
-1
1
2
0
13
1
-2
3
208
-5
-49
17
29
11
-2
15
2
-2
2
2315
-11
68
85
-2
1
-1
4
0
0
1
6
0
-5
-219
68
64
-4
4
4
-35
1
-1
-6
6
-181
3
-121
6
-2
-170
0
-2
0
17
-2
1
-5
-13
-2
18
-5
9
-5
-1
32
-2
1
-157
0
-42
-1
-9
13
2
-86
160
-127
5
-160
3
-4
2556
-183
2
-20
-15
-2
-2
-9
-5
-5
30
-11
89
29
0
54
-102
12
4
427
-14
1
27
13
8
-16
-144
4
-10
-7
-76
31
63
9
4
6
-31
-1
2
-7
-27
-36
24
-6
-2
7
-4
-39
-11
61
3
-9
-121
-13
0
0
4
43
-115
181
-49
-2
79
48
0
1
-18
-1
-1
18
-173
23
0
-7
43
-4
2
27
-195
276
1
-83
2
8
6
0
-4
-277
46
-246
-6
11
-10
1
23
29
0
0
8
-8
-7
-5
24
15
0
9
31
8
1
0
0
-10
63
3
26
-4
27
-1
-855
0
130
9
-6
84
-31
-1
-20
1
33
-16
-18
92
14
-14
6
38
-2
5
8
-1
63
-12
0
-178
-14
-77
-81
-142
11
-16
42
-115
-3
-10
-7
-2
37
-9
1
4
34
-53
2
-1
12
-61
-71
-2
-34
51
2
-37
-28
1
3
0
8
-1
-1
60
-5
106
5
-2
-3
-1
-3
4
-22
0
-394
-1
-162
-8
2
33
826
88
22
-6
-2
131
-4
-174
24
12
57
-39
0
3
-1
-1
3
2
9
4
1
-204
1
-46
760
13
18
0
0
-1
-281
0
189
62
4
-175
4
152
33
1255
1
-14
3
-7
-3
-134
-41
9
0
1
218
9
36
0
801
1
0
7
0
-11
56
-9
491
-1
74
-138
2
2
1
2
386
-1
-5
8
13
-26
-4
-923
4
-7
10
0
14
-3
-9
-5
7
-2
-8
-11
53
48
-64
-16
-3
-349
-50
-3
3
50
18
-704
2
-29
0
-51
3
-139
3
1
-1
0
186
0
-10
27
-4
5
-8
6
1
50
5
12
-2
405
-22
-4
0
0
59
8
34
1
-93
-6
-6
0
0
-1
6
7
218
2
-45
3
-2
969
-1
67
-8
0
0
109
-44
-8
-4
-99
-1
1
4
-55
18
0
2
0
-216
0
0
3
14
49
16
5
11
6
2
356
0
5
-2
-202
188
8
-47
-1
24
-2
-3
1
42
-321
-2
1
-12
0
-250
-5
99
0
0
-7
-36
0
-196
601
39
33
0
28
-2
-303
431
-24
8
-2
21
7
-10
-8
-24
4
-6
1
-38
77
-8
1
-7
-485
-1021
-12
0
-11
-456
183
95
21
1
0
-9
1
-33
0
7
0
71
-9
-1
0
-2
-8
0
26
73
102
13
14
-11
0
-9
-309
26
0
1
-203
-1
-10
23
2
-2
399
-5
32
-14
-2
44
1
-20
-58
-5
71
0
-35
76
4004
-8
3
-5
2
0
1
-82
-4
6
-35
-42
10
162
325
1
-2
-10
0
-2
-54
-175
-6
2
-288
84
2
75
-3
0
-97
-121
25
-1
1
-7
-178
-41
1
2
-62
-2
-77
-2
-8
3
-32
-1
291
115
-1
0
-2
-17
0
-17
8
-56
-7
-236
14
92
106
4
8
0
30
3
-87
0
37
2
-311
5
-1
-1
87
0
-40
0
-37
-15
2
-93
-17
-2131
-4
18
2
7
0
-95
-3
-2
-84
528
0
22
-57
0
-127
2
0
-115
1
68
8
1
-20
264
-19
166
5
-2
0
1
0
18
49
-69
50
-2
0
-5
-1
-18
-9
2
-28
-3
160
0
9
-25
0
797
-2
-4
-62
2
5
1
0
129
0
6
-240
-1
-299
-72
56
-5
6
1
-5
-1
-1
1
105
12
0
-27
142
12873
1
-4
762
523
0
-7
-72
-1
-4
-25
-30
92
4
-460
925
7
-226
-1
10
1
1
-3
14
-27
19
6
-36
408
384
0
-840
6
-9
52
-2
10
5
13
-2
-76
28
0
0
5
-1
-1
1
-68
-2
-1
-1
-15
62
-6
-95
-42
8
2
9
6
-82
63
2
11
0
-44
0
2
1
10
1
-12
0
0
42
-187
25
-5
-36
-65
-49
-1
9
-3
36
-3
5
-5
40
-5
33
-6
11
-3
-1
74
336
-3
169
4
0
6
3
-1
22
11
216
115
23
-145
-20
33
-6
23
1
-1
0
10
-10
-3
5
-8
-1
2
5
0
-3
-27
192
-23
3
658
-23
-798
1
0
-20
-335
-152
-1
46
27
3
7
0
-23
0
11
-72
-118
83
-3
1
24
-2
15
-1
16
-322
519
-6
2
-19
-5
1
385
5
1
17
1
2
3
-57
587
2
0
15
-4
41
4
-2
3
-3
100
-11
-245
-106
366
-37
273
0
99
-67
-146
-527
-7
2
-3
17
212
0
6
-1
41
-4
22
0
0
32
-9
2
1286
-36
295
-2
-4
0
3
0
1
515
-6
3
190
-3
57
-1
0
707
37
1
14
-9
160
7
49
-1
-1
-14
0
-6
11
-11
-29
44
5
2
70
-3
891
7
50
212
-6
-17
-16
0
8
5
-15
-47
1
-1
1
481
-5
-186
5
-8
123
15
769
0
-6
9
0
-3
2
-6
-14
40
-13
1
-15
-7
9
141
-300
-61
21
22
1
0
4
-2
-9
-6
-1
-12
14
-53
-16
117
8
58
-4
2
0
-158
-123
-4
-28
-177
12
359
17
-169
0
-572
-13
-3
-1
83
34
-4
157
-369
-7
15
0
10
-12
1
-34
-19
-2
2342
5
1
115
0
-2
0
1
19
-4
0
-5
14
-2
7
-5
-1
-2
-6
0
-26
108
1
0
-161
-1559
41
-2
16
-7
5
20
0
-200
2
-345
-3
-31
0
-144
0
60
54
-3
-6
-3
-86
31
-5
214
1
-6
3
-14
1
2
-1
1
7
2
1
445
-297
72
-52
-5
-2
0
1
92
6
50
249
0
14
-10
31
-5
-838
15
-60
8
3
18
-46
-616
-9
64
11
2
-60
73
-269
-42
-1
-199
-5
-157
1783
-26
5
30
-2
27
-352
11
1
-82
3
24
1
-4
1
-5
-18
403
68
10
1
9
4
-268
-20
1
-2
3408
0
-70
2
6
-2
-40
-3
-165
-18
9
4
-57
-8
-60
-7
-3
12
-2
-238
8
1
14
7
363
-7
-23
1
-1
24
43
3
14
1
0
-69
25
-2
-10
-7
63
-37
6
-4
-25
-9
4
29
-18
0
-37
10
12
1
-6
16
0
5
34
-909
0
-83
8
2
-33
-9
-1
47
-4
17
582
0
-7
0
-142
-11
193
0
17
-21
5
-1
-4
-1
7
12
0
-7
79
-18
50
11
0
0
-6
-64
3
-15
-33
24
-150
-369
-1
-15
-40
2
2
1
-3
6
-2
2
15
41
-3
68
4
6
-643
-58
43
22
-20
2
-28
-2
-5
2
-62
22
158
-56
-9
2
0
18
151
208
0
-107
7
-3
-348
2040
1
-6
0
1
5
18
77
7
-26
7
64
-175
-4
51
-17
-8
6
-162
-362
-4
2
3
64
111
-9
-6
-324
4
6
2
0
14
5
5
2
-4
-2
-26
-123
3
-1
-7
7
0
-304
1
3
-1
28
5
15
0
-8
-119
56
14
-1
2
0
4
-2
-2
-4
-1
455
-99
0
0
-2
8
3
2
16
-1
1
-63
80
-95
-1
-17
-1700
1
-15
-48
0
4
37
-106
-269
5765
-1
-3
-7
9
1
5
-11
0
-16
-12
-1
1
26
-10
-6
0
3
17
337
-9
0
-281
14
42
7
-3
-1
-9
27
1
1
3
293
-239
-214
-8
7
107
-9
-4
9
-13
-1
0
-5
1
-75
-4
-17
-45
1
48
8
85
1349
-4
6
250
20
0
1
4
41
6
-2
-14
-903
0
-1
6
2
4
70
-34
-3
4
-6
-4
1
-307
0
-2
27
18
101
10
0
0
-2
217
5
-20
-194
4
-8
5
177
-2
34
0
-15
62
0
69
80
6
0
6
-68
0
172
-93
256
35
0
18
-16
0
-46
-2021
-255
43
156
69
-60
-5
111
0
-22
-1
-1343
0
1
-790
-2
3
75
-10
-26
-20
-3
40
0
-9
32
-1
5
0
1
1
-1
-1
4
-1018
0
-30
1
-96
-7
19
-5
4
249
-8
34
114
-18
-24
-831
5
-12
0
0
-3
1
-112
-796
-1
1
0
-65
-3
-6
-1005
-118
59
0
5
-1
0
13
4
1028
0
2
-3
-7
0
170
1
35
8
10
0
-1
5
-3
4
5
4
0
0
5
-382
16
17
-4
6
-11
-5
1
-120
187
-285
-1
-21
-64
5
-3
844
0
-1
-10
-2
0
-1
10
-4
-8
-13
-3
96
1
-29
13
3
32
-12
1
-7
-2
7
-10
-1
-1
1125
9
17
1
-1
-19
-1
0
-12
-1
-108
0
0
-4
14
-80
-6
-6
-83
28
-2
-8
10
-5
-25
-62
2
0
7
-10
0
1
0
-143
43
-2
-49
-13
-442
16
1
-19
142
-72
40
-10
-68
1
-1
-4
-2
-1
-823
303
12
-33
0
0
11
11
26
-21
39
0
0
17
-125
1
-17
3
1344
119
56
21
17
1
-25
16
0
3
3
11
-8
10
-1
9
188
-6
-3
2
-1
5
-8
9
3
-10
-31
0
-2
383
-164
-19
-1
-1
13
-194
254
2
-33
-2
52
-2
88
-67
12
-1
-1
217
-32
7
-336
20
-4
7
5
3
1
-1
0
1
-36
343
10
8
179
6
440
23
0
319
-1
2
-37
0
-84
3
220
175
10
11
17
28
-437
26
-20
17
18
-1
3
-65
0
1
-4
76
-1
-13
9
1
-55
11
1
0
20
0
0
-1
5
18
469
-15
59
-1
-1
28
-6
-568
6
-3
-13
-185
-3
-19
-3
-303
-11
0
192
13
2
-98
3
11
1
0
-4
43
-1
1452
0
1
-78
-11
-73
53
21
39
-179
627
200
-42
-4
4
-1
392
-6
-79
-12
-6
3
-40
-3
-20
1
0
-16
-5
-198
0
3
9
-6
-4
24
0
130
33
-1
38
-32
0
1
-18
-205
17
9
-27
-745
-1
2
0
6
-222
-334
-27
-6
-4
0
-50
-11
-1
-3
-556
-360
-2
0
13
2
45
-5369
-53
-1
-283
724
0
6
0
-1
-9
16
9
-58
229
-101
27
756
21
6
9
-5
3
29
418
-57
1
1
-298
-6
218
-2
-5
1
53
9
-3
15
2
-213
-6
-30
25
-57
-1
-4
32
-95
-2
-42
-1
11
253
-5
257
-12
-1
0
-5
-2
480
20
-10
-7
1
6
-4
1
-21
0
0
-8
4
-8
175
-10
23
3
-795
1
-6
-111
1
240
40
-3
-43
-2
-8
-1
0
-69
159
6
1
16
-4
17
3
6
-82
-120
5
2
-4
560
-280
1211
177
-36
0
-5
234
-10
38
-73
-2
198
-7
-9
0
-115
-1
-2358
0
8
0
94
27
0
363
0
-1829
15
-1
-171
-10
-63
-4
-39
-56
-4
6
3
105
0
4
-11
-2
-1
76
157
80
2
-11
8
564
-24
-2
-58
-2
-7
1
1
-55
-6
-1
-12
3
1
8
-43
-4
-30
114
-73
-5
-1
-10
-7
0
-7
-1
32
30
-20
1
-1
60
1
-4
-272
0
-28
2
8
-4
-69
-173
-1
-12
-2
-2
337
-9
-5
0
29
-7
-6
-17
13
0
-90
-3
54
2
-19
8
-3
9
546
304
35
2
7
0
0
597
4
-2
-4
-2
0
1
-5
54
0
-2
14
4
-252
2
-28
27
43
12
64
-6
233
-4
-1
1
-1
-50
-23
-11
-6
33
-1
4
-14
0
1
4
-209
-1
8
0
43
0
-36
25
0
2
15
-99
3201
-2
31
-4
43
-2
-37
-254
-14
-209
38
1
-5
7
-1
0
-161
-29
-52
-3
-4
32
151
-1
79
5
1
66
11
252
-4
-20
9
0
-6
190
3
-5
-1
26
-2
-2
-3
7
314
46
5
-3
-4
1
-13
0
10
13
-2
-23
6
8
2
1
6
1
-16
-5
190
-123
4
4
112
-2
0
0
-1
103
-53
-44
1859
0
1
-7
-2
2
9
-1
6
4
4
-59
-76
6
-4
298
14
0
0
231
43
1
0
-3
14
-27
152
7
-3
-13
-110
0
-17
64
126
1
-61
8
12
-3
0
1
-19
1
15
9
5
34
0
1
-1
96
0
-2
0
-289
13
-11
6
-6
2
3
4
-11
6
-2
2
2
-1
0
-307
105
0
3
-3
38
5
427
-15
-13
-3
9
135
0
-2
0
-1528
-4
0
0
717
-49
3
1
-2642
164
570
-40
-2
17
0
0
-11
47
-34
2
-3
-7
0
20
19
1
-195
-550
92
64
16
-20
-50
1
27
0
16
-10
-12
0
-5
-254
1
3
-314
0
-1
-32
-1
-5
-1
-134
345
0
-3
16
-5
8
353
-17
-7
-14
20
-173
1
-298
10
-8
7
55
1
0
3
1
0
-72
361
61
93
-8
-8
-4
4
0
-10
-339
0
-6
-2
-1
13
-3
-117
-109
11
-151
3
1
-403
-26
19
-26
3
19
1
18
183
0
-1
4
5
3
0
581
0
-9
0
0
-144
-9
-1
10
-330
4
-3
179
1700
5
3
5
-41
142
0
15
-7
-136
44
-1
-3
-11
5
3
-1
34
-1
-5
14
11
123
-5
53
2
-54
24
0
-1
0
-5
-77
-90
32
25
0
10
-2
-43
-12
-1
0
82
-9
104
35
10
2
4
-1
31
0
10
-1
-1
-1
0
-5
5
1
143
35
-1
-73
-30
3
45
-1
76
1
-34
18
-2
1
-3
0
-4
106
11
134
8
-350
214
-461
-538
0
-183
-11
44
-2
-2332
-19
8
219
-19
41
188
16
4
203
-200
-136
174
-60
19
-4
-74
2
0
-24
28
72
-1
-1
1
-1
123
2
-9
7
195
-10
-46
31
2
1
-16
2
0
240
0
9
-178
1
11
-784
-56
92
77
3
-30
126
37
-17
3
1
-1
1
-520
-11
-28
-1
-185
58
-24
0
1
0
278
28
1
5
0
7
-115
28
-5
-4
4
9
5
10
-51
14
-18
1
9
3
12
-17
133
16
-3
0
-1
11
1
-28
22
-1
-2
-19
-2
16
-118
-9
430
-1
104
-11
-17
12
-3
-1
-42
0
6
2
1
190
33
6
35
2
0
-3
29
5
-2
0
-1
-1
-9
0
-91
6
-48
0
-5
-9
-175
-40
1
0
-1
19
165
0
1
0
-208
320
-341
-8
-7
29
2
-2
-2
1
13
3
5
-21
1
-501
0
-2
0
15
-1
0
1152
0
128
-1
2
-3
-11
0
1
59
130
-535
61
9
-14
-104
103
1
-27
-12
1
2
-8
126
109
0
17
20
1
-60
18
6
0
-32
-47
-204
-60
0
-8
11
-248
-4
-4
-132
0
-3
-7
-7
1
6
-125
8
8
-43
-2
6
-2
-1
1
2
58
-29
20
2
13
-8
36
8
53
26
-109
11
1
6
-39
14
0
-3
17
28
2
-8
0
40
-67
-17
-4
1
13
-42
3
22
62
4
14
0
-21
-3
0
-20
5
84
61
3
1
3
3
-45
-39
2
-9
-3
3
-3
15
-162
-34
-5
-63
-397
-8
105
46
-250
0
0
3
-9
6
-2
-3
-2
1
2
1
16
4
9
0
-577
-8
21
-265
-1
37
-8
-3
159
-185
-639
-1
-65
7
0
49
0
-1
0
0
0
-5
20
-271
-38
14
171
-20
-67
175
0
2
-43
11
0
36
-63
-4
-2
22
0
2
-12
0
1780
31
96
-1
213
-35
-212
-396
147
-85
5
13
170
2
24
1
-5
0
-1
14
-15
0
-12
3
-38
0
-97
-5
0
10
53
6
-4
-21
-1380
-22
-334
2
37
-15
25
-72
12
1481
0
32
157
-7
7
-4
-3
284
1447
9
-104
5
-3
-518
-1
-1
-28
4
100
0
1
3
147
75
1
-134
0
499
-3
-378
1
-7
27
0
4
215
290
-673
7
-12
-150
0
-3
-8
2
1897
-206
281
0
-62
-4
-1
-270
-17
178
137
8
2516
-1
-33
-18
2
0
-17
-79
1
-100
1
-153
178
-10
19
245
1
6
71
-10
-8
3
0
178
-356
-21
0
10
2
-21
-4
-13
1
23
-3
-266
87
-3
2
36
-5
-4
-2
2801
1368
2
-210
19
2
6
15
-23
-23
1
1
-1660
-19
6
1
-15
0
18
-1
124
9
69
-2
-139
-5
-2
57
1201
-39
-401
3
-1
6
45
-2
-42
27
10
0
-3
4
56
-2
224
3
-28
-7
33
1
615
7
2
-2
131
-1
83
2
-3
-1
-9
5
96
7
1
3
0
-4
30
-179
-1
1
4
0
0
-1
14
39
25
288
2
2
0
-204
-19
-4
-237
90
11
-32
-120
30
-429
3
-1
-14
35
4
2
4
26
-81
-11
18
-17
-44
5
-15
-5
1
19
-1
-5
-19
-6
-104
-9
80
-6
-22
-18
0
0
-2
49
11
-107
-40
18
13
1
-2
-24
38
2
-6
-1186
0
-1
-1
-5
-1
6
-7
24
-1
3
-1
13
8505
0
2
-63
1
-18
-123
14
-1
-108
-2
-11
-4
-2
-58
-171
-72
0
269
-7
7
12
3
-108
0
13
-9
12819
2
3
-30
73
5
0
0
6
-2
6
23
1
-8
29
-1
-75
-115
1
59
17
-34
-2
-80
1
7
-2
6
2
-601
-3
28
156
-1
-246
3
0
31
183
24
-318
2
67
8
-80
-352
5
-11
-4
-1
-27
-1
-125
-2
-169
-1
-12
-1
-15
10
58
-27
-9
149
57
-5
361
0
19
-276
-3
-1
33
-3
-3
0
-16
-4
-182
2
-18
-60
-2
2
0
13
1
-2
0
-38
1
-7
109
-90
0
-1
140
11
-5
81
4
-448
-3
6
0
22
9
0
12
-72
0
58
-1
-379
-27
-45
-267
0
-100
-29
-18
63
-11
-9
0
-13
0
22
0
2
535
-4
-72
-56
0
17
4
25
2
-11
-43
-3
-9
-55
1783
-1
142
3
-10
45
-34
211
-13
-2513
-2279
-14
-11
6
32
23
257
9
0
-7
157
1
-6
-11
2
-1
18
4
5613
0
-2
-1
-238
-2
4
1
1
8
-613
0
-124
-235
0
1
-2
54
0
6
-395
-136
-2
0
-6
15
-13
-56
24
-3
-3
0
0
3
-21
-84
-1
-43
-3
-118
5
-4
0
0
6
-36
12
-1
-1
-364
-5
4
1
81
-2202
-57
-73
0
-2
-1
13
-1
-26
-882
-39
-47
6
128
0
-666
-250
-67
13
-1
-1
21
6
-12
1
1
1796
-21
9
-103
-12
-37
235
1
24
-12
-4
-3
-23
-61
-1
0
44
21
-3
-371
2
9
-3
143
-20
-4
-85
154
41
-9
-2
-6
-101
0
-111
-16
0
2
-4
-113
-9
75
13
2
1
239
-54
83
206
0
-4
-1
0
5
-1315
-23
1
653
702
10
221
0
3
-26
0
52
-9
-1498
0
0
15
-3
158
0
8
-87
277
-7
11
0
-1
-1
5
0
13
15
-5
3
-4
2
-15129
1
20
5899
0
-3
1
4
-18
12
-1
-26
-108
8
-172
-4699
1
30
-4
-1
-3
1
1
-11
0
-110
8
165
-11
-17
1
-53
2
-47
7
-20
0
63
19
459
-10
4
52
91
0
4
-21
-14
54
39
44
3
-2
0
-16
28
-12
9
-12
2
0
1
-64
-9
2
-4
1
353
-33
2023
31
-1
2
5
50
-7
-9
-42
-1
4
-4
-12
5
-112
-74
-3567
5
33
6
17
-236
-6
0
-492
0
-154
0
22
0
17
4
-151
2
-816
-190
248
-808
62
-1
18
-4
3
-10
-79
-3
1
3
-4
10
2
-15
360
-5
133
1
-4
-8
9
-87
-1
27
1
0
4
1
152
-532
-3
17
-8
-21
-4
65
20
0
-1
-2
-17
-86
1
-81
-17
-569
1
-5
-4
282
10
-86
384
16
0
28
19
117
177
0
0
-3
15
4
-7
-24
-4
22
16
-2
9
0
-5
-4
-2
0
34
8
0
1
-492
0
1
-4
8
7
-8
0
2
66
-5
0
80
3
0
-318
159
1
-43
-1
2
-11
-1
-2
-3
0
2
-30
9
6
-2
6
-24
0
-8
-29
-16
-8
16
1
-150
-216
-1
85
-5
-1
-59
4
-68
6
6
-8
27
31
-37
-45
0
-3
-1
-1
54
-1
-3
-2
-1
-8
-185
-178
-168
2
0
3
-1
23
36
0
9
-3
0
-1
364
-2
-24
1
1
-3
-65
1
1
-3
17
-4
181
-2
0
-5
-211
3
2
-8
-3
-758
9
520
-3
-2
24
-68
10
-80
1
26
-10
-13
-9
3
4
-52
-263
-1
1147
4
67
-94
13
-1
-5
38
-1
-8
-1
8
23
33
-85
272
729
60
0
12
0
-137
-2
-219
4
-84
-49
79
-9
-5
-360
-2
61
-1
-3
0
474
-18
-15
44
-60
439
3
-4
-34
11
-1
0
3
14
9
-19
19
0
-90
7
69
3
-2
-4
21
29
2
242
4
-2
-2
-4
-6
2
-6
-5
393
-10
-469
6
-109
9
-3
-1
7
1
42
4
4
-14
-20
-4
-21
-15
-7
14
4
481
2
290
68
70
1
-85
103
5
-7
44
19
0
15
231
-6
42
-81
0
-456
-1
24
4
-1
-14
2
-13
-3
-127
-2
84
-3
80
-4
-43
-102
-1
-55
5
-20
36
0
58
-2
-16
-118
-6
27
2
0
-9
-10
-74
-1
-21
1302
65
11
-1
-20
-575
-5
-5
-5
0
-719
233
-2
567
3
0
-8
-160
-24
346
-6
-7
87
-34
17
-8
30
91
615
4
-17
21
2
-1
-22
-33
-3
35
127
0
1
-3
18792
-1
32
-1
287
-13
2
-1
-5
-365
-49
-7
-4
-1
9
10
-1
4
108
-2
66
60
-38
8
-113
-45
2
-10
-1
1
11
51
-1
-18
-7
-10
-113
4
-17
-426
-1
-245
66
0
-11
0
6
-11
-11
9
10
0
0
-102
-41
35
0
272
-3
32
-9
1
2
14
0
1
-1198
0
-27
-8
-7
-59
9
8
0
-15
1
90
0
0
-3
216
-174
-3
229
33
-5
-1411
9
3
-13
-2
2
-4
11
0
-175
-11
-4
3
878
-178
-9
-159
1
-8
6
-37
50
-4
-93
0
20
127
5
71
1
-2
2
66
-6
7
-3
1
-11
179
3
-1
-2
0
-1
40
130
10
115
1
33
107
-73
2
-5
-2
-20
3
-507
10
11
6
-22
52
-72
-4
1
68
-702
-179
-7
-4
-24
0
21
2
-1
-3
27
-1
-163
-92
-4
-10
-5
4
-1
2
8
25
3
9504
11
64
6
9
8
1
0
-3
15
25
8
70
-6
-4
6
-8
393
45
-23
5
-1
1
4
6
221
0
-5
-35
-9
9
3
-261
8
-7
26
0
-2
-75
-3
1
12
-3
0
57
8
-2
-3
0
-11
34
2
0
18
1
6
8
-118
-30
-2
3
-10
-5
-5
64
-28
-16
0
2
-5
11
-826
6
-2
-30
-39
-40
0
-52
26
6
-17
56
0
-1
-5
0
-2
13
-9
-63
-14
-14
-51
2
0
-5
3
118
-1
9
0
20
-12
-2
0
1
2
213
6
-4
-15
64
1
-7
2
-8
-1
9
4
-2
238
-42
16
20
14
0
-8
13
-23
-2
-138
2
9
-18
-22
-5
122
146
314
0
-51
-10
5
-9
-34
81
23
-16
5
-514
-8
0
33
-14
-1
42
-3
105
-893
64
-2
0
85
-11
9
86
2
-14
-2
0
27
-59
-6
-42
6
-77
0
121
37
-11
-2
1
-36
3
-43
-1
1
-5
68
31
-10
14
1
-82
0
-1
57
0
-53
9
1
0
-7
3
50
-10
0
2
-52
16
-318
0
0
-312
0
-123
-2
97
0
112
-55
1
-50
21
0
1
-112
5
19
58
-47
8
-34
0
0
8
0
-189
-2
-10
166
-36
0
5
-733
-5
1
-338
-5
-26
-43
1
1
-19
-9
99
214
4
13
0
519
-32
191
-1
12
-7
-2
-1
-4
-299
-37
5
81
5
1
-8
0
0
92
3
-9
21
34
-1
2
-1
10
3
-7
0
12
18
-4750
0
-28
6
-371
0
-24
29
116
-5
15
20
-40
-1
-4
0
14
1
-19
10
27
-66
-45
-1
-15
12
17
0
0
0
-3
28
3
-1
39
239
-16
-27
99
2
1
-1
-533
11
-10
-20
602
55
25
-1
-1
87
-9
-1
0
4
-5
72
-35
-28
3
10
32
-23
-4
-3073
0
1
-37
0
-609
-3113
-162
0
-2
38
-115
104
-16
5
292
-6
-33
1
-16
10
-7
-6
3
6
0
15
3
0
0
-407
-18
493
12
-33
185
-14
-1
-12
-3
-12
-4
11
1
-101
1
-81
-75
-2
1
-11
963
-5
-1
-330
13
15
63
3
-6
1
218
12
-1
0
30
-333
-9
845
185
11
0
1409
-7
691
-4
-2
-65
-4
-3
13
557
14
-28
35
-6
-386
-5
-3
-24
13
4
-1
-3
-4
-31
-33
-2
-1
97
11
0
118
15
0
0
1
5
189
-5
-114
2
2
-3
21
4
117
-73
-43
24
1
-9
7
-341
30
-17
-10
6
-22
-1
-89
5
1
18
-151
-2
-1
-13
0
-7
1
11
4
-7
0
7
9
-69
11
-5
-11
1
-1
2
-7
-67
1
0
-2
-3
26
27
0
3
58
1
83
8
43
2
5
0
0
-9
17
0
0
-994
-280
-2
-4
1
6
2
-1
32
6
-4
0
54
-2
-1
-21
-22
2
-24
165
123
4
5
14
-9
-124
31
-32
0
-4
1
-524
-287
-1
-64
15
1
1
-9
0
907
-3
-7
44
-3
20
24
-6
-6
-74
-29
-5
21
2
-2
-1
26
-2
110
-3
-34
-3
19
-17
45
4
-2947
10
-1
0
-19
4
0
-7
7
-4
6
1
-13
40
127
-17
25
-4
3
0
1069
4
-1
-12
18
2145
66
3
-9
5
35
54
3
11
6
123
4
-2
4
66
14
8
20
10
28
0
0
1
-21
-5
7
15
1
0
2
-4
-1
4
-52
-46
-1
2
-1
1
-1
-1
-9
-48
31
111
2
-1
-2
-1
-113
11
-1
195
-6
-74
-11
-72
1
7716
-12
-340
54
-1
126
3
0
386
-3
0
1
11
131
4
-1
5
3
111
-20
3
-306
97
-76
5
12
813
1
7
169
0
788
-20
31
5
-10
-37
2
67
-1
-1
74
1
3
-8
-82
-1
42
518
31
-143
-2
-39
12
2
18
14
-13
11
6
1
0
-3
-18
-3
350
0
20
-1
0
1
5
5
-7
-1
-17
-3
38
-1
-9
-14
0
5
-601
-36
45
8
-62
-68
2
-3
0
-315
3
-7
-17
-12
-132
0
14
-1
1
-3
4
0
-94
-15
0
29
2
-1
0
-10
51
-4
3
-15
-9
-2
-11
20
426
-3
9
346
1
-2
470
-9
22
0
7
1
5
-2
228
-3
-63
-2
-3
4
8
-3
4
-42
-162
-270
-203
-7
5
11
0
2
-254
-5
346
-4
4
11
-124
0
-13
-82
-407
46
8
74
-1
22
-1
100
-73
5
-9
10
2
131
27
-664
5
570
-18
-14
-1
-5
-124
-1179
-212
-4
-207
4
-5
1
0
34
0
10
0
1
0
-2
-3
11
-518
-98
-28
-2
0
-9
-11
0
-346
3
8
-83
-175
1
-20
1
7
-8
15
-94
-5
2
2
0
0
-47
4324
2
-28
-34
243
0
0
662
-1
140
-2
2
329
12
365
39
24
6
3
1
-5
0
5
155
-1
16
0
-83
116
-26
2
-1
-148
5
-8
-5
34
-179
-77
32
-11
4125
-26
2
-5
-3
3
-5
-2
54
17
1
0
179
-4
-177
1
1
-7
-24
0
-3
1
12
44
120
56
-18
-11
-1
5
-1
216
178
0
176
-1
207
-35
-90
-38
69
-8
403
-8
0
-27
-2
-4
-1
-4
4
27
-1
-32
18
-44
0
9
-544
-207
-132
3
-7
-3
495
18
124
11
5
-401
11
12
0
-654
-42
-1
-5
-87
5
84
-2
2
-5
-53
0
14
-4
0
76
-21
0
2
-5
1768
-103
-25
-1
4
-2
287
-26
0
3
17
5
10
963
34
-1
3
-1
86
16
31
4
-5
-11
44
-12
-1
-286
-3
-25
2
0
-2
-36
0
-306
4
-8
-77
-63
16
8
24
-188
0
205
2
-11
254
-6277
144
-2
-5
-287
-2
1052
4
113
0
-4
1
20
-4
-2
-2
-23
1
-3
7
-2
-70
0
-1
-6
16
2
-7
9
1
1
284
-3
-336
1
0
-5
16
-40
68
5
2
-131
-3
3
790
-5
30
1
0
10
3
-91
1512
7
-1
23
38
690
1
-114
0
-176
0
0
-2
0
0
-29
-5
-307
0
9
0
0
177
-1
-135
-1
269
-73
13
-3
5
-14
-47
-18
-238
-18
124
3
0
214
-20
-9
-7
-4
23
-22
-5
0
-34
-3
3
0
29
-1
24
-320
25
2
-476
-26
-6
-99
102
-26
1
-31
0
-54
-6
169
-89
-10
2
18
-36
-2
-4
0
-26
14
9
1
1
3
-11
-1
-269
32
16
7
-3
-8
-145
-5
5
67
0
-35
0
-91
176
10
187
8
-100
-16
4
8
-1
-316
1
-1
15
-397
37
-14
1
13
-3
1
85
-4
-141
-2
0
0
-8
6
60
0
120
652
192
-31
-17
39
12
6
87
5
-10
-2
8
-5
0
-2
1
-20
105
-75
6
-22
166
45
-1
3
-1
-5
-2
7
35
13
-8
-1465
-25
2
-18
-24
0
-106
165
-1
0
6
-2
-58
1837
106
-150
8
-8
-150
-2
-2
-49
1
-254
-15
71
-1
223
634
-1
5
198
-6
0
3
-183
2
3
-353
-1
-16
2
-55
-47
73
-33
22
41
-2
6
0
149
1
-157
27
-1
0
0
-9
-1
-2
2
2
-416
20
42
-3
14
46
-7
2
6
-1
1
3
0
1
48
-13
-116
0
-1
-2
102
4
-305
-2
60
-5
-10
0
0
68
-240
-8
-1
63
-1
-1
-1
1
11
-5
0
14
-1
405
0
-2
2
-283
0
-555
-11
23
-2
26
26
-168
-22
-75
-2
0
-186
2
-2
-393
-2
5
-25
1
-254
0
-6
-12
-1
-1
-66
-5
8
2
-9
12
0
0
0
-2
-37
-223
-6
-36
1
-3
8
0
1
4
6
8
-3
18
-2
13
4826
341
92
10
-5
16
21
-167
-20
1
2
0
-1
-2
-1764
3
-14
33
-133
-1
255
-1
-151
201
3
-6
0
-54
-2
-7
9
-358
33
-42
-2
-64
2
0
3
4
-3
621
-9
26
-2
-3
-4
-2
0
-3
1
0
-10
0
2
-565
-94
23
1
-104
-1
-23
2
-1
45
48
-1
-4
0
14
16
-1
7
-1
11
0
14
-3
1
-51
-7
-17
14
-27
-590
174
-2
-21
-57
55
-13
11
12
378
1
1340
4
-479
-6
6
132
32
-7
0
0
-41
0
-269
26
-12
-7
6
4
1
-824
0
6
-6
-111
8
-9
-274
-5
1
1
-1
25
0
-1
20
3
-3
-5
7
1
-1
12
7
-1579
-9
11
-1
-1
2
2
189
-11
-3
175
6
-41
7
41
-104
19
5
5
4
-8
-1
0
-1893
-966
-148
55
6
1
377
-5
3
-4
11
2
-1
1
-30
-11
11
0
-122
3
-1
-6
3
28
-773
4
-12
234
-61
1
57
-8
-5
0
80
-5
-166
6
-10
-23
43
-2
-1
-48
-103
-12
0
-25
176
-39
-15
8
-21
-4
-139
-46
-381
-27
47
-1763
-193
82
-4
-1
-30
12
4
3
-2
-191
-39
-2
9
14
-2
3
7
308
-2
89
-3
19
3
2
19
0
20
-14
195
50
105
7
32
5
1
3
-48
-34
0
-1
10
-56
-121
-294
1
0
26
4
20
0
14
-30
-333
-61
-3
0
1
0
0
-2
-65
-188
0
1
11
213
-1
0
-4
-2
44
1460
-4
95
26
277
12
-31
12
0
-113
30
-7
13
4
309
-2
-1
-13
1
-28
-2
4
-556
1
-5
-1
-114
-11
-12
-27
616
-21
-43
57
0
-1
5
100
-3
32
-16
-66
-1
317
0
-3
-31
1
-2
3
-18
7
-3
22
-11
2
1
6
60
-18
25
-1
0
-217
3
-1
0
-4
13
87
2
-4
1
13
15
169
-11
-1
103
-16
15
4
11
4
0
9
0
-3
-461
139
-2
13
-1
-10
1
-8
-5
17
-37
3
0
-1
266
93
-8
-1
-89
-384
70
47
-26
0
-24
1
0
34
0
0
5
11
8
-12
0
-2
1
0
1
355
27
1
5
-113
-8
-1
0
-1
97
232
0
-17
-2
-2
-3
1325
0
4
1
-2
14
1
166
20
-1
1
1
57
21
-31
1
26
62
1
0
15
-33
10
-32
11
20
-2
401
3
5
3
2
32
1503
6
-2
6
250
-5
-2
-5
-10
50
-21
1
30
999
-4
-14
12
-8
-30
0
493
1
0
1
1
-4
-16
135
-1
0
0
-1
-8
-4
2
1
16
0
153
-121
-16
7
-22
0
-1
-1
-25
12
12
-1
-2
8
101
-103
8
-203
42
1
-1
5
247
179
-19
22
1
78
-118
4
-4
1
-1
44
15
3
6
-2
19
3
-294
-24
-3
189
-27
-260
-7
0
-15
-11
-7
-1
-3
-3
172
8
-328
-9
0
3
0
3
23
-1
-135
7
-113
2
23
-2
-2
-99
4
53
183
0
0
-28
-6
-82
-3
-25
0
56
-6
-1
0
21
58
-16
10
-54
0
0
-1
-5
1
-1
141
0
-215
-2
3
0
-45
-392
-5
7
-3
-4
17
615
-178
37
28
-159
-5
118
6
3
11
3
-22
-14
-3
1
-226
-16
1
2
-77
8
-191
177
-1
1
27
-369
-8
0
2
1
1
10
9
20
-7
3
62
18
217
3
-88
64
368
-9
70
-39
-2
6
2
-4
6
36
-38
2
0
2
-5
2
-2
14
0
0
-1
0
1232
-18
1
-12
-3
3
1
-3
683
30
34
1
1
-90
223
-221
7
34
9
4
1
82
246
0
-5
-11
-23
-6
5
3
-51
-14
-17
-10
-55
-2
14
442
-2
-18
-3
8
-57
-3
-1
-4
-89
-8
2
-34
-142
35
-4
-2
-3
451
-634
102
-15
160
2
10
-1
-63
0
-3
13
-142
7
152
-1
2
-273
-30
-7
10
-46
-1
2942
-75
-3
-2
-11
15
-9
-3970
-1
170
-9
2558
3
0
321
275
1
-9
-76
12
-1
-32
62
-15
0
-17
44
0
0
57
-172
-34
15
30
-288
0
-289
7
-1
-21
218
3
-1
0
0
-9
-203
0
39
2
-1
0
-61
17
-4
-8
53
237
-4
7
-30
-3
-4
41
55
36
-3
-4
0
6
0
0
0
-9
-2
7
-2
4
-18
-1
25
24
-265
0
-6
-169
25
2
-2
86
1
1
-2
-6
-137
0
-1
203
1
1
23
-1
-5
56
1
0
0
-3
-6
-493
18
13
-68
169
3
-20
-33
50
-65
-19
-2
2
-3
0
-50
-2
2
-159
-1
0
159
-2
4
-2
121
21
13
4
9
-1
2
1
-7
-54
47
-2
13
1
-14
62
40
-1
0
0
160
-14
26
0
-47
-1
1
16
3
33
18
0
2
-31
-4
-2
74
-13
-10
9
-15
-53
0
238
129
-22
-12
2
-5
-90
-2
0
17
-5
29
1
-11
0
26
0
24
-107
3
-2
0
249
-233
3
-25
9
0
6
-16
0
18
-94
-16
-1
0
-21
-18
292
217
8
-70
200
103
18
-35
26
-26
0
-135
-18
-9
9
-1
2
-10
1
6
-2
94
0
7
-4
1
7
0
0
7
-3
-17
215
3
2
-90
14
-7
-321
1
-1
-5
228
0
5
7
73
0
-1
31
20
2
0
1822
0
-1325
5
-1
8
0
-55
17
1
0
581
19
2
5
-16
-8
-23
2
-1436
-37
3
7
7
90
3
-1
4
4
1
-16
8
-1
4
122
-5
-10
-43
-2
69
0
-4
1
43
-1
-5
19
5
11
586
0
-1
-25
-70
114
8
-30
-6
-116
-1
-37
16
-2
-6567
-2
-3
-1
-177
5
0
1
-7
-33
-14
-1
0
-46
-158
46
33
-1
19
2
-8
-1
-5
4
25
1
-3
0
-1
195
1
-3
-280
-12
9
-176
1939
-1
-251
14
3
3647
-230
-41
219
0
-20
-4
-4
7
2
-3
1
1
6
-130
2
101
0
0
86
-5
10
9
-30
-1
-1
95
-25
-84
-21
15
222
14
-6
5
954
-131
12
77
2
312
6
1
77
-5
1
-77
0
-3
173
8
-89
-3
-34
-3
-10
470
2
-11
779
-5
34
-286
-3
-39
11
57
0
-1
-290
18
-11
115
-89
24
192
25
-3
-31
-3
-4
25
5
76
3
0
-9
202
13
0
60
5
-9
-90
0
57
-168
-1
-248
46
-100
-2
-4
1
-3
0
-93
16
4
0
-8
6
-2
-5
-6
-1
17
2
-184
7
17
-2
-9
-6
-3
0
0
-231
11
180
-10
-1
-17
0
12
-24
1
5
0
611
20
-56
-12
53
-13
14
-1
-414
-11
247
1
164
-31
1
-204
-15
0
0
17
116
1509
11
-4
3
-7
-536
-2
0
0
2
-7
-1
-28
0
404
0
15
-99
-23
7
-15
-8
3
-8
-146
-9
-21
43
-27
3
19
-22
-213
1
-38
1
5
0
0
3
178
401
-29
-9
172
430
2
2
-52
1
-544
0
-7
50
3
1
-1
5
-7
2
0
-4
-20
0
-837
8
-64
0
5
-400
18
-27
1
0
-2
2
6
2
-8
-4
59
-2
-426
1
-3
0
8
28
-2
45
4
23
0
-212
1
-5
-19
1
0
-5
0
1
-48
-36
-4
-27
-7
-5
0
4
-273
-311
-3
0
-23
-11
10
0
284
-18
-216
7
0
-15
-2
112
-4
0
9
3
14
-4
1
0
-20
9
52
0
-125
1
-5
-31
6
-11
20
-12
53
98
37
529
-26
3
-20
0
1132
-3
108
0
-4
28
1
755
103
2
-2
-1
22
-6
0
-3405
0
0
-69
-2
2
-17
-3
-28
-39
-86
26
-13
1
-25
-15
7
0
25
1
20
178
-2
-1
-1
48
12
55
-5
15
-46
-7
20
334
0
25
-12
-75
-1
-46
33
-15
-137
-65
17
-4
2
-620
3
-23
0
18
22
37
-6
3
63
11
-4
-107
0
-102
-3
86
-131
7
0
-2
47
-155
15
-20
-125
-4
-6
-320
-10
39
-11
16
0
-10
1
1
2
-5
70
25
4
1
-366
-6
129
-41
14
0
5
18
23
34
5
0
0
-62
3
951
12
25
-2
-1
1
107
6
-25
0
-5
-62
-1
-1
-57
79
-1
-7
0
9
-17
-63
0
1
0
-2
143
-11
-1
-88
-6
6
3
-947
-2
2
27
1
-124
0
-3
-3
1
1
47
-3
0
3
39
1
-6
1223
-3
-8
1
53
-143
29
-1
500
-3
-16
-1
10
72
455
17
9
1
-4
-48
-61
-247
-45
0
-23
1430
23
-9
-3
-173
2
8
4
0
-40
-2
-38
-47
131
246
-5
-319
1
102
1
19
0
81
-403
50
-3
2
-9
1
-20
0
9
-4
-2
445
-1
13
0
179
-3
-651
4
19
18
0
5
18
-8
-310
-5
-30
-11
-1
1
-3
4
18
10
8
17
-341
1
79
1
0
0
310
3
-5
-1
-16
18
244
-6
-67
-1
-3
0
40
699
-1
41
-1
0
4
8
5
2856
2
-1
-1
56
27
-3
1
-63
0
82
7
-7
-5
0
0
1
3
386
0
-1
-10
3
5
-16
-10
7
1
-1
36
-1
-26
3
4
-30
-187
-99
-45
3
-1
-5
-64
-1
0
-56
-41
-25
1
-16
-4
2
0
1
118
4
-1
3
-3
-3
-4
1
2
-16
-5
-2
-10
4
0
5
-112
66
105
-28
17
330
11
5
-20
31
16
6
2
-16
-10
56
3
-9
2
21
9
2
1
-27
60
10
-120
-19
230
-1
-4
11
-9
0
23
0
41
-13
4
-18
1
0
2
0
35
1
1
-15
0
0
-80
-2
-8
-138
3
-2
1
8
23
11
353
14
47
-12
412
0
-99
-179
58
1
0
-14
-997
0
-21
72
-41
24
-9
0
23
0
-23
0
-22
-9
-21
1
1
-1
0
1
0
0
125
0
-478
11
-105
1
-3
9
3
-3
-3
15
0
-2
0
-7
-11
2
162
1
123
0
-1
1
0
2
0
43
-1
-3
166
459
-11
-9
7
-82
42
1
1
0
-76
0
-1
1
-113
824
4
-72
-8
0
-4
1
-23
-1
-3
-2
5
51
0
5
-16
0
487
-24
11
-9
-11
-29
-81
0
-1
-73
55
-10
-30
0
916
164
-34
0
-9
-6
0
-2
-6
-38
3
131
-7
12
-15
-16
-13
33
1
0
-27
10
-1
-4
-43
0
10
9
15
40
14
-7
-90
-49
1
411
8
18
0
5
-18
231
141
2
-33
27
-51
-120
39
7
157
-75
37
-10
2
23
-3
0
2557
0
13
1
-8
1
10
-5
2
-24
-24
0
-2
-1
1
-4
-38
0
-3
-1
7115
-3
315
-18
121
0
107
0
-1
-17
64
-1
40
-58
6
189
12
620
2
-302
-151
0
-32
0
-5
-37
-16
-20
0
0
454
-2
-1
13
-28
-8
-5
30
-155
426
45
-56
2
0
-87
34
-18
30
0
1
2
-125
-6
-188
70
-2
17
-17
1
334
-3
-1319
1
1
-32
-93
0
-29
-5
-333
101
17
24
-37
-9
-58
-107
-1027
0
-32
20
6
8
-1
-23
-545
-13
0
0
-1
33
0
0
1
4
-7
42
0
9
-18
69
2
1
51
-30
-181
1
-4
-12
-46
-654
26
-2492
14
44
0
-16
-2
4
7
-3
-2
-3
-25
19
49
133
5
-9
35
0
10
-40
-2
-10
8866
34
0
3
0
67
0
0
-580
9
16
-1
-6
89
58
6
-445
5
-2
-17
2
1
2
111
7
47
-3
-355
-6
-19
2
-5
-439
-76
194
0
0
1
364
6
3
2
0
2
-5
-1
22
5
-5
1
344
82
38
1
341
0
-3
2
-35
3
0
1
38
679
2
364
10
19
0
-1
-6
-12
2
-6
-45
4
-2
-1
6
-2
-33
7
3
47
0
-1
0
-158
32
17
1
-2
0
2
1
-49
28
-14
-3
21
-2
-1
211
-1
7
-24
-187
3
-1
53
-1
-3
0
-14
877
-14
-22
216
-38
183
174
-3
-5
3
-10
116
-153
20
-4
-2
63
-12
10
-217
10
-2
-38
0
2
6
-19
-974
-76
-45
242
3
-19
4
-1
153
-7
0
-34
192
-43
28
18
-8
0
-1
-130
-4
0
0
-5
3
-1
4
-3
-1
0
0
11
-4
0
-112
-12
-2
112
310
2
-32
0
0
165
0
-35
25
92
0
0
11
-179
0
-2
0
178
200
1
48
-212
1
-1
2
-434
-17
-3
-3
14
0
4
3
9
1
-2
13
-2
4
-7
6
-121
2
-286
15
-3
6
27
-4
16
25
1
-68
-3
0
-1
5
10
-12
0
-3
-1
15
5
-20
110
17
-4
0
-13
11
58
-4
1
0
10
24
-20
-43
-3
-1
-1
-21
12
0
0
9
118
-2
-1
43
0
-4
3
-78
2
1
0
-2
2
-79
-1
0
0
-1
218
-13
154
1
-142
56
32
0
-3
6
0
-67
-2
5
-32
67
35
105
11
66
2
-10
2
-12
-4
-28
3
4
-4
-7
57
8
-11
557
-1
1
5
-8
0
-31
-15
-412
1
1639
0
-1
157
-5
-7
-6
-1177
-9
-12
-26
47
-20
-7
16
-1
0
0
6
72
116
315
-997
-13
-14
-61
1
44
-83
-37
-61
-3
-145
4
0
24
-204
126
-74
10
-165
-49
2
0
0
-2
-126
-1
-6
180
-75
-1
-2
-27
-2
-306
-7
-75
-303
65
4
-179
10
2
-383
0
-26
1
1
-172
-2
0
-569
-1
-1
33
7
1
1
7
-1
12
2
246
0
-4
-1185
-33
-34
-4
122
2
-35
1
1
435
-4
-1
6
-112
0
22
262
-2
-2
7
16
1
-17
-467
7
25
42
11
45
-1
25
0
2
-507
-7
-40
0
-1
-20
8
10
-157
-452
-94
4
34
-1
-101
13
-23
15
-103
-20
-113
-1
285
0
8
-334
59
-19
-47
0
1
-6
-7
481
2
142
6
-4
-6
7
22
-12
449
7
10
1
-269
0
11
3
2
131
0
52
1
0
-61
-7
53
26
524
-3
0
3
-2
-25
0
267
-10
33
-1
343
0
-2
-1969
-3
-150
-15
-7157
2
5
12
-76
0
2
0
1
10
15
178
-2348
0
-19
-176
1
-16
-387
-37
75
-7
6
0
2
-1
-20
0
11
49
-1
0
246
-61
0
12
0
-31
-621
-790
7
23
-24
0
14
1
-83
57
-44
32
26
3
7
35
-28
157
6
3
-1261
-10
-3
314
-43
9
335
-10
-36
3
-6
1
289
-356
-4
1
11
-271
-49
0
31
-1
-3
-15
-8
47
32
18
-14
-18
-22
18
-128
-636
7
-2
1
6
0
-4
0
-2
8
63
0
-10
42
-16
60
26
205
0
-3
-1
0
-3
-6
3
73
-19
410
-5
-429
0
44
-844
45
0
28
19
-27
-1068
3
0
-2
4
40
3
-3
-78
0
-2
1
-98
7623
-5
-97
12
-388
-8
-1
-3
-2
6
-10
14
1
-95
-12
-11
-1
15
-16
77
-6
3
3
-1
-1
-6
-2
25
-3
7
-12
0
-35
0
-1
1
12
-5
-142
-1
20
-1
-14
-87
12
18251
-1
-114
10
-3
17
-78
3
3
-6
4
-9
0
-1294
0
-1
-102
-3
-2283
-484
0
1
68
-194
124
-10
1
0
-4
-28
220
-2
411
-4
2
-3
-3
-90
-276
-12
7
0
254
-18
10
6
0
16
-20
-3
5
-43
-198
-60
12
36
1
171
101
8
-4
6
-67
1
2
-17
-133
4
16
2
3
1
4
-40
-3
4
37
-7
1
3
3
-1459
7
-175
2
94
-23
545
8
10
10193
0
-35
3
-77
-16
5
659
-1
-2
-169
-1
-1
102
-1
-2
-7
-11
0
32
0
48
-1
33
-8
0
-178
1
15
-3
-34
8
3
-8
22
-9436
-1368
155
-3
1025
4
63
1
6
12
1075
7
0
9
-2
2
117
-1
1
-1
-3
99
-1
-5
48
3
0
22
1
-8
-730
1
191
1
-86
-16
23
32
3337
-7
4
9
-4
-9
27
0
-62
0
0
-17
-3
16
-3
6
18
5
0
-503
-3
52
183
48
-44
-11
-961
-2
-12
1926
-3
-201
-1
276
-172
-257
10053
128
0
-10
2621
-6
-54
0
547
-1
5
77
479
-8
72
4121
-83
-114
80
-28
0
-35
-4
-83
0
-192
-4
-79
0
292
-24
25
13
-13
0
0
50
10
-44
-5
3
5
-6
-175
-14
-3
230
-3
-3
1
114
-98
-71
178
-1
15
0
-7
1
252
15
2
126
6
-1
4
2
132
-14
3
0
-346
155
608
-1
-1
1828
-2
35
1559
72
7
-20
0
1
-1
-9
-8
-7
-5
1
-606
71
382
2
49
-19
3
-8
6
66
-16
-50
8
-1
7
2
24
-1
-61
-10
6
-4
-2049
1
600
1
-8
-20
-1
0
2
1
221
0
-196
-1
-7
-1
2
1121
-280
6
-679
-210
180
10
535
-10
0
-1
17
12
-91
-18
101
3
1
1
-2
296
-92
8
-5
0
122
0
-6
3
4
-175
17
5
0
45
-92
0
0
-1
23
-23
-1
-1
42
6
-3
-176
1
6
-89
68
-23
105
52
-1
-90
5
177
6
2
12
-55
0
-18
1
5
-1
0
-230
-174
-2
1
523
13
1
4
-3564
2
-202
0
86
-1
-63
33
-33
3
0
0
-1
-80
-1
6
2
619
-361
314
2
5
-164
-5
-395
391
-1
8
6
430
2
-4
-4
0
16
-15
-74
-170
573
-5
260
-42
-233
14
36
59
-956
-2
132
-399
-5
-8
0
0
-5
10
0
394
40
-1
-19
0
-25
0
5
0
18
-124
4
-4
-4
0
241
-6
-19
0
-36
3
-166
1
-24
-2
-8
1
1
5
103
24
4
-109
1
-13
116
1
0
10
4
-28
-832
-28
6
23
-161
-11
-5
-3
1
38
1
0
-3
2
0
12
33
1
-410
-2
-11
-2
3
-22
2
-670
182
-183
-77
-75
39
0
261
15
0
-3
-34
-8
403
52
0
-2
-21
2
-15
-3
-4
-6
-8
-18
0
-52
-22
2
-52
-547
11
52
3
111
5
-24
-6
8
-226
-18
-150
-43
0
-14
-227
-217
0
-61
62
-477
31
-1
166
316
5
-1
2
-1
-1
-2
-26
-327
-7
-38
10
22
-17
6
2
-9
61
12
16
26
-6
-16
23
-1
16
123
0
7
-10
-13
26
-191
-70
-20
45
-7
-349
0
-44
-174
30
-950
2
-1
0
-7
1
-809
-14
0
-64
48
71
-1
-19
8
10
15
-4
15
1
1117
7
-288
-5
0
4
2
-2
1
-4
1
-9
-10
-429
-19
7
5
83
16
-1
-22
-7
-19
11
1
40
0
-11
-34
-27
8
108
-281
18
3
-4
-2
-12
-43
0
11
0
32
27
37
708
2
-13
0
-10
-9
-15
1
7
6
-24
18
44
-1
42
0
22
-71
-8
88
-3
-2
0
-1
0
0
2
28
255
2
-3
203
1
67
42
2
2
1
-11
-30
5
3
158
-1
3
-10
-32
0
1
-14
6
-484
13
-226
201
7
-15
-2
128
245
-3
2
-63
-10
3
1
0
-1
0
0
185
162
-142
140
-15
-14
-16
6
17
-17
-34
12
-27
-1
13
-1
3
199
3
-1
2
7
16
-1
-18
101
1
-96
406
-1
-427
24
0
8
-3
-15
-1
-89
-6
4
-15
0
170
64
5
3
4
-3
-147
100
-696
4
-669
-826
32
-167
-61
8
58
7001
-1
-48
12
1
232
45
-10
-2
34
10
27
1
0
17
6
-1
78
1094
254
-3
175
2
104
13
400
-3
0
3
0
-1
1
-2
-1
107
0
1
49
6
282
-26
9
11
5
2
-8
-13
-155
0
0
5
-179
-43
-161
-15
-5
16
-1
0
0
2
-18
-1
5
0
2
840
-89
4
-7
-12
-14
0
-2
124
6
221
-6
53
-1
18
4
3
0
2
-263
288
-147
-2
-1572
8
-47
-495
-5
2
1
13
1
-2
961
-17
69
-6
327
-23
-1
-2
0
64
5
-4
-282
119
-14
-167
1
42
-97
-32
-13
7
2
65
0
0
0
-2
34
56
694
0
0
2
5
-1
-26
-9
-145
1
-4
-1
-172
18
-9
-17
-215
2
3
-1
40
43
22
-104
-28
-17
11
0
-5
2
-1
14
-31
-2
-34
0
-1
4
-152
3
16
0
6
1
-3
9
-257
-20
-21
73
188
15
0
5
17
1
3
12
5
-32
88
133
66
7
9
-145
-11
3
0
60
3
30
-59
0
-27
18
6
-1
-2
-1
295
-61
-36
14
-2
-1
-266
-1
-4
0
-2
-328
3
-6
-107
1
1
974
1
-8
-40
1
-30
-339
2
0
1
33
-5
5
13
-352
15
-3
184
-9
65
-71
-5
-5
6
87
10
6
-11
2
-20
-8
-4
5
7
0
-471
-266
52
14
-2
-200
2
7
-8
46
3
208
-19
-284
-1
-160
-16
6
0
-3
0
0
-12
-2
10
-7
5
57
164
-26
34
-62
-59
16
0
0
-10
69
-3
-180
-4
0
-5
37
-479
1
11
-1
7
520
2
-51
702
2
-1
9
-5
0
-218
-1741
1
-20
-1
6
10
-16
-14
-12
4
3
-38
136
4
25
22
0
-13
-3
-79
2
-24
0
1
0
-2
6
-111
-14
2
0
-32
29
-5
0
223
0
2
28
-2
-98
-101
3
-1
208
43
1
0
-5
-4
-9
4
-5
2
-4
1
-41
10
51
0
-21
-2388
0
-157
5
-224
1
0
0
-4
85
1
-44
35
-1
-36
457
-3
-1
-27
-27
1
1
-60
-4
-5
0
0
10
7
1
4
-1
27
-4
-1
11
63
-1
45
-15
10
1
-1
44
333
5
-1
-24
-84
1
1
1
-1
-3
1
6
52
-46
22
61
16
6
-2
-25
1
-54
-1
-3
-60
2
17
385
-1
58
2
-1
165
-6
0
229
4
-10
-146
286
-9
-37
20
108
11
46
14
1
20
-7
-544
576
-14
2
-2
9
-40
28
-1
5
-65
-14
2
-2
-8
176
0
-19
0
92
-3
15
-2
-1
-9
1
-1
1
97
1
-4
114
-61
-13
-746
36
2
27
-26
-134
0
5
-33
-20
-25
-11
3
566
204
-3
-61
-18
-1
0
14
12
-46
44
11
1
1
13
-188
108
36
8
-101
-4
9
18
-42
4
-9
11
0
8
-2
-68
62
-2
-5
1
4
130
1
17
-2
-15
-289
0
0
7
10
-238
-25
-22
-7
0
258
88
1
0
54
48
70
116
0
1
-617
-1
120
-109
-65
50
16
-14
-6
0
-3
104
21
-2
-285
-1
-3
6
63
-2
1006
-12
-92
1
-1
-5
26
14
12
-42
10
-6
-1
381
1
-13
46
-791
-2
2
7
-1
4
20
-77
2
272
23
10
0
-2
33
-1
0
-5
575
0
6
-23
-5
-109
-1
-1689
84
88
-25
8
-11
-10
-13
-6
-23
-182
29
5
0
0
3
-4
-13
3
-189
0
-2
0
85
0
-2
0
39
-4
2
-1
-52
151
-4
119
1
1
-1
0
-4
-11
-92
0
1
-609
1
-2
-1705
42
13
1
3
826
-7
7
-30
-13
5
10
-9
0
0
0
53
0
28
4
-10
-1
105
10
-103
14
0
3
-21
1
-5
-1
2
-5
-2
-479
1
0
0
0
437
2
-1
-1160
-4
58
-260
-2
-19
-177
-214
10
-343
-2
-2204
6
7
6
41
0
-16
-1333
-210
-2
-3
4
-32
6
5
-9
-7
-9
-26
1
-121
8
9
0
-13
-3439
1
-2
134
-35
-35
-5
-6
-5
0
-31
105
0
3
8
-14
5
27
-15
0
11
5
0
2
-48
58
46
-93
-10
-186
3
3
-3
34
-28
25
8
6
-20
2284
9
-1
7
0
419
-5
31
-9
24
-5
364
-14
0
-38
26
1
-104
2
-10
0
2
30
76
0
-37
-1
8
-3
0
384
-4
-9
0
11
-26
-17
-14
-352
-4
12
-43
12
4
22
-12
-4
-21
23
-46
130
31
22
-4
78
-3
-64
-1
-178
216
-28
42
-5
2
123
-3
5
0
-9
0
-78
13
-409
81
1
119
334
2
1
12
-2
-122
-2
-5
-83
-7
1
0
6
80
1
285
-5
8
21
-152
0
2
-12
-7
0
7
1
16
2
-3
-2
3
8
-4
-1
17
-376
-140
-27
122
7
-79
0
-21
-9
69
-3
-61
3
-44
-1296
-2
-8590
0
-518
-7
17
-12
-2
0
1
8
327
-2
-14
69
-212
0
6
1
2
2
3
11
-1
36
-3
-7
29
0
0
599
0
-4
188
152
-5
0
-79
-7
14
-3
94
-21
-8
-2
-1
1
-9
0
0
2
-44
0
0
-3
0
-39
-5
-2686
0
0
-2
-26
0
27
-1
2
160
2
14
-148
-1
-1
-13
2
259
-4
2
1
174
-1
-13
-17
-5
-27
7
172
-16
0
5
-15
2
1
-5
77
-4
-1
0
-313
0
-52
21
-1
-10
-19
-3
-10
58
18
2
-173
-33
62
-1
5
0
-73
-14
17
0
18
237
-6
4
-202
-7
7
-73
6
-6
-3
-561
1
-3
0
68
-134
10
45
34
-21
33
69
60
0
1
-176
-14
1
-5
246
-5
-2
-16
-216
-6
155
8
-11
-3
-4
10
-427
1
4
3
11
11
49
-4
127
1
1
48
111
146
2
-9
-12
-534
5
1132
1
13
2
-11
7
-521
11
0
12
19
2
0
-1
-211
-40
-1
-44
0
1
-82
-1
501
-4
-7
0
5
1
25
-34
387
2
-838
-13
-25
45
1240
4
0
0
4
7
0
50
-40
-67
0
2
251
0
-1171
233
5
-8
44
109
1
1
-1290
-30
-112
-17
-3
24
58
166
15
-1
0
-8
-28
165
41
157
1
5
78
-15
-1
0
0
0
4
0
9
5
-444
138
-33
2
-19
383
-1
-21
2
68
-7
2
-5
-3
0
19
-286
75
-1
-14
-207
-1
-48
-582
10
-1
1
-1
-18
39
-76
0
-7
144
5
0
1
1
0
-449
109
-363
2
-29
3
0
-28
-655
-5
2
3
-7
101
405
-1
0
155
16
-1
-11
-1
-237
150
-1
-125
36
-11
-22
4
1
-4
34
-26
0
1
66
1
638
0
908
-35
-1
1
12
4
38
-5
-4
2
-22
5
-2
-38
-31
13
-1
-2
-3
2
0
13
7
28
2
-5
-18
-361
410
10
-3
12
-76
2
5
-102
-37
-5
27
-8
-1
1
-2
0
9
0
662
-34
23
13
-9
434
-9
-32
2
24
54
-159
4
-1
-7
-5
-15
171
-9
-162
0
0
123
3925
4
-15
1
45
-1
-1
17
-1
1
2
0
-3
-24
-60
9
-1
1
-14
-28
-5
-4
-1560
0
2
1
15
7
-3
1
-119
1
83
0
133
12
-34
1
4
2
195
-28
34
2
-1702
9
0
-31
55
-5
-10
-14
-12
0
7
5
219
36
0
-1
3
-2
-6
1
-120
1
-24
-60
2
-1
-10
155
19
294
-10
76
95
38
-14
19
-9
10
4
-3
-62
1
-8
-5
7
7
-223
1
3
-1
4
24
1
2
-15
-49
-7
-6
-56
7
8
1
0
-2
1
5
-2
-21
-96
-10
-8
-2
-32
-9
-7
1
9
-3
1
-121
2
35
0
-16
-33
-39
49
-56
0
92
1
-207
-69
1
-2
10
9
162
-4
4
-1
12
-29
-3
-50
-27
11
10
-9
-13
-4
-1
-9
-1
-5
-5
-2
-22
11
1
1
-155
-5
-4
1
-149
1
3
-1
52
-9
21
-3
122
-172
0
-3
-66
10
-2
41
-10
-4
9
7
-1
1
-3
-45
-191
7
805
-376
-5
-20
-2
-3
354
-10
-234
25
17
59
-46
-28
0
-6
-1
-1
37
-52
-423
2
10
3
-3
-112
85
-25
0
-70
3
0
2570
485
-9
-7
-52
4
-1559
2
-2
2
4
1
13
11
-6
-26
35
-1
118
2
-1
-13
363
5
16
-3
0
783
7
-7
-11
36
-41
3
5
871
165
-48
-54
-2
-13
-2
-3379
58
-1
-79
12
8
-13
-1
0
30
100
42
-2
60
-5
-227
-29
-3
1
17
0
0
-111
14
3
2
57
162
0
2
434
-4
154
-4
13
308
-4
-2
-5
0
8
57
-536
-5
7
-74
-14
-24
-987
6
197
-76
23
1
23
-20
93
10
1
36
-1
-114
2
1
-11
30
-61
-1457
7
-2
667
0
19
-12
-1
0
3
-1
3
-8
-7
-17
-376
2
-2
3
-8
-8
-7
232
180
2
0
-25
16
-117
-21
-5
-84
6
-64
42
-23
-4
-4
-1
-110
2
784
-43
8
1
-9
-12
0
-1
-26
2
0
93
0
-44
0
-80
0
-1
-1
2
-80
9
4
-2
-14
-1
-35
1
335
-11
0
21
8
-1
-30
35
-7
-16
2
8
4
-15
-2
-3
40
945
-1
1
-373
146
-12
34
101
-13
0
-357
1
-453
25
411
-768
19
-8
2
-70
-3
10
1
109
2
120
-2
71
-5
-55
-2
-1
-127
2
-7
2
2
-67
12
-58
11
-6
5
-12
164
-1
168
61
195
182
772
1
6
3
4
1
0
2
-1
3
2
-2
-10
2
-1
-2
0
19
41
-83
17
10
-1
129
-21
1
12
180
-9
-272
-101
8
-56
3343
1
33
-66
3
-1
1389
7
9
8
-1
4
-12
5
-87
-16
-19
21
12
-18
-77
0
-2
-2
-2
-98
0
27
-976
-8
-3
-2
-1
1
-2
-43
-25
-2
-4
0
2
-1
-13
-30
-42
99
2
0
3
-19
-23
28
3
-19
-26
0
74
-1
5008
3
1
9
-242
-474
0
33
424
-74
5
-5
-6
130
-5
124
26
0
25
-14
-20
-7
-18
-30
5
0
98
25
-15
29
28
-31
1
-1
0
-9
11
-127
1
-1
3
-87
5
0
-4
132
144
4
0
-33
0
6
-5
-2
30
-2
-19
-2
40
23
5
3
-1
0
-241
-2
-86
3
24
201
4
14
0
-8
0
1
-23
0
-11
-1
0
1
29
-194
-56
-7
-302
181
6
-1
-2
120
588
-11
-50
-1
-1239
17
14
-9
-116
-6
-255
7
1
-1
2673
-25
4
2
7
-33
2
2
-27
-13
21
715
-11
-9
63
52
5
14
118
-1
-177
-59
-109
-7
-48
15
3
-2
131
-26
-6
1
2
11
-121
-158
43
-4
1
-178
-1
1
0
-3
25
-1
25
1
33
-16
-8
-11
14
118
3
-53
2
-28
1
-31
-34
-529
-14
0
-13
1
85
-2
-5
4
-110
1
-4
-100
0
-1
-83
7
-17
-2
-25
-7
34
3
-1
525
1
17
1
13
1
-1
-5
-5
11
69
3
-3
1
17
919
-7
-13
-22
0
-34
2
-3
2
-19
82
-47
57
88
-27
3
-47
-48
-1
1
-11
85
1
71
-103
-92
4
-2
9
-216
-52
-91
-156
-2
0
12
-3
15
422
-3
-204
21
-11
6
-170
-332
0
0
-1
-63
5
-16
41
-12
6
3
-8
1
-2
-11
58
2
-184
1
2
1
-58
40
13
-14
18
4
0
0
-109
-187
0
12
-14
0
7
5
0
23
67
11
31
83
-14
10
-41
21
-4
-16
23
0
6
1
-4
18
183
0
-272
5
-1310
-4
53
6
43
-18
-124
66
318
-7
-2
1
27
3
66
4
-5
-7
24
-14
3
-5
4
2
0
-3
-13
27
-2
-247
-5
-258
24
78
1
97
-17
-14
1
4
-4
40
-2
1
-2
-10
-14
-111
-25
-3
-1
3
42
4
70
0
58
-198
-255
-254
-165
-8
-28
0
688
6
15
-18
1
-3
-5
2
0
-2
1
-1
1313
4
12
-6
1
-5
0
-100
-80
13
124
-34
-192
-6
6
3
-306
55
-23
0
0
0
-37
12
-270
-7
-20
-203
0
63
0
12
32
-1
-10
-3
1
2
14
-14
12
1382
-1
-24
45
26
5
-4
-34
1233
349
0
-22
-34
-404
-4
8
-5
1
1
17
3
-3
36
1
166
-36
-4
47
14
5
-11
-58
88
-68
-1
8
108
-42
16
-20
-14
1
21
279
14
-16
-1
14
-1
70
4
39
-29
0
7
4
0
0
-2
3
-22
-2
70
-9
62
-5
-3
-3
2
-11
9
-117
-4
0
39
17
-27
5
74
89
-170
-3
-8
0
11
2
-20
2
2
18
27
2
0
-1
0
-21
1022
202
3
-285
5
1
5
1
8
-168
-76
94
11
-90
-213
13
-6
0
-6
26
-30
81
-100
111
-19
-60
0
-5
-9
-3
-1
0
6
-2
2
1
0
-1
257
-9
210
-6
0
1
27
35
-24
6
0
232
1
-35
-2
6
4
-3
5
-6
-7
4
2
-24
-18
130
-22
-10
-7
0
9
-2
-256
0
6
1
0
-8
-554
1
-16
32
7
-5
-1290
129
2
864
3
-142
0
-1
23
8
0
11
3
0
0
30
-41
20
0
18
324
5
-9
-52
8
-3
-1
-24
231
-163
467
-1
-15
-35
-1121
-14
-20
-9
-74
8
5
-2
-7
5
115
-114
-61
-100
1
73
0
21
27
-29
11
179
0
17
1
-264
-28
9
0
-42
4
75
-5
2
1
-10
-6
-77
38
-1
-4
9
21
-49
4
-137
-1
-19
11
2
-297
5
-25
-17
-167
23
-9
-2
69
-19
-22
0
97
-110
107
-27
0
-4
37
-1
-8
-110
-129
-3
0
4
-12
5
5
-27
1
-353
141
-35
-10
41
-3
-212
-1
-1
-10
3
-16
-258
-69
-41
0
5
1
-265
0
-70
-10
12
-11
1
2
30
1
-174
6
-1
-78
-49
0
0
1
0
-10
120
0
10
0
79
-3
230
-1332
-35
202
6
-16
-1
3
-4
0
-5
-1
-2
9
310
4
552
50
12
-53
20
2
-6
12
4
1
-57
3
-33
-62
32
-7
6
-20
-14
-226
0
-5
129
-11
-460
1
8
0
0
0
-52
-3
48
-33
-3
2
-1
1
7
0
11
0
109
411
-15
-4
-194
169
-109
-10
2
374
-1
382
-14
-48
-575
-727
108
0
-4
-601
0
-17
439
-1
90
32
16
-8
66
-3
4
13
-2
1
-568
-449
20
1
-6
2
37
1
5
336
3
-53
8
-2
-7
2
2
11
12
0
65
141
0
-3
11
-357
-6
-1
310
-47
-237
-5
-35
-28
-62
-4
-32
0
33
-1
-2
10
-2
-458
-15
231
-5
-8
696
-2
0
0
1
1
4
-2
11
399
696
-1
548
29
-252
-75
-6
-315
-9
-74
2
-903
3
-7
-953
887
0
-15
66
-14
1
76
-4
0
-537
-1
1473
-5
-195
0
-7
-13
-12
2
-136
251
-83
3
-6
25
35
2
-1
-28
-1
127
2
43
2
-2
169
-110
-176
11
-9
0
0
-70
-1
2
204
-36
3
8
1
128
23
80
-50
-9
12
-23
-5
-1
172
-10
-923
-462
8
-5
-16
-420
-223
4
-41
6
-1
-72
73
-71
-112
-1
4
-2
0
1
-51
0
0
6
-71
2
-62
-2
1
2
12
-4
9
0
282
-8
2
-17
14
5
55
-1
-16
1
202
-5
-175
36
5
0
60
0
0
-157
2
5
-50
52
-1
8
0
-20
12
5
-187
33
16
0
-3
-13
15
-39
-1
15
-1
75
-21
167
21
-32
42
41
4
131
-6
0
-231
0
-631
-1
0
-5
-44
-11
-1
4559
-1
125
-9
0
-2
6
12
1
19
0
3
-190
-2
-7
-20
11
-1
37
-96
4
5
17
-11
-1
-6
2
-16
7
0
-4
3
0
4
1
69
5
-17
-468
6
-17
-1
2
-167
-2
452
70
-14
-486
5
0
65
-4
-2
5418
19
5
-90
3
13
-66
-6
8
2
13
-6
1
183
-10
1
-7
19
58
-144
0
139
-464
313
-1
-13
17
385
10
-34
-1
-31
-62
-1
-75
-70
-30
0
1277
0
4
-5
-43
-6
2
-468
178
41
-28
-8
0
-263
2
0
-92
-4
10
327
-1
-43
-82
-8
-862
255
0
-33
-1
-8
176
-35
317
1
-6
-1
77
-37
1
-13
-427
-4
81
20
-2
1610
130
67
0
0
17
-35
8
-104
0
202
-4
4
-148
-9
0
3
90
6
-193
0
-7
1
24
36
-275
-45
26
308
2
-3
-349
-6
7
22
-200
-8
-198
202
-1
0
44
0
-4
6
-5
0
1
52
25
-8
0
17
-1
17
178
19
1
40
28
-149
-2
255
2
-1
1
-4
60
-1
-7
-3
33
162
-9
3
76
-29
1
-416
-453
-4
-11
-7
101
1
-1
-1
1
13
2368
0
1
-1
282
-7
-5
1
-1
2
1
9
-18
10
0
12
-27
-10
-52
1
-1
-6
25
1
-3
19
-1
-29
-285
329
-9
-1
-13
-11
32
7
13883
-76
-1
-10
7
31
0
-3
1405
-1
-2
-29
-8
-66
-2
-2
8
1
-4
7580
0
-1
1
-33
-21
-2
76
-1
0
-1
3
35
4
1
12
-211
-40
63
62
32
-169
30
-418
-32
-1
320
78
0
1252
-33
-32
1
-19
1
50
1276
-7
239
2119
14
263
-14
2
-98
2
29
38
-234
1
12
-20
-36
628
-36
18
0
-359
4
-20
2
6
5
-24
3
-194
-19
159
-397
-848
-1
19
-11
-21
-23
20
-2
9
3
2
13
16
24
7
110
-49
0
-3
11
-134
-5
-16
13
2771
-174
7
-5
59
-155
255
-2
129
0
-5
88
-3
-10
4
4304
26
-1
-5
-147
-17
2
-359
211
4
-1
-17
10
1
-2
-5
-19
1
1
-167
20
-51
-417
3
11
1
-10
-24
-14
87
28
5
1
9
118
-294
-1
-3
1
3
0
11
-290
1
0
-1
-3
1463
-16
9650
-39
-130
-2
-2
0
-5940
150
25
-12
0
-7
-2
6
-83
0
-27
5
-24
-32
-37
-2
-32
164
25
0
26
0
1
-2
1
8
0
6
4
16
-13
0
-115
5
48
-100
-10
-51
-13
-20
3
-7
-54
-165
18
94
-840
25
0
-6
74
1
-191
-361
-2
32
70
-1
1
-2
-2
-5
-60
38
-3
0
-4
-2
-15
5
1
10
0
152
-8
-92
2
449
20
39
-132
0
-1
35
11
28
8
1
23
-88
1
-76
232
24
-9
-7
2
-1
0
-1
-475
-10
1
3
7
-2
4
-41
-2
38
-66
7
16
1
153
-94
-3
-77
-89
264
-2
-49
15
-18
-1
-23
-1
41
-84
-1663
-16
168
2
0
-70
-95
0
-9
3
-2
-2
7988
66
-113
-9
0
-5
-7
-5
-3
-142
13
-11
11
-1
132
61
-2
0
167
2
2
-16
0
-34
7
9
18
5
-7
178
102
-17
3
12
13
-7
-3
5
30
1
949
-160
3
-8
3
-21
1
2
-13
0
2
-11
25
-2
2
-9
191
0
-1215
17
101
272
-33
3
0
-3
1
-16
-6
-2
0
-366
2
-7
5
45
0
48
-69
-60
190
-70
0
-3
-35
2
148
0
-30
-7
-10
0
-1
1
-130
168
-20
16
-62
-16
2
-42
1
-34
57
-2
-3
20
725
40
29
-4
24
0
62
-113
-84
10
1
7
-3
-27
0
-1
264
54
-2
-1
-51
-1
3
202
-3
-26
47
-7
12
-20
-1
0
-2
-105
-20
-635
-1
-14
1
8
-5
1
4
1
-5
4
-2
-5
8
6
7
1
9
188
-79
-1
9
-5
0
0
0
-80
7
-71
-13
1
265
3
17
-829
75
-1
4
-283
0
97
-36
9
-15
-3
-3
13
-12
1
0
-34
11
-17
12
-16
58
18
786
218
-1
5
12
-15
25
8
-1
-12
0
-1
1
155
74
-5
14
8
13
-6
7
21
-9
-16
-63
-306
25
0
17
2
-165
90
-2
-29
-26
0
8
0
-23
-100
-4
-3
-7
2
-5
29
-151
-186
0
-1
341
-1
4
-3
-117
-83
-11
-34
-1
-3
86
139
6
95
-1
-83
-70
0
-1
1
0
-4
-120
-414
0
7
-1
-53
-31
-1
1
-10
-2
4
10
0
-2
2
0
136
0
1
8
-6
0
79
0
1064
0
-130
1
-62
-10
10
-8
2
6298
-9
178
-2
48
9
-16
88
22
-482
12
185
-3
-3
5
-135
-25
-1
12
-62
1690
102
2
-27
-446
850
1
0
-10
1
-24
-12
-78
-2
-90
984
25
-18
8
-41
20
-92
-350
49
23
8
12
244
-17
21
-31
-6
320
-39
-1
34
1
33
84
50
0
-51
-1
5409
14
-124
8
-18
-26
-5
-17
0
0
123
-12
3
-125
-41
-2
-126
0
1
1
34
296
15
0
-1
46
32
0
-30
4
200
1
36
-17
3
1
-4
2
5
16
-1
5
-5
15
32
-19
6
0
14
-1
0
-17
-858
-84
-8
-2
11
0
-25
94
0
-1
-174
7
0
10
-2
34
-25
-2
-1054
0
7
4
7
338
43
-7
-4
-40
-28
-71
1
-41
-79
22
30
7
14
-3
10
12
-110
3
13
-108
-36
1
1
0
-1
248
0
-157
-2
-11
-90
-1
10
94
-26
-11
9
15
32
18
1
43
2
-134
36
10
19
-39
-331
39
3
-25
0
-3
-178
10064
2
6
-24
11
-1
-18
0
-1
7
-27
-4
-29
-1
-1
2590
-4
36
0
1
43
-1
1
0
4
117
-36
1
-695
-5
97
-76
286
-2
1
2
1
-6
-115
-2
-10
-5
-41
1
-103
-5
-1
-10
13
0
4
-376
-1
34
-10
4
-73
38
-6
-12
296
0
-397
-10
-1
11
14
-1
12
22
212
2
-60
-46
31
-16
-26
-14
-6
0
30
3
50
-14
-14
6
-63
0
-503
-38
-2
-14
-3
-5
204
2
17
733
-11
55
-36
-7
-13
-1
-2
-3
40
18
17
-52
2
0
-4
-43
403
-32
6
72
-71
1
0
-4
43
-20
-22
2
-133
-4
2
-2
8
-5
-9
7
-1
38
1058
28
-1
-31
-6
-106
-2
36
2
0
-58
-6
23
-121
27
58
-1
103
3
-10
-7
-16
-234
21
-29
1
3
-179
-17
-38
-1
-3
1
47
12
7860
-94
3
-1
25
-13
1
-6
-6
150
10
0
1
0
-8
-31
3
11
0
-18
8
319
-6
-1
17
-34
23
1
121
151
-4
20
-1
13
-132
2
-1
1
26
-1
69
0
-139
109
268
6
0
-54
-176
-120
244
0
37
5
0
8
0
0
-126
1
-206
-13
2
-67
-85
5
2
-3
0
30
8
-37
-65
40
-82
-4
30
-34
-49
5
14
0
17
757
9
1
1
0
0
-4
155
20
-600
3
0
10
-1
44
0
-153
-47
3
95
3
0
-1
-1
13
-30
20
-65
0
31
148
-55
-18
-23
-1
-107
-164
1
1
-2
29
-1
45
-15
0
-103
-16
-1
0
3
3
40
0
73
25
0
-33
12
-1
-3
23
1
4
2
15
12
1
-2143
1
-1
19
-17
-14
0
-6
-79
633
0
-3
-410
-28
95
-1
-1
42
20
2270
27
-81
9
-29
74
8
2
264
-47
3
-6
86
-3
-14
-8
2
-2
249
13
0
-5
10
-9
68
3
-316
252
193
-4
0
-3
60
-11
-4
-11
30
164
5
-1
-4
0
1
0
0
7
-337
4
0
-23
13
0
6
38
3
3
18
3
-2
6
0
-5
418
78
-5
-650
-2
3
-93
-56
0
20
1
0
1
-45
-5
-2
36
-3
13
13
2
-1
3
-13
178
4
0
-27
-3
1
-273
-153
2
-4
10
61
0
27
-12
-3
-16
244
34
-3
12
-13
1
-48
-17
-32
-8
0
17
12
1
35
-173
-21
299
-51
1475
1
10
3
1
0
0
6
0
0
-8
2
611
136
-266
10
32
13
-450
2
-3
0
-1
2
8
0
-319
8
-1
1
99
-74
0
-12
0
3
-19
-99
-84
-4
17
35
4
107
-3
2
445
2
1
1
0
402
-1
0
2
-3
-6
-4
-1
-1433
9
-354
-78
-8
1
63
-1
-123
0
4
-38
-34
0
19
2
-186
-7
-1
-402
-11
11
2
21
-25
-64
163
-10
-8
16
1
-68
39
-44
57
-24
6
-4
0
3787
95
-24
-117
-12
-8
-141
-236
-255
0
6
-206
-27
-15
93
-8
2
-767
2
1
-2
-210
-3
-1
99
-1
29
-14
217
21
71
-69
-8
-5
-18
-4
2
-1
4
-1
-15
5
-60
-4
-2
43
-69
49
-453
3
-2
-14
-18
-10
-1
-14
-6
11
-31
-11
322
-4011
1495
2
1
31
7
6
2
-391
47
2
0
-2
1
216
6
57
2
-19
7
6
-74
4
52
-7
6
177
-4
-25
-2
-177
0
1
-40
-2
-10
8
-49
-8
-5
1
1
0
-5
1
394
-16
-7
2
-1
-4
176
355
-2
37
-13
-8
5
-11
-1
-17
1
0
0
1
-87
11
0
0
-2
11
32
14
-244
-7
-27
10
-6
-7
-7
-34
71
3
83
-11
-10
-231
-9
75
2
0
-98
0
-275
99
0
-28
19
1
0
6
0
7
1
5
22
9
-14
64
-1
-108
2
0
-12
0
7
-2
29
-92
7
-83
-18
-5
0
154
-367
0
-7
-17
-5
-12
59
46
21
-26
170
1
-4
216
-310
0
0
-1
43
-1
-32
-55
6
5
-182
-21
1126
-24
1
139
7
1
-1
1
-41
16
10
7
-66
1
9
374
-12
-6238
5
0
9
-12
0
-19
4
77
7
2
234
-9
-1
0
-12
-190
-8
-9
1
-8
-2
-3
-2
148
10
12
19
15
0
20
66
63
117
12
-3
-1
3
3
0
-12
-329
-234
0
0
-2
0
-41
-197
-2
-2
-1
-14
-47
-3
1
13
-3
-225
1
1
0
1054
12
-413
2
2
-244
1
388
-196
-2
-1
-315
7
-2
14
682
18
-1
-5
1
13
0
-9
144
-33
18
1
5
-5
-7
-8
-298
1
-35
1
-9
-5
-10
-2
55
0
1
4
72
0
-4
-3
-16
0
150
2
62
110
0
-1
-565
1
2
-1
0
15
54
17
1
-47
387
-6716
2
3
0
-14
-4
1
0
13
0
-33
-27
91
-4
0
-18
2
2
0
19
-82
-1
10
2
-4
-437
-1
-8
12
-5
2
-3
-69
45
-1
66
15
0
97
3
-11
-1
20
-1
4
6
63
3
-1
4
1
-3
-2
-2
-25
2
-65
91
-21
-79
0
-2801
-8
-1
-30
0
-99
-46
-10
125
1
0
3
-3
49
70
-35
-74
0
0
-191
108
2
32
-193
-46
82
3
36
12
-271
-5
12
0
2
-36
-5
6
0
2
211
0
4
-76
32
70
-1
3
2
-14
-1
76
-277
2
6
-12
0
30
-1
-56
-1
18
191
-699
48
7
10
15
349
-5795
0
-4
7
-59
-3
34
5
-1
-2510
6
3
-14
-24
7
178
-1
4
-40
17
-1
-325
2
2
0
-1
-293
-2
-5
-181
-24
4
642
2
67
-1
-14
0
-2
26
6
5
23
0
20
-2
1
-7
15
38
-46
64
-2
4
-9
4
4
0
-29
-20
427
16
-383
-6
-3
31
8
-1
1
3
-991
240
2
-28
9
158
9
0
-191
-4
1
1
-22
2
7
8
-427
7
-38
2
-1
0
7
-14
-1
0
-15
1
-14
23
-286
5
4
-3
-292
-4
-7
-130
-4
-61
63
8
-3
-50
3
-3
1
-7
-2
-5
-10
-4
143
16
-198
-1
-1
1
8558
1
4
-51
-107
34
-1008
-2
-10
1
0
-11
-7
-58
134
-22
1
-5
1
15
75
-11
-2
1
-212
-39
-26
3
0
-18
-14
-1
304
-6
2
-6
167
0
58
-6
-3
-47
-14
6
-37
5
-19
-116
1
61
8
-505
0
18
4
3
-44
6
0
1
-1
-11
-93
1
0
-2
5
4
-80
0
0
8
3
49
1
201
2
-214
-47
-36
-12
141
-8
-90
2
4
-3
-21
-309
-5
-290
0
-6
8072
-3
87
3
-1
-53
35
1
-2
-31
1
-14
-783
18
-2
24
-2
-135
-36
-3
196
4
-1901
11
-21
-1
10
145
-23
-57
-21
2
0
2
-2
389
-38
0
0
13
251
-1
-4
-65
-201
-11
12
-317
6
-7
-1
-21
2
2
-143
-1
-51
1
11
0
3
4
-64
28
9
-2
0
-64
4
-11
-48
2
0
-11
-763
0
24
1
-6
5
2
6
1
435
18
1
-62
29
-1
32
43
-167
16
18
2
-292
4
15
620
0
-23
76
-17
-11
46
-17
0
-1
-97
459
0
1
2
-5
0
30
2
-119
10
-23
-1
-1
-11
-7
4
-3
-3
-5
-3
-29
-37
-508
-3
-5
110
7
-1
-14
-57
1
32
11
12
55
17
187
0
5
712
0
33
-7
1
-3
-9
-6
2
4
-113
-227
-6
27
26
66
11
-4
45
0
1
399
-1206
-147
4
1
720
-2472
-61
2
7
826
136
-25
83
-1
1
0
4
29
4
-1
-3
-13
0
3
-2
2
-30
3
103
-6
0
-233
-1
1
76
14
1
22
85
-42
17
-594
1
-7
0
305
168
182
137
10
217
-30
0
-61
125
-1
-1
300
72
1
99
1
-27
-4
439
18
5
-5
191
78
-452
0
-9
6
-14
-2
1
29
13
0
-1
-4
0
10
432
0
-1
177
-9
3
-13
0
-15
3
-5
-2
-4
-5
1
26
3
-86
-3
-117
-2
0
5
18
1954
2
-7
1
0
-2
27
-203
1
174
20
-83
29
235
237
-3
-3
-752
1
-98
-4
1
-2
1
0
12
-751
-4
-2
-2
-99
83
-3
0
-1
33
1
-12
1
2407
0
38
-7
11
18
-20
15
-2
101
-4
-770
35
10
-3
4
-115
-3
7
-24
0
10
3
21
-1049
-175
35
4
