2101
1646
3157
4491
6653
8732
3546
1951
1889
2319
2083
2452
3038
3227
1376
1947
1548
1962
3262
2429
2522
1932
2334
2814
3158
2588
4029
2058
1368
3177
1179
2336
9261
2242
1870
3899
2897
2677
6179
2367
4684
2373
3129
5758
4507
5684
2346
1714
1759
2840
3473
3950
1809
2800
1316
1449
2785
2479
2574
17735
2876
3368
1053
2277
2306
4051
2338
3008
15479
11741
1585
1550
1625
4375
2658
1545
1325
1274
1419
1844
2521
1677
5723
1689
1766
1356
4142
3219
1897
1537
1911
1483
1557
2229
3456
2171
2039
2110
5240
3542
4863
2127
1711
3073
4588
2666
2513
2496
3292
2766
2451
17684
4925
2400
2076
18036
1474
2303
6317
1657
1119
2333
1898
5402
2141
2003
10201
5630
3848
2357
2942
1891
1075
1236
17412
2367
2981
3820
4082
3093
4540
4227
2946
2287
2938
5486
1509
3224
7087
2182
2210
2199
1342
4617
2547
1967
4816
4502
12948
2036
3554
4294
8181
3046
2699
1970
7932
2129
3880
1807
2143
1457
1349
1494
3740
2697
2877
3216
5358
4250
1537
1614
2917
3251
1559
5298
2119
1719
5452
15699
7378
1669
4154
1218
1545
1298
3094
1659
2340
3630
1666
1893
5861
2489
5235
1566
2226
2826
8486
1508
3038
1522
1787
14375
3718
3595
1599
3877
3133
4092
2435
2361
1904
2393
2840
2056
2187
1597
1586
4958
4943
2140
2709
20543
1388
2838
3610
35265
2509
3724
2973
4745
2485
1393
3972
1844
2462
3451
2026
2074
1242
2894
2742
5719
2008
4569
1861
1239
2077
16300
1829
5504
2391
2138
1523
2250
2126
1325
1438
5093
4430
10099
3830
1768
2208
6334
1746
5666
2004
1593
5602
1863
1532
1867
2734
4176
1636
2640
1993
11444
2103
3532
1834
3110
1568
3798
6536
1846
3394
11210
2281
5903
1548
5668
24084
8999
2306
3854
1448
3835
1488
3426
3531
1648
2897
2294
2205
1835
4074
2930
4630
3078
2122
3534
7405
3267
2929
2839
3320
2811
1688
12435
5102
3370
2050
3437
3707
3541
1759
6569
3138
2612
2662
1321
3905
6362
2211
16469
1929
3007
2817
4655
2780
1261
6208
3249
2447
6499
10774
1732
3475
3522
2845
3352
2351
2068
1699
4935
1868
1861
7801
14746
1203
2273
5159
5254
2208
2235
3315
2329
10651
7194
2787
8341
1793
2360
1133
1993
2277
3063
1811
6147
13412
1508
5578
2716
2517
1846
3491
1098
2868
1832
2737
5214
3342
1710
1764
1820
1099
3470
3018
3251
4376
2620
5634
1015
2070
1021
1706
4402
5814
8515
3459
2325
1093
2737
1567
3889
6540
8578
2877
3144
3777
6260
2059
2619
6260
1632
2501
1576
1668
3254
6777
4146
1528
2059
2295
1451
4272
3480
1708
3745
1377
3148
3066
1325
9836
3081
2292
1843
1580
3747
4239
1350
5918
4039
3114
5207
5201
3940
3454
3129
1723
4368
2005
5296
4311
5768
1823
2562
4154
1590
1391
2002
6189
2099
2619
2219
1635
1367
1825
2119
2102
1146
1780
4302
2990
1336
1976
2097
1908
4705
2171
1314
1620
2063
2097
8278
6349
2692
1700
1795
3648
2750
1309
1189
1913
4437
1411
2048
1966
2738
2216
3445
2931
2803
4314
10338
11893
2331
2408
2174
3742
3507
5360
10393
3615
1652
2550
1424
6938
5014
1593
4230
1971
3058
110836
1916
3622
1065
1878
3274
19814
2337
1935
2045
9212
4244
7483
2268
3205
2915
2052
1681
1582
6138
1356
1830
1309
12132
2443
4933
2599
1265
1567
2219
1643
1588
2177
2589
1673
4341
1161
3730
6186
5868
4133
13759
1192
4911
2457
3284
3495
2876
2663
1516
2455
2398
3881
41957
3144
1903
2763
1844
2342
2287
1588
1340
2112
5994
1543
1532
2259
3684
2131
3242
5329
4502
2637
1568
4134
2587
3431
3150
2409
8523
2988
2781
2157
2195
3972
3224
1961
4660
1333
1263
3151
4106
2564
2332
7072
10229
8164
1426
4360
3097
1810
4097
1692
3995
1283
3832
3910
2580
2588
2976
3622
2546
3936
2203
2401
4432
1268
2174
1790
4768
2562
1744
1180
3152
5536
2198
4409
2899
2035
3175
3572
5002
5489
2089
1639
2198
2382
2121
2532
2509
4512
2503
2196
3144
3369
4592
1251
2206
2383
2855
4396
1809
1460
6064
1788
2137
1184
4495
10419
4241
3899
2613
3072
1608
2133
3029
1346
4736
4868
7168
4738
1362
5516
2096
8338
1435
1753
2066
2010
4880
2260
3265
1387
3215
21286
1512
3104
3298
3175
2343
4609
2102
2629
1135
6071
3574
1945
4087
7088
2257
2534
2586
3139
4895
7016
3483
1412
9970
1347
1765
1780
2890
1880
6706
2639
3057
1900
2736
2398
1287
4734
1898
1365
3547
2560
6327
1595
11901
1863
1963
4991
4071
3095
2763
1535
1790
2738
2138
2306
3316
3617
1884
2520
3257
3910
11104
2112
5194
4925
1864
2091
3566
3955
2294
1811
1566
2443
2210
3637
3283
3544
2258
3247
2247
4254
4858
2370
1980
1975
2621
2067
2042
6865
12331
1725
3051
2234
3273
4123
3114
6072
2792
2321
10866
2554
2572
8809
1887
1905
5273
1718
13985
16363
11909
1948
1780
2967
1324
1759
1262
2312
21017
60098
2147
3110
2197
7090
2317
10210
6992
3753
1292
2168
2721
3281
2145
2132
1090
2000
1263
1395
1593
2638
7617
3735
3185
1653
1838
1889
1453
2617
3734
2241
4444
1771
12443
2128
4807
2433
1418
7925
3337
3086
3208
2356
1570
7365
2695
2687
4509
1627
3018
7491
3194
3339
2242
2198
2089
1925
2341
1492
1276
3154
5325
5167
1224
6138
3863
3599
1376
1442
1709
1493
6487
2199
1072
1836
3508
1871
5172
1614
5574
2896
3871
1462
2032
2238
2233
5263
2233
6678
2233
2172
1234
4866
3214
4246
2768
2167
1362
7524
2832
4483
2040
3299
2419
3090
2610
4173
1137
2212
2774
2947
53883
8199
820
2100
2835
2097
7447
1599
4558
5301
2007
1948
1773
2061
2293
3331
2196
1714
2505
3442
1397
6659
2308
10621
2369
2397
2565
3331
2012
2022
3618
2319
2709
2042
3011
5695
1802
3095
2936
4672
6602
2276
1371
1882
3230
1950
3440
1559
5233
2107
1395
11018
3355
1893
2964
3060
2318
1617
1796
1887
4368
3190
10188
1973
2644
5137
2074
1371
5546
5845
3289
2027
3021
2862
2612
1380
1858
1960
4886
11062
3767
4633
2932
1607
1881
2698
2837
6566
1687
2103
1263
2355
4869
14685
2612
6549
7020
2425
2349
2699
4051
1961
15098
4074
1939
2798
1524
2577
2287
2687
12736
2632
1514
3830
3455
1613
2361
3756
2703
1566
5643
2053
1599
9156
6005
1967
2618
1137
1786
4801
2026
2220
7987
2856
8854
3057
6880
5137
3751
2194
1913
3265
3918
3523
2480
2451
2131
5132
1950
1987
1773
4265
1878
1501
1648
1912
2184
10008
1876
4409
1906
1945
3623
1600
4007
3117
1385
1162
1237
1695
2814
4324
3022
1921
6192
2406
2702
1846
1784
5875
3784
2102
3499
1527
5764
1805
10661
2892
1170
1888
3165
2311
4482
3344
2207
6329
2408
1384
1859
2449
2688
3726
1723
1800
1020
4117
3567
4538
2816
1342
3728
1076
2981
1565
16986
2874
3569
2280
1654
1392
1943
2170
1431
3498
3824
2648
893
1768
2103
2103
1222
1414
2061
4862
2601
4812
5809
4971
2295
3007
2472
1773
2864
3131
1370
2786
2084
3044
1899
9253
4415
1932
4653
2281
2056
2552
2486
2724
9236
1563
21569
3477
6454
4394
2720
2477
1794
3171
11468
2942
2205
4587
2133
1468
5877
5119
3900
2616
2843
1457
3632
3373
3269
6744
2391
4413
5451
5837
1273
4806
2498
3769
3833
11538
1936
1817
1382
5001
1517
4762
7158
2319
1848
4167
5725
7514
2374
2171
7949
3663
3539
1838
3825
2105
14473
2855
1263
3220
2014
1313
3967
1117
3636
4924
1886
3018
2189
3714
2038
2593
2641
3641
4031
1839
2098
3702
3108
3812
1653
7633
4200
5316
3117
1126
5424
2118
2682
1542
1675
5021
2013
1902
3309
1263
1895
1235
1459
1919
4845
1321
1312
1621
2507
16152
5675
4853
9841
1655
2745
3070
1950
1735
1948
16604
1169
2295
3587
2057
1395
1530
1609
2124
4617
3584
3796
2449
1785
2953
1883
4372
8061
4707
3885
3408
4046
1905
2766
2666
2183
6781
1825
3211
2115
1978
2600
1847
1711
6100
6452
5988
1894
3549
2862
1781
1613
1838
4588
2371
5221
1775
2931
2175
2793
2589
4628
4378
4137
1229
5456
2241
4570
3324
4448
6105
2254
3677
2326
5467
1950
12387
2889
1997
964
1834
2224
2318
4017
4606
6751
2397
1629
1316
1921
1479
7419
1974
4447
1770
4509
8350
2775
8060
2301
2834
1807
4193
6131
1910
5076
5218
2281
3223
4307
3659
4148
9854
1412
1979
1892
1903
3146
3758
2827
7388
1618
2623
1443
2066
2198
7051
1993
3937
2425
2892
4832
3381
2054
1897
1313
7782
1961
6106
1460
10352
11034
7450
1890
1535
2511
2494
1562
3720
4674
1954
1895
4809
2138
3448
2109
3419
4659
3121
1145
3272
1048
5581
1349
4107
2629
5561
3033
2868
2734
7343
1482
3925
2431
6332
1137
3691
4613
5038
1179
2871
4725
2546
8805
7369
1998
3897
3271
7799
2192
2822
2122
1864
18207
3109
1770
3203
3326
2609
2769
8714
1034
1116
1466
5048
2749
4275
9046
2020
2646
1869
3057
1961
1953
2062
4414
3375
2621
5212
1208
2071
3363
2998
1301
1054
1440
1226
3041
2166
1548
2328
3354
2161
2589
2067
7775
2167
2233
3235
1655
1932
4050
2491
1988
4540
1693
4348
1447
8112
1705
3944
1165
3428
1885
2094
1713
3761
1415
1813
3549
3335
1830
2168
3168
1566
2626
3000
1524
1335
4856
3777
3460
4905
1662
1136
18131
2166
4072
2741
1686
7789
7565
3271
2500
2835
2516
1033
1032
5646
3893
5490
3687
6232
2132
2365
1778
4276
1991
3888
3180
865
1785
2738
3282
2302
2701
1394
2684
1678
4135
4431
20159
2834
6994
1621
2019
1166
1439
3100
8877
1429
2453
1661
2636
3009
5635
4330
2112
2638
8704
3173
2694
4583
15544
3478
2401
2669
1419
1565
1102
3489
2830
8239
1158
2387
1544
4222
5825
1191
4238
2769
2626
2982
8398
2783
12306
3743
1295
1660
1256
1693
1983
4040
3784
7210
2166
1686
5217
2994
3918
3957
3778
4160
2746
2739
6001
1340
3524
2924
1287
4753
2019
1848
1214
1722
2243
2434
2128
13672
2002
3745
2646
2161
3041
2079
12876
5630
11209
4104
3202
2317
5112
2561
8056
3076
4346
2606
1645
1696
1620
5059
2223
1990
2972
2393
3155
14162
2567
3869
1459
3496
1923
1231
1887
3624
9358
3720
2059
2760
9054
2009
4996
3204
2681
10294
2778
3434
2015
5076
1055
1502
2783
3205
3261
6061
6811
2353
2298
6440
8240
1244
2772
2228
6953
3323
2558
2718
1098
4313
4806
2350
1293
1925
4702
4835
2797
7158
3264
2239
3748
1682
3378
1853
8062
1749
956
2250
6216
1786
2101
2561
2412
8331
2751
2101
2612
2006
6089
4003
3913
6916
2688
3398
1977
2207
1895
1583
4909
3499
4033
4288
2645
3808
1706
1214
1602
1390
3440
1462
3025
5529
3281
9482
4832
6272
3272
3167
2431
3256
6401
1996
1865
2646
3089
2494
1990
2115
3469
2891
2350
1893
1870
2577
2576
3765
3344
14828
20686
4169
5586
6112
2241
2424
3487
1711
3563
2421
2059
2912
2925
1611
1392
1146
5783
1907
3390
3266
1765
2756
3414
3105
12348
1308
4603
3119
1452
3002
2168
2735
2131
2200
4951
1810
3605
1692
6389
10470
4490
1947
1944
3115
3797
2621
8071
1884
12360
1652
6742
2759
3858
1979
5476
1927
3903
1809
1154
3424
1845
21707
1411
2398
1675
1990
2053
1081
1777
1734
2714
2724
4479
2831
3821
1347
1962
10037
2385
2780
4829
9038
1759
2808
2177
1236
3357
2344
2963
2098
6221
2997
2853
1844
3438
1828
2501
1200
2938
5879
2525
13637
4421
2187
6856
3309
3051
4446
1482
1580
10410
4375
1786
2497
2723
4576
4719
2657
4427
1192
4960
2247
1907
2916
2525
5716
1816
1318
5314
1710
20886
1946
1514
1457
2718
1538
1862
3454
1213
1201
3639
1694
1988
1182
4322
2754
3963
1187
2141
4194
4276
2127
3688
3308
1782
3719
4085
6104
3370
4440
1286
1175
11620
3337
2910
1473
1770
1765
1647
1996
3504
4060
1735
1426
1929
2210
1626
2609
2041
1375
1943
1390
3833
1395
2045
3789
1897
3618
7544
2269
3170
3954
897
2826
3064
2101
12281
5411
2161
1159
4946
1723
5848
2259
1860
4010
8591
1858
5936
2041
1054
2613
775
2369
1710
2211
5773
3315
2345
3154
25428
3414
3704
1677
3705
2615
2025
1610
3749
4101
1450
1589
2878
2682
3429
4223
1049
9226
1784
2486
9158
2872
2354
1396
1488
1605
2181
5854
2048
12654
2887
1539
2897
1649
3049
1574
1795
4522
3363
4518
3265
2169
4328
2758
2328
2232
1562
2810
1469
5052
1482
2065
1985
2055
4400
6859
4143
1269
2776
5536
4142
3144
2387
2537
2056
3272
7577
2464
1680
1946
1550
2700
2843
3597
8030
1977
1861
1710
2788
11399
4770
3961
10575
4055
4664
2277
2375
4888
5637
3848
4725
3024
3394
1552
5686
1553
1690
1615
3165
4636
2327
1250
1705
3095
2626
1456
2953
8438
1967
5984
3189
1734
2765
8778
1517
3836
3708
2595
2346
2520
1472
3350
2620
2360
1587
6225
3176
5084
2815
2132
4049
3449
1147
3640
1800
4312
3866
2473
4446
5671
4061
4086
2935
5366
1772
2251
1391
10831
8168
6450
1685
1332
3684
3456
5809
11510
1835
1774
2937
3881
6327
1265
2181
4168
3839
2682
3693
2996
1812
2676
4053
4968
1576
1381
4808
1088
4314
2934
2466
5925
2508
4153
2609
10156
1945
2097
2626
4169
2386
2153
2714
4025
2835
5964
2993
3739
2682
3619
1853
3544
4417
5185
2276
1879
5010
4178
1803
4471
10679
3538
1972
3018
1814
1382
1893
1917
1763
2662
1421
2084
1477
1238
3207
3615
2045
1468
3865
2335
2802
1942
4507
1627
4082
1299
2525
4305
2069
2060
3594
2619
2899
1744
3490
3562
2321
2102
2382
1464
1894
2011
9693
1580
3006
5601
4454
2659
3915
5105
1628
4671
6597
1221
1726
3830
2828
2665
8941
1440
3076
2280
4667
4069
1379
2743
5717
1682
2231
3605
2344
2722
2616
2100
1735
2151
1808
6430
2263
3934
1228
2095
15707
11467
1951
1207
3270
2521
11342
4555
4236
4847
1613
2304
2766
1860
15311
3324
4720
2553
1527
1600
5576
1413
2239
1212
1743
3861
1230
3381
3001
2283
19569
5842
4287
3352
1730
11231
1887
6429
2200
3292
3012
1951
3617
2602
5185
2261
1998
5288
1528
1636
2297
3467
2500
1543
2766
2662
1784
2573
13435
2858
1993
1547
3166
3144
3684
4069
1989
1745
1584
3165
1755
3627
4807
1905
1789
1842
2893
6993
1307
3206
1338
7292
1807
2969
1615
1686
2273
2606
3414
4401
5041
3147
1850
2532
2683
4817
1845
2437
2553
1638
1547
3367
1339
2552
1967
6085
2287
2193
3320
1136
3117
1806
1828
1743
3951
2991
4194
2784
1472
2049
1455
2493
1490
1229
2073
1990
3599
1567
14754
3831
3153
2464
1985
8647
1927
3359
9290
1927
2300
1833
2584
2974
2400
2594
1389
2400
4209
17024
4868
1490
1074
4608
18312
1969
1222
5962
2380
13137
7754
2023
1385
2586
1253
6446
3047
8687
2297
1283
6406
3037
4212
1307
2176
1311
3305
1172
1334
3828
1584
1653
2373
4574
2212
2223
1211
2553
5793
3562
4988
2489
8354
3632
1625
3874
12975
3114
6263
2338
2806
2216
1471
1699
8843
3495
5358
2814
3737
3080
12291
2035
2182
895
3468
2634
3459
1864
4431
1711
11092
7630
1954
1287
4295
3630
3506
3472
4577
1773
3001
10252
2989
3085
28105
10651
2893
10345
975
3341
2562
3622
1001
3677
1907
6006
1918
1520
1212
5031
2563
4190
3826
6901
3112
4694
1932
3315
1374
1043
1654
2993
3894
4607
1215
1805
1770
3353
2093
3521
3098
3637
2082
6231
6171
3200
3683
8596
2233
2317
2932
1967
3689
1909
10190
2647
3625
1395
5985
4098
1907
12665
2357
2680
1436
2117
1388
3548
10262
3910
3349
13618
7956
8238
2056
2633
2569
2941
2021
3935
1562
3009
2928
2693
1814
4504
928
2279
5352
1236
2745
3146
1740
2034
10224
3918
3306
2105
2369
6257
8714
5138
1315
4367
4266
6676
2422
1324
1359
2468
1995
3782
1641
4252
1891
2954
2431
10980
4210
3146
1160
2518
2095
11440
9736
2334
2910
1818
12456
4154
2581
4805
3314
2182
1934
2066
1222
14824
2348
4124
3683
20050
2516
1025
3912
2551
1070
1891
3726
2597
1371
2016
2911
3860
5588
1835
2759
3988
4149
3231
2069
2662
2761
3179
1947
8268
2727
3347
3053
2736
5265
1742
3239
5931
2743
2600
1231
13865
1362
1354
2092
8184
2450
4798
1574
13935
9628
3498
3740
2819
2129
1455
1780
7006
2178
5374
4250
2073
2953
3465
4247
5495
7584
7317
2104
2994
1752
1189
1685
3598
1490
3288
2060
3108
6785
14433
1106
8552
4006
5058
3723
1394
1477
4564
1462
1720
5566
2056
4328
1721
3322
1627
7601
2900
1788
2184
2527
1145
44058
6728
1654
12652
1448
1716
2025
1169
3412
2302
1667
2016
1329
3271
1306
2305
1406
3575
3497
1540
1917
2526
4884
4950
2004
6475
6114
2373
3313
7542
1877
2203
5248
3681
1996
1622
4775
7534
1893
2056
1684
1589
6013
3564
1740
1883
1982
1577
1482
5504
3463
3512
1854
2252
1745
3540
1709
3668
3079
5086
2081
2721
2429
4471
8900
1462
2608
1634
2563
4161
3597
3963
2335
2325
6102
1354
2103
2764
2410
1684
2507
3329
1860
4116
2607
2355
2054
1338
3028
2234
2586
2825
4445
2182
4119
2470
2702
1720
1038
3305
1627
1967
4003
3546
2132
1732
1594
2143
4561
2891
4859
2347
4263
4084
2719
3907
5511
3461
4016
17817
2027
3939
7386
1574
2401
2895
4823
1811
5997
3269
2715
8327
1301
1579
2843
1978
16550
2142
5549
3579
1947
3257
1313
1017
1967
4653
1982
1773
5429
1613
5813
1931
2266
1868
2067
3464
2263
1438
1986
1493
1902
2856
2292
5413
21748
1404
2293
1158
1292
2714
2432
44087
1278
4075
1583
4036
4406
1397
3616
1702
3771
2858
1903
1787
2293
1374
2458
9884
1787
2822
4778
1542
1355
3073
3029
2647
2219
3740
1806
4044
2733
4651
8532
2279
2391
13816
2353
2960
13205
2134
4602
5105
2313
1458
2397
2063
1578
1832
1160
2122
3821
6980
2178
4059
5774
2415
2321
1687
6285
1905
2363
15181
1684
1487
1394
1893
2798
2834
4653
2208
1133
1627
2534
2960
2070
5495
1605
2013
7048
4248
1150
1430
1932
2109
1531
4071
2262
2257
3064
3032
5224
5669
1474
4234
2291
4854
1132
11824
1279
2200
2583
3326
1747
2192
1368
2821
3225
7259
2595
1929
4511
3401
5335
4609
2465
3434
4529
1913
2367
1493
1564
1560
2217
2624
2609
3450
2571
20211
1418
1695
7195
3090
3147
2800
2478
5821
2654
6946
2387
16182
2429
2177
5666
2197
3342
1984
2481
2049
3830
1515
1603
4580
2885
1178
1681
1564
2746
5070
3444
2223
3494
5101
4992
3368
1494
2842
1393
2049
1501
3461
2905
2472
4241
3834
1934
1350
7445
3677
2171
1372
1902
2776
1080
2218
1782
4772
2761
1218
8907
3091
2172
3279
1759
2107
4081
1147
2865
1974
1812
4364
2615
2817
6025
3998
1333
2417
2400
2746
1657
2480
5573
1339
2750
955
1277
4218
3115
3308
3027
2964
958
3939
1806
1122
1626
4186
3272
2556
1315
1692
2285
8061
3745
2715
1545
2181
1972
1533
3626
1610
2395
9215
4815
6881
2570
1442
3094
3114
2316
8366
3369
5838
2120
2664
2792
1900
7178
2029
2678
8364
4661
1831
2068
2896
2582
2097
1051
3156
2786
3751
2561
1730
1586
1218
2834
4007
1598
4345
1654
5757
1761
1609
15003
1498
15088
18221
2040
3141
3922
6430
2683
1798
4268
3569
3749
1213
1151
3810
4137
4748
2733
1060
2730
2898
2664
5316
3337
5429
1219
3486
2129
2182
2637
2880
14455
1556
2620
3625
3593
2253
5637
2965
1508
4470
2071
5780
4211
2480
3347
1172
2299
2048
2950
4297
2805
1580
2241
2319
1764
4931
3272
2832
1757
3313
2957
1950
2712
2741
2830
1944
2506
1660
1567
1584
1852
3192
7248
1641
2754
2741
4407
2604
1438
1490
1716
2616
1851
2575
4609
2748
1561
6122
2799
1271
1490
1139
1709
1955
1618
1317
6861
1829
3211
3588
1241
6493
1376
4618
1501
2584
3241
2442
1162
3011
1361
8064
2744
1691
3149
1642
2790
1675
1846
2356
1257
1587
3783
4128
1415
1492
3859
2583
2716
3758
1809
3534
2751
4255
2832
1933
1434
6451
3780
2417
1722
1592
2294
2506
13198
2859
1150
1517
1770
1462
12365
2043
2881
1603
1772
2885
2901
8321
7397
2463
9322
2080
1523
2003
5811
2490
1317
2955
1536
1994
2115
2000
6785
1197
7025
7681
1765
2024
2306
2893
4716
2132
14680
7545
1529
3788
3397
4459
2432
1869
1593
6816
6645
2874
2179
1707
2361
2715
1794
1645
9009
2314
1755
3936
2902
7921
4385
3122
9532
3184
2141
1867
3373
2215
2068
2491
2650
9435
2788
1606
3869
3782
2445
2745
1627
1532
3678
2716
7513
1786
1307
47394
4436
2760
1523
2885
7668
1715
1662
3997
12860
5846
1691
2868
1540
2509
1591
3389
4866
3062
2205
1350
1922
1300
2830
2322
4858
2224
2336
3466
5127
3275
3804
7197
1275
3395
2094
2254
1826
2976
6052
1865
3858
2114
1734
2046
1763
2364
1548
2099
20106
13386
2832
3761
3233
2305
2068
1673
1731
1466
2833
10756
1975
2874
1463
1087
2907
3267
1773
3513
3644
2634
2554
3427
1476
2471
1567
1798
1389
4537
2516
2788
1257
4260
1792
2020
3212
1476
1546
1479
1810
2453
10382
13606
1471
2486
1745
2129
3468
2322
8773
5526
2801
4486
1773
1661
3287
29034
3372
8338
2676
1914
5265
4001
2653
21738
1930
1915
2583
3362
7024
1507
2946
2453
5630
1536
2763
3057
2120
4074
6655
5310
1637
2338
2801
1558
939
4271
3425
5468
2616
3657
1118
2921
2359
1390
3541
3644
2017
2770
2085
2060
2705
2717
11768
9021
1984
4611
2356
1979
1848
6945
1570
2161
2165
1823
4619
3129
5143
6951
10696
1584
2984
1934
1447
2908
5592
1736
3303
2381
2106
2606
2146
2562
9303
2633
1644
2003
3121
2644
1457
1095
2564
2427
2938
5153
3448
1912
8086
1216
3002
5961
2255
4083
3585
1556
1402
2387
1606
1813
7423
6383
4098
1858
4636
2264
1346
2086
3650
3835
2839
9220
2258
972
1374
1439
1444
2435
1732
1438
3575
1362
1338
11224
17366
1828
5946
1119
3285
13794
3294
2229
1072
1748
4359
2970
1481
3323
8610
2533
2656
4714
5731
3697
3729
1560
3402
1808
2531
4779
2639
3226
4126
9562
2466
2312
2742
1662
1308
2591
2308
1204
2976
1601
1265
1980
3536
3073
11152
3589
2852
11703
1850
2080
4601
3255
4863
2964
2481
4928
1242
1635
2637
1104
3268
5741
14069
2631
3714
2509
5011
1732
1613
1996
1965
2906
1800
1292
2163
10577
1299
4108
2094
6997
4437
893
2460
2991
6365
2826
1952
1512
3634
2410
7149
3693
1832
3169
4470
3088
4329
6696
1823
1641
4008
1330
2350
2205
3444
3835
2000
2234
2498
1794
4717
1696
1246
1302
2206
5548
2238
1640
8739
4906
2810
26021
4953
1663
2893
2812
5391
1605
1479
7199
2363
2115
1984
1793
2585
3073
1207
8071
2906
2441
1884
4207
3082
1291
1361
1575
1040
4513
3574
6067
1798
968
7665
2958
4655
2021
2960
3382
1588
2886
3720
1558
2547
7447
1870
2170
1052
1756
1413
3452
2104
11344
1481
2203
4044
1355
2463
2030
1865
1325
12446
1508
10667
21810
3451
4013
2650
5442
6115
2440
2577
2812
2281
1822
4215
1284
1648
4115
2056
6853
1639
1826
2003
1101
2397
1768
4323
1156
1713
8397
2609
4144
2563
2599
1670
1781
4647
2565
2140
2890
3652
4302
1709
2249
1998
1219
1633
9874
2210
1952
4044
3135
1671
2716
7914
1975
7930
1712
1901
24795
3909
3945
1805
2050
1756
3729
5473
2740
3115
3130
3749
1385
3331
5941
1860
28428
11966
2863
1813
1544
2229
1358
4522
1448
3068
2682
1960
5479
1657
3842
7610
1382
17196
1639
4490
13185
1104
1524
6364
5657
3870
6668
2461
11411
1623
2911
3017
3227
2550
5227
3598
1557
9405
5601
2213
6161
2155
5364
1815
2638
2269
17089
3133
1846
3245
1895
3716
1372
5589
2519
6429
1437
3443
2745
7319
2215
2483
2419
2345
2147
7330
3966
1819
3537
1711
2048
3355
7402
18653
3497
2150
7226
5467
5132
4712
2143
4155
2924
1840
1147
2401
2184
1655
